92.647059 88.690476 91.071429 6 400 400 
94.117647 90.476190 92.857143 7 400 400 
92.647059 88.690476 91.071429 8 400 400 
89.705882 84.226190 87.500000 9 400 400 
91.176471 86.011905 89.285714 10 400 400 
91.176471 86.309524 89.285714 11 400 400 
92.647059 87.797619 91.071429 12 400 400 
89.705882 82.440476 87.500000 13 400 400 
89.705882 84.226190 87.500000 14 400 400 
88.235294 81.547619 85.714286 15 400 400 
91.176471 86.011905 89.285714 16 400 400 
92.647059 87.797619 91.071429 17 400 400 
91.176471 86.904762 89.285714 18 400 400 
92.647059 88.690476 91.071429 19 400 400 
88.235294 82.886905 85.714286 20 400 400 
91.176471 86.011905 89.285714 11 200 400 
91.176471 86.011905 89.285714 11 220 400 
92.647059 89.583333 91.071429 11 240 400 
92.647059 89.583333 91.071429 11 260 400 
94.117647 89.583333 92.857143 11 280 400 
91.176471 85.119048 89.285714 11 300 400 
91.176471 86.011905 89.285714 11 320 400 
91.176471 86.011905 89.285714 11 340 400 
92.647059 87.500000 91.071429 11 360 400 
91.176471 86.011905 89.285714 11 380 400 
91.176471 86.309524 89.285714 11 400 400 
94.117647 90.476190 92.857143 11 420 400 
91.176471 86.011905 89.285714 11 440 400 
92.647059 87.797619 91.071429 11 460 400 
92.647059 87.797619 91.071429 11 480 400 
91.176471 86.011905 89.285714 11 500 400 
92.647059 88.690476 91.071429 11 520 400 
91.176471 86.904762 89.285714 11 540 400 
92.647059 87.797619 91.071429 11 560 400 
94.117647 90.178571 92.857143 11 580 400 
94.117647 90.476190 92.857143 11 600 400 
92.647059 88.988095 91.071429 11 400 200 
92.647059 88.839286 91.071429 11 400 220 
92.647059 87.946429 91.071429 11 400 240 
94.117647 89.732143 92.857143 11 400 260 
91.176471 86.160714 89.285714 11 400 280 
92.647059 87.797619 91.071429 11 400 300 
92.647059 88.690476 91.071429 11 400 320 
91.176471 86.904762 89.285714 11 400 340 
94.117647 90.476190 92.857143 11 400 360 
94.117647 90.476190 92.857143 11 400 380 
91.176471 86.309524 89.285714 11 400 400 
92.647059 87.797619 91.071429 11 400 420 
89.705882 84.226190 87.500000 11 400 440 
92.647059 87.797619 91.071429 11 400 460 
91.176471 86.011905 89.285714 11 400 480 
89.705882 84.226190 87.500000 11 400 500 
89.705882 84.226190 87.500000 11 400 520 
92.647059 87.500000 91.071429 11 400 540 
94.117647 89.583333 92.857143 11 400 560 
92.647059 87.797619 91.071429 11 400 580 
92.647059 88.690476 91.071429 11 400 600 