-0.020558 -0.338090 2.344180
-0.026279 -0.286294 2.375920
-0.012965 -0.010441 2.364610
0.013010 0.205389 2.368620
-0.169053 -0.112294 2.343310
-0.232431 -0.344917 2.309230
-0.216762 -0.464857 2.131390
-0.205328 -0.479547 2.070040
0.157169 -0.129071 2.416340
0.181017 -0.333203 2.385700
0.179481 -0.323101 2.095700
0.172662 -0.320300 2.015590
-0.096979 -0.408051 2.319900
-0.182758 -0.538522 2.002630
-0.286396 -0.770973 2.107660
-0.208393 -0.776089 2.016030
0.052891 -0.419568 2.353850
0.176717 -0.508167 2.056010
0.200700 -0.752157 1.987010
0.164940 -0.830480 1.993950
-0.020526 -0.338069 2.344200
-0.026251 -0.286282 2.375960
-0.012914 -0.010442 2.364650
0.013074 0.205366 2.368610
-0.168996 -0.112266 2.343320
-0.232402 -0.344922 2.309230
-0.218361 -0.465760 2.131990
-0.205340 -0.479466 2.070170
0.157223 -0.129066 2.416380
0.181046 -0.333175 2.385630
0.179403 -0.323141 2.095650
0.172505 -0.320671 2.015460
-0.096969 -0.408026 2.319900
-0.182750 -0.538512 2.002650
-0.289419 -0.770954 2.111210
-0.210571 -0.775932 2.018610
0.052921 -0.419556 2.353860
0.176776 -0.508069 2.056010
0.200731 -0.752027 1.986990
0.165217 -0.830432 1.993960
-0.020496 -0.338048 2.344210
-0.026225 -0.286269 2.376000
-0.012864 -0.010446 2.364680
0.013131 0.205344 2.368590
-0.168939 -0.112239 2.343320
-0.232373 -0.344925 2.309230
-0.218648 -0.465838 2.132040
-0.205275 -0.479330 2.070170
0.157273 -0.129061 2.416410
0.181089 -0.333146 2.385580
0.179202 -0.323237 2.095610
0.172194 -0.321189 2.015310
-0.096960 -0.408001 2.319910
-0.182746 -0.538504 2.002660
-0.291439 -0.770978 2.113600
-0.212097 -0.775810 2.020320
0.052949 -0.419543 2.353880
0.176826 -0.507976 2.056020
0.200760 -0.751898 1.986980
0.165539 -0.830395 1.993950
-0.020472 -0.338028 2.344230
-0.026204 -0.286257 2.376040
-0.012819 -0.010450 2.364720
0.013176 0.205325 2.368580
-0.168886 -0.112214 2.343320
-0.232343 -0.344929 2.309230
-0.218953 -0.465928 2.132100
-0.205180 -0.479129 2.070200
0.157320 -0.129055 2.416430
0.181138 -0.333114 2.385520
0.178930 -0.323398 2.095560
0.171704 -0.321925 2.015090
-0.096956 -0.407980 2.319910
-0.182742 -0.538496 2.002670
-0.292924 -0.771002 2.115370
-0.213231 -0.775718 2.021620
0.052972 -0.419531 2.353890
0.176871 -0.507892 2.056030
0.200776 -0.751787 1.986990
0.165928 -0.830405 1.993900
-0.020448 -0.338008 2.344240
-0.026184 -0.286245 2.376070
-0.012774 -0.010450 2.364750
0.013220 0.205310 2.368560
-0.168836 -0.112190 2.343320
-0.232316 -0.344932 2.309230
-0.219370 -0.466065 2.132180
-0.205098 -0.478912 2.070280
0.157364 -0.129050 2.416460
0.181209 -0.333078 2.385460
0.178645 -0.323577 2.095520
0.171306 -0.322511 2.014950
-0.096951 -0.407957 2.319900
-0.182733 -0.538488 2.002700
-0.262661 -0.769916 2.078310
-0.191605 -0.776843 1.994710
0.052995 -0.419518 2.353900
0.176911 -0.507812 2.056030
0.200785 -0.751681 1.987000
0.166331 -0.830432 1.993830
-0.020420 -0.337986 2.344250
-0.026160 -0.286231 2.376110
-0.012725 -0.010447 2.364790
0.013262 0.205296 2.368540
-0.168789 -0.112167 2.343320
-0.232291 -0.344936 2.309230
-0.219836 -0.466283 2.132330
-0.205072 -0.478719 2.070470
0.157407 -0.129045 2.416480
0.181306 -0.333035 2.385380
0.178373 -0.323754 2.095470
0.171064 -0.322894 2.014880
-0.096943 -0.407934 2.319900
-0.182708 -0.538471 2.002750
-0.267606 -0.769688 2.084290
-0.195163 -0.776433 1.998530
0.053024 -0.419503 2.353920
0.176948 -0.507735 2.056040
0.200789 -0.751579 1.987020
0.166715 -0.830462 1.993750
-0.020387 -0.337966 2.344260
-0.026133 -0.286218 2.376150
-0.012675 -0.010442 2.364830
0.013301 0.205283 2.368530
-0.168737 -0.112147 2.343320
-0.232264 -0.344942 2.309230
-0.220079 -0.466373 2.132380
-0.205089 -0.478705 2.070540
0.157442 -0.129037 2.416500
0.181432 -0.332979 2.385300
0.178115 -0.323910 2.095430
0.170880 -0.323183 2.014830
-0.096925 -0.407914 2.319890
-0.182682 -0.538447 2.002790
-0.273478 -0.769633 2.091490
-0.199481 -0.776150 2.003760
0.053056 -0.419487 2.353930
0.176976 -0.507675 2.056040
0.200793 -0.751497 1.987030
0.166916 -0.830467 1.993720
-0.020353 -0.337945 2.344270
-0.026104 -0.286205 2.376190
-0.012621 -0.010433 2.364880
0.013332 0.205273 2.368520
-0.168688 -0.112129 2.343310
-0.232234 -0.344950 2.309230
-0.220349 -0.466489 2.132440
-0.206313 -0.480185 2.070930
0.157471 -0.129027 2.416520
0.181614 -0.332895 2.385200
0.177864 -0.324059 2.095380
0.170745 -0.323404 2.014800
-0.096905 -0.407894 2.319890
-0.182639 -0.538433 2.002850
-0.278175 -0.769637 2.097240
-0.203146 -0.775929 2.008320
0.053089 -0.419467 2.353940
0.177000 -0.507621 2.056050
0.200795 -0.751420 1.987050
0.167116 -0.830478 1.993680
-0.020316 -0.337924 2.344290
-0.026071 -0.286193 2.376240
-0.012567 -0.010428 2.364920
0.013364 0.205258 2.368510
-0.168643 -0.112112 2.343310
-0.232204 -0.344959 2.309220
-0.220481 -0.466522 2.132450
-0.207377 -0.481509 2.071170
0.157494 -0.129020 2.416530
0.181808 -0.332818 2.385100
0.177637 -0.324153 2.095340
0.170645 -0.323568 2.014790
-0.096880 -0.407874 2.319880
-0.182604 -0.538416 2.002890
-0.281721 -0.769708 2.101730
-0.206109 -0.775777 2.012100
0.053125 -0.419447 2.353950
0.177023 -0.507571 2.056050
0.200796 -0.751348 1.987060
0.167290 -0.830485 1.993670
-0.020292 -0.337908 2.344300
-0.026047 -0.286182 2.376280
-0.012513 -0.010423 2.364970
0.013392 0.205242 2.368490
-0.168597 -0.112091 2.343310
-0.232174 -0.344969 2.309220
-0.220538 -0.466473 2.132400
-0.207630 -0.481927 2.071230
0.157509 -0.129015 2.416530
0.181993 -0.332747 2.385000
0.177444 -0.324238 2.095290
0.170565 -0.323694 2.014780
-0.096860 -0.407852 2.319870
-0.182566 -0.538399 2.002930
-0.284042 -0.769763 2.104620
-0.208207 -0.775638 2.014540
0.053136 -0.419437 2.353960
0.177039 -0.507533 2.056050
0.200797 -0.751290 1.987080
0.167479 -0.830510 1.993620
-0.020264 -0.337895 2.344310
-0.026021 -0.286175 2.376330
-0.012465 -0.010419 2.365020
0.013416 0.205228 2.368480
-0.168555 -0.112070 2.343300
-0.232147 -0.344979 2.309210
-0.220627 -0.466484 2.132400
-0.207800 -0.482184 2.071300
0.157519 -0.129012 2.416540
0.182173 -0.332677 2.384890
0.177272 -0.324309 2.095250
0.170504 -0.323790 2.014780
-0.096824 -0.407838 2.319870
-0.182524 -0.538383 2.002980
-0.257265 -0.770104 2.071720
-0.190408 -0.776969 1.993710
0.053147 -0.419427 2.353970
0.177053 -0.507498 2.056050
0.200796 -0.751236 1.987090
0.167669 -0.830540 1.993570
-0.020236 -0.337883 2.344310
-0.025995 -0.286168 2.376370
-0.012428 -0.010415 2.365060
0.013438 0.205213 2.368460
-0.168518 -0.112050 2.343300
-0.232120 -0.344990 2.309200
-0.220770 -0.466507 2.132390
-0.207900 -0.482337 2.071350
0.157527 -0.129010 2.416540
0.182345 -0.332616 2.384800
0.177117 -0.324369 2.095220
0.170458 -0.323860 2.014790
-0.096780 -0.407825 2.319870
-0.182482 -0.538369 2.003020
-0.200147 -0.812720 1.997480
-0.164269 -0.841104 1.914280
0.053157 -0.419418 2.353970
0.177066 -0.507466 2.056050
0.200789 -0.751182 1.987110
0.167911 -0.830596 1.993470
-0.020208 -0.337872 2.344320
-0.025970 -0.286163 2.376420
-0.012400 -0.010410 2.365100
0.013454 0.205201 2.368450
-0.168482 -0.112029 2.343290
-0.232093 -0.345000 2.309200
-0.220792 -0.466490 2.132370
-0.207893 -0.482417 2.071350
0.157533 -0.129008 2.416540
0.182567 -0.332543 2.384700
0.176877 -0.324552 2.095180
0.170422 -0.323912 2.014790
-0.096730 -0.407814 2.319860
-0.182453 -0.538356 2.003050
-0.172370 -0.834160 1.961230
-0.151066 -0.875659 1.872220
0.053167 -0.419408 2.353970
0.177077 -0.507436 2.056050
0.200781 -0.751128 1.987130
0.168089 -0.830627 1.993390
-0.020181 -0.337861 2.344330
-0.025947 -0.286159 2.376470
-0.012376 -0.010404 2.365150
0.013468 0.205189 2.368440
-0.168449 -0.112007 2.343290
-0.232069 -0.345012 2.309190
-0.226362 -0.468870 2.134050
-0.230361 -0.504919 2.080250
0.157537 -0.129006 2.416540
0.182805 -0.332465 2.384580
0.176644 -0.324738 2.095120
0.170395 -0.323950 2.014800
-0.096681 -0.407803 2.319860
-0.182428 -0.538344 2.003070
-0.160312 -0.842955 1.945720
-0.145398 -0.889338 1.855250
0.053177 -0.419398 2.353980
0.177086 -0.507407 2.056040
0.200771 -0.751074 1.987140
0.168194 -0.830640 1.993360
-0.020159 -0.337854 2.344340
-0.025927 -0.286158 2.376510
-0.012356 -0.010399 2.365190
0.013480 0.205177 2.368420
-0.168420 -0.111989 2.343280
-0.232046 -0.345024 2.309180
-0.231135 -0.470861 2.135640
-0.247420 -0.518827 2.087110
0.157539 -0.129004 2.416540
0.183041 -0.332389 2.384450
0.176427 -0.324917 2.095050
0.170373 -0.323978 2.014800
-0.096639 -0.407796 2.319850
-0.182393 -0.538342 2.003090
-0.152378 -0.848644 1.935490
-0.141612 -0.898047 1.844230
0.053184 -0.419390 2.353980
0.177092 -0.507383 2.056040
0.200761 -0.751023 1.987160
0.168328 -0.830660 1.993310
-0.020136 -0.337847 2.344340
-0.025908 -0.286157 2.376560
-0.012339 -0.010393 2.365220
0.013490 0.205165 2.368410
-0.168397 -0.111972 2.343280
-0.232024 -0.345036 2.309170
-0.235441 -0.472822 2.137120
-0.252984 -0.523997 2.089410
0.157536 -0.129002 2.416540
0.183243 -0.332318 2.384370
0.176211 -0.325067 2.095020
0.170348 -0.323989 2.014810
-0.096594 -0.407789 2.319850
-0.182351 -0.538345 2.003110
-0.148662 -0.852065 1.930880
-0.139989 -0.903028 1.838790
0.053193 -0.419380 2.353980
0.177096 -0.507352 2.056040
0.200747 -0.750960 1.987180
0.168538 -0.830690 1.993210
-0.020096 -0.337837 2.344350
-0.025875 -0.286155 2.376610
-0.012320 -0.010388 2.365260
0.013499 0.205154 2.368400
-0.168380 -0.111957 2.343270
-0.232004 -0.345048 2.309160
-0.237477 -0.473837 2.137860
-0.256238 -0.527256 2.090810
0.157532 -0.128999 2.416540
0.186054 -0.331673 2.383250
0.176108 -0.325190 2.094770
0.164882 -0.286059 2.061240
-0.096534 -0.407780 2.319840
-0.182306 -0.538349 2.003140
-0.149221 -0.852838 1.931940
-0.140548 -0.903722 1.839320
0.053226 -0.419361 2.353990
0.177097 -0.507310 2.056030
0.200725 -0.750879 1.987200
0.168850 -0.830730 1.993110
-0.020059 -0.337825 2.344370
-0.025845 -0.286151 2.376670
-0.012302 -0.010383 2.365300
0.013507 0.205143 2.368390
-0.168365 -0.111943 2.343270
-0.231981 -0.345062 2.309150
-0.238732 -0.474471 2.138320
-0.234827 -0.504151 2.085750
0.157527 -0.128995 2.416530
0.187904 -0.331226 2.382660
0.176024 -0.325253 2.094650
0.165999 -0.297263 2.045930
-0.096484 -0.407771 2.319840
-0.182262 -0.538359 2.003170
-0.152438 -0.851789 1.936330
-0.142445 -0.901519 1.843550
0.053258 -0.419341 2.354000
0.177097 -0.507266 2.056020
0.200701 -0.750793 1.987230
0.169303 -0.830802 1.992900
-0.020022 -0.337814 2.344380
-0.025816 -0.286148 2.376720
-0.012288 -0.010377 2.365330
0.013517 0.205135 2.368380
-0.168352 -0.111930 2.343260
-0.231957 -0.345077 2.309140
-0.235975 -0.472452 2.136690
-0.218857 -0.488239 2.080250
0.157521 -0.128993 2.416530
0.188954 -0.330974 2.382290
0.175882 -0.325306 2.094520
0.166487 -0.304797 2.034450
-0.096436 -0.407761 2.319840
-0.182219 -0.538377 2.003190
-0.156508 -0.849946 1.941760
-0.144724 -0.898114 1.849080
0.053290 -0.419321 2.354010
0.177096 -0.507238 2.056000
0.200683 -0.750746 1.987250
0.169653 -0.830899 1.992740
-0.020007 -0.337803 2.344380
-0.025809 -0.286141 2.376760
-0.012290 -0.010368 2.365360
0.013535 0.205108 2.368330
-0.168341 -0.111917 2.343260
-0.231934 -0.345092 2.309130
-0.233830 -0.471236 2.135680
-0.204559 -0.474471 2.075340
0.157518 -0.128991 2.416530
0.189767 -0.330789 2.382000
0.175696 -0.325252 2.094400
0.166494 -0.309379 2.026110
-0.096414 -0.407744 2.319830
-0.182182 -0.538391 2.003210
-0.160341 -0.847991 1.947000
-0.146800 -0.894610 1.854540
0.053300 -0.419309 2.354010
0.177069 -0.507240 2.055910
0.200673 -0.750722 1.987270
0.169892 -0.831012 1.992620
-0.020004 -0.337775 2.344380
-0.025816 -0.286123 2.376800
-0.012299 -0.010357 2.365400
0.013568 0.205076 2.368210
-0.168338 -0.111903 2.343260
-0.231908 -0.345108 2.309120
-0.232063 -0.470416 2.134990
-0.198336 -0.468528 2.073320
0.157515 -0.128990 2.416530
0.193108 -0.330013 2.380630
0.175288 -0.324607 2.093790
0.165844 -0.311461 2.020090
-0.096420 -0.407684 2.319800
-0.182149 -0.538412 2.003230
-0.226524 -0.786813 2.028710
-0.170042 -0.805191 1.947840
0.053304 -0.419294 2.354010
0.176990 -0.507503 2.055590
0.200664 -0.750860 1.987260
0.169964 -0.831237 1.992570
-0.019979 -0.337714 2.344380
-0.025809 -0.286089 2.376860
-0.012308 -0.010347 2.365440
0.013626 0.205046 2.368020
-0.168339 -0.111887 2.343260
-0.231876 -0.345125 2.309110
-0.230678 -0.469868 2.134550
-0.194849 -0.465089 2.072210
0.157514 -0.128989 2.416530
0.196330 -0.329191 2.378780
0.174482 -0.323116 2.092530
0.165181 -0.312407 2.015870
-0.096414 -0.407610 2.319760
-0.182113 -0.538443 2.003240
-0.250807 -0.763993 2.060120
-0.179214 -0.772895 1.980270
0.053348 -0.419252 2.354010
0.176859 -0.508109 2.055120
0.200674 -0.751295 1.987220
0.169790 -0.831648 1.992560
-0.019967 -0.337652 2.344380
-0.025811 -0.286054 2.376910
-0.012317 -0.010341 2.365490
0.013648 0.205018 2.367460
-0.168346 -0.111869 2.343280
-0.231843 -0.345142 2.309110
-0.227369 -0.468813 2.133850
-0.192293 -0.462905 2.071220
0.157514 -0.128987 2.416530
0.199557 -0.328312 2.376790
0.173368 -0.320906 2.090970
0.162235 -0.311876 2.006390
-0.096423 -0.407525 2.319720
-0.182087 -0.538473 2.003250
-0.292032 -0.751540 2.117060
-0.207848 -0.749006 2.032000
0.053359 -0.419227 2.354010
0.176699 -0.509971 2.054100
0.200787 -0.752934 1.987010
0.168215 -0.832667 1.993140
-0.019947 -0.337607 2.344390
-0.025804 -0.286027 2.376970
-0.012325 -0.010340 2.365540
0.013723 0.204987 2.366700
-0.168354 -0.111853 2.343290
-0.231811 -0.345157 2.309100
-0.231458 -0.470439 2.135370
-0.226281 -0.495268 2.080960
0.157518 -0.128989 2.416530
0.202912 -0.327300 2.373330
0.171561 -0.317483 2.087740
0.158679 -0.309717 1.997270
-0.096407 -0.407475 2.319700
-0.182061 -0.538506 2.003250
-0.306549 -0.748209 2.137280
-0.217671 -0.745431 2.046270
0.053372 -0.419209 2.354010
0.176610 -0.511535 2.053310
0.200872 -0.754370 1.986830
0.166799 -0.833547 1.993630
-0.019930 -0.337560 2.344400
-0.025800 -0.285998 2.377040
-0.012332 -0.010341 2.365600
0.013824 0.204963 2.365890
-0.168369 -0.111830 2.343320
-0.231780 -0.345170 2.309100
-0.233125 -0.471382 2.136210
-0.228380 -0.495896 2.082640
0.157528 -0.128994 2.416540
0.206431 -0.326174 2.369870
0.169355 -0.312332 2.084440
0.156386 -0.305821 1.994790
-0.096403 -0.407413 2.319690
-0.182038 -0.538544 2.003240
-0.307870 -0.753295 2.139850
-0.221936 -0.749269 2.048830
0.053381 -0.419194 2.354000
0.177160 -0.518146 2.051140
0.202727 -0.791135 1.984550
0.202821 -0.857293 1.929700
-0.019939 -0.337495 2.344400
-0.025815 -0.285962 2.377100
-0.012340 -0.010348 2.365660
0.013878 0.204992 2.364930
-0.168390 -0.111809 2.343370
-0.231747 -0.345179 2.309110
-0.234546 -0.472163 2.136990
-0.227467 -0.493334 2.083960
0.157570 -0.129027 2.416560
0.209962 -0.325232 2.366800
0.168114 -0.306753 2.081720
0.153694 -0.299548 1.989980
-0.096538 -0.407244 2.319660
-0.182022 -0.538566 2.003240
-0.308576 -0.757108 2.141010
-0.224918 -0.752514 2.050050
0.053381 -0.419180 2.354000
0.178000 -0.525872 2.048740
0.203932 -0.813358 1.982800
0.220155 -0.870395 1.898690
-0.019960 -0.337418 2.344410
-0.025839 -0.285921 2.377180
-0.012345 -0.010359 2.365730
0.013930 0.205022 2.364070
-0.168408 -0.111789 2.343420
-0.231715 -0.345180 2.309120
-0.233787 -0.471739 2.136850
-0.221582 -0.488276 2.081210
0.157648 -0.129083 2.416590
0.199021 -0.328550 2.245280
0.154576 -0.273852 2.028490
0.139062 -0.256706 1.951700
-0.096740 -0.407027 2.319650
-0.182006 -0.538590 2.003250
-0.306045 -0.762479 2.136490
-0.225516 -0.760002 2.042510
0.053377 -0.419167 2.353980
0.178598 -0.530863 2.047200
0.204683 -0.825878 1.981770
0.228324 -0.876478 1.884140
-0.019999 -0.337314 2.344410
-0.025877 -0.285866 2.377260
-0.012353 -0.010374 2.365800
0.013933 0.205084 2.363260
-0.168438 -0.111766 2.343490
-0.231677 -0.345176 2.309130
-0.239527 -0.473347 2.139000
-0.225672 -0.488543 2.081280
0.157778 -0.129148 2.416640
0.196682 -0.329396 2.198450
0.146421 -0.249906 1.994740
0.130402 -0.225828 1.928960
-0.096985 -0.406778 2.319630
-0.181988 -0.538626 2.003250
-0.300144 -0.767996 2.127790
-0.223882 -0.766990 2.033770
0.053368 -0.419149 2.353960
0.179826 -0.537938 2.044520
0.205376 -0.835040 1.980760
0.233414 -0.880680 1.875050
-0.020042 -0.337188 2.344420
-0.025916 -0.285799 2.377360
-0.012357 -0.010400 2.365900
0.013940 0.205139 2.362560
-0.168470 -0.111742 2.343580
-0.231637 -0.345169 2.309150
-0.239833 -0.473591 2.139390
-0.228542 -0.497626 2.082710
0.157986 -0.129233 2.416700
0.195322 -0.329495 2.173790
0.143147 -0.240546 1.982530
0.126473 -0.213166 1.920120
-0.097228 -0.406527 2.319630
-0.181973 -0.538661 2.003240
-0.295700 -0.771379 2.120850
-0.221713 -0.771594 2.027520
0.053361 -0.419126 2.353940
0.180819 -0.542891 2.042520
0.205838 -0.841001 1.980050
0.236925 -0.883524 1.868740
-0.020071 -0.337064 2.344430
-0.025947 -0.285731 2.377460
-0.012360 -0.010426 2.365990
0.013944 0.205188 2.361970
-0.168503 -0.111718 2.343680
-0.231597 -0.345160 2.309170
-0.239833 -0.473847 2.139750
-0.230766 -0.504798 2.084190
0.158211 -0.129327 2.416750
0.194964 -0.329145 2.162430
0.140349 -0.232793 1.975280
0.097372 -0.194405 1.949620
-0.097420 -0.406323 2.319630
-0.181939 -0.538722 2.003240
-0.292860 -0.773231 2.116290
-0.220081 -0.774435 2.023490
0.053379 -0.419090 2.353910
0.181552 -0.546352 2.041100
0.206175 -0.845109 1.979570
0.239160 -0.885684 1.864810
-0.020096 -0.336940 2.344440
-0.025975 -0.285661 2.377570
-0.012365 -0.010448 2.366090
0.013945 0.205235 2.361470
-0.168546 -0.111697 2.343780
-0.231558 -0.345149 2.309190
-0.239711 -0.474098 2.140060
-0.232520 -0.510017 2.085450
0.158438 -0.129364 2.416800
0.195298 -0.326059 2.157650
0.136715 -0.224435 1.972740
0.079605 -0.176368 1.972540
-0.097576 -0.406155 2.319650
-0.181897 -0.538786 2.003250
-0.291026 -0.774302 2.113210
-0.218943 -0.776212 2.020780
0.053409 -0.419041 2.353870
0.182063 -0.548729 2.040100
0.206412 -0.848055 1.979230
0.240085 -0.887111 1.863280
-0.020097 -0.336825 2.344450
-0.025988 -0.285592 2.377680
-0.012378 -0.010462 2.366190
0.013942 0.205283 2.361080
-0.168587 -0.111671 2.343890
-0.231519 -0.345137 2.309210
-0.239337 -0.474315 2.140320
-0.233558 -0.513476 2.086330
0.158823 -0.129291 2.416870
0.196601 -0.321510 2.159420
0.130305 -0.211236 1.975680
0.067958 -0.165790 1.982410
-0.097654 -0.406056 2.319670
-0.181844 -0.538860 2.003270
-0.289817 -0.774927 2.111100
-0.218133 -0.777355 2.018940
0.053518 -0.418961 2.353790
0.182429 -0.550432 2.039380
0.206614 -0.850200 1.978950
0.239997 -0.887956 1.863660
-0.020079 -0.336700 2.344470
-0.025989 -0.285515 2.377790
-0.012391 -0.010470 2.366290
0.013940 0.205326 2.360770
-0.168651 -0.111629 2.344030
-0.231477 -0.345121 2.309240
-0.238914 -0.474466 2.140520
-0.234273 -0.515748 2.086920
0.159602 -0.128689 2.417130
0.196928 -0.313216 2.164890
0.123940 -0.202821 1.977920
0.070619 -0.146762 1.991990
-0.097704 -0.405981 2.319690
-0.181813 -0.538913 2.003260
-0.288967 -0.775320 2.109640
-0.217512 -0.778119 2.017650
0.053684 -0.418853 2.353700
0.182727 -0.551663 2.038800
0.206796 -0.851642 1.978720
0.239175 -0.888236 1.865360
-0.020054 -0.336568 2.344490
-0.025983 -0.285432 2.377910
-0.012403 -0.010474 2.366380
0.013954 0.205355 2.360590
-0.168727 -0.111582 2.344170
-0.231428 -0.345094 2.309270
-0.238566 -0.474536 2.140670
-0.234819 -0.517255 2.087320
0.160799 -0.127457 2.417530
0.197617 -0.303997 2.169140
0.114164 -0.183077 1.993130
0.071696 -0.134024 1.988740
-0.097740 -0.405922 2.319720
-0.181792 -0.538956 2.003230
-0.288337 -0.775546 2.108570
-0.217001 -0.778615 2.016690
0.053883 -0.418718 2.353560
0.182944 -0.552543 2.038390
0.206960 -0.852504 1.978520
0.237972 -0.888175 1.867730
-0.019975 -0.336420 2.344510
-0.025946 -0.285341 2.378040
-0.012427 -0.010459 2.366490
0.013965 0.205379 2.360460
-0.168833 -0.111520 2.344330
-0.231378 -0.345062 2.309310
-0.238290 -0.474573 2.140780
-0.224539 -0.499467 2.084000
0.162281 -0.125758 2.418050
0.198046 -0.294778 2.171650
0.102667 -0.154446 2.001730
0.067755 -0.114242 1.978630
-0.097691 -0.405920 2.319810
-0.181774 -0.538998 2.003200
-0.287603 -0.775142 2.107210
-0.216177 -0.778723 2.015590
0.054430 -0.418445 2.353270
0.183104 -0.553179 2.038080
0.207094 -0.852975 1.978380
0.236621 -0.888003 1.870360
-0.019847 -0.336279 2.344530
-0.025875 -0.285252 2.378180
-0.012458 -0.010428 2.366610
0.013971 0.205408 2.360390
-0.168947 -0.111458 2.344500
-0.231327 -0.345027 2.309350
-0.240301 -0.475175 2.141690
-0.223332 -0.492714 2.083870
0.163759 -0.124099 2.418440
0.197475 -0.283395 2.171190
0.096579 -0.135820 2.005490
0.063761 -0.089762 1.979760
-0.097495 -0.406069 2.320070
-0.181760 -0.539033 2.003150
-0.287072 -0.774736 2.106220
-0.215518 -0.778706 2.014780
0.055284 -0.418107 2.352790
0.183221 -0.553639 2.037860
0.207199 -0.853187 1.978310
0.235259 -0.887833 1.872940
-0.019708 -0.336143 2.344560
-0.025787 -0.285162 2.378320
-0.012489 -0.010381 2.366740
0.013850 0.205519 2.360540
-0.169141 -0.111391 2.344730
-0.231275 -0.344988 2.309390
-0.241174 -0.475506 2.142190
-0.235608 -0.503083 2.088180
0.165249 -0.122520 2.418760
0.197218 -0.274582 2.170000
0.093778 -0.125642 2.007660
0.063957 -0.072369 1.986280
-0.097293 -0.406297 2.320400
-0.181752 -0.539065 2.003090
-0.286682 -0.774350 2.105490
-0.214981 -0.778600 2.014180
0.056243 -0.417745 2.352180
0.183308 -0.553934 2.037720
0.207280 -0.853204 1.978280
0.233980 -0.887674 1.875280
-0.019561 -0.335989 2.344570
-0.025617 -0.285034 2.378490
-0.012545 -0.010268 2.366860
0.013221 0.205956 2.361280
-0.169361 -0.111318 2.344970
-0.231225 -0.344947 2.309430
-0.238449 -0.474204 2.141340
-0.228272 -0.494336 2.083690
0.173293 -0.121987 2.416180
0.198704 -0.269773 2.166500
0.092263 -0.118547 2.009450
0.066379 -0.059742 1.994520
-0.097425 -0.406723 2.321180
-0.181744 -0.539087 2.003010
-0.286405 -0.773999 2.104970
-0.214547 -0.778446 2.013740
0.058322 -0.417189 2.350220
0.183353 -0.554051 2.037690
0.207312 -0.853271 1.978360
0.232240 -0.887841 1.877830
-0.019436 -0.335819 2.344550
-0.025482 -0.284869 2.378590
-0.012875 -0.009818 2.366830
0.011908 0.206812 2.362450
-0.169726 -0.111239 2.345300
-0.231181 -0.344905 2.309460
-0.236908 -0.473178 2.140620
-0.222107 -0.486074 2.080210
0.178909 -0.121951 2.414330
0.200452 -0.267062 2.163700
0.092497 -0.102578 2.017270
0.064784 -0.049062 1.998450
-0.097904 -0.407266 2.322200
-0.181731 -0.539101 2.002970
-0.286140 -0.773434 2.104420
-0.214088 -0.778136 2.013290
0.060392 -0.416685 2.347900
0.183369 -0.554072 2.037730
0.207321 -0.853310 1.978500
0.230641 -0.888180 1.880130
-0.019319 -0.335607 2.344500
-0.025319 -0.284566 2.378600
-0.013558 -0.008331 2.365970
0.009979 0.207990 2.363950
-0.170195 -0.111156 2.345650
-0.231140 -0.344859 2.309500
-0.229871 -0.471246 2.139380
-0.216665 -0.490443 2.080080
0.181938 -0.121857 2.413270
0.202224 -0.263149 2.160520
0.092333 -0.087798 2.026190
0.062338 -0.032342 2.012560
-0.098751 -0.407892 2.323510
-0.181723 -0.539106 2.002940
-0.286055 -0.773043 2.104320
-0.213876 -0.777881 2.013190
0.062289 -0.416229 2.345610
0.183293 -0.553953 2.038030
0.207328 -0.853358 1.978640
0.229234 -0.888700 1.882090
-0.019186 -0.335347 2.344390
-0.025093 -0.284085 2.378440
-0.014698 -0.005985 2.364150
0.007509 0.209448 2.365880
-0.170738 -0.111084 2.346020
-0.231103 -0.344810 2.309530
-0.227583 -0.470322 2.138740
-0.212863 -0.486404 2.078130
0.184271 -0.121815 2.412290
0.203880 -0.260438 2.158720
0.092172 -0.075154 2.035670
0.060067 -0.020931 2.022500
-0.099521 -0.408444 2.324670
-0.181715 -0.539108 2.002910
-0.258434 -0.769757 2.068530
-0.192401 -0.776826 1.985480
0.064015 -0.415797 2.343540
0.183161 -0.553773 2.038430
0.207331 -0.853394 1.978800
0.227997 -0.889278 1.883780
-0.019128 -0.335133 2.344190
-0.024919 -0.283505 2.377970
-0.016227 -0.001974 2.361110
0.005359 0.210885 2.367810
-0.171354 -0.111016 2.346410
-0.231072 -0.344743 2.309560
-0.226092 -0.469790 2.138400
-0.210411 -0.483787 2.077080
0.180649 -0.120970 2.408910
0.205721 -0.254866 2.157690
0.091795 -0.066116 2.043530
0.058143 -0.011835 2.032690
-0.100196 -0.408891 2.325620
-0.181711 -0.539112 2.002870
-0.268211 -0.770472 2.081290
-0.197810 -0.775840 1.992320
0.064985 -0.415438 2.341750
0.183003 -0.553576 2.038860
0.207329 -0.853422 1.978970
0.226935 -0.889851 1.885150
-0.019094 -0.334944 2.343940
-0.024760 -0.282836 2.377250
-0.017994 0.003608 2.357550
0.003046 0.212332 2.369700
-0.171911 -0.110926 2.346740
-0.231041 -0.344623 2.309610
-0.224523 -0.469210 2.138130
-0.208787 -0.482307 2.076400
0.178277 -0.120144 2.407000
0.206906 -0.247472 2.158150
0.077469 -0.028082 2.058170
0.043610 0.006155 2.029160
-0.100731 -0.409233 2.326390
-0.181709 -0.539111 2.002800
-0.276205 -0.770772 2.091920
-0.203638 -0.775129 2.000060
0.065589 -0.415097 2.340250
0.182828 -0.553373 2.039320
0.207330 -0.853443 1.979130
0.226088 -0.890374 1.886230
-0.019081 -0.334850 2.343580
-0.024629 -0.282222 2.376210
-0.019721 0.008100 2.354490
0.001128 0.213432 2.371230
-0.172403 -0.110850 2.347020
-0.231016 -0.344467 2.309660
-0.223410 -0.468817 2.137950
-0.207542 -0.481219 2.075930
0.174936 -0.119274 2.405080
0.209218 -0.243638 2.161460
0.073760 -0.016112 2.065230
0.034375 0.020725 2.040570
-0.101091 -0.409522 2.326980
-0.181708 -0.539115 2.002720
-0.256225 -0.768465 2.066640
-0.192272 -0.775458 1.986080
0.065959 -0.414830 2.339040
0.182628 -0.553184 2.039770
0.207337 -0.853463 1.979290
0.225403 -0.890851 1.887100
-0.019108 -0.334803 2.343160
-0.024548 -0.281674 2.375030
-0.020876 0.011087 2.352450
-0.000479 0.214254 2.372440
-0.172843 -0.110774 2.347280
-0.230994 -0.344232 2.309730
-0.221055 -0.467052 2.137140
-0.206290 -0.479771 2.075170
0.171916 -0.118608 2.403590
0.208699 -0.228890 2.163610
0.069804 -0.005852 2.070240
0.027328 0.033484 2.047170
-0.101372 -0.409750 2.327430
-0.181713 -0.539142 2.002570
-0.247634 -0.767561 2.055780
-0.186105 -0.775704 1.978610
0.066067 -0.414615 2.337960
0.182433 -0.553013 2.040190
0.207341 -0.853478 1.979440
0.224850 -0.891261 1.887780
-0.019244 -0.335004 2.342580
-0.024760 -0.281669 2.373820
-0.022514 0.010811 2.351910
-0.001775 0.214828 2.373410
-0.173224 -0.110717 2.347490
-0.230975 -0.343995 2.309790
-0.219009 -0.465528 2.136450
-0.205315 -0.478678 2.074570
0.166596 -0.121872 2.403840
0.208369 -0.220130 2.164970
0.065062 0.007444 2.078960
0.022395 0.037504 2.048770
-0.101574 -0.409944 2.327760
-0.181723 -0.539174 2.002410
-0.269816 -0.767102 2.085720
-0.203601 -0.774392 2.001410
0.065780 -0.414676 2.336820
0.182256 -0.552861 2.040560
0.207333 -0.853502 1.979620
0.224539 -0.891579 1.888340
-0.019553 -0.339690 2.340670
-0.024396 -0.284768 2.371990
-0.024084 0.009126 2.352220
-0.003001 0.215170 2.374330
-0.173556 -0.110667 2.347660
-0.230955 -0.343750 2.309840
-0.217038 -0.464277 2.135930
-0.204556 -0.477930 2.074150
0.121363 -0.133020 2.377050
0.208241 -0.214397 2.165900
0.062639 0.017721 2.086180
0.019427 0.041197 2.050790
-0.100904 -0.411122 2.327950
-0.181735 -0.539210 2.002250
-0.283182 -0.767057 2.103570
-0.211746 -0.773885 2.011700
0.064331 -0.415731 2.335300
0.182102 -0.552732 2.040870
0.207306 -0.853532 1.979820
0.223229 -0.892033 1.888910
-0.019678 -0.344713 2.338880
-0.023906 -0.288715 2.370420
-0.025258 0.006567 2.353170
-0.004122 0.215343 2.375180
-0.173836 -0.110629 2.347800
-0.230919 -0.343499 2.309900
-0.216392 -0.463797 2.135750
-0.204152 -0.477394 2.073970
0.105516 -0.136962 2.367670
0.208187 -0.209577 2.166550
0.060500 0.025369 2.093460
0.016519 0.043901 2.053420
-0.099447 -0.412949 2.327920
-0.181755 -0.539253 2.002080
-0.266863 -0.765164 2.079900
-0.196014 -0.775367 1.991250
0.062561 -0.417186 2.333850
0.181963 -0.552625 2.041160
0.207263 -0.853573 1.980050
0.221955 -0.892450 1.889400
-0.019775 -0.348489 2.337570
-0.023537 -0.291977 2.369390
-0.025937 0.003845 2.354510
-0.005186 0.215402 2.375990
-0.174073 -0.110599 2.347920
-0.230858 -0.343200 2.309970
-0.216567 -0.463691 2.135940
-0.204013 -0.476954 2.074050
0.096673 -0.139171 2.362450
0.208251 -0.206013 2.167020
0.059395 0.030342 2.098670
0.014372 0.045793 2.055860
-0.098092 -0.414535 2.327790
-0.181760 -0.539295 2.001960
-0.278166 -0.766931 2.095220
-0.204755 -0.775102 2.002470
0.060810 -0.418585 2.332670
0.181853 -0.552543 2.041390
0.207209 -0.853610 1.980280
0.220802 -0.892793 1.889790
-0.019850 -0.351306 2.336610
-0.023241 -0.294619 2.368740
-0.026044 0.001208 2.355910
-0.006118 0.215369 2.376660
-0.174264 -0.110577 2.348020
-0.230797 -0.342909 2.310040
-0.217908 -0.464142 2.136610
-0.204164 -0.476560 2.074470
0.090870 -0.140673 2.358920
0.208341 -0.203150 2.167470
0.083383 -0.001461 2.121220
0.029531 0.017817 2.074280
-0.096897 -0.415879 2.327600
-0.181757 -0.539330 2.001870
-0.284311 -0.767979 2.103600
-0.210336 -0.774913 2.009650
0.059142 -0.419849 2.331710
0.181775 -0.552487 2.041540
0.207147 -0.853640 1.980500
0.219752 -0.893069 1.890110
-0.019933 -0.353353 2.335940
-0.022983 -0.296692 2.368410
-0.025632 -0.001255 2.357430
-0.006939 0.215228 2.377340
-0.174407 -0.110564 2.348080
-0.230725 -0.342628 2.310110
-0.218231 -0.464220 2.136870
-0.204130 -0.476298 2.074660
0.088211 -0.143064 2.355660
0.208609 -0.200822 2.167650
0.085975 -0.002089 2.128360
0.030902 0.015060 2.079980
-0.095978 -0.416919 2.327380
-0.181754 -0.539364 2.001800
-0.287918 -0.768631 2.108540
-0.213877 -0.774792 2.014240
0.057487 -0.421085 2.331030
0.181712 -0.552444 2.041670
0.207091 -0.853657 1.980700
0.218714 -0.893276 1.890350
-0.019975 -0.354817 2.335460
-0.022711 -0.298236 2.368270
-0.024556 -0.002403 2.358760
-0.007748 0.214938 2.378040
-0.174503 -0.110553 2.348120
-0.230655 -0.342361 2.310180
-0.218305 -0.464215 2.137000
-0.204060 -0.476103 2.074770
0.087252 -0.144377 2.353270
0.209508 -0.198656 2.167430
0.095596 -0.016446 2.134970
0.037400 0.003607 2.087010
-0.095150 -0.417769 2.327130
-0.181753 -0.539410 2.001720
-0.290168 -0.769044 2.111640
-0.216171 -0.774713 2.017250
0.056186 -0.422043 2.330540
0.181661 -0.552424 2.041770
0.206994 -0.853692 1.980930
0.217551 -0.893500 1.890580
-0.020015 -0.355861 2.335120
-0.022497 -0.299434 2.368290
-0.023290 -0.003318 2.360100
-0.008458 0.214614 2.378690
-0.174577 -0.110545 2.348150
-0.230588 -0.342117 2.310230
-0.218318 -0.464197 2.137090
-0.203895 -0.475924 2.074890
0.087997 -0.145516 2.351610
0.210760 -0.196724 2.167090
0.099902 -0.035315 2.120060
0.041471 -0.009175 2.083370
-0.094548 -0.418373 2.326880
-0.181750 -0.539459 2.001650
-0.291623 -0.769327 2.113620
-0.217653 -0.774671 2.019200
0.055067 -0.422832 2.330220
0.181620 -0.552419 2.041850
0.206889 -0.853729 1.981150
0.216518 -0.893684 1.890770
-0.020045 -0.356613 2.334870
-0.022319 -0.300336 2.368410
-0.021409 -0.003151 2.361400
-0.009145 0.214246 2.379380
-0.174633 -0.110538 2.348170
-0.230526 -0.341875 2.310280
-0.218133 -0.464137 2.137190
-0.205781 -0.486841 2.078540
0.092641 -0.146544 2.350730
0.212244 -0.194892 2.166700
0.100630 -0.044292 2.112330
0.043511 -0.018033 2.080030
-0.094085 -0.418819 2.326640
-0.181748 -0.539510 2.001590
-0.292630 -0.769520 2.115000
-0.218671 -0.774642 2.020550
0.054124 -0.423471 2.330010
0.181586 -0.552421 2.041920
0.206775 -0.853759 1.981360
0.215582 -0.893833 1.890910
-0.020056 -0.357157 2.334690
-0.022095 -0.301025 2.368630
-0.018782 -0.002330 2.362630
-0.010001 0.213724 2.380150
-0.174672 -0.110531 2.348180
-0.230464 -0.341624 2.310330
-0.220009 -0.465047 2.138180
-0.206122 -0.486577 2.079930
0.097220 -0.147148 2.350430
0.213711 -0.193181 2.166190
0.100185 -0.049111 2.107360
0.044440 -0.023977 2.077230
-0.093644 -0.419163 2.326380
-0.181749 -0.539567 2.001520
-0.293355 -0.769657 2.115990
-0.219370 -0.774621 2.021470
0.053387 -0.423961 2.329890
0.181557 -0.552446 2.041980
0.206649 -0.853803 1.981570
0.214745 -0.893978 1.891040
-0.020003 -0.357515 2.334580
-0.021519 -0.301394 2.369120
-0.015962 -0.001042 2.363600
-0.010968 0.213205 2.381120
-0.174700 -0.110523 2.348190
-0.230406 -0.341380 2.310380
-0.222081 -0.465984 2.139190
-0.206439 -0.485449 2.081200
0.106761 -0.144711 2.348140
0.216796 -0.191317 2.163460
0.104089 -0.042230 2.121340
0.047531 -0.025344 2.081840
-0.093234 -0.419401 2.326150
-0.181758 -0.539646 2.001430
-0.293847 -0.769776 2.116680
-0.219885 -0.774607 2.022150
0.052939 -0.424252 2.329830
0.181531 -0.552482 2.042020
0.206534 -0.853841 1.981770
0.213721 -0.894114 1.891160
-0.019809 -0.357763 2.334520
-0.020699 -0.301620 2.369750
-0.013101 0.000572 2.364330
-0.012096 0.212710 2.382410
-0.174718 -0.110514 2.348200
-0.230355 -0.341156 2.310420
-0.223303 -0.466519 2.139780
-0.206662 -0.483873 2.082300
0.112140 -0.143122 2.347120
0.219195 -0.188927 2.161230
0.105372 -0.034929 2.130990
0.049699 -0.024505 2.086510
-0.092482 -0.419676 2.325840
-0.181764 -0.539727 2.001370
-0.294107 -0.769893 2.117080
-0.220255 -0.774597 2.022640
0.052616 -0.424464 2.329810
0.181506 -0.552539 2.042060
0.206405 -0.853887 1.981970
0.212807 -0.894244 1.891260
-0.019584 -0.357918 2.334500
-0.019911 -0.301724 2.370410
-0.010632 0.002214 2.364820
-0.013213 0.212181 2.383820
-0.174728 -0.110502 2.348200
-0.230312 -0.340951 2.310450
-0.225413 -0.467362 2.140660
-0.206828 -0.481846 2.083360
0.114706 -0.142411 2.346600
0.220973 -0.186399 2.159510
0.105481 -0.028640 2.137180
0.051111 -0.022220 2.090780
-0.091776 -0.419893 2.325570
-0.181757 -0.539806 2.001330
-0.295468 -0.770671 2.117450
-0.221205 -0.774796 2.023510
0.052371 -0.424617 2.329840
0.181484 -0.552621 2.042080
0.206274 -0.853932 1.982150
0.212009 -0.894360 1.891340
-0.019285 -0.357977 2.334530
-0.019119 -0.301748 2.371110
-0.008873 0.003154 2.365240
-0.014338 0.211584 2.385670
-0.174705 -0.110474 2.348180
-0.230274 -0.340751 2.310480
-0.227674 -0.468276 2.141610
-0.207023 -0.479784 2.084440
0.116904 -0.141621 2.346300
0.222537 -0.183769 2.158040
0.106622 -0.021832 2.141780
0.053095 -0.017916 2.095080
-0.091008 -0.420041 2.325280
-0.181754 -0.539877 2.001290
-0.296010 -0.770992 2.117590
-0.221616 -0.774867 2.023900
0.052197 -0.424714 2.329910
0.181461 -0.552729 2.042090
0.206140 -0.853980 1.982310
0.211313 -0.894459 1.891400
-0.018946 -0.357950 2.334580
-0.018345 -0.301680 2.371800
-0.007423 0.003897 2.365540
-0.015482 0.210998 2.387470
-0.174650 -0.110432 2.348150
-0.230241 -0.340562 2.310510
-0.227619 -0.468394 2.141870
-0.206561 -0.478728 2.084410
0.118476 -0.140965 2.346090
0.223885 -0.180976 2.156710
0.108512 -0.014895 2.144990
0.055565 -0.012207 2.098980
-0.090304 -0.420128 2.325020
-0.181747 -0.539953 2.001270
-0.301155 -0.771905 2.118240
-0.225189 -0.775110 2.026080
0.052078 -0.424749 2.330010
0.181438 -0.552845 2.042090
0.206018 -0.854021 1.982460
0.210707 -0.894539 1.891440
-0.018277 -0.357654 2.334670
-0.017358 -0.301394 2.372540
-0.006325 0.004467 2.365740
-0.016596 0.210398 2.389220
-0.174585 -0.110382 2.348110
-0.230214 -0.340377 2.310530
-0.226533 -0.468121 2.141880
-0.208453 -0.488210 2.085730
0.119596 -0.140219 2.345950
0.217033 -0.137504 2.147440
0.088641 0.020810 2.153750
0.042910 0.017193 2.109170
-0.089243 -0.420071 2.324630
-0.181745 -0.540025 2.001240
-0.306914 -0.772611 2.119570
-0.229656 -0.775293 2.029050
0.052243 -0.424423 2.330360
0.181413 -0.552999 2.042060
0.205914 -0.854052 1.982580
0.210191 -0.894596 1.891460
-0.017472 -0.357123 2.334800
-0.016378 -0.300993 2.373270
-0.005516 0.004843 2.365910
-0.017685 0.209813 2.391330
-0.174516 -0.110330 2.348070
-0.230192 -0.340208 2.310540
-0.224761 -0.467575 2.141680
-0.209080 -0.494149 2.086380
0.120451 -0.139570 2.345850
0.213765 -0.116306 2.142820
0.080609 0.037146 2.157340
0.036540 0.033764 2.114540
-0.088246 -0.419912 2.324220
-0.181748 -0.540089 2.001210
-0.307629 -0.772927 2.119430
-0.230396 -0.775384 2.029490
0.052604 -0.423870 2.330850
0.181387 -0.553167 2.042020
0.205822 -0.854077 1.982680
0.209742 -0.894636 1.891470
-0.016729 -0.356502 2.334940
-0.015556 -0.300556 2.373940
-0.004967 0.005099 2.366030
-0.018551 0.209268 2.393040
-0.174402 -0.110257 2.348010
-0.230177 -0.340056 2.310560
-0.224530 -0.467563 2.141760
-0.213635 -0.502119 2.088170
0.121131 -0.138960 2.345790
0.212451 -0.106888 2.140650
0.077017 0.044922 2.159210
0.032883 0.043569 2.117680
-0.087398 -0.419673 2.323830
-0.181754 -0.540148 2.001190
-0.312087 -0.773115 2.120720
-0.233964 -0.775411 2.032030
0.052990 -0.423241 2.331370
0.181364 -0.553355 2.041980
0.205714 -0.854100 1.982780
0.209307 -0.894665 1.891460
-0.016016 -0.355686 2.335100
-0.014851 -0.300024 2.374580
-0.004592 0.005280 2.366120
-0.019406 0.208728 2.394700
-0.174241 -0.110152 2.347910
-0.230163 -0.339908 2.310560
-0.224006 -0.467324 2.141660
-0.214919 -0.505130 2.088540
0.121761 -0.138321 2.345740
0.211769 -0.100779 2.139290
0.074762 0.050103 2.160370
0.030570 0.050175 2.119490
-0.086664 -0.419279 2.323450
-0.181764 -0.540209 2.001150
-0.314433 -0.773127 2.121490
-0.235947 -0.775394 2.033550
0.053415 -0.422513 2.331940
0.181333 -0.553581 2.041910
0.205544 -0.854128 1.982870
0.208806 -0.894693 1.891440
-0.015423 -0.354796 2.335300
-0.014276 -0.299454 2.375210
-0.004333 0.005399 2.366220
-0.021245 0.207814 2.398430
-0.174030 -0.110017 2.347790
-0.230149 -0.339773 2.310570
-0.223330 -0.466928 2.141430
-0.211662 -0.497189 2.085120
0.122354 -0.137405 2.345610
0.211421 -0.096453 2.138320
0.073478 0.053563 2.160710
0.029109 0.054680 2.120670
-0.086072 -0.418775 2.323110
-0.181795 -0.540305 2.001060
-0.330041 -0.775535 2.133100
-0.250387 -0.776470 2.047090
0.053786 -0.421721 2.332500
0.181289 -0.553887 2.041810
0.205356 -0.854160 1.982940
0.208283 -0.894721 1.891390
-0.014839 -0.353605 2.335530
-0.013748 -0.298722 2.375850
-0.004159 0.005473 2.366300
-0.023215 0.206933 2.402240
-0.173823 -0.109884 2.347660
-0.230137 -0.339656 2.310560
-0.222587 -0.466442 2.141080
-0.211813 -0.497741 2.084720
0.123009 -0.136259 2.345390
0.211526 -0.093513 2.137710
0.073122 0.055637 2.160250
0.028102 0.058052 2.121390
-0.085578 -0.418144 2.322780
-0.181829 -0.540399 2.000960
-0.337806 -0.776685 2.138850
-0.257473 -0.777019 2.053820
0.054244 -0.420665 2.333160
0.181247 -0.554182 2.041710
0.205179 -0.854176 1.982990
0.207782 -0.894721 1.891310
-0.014348 -0.352396 2.335800
-0.013312 -0.297963 2.376520
-0.004145 0.005478 2.366590
-0.024548 0.206094 2.406260
-0.173586 -0.109725 2.347520
-0.230126 -0.339551 2.310550
-0.221924 -0.465983 2.140750
-0.211774 -0.497880 2.084410
0.123642 -0.135136 2.345150
0.212183 -0.091629 2.137540
0.073696 0.056840 2.159160
0.027516 0.060724 2.121670
-0.085176 -0.417440 2.322490
-0.181861 -0.540490 2.000870
-0.341568 -0.777174 2.141320
-0.260814 -0.777244 2.056830
0.054662 -0.419624 2.333770
0.181206 -0.554463 2.041610
0.205007 -0.854184 1.983030
0.207318 -0.894699 1.891230
-0.013944 -0.350827 2.336160
-0.012956 -0.296928 2.377320
-0.004260 0.005461 2.367020
-0.025713 0.205566 2.410370
-0.173363 -0.109571 2.347390
-0.230132 -0.339263 2.310530
-0.234438 -0.469147 2.144900
-0.228878 -0.505844 2.090290
0.124324 -0.133983 2.344870
0.213113 -0.090189 2.137630
0.075013 0.058025 2.157860
0.027436 0.063181 2.121540
-0.084895 -0.416437 2.322240
-0.181869 -0.540581 2.000830
-0.343975 -0.777501 2.142890
-0.262949 -0.777393 2.058770
0.055054 -0.418434 2.334370
0.181166 -0.554722 2.041520
0.204824 -0.854176 1.983060
0.206851 -0.894649 1.891120
-0.013485 -0.349165 2.336510
-0.012581 -0.295800 2.378110
-0.004444 0.005443 2.367490
-0.028694 0.205247 2.415250
-0.173104 -0.109370 2.347230
-0.230107 -0.338832 2.310490
-0.236146 -0.469529 2.145490
-0.232265 -0.508326 2.091740
0.124957 -0.132893 2.344520
0.214308 -0.088831 2.137990
0.075902 0.058948 2.156750
0.027383 0.065186 2.121220
-0.084548 -0.415282 2.322010
-0.181869 -0.540660 2.000810
-0.345543 -0.777685 2.143770
-0.264301 -0.777489 2.059930
0.055655 -0.416891 2.334950
0.181129 -0.554958 2.041440
0.204609 -0.854163 1.983080
0.206363 -0.894588 1.891020
-0.013120 -0.347643 2.336830
-0.012281 -0.294717 2.378870
-0.004681 0.005445 2.368060
-0.030755 0.205039 2.418560
-0.172842 -0.109161 2.347070
-0.230081 -0.338411 2.310450
-0.236947 -0.469355 2.145600
-0.225177 -0.494208 2.087860
0.125495 -0.131894 2.344200
0.215800 -0.087478 2.138700
0.076953 0.059912 2.155640
0.027589 0.067092 2.120670
-0.084259 -0.414031 2.321830
-0.181870 -0.540731 2.000800
-0.346213 -0.777713 2.143940
-0.264940 -0.777518 2.060110
0.056149 -0.415483 2.335430
0.181094 -0.555163 2.041370
0.204350 -0.854138 1.983090
0.205846 -0.894506 1.890910
-0.012859 -0.346088 2.337130
-0.012055 -0.293541 2.379610
-0.004946 0.005523 2.368720
-0.034785 0.205428 2.425710
-0.172559 -0.108929 2.346900
-0.230051 -0.338002 2.310390
-0.234446 -0.466828 2.143840
-0.216265 -0.482027 2.082800
0.126027 -0.131007 2.343860
0.217613 -0.085526 2.139750
0.089870 0.069543 2.162460
0.033814 0.074363 2.123910
-0.084087 -0.412524 2.321660
-0.181872 -0.540799 2.000780
-0.346255 -0.777645 2.143620
-0.265011 -0.777507 2.059730
0.056530 -0.414161 2.335830
0.181060 -0.555329 2.041310
0.203927 -0.854085 1.983170
0.205158 -0.894385 1.890860
-0.012701 -0.344614 2.337450
-0.011914 -0.292342 2.380350
-0.005306 0.005746 2.369520
-0.037553 0.205572 2.430450
-0.172239 -0.108650 2.346730
-0.230012 -0.337625 2.310330
-0.232300 -0.464857 2.142370
-0.213422 -0.477719 2.081090
0.126552 -0.130273 2.343490
0.219878 -0.083486 2.141040
0.097813 0.075757 2.164770
0.039446 0.080624 2.125510
-0.084015 -0.410946 2.321570
-0.181874 -0.540867 2.000770
-0.346659 -0.777656 2.143710
-0.265381 -0.777530 2.059830
0.056808 -0.412993 2.336170
0.181032 -0.555455 2.041260
0.203467 -0.854000 1.983250
0.204443 -0.894224 1.890820
-0.012601 -0.343399 2.337710
-0.011830 -0.291304 2.381000
-0.005685 0.006128 2.370410
-0.039459 0.205001 2.432940
-0.171712 -0.108156 2.346500
-0.229975 -0.337291 2.310250
-0.230736 -0.463474 2.141250
-0.211579 -0.474959 2.079960
0.126984 -0.129685 2.343170
0.222180 -0.081195 2.142550
0.103120 0.080237 2.167210
0.044211 0.085902 2.127540
-0.083969 -0.409477 2.321490
-0.181875 -0.540932 2.000760
-0.346767 -0.777647 2.143530
-0.265441 -0.777551 2.059680
0.056988 -0.412007 2.336460
0.181006 -0.555542 2.041230
0.202997 -0.853890 1.983310
0.203759 -0.894037 1.890770
-0.012545 -0.342436 2.337920
-0.011789 -0.290449 2.381540
-0.006059 0.006652 2.371280
-0.041857 0.204030 2.434960
-0.171085 -0.107555 2.346270
-0.229851 -0.336680 2.310090
-0.228650 -0.461594 2.139910
-0.209932 -0.472757 2.078990
0.127336 -0.129218 2.342900
0.224361 -0.078889 2.144150
0.107078 0.083705 2.169770
0.048361 0.090351 2.129870
-0.083948 -0.408247 2.321430
-0.181875 -0.540996 2.000750
-0.346679 -0.777613 2.143190
-0.265311 -0.777562 2.059360
0.057079 -0.411229 2.336690
0.180982 -0.555602 2.041220
0.202475 -0.853754 1.983360
0.203057 -0.893826 1.890720
-0.012513 -0.341672 2.338080
-0.011770 -0.289744 2.381990
-0.006414 0.007220 2.372080
-0.043811 0.202992 2.436130
-0.170237 -0.106848 2.346000
-0.229616 -0.335502 2.309800
-0.227790 -0.460673 2.139420
-0.209018 -0.471337 2.078470
0.127658 -0.128836 2.342650
0.226683 -0.075375 2.146250
0.109540 0.086811 2.172180
0.051416 0.094324 2.132150
-0.083917 -0.407193 2.321390
-0.181875 -0.541072 2.000750
-0.346437 -0.777568 2.142730
-0.265033 -0.777569 2.058910
0.057132 -0.410607 2.336880
0.180960 -0.555646 2.041220
0.202000 -0.853612 1.983400
0.202439 -0.893618 1.890660
-0.012546 -0.340916 2.338220
-0.011815 -0.289027 2.382400
-0.006781 0.007837 2.372810
-0.045454 0.201521 2.436250
-0.169480 -0.106204 2.345780
-0.229340 -0.334017 2.309490
-0.227331 -0.460132 2.139220
-0.208401 -0.470381 2.078210
0.127936 -0.128534 2.342440
0.228888 -0.070748 2.148840
0.110913 0.089964 2.174810
0.053664 0.098048 2.134540
-0.083977 -0.406060 2.321320
-0.181890 -0.541161 2.000720
-0.346118 -0.777526 2.142250
-0.264617 -0.777586 2.058510
0.057133 -0.410045 2.337020
0.180943 -0.555677 2.041220
0.201555 -0.853455 1.983420
0.201879 -0.893398 1.890600
-0.012627 -0.340257 2.338330
-0.011929 -0.288369 2.382770
-0.007502 0.008985 2.373890
-0.036791 0.200493 2.411080
-0.168455 -0.105254 2.345540
-0.229118 -0.332875 2.309210
-0.226748 -0.459544 2.139010
-0.207864 -0.469648 2.077970
0.128159 -0.128306 2.342250
0.230753 -0.066019 2.151440
0.111452 0.092857 2.177140
0.055225 0.101326 2.136670
-0.084068 -0.404986 2.321230
-0.181906 -0.541248 2.000690
-0.345738 -0.777466 2.141720
-0.264177 -0.777596 2.058030
0.057045 -0.409519 2.337160
0.180927 -0.555698 2.041220
0.201152 -0.853281 1.983430
0.201387 -0.893161 1.890530
-0.012825 -0.339541 2.338450
-0.012171 -0.287618 2.383160
-0.008356 0.010451 2.375140
-0.029175 0.199868 2.387220
-0.167217 -0.104096 2.345340
-0.228927 -0.332021 2.308980
-0.226453 -0.459483 2.139210
-0.207567 -0.469698 2.078220
0.128406 -0.128099 2.342060
0.232345 -0.061530 2.153800
0.111881 0.096074 2.179870
0.056715 0.104751 2.139140
-0.084325 -0.403659 2.321150
-0.181924 -0.541339 2.000660
-0.345459 -0.777417 2.141330
-0.263850 -0.777605 2.057690
0.056841 -0.408982 2.337290
0.180900 -0.555697 2.041250
0.200789 -0.853089 1.983410
0.200950 -0.892905 1.890440
-0.013084 -0.338913 2.338560
-0.012480 -0.286936 2.383530
-0.009499 0.012564 2.376770
-0.026333 0.200315 2.378660
-0.165633 -0.102670 2.345210
-0.228765 -0.331358 2.308790
-0.226471 -0.459824 2.139760
-0.207591 -0.470293 2.078780
0.128562 -0.127934 2.341880
0.233669 -0.056870 2.156350
0.112089 0.099814 2.183170
0.058012 0.108433 2.142010
-0.084593 -0.402424 2.321120
-0.181944 -0.541429 2.000630
-0.345064 -0.777321 2.140770
-0.263542 -0.777512 2.057000
0.056356 -0.408367 2.337380
0.180866 -0.555675 2.041290
0.200457 -0.852875 1.983380
0.200550 -0.892621 1.890340
-0.013377 -0.338275 2.338680
-0.012829 -0.286214 2.383930
-0.010440 0.014601 2.378310
-0.025355 0.201108 2.375260
-0.163983 -0.101247 2.345060
-0.228632 -0.330830 2.308630
-0.226635 -0.460262 2.140360
-0.207771 -0.471066 2.079420
0.128750 -0.127786 2.341720
0.234341 -0.047198 2.161070
0.109731 0.106465 2.187780
0.057810 0.113740 2.145680
-0.084884 -0.401099 2.321180
-0.181965 -0.541517 2.000600
-0.344616 -0.777217 2.140070
-0.263177 -0.777383 2.056180
0.055846 -0.407765 2.337440
0.180811 -0.555598 2.041400
0.200141 -0.852644 1.983340
0.200189 -0.892324 1.890240
-0.013655 -0.337719 2.338790
-0.013166 -0.285558 2.384290
-0.011230 0.016566 2.379680
-0.029003 0.204024 2.381630
-0.162327 -0.099877 2.344920
-0.228530 -0.330455 2.308480
-0.226635 -0.460321 2.140500
-0.207895 -0.471484 2.079690
0.128913 -0.127667 2.341560
0.234774 -0.041365 2.164000
0.108398 0.111025 2.191020
0.057697 0.118060 2.148750
-0.085127 -0.399835 2.321330
-0.181986 -0.541600 2.000570
-0.343949 -0.777042 2.139220
-0.262608 -0.777210 2.055230
0.055353 -0.407227 2.337470
0.180756 -0.555507 2.041510
0.199859 -0.852416 1.983300
0.199877 -0.892037 1.890140
-0.013888 -0.337209 2.338910
-0.013445 -0.284934 2.384660
-0.011858 0.018543 2.381090
-0.032307 0.206677 2.387690
-0.160846 -0.098694 2.344780
-0.228448 -0.330164 2.308360
-0.226768 -0.460459 2.140670
-0.208199 -0.472105 2.080050
0.129114 -0.127537 2.341370
0.234721 -0.035734 2.166530
0.106546 0.115427 2.193840
0.056966 0.122344 2.151620
-0.085252 -0.398681 2.321540
-0.182005 -0.541681 2.000530
-0.343298 -0.776883 2.138380
-0.262040 -0.777038 2.054330
0.054930 -0.406732 2.337490
0.180713 -0.555417 2.041600
0.199601 -0.852184 1.983250
0.199593 -0.891745 1.890050
-0.014136 -0.336644 2.339090
-0.013741 -0.284221 2.385120
-0.012366 0.020588 2.382630
-0.032717 0.207631 2.387920
-0.159456 -0.097600 2.344670
-0.228373 -0.329929 2.308240
-0.226861 -0.460556 2.140790
-0.208403 -0.472493 2.080340
0.129564 -0.127391 2.341120
0.234554 -0.031028 2.168420
0.104859 0.119102 2.195990
0.056048 0.126185 2.154060
-0.085354 -0.397573 2.321800
-0.182025 -0.541756 2.000490
-0.342723 -0.776738 2.137650
-0.261527 -0.776875 2.053580
0.054533 -0.406260 2.337520
0.180658 -0.555283 2.041740
0.199366 -0.851945 1.983210
0.199342 -0.891446 1.889950
-0.014355 -0.336053 2.339300
-0.014004 -0.283482 2.385610
-0.012755 0.022294 2.383890
0.001879 0.199817 2.359970
-0.158268 -0.096683 2.344580
-0.228309 -0.329747 2.308140
-0.255912 -0.473999 2.158700
-0.223723 -0.486076 2.086520
0.130587 -0.124776 2.341060
0.234683 -0.027532 2.169230
0.103837 0.121483 2.197570
0.055377 0.129038 2.156030
-0.085355 -0.396471 2.322180
-0.182044 -0.541827 2.000440
-0.342157 -0.776614 2.136970
-0.261019 -0.776725 2.052880
0.054153 -0.405663 2.337540
0.180575 -0.555089 2.041960
0.199170 -0.851701 1.983140
0.199140 -0.891144 1.889850
-0.014489 -0.335319 2.339600
-0.014408 -0.282588 2.386180
-0.013049 0.023674 2.384920
0.016492 0.197112 2.348280
-0.157314 -0.095939 2.344500
-0.228254 -0.329606 2.308050
-0.258809 -0.475670 2.160340
-0.223560 -0.484573 2.089040
0.134192 -0.094162 2.354110
0.234739 -0.025764 2.169900
0.103425 0.122939 2.198570
0.055173 0.130961 2.157430
-0.085138 -0.395391 2.322710
-0.182057 -0.541900 2.000400
-0.341699 -0.776499 2.136410
-0.260598 -0.776607 2.052320
0.053843 -0.404629 2.337580
0.180471 -0.554882 2.042210
0.199030 -0.851444 1.983040
0.199205 -0.890798 1.889700
-0.014478 -0.334394 2.340010
-0.014708 -0.281602 2.386850
-0.013365 0.024972 2.386030
0.023362 0.195792 2.342730
-0.156568 -0.095355 2.344450
-0.228201 -0.329500 2.307970
-0.257714 -0.475671 2.159410
-0.234810 -0.500584 2.094710
0.135606 -0.081628 2.359480
0.234721 -0.024431 2.170350
0.103116 0.124081 2.199430
0.054956 0.132570 2.158690
-0.084675 -0.394312 2.323360
-0.182069 -0.541969 2.000370
-0.341376 -0.776388 2.135970
-0.260240 -0.776581 2.051960
0.053779 -0.403016 2.337680
0.180382 -0.554700 2.042440
0.198914 -0.851162 1.982920
0.199335 -0.890414 1.889520
-0.014429 -0.333472 2.340450
-0.014948 -0.280667 2.387500
-0.013606 0.025986 2.386950
0.027655 0.194883 2.339090
-0.155991 -0.094899 2.344420
-0.228150 -0.329415 2.307910
-0.259689 -0.476637 2.160430
-0.250545 -0.512949 2.102800
0.136274 -0.075281 2.362100
0.234665 -0.023724 2.170520
0.103016 0.124809 2.200080
0.054892 0.133635 2.159590
-0.084191 -0.393355 2.324010
-0.182080 -0.542028 2.000350
-0.341122 -0.776297 2.135600
-0.259943 -0.776571 2.051680
0.053753 -0.401430 2.337780
0.180301 -0.554531 2.042640
0.198816 -0.850871 1.982790
0.199488 -0.890028 1.889340
-0.014371 -0.332587 2.340870
-0.015151 -0.279813 2.388080
-0.013786 0.026755 2.387660
0.030636 0.194230 2.336540
-0.155536 -0.094521 2.344420
-0.228096 -0.329336 2.307860
-0.253681 -0.474307 2.156900
-0.254093 -0.516874 2.104730
0.136698 -0.071375 2.363740
0.234552 -0.023973 2.170420
0.103210 0.125085 2.200590
0.054901 0.134349 2.160260
-0.083754 -0.392529 2.324610
-0.182092 -0.542085 2.000320
-0.340925 -0.776218 2.135310
-0.259703 -0.776569 2.051460
0.053744 -0.399921 2.337880
0.180230 -0.554379 2.042830
0.198737 -0.850571 1.982640
0.199673 -0.889637 1.889150
-0.014302 -0.331833 2.341260
-0.015290 -0.279099 2.388590
-0.013919 0.027335 2.388210
0.032124 0.193656 2.334860
-0.155212 -0.094239 2.344440
-0.228047 -0.329269 2.307820
-0.245992 -0.470397 2.152030
-0.252892 -0.518321 2.103740
0.136817 -0.069465 2.364670
0.234464 -0.026248 2.169700
0.104130 0.124286 2.200840
0.055098 0.134658 2.160800
-0.083368 -0.391888 2.325140
-0.182106 -0.542142 2.000300
-0.340770 -0.776153 2.135080
-0.259508 -0.776569 2.051300
0.053763 -0.398699 2.337980
0.180167 -0.554244 2.042990
0.198673 -0.850283 1.982500
0.199838 -0.889275 1.888970
-0.014214 -0.331192 2.341620
-0.015393 -0.278504 2.389040
-0.014021 0.027758 2.388620
0.032362 0.192923 2.333560
-0.154979 -0.094023 2.344470
-0.228006 -0.329217 2.307800
-0.241142 -0.467798 2.148900
-0.227782 -0.489048 2.093160
0.136632 -0.069167 2.365160
0.234503 -0.031130 2.168700
0.106129 0.122001 2.200500
0.055747 0.134298 2.161120
-0.083003 -0.391409 2.325600
-0.182122 -0.542198 2.000280
-0.340644 -0.776101 2.134880
-0.259342 -0.776571 2.051170
0.053824 -0.397679 2.338180
0.180121 -0.554119 2.043130
0.198612 -0.849951 1.982340
0.200020 -0.888878 1.888780
-0.014139 -0.330644 2.341950
-0.015492 -0.278008 2.389430
-0.014111 0.028053 2.388940
0.031600 0.192041 2.332640
-0.154832 -0.093868 2.344520
-0.227971 -0.329176 2.307780
-0.234897 -0.464008 2.144930
-0.213333 -0.474076 2.084810
0.135891 -0.070233 2.365530
0.233822 -0.038358 2.167770
0.108897 0.118931 2.199510
0.056926 0.133302 2.161100
-0.082704 -0.391045 2.325980
-0.182141 -0.542251 2.000250
-0.340551 -0.776065 2.134740
-0.259206 -0.776576 2.051080
0.053873 -0.396780 2.338430
0.180074 -0.554005 2.043270
0.198557 -0.849618 1.982190
0.200221 -0.888483 1.888610
-0.014044 -0.330179 2.342270
-0.015567 -0.277604 2.389770
-0.014191 0.028230 2.389170
0.029722 0.190967 2.332110
-0.154794 -0.093760 2.344630
-0.227944 -0.329147 2.307780
-0.231643 -0.462000 2.142790
-0.209522 -0.470002 2.082630
0.134869 -0.071846 2.365960
0.232885 -0.049458 2.167160
0.112635 0.113108 2.197150
0.058944 0.130464 2.160280
-0.082376 -0.390785 2.326360
-0.182165 -0.542310 2.000220
-0.340482 -0.776039 2.134620
-0.259096 -0.776583 2.051010
0.053958 -0.396021 2.338690
0.180035 -0.553907 2.043390
0.198507 -0.849297 1.982040
0.200428 -0.888108 1.888440
-0.013926 -0.329786 2.342570
-0.015636 -0.277280 2.390070
-0.014302 0.028148 2.389320
0.025788 0.189855 2.332660
-0.155028 -0.093755 2.344900
-0.227924 -0.329130 2.307770
-0.226830 -0.457436 2.138720
-0.206768 -0.466978 2.080530
0.133609 -0.073801 2.367060
0.231612 -0.061532 2.168160
0.087245 0.122762 2.183730
0.047925 0.134098 2.154200
-0.082027 -0.390640 2.326720
-0.182193 -0.542372 2.000190
-0.340429 -0.776019 2.134530
-0.259017 -0.776591 2.050960
0.054111 -0.395362 2.339020
0.180000 -0.553821 2.043500
0.198433 -0.848969 1.981900
0.200651 -0.887737 1.888290
-0.013795 -0.329443 2.342870
-0.015702 -0.277020 2.390350
-0.014371 0.027485 2.389440
0.022130 0.188412 2.333520
-0.156109 -0.094174 2.345560
-0.227908 -0.329131 2.307780
-0.223112 -0.455850 2.137200
-0.204757 -0.465859 2.079220
0.132050 -0.075809 2.368960
0.228850 -0.074992 2.170350
0.071832 0.127258 2.174040
0.036283 0.137110 2.146760
-0.081709 -0.390578 2.327040
-0.182235 -0.542410 2.000180
-0.340385 -0.776004 2.134460
-0.258959 -0.776594 2.050920
0.054307 -0.394771 2.339410
0.179971 -0.553751 2.043590
0.198329 -0.848640 1.981760
0.200870 -0.887381 1.888150
-0.013669 -0.329149 2.343160
-0.015766 -0.276812 2.390590
-0.014512 0.026006 2.389400
0.016649 0.186936 2.335750
-0.158027 -0.095019 2.346500
-0.227903 -0.329176 2.307820
-0.221492 -0.454911 2.136250
-0.204611 -0.466580 2.078420
0.130422 -0.077594 2.371150
0.226171 -0.084992 2.172520
0.061292 0.127958 2.163130
0.025602 0.138075 2.136670
-0.081431 -0.390577 2.327340
-0.182280 -0.542446 2.000170
-0.340378 -0.776001 2.134430
-0.258933 -0.776606 2.050930
0.054518 -0.394264 2.339810
0.179938 -0.553699 2.043680
0.198231 -0.848347 1.981630
0.201097 -0.887059 1.888030
-0.013564 -0.329006 2.343440
-0.015715 -0.276751 2.390860
-0.014631 0.023836 2.389240
0.013268 0.182685 2.333630
-0.160158 -0.096140 2.347490
-0.227923 -0.329276 2.307870
-0.220234 -0.454231 2.135560
-0.203832 -0.466702 2.077640
0.128205 -0.112374 2.361730
0.226112 -0.091144 2.170770
0.071223 0.083772 2.143550
0.027023 0.104414 2.116550
-0.081272 -0.390915 2.327540
-0.182325 -0.542475 2.000150
-0.340377 -0.775998 2.134420
-0.258911 -0.776624 2.050980
0.054933 -0.394311 2.340730
0.179906 -0.553659 2.043750
0.198128 -0.848067 1.981520
0.201115 -0.886785 1.887930
-0.013439 -0.329010 2.343780
-0.015594 -0.276943 2.391250
-0.014691 0.020099 2.389120
0.010857 0.175260 2.328650
-0.162283 -0.097375 2.348460
-0.228013 -0.329495 2.307990
-0.220610 -0.454936 2.135880
-0.203740 -0.467252 2.077640
0.127340 -0.127060 2.358000
0.236151 -0.140071 2.168750
0.108806 0.026862 2.132600
0.059591 0.045276 2.099900
-0.081170 -0.391648 2.327730
-0.182375 -0.542508 2.000140
-0.340384 -0.775999 2.134430
-0.258895 -0.776644 2.051040
0.055485 -0.394780 2.341880
0.179876 -0.553630 2.043810
0.198038 -0.847823 1.981420
0.201116 -0.886549 1.887840
-0.013164 -0.329373 2.344290
-0.015285 -0.277628 2.391820
-0.014618 0.016200 2.389060
0.009920 0.164775 2.318360
-0.164544 -0.098725 2.349440
-0.228169 -0.329927 2.308160
-0.220329 -0.455403 2.135990
-0.203593 -0.468200 2.077590
0.126737 -0.134379 2.356490
0.240645 -0.164965 2.168620
0.124268 -0.006707 2.114700
0.066629 0.035696 2.089920
-0.080977 -0.393276 2.327910
-0.182438 -0.542539 2.000120
-0.340426 -0.776018 2.134560
-0.258918 -0.776681 2.051250
0.056381 -0.395822 2.343290
0.179850 -0.553608 2.043860
0.197962 -0.847630 1.981350
0.201115 -0.886367 1.887770
-0.012763 -0.329995 2.344880
-0.014848 -0.278565 2.392400
-0.014638 0.012155 2.388580
-0.013435 0.174484 2.363150
-0.166841 -0.100113 2.350310
-0.228348 -0.330406 2.308340
-0.219841 -0.455666 2.136020
-0.203316 -0.468851 2.077440
0.126317 -0.138875 2.355540
0.242983 -0.180625 2.169580
0.128700 -0.018069 2.104240
0.072439 0.032129 2.080000
-0.080654 -0.395388 2.328110
-0.182503 -0.542566 2.000090
-0.340449 -0.776039 2.134680
-0.258960 -0.776707 2.051360
0.057493 -0.397076 2.344730
0.179836 -0.553594 2.043890
0.197886 -0.847464 1.981310
0.201090 -0.886216 1.887740
-0.012376 -0.330643 2.345410
-0.014365 -0.279335 2.392900
-0.014822 0.010490 2.387690
-0.040490 0.196719 2.409580
-0.168942 -0.101505 2.351010
-0.228519 -0.330862 2.308530
-0.219646 -0.456100 2.136200
-0.203126 -0.469304 2.077420
0.125525 -0.140759 2.354490
0.243728 -0.191797 2.171380
0.123158 -0.017787 2.082420
0.074932 0.035043 2.067390
-0.080353 -0.397385 2.328300
-0.182568 -0.542587 2.000060
-0.340250 -0.776029 2.134710
-0.258868 -0.776723 2.051360
0.058436 -0.398146 2.345910
0.179827 -0.553585 2.043910
0.197821 -0.847321 1.981270
0.200997 -0.886081 1.887720
-0.012393 -0.331468 2.345770
-0.014391 -0.280007 2.393170
-0.015147 0.009650 2.386430
-0.052234 0.206406 2.428670
-0.170996 -0.102889 2.351610
-0.228702 -0.331309 2.308730
-0.219745 -0.456868 2.136670
-0.203002 -0.469716 2.077550
0.123089 -0.140699 2.356930
0.240876 -0.200275 2.176660
0.116754 -0.017613 2.062760
0.075526 0.036552 2.057260
-0.081007 -0.399416 2.328440
-0.182635 -0.542607 2.000020
-0.339489 -0.775987 2.134460
-0.258378 -0.776740 2.051000
0.058783 -0.399213 2.346650
0.179819 -0.553580 2.043930
0.197771 -0.847214 1.981250
0.201005 -0.885997 1.887710
-0.013564 -0.333505 2.345910
-0.015365 -0.281422 2.393160
-0.015464 0.009207 2.385150
-0.057516 0.210929 2.437540
-0.173219 -0.104232 2.352210
-0.228893 -0.331721 2.308940
-0.220033 -0.457606 2.137190
-0.203013 -0.470176 2.078000
0.120415 -0.143964 2.360690
0.238769 -0.207422 2.178600
0.120859 -0.047215 2.043380
0.086572 0.007303 2.034800
-0.083854 -0.402419 2.328530
-0.182704 -0.542627 1.999980
-0.338665 -0.775919 2.134380
-0.257808 -0.776803 2.050830
0.057313 -0.402850 2.346730
0.179813 -0.553577 2.043940
0.197738 -0.847152 1.981250
0.201091 -0.885958 1.887750
-0.015586 -0.336631 2.345710
-0.017263 -0.283887 2.392730
-0.016056 0.008654 2.383600
-0.057365 0.214657 2.438660
-0.175313 -0.105396 2.352710
-0.229077 -0.332139 2.309180
-0.220064 -0.458097 2.137560
-0.202932 -0.470423 2.078150
0.117404 -0.164631 2.364920
0.236388 -0.221976 2.179490
0.123650 -0.068300 2.031100
0.093980 -0.015940 2.017930
-0.087265 -0.405612 2.328420
-0.182771 -0.542648 1.999940
-0.331748 -0.774327 2.131680
-0.252501 -0.776403 2.047490
0.054725 -0.409147 2.346090
0.179807 -0.553579 2.043950
0.197715 -0.847129 1.981270
0.201216 -0.885991 1.887850
-0.018769 -0.340896 2.344990
-0.020309 -0.287403 2.391780
-0.016871 0.008088 2.382000
-0.048234 0.215680 2.427420
-0.176977 -0.106349 2.353070
-0.229253 -0.332625 2.309440
-0.220593 -0.459154 2.138310
-0.202986 -0.470749 2.078510
0.116213 -0.171718 2.366410
0.234229 -0.237426 2.178110
0.132009 -0.112072 2.009810
0.107854 -0.055680 2.001260
-0.091237 -0.408875 2.327720
-0.182837 -0.542665 1.999890
-0.328036 -0.773555 2.130170
-0.249447 -0.776202 2.045550
0.051046 -0.416298 2.345130
0.179800 -0.553583 2.043970
0.197717 -0.847121 1.981300
0.201422 -0.886059 1.887950
-0.019950 -0.342383 2.344770
-0.023269 -0.289375 2.390950
-0.017784 0.007460 2.380410
-0.040187 0.215034 2.416570
-0.178262 -0.107078 2.353310
-0.229420 -0.333110 2.309680
-0.220408 -0.459931 2.138870
-0.202990 -0.471409 2.078840
0.129271 -0.115075 2.404950
0.228829 -0.246191 2.183090
0.143056 -0.154353 2.000530
0.117052 -0.105589 1.976490
-0.093293 -0.410739 2.327440
-0.182900 -0.542680 1.999840
-0.325512 -0.773070 2.129120
-0.247374 -0.776077 2.044120
0.050229 -0.418227 2.344980
0.179782 -0.553591 2.044010
0.197762 -0.847112 1.981290
0.203446 -0.886221 1.888210
-0.020861 -0.343319 2.344620
-0.025580 -0.290570 2.390280
-0.018725 0.006724 2.378890
-0.033940 0.214105 2.407390
-0.179271 -0.107697 2.353440
-0.229604 -0.333674 2.309930
-0.220006 -0.460303 2.139100
-0.202914 -0.471747 2.078920
0.139679 -0.091663 2.424200
0.225051 -0.258900 2.190510
0.152842 -0.195569 1.992440
0.125890 -0.145913 1.964960
-0.094827 -0.412006 2.327210
-0.182961 -0.542694 1.999790
-0.304324 -0.770325 2.116660
-0.231031 -0.775122 2.028340
0.049628 -0.419607 2.344860
0.179739 -0.553607 2.044110
0.197848 -0.847114 1.981280
0.205525 -0.886397 1.888390
-0.021525 -0.343929 2.344500
-0.027205 -0.291287 2.389780
-0.019633 0.006005 2.377530
-0.029608 0.213245 2.401170
-0.180068 -0.108212 2.353500
-0.229773 -0.334229 2.310180
-0.219691 -0.460517 2.139230
-0.202828 -0.471997 2.078940
0.143526 -0.083959 2.431250
0.224573 -0.274231 2.197650
0.163201 -0.239533 1.981020
0.141375 -0.184389 1.975610
-0.095907 -0.412876 2.327040
-0.183020 -0.542704 1.999740
-0.301368 -0.770009 2.114930
-0.228586 -0.774959 2.025930
0.049254 -0.420470 2.344760
0.179725 -0.553611 2.044130
0.197968 -0.847094 1.981260
0.207394 -0.886456 1.888540
-0.022211 -0.344151 2.344350
-0.028587 -0.291609 2.389300
-0.020463 0.005353 2.376350
-0.025936 0.212340 2.396220
-0.180689 -0.108624 2.353510
-0.229945 -0.334823 2.310390
-0.219162 -0.460585 2.139220
-0.202727 -0.472216 2.078830
0.148207 -0.083813 2.433500
0.226704 -0.291485 2.205000
0.167830 -0.259037 1.975900
0.148962 -0.232017 1.932790
-0.096966 -0.413392 2.326750
-0.183075 -0.542713 1.999700
-0.300158 -0.769939 2.114340
-0.227448 -0.774815 2.024790
0.049021 -0.420890 2.344690
0.179716 -0.553623 2.044120
0.198178 -0.847044 1.981230
0.209173 -0.886432 1.888670
-0.022752 -0.344122 2.344220
-0.029598 -0.291713 2.388910
-0.021113 0.004804 2.375390
-0.023381 0.211714 2.392810
-0.181164 -0.108948 2.353500
-0.230120 -0.335373 2.310570
-0.218189 -0.460449 2.139000
-0.202654 -0.472396 2.078680
0.151880 -0.088719 2.431570
0.238371 -0.313869 2.224180
0.173159 -0.279191 1.972990
0.154600 -0.274148 1.899980
-0.097752 -0.413703 2.326490
-0.183129 -0.542718 1.999650
-0.299548 -0.770119 2.115310
-0.227138 -0.774710 2.025010
0.048963 -0.420944 2.344660
0.179702 -0.553697 2.044060
0.198427 -0.847022 1.981180
0.210749 -0.886468 1.888740
-0.023180 -0.343945 2.344100
-0.030366 -0.291682 2.388560
-0.021658 0.004314 2.374570
-0.021566 0.211273 2.390350
-0.181526 -0.109218 2.353450
-0.230278 -0.335899 2.310710
-0.218009 -0.460545 2.138980
-0.202670 -0.472497 2.078620
0.153984 -0.095119 2.427820
0.242388 -0.323967 2.232440
0.177196 -0.292069 1.972540
0.158449 -0.291979 1.889460
-0.098340 -0.413876 2.326250
-0.183181 -0.542722 1.999600
-0.298123 -0.770201 2.115450
-0.226193 -0.774644 2.024440
0.049020 -0.420765 2.344680
0.179197 -0.544076 2.045780
0.198796 -0.843498 1.981840
0.212493 -0.882933 1.889670
-0.023544 -0.343564 2.343990
-0.030978 -0.291485 2.388230
-0.022130 0.003878 2.373860
-0.020222 0.210969 2.388580
-0.181813 -0.109442 2.353400
-0.230414 -0.336357 2.310820
-0.217853 -0.460583 2.138920
-0.202148 -0.471826 2.078500
0.154913 -0.100459 2.424300
0.226675 -0.318448 2.311740
0.185755 -0.306681 2.024700
0.173717 -0.307956 1.934410
-0.098807 -0.413912 2.326030
-0.183228 -0.542723 1.999560
-0.297031 -0.770212 2.115430
-0.225458 -0.774586 2.023960
0.049149 -0.420415 2.344710
0.178787 -0.536955 2.046950
0.199264 -0.839865 1.982410
0.214059 -0.879329 1.890460
-0.023836 -0.343114 2.343900
-0.031441 -0.291210 2.387930
-0.022488 0.003510 2.373290
-0.019287 0.210782 2.387350
-0.182038 -0.109623 2.353340
-0.230531 -0.336760 2.310910
-0.218182 -0.460955 2.138970
-0.202062 -0.471581 2.078520
0.155114 -0.104947 2.421120
0.221775 -0.311618 2.358620
0.190342 -0.313973 2.060350
0.180267 -0.321966 1.956370
-0.099191 -0.413838 2.325820
-0.183271 -0.542722 1.999510
-0.295738 -0.770184 2.115100
-0.224288 -0.774517 2.023390
0.049305 -0.420000 2.344760
0.178536 -0.531705 2.047640
0.199685 -0.836311 1.982950
0.215306 -0.875850 1.891170
-0.024060 -0.342612 2.343820
-0.031781 -0.290867 2.387640
-0.022762 0.003201 2.372830
-0.018560 0.210684 2.386450
-0.182207 -0.109775 2.353260
-0.230618 -0.337097 2.310970
-0.218243 -0.461127 2.138960
-0.202011 -0.471492 2.078490
0.155020 -0.108148 2.418730
0.216965 -0.310112 2.379530
0.192558 -0.319809 2.076840
0.184728 -0.328992 1.973540
-0.099491 -0.413678 2.325610
-0.183323 -0.542688 1.999490
-0.294742 -0.770182 2.114850
-0.223345 -0.774477 2.022980
0.049483 -0.419542 2.344810
0.179006 -0.521710 2.048240
0.199367 -0.780333 1.986490
0.184800 -0.843566 1.959870
-0.023957 -0.341933 2.343780
-0.031815 -0.290360 2.387350
-0.022949 0.002936 2.372430
-0.017979 0.210651 2.385810
-0.182334 -0.109899 2.353190
-0.230666 -0.337398 2.311000
-0.218879 -0.461582 2.138990
-0.203843 -0.472670 2.078440
0.154888 -0.110397 2.416960
0.213287 -0.310186 2.391770
0.194129 -0.323994 2.086140
0.188001 -0.333617 1.983560
-0.099485 -0.413453 2.325430
-0.183357 -0.542669 1.999480
-0.263305 -0.766424 2.078450
-0.194736 -0.775398 1.989790
0.050224 -0.418748 2.345070
0.179437 -0.514689 2.048630
0.198985 -0.746121 1.988710
0.199595 -0.798202 1.932380
-0.023615 -0.341242 2.343800
-0.031586 -0.289788 2.387060
-0.023046 0.002689 2.372060
-0.017304 0.210682 2.385380
-0.182391 -0.110018 2.353080
-0.230697 -0.337663 2.311010
-0.220214 -0.462539 2.139260
-0.205024 -0.473371 2.078620
0.154738 -0.112139 2.415580
0.209457 -0.314508 2.397230
0.195654 -0.328011 2.092580
0.191393 -0.338766 1.990520
-0.099152 -0.413154 2.325250
-0.183380 -0.542657 1.999480
-0.260633 -0.765072 2.075020
-0.191395 -0.775074 1.986240
0.051236 -0.417955 2.345490
0.180445 -0.504869 2.049710
0.198864 -0.732850 1.989570
0.206874 -0.773197 1.918810
-0.023202 -0.340593 2.343840
-0.031240 -0.289200 2.386770
-0.023046 0.002468 2.371720
-0.016564 0.210762 2.385130
-0.182308 -0.110111 2.352870
-0.230712 -0.337905 2.311000
-0.221744 -0.463772 2.139690
-0.206060 -0.474141 2.078940
0.154642 -0.113420 2.414590
0.205735 -0.319690 2.396690
0.196657 -0.330954 2.097030
0.193330 -0.342025 1.994870
-0.098692 -0.412822 2.325080
-0.183399 -0.542647 1.999480
-0.247659 -0.764427 2.061660
-0.182550 -0.775445 1.975620
0.052180 -0.417273 2.345930
0.181364 -0.497343 2.050800
0.198822 -0.724557 1.990120
0.211073 -0.762941 1.910890
-0.022724 -0.339990 2.343910
-0.030785 -0.288618 2.386480
-0.022936 0.002188 2.371330
-0.015884 0.210835 2.384970
-0.182188 -0.110196 2.352650
-0.230710 -0.338140 2.310970
-0.222164 -0.464170 2.139750
-0.212915 -0.489984 2.082100
0.154562 -0.114426 2.413830
0.203095 -0.324784 2.393990
0.197331 -0.333389 2.100040
0.194680 -0.344418 1.998010
-0.098153 -0.412496 2.324940
-0.183415 -0.542638 1.999470
-0.266604 -0.766322 2.082680
-0.197150 -0.774438 1.993740
0.053116 -0.416702 2.346420
0.182076 -0.491762 2.052080
0.198804 -0.720345 1.990420
0.214043 -0.758819 1.905100
-0.022147 -0.339360 2.344020
-0.030202 -0.287994 2.386200
-0.022754 0.001908 2.370970
-0.014941 0.210918 2.384870
-0.182018 -0.110263 2.352390
-0.230686 -0.338363 2.310910
-0.222312 -0.464446 2.139720
-0.214610 -0.494825 2.082930
0.154604 -0.115353 2.413210
0.200975 -0.329561 2.391010
0.197601 -0.335605 2.101890
0.195627 -0.346227 2.000340
-0.097564 -0.412144 2.324810
-0.183277 -0.542652 1.999780
-0.276817 -0.767079 2.094190
-0.204962 -0.773629 2.003190
0.054107 -0.416183 2.347010
0.182514 -0.488263 2.052970
0.198875 -0.721041 1.990440
0.216354 -0.759790 1.900340
-0.021510 -0.338770 2.344160
-0.029518 -0.287378 2.385910
-0.022444 0.001622 2.370600
-0.013843 0.211008 2.384790
-0.181769 -0.110306 2.352100
-0.230655 -0.338563 2.310850
-0.222413 -0.464677 2.139680
-0.216162 -0.499894 2.083810
0.154639 -0.116063 2.412740
0.199383 -0.332948 2.388560
0.197533 -0.337422 2.102890
0.196177 -0.347523 2.002080
-0.096914 -0.411787 2.324710
-0.183140 -0.542673 2.000070
-0.264057 -0.766015 2.079780
-0.194497 -0.773954 1.989090
0.055067 -0.415731 2.347620
0.182811 -0.485919 2.053630
0.198943 -0.724481 1.990250
0.217844 -0.763505 1.897050
-0.020902 -0.338255 2.344310
-0.028852 -0.286828 2.385640
-0.022102 0.001332 2.370250
-0.012888 0.211078 2.384710
-0.181448 -0.110322 2.351770
-0.230611 -0.338750 2.310780
-0.222237 -0.464817 2.139540
-0.216911 -0.502443 2.084220
0.154685 -0.116619 2.412400
0.198206 -0.335672 2.386570
0.197185 -0.339083 2.103220
0.196380 -0.348483 2.003350
-0.096296 -0.411465 2.324630
-0.182999 -0.542705 2.000360
-0.275661 -0.766060 2.096340
-0.205537 -0.772764 2.003560
0.055923 -0.415362 2.348200
0.183016 -0.484280 2.054110
0.199017 -0.728697 1.990010
0.218674 -0.768028 1.895090
-0.020300 -0.337811 2.344480
-0.028193 -0.286345 2.385390
-0.021750 0.001055 2.369950
-0.011890 0.211158 2.384630
-0.181029 -0.110294 2.351410
-0.230557 -0.338926 2.310700
-0.222005 -0.464866 2.139370
-0.213433 -0.498006 2.082820
0.154781 -0.117161 2.412110
0.197225 -0.337765 2.385040
0.196556 -0.340576 2.103080
0.196197 -0.349182 2.004230
-0.095668 -0.411163 2.324570
-0.182870 -0.542738 2.000620
-0.281653 -0.766073 2.104690
-0.211452 -0.772158 2.011320
0.056726 -0.415090 2.348770
0.183168 -0.483142 2.054520
0.199132 -0.732665 1.989750
0.219120 -0.772307 1.894070
-0.019804 -0.337457 2.344620
-0.027606 -0.285938 2.385140
-0.021337 0.000790 2.369680
-0.010928 0.211182 2.384520
-0.180548 -0.110235 2.351040
-0.230493 -0.339093 2.310600
-0.222143 -0.465031 2.139280
-0.211814 -0.494362 2.082020
0.154931 -0.117733 2.411840
0.196440 -0.339326 2.383840
0.195756 -0.341872 2.102620
0.195710 -0.349672 2.004790
-0.095160 -0.410901 2.324530
-0.182696 -0.542790 2.000960
-0.285454 -0.766407 2.109960
-0.215274 -0.771929 2.016340
0.057255 -0.414940 2.349210
0.183277 -0.482419 2.054910
0.199224 -0.736015 1.989510
0.219251 -0.775953 1.893640
-0.019305 -0.337176 2.344780
-0.026989 -0.285601 2.384920
-0.020658 0.000456 2.369430
-0.009698 0.211083 2.384250
-0.180012 -0.110145 2.350660
-0.230431 -0.339247 2.310510
-0.222076 -0.465082 2.139130
-0.208626 -0.488042 2.080130
0.155177 -0.118433 2.411580
0.195845 -0.340523 2.382850
0.194900 -0.343005 2.101940
0.195050 -0.350027 2.005090
-0.094676 -0.410679 2.324510
-0.182535 -0.542827 2.001260
-0.287693 -0.766644 2.113010
-0.217517 -0.771829 2.019290
0.057736 -0.414871 2.349640
0.183336 -0.482094 2.055300
0.199307 -0.738736 1.989310
0.219240 -0.778936 1.893550
-0.018835 -0.336964 2.344930
-0.026396 -0.285340 2.384720
-0.019810 0.000035 2.369180
-0.008483 0.210909 2.384030
-0.179373 -0.110042 2.350240
-0.230367 -0.339401 2.310420
-0.221847 -0.465003 2.138840
-0.206117 -0.483378 2.078510
0.155431 -0.119050 2.411370
0.195457 -0.341523 2.382000
0.194118 -0.344057 2.101140
0.194392 -0.350345 2.005190
-0.094227 -0.410501 2.324500
-0.182330 -0.542879 2.001640
-0.262476 -0.767671 2.079380
-0.196061 -0.773818 1.991030
0.058143 -0.414855 2.350020
0.183351 -0.482081 2.055670
0.199384 -0.740825 1.989140
0.219189 -0.781242 1.893650
-0.018404 -0.336799 2.345080
-0.025843 -0.285133 2.384520
-0.018930 -0.000424 2.368970
-0.007410 0.210716 2.383810
-0.178701 -0.109947 2.349820
-0.230305 -0.339543 2.310330
-0.221427 -0.464758 2.138390
-0.204767 -0.480998 2.077630
0.155717 -0.119626 2.411200
0.195158 -0.342336 2.381250
0.193343 -0.345003 2.100240
0.193656 -0.350616 2.005110
-0.093824 -0.410351 2.324510
-0.182095 -0.542937 2.002070
-0.273441 -0.770645 2.093690
-0.204627 -0.774441 2.002440
0.058492 -0.414872 2.350360
0.183324 -0.482310 2.056020
0.199457 -0.742397 1.989010
0.219125 -0.782984 1.893830
-0.017886 -0.336679 2.345240
-0.025214 -0.284972 2.384320
-0.018110 -0.000839 2.368800
-0.006439 0.210482 2.383570
-0.178033 -0.109854 2.349410
-0.230241 -0.339677 2.310250
-0.221383 -0.464741 2.138220
-0.203636 -0.478585 2.077060
0.156006 -0.120178 2.411020
0.194944 -0.343006 2.380590
0.192629 -0.345849 2.099320
0.192917 -0.350862 2.004910
-0.093288 -0.410235 2.324520
-0.181886 -0.542976 2.002430
-0.279839 -0.771899 2.101790
-0.210032 -0.774668 2.009540
0.058895 -0.414922 2.350700
0.183263 -0.482705 2.056350
0.199553 -0.743557 1.988890
0.219096 -0.784251 1.893990
-0.017342 -0.336589 2.345390
-0.024572 -0.284842 2.384110
-0.017365 -0.001212 2.368650
-0.005630 0.210263 2.383370
-0.177397 -0.109766 2.349040
-0.230180 -0.339799 2.310170
-0.221270 -0.464680 2.138020
-0.201502 -0.475540 2.076850
0.156267 -0.120650 2.410880
0.194796 -0.343529 2.380020
0.191997 -0.346561 2.098440
0.192207 -0.351064 2.004630
-0.092707 -0.410148 2.324530
-0.181707 -0.543002 2.002750
-0.284096 -0.772606 2.107190
-0.213819 -0.774776 2.014500
0.059326 -0.414974 2.351040
0.183187 -0.483176 2.056640
0.199641 -0.744424 1.988780
0.219073 -0.785194 1.894150
-0.016856 -0.336521 2.345520
-0.023985 -0.284738 2.383910
-0.016627 -0.001552 2.368510
-0.004898 0.210038 2.383210
-0.176790 -0.109656 2.348710
-0.230123 -0.339916 2.310090
-0.221061 -0.464580 2.137770
-0.199243 -0.472725 2.076800
0.156518 -0.121100 2.410740
0.194680 -0.343973 2.379490
0.191411 -0.347198 2.097570
0.191503 -0.351258 2.004260
-0.092197 -0.410072 2.324540
-0.181559 -0.543021 2.003020
-0.258400 -0.771160 2.076090
-0.194140 -0.775534 1.988600
0.059701 -0.415029 2.351330
0.183096 -0.483687 2.056890
0.199718 -0.745085 1.988700
0.219045 -0.785917 1.894320
-0.016420 -0.336476 2.345640
-0.023449 -0.284660 2.383710
-0.015948 -0.001850 2.368410
-0.004285 0.209837 2.383080
-0.176223 -0.109545 2.348400
-0.230069 -0.340036 2.310000
-0.221446 -0.464759 2.137660
-0.197627 -0.469871 2.077590
0.156745 -0.121492 2.410610
0.194592 -0.344320 2.379010
0.190893 -0.347727 2.096760
0.190844 -0.351418 2.003860
-0.091748 -0.410011 2.324540
-0.181435 -0.543032 2.003240
-0.264228 -0.767944 2.079870
-0.196545 -0.774588 1.990680
0.060034 -0.415087 2.351580
0.183000 -0.484193 2.057110
0.199795 -0.745561 1.988620
0.188551 -0.812938 1.952510
