0.167564 -0.441482 2.608670
0.164004 -0.421831 2.676590
0.167528 -0.159442 2.841170
0.171021 0.039248 2.821740
0.007655 -0.254049 2.778630
-0.041624 -0.447876 2.655080
0.198457 -0.459873 2.518140
0.114931 -0.486727 2.352790
0.315488 -0.251732 2.814650
0.272223 -0.434376 2.614690
0.327818 -0.478399 2.362560
0.344639 -0.500075 2.283760
0.093731 -0.477543 2.555360
0.098614 -0.572750 2.210430
0.076995 -0.706266 2.007980
0.102851 -0.795009 2.003880
0.241539 -0.513178 2.569080
0.376294 -0.555783 2.256550
0.375041 -0.780020 2.103870
0.417186 -0.814273 2.042080
0.121132 -0.434442 2.626420
0.124895 -0.414437 2.692200
0.167510 -0.159434 2.841090
0.171001 0.039258 2.821750
0.007633 -0.254067 2.778620
-0.041619 -0.447880 2.655140
0.194845 -0.459609 2.516460
0.110979 -0.486603 2.351170
0.315485 -0.251731 2.814650
0.272180 -0.434416 2.614710
0.328062 -0.477282 2.359670
0.348415 -0.493072 2.274170
0.032089 -0.468911 2.577400
0.098617 -0.572747 2.210420
0.076999 -0.706296 2.008000
0.102857 -0.795006 2.003870
0.192359 -0.508315 2.587330
0.376290 -0.555778 2.256550
0.375047 -0.780330 2.103810
0.417206 -0.814217 2.042090
0.132382 -0.438918 2.618280
0.131863 -0.417772 2.686880
0.167491 -0.159430 2.841040
0.170985 0.039268 2.821750
0.007615 -0.254092 2.778600
-0.041627 -0.447862 2.655200
0.190434 -0.459261 2.513800
0.107426 -0.486414 2.348220
0.315482 -0.251731 2.814650
0.272063 -0.434405 2.614670
0.328230 -0.474875 2.357440
0.351186 -0.482857 2.267130
0.058026 -0.475212 2.565610
0.098619 -0.572744 2.210420
0.077000 -0.706327 2.008030
0.102862 -0.795004 2.003870
0.202541 -0.511732 2.577260
0.376369 -0.555790 2.256340
0.374999 -0.781083 2.103450
0.417261 -0.814143 2.042070
0.141963 -0.441775 2.612740
0.139492 -0.420441 2.682280
0.167473 -0.159426 2.841000
0.170972 0.039276 2.821750
0.007597 -0.254120 2.778570
-0.041644 -0.447827 2.655280
0.187300 -0.459392 2.512110
0.104362 -0.486665 2.346540
0.315479 -0.251731 2.814650
0.271800 -0.434332 2.614550
0.328600 -0.468854 2.357210
0.333362 -0.482796 2.290620
0.069521 -0.478080 2.560700
0.098621 -0.572743 2.210420
0.076998 -0.706364 2.008070
0.102867 -0.795003 2.003860
0.212254 -0.513657 2.570750
0.376401 -0.555788 2.256250
0.374970 -0.782045 2.102890
0.417374 -0.814049 2.042000
0.148733 -0.443469 2.609200
0.145534 -0.422251 2.678980
0.167456 -0.159423 2.840950
0.170960 0.039288 2.821730
0.007583 -0.254149 2.778540
-0.041668 -0.447785 2.655350
0.181921 -0.462584 2.509130
0.098798 -0.488775 2.345500
0.315471 -0.251731 2.814640
0.271738 -0.434353 2.614530
0.328777 -0.464245 2.357210
0.324662 -0.483850 2.302870
0.077977 -0.479838 2.557260
0.098621 -0.572747 2.210400
0.076987 -0.706411 2.008090
0.102875 -0.795002 2.003860
0.219250 -0.514695 2.566810
0.376414 -0.555790 2.256200
0.374850 -0.783027 2.102470
0.417486 -0.813962 2.041930
0.153660 -0.444489 2.606960
0.150129 -0.423434 2.676730
0.167441 -0.159420 2.840920
0.170937 0.039311 2.821680
0.007574 -0.254178 2.778500
-0.041694 -0.447736 2.655430
0.176670 -0.469156 2.505860
0.090569 -0.496715 2.343260
0.315462 -0.251732 2.814620
0.271363 -0.433946 2.613990
0.328789 -0.461036 2.357080
0.319885 -0.485381 2.309790
0.083398 -0.480857 2.555220
0.098622 -0.572752 2.210390
0.076975 -0.706461 2.008120
0.102884 -0.795003 2.003860
0.224648 -0.515161 2.564450
0.376422 -0.555792 2.256160
0.374664 -0.783961 2.102200
0.417586 -0.813884 2.041870
0.156822 -0.445171 2.605500
0.153256 -0.424226 2.675210
0.167426 -0.159415 2.840890
0.170913 0.039336 2.821620
0.007568 -0.254205 2.778450
-0.041749 -0.447653 2.655590
0.173294 -0.473227 2.503920
0.084944 -0.501556 2.342270
0.315446 -0.251733 2.814600
0.270916 -0.433549 2.613450
0.328834 -0.458517 2.357200
0.316361 -0.487363 2.315540
0.086736 -0.481498 2.553940
0.098623 -0.572758 2.210370
0.076963 -0.706510 2.008150
0.102893 -0.795003 2.003860
0.227670 -0.515602 2.563050
0.376427 -0.555792 2.256140
0.374388 -0.785018 2.102060
0.417682 -0.813813 2.041810
0.159050 -0.445623 2.604530
0.155508 -0.424762 2.674160
0.167418 -0.159411 2.840860
0.170876 0.039381 2.821560
0.007563 -0.254227 2.778400
-0.041827 -0.447518 2.655790
0.170858 -0.476204 2.502550
0.080849 -0.504995 2.341670
0.315433 -0.251729 2.814580
0.270438 -0.433185 2.613020
0.328985 -0.456399 2.357470
0.313873 -0.488973 2.319870
0.088984 -0.481919 2.553100
0.098624 -0.572764 2.210350
0.076950 -0.706565 2.008180
0.102908 -0.795009 2.003860
0.229806 -0.515906 2.562150
0.376431 -0.555793 2.256120
0.374125 -0.785985 2.101950
0.417766 -0.813751 2.041750
0.160624 -0.445929 2.603880
0.157123 -0.425127 2.673440
0.167411 -0.159406 2.840840
0.170846 0.039424 2.821510
0.007552 -0.254248 2.778370
-0.041904 -0.447383 2.655990
0.168769 -0.479275 2.501370
0.077451 -0.508345 2.341150
0.315421 -0.251726 2.814550
0.269982 -0.432865 2.612640
0.329178 -0.454718 2.357820
0.312542 -0.490113 2.322780
0.090530 -0.482209 2.552530
0.098625 -0.572772 2.210330
0.076931 -0.706627 2.008220
0.102926 -0.795017 2.003860
0.231340 -0.516153 2.561580
0.376433 -0.555794 2.256100
0.374229 -0.786459 2.101600
0.417836 -0.813691 2.041710
0.161748 -0.446112 2.603460
0.158279 -0.425360 2.672960
0.167390 -0.159408 2.840790
0.170823 0.039449 2.821480
0.007538 -0.254267 2.778340
-0.041976 -0.447272 2.656160
0.167471 -0.481100 2.500620
0.075155 -0.510319 2.340940
0.315405 -0.251722 2.814530
0.269556 -0.432594 2.612290
0.329355 -0.453429 2.358330
0.312410 -0.491432 2.325200
0.091603 -0.482408 2.552120
0.098626 -0.572779 2.210310
0.076913 -0.706698 2.008270
0.102946 -0.795027 2.003860
0.232556 -0.516303 2.561290
0.376435 -0.555795 2.256090
0.374302 -0.786759 2.101370
0.417912 -0.813635 2.041670
0.162570 -0.446230 2.603180
0.159138 -0.425517 2.672620
0.167381 -0.159410 2.840750
0.170798 0.039470 2.821460
0.007491 -0.254274 2.778340
-0.042071 -0.447105 2.656350
0.166525 -0.482435 2.500100
0.073499 -0.511733 2.340820
0.315386 -0.251717 2.814490
0.269196 -0.432379 2.612000
0.329491 -0.452354 2.358990
0.312773 -0.492378 2.326910
0.092389 -0.482541 2.551840
0.098627 -0.572787 2.210290
0.076907 -0.706795 2.008340
0.102953 -0.795030 2.003860
0.233463 -0.516406 2.561130
0.376435 -0.555796 2.256080
0.374469 -0.786678 2.101130
0.417989 -0.813578 2.041630
0.163213 -0.446265 2.603030
0.159801 -0.425597 2.672400
0.167377 -0.159409 2.840710
0.170782 0.039497 2.821450
0.007441 -0.254279 2.778360
-0.042159 -0.446954 2.656530
0.165737 -0.483519 2.499600
0.072309 -0.512822 2.340560
0.315369 -0.251711 2.814470
0.270402 -0.425088 2.615700
0.324699 -0.451574 2.376870
0.318707 -0.481838 2.338980
0.092946 -0.482596 2.551680
0.098627 -0.572794 2.210280
0.076920 -0.706935 2.008440
0.102964 -0.795036 2.003860
0.234237 -0.516418 2.561180
0.376435 -0.555797 2.256080
0.374854 -0.787405 2.100460
0.418532 -0.813608 2.041040
0.163704 -0.446256 2.602970
0.160304 -0.425638 2.672260
0.167372 -0.159408 2.840670
0.170767 0.039525 2.821430
0.007394 -0.254281 2.778380
-0.042203 -0.446887 2.656600
0.165254 -0.484196 2.499280
0.071479 -0.513517 2.340450
0.315341 -0.251713 2.814420
0.269602 -0.424273 2.615320
0.325701 -0.453652 2.374940
0.321072 -0.483588 2.336240
0.093326 -0.482593 2.551610
0.098628 -0.572801 2.210260
0.076963 -0.707099 2.008560
0.102982 -0.795047 2.003870
0.234865 -0.516386 2.561300
0.376431 -0.555796 2.256080
0.375200 -0.787835 2.099980
0.418728 -0.813585 2.040850
0.164065 -0.446228 2.602960
0.160681 -0.425657 2.672160
0.167364 -0.159409 2.840630
0.170758 0.039536 2.821430
0.007344 -0.254283 2.778400
-0.042236 -0.446839 2.656660
0.164750 -0.486664 2.499420
0.069725 -0.515849 2.341500
0.315296 -0.251720 2.814360
0.268603 -0.423896 2.615150
0.326936 -0.455800 2.371720
0.322985 -0.485871 2.332470
0.093561 -0.482549 2.551620
0.098629 -0.572806 2.210250
0.077011 -0.707263 2.008690
0.102995 -0.795053 2.003870
0.235312 -0.516357 2.561400
0.376427 -0.555796 2.256080
0.375360 -0.787978 2.099800
0.418828 -0.813563 2.040760
0.164372 -0.446144 2.603030
0.160990 -0.425632 2.672130
0.167355 -0.159408 2.840600
0.170734 0.039642 2.821390
0.007324 -0.254284 2.778410
-0.042260 -0.446805 2.656700
0.164677 -0.487458 2.499510
0.068972 -0.516513 2.342210
0.315259 -0.251722 2.814300
0.270720 -0.427506 2.615730
0.328062 -0.457612 2.368370
0.324394 -0.488153 2.328570
0.093717 -0.482463 2.551700
0.098631 -0.572812 2.210230
0.077067 -0.707435 2.008820
0.103022 -0.795072 2.003890
0.235786 -0.516237 2.561650
0.376416 -0.555789 2.256080
0.375458 -0.787669 2.099880
0.418899 -0.813549 2.040690
0.164628 -0.446008 2.603180
0.161246 -0.425564 2.672170
0.167348 -0.159406 2.840570
0.170707 0.039747 2.821340
0.007308 -0.254283 2.778410
-0.042276 -0.446777 2.656700
0.164786 -0.487915 2.499630
0.068485 -0.516772 2.342880
0.315226 -0.251719 2.814240
0.272586 -0.430790 2.616250
0.328980 -0.459003 2.365480
0.326284 -0.491942 2.321940
0.093791 -0.482345 2.551840
0.098633 -0.572819 2.210210
0.077122 -0.707605 2.008950
0.103053 -0.795097 2.003900
0.236250 -0.516048 2.562020
0.376406 -0.555783 2.256090
0.375537 -0.787308 2.100020
0.418963 -0.813532 2.040630
0.164818 -0.445803 2.603420
0.161451 -0.425447 2.672260
0.167342 -0.159405 2.840540
0.170680 0.039862 2.821290
0.007273 -0.254264 2.778430
-0.042480 -0.446778 2.657240
0.164763 -0.488201 2.499830
0.068153 -0.516909 2.343400
0.315192 -0.251712 2.814180
0.272956 -0.432008 2.616130
0.329436 -0.459413 2.363690
0.322095 -0.494751 2.319860
0.093744 -0.482155 2.552040
0.098635 -0.572828 2.210180
0.077175 -0.707785 2.009090
0.103068 -0.795110 2.003910
0.236654 -0.515820 2.562450
0.376396 -0.555777 2.256090
0.375190 -0.786845 2.101250
0.418988 -0.813515 2.040620
0.164918 -0.445611 2.603610
0.161581 -0.425334 2.672330
0.167327 -0.159403 2.840510
0.170650 0.039975 2.821230
0.007178 -0.254220 2.778490
-0.042555 -0.446801 2.657400
0.164823 -0.488395 2.499940
0.068027 -0.516986 2.343700
0.315164 -0.251706 2.814130
0.273049 -0.432871 2.615920
0.329729 -0.459321 2.362220
0.319934 -0.496297 2.319240
0.093601 -0.481952 2.552190
0.098638 -0.572845 2.210140
0.077220 -0.707944 2.009190
0.103081 -0.795123 2.003920
0.236878 -0.515695 2.562710
0.376386 -0.555772 2.256100
0.376237 -0.787589 2.099550
0.419684 -0.813836 2.039730
0.165024 -0.445471 2.603740
0.161691 -0.425240 2.672390
0.167310 -0.159399 2.840470
0.170614 0.040081 2.821160
0.007101 -0.254187 2.778470
-0.042603 -0.446787 2.657480
0.164914 -0.488501 2.500000
0.067978 -0.516980 2.343910
0.315138 -0.251697 2.814080
0.273390 -0.433547 2.615520
0.329723 -0.458575 2.360820
0.317436 -0.497504 2.319660
0.093574 -0.481825 2.552240
0.098641 -0.572865 2.210090
0.077257 -0.708066 2.009260
0.103089 -0.795132 2.003920
0.237084 -0.515623 2.562910
0.376373 -0.555767 2.256120
0.377404 -0.788372 2.097900
0.421301 -0.814577 2.037620
0.165111 -0.445351 2.603850
0.161781 -0.425155 2.672430
0.167292 -0.159395 2.840420
0.170578 0.040146 2.821040
0.007007 -0.254156 2.778450
-0.042664 -0.446754 2.657550
0.164986 -0.488550 2.500040
0.067984 -0.516920 2.344040
0.315091 -0.251694 2.813990
0.273651 -0.434126 2.615050
0.329687 -0.457759 2.359780
0.309975 -0.499962 2.327830
0.093558 -0.481713 2.552260
0.098641 -0.572885 2.210030
0.077288 -0.708166 2.009320
0.103096 -0.795141 2.003920
0.237249 -0.515578 2.563090
0.376366 -0.555760 2.256130
0.379967 -0.788894 2.092890
0.425752 -0.817662 2.033110
0.165180 -0.445237 2.603960
0.161852 -0.425069 2.672480
0.167281 -0.159393 2.840380
0.170540 0.040150 2.820930
0.006935 -0.254151 2.778370
-0.042719 -0.446706 2.657600
0.165022 -0.488631 2.500060
0.067997 -0.516933 2.344110
0.315038 -0.251698 2.813890
0.273772 -0.434569 2.614550
0.329595 -0.457015 2.359050
0.329887 -0.474088 2.298360
0.093537 -0.481607 2.552270
0.098636 -0.572916 2.209950
0.077312 -0.708246 2.009350
0.103098 -0.795146 2.003920
0.237398 -0.515536 2.563290
0.376346 -0.555747 2.256170
0.382079 -0.789210 2.088570
0.428813 -0.819866 2.030030
0.120489 -0.435507 2.625560
0.124466 -0.415405 2.691180
0.167268 -0.159391 2.840330
0.170497 0.040047 2.820750
0.006876 -0.254139 2.778280
-0.042804 -0.446587 2.657630
0.165063 -0.488644 2.500060
0.068096 -0.516848 2.344090
0.314983 -0.251701 2.813790
0.273527 -0.434826 2.614170
0.329454 -0.456476 2.358690
0.341254 -0.461256 2.284160
0.032334 -0.469253 2.575400
0.098630 -0.572945 2.209860
0.077332 -0.708314 2.009380
0.103091 -0.795145 2.003910
0.190560 -0.510338 2.587890
0.376280 -0.555766 2.256240
0.384324 -0.789815 2.083650
0.432409 -0.822310 2.026890
0.095751 -0.430110 2.637480
0.106086 -0.410649 2.700360
0.167256 -0.159392 2.840280
0.170443 0.039893 2.820480
0.006807 -0.254130 2.778180
-0.042883 -0.446396 2.657630
0.165115 -0.488635 2.500050
0.068232 -0.516747 2.344030
0.314927 -0.251702 2.813680
0.272807 -0.434912 2.613450
0.325761 -0.449637 2.359470
0.343120 -0.445197 2.277420
-0.007445 -0.461283 2.590400
0.098616 -0.572982 2.209760
0.077348 -0.708372 2.009390
0.103083 -0.795143 2.003900
0.163925 -0.507219 2.601720
0.376159 -0.555951 2.256190
0.386660 -0.790779 2.078400
0.436504 -0.824930 2.023920
0.085837 -0.427940 2.642340
0.097817 -0.408482 2.704540
0.167236 -0.159390 2.840180
0.170382 0.039694 2.820110
0.006729 -0.254136 2.778030
-0.042968 -0.446184 2.657630
0.165102 -0.489942 2.500120
0.073430 -0.520158 2.340490
0.314870 -0.251696 2.813570
0.265097 -0.427219 2.605970
0.320079 -0.439090 2.362220
0.343820 -0.436688 2.275820
-0.021119 -0.458612 2.595560
0.098482 -0.573118 2.209170
0.077357 -0.708551 2.009300
0.103051 -0.795129 2.003860
0.153688 -0.506051 2.607410
0.375942 -0.556903 2.255260
0.388403 -0.791540 2.074400
0.426537 -0.831954 2.010520
0.116383 -0.424787 2.642780
0.120489 -0.406303 2.704730
0.167216 -0.159410 2.840010
0.170230 0.039279 2.819450
0.006645 -0.254149 2.777880
-0.043038 -0.445986 2.657620
0.165015 -0.490886 2.500070
0.077640 -0.523443 2.337130
0.314821 -0.251694 2.813460
0.257060 -0.421619 2.601440
0.313913 -0.435106 2.361540
0.332719 -0.431110 2.273410
0.023341 -0.465302 2.585880
0.098292 -0.573306 2.208390
0.077384 -0.708884 2.009180
0.103011 -0.795109 2.003820
0.198494 -0.498006 2.610850
0.378856 -0.568318 2.236690
0.389703 -0.792127 2.071380
0.427379 -0.838462 2.011500
0.117354 -0.423996 2.642990
0.121900 -0.405599 2.704900
0.167220 -0.159474 2.839650
0.169724 0.038230 2.817640
0.006552 -0.254160 2.777710
-0.043106 -0.445783 2.657620
0.163999 -0.493976 2.499390
0.080900 -0.529429 2.332450
0.314743 -0.251711 2.813240
0.299080 -0.430350 2.602570
0.299670 -0.420402 2.358570
0.286704 -0.397166 2.268480
0.013858 -0.463335 2.587400
0.098079 -0.573510 2.207560
0.077430 -0.709348 2.009070
0.102962 -0.795080 2.003760
0.194367 -0.498710 2.610970
0.380166 -0.573552 2.228100
0.390582 -0.792460 2.069270
0.429184 -0.840983 2.012410
0.117764 -0.423865 2.642120
0.122772 -0.405371 2.704430
0.167241 -0.159595 2.839140
0.168980 0.036967 2.815160
0.006464 -0.254169 2.777530
-0.043187 -0.445541 2.657600
0.165326 -0.493253 2.500590
0.181819 -0.451785 2.430860
0.314635 -0.251748 2.812960
0.321058 -0.435604 2.603240
0.274173 -0.383736 2.372620
0.244218 -0.336634 2.313930
0.013837 -0.463143 2.585720
0.097903 -0.573880 2.206090
0.077553 -0.710122 2.008780
0.102910 -0.795049 2.003690
0.192881 -0.500140 2.608850
0.381078 -0.576817 2.222520
0.391120 -0.792574 2.067930
0.431306 -0.840936 2.014340
0.117952 -0.424036 2.640830
0.123447 -0.405445 2.703530
0.167226 -0.159791 2.838360
0.168318 0.035971 2.813020
0.006330 -0.254196 2.777350
-0.043264 -0.445298 2.657570
0.173928 -0.484617 2.510570
0.251714 -0.397384 2.411950
0.314523 -0.251782 2.812680
0.326979 -0.436610 2.602540
0.259196 -0.358925 2.376510
0.221875 -0.301160 2.318970
0.014001 -0.463041 2.583900
0.097891 -0.574113 2.205290
0.077655 -0.710685 2.008630
0.102857 -0.795013 2.003630
0.192461 -0.501025 2.607540
0.381707 -0.578845 2.218930
0.391516 -0.792611 2.066920
0.433216 -0.840099 2.016370
0.117869 -0.424412 2.639380
0.123767 -0.405658 2.702490
0.167173 -0.160106 2.837030
0.167597 0.035200 2.810900
0.006230 -0.254321 2.776830
-0.043331 -0.445058 2.657570
0.163764 -0.426412 2.495630
0.295598 -0.351843 2.412800
0.314435 -0.251804 2.812400
0.324511 -0.437874 2.602300
0.250409 -0.343305 2.381670
0.212823 -0.285080 2.324770
0.014128 -0.463005 2.582280
0.097910 -0.574318 2.204590
0.077730 -0.711161 2.008470
0.102800 -0.794975 2.003550
0.191829 -0.501975 2.606130
0.382090 -0.580137 2.216680
0.392252 -0.792569 2.065620
0.435370 -0.840426 2.017800
0.117542 -0.424707 2.638270
0.123787 -0.405854 2.701640
0.167136 -0.160432 2.835770
0.166543 0.034083 2.807250
0.006116 -0.254477 2.776320
-0.043415 -0.444825 2.657640
0.159617 -0.404511 2.490070
0.317199 -0.333556 2.417560
0.314419 -0.251757 2.812220
0.352740 -0.444589 2.626140
0.248321 -0.338347 2.423040
0.217339 -0.303703 2.390650
0.014112 -0.462987 2.581070
0.097933 -0.574478 2.204040
0.077768 -0.711550 2.008340
0.102740 -0.794933 2.003470
0.191071 -0.502747 2.605010
0.382382 -0.581022 2.215040
0.393107 -0.792591 2.064220
0.437578 -0.840853 2.018890
0.147918 -0.425834 2.626340
0.139314 -0.407549 2.693540
0.167096 -0.160788 2.834500
0.165013 0.033645 2.801600
0.006018 -0.254646 2.775760
-0.043493 -0.444609 2.657720
0.077755 -0.456881 2.486160
0.148936 -0.455092 2.433790
0.314635 -0.251423 2.812170
0.355726 -0.445181 2.627930
0.240844 -0.325065 2.440450
0.204978 -0.281299 2.415190
0.058204 -0.467215 2.563820
0.097984 -0.574629 2.203480
0.077782 -0.711872 2.008170
0.102680 -0.794893 2.003380
0.225922 -0.501965 2.594320
0.382626 -0.581477 2.213920
0.393840 -0.792608 2.063050
0.439504 -0.840942 2.019640
0.160302 -0.426303 2.621480
0.148033 -0.408500 2.689080
0.167049 -0.161125 2.833350
0.163906 0.033399 2.797440
0.005862 -0.254813 2.775320
-0.043593 -0.444413 2.657860
0.046610 -0.470447 2.484190
0.111130 -0.480466 2.442270
0.315282 -0.250418 2.812500
0.357176 -0.444729 2.628920
0.236863 -0.316385 2.452640
0.201862 -0.273906 2.430600
0.080702 -0.469818 2.555480
0.098039 -0.574754 2.203000
0.077783 -0.712140 2.008010
0.102620 -0.794852 2.003290
0.241612 -0.501416 2.589360
0.382830 -0.581642 2.213230
0.394474 -0.792623 2.062100
0.441117 -0.840802 2.020090
0.167097 -0.426517 2.619310
0.153963 -0.409033 2.686730
0.167018 -0.161491 2.832270
0.162592 0.032355 2.793080
0.005673 -0.254984 2.774930
-0.043630 -0.444249 2.657940
0.029545 -0.483223 2.483400
0.071818 -0.509642 2.444630
0.315864 -0.249660 2.812670
0.356236 -0.443242 2.627460
0.233497 -0.305633 2.465960
0.199828 -0.267139 2.441620
0.090417 -0.470974 2.552000
0.098072 -0.574823 2.202750
0.077775 -0.712317 2.007930
0.102504 -0.794783 2.003140
0.250733 -0.501006 2.588070
0.383004 -0.581642 2.212850
0.395022 -0.792644 2.061310
0.462213 -0.814546 2.016990
0.171340 -0.426626 2.617990
0.157969 -0.409325 2.685320
0.166975 -0.161901 2.831170
0.161587 0.031649 2.789390
0.005403 -0.255126 2.774610
-0.043638 -0.444116 2.657980
0.020948 -0.490191 2.482850
0.053834 -0.522699 2.446400
0.316377 -0.249120 2.812690
0.352444 -0.441442 2.623990
0.228512 -0.286887 2.470650
0.189411 -0.256586 2.449150
0.096341 -0.471629 2.549730
0.098098 -0.574866 2.202590
0.077771 -0.712445 2.007880
0.102380 -0.794709 2.002970
0.256655 -0.500738 2.587710
0.383135 -0.581479 2.212740
0.395484 -0.792659 2.060670
0.463781 -0.814520 2.017390
0.185987 -0.405954 2.639920
0.170823 -0.398089 2.695790
0.166924 -0.162310 2.830180
0.160784 0.030966 2.786420
0.005050 -0.255262 2.774360
-0.043625 -0.443995 2.658000
0.019455 -0.495215 2.482740
0.042565 -0.531151 2.446790
0.317165 -0.248822 2.812380
0.350425 -0.438653 2.622110
0.225717 -0.276304 2.475500
0.182206 -0.242884 2.461190
0.106866 -0.462168 2.544980
0.098128 -0.574889 2.202480
0.077763 -0.712555 2.007870
0.102242 -0.794622 2.002790
0.275649 -0.498714 2.625720
0.383241 -0.581238 2.212780
0.395897 -0.792660 2.060130
0.469953 -0.806670 2.016560
0.190472 -0.397706 2.649100
0.176649 -0.391977 2.701780
0.166873 -0.162656 2.829360
0.160157 0.030397 2.784250
0.004683 -0.255384 2.774090
-0.043588 -0.443815 2.658050
0.023585 -0.497608 2.483320
0.039613 -0.534079 2.445060
0.318859 -0.249853 2.810110
0.347822 -0.436003 2.620680
0.222800 -0.267336 2.480340
0.177310 -0.230315 2.470840
0.111492 -0.456184 2.542360
0.098156 -0.574904 2.202400
0.077755 -0.712626 2.007860
0.102108 -0.794537 2.002600
0.280292 -0.498845 2.645300
0.383314 -0.580912 2.212970
0.396192 -0.792378 2.059940
0.461782 -0.811738 2.016980
0.192467 -0.393125 2.654400
0.179708 -0.388029 2.705810
0.166822 -0.162928 2.828630
0.159614 0.030010 2.782310
0.004367 -0.255450 2.773830
-0.043547 -0.443634 2.658100
0.029826 -0.498186 2.484090
0.043479 -0.532502 2.442220
0.320257 -0.250794 2.808190
0.345484 -0.434936 2.619650
0.209024 -0.245087 2.492800
0.175179 -0.231338 2.466160
0.113760 -0.451795 2.540960
0.098183 -0.574911 2.202360
0.077745 -0.712676 2.007840
0.101975 -0.794450 2.002420
0.281442 -0.499015 2.655550
0.383367 -0.580556 2.213250
0.396427 -0.792001 2.059900
0.454735 -0.816157 2.017560
0.192602 -0.390080 2.658370
0.181197 -0.384983 2.709110
0.166725 -0.163065 2.827790
0.159229 0.029709 2.780860
0.004052 -0.255491 2.773590
-0.043552 -0.443368 2.658260
0.034886 -0.497857 2.485250
0.049457 -0.528988 2.439960
0.322003 -0.253550 2.802480
0.344844 -0.433632 2.620910
0.204827 -0.237485 2.498910
0.171844 -0.226735 2.467430
0.113913 -0.448052 2.540410
0.098223 -0.574897 2.202390
0.077760 -0.712805 2.007960
0.101854 -0.794368 2.002250
0.279246 -0.499769 2.663590
0.383260 -0.579876 2.214330
0.396613 -0.791501 2.060030
0.449287 -0.819464 2.018200
0.191528 -0.388075 2.661410
0.181609 -0.382437 2.711990
0.166543 -0.163019 2.826740
0.158952 0.029499 2.779790
0.003702 -0.255519 2.773310
-0.043560 -0.443112 2.658420
0.039117 -0.497088 2.486190
0.056017 -0.524852 2.438090
0.323294 -0.255977 2.797600
0.351763 -0.428593 2.629400
0.203022 -0.234147 2.504620
0.173616 -0.206066 2.500210
0.112959 -0.445135 2.540310
0.098260 -0.574870 2.202460
0.077788 -0.712971 2.008150
0.101744 -0.794293 2.002100
0.276291 -0.500812 2.669780
0.382880 -0.578867 2.216790
0.396572 -0.790563 2.060570
0.444564 -0.821489 2.019370
0.188956 -0.387342 2.663280
0.181244 -0.380566 2.714130
0.166232 -0.162428 2.825120
0.158580 0.029410 2.778580
0.003325 -0.255536 2.773000
-0.043563 -0.442870 2.658570
0.040778 -0.497088 2.486530
0.060570 -0.521893 2.436510
0.323961 -0.257933 2.793380
0.358310 -0.424520 2.636510
0.203890 -0.231189 2.517050
0.180224 -0.191256 2.525210
0.110371 -0.443031 2.540880
0.098290 -0.574845 2.202530
0.077811 -0.713133 2.008330
0.101643 -0.794223 2.001960
0.272125 -0.501995 2.673130
0.382598 -0.578153 2.218700
0.396078 -0.784939 2.069860
0.434442 -0.819382 2.025950
0.186176 -0.387314 2.664250
0.180501 -0.379170 2.715710
0.165486 -0.161466 2.822370
0.158283 0.029429 2.777500
0.002963 -0.255545 2.772690
-0.043588 -0.442643 2.658770
0.042777 -0.496446 2.487020
0.064628 -0.519009 2.435470
0.324591 -0.260342 2.788520
0.363285 -0.421849 2.641630
0.199275 -0.238815 2.521590
0.181820 -0.186149 2.533370
0.107713 -0.441647 2.541540
0.098326 -0.574811 2.202640
0.077840 -0.713297 2.008560
0.101553 -0.794159 2.001830
0.268473 -0.503031 2.674720
0.382377 -0.577623 2.220260
0.394393 -0.780486 2.076390
0.405118 -0.816124 2.023200
0.183200 -0.387830 2.664480
0.179324 -0.378163 2.716780
0.164119 -0.160503 2.818630
0.158055 0.029577 2.776670
0.002641 -0.255589 2.772370
-0.043599 -0.442459 2.658920
0.044962 -0.494096 2.487060
0.068828 -0.514409 2.434140
0.325040 -0.262205 2.784440
0.366650 -0.420172 2.645360
0.195460 -0.250597 2.521470
0.148332 -0.214983 2.494020
0.104987 -0.440841 2.542450
0.098361 -0.574780 2.202760
0.077867 -0.713457 2.008790
0.101496 -0.794119 2.001730
0.265144 -0.503831 2.674960
0.382212 -0.577239 2.221430
0.393123 -0.777055 2.080580
0.392666 -0.813890 2.020750
0.180616 -0.388906 2.664100
0.178145 -0.377656 2.717380
0.161463 -0.159987 2.815040
0.157841 0.029705 2.776010
0.002333 -0.255663 2.772000
-0.043576 -0.442312 2.659000
0.047449 -0.491473 2.487040
0.073071 -0.510067 2.433170
0.325653 -0.265929 2.777350
0.372355 -0.421612 2.648890
0.195780 -0.267828 2.518120
0.141740 -0.229600 2.481130
0.103178 -0.440547 2.543060
0.098398 -0.574744 2.202890
0.077896 -0.713603 2.009030
0.101449 -0.794083 2.001650
0.262958 -0.504717 2.674350
0.382137 -0.577028 2.222100
0.392757 -0.775600 2.082140
0.385982 -0.814169 2.013650
0.178683 -0.389357 2.664330
0.176662 -0.377206 2.718060
0.154086 -0.162094 2.809340
0.157644 0.029876 2.775530
0.002043 -0.255751 2.771600
-0.043547 -0.442201 2.659040
0.049303 -0.489571 2.486890
0.076283 -0.506901 2.432430
0.326213 -0.268727 2.771770
0.376224 -0.423720 2.651310
0.196467 -0.280016 2.515480
0.136831 -0.240653 2.470560
0.102038 -0.440257 2.543440
0.098526 -0.574656 2.203380
0.077981 -0.713763 2.009520
0.101411 -0.794053 2.001570
0.262146 -0.505343 2.675510
0.381405 -0.576434 2.225960
0.392498 -0.774475 2.083110
0.382525 -0.814344 2.008320
0.161366 -0.422247 2.639240
0.159908 -0.401076 2.697470
0.149380 -0.162249 2.804940
0.157459 0.030061 2.775160
0.001778 -0.255848 2.771220
-0.043514 -0.442107 2.659070
0.050535 -0.488394 2.486780
0.078512 -0.504832 2.431930
0.326696 -0.270461 2.768220
0.379809 -0.425764 2.653330
0.197137 -0.284408 2.517930
0.134271 -0.243071 2.470400
0.068855 -0.485092 2.577210
0.098672 -0.574516 2.204100
0.078081 -0.713850 2.010080
0.101379 -0.794026 2.001500
0.259834 -0.502944 2.609000
0.381748 -0.576556 2.225500
0.392185 -0.773502 2.083940
0.380011 -0.813991 2.006030
0.152615 -0.439286 2.626770
0.151825 -0.413438 2.688320
0.144687 -0.164108 2.803200
0.157309 0.030220 2.774900
0.001540 -0.255946 2.770870
-0.043485 -0.442025 2.659080
0.051875 -0.487076 2.486800
0.080741 -0.502819 2.431730
0.327114 -0.271740 2.765470
0.382192 -0.427839 2.654740
0.197778 -0.287562 2.519920
0.133170 -0.244233 2.471780
0.047676 -0.514278 2.599060
0.098817 -0.574373 2.204820
0.078190 -0.713881 2.010620
0.101350 -0.794001 2.001440
0.258642 -0.501726 2.567000
0.382269 -0.576882 2.224530
0.391912 -0.772780 2.084510
0.378623 -0.814053 2.004480
0.148773 -0.446649 2.621420
0.148043 -0.419006 2.684160
0.142678 -0.164367 2.801530
0.157157 0.030481 2.774680
0.001360 -0.256004 2.770540
-0.043431 -0.441956 2.659040
0.052808 -0.486260 2.486700
0.082331 -0.501495 2.431520
0.327513 -0.272706 2.763420
0.384065 -0.429913 2.655810
0.198680 -0.289712 2.521860
0.133629 -0.244245 2.474620
0.040534 -0.523754 2.606400
0.098937 -0.574244 2.205440
0.078284 -0.713853 2.011040
0.101336 -0.793988 2.001400
0.257950 -0.501590 2.553310
0.382805 -0.577250 2.223360
0.391818 -0.772479 2.084320
0.379897 -0.814883 2.001630
0.146347 -0.451145 2.618150
0.145757 -0.422316 2.681620
0.141473 -0.164183 2.799980
0.157016 0.030684 2.774510
0.001222 -0.256047 2.770240
-0.043369 -0.441890 2.658970
0.053308 -0.485882 2.486600
0.083230 -0.500772 2.431340
0.327808 -0.273329 2.761960
0.385330 -0.431374 2.656500
0.199557 -0.290977 2.523610
0.134762 -0.243416 2.477950
0.036108 -0.529760 2.611050
0.099166 -0.574038 2.206430
0.078399 -0.713695 2.011610
0.101325 -0.793977 2.001360
0.257511 -0.501555 2.544580
0.383375 -0.577645 2.222040
0.391735 -0.772315 2.083920
0.381355 -0.815345 1.999480
0.144971 -0.454052 2.616100
0.144261 -0.424587 2.679910
0.141047 -0.163410 2.798480
0.156845 0.030943 2.774380
0.001112 -0.256092 2.770000
-0.043301 -0.441834 2.658880
0.053664 -0.485684 2.486500
0.083911 -0.500294 2.431210
0.328038 -0.273745 2.760900
0.385353 -0.432959 2.656780
0.200011 -0.291488 2.525040
0.135678 -0.241749 2.481100
0.035320 -0.531211 2.612480
0.099376 -0.573873 2.207350
0.078504 -0.713514 2.012140
0.101318 -0.793969 2.001330
0.257557 -0.501863 2.543520
0.383979 -0.578072 2.220640
0.391675 -0.772282 2.083350
0.382821 -0.815631 1.997840
0.146134 -0.454730 2.615670
0.146293 -0.423227 2.679800
0.156609 -0.130383 2.779770
0.155172 0.042179 2.772090
0.001024 -0.256127 2.769790
-0.043256 -0.441765 2.658890
0.053823 -0.485568 2.486500
0.084356 -0.499979 2.431180
0.328158 -0.273819 2.759770
0.385355 -0.433737 2.656160
0.200347 -0.291244 2.526080
0.136393 -0.239738 2.483620
0.039682 -0.528472 2.610950
0.099521 -0.573757 2.207990
0.078575 -0.713294 2.012520
0.101312 -0.793961 2.001310
0.259592 -0.502587 2.550560
0.384489 -0.578517 2.219420
0.391751 -0.772502 2.082410
0.384545 -0.814961 1.995680
0.160882 -0.460042 2.627160
0.157082 -0.429493 2.687750
0.152784 -0.155815 2.790890
0.154829 0.043421 2.771840
0.000914 -0.256221 2.769590
-0.043227 -0.441724 2.658880
0.053957 -0.485413 2.486480
0.084707 -0.499686 2.431120
0.328241 -0.273773 2.758870
0.380235 -0.427377 2.639730
0.197943 -0.286470 2.525000
0.134214 -0.234110 2.485060
0.069159 -0.535546 2.615810
0.099643 -0.573661 2.208520
0.078635 -0.713031 2.012830
0.101306 -0.793954 2.001290
0.275331 -0.511234 2.575000
0.384913 -0.578909 2.218410
0.391823 -0.772784 2.081390
0.385800 -0.815271 1.994550
0.163662 -0.461107 2.629520
0.159797 -0.431533 2.689770
0.150430 -0.169405 2.796760
0.154582 0.044049 2.771690
0.000830 -0.256321 2.769380
-0.043195 -0.441696 2.658850
0.054019 -0.485311 2.486400
0.084963 -0.499473 2.431080
0.328304 -0.273602 2.758120
0.376841 -0.423818 2.630680
0.195566 -0.281512 2.523930
0.132176 -0.228573 2.486280
0.071347 -0.530289 2.611660
0.099744 -0.573583 2.208960
0.078690 -0.712732 2.013080
0.101307 -0.793954 2.001280
0.277145 -0.512894 2.580150
0.385257 -0.579257 2.217570
0.391923 -0.773173 2.080290
0.387029 -0.815966 1.993790
0.165103 -0.460737 2.631380
0.161228 -0.432577 2.690890
0.149631 -0.176482 2.799140
0.154423 0.044260 2.771660
0.000757 -0.256433 2.769150
-0.043169 -0.441670 2.658820
0.053765 -0.485505 2.486260
0.084954 -0.499547 2.431030
0.328436 -0.273380 2.757570
0.373995 -0.421815 2.625250
0.193163 -0.277158 2.522910
0.130202 -0.223907 2.487120
0.070612 -0.524462 2.607710
0.099828 -0.573520 2.209310
0.078736 -0.712458 2.013250
0.101367 -0.794001 2.001310
0.277383 -0.513499 2.583540
0.385546 -0.579580 2.216870
0.392063 -0.773652 2.079170
0.388188 -0.816761 1.993220
0.165528 -0.459429 2.632640
0.162134 -0.433180 2.691650
0.149237 -0.180713 2.800450
0.154259 0.044123 2.771580
0.000695 -0.256588 2.768900
-0.043144 -0.441648 2.658780
0.053454 -0.485759 2.486120
0.084850 -0.499715 2.431000
0.328673 -0.273100 2.757020
0.376525 -0.423252 2.627720
0.193016 -0.276178 2.523130
0.130403 -0.223026 2.488290
0.068796 -0.519639 2.604440
0.099896 -0.573470 2.209600
0.078770 -0.712200 2.013360
0.101435 -0.794056 2.001360
0.275763 -0.513252 2.585320
0.385801 -0.579887 2.216290
0.392148 -0.774096 2.078220
0.389030 -0.817470 1.992920
0.165145 -0.457522 2.633340
0.162542 -0.433228 2.692170
0.149008 -0.183194 2.801190
0.154170 0.043926 2.771530
0.000667 -0.256750 2.768590
-0.043122 -0.441631 2.658760
0.053119 -0.486047 2.486020
0.084672 -0.499959 2.431000
0.328968 -0.272773 2.756500
0.376258 -0.423172 2.626780
0.192521 -0.275121 2.523030
0.130061 -0.221871 2.488820
0.066640 -0.515794 2.601810
0.100008 -0.573392 2.210030
0.078787 -0.711937 2.013400
0.101580 -0.794149 2.001460
0.273241 -0.512545 2.586000
0.386029 -0.580172 2.215790
0.391919 -0.774203 2.077880
0.388947 -0.817622 1.993940
0.165048 -0.454839 2.632710
0.162896 -0.432717 2.692030
0.148883 -0.184932 2.801690
0.154075 0.043464 2.771550
0.000638 -0.256915 2.768340
-0.042985 -0.441784 2.658470
0.052662 -0.486812 2.485490
0.084373 -0.500544 2.430760
0.329362 -0.272654 2.755760
0.375745 -0.423448 2.625760
0.191973 -0.274283 2.522780
0.129713 -0.221004 2.489140
0.066405 -0.511489 2.596140
0.100102 -0.573326 2.210370
0.078688 -0.711578 2.013000
0.101711 -0.794227 2.001550
0.271477 -0.511136 2.585360
0.386214 -0.580414 2.215380
0.391840 -0.774401 2.077350
0.389217 -0.818038 1.994130
0.166943 -0.452974 2.633760
0.164225 -0.431929 2.692690
0.148799 -0.186195 2.802050
0.154014 0.042826 2.771570
0.000610 -0.257063 2.768100
-0.042658 -0.442341 2.657970
0.052263 -0.487640 2.484740
0.084069 -0.501118 2.430380
0.329847 -0.272651 2.754710
0.380698 -0.428676 2.632650
0.193411 -0.275852 2.523580
0.131601 -0.223444 2.490170
0.069579 -0.510819 2.596170
0.100280 -0.573198 2.210990
0.078583 -0.711227 2.012570
0.101787 -0.794271 2.001620
0.274897 -0.509994 2.587980
0.386374 -0.580643 2.215030
0.391545 -0.774441 2.077150
0.388764 -0.817844 1.995080
0.172915 -0.451561 2.637180
0.168622 -0.430715 2.695190
0.148793 -0.187036 2.802230
0.153919 0.042090 2.771660
0.000588 -0.257196 2.767880
-0.042570 -0.442411 2.658660
0.051014 -0.488208 2.485360
0.083032 -0.501700 2.430780
0.330543 -0.272623 2.753480
0.383595 -0.432012 2.636690
0.194941 -0.276885 2.524510
0.133505 -0.224871 2.491330
0.079385 -0.514158 2.600780
0.100283 -0.573170 2.211090
0.077724 -0.710781 2.009890
0.101845 -0.794304 2.001670
0.283631 -0.509355 2.593600
0.386509 -0.580848 2.214740
0.391208 -0.774450 2.077030
0.388125 -0.817325 1.995940
0.176971 -0.450781 2.639660
0.171928 -0.429796 2.697180
0.148890 -0.187440 2.802240
0.153811 0.041182 2.771700
0.000581 -0.257320 2.767650
-0.042501 -0.442453 2.659390
0.049857 -0.488734 2.486030
0.081980 -0.502297 2.431250
0.331200 -0.272529 2.752270
0.384586 -0.433427 2.638030
0.195621 -0.277376 2.524850
0.134402 -0.225600 2.491840
0.085040 -0.516817 2.604550
0.100308 -0.573145 2.211190
0.077077 -0.710383 2.007700
0.101896 -0.794331 2.001710
0.288815 -0.509065 2.597010
0.386622 -0.581027 2.214490
0.390840 -0.774380 2.076880
0.406616 -0.822878 2.022800
0.179666 -0.450367 2.641440
0.174341 -0.429123 2.698710
0.149104 -0.187452 2.802090
0.153737 0.040208 2.771830
0.000586 -0.257421 2.767440
-0.042852 -0.441919 2.661500
0.048031 -0.489025 2.488040
0.080485 -0.502867 2.432500
0.331847 -0.272350 2.750970
0.384385 -0.433711 2.636760
0.195836 -0.277384 2.524870
0.134728 -0.225736 2.492070
0.088419 -0.518804 2.607490
0.100339 -0.573116 2.211300
0.076772 -0.710098 2.006730
0.101929 -0.794346 2.001740
0.291758 -0.508997 2.599100
0.386737 -0.581204 2.214250
0.390506 -0.774295 2.076740
0.414762 -0.824705 2.033350
0.181406 -0.450131 2.642750
0.176048 -0.428619 2.699930
0.149369 -0.187128 2.801900
0.153674 0.039332 2.771960
0.000591 -0.257493 2.767310
-0.043199 -0.441438 2.663340
0.046618 -0.489208 2.489750
0.079200 -0.503340 2.433670
0.332494 -0.272185 2.749400
0.383414 -0.433354 2.633750
0.195876 -0.277222 2.524680
0.134850 -0.225670 2.492150
0.090401 -0.520068 2.609510
0.100366 -0.573092 2.211390
0.076530 -0.709862 2.005950
0.101952 -0.794356 2.001760
0.293464 -0.509049 2.600580
0.386830 -0.581365 2.214050
0.390247 -0.774236 2.076610
0.419257 -0.825596 2.038650
0.182531 -0.449915 2.643670
0.177250 -0.428202 2.700840
0.149785 -0.186603 2.801610
0.153657 0.038607 2.772100
0.000593 -0.257556 2.767200
-0.043483 -0.441072 2.664780
0.045676 -0.488856 2.491140
0.078280 -0.503324 2.434660
0.333080 -0.272049 2.747930
0.382036 -0.432626 2.630160
0.195831 -0.276697 2.524450
0.134848 -0.225048 2.492250
0.091372 -0.520833 2.611040
0.100441 -0.573028 2.211660
0.076383 -0.709701 2.005510
0.101967 -0.794362 2.001780
0.294584 -0.509029 2.601550
0.386907 -0.581508 2.213880
0.389957 -0.774168 2.076570
0.400084 -0.817822 2.019850
0.185196 -0.449823 2.644030
0.179696 -0.427743 2.701400
0.150393 -0.185853 2.801330
0.153645 0.037976 2.772220
0.000596 -0.257614 2.767110
-0.043606 -0.440988 2.665590
0.045142 -0.488675 2.491880
0.077673 -0.503299 2.435280
0.333540 -0.271950 2.746610
0.379777 -0.430200 2.623660
0.195252 -0.275396 2.523750
0.134210 -0.223585 2.492140
0.096983 -0.522224 2.610240
0.100520 -0.572965 2.211920
0.076273 -0.709573 2.005200
0.101979 -0.794367 2.001790
0.296546 -0.508623 2.601950
0.386980 -0.581635 2.213720
0.389776 -0.774073 2.076470
0.391529 -0.813880 2.009750
0.187382 -0.449937 2.644480
0.181848 -0.427452 2.702020
0.151095 -0.184970 2.801170
0.153640 0.037400 2.772340
0.000591 -0.257660 2.767060
-0.043688 -0.440956 2.666170
0.044833 -0.488263 2.492480
0.077242 -0.503054 2.435800
0.333902 -0.271818 2.745460
0.377282 -0.428093 2.618390
0.194260 -0.273870 2.522820
0.133146 -0.221880 2.491820
0.100184 -0.523460 2.610530
0.100585 -0.572901 2.212170
0.076186 -0.709463 2.004970
0.101986 -0.794366 2.001790
0.298128 -0.508379 2.602300
0.387036 -0.581741 2.213600
0.389682 -0.774059 2.076310
0.387171 -0.812346 2.003060
0.188592 -0.450026 2.644950
0.183238 -0.427243 2.702640
0.151912 -0.183940 2.801230
0.153626 0.036980 2.772450
0.000590 -0.257711 2.767000
-0.043753 -0.440911 2.666540
0.064331 -0.484171 2.469210
0.109392 -0.496667 2.396720
0.334199 -0.271686 2.744470
0.375256 -0.426353 2.614320
0.193141 -0.272295 2.521790
0.131950 -0.220137 2.491390
0.101412 -0.524069 2.611040
0.100620 -0.572872 2.212290
0.076116 -0.709381 2.004780
0.101988 -0.794360 2.001790
0.298948 -0.508276 2.602660
0.387082 -0.581849 2.213490
0.389606 -0.774060 2.076120
0.384524 -0.811461 1.998820
0.189438 -0.450105 2.645310
0.184268 -0.427092 2.703120
0.152859 -0.182945 2.801300
0.153694 0.036640 2.772620
0.000591 -0.257760 2.766950
-0.043775 -0.440926 2.666720
0.076652 -0.481552 2.454360
0.134964 -0.491181 2.365570
0.334494 -0.271642 2.743500
0.373777 -0.425167 2.611210
0.192382 -0.269760 2.521530
0.131148 -0.216457 2.492260
0.101997 -0.524511 2.611560
0.100642 -0.572853 2.212360
0.076059 -0.709315 2.004630
0.101985 -0.794351 2.001780
0.299519 -0.508212 2.602920
0.387122 -0.581956 2.213390
0.389562 -0.774072 2.075890
0.382858 -0.810921 1.995960
0.189978 -0.450171 2.645630
0.184971 -0.426972 2.703510
0.153879 -0.181975 2.801390
0.153787 0.036303 2.772850
0.000610 -0.257804 2.766880
-0.043647 -0.441060 2.666640
0.084384 -0.480189 2.444750
0.144084 -0.489540 2.354020
0.334782 -0.271612 2.742560
0.372586 -0.424322 2.608860
0.191591 -0.267939 2.521060
0.130313 -0.214094 2.492500
0.101461 -0.524582 2.612330
0.100660 -0.572836 2.212420
0.076013 -0.709257 2.004520
0.101977 -0.794337 2.001760
0.299762 -0.508268 2.603220
0.387167 -0.582088 2.213280
0.389571 -0.774153 2.075600
0.381850 -0.810725 1.993840
0.190032 -0.450447 2.646140
0.185378 -0.426932 2.703970
0.154875 -0.181002 2.801690
0.153874 0.035970 2.773090
0.000663 -0.257865 2.766780
-0.043518 -0.441186 2.666490
0.069719 -0.485362 2.462920
0.117811 -0.497336 2.386370
0.335010 -0.272175 2.741000
0.371734 -0.424163 2.606680
0.191093 -0.266498 2.520970
0.129781 -0.211856 2.493340
0.099143 -0.524427 2.613730
0.100674 -0.572823 2.212470
0.075975 -0.709208 2.004430
0.101968 -0.794322 2.001740
0.299079 -0.508874 2.603740
0.387207 -0.582213 2.213180
0.389591 -0.774241 2.075320
0.381218 -0.810654 1.992330
0.189235 -0.451184 2.646860
0.185427 -0.427052 2.704520
0.155826 -0.180134 2.802040
0.154049 0.035704 2.773510
0.000742 -0.257921 2.766660
-0.043379 -0.441320 2.666260
0.059678 -0.488096 2.475600
0.100211 -0.501686 2.408440
0.335192 -0.272665 2.739610
0.371257 -0.424063 2.605130
0.190965 -0.264243 2.521900
0.129917 -0.208010 2.496330
0.095749 -0.524452 2.615190
0.100714 -0.572789 2.212590
0.075950 -0.709155 2.004400
0.101957 -0.794306 2.001710
0.296306 -0.510727 2.604490
0.387245 -0.582336 2.213080
0.388260 -0.775813 2.077350
0.401992 -0.818437 2.017280
0.187770 -0.451779 2.647400
0.185092 -0.427142 2.705000
0.156746 -0.179244 2.802450
0.154368 0.035659 2.774200
0.000861 -0.257964 2.766490
-0.043273 -0.441447 2.665900
0.054217 -0.489605 2.482430
0.090207 -0.504230 2.421070
0.335364 -0.273114 2.738340
0.371096 -0.424030 2.603950
0.237880 -0.219366 2.547360
0.236644 -0.166036 2.572490
0.090824 -0.523052 2.615300
0.100761 -0.572750 2.212740
0.075932 -0.709100 2.004410
0.101950 -0.794296 2.001690
0.292702 -0.512533 2.605150
0.387282 -0.582447 2.212980
0.387209 -0.777704 2.079100
0.411765 -0.822177 2.027740
0.186504 -0.452259 2.647960
0.184674 -0.427221 2.705540
0.157572 -0.178328 2.803010
0.154644 0.035651 2.774750
0.000990 -0.258004 2.766320
-0.043176 -0.441566 2.665540
0.050729 -0.490543 2.486490
0.083816 -0.505832 2.428770
0.335502 -0.273424 2.737330
0.371010 -0.424011 2.603110
0.257845 -0.200276 2.558190
0.305176 -0.139697 2.620970
0.087595 -0.522140 2.615520
0.100828 -0.572691 2.212960
0.075982 -0.709038 2.004660
0.101943 -0.794286 2.001680
0.290481 -0.513671 2.605960
0.387314 -0.582548 2.212890
0.386691 -0.778791 2.080090
0.417090 -0.823743 2.032970
0.185473 -0.452654 2.648410
0.184269 -0.427302 2.706000
0.158290 -0.177551 2.803510
0.154904 0.035669 2.775200
0.001137 -0.258040 2.766120
-0.043058 -0.441650 2.665090
0.048725 -0.491111 2.489000
0.079965 -0.506839 2.433660
0.335637 -0.273692 2.736430
0.371053 -0.424066 2.602480
0.268030 -0.190694 2.563690
0.328758 -0.130568 2.637730
0.085454 -0.521532 2.615650
0.100895 -0.572634 2.213190
0.076020 -0.708973 2.004890
0.101937 -0.794277 2.001660
0.288958 -0.514508 2.606590
0.387337 -0.582655 2.212810
0.386325 -0.779726 2.080880
0.420350 -0.824664 2.036030
0.184612 -0.452993 2.648670
0.183885 -0.427411 2.706350
0.159064 -0.176843 2.804310
0.155215 0.035714 2.775690
0.001287 -0.258070 2.765960
-0.042933 -0.441725 2.664570
0.047400 -0.491503 2.490640
0.077411 -0.507524 2.436890
0.335744 -0.273892 2.735680
0.371735 -0.424148 2.602040
0.274350 -0.184773 2.567090
0.343831 -0.124722 2.648420
0.083959 -0.521101 2.615630
0.100959 -0.572568 2.213460
0.076042 -0.708893 2.005130
0.101933 -0.794271 2.001650
0.287782 -0.515120 2.606780
0.387356 -0.582753 2.212740
0.386074 -0.780556 2.081520
0.422643 -0.825264 2.038080
0.183740 -0.453256 2.648840
0.183492 -0.427508 2.706620
0.159803 -0.176254 2.805090
0.155513 0.035782 2.776140
0.001434 -0.258104 2.765830
-0.042801 -0.441793 2.664080
0.046441 -0.491793 2.491830
0.075594 -0.508013 2.439160
0.335837 -0.274483 2.734250
0.372458 -0.424771 2.601510
0.278784 -0.181021 2.569260
0.348731 -0.124772 2.650690
0.082610 -0.520612 2.615470
0.101022 -0.572518 2.213680
0.076054 -0.708827 2.005290
0.101932 -0.794269 2.001640
0.286602 -0.515627 2.606820
0.387375 -0.582844 2.212670
0.385577 -0.781834 2.082860
0.424219 -0.825455 2.039530
0.183065 -0.453441 2.648980
0.183164 -0.427590 2.706850
0.160619 -0.175827 2.805820
0.155796 0.035865 2.776550
0.001578 -0.258121 2.765730
-0.042680 -0.441820 2.663670
0.045746 -0.492005 2.492700
0.074253 -0.508380 2.440850
0.335959 -0.275094 2.732950
0.373924 -0.425217 2.600590
0.281666 -0.179119 2.570300
0.345342 -0.128123 2.646300
0.081636 -0.520212 2.615310
0.101083 -0.572474 2.213890
0.076082 -0.708721 2.005770
0.101927 -0.794264 2.001630
0.285778 -0.515995 2.606880
0.387393 -0.582928 2.212600
0.385206 -0.782572 2.083830
0.425052 -0.825142 2.040470
0.182447 -0.453598 2.649000
0.182852 -0.427670 2.707010
0.161315 -0.175398 2.806570
0.156114 0.036021 2.777000
0.001712 -0.258130 2.765650
-0.042573 -0.441842 2.663270
0.045301 -0.492142 2.493270
0.073325 -0.508645 2.442050
0.336049 -0.275608 2.731740
0.374756 -0.425595 2.599860
0.282824 -0.179018 2.570270
0.337406 -0.132741 2.639110
0.080890 -0.519841 2.615050
0.100528 -0.573103 2.211290
0.076077 -0.708777 2.005910
0.101925 -0.794264 2.001620
0.284974 -0.516340 2.606760
0.387408 -0.583005 2.212540
0.383773 -0.783614 2.087190
0.423706 -0.822955 2.042320
0.182041 -0.453728 2.649060
0.182629 -0.427745 2.707150
0.161927 -0.175059 2.807240
0.156425 0.036125 2.777410
0.001867 -0.258124 2.765580
-0.042502 -0.441841 2.662990
0.044929 -0.492241 2.493640
0.072617 -0.508844 2.442860
0.336129 -0.276082 2.730630
0.375564 -0.425952 2.599210
0.282827 -0.180270 2.569380
0.329621 -0.137008 2.632100
0.080425 -0.519588 2.614890
0.100415 -0.573240 2.210660
0.076273 -0.709126 2.006810
0.101920 -0.794265 2.001600
0.284520 -0.516595 2.606790
0.387422 -0.583081 2.212470
0.382984 -0.784220 2.089260
0.422699 -0.821439 2.043310
0.181741 -0.453817 2.649120
0.182456 -0.427798 2.707280
0.162455 -0.174780 2.807770
0.156714 0.036326 2.777770
0.002010 -0.258111 2.765530
-0.042443 -0.441831 2.662760
0.044916 -0.491655 2.493560
0.072393 -0.508402 2.443080
0.336222 -0.276556 2.729540
0.376284 -0.426376 2.598670
0.282146 -0.182410 2.568150
0.323389 -0.140565 2.626650
0.080111 -0.519366 2.614740
0.100331 -0.573349 2.210140
0.076474 -0.709493 2.007700
0.101920 -0.794268 2.001600
0.284184 -0.516831 2.606920
0.387435 -0.583155 2.212410
0.382442 -0.784591 2.090960
0.422006 -0.820447 2.043670
0.181512 -0.453880 2.649180
0.182319 -0.427841 2.707400
0.162997 -0.174613 2.808180
0.156939 0.036435 2.778010
0.002143 -0.258096 2.765500
-0.042389 -0.441819 2.662530
0.045385 -0.490400 2.493160
0.107769 -0.499153 2.473200
0.336304 -0.276938 2.728590
0.376874 -0.426737 2.598250
0.281321 -0.184623 2.566750
0.318912 -0.143086 2.622480
0.079898 -0.519180 2.614620
0.100268 -0.573412 2.209830
0.076672 -0.709866 2.008720
0.101919 -0.794271 2.001590
0.283944 -0.517020 2.607070
0.387446 -0.583228 2.212350
0.382231 -0.784769 2.091780
0.421726 -0.819576 2.043560
0.181324 -0.453922 2.649250
0.182197 -0.427873 2.707530
0.163495 -0.174479 2.808520
0.157232 0.036646 2.778350
0.002315 -0.258083 2.765430
-0.042335 -0.441821 2.662300
0.046110 -0.489175 2.492730
0.120323 -0.496140 2.483870
0.336403 -0.277441 2.727610
0.377450 -0.427221 2.597790
0.280414 -0.187017 2.565340
0.315665 -0.145104 2.619380
0.079758 -0.519007 2.614550
0.100236 -0.573454 2.209640
0.076734 -0.709879 2.009430
0.101918 -0.794274 2.001580
0.283762 -0.517183 2.607260
0.387461 -0.583305 2.212290
0.382130 -0.784883 2.092330
0.421509 -0.818937 2.043090
0.181250 -0.453987 2.649380
0.182165 -0.427921 2.707700
0.163952 -0.174379 2.808800
0.157632 0.036703 2.778750
0.002481 -0.258069 2.765370
-0.042257 -0.441852 2.662010
0.046701 -0.488403 2.492260
0.127527 -0.494825 2.489930
0.336514 -0.277843 2.726710
0.378828 -0.427307 2.596770
0.279740 -0.188726 2.564100
0.313472 -0.146297 2.617090
0.080025 -0.518882 2.614510
0.100218 -0.573480 2.209510
0.076708 -0.709830 2.009930
0.101907 -0.794278 2.001550
0.283902 -0.517495 2.607870
0.387473 -0.583372 2.212230
0.382754 -0.785858 2.091450
0.422398 -0.818931 2.040300
0.181063 -0.454006 2.649480
0.182072 -0.427951 2.707830
0.164387 -0.174318 2.809020
0.157960 0.036777 2.779100
0.002644 -0.258053 2.765300
-0.042153 -0.441908 2.661640
0.047059 -0.487945 2.491960
0.132146 -0.494007 2.493790
0.336596 -0.278331 2.725750
0.379875 -0.427546 2.595880
0.279083 -0.190393 2.562970
0.311864 -0.147257 2.615390
0.079939 -0.518650 2.614420
0.100213 -0.573495 2.209430
0.076672 -0.709811 2.010210
0.101901 -0.794283 2.001540
0.283503 -0.517718 2.608200
0.387487 -0.583438 2.212180
0.383091 -0.786413 2.091010
0.417862 -0.824634 2.036410
0.180933 -0.454037 2.649580
0.182011 -0.427985 2.707960
0.164824 -0.174279 2.809200
0.158237 0.036829 2.779390
0.002823 -0.258035 2.765210
-0.042052 -0.441951 2.661320
0.047515 -0.487493 2.491530
0.135350 -0.493425 2.496510
0.336633 -0.278713 2.724820
0.380357 -0.427842 2.595410
0.278421 -0.191961 2.562030
0.310647 -0.148028 2.614150
0.079929 -0.518511 2.614390
0.099950 -0.573767 2.208090
0.075234 -0.710275 2.006630
0.075779 -0.766876 1.942430
0.283210 -0.517938 2.608550
0.387500 -0.583499 2.212120
0.383436 -0.786909 2.090510
0.416793 -0.826486 2.034160
0.180800 -0.454055 2.649690
0.181955 -0.428015 2.708080
0.165371 -0.174326 2.809300
0.158471 0.036874 2.779650
0.002965 -0.258015 2.765160
-0.041960 -0.441992 2.661020
0.047864 -0.487188 2.491180
0.137620 -0.493172 2.498390
0.336667 -0.279051 2.724040
0.380609 -0.428790 2.595560
0.277740 -0.193891 2.561460
0.309694 -0.148881 2.613360
0.079895 -0.518369 2.614390
0.099916 -0.573825 2.207840
0.074679 -0.710406 2.005490
0.086682 -0.778728 1.967030
0.282929 -0.518128 2.608850
0.387513 -0.583555 2.212080
0.383776 -0.787364 2.090000
0.416302 -0.827606 2.032580
0.180699 -0.454082 2.649800
0.181911 -0.428050 2.708210
0.165854 -0.174384 2.809370
0.158662 0.036925 2.779870
0.003127 -0.257986 2.765080
-0.041920 -0.442017 2.660820
0.048313 -0.486733 2.490920
0.139215 -0.492992 2.499690
0.336696 -0.279318 2.723420
0.380531 -0.429613 2.595670
0.277041 -0.195466 2.561020
0.308912 -0.149540 2.612790
0.079902 -0.518276 2.614430
0.099914 -0.573866 2.207700
0.074293 -0.710473 2.004870
0.091531 -0.784062 1.978080
0.282743 -0.518293 2.609090
0.387525 -0.583601 2.212040
0.384095 -0.787778 2.089470
0.416329 -0.828156 2.031280
0.180658 -0.454164 2.649950
0.181904 -0.428117 2.708370
0.166276 -0.174443 2.809420
0.158910 0.037012 2.780150
0.003308 -0.257950 2.764980
-0.041886 -0.442039 2.660630
0.048606 -0.486525 2.490750
0.140063 -0.493234 2.500360
0.336734 -0.279616 2.722820
0.380731 -0.430416 2.595890
0.276565 -0.196952 2.560730
0.308382 -0.150167 2.612430
0.080082 -0.518245 2.614520
0.099976 -0.573882 2.207730
0.074025 -0.710510 2.004480
0.095613 -0.788446 1.987210
0.282684 -0.518640 2.609520
0.387538 -0.583640 2.212000
0.384565 -0.788334 2.088620
0.415193 -0.830038 2.030360
0.180394 -0.454206 2.650070
0.181787 -0.428172 2.708500
0.166684 -0.174516 2.809480
0.159140 0.037156 2.780450
0.003510 -0.257910 2.764860
-0.041871 -0.442046 2.660530
0.048792 -0.486364 2.490670
0.140310 -0.493607 2.500700
0.336777 -0.279857 2.722380
0.380713 -0.430986 2.595970
0.275810 -0.198330 2.560470
0.307765 -0.150768 2.612170
0.079883 -0.518004 2.614530
0.100058 -0.573886 2.207830
0.073805 -0.710533 2.004210
0.098292 -0.791312 1.993140
0.281857 -0.518990 2.609660
0.387552 -0.583675 2.211960
0.384690 -0.788472 2.088430
0.414604 -0.830435 2.030140
0.180167 -0.454246 2.650180
0.181676 -0.428229 2.708630
0.167064 -0.174605 2.809560
0.159376 0.037265 2.780740
0.003698 -0.257875 2.764740
-0.041848 -0.442059 2.660430
0.048955 -0.486264 2.490590
0.140132 -0.494198 2.500580
0.336812 -0.280053 2.722050
0.380816 -0.431403 2.596070
0.275278 -0.199446 2.560290
0.307345 -0.151259 2.612020
0.079737 -0.517820 2.614560
0.100149 -0.573881 2.207980
0.073620 -0.710544 2.004010
0.099984 -0.793075 1.996860
0.281333 -0.519237 2.609780
0.387566 -0.583709 2.211920
0.384879 -0.788065 2.088410
0.414316 -0.830097 2.030500
0.179659 -0.454633 2.650580
0.181423 -0.428461 2.708940
0.167418 -0.174693 2.809620
0.159576 0.037372 2.780990
0.003875 -0.257840 2.764640
-0.041930 -0.443381 2.660420
0.049150 -0.486003 2.490490
0.138979 -0.494830 2.499400
0.336843 -0.280202 2.721790
0.380875 -0.431738 2.596180
0.274778 -0.200400 2.560160
0.306980 -0.151694 2.611930
0.078994 -0.518211 2.615430
0.100208 -0.573881 2.208070
0.073445 -0.710549 2.003850
0.101121 -0.794247 1.999330
0.280525 -0.520013 2.610140
0.387577 -0.583737 2.211890
0.385012 -0.787838 2.088400
0.396322 -0.825282 2.021260
0.179212 -0.454842 2.650810
0.181147 -0.428645 2.709180
0.167726 -0.174793 2.809700
0.159734 0.037449 2.781150
0.004057 -0.257811 2.764520
-0.042110 -0.444032 2.660460
0.049219 -0.485845 2.490470
0.138066 -0.495352 2.498660
0.336875 -0.280296 2.721650
0.380937 -0.431942 2.596300
0.274443 -0.201043 2.560060
0.306738 -0.151974 2.611870
0.078500 -0.518203 2.615660
0.100260 -0.573878 2.208170
0.073326 -0.710544 2.003740
0.101937 -0.795068 2.001030
0.279923 -0.520382 2.610260
0.387586 -0.583764 2.211860
0.385143 -0.787578 2.088400
0.395104 -0.825463 2.022960
0.178730 -0.454936 2.650990
0.180840 -0.428781 2.709370
0.168035 -0.174922 2.809790
0.159850 0.037493 2.781260
0.004255 -0.257787 2.764380
-0.042198 -0.444467 2.660430
0.049298 -0.485746 2.490440
0.137259 -0.495915 2.497820
0.336948 -0.280379 2.721560
0.380976 -0.432085 2.596390
0.274166 -0.201544 2.559980
0.306549 -0.152194 2.611830
0.077848 -0.518079 2.615830
0.100318 -0.573868 2.208300
0.073259 -0.710519 2.003690
0.102497 -0.795635 2.002210
0.279344 -0.520564 2.610240
0.387601 -0.583795 2.211830
0.385251 -0.787337 2.088430
0.398156 -0.824422 2.025760
0.178260 -0.455031 2.651170
0.180527 -0.428915 2.709560
0.168338 -0.175050 2.809870
0.159963 0.037562 2.781300
0.004488 -0.257747 2.764220
-0.042261 -0.444796 2.660390
0.049298 -0.485793 2.490400
0.136122 -0.496882 2.496750
0.337020 -0.280447 2.721510
0.381013 -0.432197 2.596500
0.273943 -0.201956 2.559930
0.306405 -0.152382 2.611830
0.077210 -0.517967 2.616030
0.100383 -0.573855 2.208440
0.073257 -0.710467 2.003690
0.102898 -0.796046 2.003060
0.278804 -0.520744 2.610230
0.387622 -0.583834 2.211790
0.385238 -0.787024 2.088660
0.398464 -0.825545 2.028780
0.177872 -0.455112 2.651260
0.180252 -0.429040 2.709690
0.168619 -0.175177 2.809950
0.160127 0.037551 2.781240
0.004723 -0.257710 2.764050
-0.042293 -0.445110 2.660260
0.049299 -0.485911 2.490300
0.134408 -0.498458 2.494760
0.337083 -0.280502 2.721470
0.383916 -0.434103 2.601560
0.274188 -0.203499 2.560300
0.306823 -0.153702 2.612400
0.076758 -0.517866 2.616110
0.100422 -0.573849 2.208510
0.073282 -0.710409 2.003690
0.103188 -0.796328 2.003660
0.278321 -0.520886 2.610120
0.387644 -0.583873 2.211750
0.385225 -0.786834 2.088800
0.402905 -0.823723 2.031490
0.177787 -0.455281 2.651560
0.180139 -0.429196 2.709980
0.168848 -0.175273 2.810090
0.160313 0.037546 2.781130
0.004946 -0.257674 2.763890
-0.042312 -0.445366 2.660130
0.049296 -0.485977 2.490230
0.133504 -0.499225 2.493740
0.337155 -0.280551 2.721470
0.384992 -0.434025 2.602220
0.274172 -0.203922 2.560300
0.306872 -0.153992 2.612470
0.076904 -0.518028 2.616520
0.100242 -0.574023 2.207610
0.073350 -0.710350 2.003280
0.103388 -0.796507 2.004060
0.278623 -0.521174 2.610570
0.387669 -0.583914 2.211710
0.385207 -0.786582 2.088980
0.406603 -0.822477 2.033380
0.178031 -0.455466 2.652050
0.180209 -0.429337 2.710390
0.169053 -0.175352 2.810220
0.160500 0.037591 2.781020
0.005143 -0.257642 2.763740
-0.042332 -0.445513 2.660070
0.049245 -0.486097 2.490170
0.132748 -0.499820 2.492970
0.337257 -0.280607 2.721500
0.385860 -0.433850 2.602560
0.274168 -0.204245 2.560290
0.306924 -0.154214 2.612530
0.077705 -0.518291 2.617110
0.100225 -0.574049 2.207480
0.073470 -0.710259 2.003190
0.103519 -0.796605 2.004290
0.279614 -0.521495 2.611440
0.387694 -0.583953 2.211680
0.385228 -0.786431 2.089040
0.409744 -0.821707 2.034420
0.178067 -0.455501 2.652260
0.180194 -0.429393 2.710610
0.169220 -0.175412 2.810350
0.160688 0.037630 2.780890
0.005300 -0.257617 2.763640
-0.042345 -0.445622 2.660000
0.049169 -0.486214 2.490110
0.132116 -0.500246 2.492340
0.337365 -0.280646 2.721550
0.386543 -0.433044 2.602060
0.274147 -0.204430 2.560220
0.306956 -0.154328 2.612540
0.077956 -0.518305 2.617350
0.100215 -0.574067 2.207390
0.073631 -0.710149 2.003130
0.103608 -0.796657 2.004430
0.279853 -0.521502 2.611570
0.387715 -0.583985 2.211650
0.385262 -0.786373 2.088950
0.413075 -0.821466 2.034530
0.178112 -0.455506 2.652440
0.180186 -0.429425 2.710800
0.169361 -0.175460 2.810480
0.160898 0.037680 2.780740
0.005448 -0.257588 2.763540
-0.042341 -0.445691 2.659920
0.049044 -0.486385 2.490000
0.131552 -0.500607 2.491770
0.337494 -0.280661 2.721630
0.386904 -0.432148 2.601380
0.274033 -0.204556 2.560130
0.306926 -0.154403 2.612540
0.078168 -0.518278 2.617520
0.100213 -0.574078 2.207320
0.073833 -0.710023 2.003110
0.103647 -0.796655 2.004460
0.280075 -0.521454 2.611650
0.387738 -0.584018 2.211620
0.385242 -0.786313 2.088900
0.415123 -0.821164 2.034810
0.178163 -0.455492 2.652590
0.180184 -0.429442 2.710970
0.169480 -0.175496 2.810620
0.161118 0.037733 2.780580
0.005581 -0.257562 2.763450
-0.042330 -0.445729 2.659850
0.048911 -0.486569 2.489920
0.131093 -0.500893 2.491330
0.337615 -0.280674 2.721710
0.387123 -0.430846 2.600110
0.273910 -0.204554 2.559980
0.306881 -0.154369 2.612490
0.078364 -0.518215 2.617640
0.100124 -0.574136 2.206860
0.074011 -0.709943 2.003130
0.103658 -0.796621 2.004420
0.280275 -0.521379 2.611700
0.387760 -0.584050 2.211590
0.385343 -0.785890 2.088670
0.416551 -0.820991 2.035050
0.178983 -0.455463 2.652830
0.180528 -0.429467 2.711220
0.169594 -0.175531 2.810790
0.161345 0.037776 2.780410
0.005699 -0.257539 2.763380
-0.042316 -0.445750 2.659780
0.048791 -0.486745 2.489850
0.130728 -0.501112 2.490990
0.337744 -0.280676 2.721820
0.387294 -0.429815 2.599190
0.273818 -0.204537 2.559870
0.306852 -0.154326 2.612460
0.080450 -0.518255 2.617380
0.100104 -0.574152 2.206720
0.074642 -0.710404 2.004020
0.103644 -0.796566 2.004340
0.282243 -0.520982 2.611960
0.387783 -0.584080 2.211570
0.385331 -0.785660 2.088620
0.417529 -0.820799 2.035260
0.179631 -0.455415 2.653020
0.180836 -0.429482 2.711430
0.169698 -0.175563 2.810970
0.161551 0.037819 2.780250
0.005808 -0.257516 2.763310
-0.042275 -0.445741 2.659660
0.048695 -0.486944 2.489770
0.130447 -0.501299 2.490700
0.337846 -0.280693 2.721900
0.387393 -0.428620 2.597880
0.273734 -0.204424 2.559750
0.306830 -0.154185 2.612430
0.081700 -0.518199 2.617270
0.100094 -0.574163 2.206640
0.075367 -0.710967 2.005150
0.103587 -0.796459 2.004180
0.283504 -0.520667 2.612070
0.387804 -0.584109 2.211540
0.384662 -0.785806 2.089670
0.417891 -0.819863 2.036340
0.180215 -0.455341 2.653190
0.181124 -0.429473 2.711630
0.169786 -0.175582 2.811150
0.161726 0.037854 2.780110
0.005903 -0.257496 2.763250
-0.042203 -0.445712 2.659480
0.048578 -0.487682 2.489690
0.130196 -0.501638 2.490450
0.338024 -0.280611 2.722110
0.387307 -0.427403 2.596890
0.273619 -0.204163 2.559660
0.306780 -0.153885 2.612420
0.082720 -0.518140 2.617190
0.100184 -0.574114 2.206850
0.075830 -0.711109 2.006370
0.103520 -0.796345 2.004000
0.284534 -0.520354 2.612170
0.387825 -0.584137 2.211520
0.384361 -0.785785 2.090060
0.418305 -0.819436 2.036770
0.180708 -0.455276 2.653320
0.181402 -0.429464 2.711800
0.169874 -0.175595 2.811350
0.161879 0.037888 2.780010
0.005989 -0.257478 2.763220
-0.042125 -0.445674 2.659300
0.048511 -0.488340 2.489640
0.130011 -0.501925 2.490250
0.338108 -0.280603 2.722180
0.387392 -0.426633 2.596120
0.273583 -0.204015 2.559590
0.306795 -0.153700 2.612420
0.083524 -0.518084 2.617110
0.100300 -0.574047 2.207130
0.076148 -0.711142 2.007430
0.103418 -0.796200 2.003780
0.285279 -0.520119 2.612200
0.387846 -0.584164 2.211500
0.383900 -0.785761 2.090540
0.418616 -0.819062 2.037110
0.181050 -0.455215 2.653410
0.181620 -0.429448 2.711930
0.169961 -0.175610 2.811490
0.162014 0.037917 2.779920
0.006069 -0.257462 2.763180
-0.042097 -0.445665 2.659250
0.048361 -0.488875 2.489810
0.129825 -0.502148 2.490180
0.338176 -0.280594 2.722230
0.387509 -0.426194 2.595740
0.273579 -0.203939 2.559560
0.306843 -0.153586 2.612450
0.083996 -0.518027 2.617050
0.100508 -0.573912 2.207810
0.076417 -0.711043 2.008630
0.103323 -0.796070 2.003570
0.285732 -0.519954 2.612230
0.387866 -0.584190 2.211490
0.383773 -0.785681 2.090670
0.418903 -0.818881 2.037250
0.181343 -0.455173 2.653500
0.181825 -0.429435 2.712050
0.170040 -0.175615 2.811630
0.162134 0.037947 2.779850
0.006144 -0.257441 2.763150
-0.042070 -0.445653 2.659210
0.048285 -0.489225 2.489950
0.129693 -0.502218 2.490180
0.338237 -0.280590 2.722260
0.387512 -0.425879 2.595410
0.273568 -0.203863 2.559530
0.306872 -0.153475 2.612480
0.084348 -0.517989 2.617020
0.100632 -0.573818 2.208240
0.076498 -0.711045 2.009130
0.103231 -0.795949 2.003380
0.286104 -0.519861 2.612300
0.387880 -0.584212 2.211470
0.383646 -0.785627 2.090790
0.416160 -0.821320 2.037660
0.181588 -0.455118 2.653570
0.182000 -0.429409 2.712160
0.170109 -0.175614 2.811760
0.162251 0.038020 2.779780
0.006215 -0.257419 2.763130
-0.042049 -0.445642 2.659190
0.048236 -0.489409 2.490030
0.129595 -0.502134 2.490220
0.338314 -0.280568 2.722320
0.387443 -0.425629 2.595190
0.281568 -0.198153 2.580320
0.311233 -0.150398 2.623550
0.084618 -0.517943 2.616980
0.100751 -0.573725 2.208670
0.076537 -0.711041 2.009520
0.103175 -0.795862 2.003230
0.286395 -0.519773 2.612370
0.387892 -0.584232 2.211470
0.382962 -0.786587 2.091270
0.413747 -0.823495 2.037580
0.181782 -0.455075 2.653640
0.182159 -0.429382 2.712250
0.170175 -0.175609 2.811870
0.162349 0.038095 2.779780
0.006285 -0.257395 2.763100
-0.042018 -0.445622 2.659150
0.048227 -0.489528 2.490080
0.129578 -0.501912 2.490250
0.338356 -0.280561 2.722340
0.387429 -0.425446 2.595010
0.284534 -0.196290 2.586980
0.315175 -0.147990 2.632140
0.084807 -0.517912 2.616970
0.100842 -0.573661 2.209030
0.076536 -0.711051 2.009800
0.103126 -0.795785 2.003090
0.286608 -0.519711 2.612430
0.387903 -0.584254 2.211460
0.382289 -0.787677 2.091680
0.411861 -0.825016 2.037240
0.181867 -0.455030 2.653670
0.182233 -0.429366 2.712300
0.170245 -0.175611 2.811960
0.162434 0.038166 2.779780
0.006361 -0.257368 2.763080
-0.041984 -0.445597 2.659110
0.048215 -0.489637 2.490130
0.129537 -0.501899 2.490220
0.338391 -0.280556 2.722350
0.387393 -0.425308 2.594860
0.286656 -0.194982 2.591520
0.318145 -0.146202 2.638330
0.084706 -0.517716 2.616870
0.100929 -0.573605 2.209340
0.076547 -0.711047 2.009980
0.103082 -0.795715 2.002970
0.286522 -0.519646 2.612440
0.387914 -0.584274 2.211450
0.381619 -0.788427 2.092200
0.409786 -0.826534 2.037350
0.181929 -0.454988 2.653680
0.182292 -0.429352 2.712340
0.170338 -0.175622 2.812050
0.162511 0.038238 2.779780
0.006444 -0.257341 2.763040
-0.042052 -0.445379 2.659350
0.048013 -0.489655 2.490630
0.129425 -0.501864 2.490300
0.338420 -0.280553 2.722360
0.387372 -0.425188 2.594720
0.288155 -0.194059 2.594690
0.320305 -0.144898 2.642780
0.084603 -0.517522 2.616770
0.101020 -0.573554 2.209630
0.076544 -0.711038 2.010110
0.103050 -0.795654 2.002870
0.286409 -0.519583 2.612450
0.387924 -0.584293 2.211450
0.381206 -0.788828 2.092500
0.408019 -0.827776 2.037560
0.181976 -0.454944 2.653690
0.182343 -0.429335 2.712360
0.170439 -0.175636 2.812130
0.162614 0.038233 2.779730
0.006523 -0.257315 2.763010
-0.042047 -0.445227 2.659460
0.047888 -0.489798 2.490990
0.129335 -0.501869 2.490300
0.338445 -0.280549 2.722360
0.387363 -0.425084 2.594620
0.289226 -0.193404 2.596920
0.321874 -0.143954 2.645960
0.084505 -0.517345 2.616660
0.101089 -0.573505 2.209890
0.076499 -0.711014 2.010190
0.103018 -0.795591 2.002760
0.286332 -0.519518 2.612460
0.387929 -0.584311 2.211450
0.380867 -0.790790 2.091260
0.408132 -0.830973 2.034880
0.182017 -0.454904 2.653690
0.182395 -0.429316 2.712380
0.170540 -0.175644 2.812200
0.162704 0.038232 2.779690
0.006614 -0.257274 2.762970
-0.041993 -0.446184 2.659950
0.047818 -0.489877 2.491220
0.129271 -0.501858 2.490290
0.338453 -0.280531 2.722340
0.387364 -0.425012 2.594550
0.290038 -0.192937 2.598510
0.323081 -0.143280 2.648240
0.084457 -0.517198 2.616550
0.101132 -0.573471 2.210080
0.076444 -0.710987 2.010230
0.102993 -0.795537 2.002660
0.286265 -0.519457 2.612470
0.387932 -0.584330 2.211450
0.381307 -0.790304 2.090730
0.394129 -0.827848 2.022800
0.182039 -0.454857 2.653670
0.182434 -0.429296 2.712380
0.170644 -0.175647 2.812270
0.162798 0.038256 2.779650
0.006736 -0.257205 2.762920
-0.041998 -0.447353 2.660670
0.047743 -0.489916 2.491430
0.129176 -0.501818 2.490310
0.338469 -0.280527 2.722270
0.387376 -0.424970 2.594510
0.290641 -0.192632 2.599660
0.323972 -0.142864 2.649890
0.084364 -0.516964 2.616340
0.101159 -0.573443 2.210220
0.076386 -0.710955 2.010260
0.102982 -0.795500 2.002590
0.286128 -0.519405 2.612460
0.387934 -0.584348 2.211450
0.382239 -0.789229 2.089800
0.395790 -0.827627 2.022810
0.181742 -0.454625 2.653140
0.182349 -0.429215 2.712130
0.170738 -0.175643 2.812330
0.162921 0.038342 2.779630
0.006864 -0.257133 2.762850
-0.041827 -0.447870 2.660840
0.047724 -0.489961 2.491520
0.129154 -0.501816 2.490240
0.338483 -0.280522 2.722220
0.387382 -0.424934 2.594470
0.291092 -0.192406 2.600500
0.324619 -0.142552 2.651060
0.083764 -0.516146 2.615070
0.101179 -0.573421 2.210320
0.076330 -0.710921 2.010270
0.102960 -0.795466 2.002510
0.284927 -0.519171 2.611540
0.387935 -0.584368 2.211460
0.383386 -0.787927 2.088750
0.390758 -0.825797 2.017110
0.181472 -0.454389 2.652690
0.182262 -0.429120 2.711890
0.170861 -0.175637 2.812370
0.163036 0.038473 2.779660
0.007008 -0.257048 2.762780
-0.041786 -0.448105 2.660940
0.047708 -0.489988 2.491610
0.129130 -0.501808 2.490220
0.338495 -0.280511 2.722170
0.387360 -0.424916 2.594450
0.291431 -0.192243 2.601120
0.325103 -0.142324 2.651950
0.083291 -0.515479 2.614210
0.101196 -0.573399 2.210400
0.076295 -0.710883 2.010290
0.102992 -0.795472 2.002490
0.283988 -0.518930 2.610930
0.387937 -0.584388 2.211460
0.383791 -0.787328 2.088400
0.386884 -0.824890 2.014170
0.181307 -0.454243 2.652380
0.182202 -0.429049 2.711700
0.170988 -0.175627 2.812400
0.163128 0.038580 2.779670
0.007148 -0.256966 2.762710
-0.041746 -0.448272 2.661000
0.047715 -0.489999 2.491670
0.129144 -0.501717 2.490180
0.338512 -0.280465 2.722170
0.387283 -0.424828 2.594480
0.291724 -0.192079 2.601590
0.325540 -0.142066 2.652680
0.083103 -0.515252 2.613870
0.101203 -0.573384 2.210460
0.076260 -0.710845 2.010310
0.103007 -0.795469 2.002470
0.283401 -0.518760 2.610510
0.387938 -0.584405 2.211470
0.383771 -0.795975 2.082800
0.414315 -0.812139 2.014710
0.181248 -0.454147 2.652210
0.182193 -0.428992 2.711590
0.171116 -0.175611 2.812420
0.163210 0.038692 2.779710
0.007293 -0.256881 2.762640
-0.041461 -0.448359 2.660640
0.047907 -0.490012 2.491560
0.129267 -0.501595 2.489970
0.338525 -0.280435 2.722170
0.387200 -0.424802 2.594620
0.291998 -0.191978 2.601970
0.325953 -0.141896 2.653330
0.083004 -0.515088 2.613660
0.101209 -0.573370 2.210500
0.076238 -0.710799 2.010340
0.103022 -0.795468 2.002450
0.283152 -0.518685 2.610350
0.387939 -0.584420 2.211470
0.383403 -0.797199 2.082270
0.419537 -0.812111 2.019840
0.181220 -0.454075 2.652100
0.182200 -0.428944 2.711510
0.171243 -0.175591 2.812450
0.163316 0.038808 2.779810
0.007430 -0.256799 2.762580
-0.041162 -0.448270 2.660150
0.048046 -0.490034 2.491410
0.129367 -0.501465 2.489740
0.338549 -0.280402 2.722180
0.385442 -0.425574 2.595670
0.292162 -0.191944 2.602240
0.326192 -0.141828 2.653800
0.082951 -0.514971 2.613510
0.101043 -0.573410 2.210190
0.076180 -0.710756 2.010280
0.103041 -0.795468 2.002430
0.282982 -0.518625 2.610240
0.387939 -0.584432 2.211470
0.382867 -0.799472 2.081170
0.423729 -0.813168 2.020960
0.181162 -0.453987 2.652030
0.182185 -0.428887 2.711450
0.171359 -0.175570 2.812480
0.163418 0.038917 2.779910
0.007572 -0.256724 2.762500
-0.040881 -0.448154 2.659650
0.048194 -0.490082 2.491260
0.129472 -0.501350 2.489520
0.338579 -0.280382 2.722170
0.383864 -0.426449 2.596580
0.292296 -0.191991 2.602450
0.326383 -0.141839 2.654180
0.082829 -0.514802 2.613410
0.100975 -0.573418 2.210070
0.076156 -0.710720 2.010280
0.103050 -0.795464 2.002400
0.282795 -0.518561 2.610240
0.387942 -0.584448 2.211470
0.382248 -0.802187 2.079760
0.427023 -0.813957 2.021410
0.181138 -0.453930 2.651960
0.182180 -0.428840 2.711410
0.171443 -0.175526 2.812520
0.163553 0.038970 2.780040
0.007718 -0.256650 2.762400
-0.040598 -0.447980 2.659150
0.048337 -0.490127 2.491110
0.129637 -0.501184 2.489240
0.338614 -0.280362 2.722160
0.382882 -0.426899 2.597040
0.292397 -0.192019 2.602590
0.326527 -0.141836 2.654460
0.082781 -0.514719 2.613320
0.100909 -0.573426 2.209940
0.076136 -0.710685 2.010270
0.103048 -0.795455 2.002350
0.282711 -0.518517 2.610220
0.387944 -0.584463 2.211470
0.381714 -0.804446 2.078580
0.429270 -0.814814 2.021630
0.181127 -0.453871 2.651910
0.182176 -0.428791 2.711360
0.171517 -0.175481 2.812570
0.163698 0.038990 2.780190
0.007861 -0.256577 2.762300
-0.040346 -0.447784 2.658680
0.048463 -0.490161 2.490980
0.129724 -0.501085 2.489130
0.338670 -0.280362 2.722170
0.382233 -0.427108 2.597230
0.292467 -0.192028 2.602700
0.326627 -0.141824 2.654670
0.082759 -0.514646 2.613260
0.100547 -0.573670 2.208650
0.076094 -0.710714 2.010110
0.103027 -0.795428 2.002270
0.282675 -0.518473 2.610200
0.387947 -0.584483 2.211460
0.381158 -0.804651 2.078820
0.423898 -0.820911 2.026000
0.181627 -0.453778 2.651800
0.182359 -0.428714 2.711290
0.171570 -0.175430 2.812620
0.163840 0.039004 2.780350
0.007998 -0.256495 2.762200
-0.040110 -0.447563 2.658210
0.048566 -0.490209 2.490830
0.129790 -0.501008 2.489050
0.338732 -0.280368 2.722200
0.381954 -0.427484 2.597820
0.292582 -0.192211 2.602800
0.326767 -0.141970 2.654910
0.084271 -0.514768 2.613000
0.100296 -0.573849 2.207750
0.076061 -0.710718 2.009990
0.103004 -0.795400 2.002190
0.283982 -0.518275 2.610280
0.387949 -0.584507 2.211450
0.380992 -0.802541 2.080060
0.422267 -0.823328 2.028320
0.182120 -0.453659 2.651710
0.182528 -0.428630 2.711230
0.171616 -0.175380 2.812670
0.163964 0.039022 2.780680
0.008123 -0.256418 2.762100
-0.039911 -0.447300 2.657820
0.048633 -0.490242 2.490730
0.129838 -0.500943 2.489000
0.338879 -0.280435 2.722450
0.381825 -0.427725 2.598380
0.292535 -0.192472 2.602860
0.326741 -0.142182 2.655110
0.085488 -0.514799 2.612770
0.100095 -0.573993 2.207030
0.076030 -0.710706 2.009870
0.102976 -0.795370 2.002100
0.285132 -0.518054 2.610400
0.387952 -0.584532 2.211440
0.379982 -0.800185 2.081960
0.417649 -0.825516 2.033060
0.182572 -0.453531 2.651650
0.182674 -0.428547 2.711180
0.171660 -0.175340 2.812700
0.164065 0.039025 2.781030
0.008238 -0.256345 2.762000
-0.039727 -0.447043 2.657490
0.048703 -0.490279 2.490660
0.129895 -0.500881 2.489000
0.339172 -0.280615 2.723100
0.381435 -0.427841 2.598730
0.292489 -0.192590 2.602890
0.326709 -0.142269 2.655250
0.086289 -0.514805 2.612700
0.100050 -0.574010 2.206830
0.076012 -0.710670 2.009800
0.102947 -0.795344 2.002030
0.286139 -0.517847 2.610530
0.387965 -0.584574 2.211410
0.379676 -0.798132 2.083330
0.413906 -0.827700 2.035880
0.182872 -0.453337 2.651580
0.182743 -0.428428 2.711120
0.171688 -0.175282 2.812720
0.164036 0.039213 2.781600
0.008343 -0.256277 2.761910
-0.039601 -0.446800 2.657260
0.048733 -0.490340 2.490630
0.129924 -0.500843 2.489040
0.339870 -0.280912 2.725600
0.380409 -0.426893 2.598770
0.291147 -0.192005 2.601750
0.326098 -0.141966 2.654930
0.086743 -0.514727 2.612600
0.100066 -0.573986 2.206800
0.076000 -0.710623 2.009750
0.102934 -0.795334 2.001980
0.286723 -0.517583 2.610580
0.387981 -0.584618 2.211380
0.380114 -0.795051 2.084750
0.412172 -0.828889 2.037180
0.183140 -0.453150 2.651520
0.182797 -0.428305 2.711060
0.171653 -0.175141 2.812760
0.163994 0.039401 2.782120
0.008437 -0.256218 2.761820
-0.039496 -0.446577 2.657070
0.048756 -0.490365 2.490590
0.129945 -0.500789 2.489090
0.340539 -0.281190 2.728310
0.379225 -0.425391 2.598580
0.289571 -0.191511 2.600520
0.324577 -0.141419 2.653990
0.087109 -0.514664 2.612530
0.100098 -0.573943 2.206850
0.075992 -0.710575 2.009710
0.102920 -0.795325 2.001930
0.287244 -0.517318 2.610620
0.387996 -0.584659 2.211350
0.380321 -0.793702 2.085310
0.410560 -0.830240 2.037900
0.183314 -0.452899 2.651420
0.182784 -0.428112 2.710960
0.171602 -0.174988 2.812800
0.163937 0.039511 2.782560
0.008521 -0.256162 2.761740
-0.039474 -0.446147 2.657010
0.048619 -0.490544 2.490720
0.068648 -0.533189 2.486910
0.341029 -0.281473 2.731130
0.378068 -0.423662 2.598380
0.287684 -0.190918 2.599130
0.322666 -0.140741 2.652840
0.087283 -0.514490 2.612390
0.100158 -0.573870 2.207060
0.075999 -0.710524 2.009690
0.102905 -0.795315 2.001880
0.287593 -0.517000 2.610590
0.388011 -0.584698 2.211310
0.385399 -0.803742 2.075780
0.449911 -0.812638 2.023910
0.183776 -0.452709 2.651380
0.182898 -0.427992 2.710910
0.171550 -0.174888 2.812850
0.163843 0.039539 2.782980
0.008597 -0.256111 2.761670
-0.039485 -0.446048 2.656950
0.048950 -0.490020 2.490970
0.029057 -0.546821 2.489860
0.340812 -0.281450 2.733080
0.377216 -0.422324 2.598560
0.286114 -0.190453 2.597950
0.321044 -0.140192 2.651820
0.087972 -0.514518 2.612480
0.100252 -0.573749 2.207470
0.076009 -0.710468 2.009680
0.102889 -0.795306 2.001830
0.288543 -0.516433 2.610640
0.388025 -0.584735 2.211280
0.389814 -0.822544 2.063300
0.418691 -0.789489 2.050990
0.184629 -0.452487 2.651310
0.183157 -0.427852 2.710850
0.171465 -0.174778 2.812930
0.163742 0.039577 2.783380
0.008670 -0.256063 2.761600
-0.039539 -0.445966 2.656920
0.049084 -0.489768 2.491170
0.015960 -0.552108 2.490360
0.340291 -0.281354 2.734990
0.376668 -0.420979 2.598890
0.284770 -0.190003 2.596930
0.319630 -0.139657 2.650930
0.089631 -0.514556 2.612450
0.100369 -0.573617 2.207930
0.076024 -0.710408 2.009670
0.102883 -0.795303 2.001800
0.289919 -0.515652 2.610720
0.388033 -0.584762 2.211250
0.392074 -0.826855 2.058870
0.451937 -0.786548 2.032730
0.184803 -0.452129 2.651200
0.183160 -0.427616 2.710740
0.171358 -0.174668 2.813010
0.163596 0.039657 2.783770
0.008702 -0.256034 2.761570
-0.039600 -0.445910 2.656890
0.049098 -0.489718 2.491260
0.007029 -0.555884 2.490630
0.339710 -0.281214 2.736690
0.376233 -0.419786 2.599350
0.281997 -0.189261 2.593160
0.260432 -0.145269 2.595830
0.089711 -0.514190 2.612380
0.100553 -0.573448 2.208670
0.076043 -0.710341 2.009660
0.102880 -0.795301 2.001770
0.290083 -0.514824 2.610530
0.388035 -0.584778 2.211230
0.392376 -0.824703 2.059840
0.449304 -0.795576 2.027610
0.180201 -0.448787 2.647880
0.180242 -0.425923 2.708420
0.171259 -0.174580 2.813060
0.163451 0.039714 2.784050
0.008727 -0.256009 2.761550
-0.039649 -0.445876 2.656850
0.049084 -0.489685 2.491300
0.000911 -0.558368 2.490850
0.339342 -0.281187 2.738900
0.375855 -0.418358 2.599830
0.280582 -0.188520 2.590630
0.237147 -0.147675 2.577750
0.079000 -0.506913 2.607130
0.100738 -0.573279 2.209430
0.076064 -0.710261 2.009640
0.102879 -0.795302 2.001750
0.278866 -0.510180 2.601300
0.388037 -0.584791 2.211220
0.387827 -0.806286 2.075030
0.428614 -0.814468 2.029700
0.175045 -0.445957 2.644130
0.176148 -0.424177 2.705220
0.171132 -0.174487 2.813100
0.163310 0.039763 2.784280
0.008748 -0.255987 2.761540
-0.039727 -0.445810 2.656830
0.049022 -0.489636 2.491360
-0.002037 -0.559211 2.491180
0.339000 -0.281140 2.740760
0.395413 -0.426298 2.631760
0.285185 -0.199907 2.588470
0.227612 -0.155349 2.570500
0.071616 -0.502261 2.603220
0.100874 -0.573151 2.210040
0.076067 -0.710148 2.009550
0.102879 -0.795303 2.001730
0.270860 -0.507491 2.595040
0.388037 -0.584801 2.211210
0.386344 -0.799735 2.080420
0.415926 -0.824138 2.032410
0.170590 -0.443716 2.640930
0.172034 -0.421932 2.702180
0.170725 -0.170467 2.811870
0.163135 0.039881 2.784550
0.008762 -0.255971 2.761530
-0.039809 -0.445750 2.656820
0.048934 -0.489653 2.491430
-0.002244 -0.559038 2.491620
0.338556 -0.281108 2.742670
0.403566 -0.430376 2.647390
0.287938 -0.207450 2.586930
0.222681 -0.162476 2.567460
0.066472 -0.499291 2.600690
0.101018 -0.573036 2.210610
0.076074 -0.710024 2.009450
0.102884 -0.795308 2.001720
0.265471 -0.505869 2.591030
0.388036 -0.584809 2.211200
0.385026 -0.792198 2.085780
0.408259 -0.829967 2.034120
0.167433 -0.442238 2.638600
0.168865 -0.420357 2.699810
0.169972 -0.168095 2.811040
0.162974 0.039998 2.784760
0.008771 -0.255960 2.761520
-0.039877 -0.445703 2.656800
0.048694 -0.489768 2.491450
-0.001096 -0.558344 2.491870
0.337692 -0.280856 2.745050
0.387887 -0.412741 2.625680
0.273348 -0.193756 2.569710
0.215455 -0.161321 2.562520
0.063223 -0.497473 2.599040
0.101149 -0.572921 2.211200
0.076092 -0.709890 2.009310
0.102889 -0.795312 2.001710
0.262095 -0.504866 2.588490
0.388036 -0.584815 2.211200
0.384282 -0.788695 2.088250
0.403694 -0.833398 2.035260
0.164861 -0.441137 2.636510
0.166172 -0.418895 2.697560
0.169302 -0.164958 2.809560
0.162813 0.040119 2.784960
0.008778 -0.255951 2.761510
-0.039952 -0.445645 2.656770
0.048464 -0.489879 2.491460
0.001148 -0.557197 2.492060
0.336868 -0.280672 2.747020
0.385724 -0.413079 2.627160
0.271084 -0.196624 2.564780
0.212082 -0.163677 2.560010
0.060917 -0.496267 2.597810
0.101262 -0.572823 2.211700
0.076137 -0.709743 2.009090
0.102899 -0.795318 2.001700
0.259659 -0.504186 2.586650
0.388035 -0.584817 2.211190
0.383661 -0.786177 2.090000
0.400656 -0.835617 2.036160
0.164427 -0.441290 2.635120
0.165146 -0.418284 2.696430
0.168822 -0.161875 2.808450
0.162689 0.040205 2.785120
0.008782 -0.255943 2.761500
-0.040003 -0.445604 2.656730
0.048225 -0.490014 2.491400
0.003782 -0.555958 2.492060
0.335729 -0.280645 2.748850
0.362932 -0.398084 2.603730
0.253808 -0.181468 2.539030
0.205507 -0.157850 2.551880
0.064223 -0.498807 2.596860
0.101362 -0.572732 2.212150
0.076186 -0.709621 2.008940
0.102905 -0.795321 2.001690
0.260071 -0.504991 2.586350
0.388030 -0.584817 2.211180
0.383206 -0.784387 2.091240
0.398549 -0.837106 2.036820
0.172185 -0.447004 2.636150
0.167728 -0.419306 2.696500
0.168558 -0.159213 2.807750
0.162598 0.040266 2.785230
0.008783 -0.255937 2.761500
-0.040037 -0.445580 2.656700
0.048050 -0.490107 2.491360
0.006571 -0.554649 2.492030
0.332663 -0.281047 2.752500
0.352272 -0.388814 2.593560
0.245097 -0.172751 2.523500
0.200252 -0.150894 2.542940
0.083209 -0.511578 2.600880
0.101445 -0.572651 2.212530
0.076229 -0.709519 2.008830
0.102912 -0.795323 2.001680
0.272336 -0.510832 2.594620
0.388022 -0.584813 2.211180
0.382879 -0.783092 2.092140
0.390726 -0.832067 2.027960
0.171717 -0.448031 2.634630
0.167450 -0.419432 2.695820
0.168235 -0.157469 2.807720
0.162716 0.040488 2.785540
0.008783 -0.255928 2.761500
-0.040215 -0.445275 2.656840
0.047665 -0.490154 2.491560
0.008748 -0.553393 2.492430
0.328232 -0.281548 2.758070
0.347635 -0.400216 2.607900
0.246714 -0.190966 2.512200
0.199674 -0.155015 2.536190
0.078403 -0.509210 2.596090
0.101507 -0.572583 2.212830
0.076269 -0.709429 2.008730
0.102919 -0.795327 2.001680
0.268960 -0.510901 2.592940
0.388005 -0.584798 2.211180
0.382440 -0.782125 2.093010
0.389658 -0.831673 2.028900
0.170910 -0.448760 2.633130
0.167041 -0.419707 2.695080
0.167841 -0.156296 2.808440
0.163126 0.040770 2.786020
0.008785 -0.255909 2.761500
-0.040553 -0.444769 2.657180
0.047126 -0.490136 2.491990
0.010555 -0.552233 2.492990
0.325368 -0.282602 2.761840
0.345359 -0.401962 2.609730
0.249166 -0.208546 2.488880
0.246527 -0.159709 2.498700
0.074170 -0.506604 2.591860
0.101536 -0.572548 2.212980
0.076299 -0.709353 2.008600
0.102927 -0.795330 2.001670
0.265680 -0.510891 2.591060
0.387977 -0.584772 2.211200
0.382124 -0.781450 2.093650
0.389523 -0.831192 2.030740
0.169911 -0.449325 2.631740
0.166523 -0.420151 2.694320
0.167746 -0.155743 2.810560
0.164131 0.040922 2.786750
0.008786 -0.255888 2.761500
-0.040883 -0.444323 2.657480
0.046671 -0.490104 2.492390
0.012126 -0.551223 2.493500
0.322769 -0.284003 2.764710
0.351252 -0.408276 2.617010
0.255447 -0.223064 2.478930
0.268829 -0.165466 2.485390
0.070754 -0.504463 2.588660
0.101534 -0.572523 2.213040
0.076320 -0.709294 2.008440
0.102936 -0.795332 2.001670
0.262829 -0.510934 2.589460
0.387943 -0.584737 2.211230
0.381808 -0.780997 2.094210
0.389977 -0.830673 2.032910
0.169499 -0.449668 2.630450
0.166203 -0.420620 2.693540
0.167910 -0.155717 2.813310
0.166321 0.041044 2.788050
0.008793 -0.255862 2.761490
-0.041186 -0.443994 2.657750
0.046286 -0.490086 2.492780
0.013448 -0.550395 2.493960
0.320164 -0.285557 2.767010
0.356742 -0.411902 2.621740
0.274932 -0.253950 2.471580
0.277561 -0.201519 2.448300
0.072194 -0.500633 2.582550
0.101504 -0.572507 2.213020
0.076334 -0.709246 2.008260
0.102944 -0.795335 2.001660
0.261620 -0.511058 2.588760
0.387911 -0.584700 2.211260
0.381383 -0.780787 2.094790
0.390599 -0.830292 2.034950
0.169281 -0.449900 2.629000
0.166027 -0.421175 2.692590
0.168390 -0.156042 2.816090
0.169600 0.041098 2.790100
0.008818 -0.255827 2.761490
-0.041449 -0.443713 2.657980
0.045906 -0.490081 2.493100
0.014453 -0.549751 2.494310
0.316653 -0.286338 2.769380
0.357578 -0.432698 2.613310
0.284809 -0.273736 2.465980
0.281559 -0.223592 2.430250
0.073877 -0.497692 2.577880
0.101450 -0.572505 2.212670
0.076361 -0.709212 2.007950
0.102948 -0.795335 2.001650
0.260720 -0.511126 2.588220
0.387878 -0.584656 2.211290
0.381010 -0.780690 2.095260
0.393928 -0.828214 2.037180
0.171349 -0.445845 2.628860
0.166373 -0.420514 2.692230
0.168955 -0.156478 2.818480
0.172831 0.041029 2.791780
0.008857 -0.255783 2.761490
-0.041699 -0.443445 2.658180
0.045803 -0.489525 2.493510
0.015881 -0.548473 2.494760
0.336264 -0.252588 2.818930
0.361525 -0.418838 2.626050
0.289904 -0.283112 2.458700
0.281320 -0.236733 2.412910
0.075994 -0.494842 2.575020
0.101388 -0.572516 2.212260
0.076385 -0.709193 2.007620
0.102951 -0.795335 2.001640
0.263289 -0.506586 2.589390
0.387836 -0.584596 2.211330
0.380492 -0.780731 2.095840
0.395587 -0.827027 2.039190
0.188612 -0.440216 2.631310
0.174481 -0.418377 2.693020
0.169427 -0.156887 2.820330
0.176663 0.041166 2.793780
0.008923 -0.255736 2.761480
-0.042019 -0.443077 2.658410
0.045744 -0.488943 2.493920
0.017085 -0.547338 2.495180
0.340657 -0.238597 2.838100
0.362206 -0.415650 2.629040
0.294457 -0.291290 2.448900
0.281698 -0.247089 2.398630
0.117579 -0.491741 2.571670
0.101319 -0.572531 2.211830
0.076406 -0.709183 2.007290
0.102955 -0.795335 2.001640
0.286231 -0.500689 2.601290
0.387796 -0.584538 2.211360
0.380289 -0.780690 2.096090
0.397415 -0.826318 2.040460
0.152013 -0.430519 2.632930
0.146629 -0.410801 2.694800
0.169928 -0.157317 2.821880
0.179368 0.040981 2.795050
0.009058 -0.255651 2.761460
-0.042308 -0.442733 2.658600
0.045693 -0.488584 2.494250
0.018008 -0.546537 2.495520
0.342397 -0.232871 2.846160
0.363344 -0.412159 2.630120
0.297500 -0.296492 2.439640
0.281491 -0.254206 2.387840
0.060890 -0.472295 2.574820
0.101270 -0.572539 2.211490
0.076431 -0.709176 2.007030
0.102954 -0.795330 2.001620
0.238042 -0.500190 2.603240
0.387750 -0.584469 2.211410
0.380172 -0.780635 2.096250
0.398450 -0.826085 2.041280
0.132460 -0.425936 2.633740
0.134604 -0.407556 2.695580
0.170353 -0.157673 2.823050
0.181398 0.040868 2.795980
0.009204 -0.255558 2.761430
-0.042553 -0.442416 2.658750
0.045668 -0.488354 2.494460
0.018750 -0.545945 2.495770
0.342990 -0.229185 2.850770
0.364202 -0.409853 2.630540
0.300380 -0.302262 2.429230
0.281796 -0.262473 2.376930
0.033464 -0.462626 2.576210
0.101208 -0.572564 2.211140
0.076447 -0.709186 2.006770
0.102952 -0.795323 2.001610
0.205951 -0.500938 2.603640
0.387658 -0.584329 2.211580
0.380262 -0.780493 2.096190
0.399915 -0.825779 2.041760
0.123334 -0.423676 2.634230
0.128074 -0.405728 2.696070
0.170753 -0.157989 2.824020
0.182850 0.040830 2.796630
0.009365 -0.255466 2.761410
-0.042763 -0.442236 2.658830
0.045650 -0.488217 2.494610
0.019332 -0.545531 2.495940
0.341803 -0.228224 2.850610
0.375125 -0.422621 2.649220
0.313531 -0.323991 2.425440
0.300258 -0.354058 2.392380
0.019988 -0.458310 2.577090
0.101025 -0.572728 2.210000
0.076428 -0.709287 2.006120
0.102953 -0.795319 2.001600
0.193945 -0.501073 2.604030
0.387565 -0.584188 2.211760
0.380500 -0.780292 2.095960
0.400077 -0.824586 2.035400
0.159667 -0.427397 2.639470
0.157979 -0.407624 2.700800
0.171085 -0.158256 2.824780
0.183874 0.040868 2.797150
0.009518 -0.255376 2.761400
-0.042940 -0.442106 2.658890
0.045632 -0.488124 2.494710
0.019775 -0.545231 2.496060
0.338714 -0.231100 2.844920
0.372493 -0.426077 2.650970
0.316585 -0.342383 2.415510
0.302335 -0.363355 2.373470
0.075476 -0.472270 2.576910
0.100915 -0.572867 2.209160
0.076454 -0.709262 2.005950
0.102955 -0.795317 2.001590
0.245353 -0.503068 2.615280
0.387490 -0.584052 2.211910
0.380833 -0.780087 2.095590
0.400081 -0.823777 2.030040
0.144172 -0.425716 2.639500
0.147087 -0.405533 2.701070
0.171373 -0.158470 2.825370
0.184620 0.040951 2.797530
0.009700 -0.255271 2.761380
-0.043102 -0.442009 2.658920
0.045617 -0.488054 2.494780
0.020113 -0.545005 2.496160
0.335624 -0.235864 2.837270
0.342073 -0.409465 2.624020
0.316527 -0.368955 2.384760
0.308848 -0.381249 2.324280
0.043292 -0.463673 2.579560
0.100861 -0.572947 2.208640
0.076482 -0.709229 2.005830
0.102960 -0.795319 2.001580
0.219628 -0.504613 2.612070
0.387450 -0.583981 2.211980
0.381326 -0.780740 2.094590
0.402292 -0.824083 2.029380
0.134104 -0.424902 2.639210
0.138918 -0.404293 2.700930
0.171626 -0.158642 2.825820
0.185156 0.041040 2.797810
0.009919 -0.255131 2.761370
-0.043252 -0.442027 2.658940
0.045608 -0.488000 2.494840
0.020397 -0.544820 2.496220
0.333202 -0.240908 2.830030
0.331084 -0.404180 2.613550
0.317160 -0.378747 2.372120
0.312945 -0.385111 2.297660
0.031252 -0.460971 2.580780
0.100818 -0.573010 2.208210
0.076509 -0.709192 2.005720
0.102969 -0.795322 2.001570
0.208321 -0.505663 2.610140
0.387408 -0.583910 2.212040
0.381719 -0.781964 2.093490
0.403488 -0.825170 2.029160
0.127753 -0.424480 2.638880
0.133304 -0.403577 2.700680
0.171820 -0.158780 2.826150
0.185526 0.041152 2.798220
0.010139 -0.254993 2.761370
-0.043389 -0.442047 2.658940
0.045600 -0.487960 2.494880
0.020616 -0.544679 2.496260
0.331363 -0.244580 2.824610
0.323986 -0.400799 2.606410
0.318147 -0.383942 2.364530
0.312176 -0.332888 2.344240
0.024568 -0.459531 2.581360
0.100779 -0.573060 2.207860
0.076531 -0.709153 2.005630
0.102978 -0.795327 2.001560
0.201744 -0.506241 2.608860
0.387096 -0.583593 2.212680
0.382040 -0.782710 2.092730
0.404152 -0.826351 2.029480
0.123402 -0.424243 2.638580
0.129274 -0.403162 2.700410
0.171979 -0.158898 2.826410
0.185761 0.041245 2.798540
0.010339 -0.254873 2.761370
-0.043537 -0.442062 2.658950
0.045588 -0.487930 2.494910
0.020774 -0.544575 2.496300
0.329768 -0.247479 2.820410
0.318535 -0.398447 2.600990
0.319257 -0.384473 2.358900
0.319201 -0.345042 2.310560
0.020251 -0.458654 2.581720
0.100763 -0.573085 2.207680
0.076556 -0.709113 2.005560
0.102988 -0.795333 2.001550
0.197281 -0.506512 2.607870
0.386561 -0.582706 2.213950
0.382365 -0.783214 2.092070
0.403004 -0.827886 2.025640
0.165199 -0.438086 2.636080
0.162277 -0.414874 2.698360
0.172110 -0.159005 2.826620
0.185870 0.041358 2.798880
0.010521 -0.254768 2.761380
-0.043656 -0.442063 2.658960
0.045433 -0.487934 2.494920
0.020866 -0.544503 2.496330
0.328714 -0.249377 2.817670
0.312814 -0.419275 2.613420
0.320031 -0.390057 2.358010
0.321660 -0.346258 2.309700
0.079330 -0.482881 2.577550
0.100750 -0.573108 2.207530
0.076573 -0.709086 2.005490
0.102998 -0.795339 2.001540
0.248148 -0.511777 2.608160
0.385305 -0.580063 2.217830
0.382888 -0.783514 2.091270
0.402476 -0.828509 2.022160
0.187755 -0.444486 2.632150
0.177533 -0.419898 2.695670
0.172215 -0.159100 2.826780
0.185868 0.041393 2.799250
0.010687 -0.254677 2.761390
-0.043784 -0.442059 2.658970
0.045286 -0.487934 2.494930
0.020933 -0.544447 2.496340
0.327872 -0.250862 2.815570
0.273542 -0.418220 2.614200
0.320837 -0.393458 2.356100
0.338030 -0.372108 2.290300
0.114027 -0.493520 2.570550
0.100739 -0.573123 2.207430
0.076588 -0.709058 2.005420
0.103008 -0.795345 2.001540
0.277671 -0.514028 2.604420
0.383850 -0.576956 2.222540
0.383515 -0.783770 2.090360
0.402124 -0.829203 2.019310
0.152565 -0.441742 2.627790
0.149026 -0.418112 2.691610
0.172303 -0.159184 2.826900
0.185783 0.041385 2.799630
0.010848 -0.254599 2.761400
-0.043860 -0.442042 2.658960
0.119236 -0.487344 2.507430
0.149557 -0.518011 2.479630
0.327294 -0.251872 2.814140
0.256359 -0.417183 2.615190
0.321326 -0.396183 2.356380
0.343432 -0.379641 2.285450
0.055339 -0.479343 2.575100
0.100731 -0.573133 2.207350
0.076597 -0.709036 2.005380
0.103018 -0.795349 2.001530
0.224515 -0.513647 2.592590
0.382514 -0.573774 2.227040
0.384302 -0.784017 2.089290
0.402036 -0.829693 2.016650
0.128443 -0.438437 2.626410
0.133228 -0.416366 2.690150
0.172377 -0.159263 2.827000
0.185567 0.041333 2.800110
0.010984 -0.254532 2.761410
-0.043952 -0.442102 2.658980
0.147776 -0.486402 2.512730
0.233889 -0.498682 2.469680
0.326824 -0.252586 2.813080
0.249962 -0.418256 2.615790
0.322319 -0.398669 2.356540
0.347120 -0.387159 2.281140
0.035831 -0.474774 2.576440
0.100732 -0.573130 2.207330
0.076602 -0.708985 2.005430
0.103023 -0.795352 2.001530
0.199377 -0.512751 2.588960
0.381322 -0.570529 2.231260
0.384816 -0.784036 2.088590
0.401806 -0.829741 2.015030
0.116010 -0.436764 2.626750
0.123775 -0.415191 2.690110
0.172443 -0.159344 2.827090
0.185229 0.041176 2.800650
0.011103 -0.254474 2.761420
-0.043956 -0.442229 2.658820
0.164787 -0.485643 2.515400
0.264361 -0.491598 2.465980
0.326427 -0.253167 2.812220
0.247446 -0.419738 2.616320
0.323400 -0.401566 2.357230
0.349412 -0.392235 2.278540
0.016981 -0.469913 2.578630
0.100753 -0.573067 2.207480
0.076621 -0.708933 2.005530
0.103025 -0.795351 2.001520
0.183170 -0.512823 2.589190
0.380342 -0.567026 2.235580
0.385302 -0.784035 2.087910
0.401624 -0.829692 2.013680
0.139205 -0.441735 2.614100
0.137419 -0.419228 2.680960
0.172495 -0.159434 2.827170
0.184755 0.040891 2.801330
0.011207 -0.254426 2.761440
-0.043824 -0.443375 2.658400
0.175023 -0.485237 2.516990
0.283335 -0.487274 2.463650
0.326088 -0.253579 2.811570
0.246646 -0.421057 2.616850
0.326355 -0.424167 2.361520
0.350556 -0.430533 2.279490
0.051558 -0.475155 2.562800
0.100775 -0.573075 2.207390
0.076642 -0.708911 2.005600
0.103015 -0.795343 2.001490
0.209093 -0.517313 2.576300
0.379991 -0.563725 2.238800
0.385744 -0.784046 2.087300
0.401460 -0.829990 2.012900
0.148862 -0.445457 2.608190
0.145062 -0.422315 2.675760
0.172538 -0.159519 2.827230
0.184205 0.040542 2.802140
0.011313 -0.254372 2.761460
-0.043700 -0.444855 2.658010
0.182075 -0.485026 2.518140
0.291789 -0.484825 2.462520
0.325778 -0.253875 2.811050
0.272293 -0.433640 2.629570
0.327824 -0.437721 2.369480
0.347767 -0.446763 2.285100
0.072691 -0.479976 2.553620
0.100801 -0.573097 2.207220
0.076661 -0.708902 2.005640
0.103002 -0.795331 2.001470
0.217846 -0.521946 2.570470
0.379871 -0.560703 2.241560
0.386082 -0.783968 2.086880
0.401333 -0.830114 2.012380
0.154868 -0.447399 2.604810
0.150313 -0.424108 2.672540
0.172575 -0.159598 2.827290
0.183712 0.040304 2.803000
0.011416 -0.254313 2.761500
-0.043582 -0.446509 2.657680
0.186634 -0.484857 2.518750
0.288758 -0.484616 2.462660
0.325494 -0.254070 2.810660
0.285887 -0.440927 2.634960
0.328573 -0.444637 2.373170
0.346159 -0.454776 2.287640
0.083021 -0.481762 2.549010
0.100823 -0.573143 2.206950
0.076679 -0.708899 2.005690
0.102976 -0.795310 2.001420
0.223692 -0.524499 2.567220
0.380036 -0.558126 2.243520
0.386264 -0.783969 2.086670
0.405407 -0.828820 2.019380
0.159083 -0.448603 2.602920
0.154096 -0.425246 2.670630
0.172606 -0.159674 2.827330
0.183277 0.040035 2.803850
0.011513 -0.254261 2.761540
-0.043433 -0.448181 2.657350
0.188592 -0.484661 2.518700
0.279689 -0.485449 2.463090
0.325258 -0.254200 2.810370
0.289605 -0.443424 2.636920
0.328988 -0.448572 2.374840
0.345406 -0.459592 2.288890
0.088925 -0.482820 2.546550
0.100831 -0.573185 2.206730
0.076696 -0.708910 2.005720
0.102944 -0.795285 2.001370
0.229127 -0.526045 2.565820
0.380331 -0.555991 2.244940
0.386402 -0.783986 2.086580
0.404974 -0.829343 2.020610
0.162189 -0.449338 2.601920
0.156925 -0.425955 2.669510
0.172632 -0.159746 2.827370
0.182901 0.039834 2.804590
0.011597 -0.254212 2.761600
-0.043358 -0.448952 2.657190
0.188309 -0.484363 2.518280
0.269172 -0.486822 2.463970
0.325047 -0.254279 2.810150
0.292453 -0.445292 2.638260
0.329237 -0.451493 2.376060
0.344322 -0.462655 2.290150
0.092764 -0.483510 2.545080
0.100831 -0.573210 2.206570
0.076714 -0.708929 2.005740
0.102929 -0.795274 2.001350
0.233533 -0.526826 2.565480
0.380570 -0.554495 2.245910
0.386385 -0.784020 2.086870
0.403816 -0.830010 2.021820
0.164441 -0.449781 2.601420
0.158986 -0.426390 2.668870
0.172651 -0.159804 2.827400
0.182581 0.039671 2.805220
0.011663 -0.254161 2.761660
-0.043301 -0.449493 2.657070
0.186606 -0.484149 2.517600
0.260024 -0.488353 2.464770
0.324855 -0.254312 2.810000
0.331973 -0.459080 2.656020
0.331438 -0.454227 2.388620
0.344578 -0.423146 2.359060
0.095436 -0.484005 2.544230
0.100828 -0.573227 2.206460
0.076731 -0.708954 2.005750
0.102914 -0.795263 2.001340
0.236807 -0.527151 2.565630
0.380777 -0.553419 2.246580
0.384991 -0.785026 2.090270
0.402413 -0.827359 2.031830
0.166372 -0.449915 2.601260
0.160741 -0.426583 2.668490
0.172666 -0.159855 2.827420
0.182327 0.039552 2.805760
0.011727 -0.254111 2.761730
-0.043255 -0.449928 2.656990
0.184110 -0.484031 2.516850
0.252676 -0.489727 2.465400
0.324679 -0.254310 2.809890
0.344231 -0.463652 2.661270
0.331942 -0.457547 2.395370
0.344792 -0.410233 2.383960
0.097450 -0.484250 2.543890
0.100820 -0.573248 2.206350
0.076745 -0.708972 2.005770
0.102901 -0.795255 2.001330
0.239795 -0.526970 2.566010
0.381059 -0.552596 2.246900
0.382901 -0.785970 2.094750
0.401526 -0.825935 2.037750
0.167758 -0.449919 2.601230
0.162035 -0.426660 2.668270
0.172677 -0.159901 2.827430
0.182121 0.039456 2.806200
0.011779 -0.254065 2.761790
-0.043217 -0.450269 2.656940
0.181458 -0.483917 2.516110
0.247213 -0.490737 2.465880
0.324518 -0.254277 2.809810
0.352939 -0.466986 2.665370
0.331678 -0.459827 2.399340
0.362947 -0.422410 2.399440
0.098796 -0.484333 2.543770
0.100804 -0.573281 2.206200
0.076759 -0.708977 2.005790
0.102891 -0.795248 2.001320
0.241729 -0.526786 2.566230
0.381414 -0.551934 2.246970
0.380981 -0.786312 2.097720
0.400349 -0.824315 2.043310
0.168742 -0.449861 2.601250
0.162981 -0.426680 2.668140
0.172687 -0.159944 2.827440
0.181964 0.039369 2.806600
0.011826 -0.254022 2.761860
-0.043191 -0.450490 2.656900
0.078661 -0.490267 2.495530
0.093867 -0.528996 2.481240
0.324363 -0.254189 2.809790
0.357752 -0.468923 2.667740
0.330883 -0.461874 2.402780
0.370822 -0.430886 2.405410
0.099606 -0.484302 2.543850
0.100780 -0.573329 2.205980
0.076773 -0.708972 2.005810
0.102871 -0.795233 2.001300
0.242999 -0.526643 2.566320
0.381835 -0.551429 2.246810
0.379143 -0.786460 2.100290
0.399351 -0.823089 2.047270
