0.155194 -0.402145 2.477380
0.159335 -0.356678 2.528280
0.153557 -0.068826 2.551170
0.144406 0.129796 2.532910
-0.001718 -0.169146 2.537730
-0.013825 -0.387335 2.480660
0.121125 -0.279141 2.290440
0.185809 -0.255949 2.220840
0.306033 -0.171400 2.504040
0.329732 -0.371186 2.428080
0.184807 -0.284302 2.233630
0.183494 -0.231605 2.230660
0.081291 -0.476227 2.456270
0.064101 -0.632022 2.160300
-0.003534 -0.938210 2.101090
-0.011858 -0.970830 2.019870
0.229831 -0.462874 2.463460
0.185259 -0.597855 2.142250
0.226120 -0.897936 2.075610
0.218251 -0.930437 1.994320
0.155123 -0.402304 2.477260
0.159277 -0.356814 2.528150
0.153535 -0.068875 2.551020
0.144373 0.129720 2.532680
-0.001762 -0.169214 2.537640
-0.013714 -0.387798 2.480600
0.121055 -0.279138 2.290430
0.185845 -0.256072 2.220650
0.305962 -0.171475 2.503900
0.329653 -0.371388 2.428020
0.184757 -0.284522 2.233570
0.183891 -0.231448 2.230110
0.081204 -0.476392 2.456270
0.063500 -0.634107 2.160180
-0.003748 -0.938735 2.100920
-0.012099 -0.971357 2.019710
0.229748 -0.463003 2.463280
0.185231 -0.597861 2.142250
0.226137 -0.897957 2.075670
0.218249 -0.930460 1.994380
0.155059 -0.402449 2.477160
0.159226 -0.356939 2.528040
0.153515 -0.068916 2.550910
0.144350 0.129654 2.532490
-0.001805 -0.169281 2.537560
-0.013547 -0.388562 2.480560
0.120984 -0.279222 2.290430
0.185863 -0.256147 2.220490
0.305903 -0.171550 2.503770
0.329592 -0.371573 2.427970
0.184754 -0.283712 2.234110
0.176657 -0.235123 2.217080
0.081121 -0.476548 2.456260
0.064126 -0.632685 2.160040
-0.003860 -0.937823 2.101280
-0.012240 -0.970437 2.020080
0.229673 -0.463124 2.463110
0.185165 -0.597889 2.142250
0.226150 -0.897979 2.075710
0.218246 -0.930486 1.994430
0.155001 -0.402578 2.477070
0.159180 -0.357049 2.527930
0.153495 -0.068955 2.550780
0.144327 0.129591 2.532320
-0.001847 -0.169352 2.537510
-0.013505 -0.388979 2.480610
0.120890 -0.279259 2.290460
0.185880 -0.256198 2.220380
0.305863 -0.171613 2.503680
0.329546 -0.371701 2.427950
0.184669 -0.282818 2.234770
0.174197 -0.236338 2.210590
0.081043 -0.476693 2.456260
0.065162 -0.630024 2.159960
-0.003904 -0.936337 2.101760
-0.012321 -0.968946 2.020570
0.229607 -0.463233 2.462970
0.185117 -0.597910 2.142250
0.226163 -0.897995 2.075750
0.218242 -0.930505 1.994470
0.154948 -0.402693 2.476990
0.159139 -0.357148 2.527840
0.153472 -0.068991 2.550670
0.144304 0.129533 2.532160
-0.001893 -0.169439 2.537470
-0.013484 -0.389268 2.480680
0.120792 -0.279276 2.290510
0.185900 -0.256235 2.220300
0.305832 -0.171668 2.503610
0.329526 -0.371778 2.427930
0.184661 -0.281718 2.235570
0.172741 -0.236813 2.206920
0.080971 -0.476824 2.456250
0.065317 -0.629855 2.159840
-0.003975 -0.936065 2.101870
-0.012414 -0.968672 2.020690
0.229548 -0.463332 2.462830
0.185059 -0.597943 2.142240
0.226172 -0.898008 2.075790
0.218234 -0.930521 1.994520
0.154895 -0.402805 2.476920
0.159098 -0.357246 2.527750
0.153446 -0.069021 2.550590
0.144286 0.129491 2.532070
-0.001937 -0.169525 2.537450
-0.013477 -0.389455 2.480800
0.120686 -0.279261 2.290590
0.185924 -0.256253 2.220250
0.305804 -0.171716 2.503560
0.329512 -0.371835 2.427920
0.184734 -0.280599 2.236280
0.171719 -0.236885 2.204760
0.080901 -0.476948 2.456250
0.065306 -0.630235 2.159640
-0.004076 -0.935964 2.101930
-0.012538 -0.968573 2.020740
0.229488 -0.463428 2.462710
0.185042 -0.597952 2.142240
0.226180 -0.898017 2.075860
0.218220 -0.930533 1.994590
0.154846 -0.402907 2.476850
0.159060 -0.357338 2.527670
0.153422 -0.069053 2.550520
0.144272 0.129453 2.531990
-0.001974 -0.169613 2.537460
-0.013481 -0.389589 2.480930
0.120579 -0.279238 2.290680
0.185949 -0.256258 2.220220
0.305783 -0.171756 2.503520
0.329507 -0.371882 2.427920
0.184839 -0.279520 2.236960
0.171026 -0.236657 2.203380
0.080838 -0.477061 2.456250
0.065031 -0.631320 2.159440
-0.004219 -0.936151 2.101870
-0.012710 -0.968763 2.020690
0.229433 -0.463516 2.462600
0.185045 -0.597954 2.142240
0.226173 -0.898026 2.075920
0.218187 -0.930545 1.994670
0.154786 -0.403011 2.476780
0.159016 -0.357430 2.527600
0.153398 -0.069083 2.550460
0.144249 0.129414 2.531920
-0.002031 -0.169739 2.537490
-0.013422 -0.389981 2.481070
0.120506 -0.279333 2.290750
0.186013 -0.256229 2.220230
0.305768 -0.171792 2.503490
0.329506 -0.371917 2.427920
0.185097 -0.278062 2.237720
0.169230 -0.237018 2.201990
0.080749 -0.477192 2.456250
0.065527 -0.629677 2.159280
-0.004189 -0.935134 2.102200
-0.012726 -0.967742 2.021030
0.229362 -0.463612 2.462480
0.185065 -0.597947 2.142250
0.226133 -0.898031 2.075970
0.218102 -0.930553 1.994740
0.154730 -0.403105 2.476730
0.158973 -0.357518 2.527530
0.153371 -0.069117 2.550410
0.144234 0.129367 2.531860
-0.002094 -0.169879 2.537560
-0.013390 -0.390267 2.481250
0.120432 -0.279408 2.290830
0.186108 -0.256174 2.220280
0.305761 -0.171824 2.503480
0.329506 -0.371947 2.427920
0.185500 -0.276358 2.238480
0.168120 -0.237086 2.201210
0.080663 -0.477315 2.456240
0.065504 -0.629936 2.159060
-0.004242 -0.934998 2.102260
-0.012800 -0.967607 2.021090
0.229299 -0.463699 2.462380
0.185110 -0.597931 2.142260
0.226110 -0.898028 2.076020
0.218049 -0.930550 1.994800
0.154668 -0.403208 2.476670
0.158927 -0.357610 2.527470
0.153341 -0.069151 2.550380
0.144215 0.129314 2.531810
-0.002156 -0.170021 2.537640
-0.013381 -0.390499 2.481430
0.120351 -0.279477 2.290930
0.186309 -0.256087 2.220400
0.305752 -0.171849 2.503480
0.329508 -0.371978 2.427920
0.185886 -0.274837 2.239160
0.167128 -0.237097 2.200740
0.080572 -0.477450 2.456250
0.065382 -0.630507 2.158810
-0.004334 -0.934971 2.102300
-0.012917 -0.967583 2.021130
0.229235 -0.463787 2.462290
0.185200 -0.597894 2.142260
0.226076 -0.898018 2.076080
0.217980 -0.930540 1.994880
0.154612 -0.403305 2.476630
0.158884 -0.357699 2.527410
0.153318 -0.069187 2.550350
0.144194 0.129262 2.531760
-0.002219 -0.170163 2.537730
-0.013380 -0.390661 2.481610
0.120273 -0.279526 2.291040
0.186570 -0.255960 2.220560
0.305745 -0.171871 2.503480
0.329512 -0.372018 2.427940
0.186246 -0.273621 2.239690
0.166299 -0.237087 2.200480
0.080487 -0.477580 2.456260
0.065236 -0.631213 2.158560
-0.004473 -0.935019 2.102350
-0.013081 -0.967635 2.021180
0.229177 -0.463870 2.462210
0.185216 -0.597885 2.142270
0.226066 -0.898008 2.076130
0.217945 -0.930530 1.994930
0.154557 -0.403400 2.476590
0.158845 -0.357787 2.527360
0.153298 -0.069219 2.550320
0.144172 0.129211 2.531710
-0.002280 -0.170302 2.537820
-0.013394 -0.390767 2.481840
0.120184 -0.279554 2.291180
0.186840 -0.255814 2.220720
0.305736 -0.171891 2.503480
0.329519 -0.372056 2.427950
0.186554 -0.272922 2.239920
0.167694 -0.234826 2.201640
0.080407 -0.477705 2.456270
0.065002 -0.632217 2.158260
-0.004652 -0.935185 2.102370
-0.013288 -0.967807 2.021210
0.229122 -0.463949 2.462130
0.185200 -0.597888 2.142280
0.226073 -0.898000 2.076170
0.217930 -0.930523 1.994980
0.154505 -0.403491 2.476550
0.158808 -0.357872 2.527310
0.153281 -0.069253 2.550300
0.144162 0.129154 2.531660
-0.002344 -0.170443 2.537930
-0.013416 -0.390852 2.482060
0.120094 -0.279579 2.291320
0.187153 -0.255593 2.220850
0.305728 -0.171913 2.503490
0.329521 -0.372104 2.427950
0.186917 -0.272294 2.240050
0.171427 -0.229908 2.205480
0.080329 -0.477825 2.456280
0.064668 -0.633383 2.158040
-0.004842 -0.935501 2.102320
-0.013510 -0.968127 2.021170
0.229069 -0.464026 2.462060
0.185163 -0.597899 2.142300
0.226070 -0.897995 2.076210
0.217906 -0.930519 1.995020
0.154455 -0.403579 2.476510
0.158774 -0.357955 2.527270
0.153264 -0.069287 2.550290
0.144153 0.129098 2.531610
-0.002410 -0.170616 2.538090
-0.013444 -0.390911 2.482300
0.120003 -0.279596 2.291470
0.187517 -0.255244 2.221000
0.305720 -0.171937 2.503510
0.329522 -0.372156 2.427960
0.187264 -0.271755 2.240120
0.181923 -0.221668 2.215260
0.080253 -0.477942 2.456280
0.064339 -0.634452 2.157890
-0.004991 -0.935872 2.102300
-0.013693 -0.968500 2.021140
0.229019 -0.464100 2.462000
0.185056 -0.597933 2.142310
0.226075 -0.897989 2.076230
0.217893 -0.930514 1.995050
0.154400 -0.403669 2.476470
0.158737 -0.358043 2.527220
0.153246 -0.069329 2.550280
0.144144 0.129056 2.531590
-0.002473 -0.170785 2.538240
-0.013469 -0.390942 2.482530
0.119917 -0.279602 2.291630
0.188172 -0.254274 2.221370
0.305712 -0.171963 2.503530
0.329559 -0.372232 2.427960
0.187752 -0.271251 2.240140
0.189843 -0.215404 2.226520
0.080169 -0.478061 2.456290
0.065428 -0.631104 2.157900
-0.004887 -0.934397 2.102840
-0.013646 -0.967017 2.021690
0.228960 -0.464182 2.461910
0.184974 -0.597945 2.142330
0.226111 -0.897967 2.076290
0.217900 -0.930495 1.995100
0.154344 -0.403764 2.476430
0.158700 -0.358138 2.527170
0.153232 -0.069382 2.550270
0.144135 0.129018 2.531560
-0.002529 -0.170955 2.538410
-0.013492 -0.390959 2.482750
0.119837 -0.279604 2.291790
0.189208 -0.251096 2.222470
0.305701 -0.171994 2.503560
0.329616 -0.372322 2.427950
0.188817 -0.269280 2.240670
0.207949 -0.208895 2.247600
0.080082 -0.478184 2.456290
0.066549 -0.627531 2.157960
-0.004690 -0.932540 2.103490
-0.013512 -0.965150 2.022350
0.228901 -0.464267 2.461830
0.184909 -0.597949 2.142350
0.226149 -0.897934 2.076340
0.217908 -0.930467 1.995150
0.154267 -0.403868 2.476390
0.158648 -0.358245 2.527130
0.153208 -0.069452 2.550290
0.144127 0.128988 2.531540
-0.002606 -0.171141 2.538610
-0.013511 -0.390975 2.482960
0.119763 -0.279609 2.291940
0.190429 -0.244147 2.223920
0.305691 -0.172026 2.503580
0.329827 -0.372471 2.427890
0.190176 -0.266720 2.241570
0.213307 -0.204913 2.256420
0.079924 -0.478342 2.456300
0.066505 -0.627594 2.158050
-0.004720 -0.932335 2.103640
-0.013580 -0.964945 2.022510
0.228826 -0.464361 2.461740
0.184849 -0.597943 2.142360
0.226213 -0.897876 2.076410
0.217932 -0.930417 1.995220
0.154167 -0.403955 2.476380
0.158589 -0.358336 2.527100
0.153193 -0.069531 2.550300
0.144121 0.128957 2.531520
-0.002680 -0.171320 2.538820
-0.013484 -0.391296 2.483110
0.119707 -0.279781 2.292050
0.166377 -0.238207 2.274100
0.305683 -0.172068 2.503610
0.330144 -0.372663 2.427730
0.192407 -0.262433 2.242940
0.212395 -0.200176 2.262510
0.079270 -0.478290 2.456980
0.066256 -0.628446 2.158190
-0.004753 -0.932225 2.103540
-0.013651 -0.964831 2.022410
0.228712 -0.464494 2.461590
0.184796 -0.597931 2.142370
0.226288 -0.897813 2.076500
0.217964 -0.930362 1.995310
0.154022 -0.404030 2.476410
0.158512 -0.358415 2.527100
0.153175 -0.069618 2.550320
0.144114 0.128930 2.531500
-0.002777 -0.171490 2.539060
-0.013484 -0.391459 2.483240
0.119649 -0.279881 2.292160
0.147648 -0.232165 2.304770
0.305674 -0.172097 2.503640
0.330748 -0.372770 2.427190
0.194732 -0.256598 2.244640
0.204376 -0.193543 2.261160
0.078219 -0.478039 2.458450
0.066513 -0.627521 2.158610
-0.004585 -0.931141 2.103390
-0.013547 -0.963749 2.022280
0.228574 -0.464644 2.461420
0.184756 -0.597918 2.142370
0.226368 -0.897744 2.076590
0.217997 -0.930302 1.995390
0.153849 -0.404090 2.476480
0.158421 -0.358489 2.527130
0.153153 -0.069742 2.550380
0.144097 0.128893 2.531490
-0.002891 -0.171674 2.539330
-0.013520 -0.391560 2.483420
0.119568 -0.279950 2.292300
0.139742 -0.229192 2.316780
0.305668 -0.172124 2.503670
0.331720 -0.372755 2.425850
0.200245 -0.235523 2.254190
0.187013 -0.183640 2.250410
0.077083 -0.477709 2.460140
0.066334 -0.627635 2.158880
-0.004483 -0.930794 2.103120
-0.013495 -0.963402 2.022020
0.228436 -0.464808 2.461230
0.184722 -0.597903 2.142380
0.226451 -0.897664 2.076680
0.218030 -0.930230 1.995480
0.153624 -0.404136 2.476600
0.158300 -0.358557 2.527190
0.153132 -0.069871 2.550440
0.144065 0.128853 2.531450
-0.003009 -0.171862 2.539590
-0.013551 -0.391839 2.483560
0.119489 -0.280128 2.292420
0.171157 -0.188505 2.266750
0.305749 -0.172141 2.503720
0.332713 -0.372438 2.423740
0.204047 -0.220334 2.260230
0.179961 -0.175152 2.246390
0.075795 -0.477387 2.462030
0.065855 -0.628580 2.159160
-0.004381 -0.930630 2.102620
-0.013444 -0.963235 2.021540
0.228266 -0.465025 2.460970
0.184695 -0.597887 2.142380
0.226483 -0.897619 2.076710
0.218032 -0.930187 1.995510
0.153305 -0.404216 2.476800
0.158134 -0.358643 2.527300
0.153107 -0.069995 2.550500
0.144033 0.128814 2.531410
-0.003143 -0.172040 2.539880
-0.013582 -0.392065 2.483680
0.119415 -0.280282 2.292530
0.153324 -0.191162 2.290470
0.305804 -0.172175 2.503720
0.333749 -0.370226 2.417600
0.210324 -0.195913 2.267360
0.177034 -0.165614 2.244620
0.074462 -0.477185 2.464080
0.066044 -0.627750 2.159490
-0.004237 -0.928875 2.101620
-0.013424 -0.961484 2.020560
0.228014 -0.465384 2.460620
0.184674 -0.597871 2.142370
0.226508 -0.897578 2.076740
0.218022 -0.930146 1.995540
0.152968 -0.404303 2.477020
0.157956 -0.358727 2.527430
0.153061 -0.070080 2.550560
0.144000 0.128776 2.531380
-0.003270 -0.172192 2.540170
-0.013604 -0.392161 2.483790
0.119354 -0.280358 2.292640
0.146087 -0.191309 2.298550
0.305867 -0.172248 2.503680
0.336543 -0.364393 2.406540
0.212400 -0.182711 2.269090
0.179090 -0.143308 2.244680
0.073316 -0.477062 2.465940
0.065981 -0.627812 2.159610
-0.004196 -0.928138 2.100530
-0.013503 -0.960749 2.019500
0.227746 -0.465807 2.460200
0.184657 -0.597853 2.142370
0.226568 -0.897527 2.076790
0.218030 -0.930102 1.995590
0.152560 -0.404447 2.477280
0.157712 -0.358826 2.527600
0.152545 -0.069984 2.550670
0.143963 0.128737 2.531350
-0.003402 -0.172340 2.540470
-0.013628 -0.392227 2.483920
0.119295 -0.280416 2.292750
0.141046 -0.192668 2.304250
0.305911 -0.172336 2.503580
0.338386 -0.354305 2.392410
0.212276 -0.169334 2.268230
0.175940 -0.130185 2.241290
0.072197 -0.477205 2.467920
0.066244 -0.626955 2.159890
-0.003891 -0.926382 2.099460
-0.013378 -0.959020 2.018470
0.227470 -0.466349 2.459650
0.184648 -0.597836 2.142360
0.226609 -0.897488 2.076840
0.218019 -0.930066 1.995650
0.152112 -0.404616 2.477560
0.157441 -0.358886 2.527770
0.150892 -0.068987 2.550340
0.143660 0.128677 2.531260
-0.003555 -0.172495 2.540800
-0.013656 -0.392267 2.484040
0.119234 -0.280458 2.292870
0.138485 -0.192864 2.307100
0.305909 -0.172505 2.503210
0.339379 -0.346497 2.382140
0.211918 -0.158583 2.267480
0.172780 -0.122068 2.239670
0.071124 -0.477538 2.469890
0.066266 -0.626832 2.160020
-0.003686 -0.925492 2.098400
-0.013372 -0.958163 2.017480
0.227210 -0.466916 2.459030
0.184648 -0.597818 2.142350
0.226590 -0.897455 2.077350
0.217796 -0.930044 1.996250
0.151529 -0.404807 2.477870
0.157029 -0.358896 2.527960
0.148573 -0.067387 2.549450
0.143339 0.128623 2.531200
-0.003707 -0.172643 2.541100
-0.013662 -0.392457 2.484180
0.119183 -0.280603 2.293000
0.136562 -0.194119 2.309220
0.305899 -0.172807 2.502570
0.340000 -0.339936 2.373950
0.211516 -0.149060 2.267230
0.169453 -0.117245 2.239060
0.069894 -0.477966 2.471970
0.066621 -0.625797 2.160410
-0.003294 -0.923669 2.097350
-0.013268 -0.956424 2.016510
0.226925 -0.467513 2.458350
0.184652 -0.597801 2.142330
0.226617 -0.897423 2.077800
0.217617 -0.930027 1.996790
0.150787 -0.405125 2.478200
0.156519 -0.358917 2.528140
0.146132 -0.065628 2.548250
0.143017 0.128590 2.531130
-0.003860 -0.172799 2.541400
-0.013634 -0.392835 2.484310
0.119145 -0.280858 2.293130
0.135222 -0.196053 2.310650
0.305848 -0.173256 2.501550
0.341142 -0.329390 2.362670
0.210291 -0.136377 2.266560
0.161398 -0.111704 2.246460
0.068724 -0.478529 2.473830
0.066291 -0.627050 2.160550
-0.003112 -0.923280 2.096220
-0.013338 -0.956065 2.015440
0.226585 -0.468266 2.457620
0.184657 -0.597783 2.142320
0.226659 -0.897403 2.078140
0.217458 -0.930027 1.997210
0.150019 -0.405491 2.478500
0.156006 -0.358951 2.528300
0.143944 -0.064094 2.547210
0.142538 0.128577 2.531080
-0.004009 -0.172956 2.541690
-0.013573 -0.393380 2.484430
0.119122 -0.281215 2.293250
0.134364 -0.198336 2.311550
0.305380 -0.174225 2.499710
0.342874 -0.317168 2.350920
0.209584 -0.127634 2.265700
0.157173 -0.108802 2.251660
0.067823 -0.478996 2.475240
0.065930 -0.628445 2.160580
-0.002975 -0.923071 2.095240
-0.013477 -0.955881 2.014530
0.226236 -0.469032 2.456910
0.184665 -0.597766 2.142310
0.226727 -0.897391 2.078410
0.217321 -0.930033 1.997560
0.149280 -0.405892 2.478740
0.155573 -0.358983 2.528390
0.142096 -0.062674 2.545960
0.142002 0.128594 2.531080
-0.004142 -0.173103 2.541950
-0.013499 -0.393988 2.484530
0.119106 -0.281626 2.293380
0.133863 -0.200636 2.312060
0.304059 -0.175623 2.496620
0.344254 -0.307414 2.340450
0.208720 -0.119925 2.264410
0.154017 -0.106122 2.256140
0.067140 -0.479374 2.476310
0.065543 -0.629874 2.160590
-0.002867 -0.923022 2.094350
-0.013708 -0.955865 2.013690
0.225879 -0.469795 2.456220
0.184390 -0.597929 2.142280
0.226959 -0.897445 2.078620
0.217276 -0.930081 1.997780
0.148566 -0.406393 2.478940
0.155191 -0.359074 2.528450
0.140895 -0.061823 2.545160
0.141581 0.128740 2.531140
-0.004248 -0.173241 2.542180
-0.013418 -0.394586 2.484630
0.119100 -0.282051 2.293500
0.133623 -0.202764 2.312300
0.302310 -0.177102 2.493280
0.345386 -0.299553 2.331770
0.244457 -0.120746 2.295630
0.188460 -0.117441 2.307970
0.066629 -0.479693 2.477120
0.065684 -0.629540 2.160520
-0.002629 -0.922262 2.093860
-0.013851 -0.955169 2.013280
0.225501 -0.470593 2.455540
0.183705 -0.598310 2.142230
0.227393 -0.897533 2.078810
0.217292 -0.930140 1.997970
0.147906 -0.406919 2.479110
0.154833 -0.359220 2.528500
0.140146 -0.061471 2.544560
0.141084 0.128897 2.531190
-0.004333 -0.173376 2.542390
-0.013301 -0.395181 2.484680
0.117940 -0.278136 2.296700
0.132893 -0.201512 2.314210
0.300869 -0.178350 2.490530
0.346289 -0.294083 2.325750
0.262583 -0.121588 2.312680
0.201655 -0.121347 2.328750
0.066243 -0.479951 2.477730
0.064993 -0.631116 2.160240
-0.002430 -0.922418 2.093070
-0.014040 -0.955339 2.012580
0.225106 -0.471406 2.454920
0.183283 -0.598598 2.142180
0.227820 -0.897650 2.079010
0.217314 -0.930223 1.998160
0.147315 -0.407488 2.479250
0.154502 -0.359512 2.528520
0.139767 -0.062310 2.544080
0.140643 0.129047 2.531240
-0.004394 -0.173492 2.542560
-0.013223 -0.395495 2.484730
0.161175 -0.285724 2.344180
0.177900 -0.212667 2.359070
0.299197 -0.179331 2.487810
0.346966 -0.286290 2.318060
0.268679 -0.120300 2.320020
0.207243 -0.122239 2.339850
0.065964 -0.480162 2.478180
0.064805 -0.630838 2.160200
-0.002171 -0.922006 2.092690
-0.014132 -0.954987 2.012270
0.224713 -0.472181 2.454360
0.183069 -0.598754 2.142150
0.228118 -0.897740 2.079180
0.217285 -0.930297 1.998330
0.146804 -0.408019 2.479360
0.154198 -0.359895 2.528520
0.139979 -0.064998 2.543620
0.140236 0.129195 2.531300
-0.004438 -0.173592 2.542710
-0.013112 -0.395843 2.484760
0.189559 -0.291144 2.374820
0.237747 -0.243254 2.358390
0.297800 -0.180052 2.485590
0.347566 -0.278664 2.311300
0.272078 -0.119204 2.324840
0.210463 -0.122582 2.347200
0.065755 -0.480331 2.478530
0.064738 -0.629996 2.160230
-0.001883 -0.921446 2.092430
-0.014226 -0.954476 2.012070
0.224326 -0.472889 2.453860
0.182912 -0.598865 2.142120
0.228376 -0.897809 2.079320
0.217244 -0.930356 1.998480
0.146351 -0.408551 2.479440
0.153917 -0.360392 2.528510
0.140410 -0.068048 2.543350
0.139887 0.129329 2.531340
-0.004470 -0.173679 2.542850
0.055362 -0.340266 2.457970
0.275376 -0.268064 2.352100
0.310618 -0.293736 2.341660
0.296552 -0.180620 2.483700
0.348031 -0.274557 2.307540
0.272920 -0.118123 2.328050
0.212774 -0.122701 2.352250
0.065601 -0.480472 2.478790
0.064652 -0.629976 2.160240
-0.001755 -0.921286 2.092180
-0.014342 -0.954329 2.011850
0.223945 -0.473550 2.453400
0.182661 -0.599015 2.142110
0.228752 -0.897879 2.079480
0.217245 -0.930408 1.998630
0.145971 -0.409050 2.479510
0.153668 -0.360963 2.528500
0.140942 -0.071106 2.543260
0.139636 0.129422 2.531370
-0.004479 -0.173752 2.542950
0.088154 -0.313873 2.445130
0.318667 -0.256143 2.340200
0.347446 -0.321309 2.328260
0.295622 -0.181018 2.482330
0.348422 -0.271920 2.305160
0.271650 -0.117394 2.329450
0.213954 -0.122445 2.355420
0.065490 -0.480589 2.478980
0.065058 -0.628368 2.160120
-0.001378 -0.920434 2.092110
-0.014387 -0.953515 2.011850
0.223613 -0.474120 2.453020
0.182730 -0.600380 2.141900
0.229270 -0.898576 2.079520
0.217255 -0.931045 1.998740
0.145661 -0.409500 2.479570
0.153473 -0.361554 2.528490
0.141526 -0.073960 2.543340
0.139436 0.129501 2.531390
-0.004482 -0.173815 2.543050
0.102201 -0.302484 2.439580
0.334229 -0.250667 2.332940
0.351038 -0.325512 2.322680
0.294842 -0.181325 2.481190
0.348711 -0.270048 2.303450
0.270856 -0.116951 2.330330
0.214049 -0.121843 2.356850
0.065415 -0.480693 2.479130
0.065005 -0.629567 2.159870
-0.001252 -0.920554 2.091730
-0.014616 -0.953645 2.011510
0.223333 -0.474595 2.452710
0.182771 -0.600912 2.141820
0.229606 -0.898940 2.079580
0.217216 -0.931381 1.998850
0.145407 -0.409911 2.479610
0.153320 -0.362111 2.528470
0.141997 -0.076033 2.543380
0.139259 0.129571 2.531400
-0.004474 -0.173875 2.543130
0.110800 -0.295546 2.436180
0.335604 -0.247991 2.326120
0.350882 -0.326640 2.318480
0.294229 -0.181548 2.480320
0.348954 -0.268699 2.302240
0.267517 -0.116786 2.329350
0.213340 -0.121049 2.356850
0.065368 -0.480782 2.479250
0.064857 -0.631186 2.159530
-0.001151 -0.920860 2.091290
-0.014873 -0.953951 2.011120
0.223093 -0.475002 2.452460
0.182787 -0.601156 2.141780
0.229790 -0.899120 2.079620
0.217134 -0.931575 1.998940
0.145128 -0.410484 2.479550
0.153156 -0.362898 2.528360
0.142427 -0.077826 2.543550
0.139120 0.129629 2.531400
-0.004455 -0.173927 2.543200
0.112816 -0.293886 2.435300
0.335394 -0.246153 2.321130
0.349374 -0.327242 2.315080
0.293741 -0.181697 2.479630
0.349201 -0.267783 2.301500
0.265831 -0.116669 2.328940
0.212147 -0.120192 2.355890
0.065363 -0.481302 2.478830
0.064719 -0.632708 2.159170
-0.001186 -0.921542 2.091020
-0.015307 -0.954662 2.010900
0.222848 -0.475376 2.452220
0.182769 -0.601333 2.141750
0.229984 -0.899265 2.079640
0.217097 -0.931705 1.999000
0.144883 -0.411060 2.479480
0.153028 -0.363672 2.528260
0.142769 -0.079195 2.543690
0.139060 0.129674 2.531400
-0.004415 -0.173984 2.543270
0.108890 -0.297333 2.436910
0.324920 -0.246819 2.317720
0.338169 -0.321362 2.313770
0.293277 -0.181817 2.479020
0.349443 -0.267231 2.301080
0.264231 -0.116639 2.328310
0.210779 -0.119373 2.354400
0.065404 -0.481748 2.478550
0.065446 -0.630775 2.159300
-0.001008 -0.921120 2.091150
-0.015484 -0.954211 2.011100
0.222608 -0.475729 2.452020
0.182658 -0.601514 2.141760
0.230233 -0.899399 2.079640
0.217082 -0.931808 1.999040
0.144677 -0.411579 2.479430
0.152938 -0.364395 2.528170
0.143400 -0.080790 2.543770
0.139035 0.129719 2.531400
-0.004364 -0.174035 2.543330
0.103408 -0.301904 2.439060
0.316074 -0.247868 2.316160
0.329906 -0.316661 2.313440
0.292883 -0.181896 2.478510
0.349723 -0.266945 2.300950
0.262741 -0.116673 2.327550
0.209374 -0.118648 2.352680
0.065447 -0.482098 2.478350
0.065543 -0.630737 2.159260
-0.000957 -0.921149 2.091100
-0.015643 -0.954252 2.011080
0.222368 -0.476051 2.451850
0.182576 -0.601632 2.141780
0.230458 -0.899501 2.079640
0.217070 -0.931884 1.999070
0.144507 -0.412035 2.479380
0.152880 -0.365060 2.528080
0.144204 -0.082460 2.543840
0.139028 0.129750 2.531380
-0.004305 -0.174080 2.543390
0.098521 -0.305904 2.440960
0.309504 -0.248803 2.315610
0.324188 -0.313292 2.313430
0.292547 -0.181946 2.478100
0.349984 -0.266823 2.300990
0.261640 -0.116646 2.327300
0.208651 -0.118091 2.351980
0.065492 -0.482379 2.478190
0.065866 -0.629738 2.159490
-0.000842 -0.920957 2.091150
-0.015761 -0.954042 2.011170
0.222143 -0.476338 2.451720
0.182764 -0.602847 2.141800
0.230850 -0.900285 2.079520
0.217053 -0.932647 1.999040
0.144379 -0.412488 2.479330
0.152867 -0.365715 2.528020
0.144873 -0.083779 2.543920
0.139140 0.129762 2.531310
-0.004198 -0.174140 2.543430
0.094990 -0.308953 2.442220
0.305065 -0.249406 2.315390
0.320126 -0.310859 2.313440
0.292254 -0.181966 2.477740
0.350230 -0.266620 2.300970
0.260984 -0.116579 2.327320
0.208122 -0.117613 2.351640
0.065575 -0.482648 2.478060
0.065948 -0.629583 2.159500
-0.000789 -0.920954 2.091130
-0.015855 -0.954035 2.011170
0.221939 -0.476599 2.451600
0.182962 -0.603422 2.141820
0.231098 -0.900763 2.079480
0.216987 -0.933132 1.999070
0.144278 -0.412880 2.479300
0.152870 -0.366281 2.527970
0.145365 -0.084753 2.544020
0.139295 0.129775 2.531200
-0.004086 -0.174191 2.543480
0.092411 -0.311114 2.443070
0.301909 -0.249749 2.315360
0.316990 -0.309001 2.313430
0.291998 -0.181970 2.477420
0.350636 -0.266526 2.301150
0.260339 -0.116559 2.327400
0.207698 -0.117256 2.351360
0.065661 -0.482859 2.477960
0.065882 -0.629878 2.159520
-0.000731 -0.921124 2.091040
-0.015983 -0.954190 2.011120
0.221760 -0.476823 2.451510
0.183137 -0.603728 2.141850
0.231252 -0.901061 2.079450
0.216894 -0.933458 1.999100
0.144205 -0.413221 2.479280
0.152896 -0.366771 2.527930
0.145758 -0.085502 2.544110
0.139423 0.129791 2.531080
-0.003982 -0.174228 2.543510
0.090510 -0.312656 2.443710
0.299612 -0.249948 2.315470
0.314716 -0.307611 2.313480
0.291741 -0.181928 2.477080
0.351065 -0.266489 2.301360
0.259612 -0.116638 2.327410
0.207214 -0.116978 2.351010
0.065753 -0.483032 2.477880
0.065567 -0.630799 2.159460
-0.000666 -0.921502 2.090860
-0.016141 -0.954542 2.010980
0.221604 -0.477019 2.451430
0.183201 -0.603938 2.141890
0.231395 -0.901296 2.079420
0.216825 -0.933706 1.999120
0.144156 -0.413509 2.479270
0.152942 -0.367190 2.527910
0.146083 -0.086085 2.544190
0.139561 0.129807 2.530960
-0.003877 -0.174259 2.543550
0.089255 -0.313660 2.444110
0.298014 -0.249995 2.315530
0.313042 -0.306498 2.313560
0.291529 -0.181855 2.476750
0.351537 -0.266508 2.301600
0.259012 -0.116754 2.327310
0.206612 -0.116796 2.350530
0.065850 -0.483171 2.477840
0.064991 -0.632255 2.159330
-0.000571 -0.922078 2.090550
-0.016296 -0.955076 2.010730
0.221472 -0.477186 2.451370
0.183174 -0.604088 2.141930
0.231570 -0.901456 2.079380
0.216802 -0.933851 1.999120
0.144123 -0.413767 2.479270
0.152998 -0.367559 2.527910
0.146356 -0.086536 2.544270
0.139697 0.129822 2.530840
-0.003776 -0.174283 2.543570
0.088349 -0.314374 2.444400
0.296833 -0.249959 2.315670
0.344026 -0.255265 2.293220
0.291332 -0.181776 2.476430
0.351975 -0.266557 2.301840
0.258488 -0.116861 2.327180
0.206185 -0.116619 2.350120
0.065946 -0.483289 2.477810
0.064395 -0.634004 2.159060
-0.000499 -0.922747 2.090190
-0.016476 -0.955708 2.010410
0.221351 -0.477340 2.451330
0.182996 -0.604171 2.141970
0.231761 -0.901547 2.079330
0.216787 -0.933948 1.999130
0.144100 -0.413993 2.479270
0.153057 -0.367877 2.527900
0.146555 -0.086852 2.544350
0.139851 0.129848 2.530680
-0.003679 -0.174304 2.543590
0.087725 -0.314869 2.444600
0.295994 -0.249908 2.315800
0.331664 -0.270114 2.300750
0.291144 -0.181692 2.476120
0.352392 -0.266624 2.302070
0.258134 -0.116904 2.326970
0.205860 -0.116416 2.349630
0.066043 -0.483389 2.477790
0.063781 -0.635619 2.158820
-0.000427 -0.923438 2.089800
-0.016645 -0.956362 2.010080
0.221243 -0.477477 2.451290
0.182936 -0.604140 2.142000
0.231838 -0.901609 2.079300
0.216721 -0.934009 1.999130
0.144086 -0.414189 2.479280
0.153122 -0.368150 2.527900
0.146714 -0.087072 2.544440
0.139987 0.129882 2.530510
-0.003572 -0.174333 2.543610
0.087272 -0.315233 2.444740
0.295384 -0.249839 2.315930
0.324301 -0.279916 2.305580
0.290910 -0.181519 2.475740
0.352757 -0.266686 2.302290
0.257904 -0.116906 2.326780
0.205607 -0.116177 2.349070
0.066145 -0.483473 2.477790
0.063650 -0.634050 2.159130
-0.000184 -0.923241 2.089820
-0.016640 -0.956168 2.010130
0.221142 -0.477593 2.451260
0.182822 -0.604077 2.142030
0.231906 -0.901645 2.079280
0.216657 -0.934045 1.999130
0.144088 -0.414385 2.479300
0.153204 -0.368415 2.527920
0.146850 -0.087238 2.544540
0.140139 0.129907 2.530250
-0.003462 -0.174364 2.543630
0.086949 -0.315496 2.444840
0.294952 -0.249710 2.316080
0.320270 -0.286210 2.308590
0.290662 -0.181320 2.475390
0.353122 -0.266357 2.302320
0.257479 -0.116653 2.326530
0.205227 -0.115773 2.348580
0.066279 -0.483559 2.477810
0.063497 -0.634093 2.159190
-0.000110 -0.923348 2.089730
-0.016684 -0.956262 2.010070
0.221053 -0.477696 2.451230
0.182767 -0.603845 2.142120
0.231943 -0.901637 2.079260
0.216524 -0.934017 1.999140
0.144096 -0.414562 2.479320
0.153282 -0.368650 2.527930
0.146964 -0.087362 2.544630
0.140325 0.129935 2.530010
-0.003358 -0.174391 2.543640
0.086713 -0.315689 2.444920
0.294661 -0.249551 2.316230
0.317740 -0.290357 2.310320
0.290450 -0.181174 2.475120
0.353497 -0.265952 2.302330
0.257061 -0.116370 2.326230
0.204853 -0.115370 2.348100
0.066408 -0.483634 2.477840
0.063382 -0.634197 2.159230
-0.000043 -0.923465 2.089630
-0.016729 -0.956364 2.010000
0.220971 -0.477793 2.451210
0.182571 -0.603649 2.142220
0.231998 -0.901600 2.079220
0.216450 -0.933985 1.999140
0.144113 -0.414731 2.479350
0.153363 -0.368861 2.527960
0.147059 -0.087450 2.544710
0.140592 0.130012 2.529610
-0.003257 -0.174415 2.543650
0.086561 -0.315813 2.444970
0.294505 -0.249317 2.316380
0.316268 -0.292920 2.311340
0.290223 -0.181018 2.474860
0.353835 -0.265552 2.302350
0.256646 -0.116058 2.325840
0.204484 -0.114965 2.347580
0.066567 -0.483707 2.477890
0.063688 -0.633335 2.159490
0.000072 -0.923237 2.089650
-0.016766 -0.956124 2.010050
0.220897 -0.477880 2.451200
0.182469 -0.603458 2.142300
0.232054 -0.901539 2.079200
0.216380 -0.933934 1.999140
0.144135 -0.414894 2.479380
0.153446 -0.369060 2.527980
0.147148 -0.087510 2.544820
0.140845 0.130087 2.529230
-0.003147 -0.174439 2.543660
0.086473 -0.315889 2.444990
0.294434 -0.249097 2.316520
0.315292 -0.294764 2.312030
0.289982 -0.180887 2.474590
0.354142 -0.265203 2.302340
0.256348 -0.115792 2.325510
0.204197 -0.114611 2.347120
0.066724 -0.483772 2.477940
0.063692 -0.633243 2.159540
0.000120 -0.923235 2.089610
-0.016800 -0.956115 2.010020
0.220827 -0.477961 2.451190
0.182395 -0.603273 2.142370
0.232111 -0.901455 2.079170
0.216310 -0.933862 1.999150
0.144158 -0.415044 2.479420
0.153523 -0.369244 2.528010
0.147231 -0.087542 2.544970
0.141051 0.130158 2.528870
-0.003042 -0.174462 2.543660
0.086407 -0.315945 2.445010
0.294372 -0.248847 2.316650
0.314582 -0.295985 2.312440
0.289758 -0.180791 2.474370
0.354389 -0.264472 2.302130
0.256046 -0.115339 2.325370
0.203920 -0.114158 2.346830
0.066874 -0.483831 2.477990
0.063679 -0.633425 2.159560
0.000153 -0.923279 2.089530
-0.016856 -0.956153 2.009950
0.220762 -0.478037 2.451180
0.182340 -0.603056 2.142450
0.232173 -0.901344 2.079160
0.216247 -0.933768 1.999170
0.144185 -0.415189 2.479450
0.153604 -0.369413 2.528040
0.147349 -0.087541 2.545100
0.141243 0.130235 2.528560
-0.002942 -0.174482 2.543660
0.086368 -0.315973 2.445000
0.294332 -0.248597 2.316750
0.314055 -0.296866 2.312680
0.289501 -0.180718 2.474160
0.354578 -0.263447 2.301750
0.256036 -0.114739 2.325440
0.203878 -0.113394 2.346740
0.067023 -0.483884 2.478050
0.063630 -0.633776 2.159540
0.000184 -0.923356 2.089420
-0.016915 -0.956222 2.009860
0.220698 -0.478108 2.451180
0.182228 -0.602887 2.142520
0.232250 -0.901228 2.079120
0.216202 -0.933681 1.999160
0.144213 -0.415327 2.479480
0.153681 -0.369572 2.528060
0.147472 -0.087525 2.545250
0.141401 0.130295 2.528270
-0.002844 -0.174502 2.543660
0.086339 -0.315992 2.444990
0.294291 -0.248367 2.316820
0.313708 -0.297498 2.312800
0.289258 -0.180671 2.473980
0.354553 -0.261980 2.301080
0.256046 -0.113384 2.325870
0.203792 -0.112460 2.346780
0.067162 -0.483931 2.478110
0.063541 -0.634317 2.159510
0.000215 -0.923489 2.089250
-0.016977 -0.956343 2.009720
0.220636 -0.478178 2.451170
0.182166 -0.602605 2.142590
0.232383 -0.901014 2.079120
0.216186 -0.933514 1.999200
0.144242 -0.415451 2.479520
0.153754 -0.369714 2.528090
0.147592 -0.087494 2.545410
0.141499 0.130352 2.527970
-0.002751 -0.174522 2.543650
0.086321 -0.315994 2.444960
0.294253 -0.248133 2.316880
0.313434 -0.297963 2.312860
0.289039 -0.180634 2.473830
0.354630 -0.261160 2.300760
0.255891 -0.112720 2.325840
0.203622 -0.111873 2.346620
0.067301 -0.483972 2.478170
0.063413 -0.635015 2.159430
0.000262 -0.923669 2.089050
-0.017026 -0.956507 2.009540
0.220578 -0.478241 2.451170
0.182021 -0.602358 2.142640
0.232622 -0.900729 2.079170
0.216241 -0.933293 1.999280
0.144271 -0.415564 2.479550
0.153819 -0.369841 2.528120
0.147708 -0.087454 2.545570
0.141571 0.130397 2.527680
-0.002660 -0.174543 2.543650
0.086333 -0.315969 2.444910
0.294241 -0.247890 2.316910
0.313267 -0.298285 2.312850
0.288839 -0.180607 2.473730
0.354686 -0.260621 2.300590
0.255790 -0.112175 2.325740
0.203492 -0.111364 2.346430
0.067435 -0.484006 2.478230
0.065031 -0.630378 2.159630
0.000741 -0.921787 2.089400
-0.016737 -0.954618 2.009930
0.220524 -0.478299 2.451160
0.181965 -0.602043 2.142710
0.232805 -0.900437 2.079240
0.216270 -0.933048 1.999370
0.144303 -0.415676 2.479580
0.153886 -0.369963 2.528150
0.147816 -0.087418 2.545700
0.141621 0.130406 2.527390
-0.002573 -0.174565 2.543640
0.086341 -0.315938 2.444840
0.294213 -0.247655 2.316910
0.313174 -0.298474 2.312670
0.288650 -0.180589 2.473640
0.354718 -0.260213 2.300470
0.255708 -0.111719 2.325640
0.203379 -0.110917 2.346260
0.067565 -0.484040 2.478280
0.065211 -0.629855 2.159630
0.000863 -0.921525 2.089380
-0.016693 -0.954352 2.009930
0.220475 -0.478353 2.451160
0.182041 -0.601685 2.142800
0.232917 -0.900203 2.079300
0.216257 -0.932838 1.999460
0.144334 -0.415785 2.479610
0.153948 -0.370080 2.528170
0.147917 -0.087378 2.545840
0.141672 0.130390 2.527010
-0.002489 -0.174588 2.543630
0.086372 -0.315882 2.444730
0.294205 -0.247423 2.316880
0.313142 -0.298566 2.312410
0.288465 -0.180577 2.473580
0.354653 -0.259485 2.300210
0.255423 -0.111059 2.325450
0.203129 -0.110330 2.346030
0.067690 -0.484073 2.478330
0.065293 -0.629706 2.159570
0.000949 -0.921344 2.089350
-0.016667 -0.954166 2.009920
0.220424 -0.478406 2.451160
0.182145 -0.601337 2.142890
0.233011 -0.899982 2.079370
0.216239 -0.932635 1.999550
0.144365 -0.415893 2.479630
0.154007 -0.370192 2.528190
0.148016 -0.087337 2.545960
0.141727 0.130360 2.526550
-0.002407 -0.174611 2.543620
0.086404 -0.315826 2.444630
0.294190 -0.247203 2.316840
0.313122 -0.298585 2.312070
0.288292 -0.180573 2.473520
0.354585 -0.258976 2.300030
0.255193 -0.110522 2.325240
0.202913 -0.109821 2.345800
0.067811 -0.484106 2.478360
0.065188 -0.630369 2.159450
0.001005 -0.921339 2.089230
-0.016677 -0.954151 2.009820
0.220368 -0.478461 2.451150
0.182110 -0.601122 2.142980
0.233155 -0.899776 2.079420
0.216270 -0.932461 1.999620
0.144393 -0.415996 2.479640
0.154061 -0.370298 2.528200
0.148111 -0.087302 2.546050
0.141780 0.130297 2.526040
-0.002323 -0.174638 2.543610
0.086427 -0.315787 2.444530
0.294148 -0.246966 2.316790
0.313122 -0.298454 2.311490
0.288141 -0.180572 2.473490
0.354508 -0.258610 2.299910
0.254968 -0.109982 2.324830
0.202701 -0.109309 2.345440
0.067923 -0.484140 2.478380
0.065032 -0.631230 2.159320
0.001044 -0.921415 2.089080
-0.016698 -0.954219 2.009680
0.220307 -0.478516 2.451140
0.182111 -0.600901 2.143050
0.233297 -0.899562 2.079490
0.216308 -0.932273 1.999710
0.144419 -0.416093 2.479650
0.154112 -0.370395 2.528200
0.148199 -0.087268 2.546130
0.141811 0.130223 2.525580
-0.002249 -0.174662 2.543590
0.086444 -0.315747 2.444430
0.294080 -0.246682 2.316720
0.313110 -0.298201 2.310840
0.287935 -0.180591 2.473450
0.354463 -0.258336 2.299830
0.254758 -0.109557 2.324400
0.202500 -0.108877 2.345080
0.068025 -0.484171 2.478390
0.064770 -0.632441 2.159150
0.001073 -0.921613 2.088870
-0.016732 -0.954407 2.009480
0.220243 -0.478570 2.451130
0.182033 -0.600733 2.143130
0.233469 -0.899363 2.079530
0.216372 -0.932106 1.999780
0.144445 -0.416188 2.479660
0.154162 -0.370487 2.528210
0.148309 -0.087246 2.546170
0.141802 0.130165 2.525130
-0.002179 -0.174684 2.543570
0.086458 -0.315704 2.444330
0.293996 -0.246367 2.316650
0.313125 -0.297860 2.310170
0.287725 -0.180616 2.473410
0.354197 -0.257554 2.299490
0.254309 -0.108870 2.324030
0.202138 -0.108259 2.344750
0.068119 -0.484200 2.478400
0.064417 -0.633771 2.158950
0.001099 -0.921899 2.088600
-0.016767 -0.954684 2.009230
0.220173 -0.478628 2.451120
0.181983 -0.600576 2.143200
0.233606 -0.899179 2.079590
0.216419 -0.931946 1.999850
0.144481 -0.416308 2.479660
0.154222 -0.370595 2.528200
0.148412 -0.087227 2.546210
0.141765 0.130126 2.524650
-0.002114 -0.174704 2.543550
0.086472 -0.315668 2.444240
0.293915 -0.246061 2.316600
0.313346 -0.297391 2.309540
0.287429 -0.180688 2.473340
0.353926 -0.256511 2.298970
0.253620 -0.108234 2.323680
0.201620 -0.107669 2.344430
0.068253 -0.484255 2.478380
0.064042 -0.635115 2.158740
0.001127 -0.922296 2.088300
-0.016809 -0.955071 2.008950
0.220105 -0.478686 2.451110
0.181848 -0.600473 2.143270
0.233789 -0.899008 2.079640
0.216498 -0.931803 1.999920
0.144517 -0.416425 2.479650
0.154282 -0.370700 2.528190
0.148515 -0.087211 2.546250
0.141703 0.130081 2.524210
-0.002053 -0.174723 2.543540
0.086493 -0.315621 2.444150
0.293836 -0.245734 2.316540
0.313521 -0.296917 2.308920
0.287134 -0.180764 2.473280
0.353728 -0.255682 2.298580
0.253125 -0.107685 2.323370
0.201206 -0.107129 2.344140
0.068386 -0.484308 2.478350
0.063632 -0.636509 2.158540
0.001161 -0.922794 2.087940
-0.016845 -0.955557 2.008600
0.220039 -0.478742 2.451090
0.181790 -0.600384 2.143320
0.233933 -0.898865 2.079700
0.216557 -0.931679 1.999980
0.144552 -0.416537 2.479640
0.154342 -0.370799 2.528180
0.148632 -0.087193 2.546260
0.141638 0.130045 2.523810
-0.002000 -0.174743 2.543520
0.086507 -0.315575 2.444040
0.293734 -0.245388 2.316460
0.313638 -0.296423 2.308270
0.286792 -0.180865 2.473180
0.353564 -0.254696 2.298110
0.252598 -0.107175 2.323140
0.200762 -0.106613 2.343900
0.068514 -0.484360 2.478330
0.063240 -0.637811 2.158290
0.001217 -0.923320 2.087560
-0.016860 -0.956071 2.008240
0.219970 -0.478797 2.451080
0.181759 -0.600297 2.143360
0.234047 -0.898737 2.079750
0.216597 -0.931565 2.000060
0.144599 -0.416691 2.479590
0.154418 -0.370938 2.528130
0.148746 -0.087179 2.546270
0.141556 0.129983 2.523400
-0.001953 -0.174760 2.543500
0.086518 -0.315534 2.443950
0.293624 -0.245057 2.316380
0.313705 -0.295992 2.307730
0.286443 -0.180950 2.473100
0.353433 -0.253708 2.297680
0.252071 -0.106692 2.322970
0.200309 -0.106113 2.343710
0.068777 -0.484650 2.477820
0.065477 -0.630570 2.157950
0.001697 -0.921415 2.088310
-0.016500 -0.954164 2.009010
0.219905 -0.478847 2.451060
0.181721 -0.600241 2.143390
0.234142 -0.898629 2.079790
0.216629 -0.931468 2.000100
0.144646 -0.416842 2.479530
0.154493 -0.371074 2.528070
0.148865 -0.087172 2.546270
0.141486 0.129928 2.523030
-0.001910 -0.174776 2.543470
0.086551 -0.315451 2.443810
0.293523 -0.244628 2.316250
0.313736 -0.295474 2.307100
0.286107 -0.181036 2.473020
0.353339 -0.253194 2.297450
0.251789 -0.106373 2.322820
0.200021 -0.105736 2.343530
0.069015 -0.484886 2.477420
0.065777 -0.629688 2.157820
0.001795 -0.921200 2.088390
-0.016445 -0.953945 2.009100
0.219843 -0.478894 2.451050
0.181891 -0.600783 2.143210
0.234244 -0.898722 2.079770
0.216660 -0.931550 2.000110
0.144695 -0.416993 2.479450
0.154572 -0.371215 2.528000
0.148987 -0.087168 2.546270
0.141399 0.129876 2.522690
-0.001871 -0.174793 2.543450
0.086578 -0.315371 2.443660
0.293421 -0.244232 2.316120
0.313739 -0.295023 2.306560
0.285764 -0.181115 2.472950
0.353287 -0.252905 2.297330
0.251637 -0.106140 2.322640
0.199845 -0.105441 2.343330
0.069242 -0.485105 2.477010
0.066373 -0.627718 2.157970
0.001976 -0.920583 2.088700
-0.016324 -0.953326 2.009410
0.219783 -0.478937 2.451030
0.182578 -0.602700 2.142680
0.234430 -0.899329 2.079640
0.216737 -0.932128 2.000020
0.144743 -0.417142 2.479380
0.154659 -0.371357 2.527920
0.149125 -0.087176 2.546240
0.141309 0.129838 2.522320
-0.001838 -0.174813 2.543430
0.086596 -0.315303 2.443520
0.293322 -0.243882 2.316010
0.313856 -0.294537 2.306050
0.285252 -0.181179 2.472810
0.353204 -0.252390 2.297130
0.251405 -0.105827 2.322560
0.199593 -0.105074 2.343210
0.069446 -0.485291 2.476680
0.066957 -0.625520 2.158230
0.002222 -0.919694 2.089100
-0.016162 -0.952437 2.009830
0.219724 -0.478979 2.451010
0.182972 -0.603165 2.142480
0.234479 -0.899455 2.079630
0.216724 -0.932257 2.000020
0.144806 -0.417306 2.479300
0.154760 -0.371514 2.527840
0.149262 -0.087193 2.546220
0.141242 0.129796 2.521950
-0.001802 -0.174855 2.543390
0.086614 -0.315262 2.443380
0.293230 -0.243580 2.315920
0.313939 -0.294145 2.305630
0.284792 -0.181255 2.472690
0.351028 -0.243095 2.293070
0.247316 -0.102690 2.326310
0.197197 -0.103065 2.345030
0.069648 -0.485465 2.476410
0.068013 -0.622342 2.158270
0.002601 -0.917883 2.089780
-0.015874 -0.950625 2.010520
0.219677 -0.479023 2.451000
0.183353 -0.603379 2.142320
0.234485 -0.899528 2.079620
0.216654 -0.932330 2.000050
0.144870 -0.417462 2.479230
0.154856 -0.371663 2.527770
0.149393 -0.087213 2.546190
0.141163 0.129756 2.521590
-0.001774 -0.174900 2.543350
0.086619 -0.315228 2.443240
0.293114 -0.243284 2.315820
0.313959 -0.293801 2.305270
0.284356 -0.181331 2.472610
0.349181 -0.235326 2.289840
0.243377 -0.099878 2.330120
0.194484 -0.100947 2.347280
0.069822 -0.485606 2.476210
0.067175 -0.624170 2.157940
0.002725 -0.917858 2.089810
-0.015804 -0.950595 2.010570
0.219634 -0.479065 2.450980
0.183726 -0.603434 2.142190
0.234475 -0.899562 2.079640
0.216574 -0.932354 2.000090
0.144938 -0.417622 2.479170
0.154956 -0.371812 2.527700
0.149533 -0.087238 2.546160
0.141059 0.129728 2.521310
-0.001744 -0.174952 2.543310
0.086634 -0.315200 2.443120
0.293012 -0.243011 2.315730
0.313948 -0.293518 2.304960
0.283946 -0.181401 2.472530
0.348548 -0.232521 2.288660
0.241851 -0.098599 2.331410
0.193064 -0.099666 2.348270
0.069982 -0.485728 2.476070
0.066222 -0.626428 2.157610
0.002826 -0.918039 2.089750
-0.015750 -0.950771 2.010520
0.219595 -0.479108 2.450970
0.185221 -0.606695 2.141540
0.234355 -0.900993 2.079270
0.216329 -0.933772 1.999770
0.145006 -0.417774 2.479120
0.155054 -0.371956 2.527640
0.149674 -0.087265 2.546140
0.140973 0.129703 2.521070
-0.001716 -0.175006 2.543270
0.086659 -0.315166 2.442990
0.292929 -0.242759 2.315630
0.313936 -0.293271 2.304700
0.283574 -0.181464 2.472460
0.348161 -0.230739 2.287930
0.240661 -0.097833 2.332160
0.191818 -0.098780 2.348910
0.070129 -0.485828 2.475960
0.065378 -0.628726 2.157300
0.002905 -0.918366 2.089610
-0.015713 -0.951093 2.010400
0.219559 -0.479150 2.450970
0.186330 -0.609309 2.140930
0.234298 -0.902307 2.078940
0.216162 -0.935070 1.999480
0.145067 -0.417914 2.479080
0.155145 -0.372088 2.527590
0.149845 -0.087297 2.546100
0.140896 0.129682 2.520880
-0.001690 -0.175059 2.543230
0.086688 -0.315132 2.442880
0.292852 -0.242493 2.315550
0.313967 -0.292999 2.304480
0.283234 -0.181514 2.472400
0.347876 -0.229480 2.287400
0.239917 -0.097297 2.332690
0.190951 -0.098103 2.349370
0.070246 -0.485904 2.475900
0.064634 -0.630817 2.157080
0.002968 -0.918800 2.089400
-0.015687 -0.951522 2.010200
0.219516 -0.479194 2.450960
0.186280 -0.610082 2.140730
0.234380 -0.902666 2.078840
0.216169 -0.935420 1.999410
0.145123 -0.418040 2.479040
0.155229 -0.372206 2.527540
0.150034 -0.087332 2.546060
0.140831 0.129674 2.520730
-0.001673 -0.175096 2.543190
0.086702 -0.315082 2.442750
0.292761 -0.242208 2.315480
0.314010 -0.292696 2.304280
0.282902 -0.181556 2.472360
0.347718 -0.228725 2.287130
0.239402 -0.096889 2.333000
0.190345 -0.097582 2.349660
0.070343 -0.485957 2.475850
0.064006 -0.632621 2.156890
0.003020 -0.919285 2.089190
-0.015665 -0.952003 2.009990
0.219473 -0.479236 2.450960
0.185969 -0.609369 2.140590
0.234394 -0.902587 2.078850
0.216117 -0.935330 1.999450
0.145178 -0.418171 2.479010
0.155314 -0.372327 2.527500
0.150242 -0.087374 2.546010
0.140778 0.129668 2.520600
-0.001659 -0.175128 2.543160
0.086710 -0.315040 2.442650
0.292669 -0.241957 2.315420
0.314040 -0.292439 2.304120
0.282548 -0.181606 2.472320
0.348983 -0.232672 2.289340
0.240673 -0.097638 2.331090
0.190263 -0.097412 2.349360
0.070429 -0.485999 2.475820
0.063523 -0.634157 2.156730
0.003039 -0.919801 2.088940
-0.015677 -0.952516 2.009750
0.219412 -0.479297 2.450990
0.185162 -0.609727 2.140330
0.234587 -0.902713 2.078780
0.216233 -0.935453 1.999400
0.145240 -0.418313 2.478990
0.155405 -0.372458 2.527460
0.150465 -0.087425 2.545950
0.140724 0.129653 2.520500
-0.001646 -0.175161 2.543130
0.086715 -0.315003 2.442550
0.292581 -0.241736 2.315370
0.314061 -0.292213 2.303980
0.282140 -0.181668 2.472310
0.350145 -0.236747 2.291760
0.242313 -0.098475 2.328920
0.190453 -0.097364 2.348790
0.070516 -0.486037 2.475800
0.064185 -0.631852 2.157080
0.003173 -0.919210 2.089130
-0.015563 -0.951925 2.009950
0.219352 -0.479359 2.451020
0.184699 -0.609441 2.140210
0.234667 -0.902676 2.078760
0.216268 -0.935415 1.999410
0.145291 -0.418535 2.478910
0.155488 -0.372639 2.527390
0.150641 -0.087470 2.545920
0.140661 0.129632 2.520400
-0.001638 -0.175190 2.543100
0.086709 -0.314967 2.442460
0.292480 -0.241531 2.315310
0.314069 -0.291995 2.303830
0.281671 -0.181763 2.472300
0.350620 -0.238633 2.292890
0.243206 -0.098741 2.327660
0.190544 -0.097220 2.348410
0.070632 -0.486294 2.475470
0.064172 -0.631865 2.157090
0.003176 -0.919274 2.089160
-0.015575 -0.951988 2.009990
0.219284 -0.479425 2.451050
0.184394 -0.608801 2.140210
0.234625 -0.902543 2.078750
0.216181 -0.935269 1.999420
0.145340 -0.418753 2.478830
0.155569 -0.372821 2.527330
0.150831 -0.087531 2.545880
0.140609 0.129595 2.520220
-0.001631 -0.175219 2.543080
0.086703 -0.314930 2.442360
0.292381 -0.241330 2.315260
0.314081 -0.291775 2.303690
0.281236 -0.181853 2.472310
0.350601 -0.237915 2.292900
0.242846 -0.098380 2.327680
0.190083 -0.096783 2.348550
0.070741 -0.486503 2.475250
0.064172 -0.631975 2.157070
0.003161 -0.919392 2.089180
-0.015602 -0.952105 2.010010
0.219218 -0.479490 2.451080
0.184163 -0.607956 2.140270
0.234534 -0.902299 2.078750
0.216046 -0.935013 1.999440
0.145383 -0.418956 2.478770
0.155644 -0.372992 2.527260
0.151009 -0.087594 2.545840
0.140551 0.129545 2.520000
-0.001625 -0.175247 2.543050
0.086701 -0.314902 2.442290
0.292295 -0.241157 2.315230
0.314140 -0.291542 2.303580
0.280831 -0.181939 2.472310
0.350654 -0.237650 2.292990
0.242747 -0.098167 2.327530
0.189836 -0.096483 2.348570
0.070827 -0.486635 2.475120
0.064103 -0.632539 2.157050
0.003108 -0.919692 2.089120
-0.015666 -0.952403 2.009950
0.219151 -0.479550 2.451100
0.184021 -0.606967 2.140400
0.234318 -0.901955 2.078750
0.215785 -0.934654 1.999450
0.145424 -0.419149 2.478700
0.155712 -0.373155 2.527200
0.151157 -0.087649 2.545810
0.140488 0.129493 2.519770
-0.001621 -0.175280 2.543020
0.086701 -0.314880 2.442230
0.292222 -0.241008 2.315210
0.314240 -0.291301 2.303470
0.280471 -0.182016 2.472310
0.350703 -0.237536 2.293090
0.242722 -0.098020 2.327390
0.189679 -0.096259 2.348540
0.070906 -0.486746 2.475020
0.064836 -0.631000 2.157070
0.003149 -0.919211 2.089360
-0.015633 -0.951918 2.010200
0.219089 -0.479609 2.451130
0.183253 -0.605832 2.140630
0.234196 -0.901431 2.078730
0.215627 -0.934121 1.999440
0.145461 -0.419317 2.478650
0.155771 -0.373298 2.527150
0.151290 -0.087700 2.545780
0.140419 0.129445 2.519570
-0.001623 -0.175312 2.542990
0.086696 -0.314862 2.442180
0.292151 -0.240882 2.315190
0.314322 -0.291098 2.303390
0.280141 -0.182094 2.472330
0.350727 -0.237376 2.293150
0.242679 -0.097878 2.327280
0.189547 -0.096063 2.348510
0.070968 -0.486827 2.474970
0.064947 -0.630822 2.157070
0.003153 -0.919166 2.089400
-0.015633 -0.951872 2.010240
0.219031 -0.479665 2.451150
0.182865 -0.604467 2.140910
0.233984 -0.900725 2.078740
0.215385 -0.933406 1.999470
0.145492 -0.419460 2.478620
0.155820 -0.373422 2.527110
0.151372 -0.087731 2.545780
0.140352 0.129385 2.519340
-0.001627 -0.175337 2.542960
0.086689 -0.314840 2.442140
0.292076 -0.240755 2.315190
0.314403 -0.290893 2.303320
0.279857 -0.182164 2.472340
0.350737 -0.237263 2.293180
0.242672 -0.097728 2.327170
0.189464 -0.095876 2.348450
0.071021 -0.486888 2.474940
0.065683 -0.628866 2.157140
0.003261 -0.918275 2.089740
-0.015524 -0.950976 2.010580
0.218977 -0.479716 2.451180
0.182363 -0.603457 2.141130
0.233847 -0.900053 2.078720
0.215226 -0.932730 1.999470
0.145515 -0.419586 2.478590
0.155860 -0.373532 2.527090
0.151440 -0.087759 2.545780
0.140280 0.129322 2.519120
-0.001636 -0.175364 2.542930
0.086677 -0.314822 2.442100
0.291994 -0.240644 2.315180
0.314453 -0.290724 2.303250
0.279610 -0.182230 2.472350
0.350492 -0.235731 2.292680
0.242128 -0.097212 2.327580
0.189144 -0.095524 2.348600
0.071060 -0.486937 2.474920
0.065840 -0.628568 2.157110
0.003280 -0.918119 2.089810
-0.015507 -0.950819 2.010650
0.218920 -0.479768 2.451200
0.182072 -0.602569 2.141380
0.233603 -0.899414 2.078720
0.214963 -0.932086 1.999480
0.145535 -0.419694 2.478570
0.155895 -0.373623 2.527060
0.151499 -0.087788 2.545760
0.140210 0.129259 2.518890
-0.001646 -0.175387 2.542900
0.086668 -0.314792 2.442050
0.291914 -0.240517 2.315160
0.314483 -0.290550 2.303160
0.279397 -0.182279 2.472360
0.351009 -0.238285 2.294020
0.243879 -0.097888 2.325860
0.189998 -0.095742 2.347600
0.071099 -0.486976 2.474930
0.065853 -0.628747 2.157050
0.003290 -0.918030 2.089840
-0.015498 -0.950729 2.010680
0.218867 -0.479815 2.451220
0.181890 -0.601839 2.141580
0.233406 -0.898806 2.078750
0.214750 -0.931476 1.999520
0.145546 -0.419790 2.478560
0.155923 -0.373702 2.527040
0.151546 -0.087811 2.545740
0.140069 0.129188 2.518680
-0.001661 -0.175410 2.542870
0.086657 -0.314775 2.442020
0.291833 -0.240414 2.315160
0.314587 -0.290330 2.303070
0.279195 -0.182319 2.472330
0.350013 -0.234228 2.292280
0.242237 -0.096759 2.327700
0.189279 -0.095132 2.348260
0.071126 -0.487010 2.474960
0.065775 -0.629231 2.156950
0.003298 -0.917987 2.089830
-0.015494 -0.950684 2.010680
0.218806 -0.479865 2.451250
0.181782 -0.601088 2.141780
0.233016 -0.898105 2.078800
0.214321 -0.930766 1.999590
0.145554 -0.419875 2.478550
0.155947 -0.373773 2.527020
0.151593 -0.087841 2.545710
0.139929 0.129109 2.518480
-0.001677 -0.175433 2.542850
0.086645 -0.314760 2.442000
0.291756 -0.240328 2.315170
0.314710 -0.290117 2.303010
0.279000 -0.182352 2.472290
0.352195 -0.239921 2.294270
0.245744 -0.099379 2.324890
0.191020 -0.096287 2.346680
0.071148 -0.487038 2.475000
0.065641 -0.629964 2.156820
0.003301 -0.917986 2.089790
-0.015499 -0.950683 2.010650
0.218744 -0.479912 2.451270
0.181734 -0.600439 2.141950
0.232711 -0.897445 2.078850
0.213979 -0.930098 1.999660
0.145561 -0.419942 2.478550
0.155969 -0.373829 2.527010
0.151617 -0.087859 2.545700
0.139771 0.129032 2.518280
-0.001697 -0.175456 2.542820
0.086623 -0.314744 2.441970
0.291675 -0.240250 2.315190
0.314812 -0.289927 2.302940
0.278821 -0.182353 2.472250
0.352700 -0.241885 2.295170
0.247026 -0.099997 2.323760
0.191847 -0.096603 2.345840
0.071171 -0.487057 2.475050
0.065443 -0.630863 2.156680
0.003302 -0.918024 2.089730
-0.015510 -0.950719 2.010590
0.218701 -0.479941 2.451290
0.181729 -0.599845 2.142090
0.232372 -0.896774 2.078910
0.213598 -0.929419 1.999740
0.145565 -0.419999 2.478550
0.155985 -0.373877 2.527000
0.151635 -0.087874 2.545690
0.139603 0.128963 2.518100
-0.001718 -0.175479 2.542800
0.086597 -0.314731 2.441950
0.291593 -0.240184 2.315200
0.314859 -0.289804 2.302890
0.278663 -0.182352 2.472200
0.352961 -0.243016 2.295660
0.247793 -0.100337 2.323030
0.192426 -0.096795 2.345210
0.071188 -0.487069 2.475110
0.065669 -0.629775 2.156650
0.003497 -0.917179 2.089890
-0.015343 -0.949879 2.010760
0.218655 -0.479969 2.451300
0.181773 -0.599304 2.142190
0.232049 -0.896116 2.079000
0.213236 -0.928754 1.999840
0.145567 -0.420046 2.478550
0.155998 -0.373917 2.526990
0.151646 -0.087889 2.545680
0.139479 0.128914 2.517950
-0.001740 -0.175500 2.542770
0.086578 -0.314713 2.441920
0.291531 -0.240133 2.315200
0.314895 -0.289705 2.302830
0.278530 -0.182346 2.472160
0.350947 -0.239560 2.293660
0.246363 -0.098556 2.324900
0.192089 -0.096133 2.345670
0.071203 -0.487074 2.475180
0.065328 -0.630359 2.156640
0.003574 -0.917143 2.089790
-0.015282 -0.949840 2.010680
0.218612 -0.479994 2.451310
0.181253 -0.600888 2.141690
0.232010 -0.895998 2.078960
0.213171 -0.928632 1.999810
0.145565 -0.420085 2.478550
0.156006 -0.373948 2.526990
0.151647 -0.087926 2.545640
0.139360 0.128874 2.517840
-0.001766 -0.175522 2.542750
0.086555 -0.314692 2.441900
0.291478 -0.240095 2.315210
0.314929 -0.289622 2.302780
0.278416 -0.182346 2.472130
0.351405 -0.243821 2.295840
0.248421 -0.099758 2.323150
0.193434 -0.096822 2.344460
0.071208 -0.487069 2.475270
0.064805 -0.631311 2.156610
0.003650 -0.917227 2.089630
-0.015218 -0.949923 2.010520
0.218568 -0.480016 2.451320
0.181191 -0.601095 2.141570
0.231938 -0.895823 2.078970
0.213085 -0.928456 1.999840
0.145560 -0.420120 2.478550
0.156009 -0.373977 2.526980
0.151632 -0.087972 2.545590
0.139252 0.128840 2.517740
-0.001794 -0.175544 2.542720
0.086538 -0.314667 2.441870
0.291446 -0.240074 2.315210
0.314989 -0.289552 2.302700
0.278313 -0.182354 2.472100
0.351585 -0.245680 2.296760
0.249417 -0.100265 2.322190
0.194240 -0.097177 2.343650
0.071205 -0.487059 2.475370
0.064306 -0.632265 2.156580
0.003688 -0.917326 2.089450
-0.015188 -0.950023 2.010350
0.218517 -0.480041 2.451330
0.181086 -0.601249 2.141500
0.231903 -0.895665 2.079000
0.213039 -0.928299 1.999870
0.145554 -0.420151 2.478550
0.156012 -0.374000 2.526980
0.151603 -0.088081 2.545470
0.139134 0.128812 2.517630
-0.001823 -0.175566 2.542690
0.086521 -0.314643 2.441840
0.291419 -0.240063 2.315210
0.315005 -0.289527 2.302660
0.278207 -0.182377 2.472050
0.351712 -0.246719 2.297220
0.250046 -0.100565 2.321640
0.194823 -0.097419 2.343110
0.071200 -0.487044 2.475480
0.063587 -0.633685 2.156550
0.003735 -0.917610 2.089160
-0.015159 -0.950306 2.010080
0.218468 -0.480065 2.451330
0.181035 -0.601326 2.141460
0.231875 -0.895520 2.079020
0.212999 -0.928156 1.999900
0.145548 -0.420178 2.478560
0.156015 -0.374018 2.526970
0.151555 -0.088158 2.545330
0.138953 0.128765 2.517520
-0.001853 -0.175588 2.542660
0.086505 -0.314622 2.441820
0.291395 -0.240063 2.315210
0.315008 -0.289524 2.302620
0.278106 -0.182413 2.471990
0.351819 -0.247466 2.297520
0.250456 -0.100839 2.321200
0.195250 -0.097652 2.342660
0.071196 -0.487026 2.475600
0.062971 -0.634920 2.156530
0.003770 -0.917910 2.088870
-0.015142 -0.950608 2.009800
0.218423 -0.480087 2.451340
0.181314 -0.602125 2.141300
0.231917 -0.895584 2.079050
0.213025 -0.928225 1.999930
0.145541 -0.420202 2.478560
0.156016 -0.374033 2.526970
0.151469 -0.088267 2.545130
0.138773 0.128714 2.517430
-0.001883 -0.175607 2.542630
0.086487 -0.314596 2.441800
0.291374 -0.240073 2.315220
0.314993 -0.289547 2.302550
0.278006 -0.182465 2.471910
0.351900 -0.247979 2.297710
0.250743 -0.101046 2.320890
0.195577 -0.097841 2.342300
0.071190 -0.487005 2.475710
0.062460 -0.635987 2.156530
0.003806 -0.918235 2.088570
-0.015126 -0.950936 2.009510
0.218379 -0.480109 2.451340
0.181567 -0.602480 2.141230
0.231923 -0.895579 2.079080
0.213019 -0.928225 1.999970
0.145535 -0.420221 2.478560
0.156016 -0.374045 2.526960
0.151360 -0.088442 2.544850
0.138580 0.128677 2.517320
-0.001913 -0.175625 2.542610
0.086465 -0.314577 2.441780
0.291343 -0.240104 2.315230
0.314958 -0.289599 2.302500
0.277939 -0.182503 2.471840
0.351960 -0.248368 2.297840
0.250953 -0.101218 2.320640
0.195840 -0.098008 2.342010
0.071186 -0.486982 2.475830
0.062056 -0.636865 2.156520
0.003853 -0.918555 2.088280
-0.015098 -0.951259 2.009230
0.218341 -0.480128 2.451340
0.181798 -0.602673 2.141200
0.231934 -0.895563 2.079110
0.213022 -0.928212 2.000010
0.145520 -0.420229 2.478570
0.156011 -0.374051 2.526950
0.151228 -0.088606 2.544550
0.138368 0.128655 2.517260
-0.001944 -0.175644 2.542580
0.086435 -0.314562 2.441760
0.291303 -0.240163 2.315250
0.314813 -0.289777 2.302500
0.277923 -0.182505 2.471720
0.352034 -0.248737 2.297900
0.251150 -0.101423 2.320430
0.196098 -0.098201 2.341750
0.071151 -0.486935 2.475940
0.061735 -0.637609 2.156490
0.003891 -0.918858 2.088000
-0.015088 -0.951563 2.008970
0.218295 -0.480143 2.451330
0.182060 -0.602652 2.141130
0.231941 -0.895488 2.079180
0.213011 -0.928140 2.000090
0.145497 -0.420250 2.478540
0.155994 -0.374067 2.526920
0.151004 -0.088745 2.544340
0.138163 0.128639 2.517200
-0.001976 -0.175662 2.542550
0.086394 -0.314554 2.441750
0.291243 -0.240284 2.315280
0.314401 -0.290267 2.302740
0.277922 -0.182498 2.471590
0.352113 -0.249091 2.297940
0.251255 -0.101751 2.320280
0.196287 -0.098454 2.341540
0.071109 -0.487028 2.475830
0.061474 -0.638271 2.156430
0.003878 -0.919405 2.087810
-0.015133 -0.952115 2.008790
0.218255 -0.480156 2.451310
0.182382 -0.602506 2.141080
0.231930 -0.895397 2.079270
0.212982 -0.928049 2.000190
0.145469 -0.420271 2.478520
0.155969 -0.374084 2.526890
0.150523 -0.088865 2.544170
0.137964 0.128625 2.517160
-0.002015 -0.175690 2.542510
0.086346 -0.314561 2.441750
0.291190 -0.240573 2.315380
0.313767 -0.291198 2.303260
0.277945 -0.182494 2.471440
0.352241 -0.252486 2.298960
0.252294 -0.103530 2.319700
0.197107 -0.099566 2.341020
0.071063 -0.487111 2.475740
0.061280 -0.638813 2.156370
0.003863 -0.919898 2.087630
-0.015180 -0.952613 2.008630
0.218217 -0.480171 2.451300
0.182719 -0.602209 2.141040
0.231916 -0.895247 2.079390
0.212945 -0.927900 2.000320
0.145423 -0.420293 2.478500
0.155919 -0.374100 2.526850
0.149908 -0.088987 2.543960
0.137667 0.128597 2.517140
-0.002067 -0.175735 2.542460
0.086273 -0.314601 2.441770
0.291160 -0.240900 2.315500
0.312303 -0.293223 2.304790
0.278001 -0.182502 2.471230
0.352308 -0.256013 2.299940
0.252842 -0.104817 2.319500
0.197874 -0.101010 2.340670
0.070981 -0.487174 2.475700
0.061130 -0.639259 2.156320
0.003872 -0.920314 2.087470
-0.015202 -0.953033 2.008480
0.218172 -0.480192 2.451270
0.183024 -0.601878 2.141000
0.231894 -0.895088 2.079510
0.212896 -0.927740 2.000470
0.145358 -0.420300 2.478470
0.155832 -0.374088 2.526810
0.148669 -0.089038 2.543450
0.137315 0.128575 2.517160
-0.002149 -0.175787 2.542410
0.086134 -0.314694 2.441850
0.291127 -0.241465 2.315740
0.341502 -0.252443 2.290660
0.278138 -0.182502 2.470970
0.351860 -0.261621 2.301630
0.253506 -0.107014 2.319730
0.198812 -0.103448 2.340740
0.070873 -0.487217 2.475690
0.061017 -0.639632 2.156270
0.003893 -0.920659 2.087300
-0.015211 -0.953384 2.008330
0.218130 -0.480211 2.451250
0.183022 -0.601710 2.140970
0.231862 -0.894973 2.079560
0.212842 -0.927628 2.000530
0.145262 -0.420287 2.478450
0.155668 -0.374029 2.526740
0.146676 -0.089041 2.542550
0.136998 0.128603 2.517260
-0.002257 -0.175832 2.542360
0.085701 -0.315139 2.442490
0.291172 -0.243399 2.316770
0.357001 -0.236137 2.285860
0.278523 -0.182455 2.470660
0.350617 -0.271193 2.305420
0.255065 -0.113654 2.319410
0.200041 -0.107402 2.340340
0.070712 -0.487253 2.475710
0.060913 -0.639968 2.156220
0.003931 -0.920979 2.087140
-0.015195 -0.953716 2.008170
0.218092 -0.480230 2.451230
0.182990 -0.601540 2.140920
0.231813 -0.894851 2.079610
0.212775 -0.927513 2.000580
0.145136 -0.420239 2.478410
0.155333 -0.373626 2.526570
0.141100 -0.081921 2.537800
0.136416 0.128775 2.517620
-0.002406 -0.175892 2.542320
0.084985 -0.316126 2.443680
0.291287 -0.246772 2.318510
0.363562 -0.230188 2.284210
0.279039 -0.182383 2.470260
0.348689 -0.282439 2.310560
0.255783 -0.118627 2.319000
0.201115 -0.113037 2.339650
0.070534 -0.487280 2.475760
0.062503 -0.634691 2.156600
0.004247 -0.919658 2.087580
-0.014944 -0.952529 2.008640
0.218063 -0.480242 2.451200
0.182919 -0.601342 2.140860
0.231753 -0.894697 2.079650
0.212698 -0.927390 2.000640
0.144974 -0.420109 2.478350
0.154806 -0.372871 2.526310
0.136829 -0.076167 2.534540
0.135891 0.128944 2.517990
-0.002700 -0.176053 2.542230
0.017705 -0.378755 2.470580
0.226197 -0.291151 2.359470
0.308977 -0.252159 2.320740
0.280577 -0.182066 2.469920
0.346450 -0.294892 2.318100
0.242870 -0.146616 2.321900
0.195132 -0.129036 2.340750
0.070342 -0.487295 2.475810
0.064189 -0.629320 2.156970
0.004614 -0.917708 2.088270
-0.014554 -0.950715 2.009350
0.218062 -0.480240 2.451160
0.182609 -0.601196 2.140830
0.231726 -0.894573 2.079660
0.212671 -0.927302 2.000670
0.144801 -0.419968 2.478290
0.154226 -0.372039 2.526040
0.133385 -0.070790 2.532000
0.135367 0.129129 2.518460
-0.003056 -0.176278 2.542110
-0.013896 -0.408216 2.483320
0.191241 -0.312466 2.377990
0.279877 -0.262938 2.336700
0.282110 -0.181771 2.469620
0.343252 -0.312387 2.332500
0.246810 -0.162212 2.309370
0.196746 -0.142033 2.333260
0.070076 -0.487339 2.475920
0.064527 -0.628146 2.157060
0.004714 -0.917333 2.088400
-0.014451 -0.950379 2.009500
0.218074 -0.480239 2.451110
0.182443 -0.601077 2.140810
0.231711 -0.894463 2.079700
0.212659 -0.927226 2.000720
0.144617 -0.419749 2.478230
0.153621 -0.371006 2.525750
0.131083 -0.066836 2.530320
0.134860 0.129275 2.518910
-0.003412 -0.176510 2.541990
-0.027614 -0.420997 2.488810
0.177472 -0.321911 2.385740
0.265863 -0.269350 2.344520
0.283722 -0.181473 2.469410
0.340484 -0.328844 2.350030
0.254295 -0.189013 2.278790
0.207013 -0.141734 2.279000
0.069791 -0.487368 2.476080
0.065551 -0.624980 2.157110
0.004990 -0.915316 2.089120
-0.014108 -0.948485 2.010230
0.218152 -0.480195 2.451030
0.182339 -0.600963 2.140810
0.231665 -0.894349 2.079740
0.212630 -0.927152 2.000750
0.144403 -0.419415 2.478130
0.152967 -0.369791 2.525410
0.129583 -0.063961 2.529080
0.134386 0.129400 2.519350
-0.003789 -0.176742 2.541860
-0.035940 -0.428764 2.492150
0.168846 -0.327891 2.390740
0.257698 -0.273474 2.349140
0.285691 -0.181064 2.469490
0.339497 -0.344226 2.368620
0.254364 -0.206234 2.272400
0.208832 -0.147136 2.261630
0.069474 -0.487387 2.476280
0.066475 -0.622134 2.157330
0.005261 -0.913218 2.089830
-0.013699 -0.946493 2.010940
0.218309 -0.480091 2.450880
0.182265 -0.600853 2.140800
0.231620 -0.894240 2.079770
0.212614 -0.927088 2.000780
0.144178 -0.419015 2.478040
0.152339 -0.368692 2.525120
0.128686 -0.062152 2.528360
0.133958 0.129494 2.519780
-0.004143 -0.176952 2.541740
-0.037516 -0.430253 2.492680
0.164794 -0.331269 2.392940
0.252357 -0.276430 2.352140
0.288253 -0.180444 2.470270
0.338334 -0.354826 2.380490
0.225808 -0.194879 2.267580
0.192287 -0.138025 2.257750
0.069079 -0.487388 2.476550
0.066694 -0.621844 2.157380
0.005210 -0.912605 2.090130
-0.013627 -0.945928 2.011210
0.218512 -0.479952 2.450680
0.182209 -0.600751 2.140810
0.231567 -0.894145 2.079790
0.212608 -0.927036 2.000800
0.143968 -0.418553 2.477950
0.151820 -0.367789 2.524910
0.128534 -0.060884 2.528260
0.133606 0.129559 2.520170
-0.004462 -0.177133 2.541630
-0.033358 -0.426525 2.490850
0.165319 -0.332021 2.392430
0.249057 -0.278976 2.353860
0.290824 -0.180042 2.471420
0.337407 -0.361520 2.387710
0.212477 -0.190501 2.266440
0.183828 -0.138481 2.252740
0.068703 -0.487339 2.476780
0.066561 -0.622805 2.157420
0.005095 -0.912251 2.090350
-0.013587 -0.945566 2.011390
0.218725 -0.479802 2.450480
0.182171 -0.600638 2.140810
0.231501 -0.894045 2.079820
0.212612 -0.926975 2.000820
0.143778 -0.418043 2.477870
0.151406 -0.367076 2.524750
0.129878 -0.060791 2.529150
0.133352 0.129562 2.520630
-0.004731 -0.177259 2.541530
-0.027681 -0.421430 2.488420
0.168769 -0.330986 2.390230
0.247611 -0.281246 2.354390
0.293107 -0.179697 2.472740
0.336576 -0.369287 2.396240
0.203937 -0.193418 2.266230
0.172547 -0.147616 2.249060
0.068357 -0.487246 2.476960
0.066814 -0.622308 2.157530
0.004929 -0.911288 2.090850
-0.013499 -0.944626 2.011830
0.218927 -0.479635 2.450300
0.182149 -0.600531 2.140820
0.231442 -0.893941 2.079840
0.212637 -0.926895 2.000820
0.143672 -0.417473 2.477790
0.151129 -0.366498 2.524630
0.132874 -0.062043 2.530660
0.133226 0.129548 2.521050
-0.004934 -0.177338 2.541430
-0.022753 -0.417057 2.486320
0.173347 -0.329190 2.387430
0.247690 -0.283226 2.353990
0.295504 -0.179324 2.474540
0.337725 -0.377301 2.406370
0.198150 -0.205647 2.266220
0.166528 -0.158722 2.243740
0.068104 -0.487122 2.477070
0.067123 -0.621674 2.157730
0.004751 -0.910319 2.091340
-0.013358 -0.943659 2.012250
0.219167 -0.479429 2.450150
0.182134 -0.600384 2.140820
0.231386 -0.893802 2.079870
0.212719 -0.926757 2.000830
0.143630 -0.416805 2.477720
0.150911 -0.366001 2.524560
0.135916 -0.063744 2.532360
0.133278 0.129491 2.521610
-0.005115 -0.177335 2.541280
-0.018993 -0.413709 2.484770
0.177892 -0.327189 2.384740
0.248765 -0.284792 2.353070
0.297787 -0.178954 2.476850
0.338274 -0.382148 2.412370
0.194961 -0.218479 2.264920
0.163129 -0.176370 2.240770
0.067901 -0.486868 2.477080
0.067553 -0.620607 2.157940
0.004621 -0.909117 2.091920
-0.013033 -0.942401 2.012750
0.219417 -0.479187 2.450040
0.182128 -0.600222 2.140830
0.231344 -0.893623 2.079920
0.212910 -0.926538 2.000850
0.143618 -0.416184 2.477670
0.150733 -0.365595 2.524510
0.138460 -0.065357 2.533830
0.133418 0.129405 2.522130
-0.005253 -0.177319 2.541130
-0.016393 -0.411487 2.483790
0.181787 -0.325550 2.382590
0.250389 -0.286125 2.351960
0.299671 -0.178606 2.479520
0.338604 -0.385440 2.416370
0.193840 -0.231495 2.262290
0.161887 -0.190065 2.238880
0.067745 -0.486588 2.477060
0.068031 -0.619292 2.158160
0.004477 -0.907762 2.092550
-0.012624 -0.940971 2.013280
0.219646 -0.478939 2.449980
0.182134 -0.600040 2.140830
0.231222 -0.893406 2.079950
0.213046 -0.926319 2.000840
0.143683 -0.415584 2.477550
0.150622 -0.365285 2.524450
0.141080 -0.067113 2.535060
0.133617 0.129315 2.522600
-0.005356 -0.177248 2.540950
-0.014511 -0.410044 2.483150
0.185055 -0.324317 2.380900
0.252335 -0.287298 2.350820
0.301173 -0.178377 2.482380
0.338868 -0.387708 2.419270
0.188646 -0.261857 2.253910
0.165630 -0.209852 2.235630
0.067898 -0.485974 2.475230
0.067778 -0.620246 2.158220
0.004045 -0.908025 2.093060
-0.012500 -0.941074 2.013650
0.219904 -0.478610 2.450010
0.182155 -0.599820 2.140850
0.231065 -0.893113 2.079980
0.213230 -0.926012 2.000800
0.143805 -0.415005 2.477440
0.150553 -0.365026 2.524410
0.143231 -0.068621 2.536040
0.133981 0.129152 2.523100
-0.005407 -0.177180 2.540720
-0.013268 -0.408888 2.482940
0.159642 -0.318869 2.331150
0.215043 -0.288165 2.285070
0.302329 -0.178312 2.485190
0.339260 -0.389376 2.421950
0.187516 -0.275008 2.251120
0.167035 -0.218524 2.234070
0.068157 -0.485360 2.473700
0.067860 -0.620027 2.158430
0.003825 -0.907768 2.093500
-0.012322 -0.940780 2.013970
0.220181 -0.478234 2.450130
0.182204 -0.599568 2.140860
0.230887 -0.892759 2.080030
0.213460 -0.925635 2.000780
0.143956 -0.414504 2.477320
0.150514 -0.364827 2.524370
0.144946 -0.069833 2.536780
0.134358 0.128983 2.523550
-0.005400 -0.177086 2.540460
-0.012356 -0.408118 2.482880
0.150417 -0.317559 2.312820
0.198498 -0.289588 2.255620
0.303103 -0.178314 2.487610
0.339780 -0.390294 2.424800
0.187317 -0.282654 2.249810
0.168652 -0.224748 2.233110
0.068650 -0.484808 2.471620
0.067966 -0.619678 2.158650
0.003633 -0.907547 2.094000
-0.012096 -0.940525 2.014360
0.220440 -0.477814 2.450360
0.182227 -0.599407 2.140870
0.230738 -0.892425 2.080070
0.213738 -0.925250 2.000740
0.144126 -0.414069 2.477180
0.150499 -0.364670 2.524330
0.146271 -0.070762 2.537360
0.134734 0.128814 2.523970
-0.005353 -0.176949 2.540160
-0.011659 -0.407613 2.482870
0.145339 -0.317206 2.302460
0.185734 -0.300615 2.221550
0.303588 -0.178363 2.489510
0.340438 -0.390278 2.428160
0.188480 -0.290854 2.248240
0.168942 -0.269920 2.211160
0.069296 -0.484343 2.469230
0.067522 -0.621332 2.158700
0.003101 -0.908612 2.094520
-0.011963 -0.941439 2.014740
0.220679 -0.477362 2.450710
0.182260 -0.599279 2.140870
0.230566 -0.892075 2.080100
0.213995 -0.924861 2.000690
0.144318 -0.413687 2.477040
0.150505 -0.364543 2.524300
0.147251 -0.071431 2.537870
0.135214 0.128686 2.524270
-0.005259 -0.176768 2.539860
-0.011130 -0.407285 2.482980
0.142158 -0.316974 2.295970
0.180523 -0.304788 2.208660
0.303897 -0.178439 2.491080
0.341254 -0.389876 2.431560
0.191202 -0.299582 2.246340
0.168180 -0.285380 2.204730
0.069994 -0.483960 2.467120
0.066594 -0.624724 2.158540
0.002351 -0.910586 2.094900
-0.011932 -0.943245 2.014970
0.220957 -0.476826 2.451320
0.182319 -0.599211 2.140850
0.230374 -0.891784 2.080070
0.214197 -0.924552 2.000590
0.144528 -0.413347 2.476910
0.150526 -0.364440 2.524270
0.147998 -0.071964 2.538300
0.135695 0.128567 2.524510
-0.005089 -0.176564 2.539520
-0.010747 -0.407111 2.483370
0.139881 -0.316873 2.291530
0.177966 -0.308969 2.201300
0.304071 -0.178522 2.492400
0.342610 -0.388514 2.435990
0.193964 -0.305650 2.245830
0.167558 -0.296454 2.201530
0.070889 -0.483581 2.464910
0.065639 -0.628612 2.158140
0.001470 -0.913087 2.095210
-0.011999 -0.945591 2.015140
0.221219 -0.476210 2.452190
0.182442 -0.599244 2.140790
0.230184 -0.891556 2.080000
0.214379 -0.924308 2.000450
0.144732 -0.413066 2.476770
0.150552 -0.364362 2.524240
0.148570 -0.072373 2.538650
0.136240 0.128444 2.524730
-0.004749 -0.176284 2.539020
-0.010800 -0.406668 2.484660
0.133825 -0.337165 2.285580
0.175145 -0.337005 2.191150
0.304147 -0.178599 2.493460
0.343806 -0.387400 2.439670
0.197129 -0.311678 2.245290
0.167172 -0.305084 2.199610
0.071720 -0.483296 2.462950
0.065514 -0.629500 2.157990
0.001105 -0.913826 2.095590
-0.011919 -0.946263 2.015400
0.221392 -0.475662 2.453020
0.182599 -0.599340 2.140710
0.230003 -0.891372 2.079910
0.214556 -0.924107 2.000290
0.144938 -0.412824 2.476620
0.150585 -0.364301 2.524210
0.148999 -0.072691 2.538950
0.136765 0.128333 2.524880
-0.004347 -0.175977 2.538500
-0.011572 -0.405616 2.487510
0.131110 -0.343671 2.283540
0.181556 -0.348936 2.194310
0.304165 -0.178665 2.494300
0.344720 -0.386488 2.442330
0.199507 -0.315929 2.244880
0.167992 -0.317953 2.197880
0.072536 -0.483056 2.461170
0.065591 -0.629847 2.157830
0.000881 -0.914351 2.095910
-0.011766 -0.946761 2.015670
0.221513 -0.475187 2.453760
0.182797 -0.599513 2.140580
0.229831 -0.891225 2.079830
0.214714 -0.923948 2.000140
0.145256 -0.412586 2.476390
0.150685 -0.364249 2.524150
0.149342 -0.072932 2.539200
0.137312 0.128231 2.525010
-0.003962 -0.175707 2.538040
-0.012913 -0.404238 2.491150
0.128742 -0.346899 2.282580
0.186728 -0.354896 2.198600
0.304165 -0.178709 2.495020
0.345419 -0.385745 2.444370
0.202546 -0.323808 2.243530
0.169233 -0.330375 2.196010
0.073373 -0.482905 2.459630
0.065808 -0.629804 2.157620
0.000803 -0.914762 2.096200
-0.011443 -0.947173 2.015960
0.221647 -0.474782 2.454350
0.183052 -0.599789 2.140400
0.229618 -0.891122 2.079720
0.214828 -0.923840 1.999990
0.145578 -0.412382 2.476160
0.150819 -0.364205 2.524070
0.149665 -0.073117 2.539400
0.138063 0.128116 2.525180
-0.003602 -0.175470 2.537630
-0.015350 -0.401889 2.496720
0.126090 -0.348683 2.283790
0.190744 -0.357674 2.202870
0.304139 -0.178734 2.495610
0.345926 -0.385182 2.445940
0.204735 -0.333196 2.242190
0.169536 -0.335568 2.195040
0.074060 -0.482804 2.458440
0.057620 -0.658153 2.149270
0.000750 -0.924401 2.092770
-0.010441 -0.956976 2.012320
0.221751 -0.474447 2.454850
0.183449 -0.600319 2.140120
0.229396 -0.891092 2.079540
0.214946 -0.923801 1.999770
0.145878 -0.412212 2.475940
0.150957 -0.364175 2.523980
0.149980 -0.073281 2.539580
0.138780 0.128011 2.525330
-0.003282 -0.175266 2.537280
-0.017119 -0.400262 2.500580
0.067063 -0.417278 2.310870
0.127800 -0.398121 2.261810
0.304130 -0.178752 2.496160
0.346242 -0.384749 2.447060
0.205838 -0.340755 2.241090
0.169173 -0.339257 2.195100
0.074603 -0.482738 2.457540
0.043603 -0.707764 2.140450
0.002057 -0.947090 2.090070
-0.007846 -0.979833 2.009400
0.221817 -0.474186 2.455250
0.183854 -0.600897 2.139810
0.229170 -0.891100 2.079360
0.215055 -0.923798 1.999540
0.146154 -0.412093 2.475740
0.151101 -0.364162 2.523900
0.150245 -0.073396 2.539750
0.139524 0.127920 2.525440
-0.002978 -0.175075 2.536990
-0.018814 -0.398441 2.503990
0.045911 -0.440576 2.320730
0.098028 -0.416529 2.290190
0.304115 -0.178764 2.496600
0.346439 -0.384401 2.447890
0.206200 -0.347123 2.240290
0.164412 -0.343145 2.200910
0.075066 -0.482742 2.456830
0.041570 -0.710607 2.138810
0.002863 -0.952818 2.090600
-0.006500 -0.985617 2.009870
0.221851 -0.473982 2.455610
0.184099 -0.602499 2.139250
0.228849 -0.891378 2.078930
0.215180 -0.924063 1.999030
0.146406 -0.412039 2.475570
0.151257 -0.364180 2.523820
0.150473 -0.073482 2.539880
0.140257 0.127890 2.525590
-0.002652 -0.174891 2.536730
-0.020209 -0.396739 2.506740
0.034198 -0.453343 2.326450
0.084979 -0.424418 2.302290
0.304090 -0.178761 2.496960
0.346535 -0.384046 2.448560
0.205973 -0.352470 2.239820
0.155271 -0.353173 2.213330
0.075480 -0.482817 2.456270
0.037956 -0.724604 2.136440
0.003897 -0.963061 2.088450
-0.004981 -0.995868 2.007640
0.221828 -0.473839 2.456010
0.184289 -0.603873 2.138690
0.228520 -0.891637 2.078480
0.215266 -0.924307 1.998530
0.146600 -0.412055 2.475430
0.151393 -0.364235 2.523760
0.150666 -0.073541 2.540000
0.141024 0.127888 2.525730
-0.002313 -0.174728 2.536510
-0.021316 -0.395241 2.508820
0.026837 -0.461448 2.329870
0.077300 -0.429023 2.309510
0.304064 -0.178759 2.497260
0.346574 -0.383771 2.449060
0.205666 -0.356124 2.239570
0.148221 -0.370046 2.230450
0.075815 -0.482946 2.455850
0.044468 -0.700567 2.139600
0.004453 -0.966151 2.088780
-0.004148 -0.998961 2.007940
0.221608 -0.473838 2.456570
0.184517 -0.605207 2.138210
0.228128 -0.891974 2.077980
0.215293 -0.924619 1.997980
0.146814 -0.412183 2.475360
0.151556 -0.364349 2.523740
0.150830 -0.073579 2.540110
0.141722 0.127895 2.525860
-0.002004 -0.174587 2.536330
-0.022321 -0.393707 2.510570
0.020881 -0.463619 2.333420
0.072024 -0.429277 2.310890
0.304038 -0.178770 2.497500
0.346580 -0.383578 2.449460
0.202337 -0.361818 2.241310
0.140893 -0.381313 2.242240
0.076183 -0.483240 2.455580
0.043922 -0.707882 2.137590
0.004845 -0.970564 2.087760
-0.003573 -1.003370 2.006900
0.221286 -0.474080 2.457530
0.184708 -0.606355 2.137790
0.227862 -0.892224 2.077580
0.215366 -0.924865 1.997520
0.147062 -0.412439 2.475380
0.151764 -0.364536 2.523780
0.150984 -0.073600 2.540210
0.142396 0.127925 2.525970
-0.001706 -0.174458 2.536190
-0.023077 -0.392313 2.511880
0.017604 -0.462004 2.336070
0.071231 -0.426095 2.307790
0.304013 -0.178783 2.497690
0.346503 -0.383440 2.449830
0.199010 -0.366304 2.243280
0.136702 -0.388049 2.249030
0.076597 -0.483713 2.455550
0.043558 -0.713077 2.136270
0.005131 -0.973655 2.086960
-0.003178 -1.006450 2.006080
0.220900 -0.474535 2.458820
0.184884 -0.607319 2.137440
0.227525 -0.892460 2.077120
0.215360 -0.925091 1.997020
0.147383 -0.412856 2.475480
0.152048 -0.364812 2.523870
0.151173 -0.073594 2.540280
0.143026 0.127981 2.526070
-0.001389 -0.174332 2.536070
-0.023664 -0.390901 2.512820
0.016751 -0.456664 2.337590
0.073262 -0.420950 2.301530
0.303984 -0.178802 2.497830
0.346393 -0.383334 2.450190
0.196113 -0.369691 2.245300
0.134118 -0.391829 2.253040
0.077118 -0.484389 2.455680
0.043097 -0.716796 2.135580
0.002610 -0.974643 2.076560
-0.005765 -1.007440 1.995660
0.220559 -0.475056 2.460140
0.185023 -0.608088 2.137130
0.227224 -0.892650 2.076680
0.215347 -0.925278 1.996550
0.147706 -0.413314 2.475610
0.152348 -0.365118 2.523980
0.151370 -0.073568 2.540350
0.143637 0.128022 2.526140
-0.001102 -0.174214 2.535990
-0.024132 -0.389512 2.513430
0.017371 -0.450306 2.338170
0.075896 -0.416647 2.295790
0.303955 -0.178824 2.497950
0.346239 -0.383217 2.450700
0.193621 -0.372204 2.247510
0.132340 -0.394412 2.255760
0.077612 -0.485086 2.455880
0.042805 -0.719335 2.135190
0.000553 -0.974919 2.068620
-0.007907 -1.007710 1.987720
0.220272 -0.475569 2.461330
0.185138 -0.608699 2.136880
0.226810 -0.892842 2.076180
0.215230 -0.925465 1.996040
0.148122 -0.413938 2.475830
0.152748 -0.365545 2.524180
0.151611 -0.073521 2.540450
0.144180 0.128065 2.526210
-0.000826 -0.174112 2.535920
-0.024498 -0.388338 2.513790
0.018631 -0.444426 2.338150
0.078182 -0.413794 2.291340
0.303932 -0.178846 2.498060
0.346057 -0.383080 2.451360
0.191369 -0.374117 2.249900
0.130922 -0.395976 2.257540
0.078221 -0.485982 2.456200
0.042557 -0.721118 2.135010
0.000628 -0.976036 2.066550
-0.007871 -1.008820 1.985640
0.220077 -0.476124 2.462450
0.185240 -0.609194 2.136670
0.226425 -0.893010 2.075720
0.215109 -0.925629 1.995560
0.148504 -0.414532 2.476060
0.153127 -0.365964 2.524390
0.151848 -0.073453 2.540570
0.144723 0.128076 2.526210
-0.000578 -0.174021 2.535870
-0.024786 -0.387291 2.513920
0.020085 -0.439558 2.337810
0.080126 -0.411885 2.288160
0.303910 -0.178866 2.498150
0.345867 -0.382949 2.451950
0.188652 -0.375459 2.252770
0.129671 -0.395638 2.255680
0.078754 -0.486792 2.456530
0.042369 -0.722381 2.134930
0.000959 -0.976948 2.065260
-0.007591 -1.009720 1.984340
0.219926 -0.476616 2.463420
0.187260 -0.619076 2.135660
0.225749 -0.896175 2.073160
0.214922 -0.928862 1.992850
0.148864 -0.415111 2.476290
0.153490 -0.366377 2.524600
0.152119 -0.073347 2.540720
0.145220 0.128073 2.526200
-0.000333 -0.173938 2.535820
-0.025018 -0.386412 2.513930
0.021423 -0.435631 2.337300
0.081607 -0.410570 2.285930
0.303893 -0.178882 2.498230
0.345678 -0.382834 2.452640
0.186023 -0.376972 2.255820
0.128501 -0.394797 2.253880
0.079226 -0.487529 2.456830
0.050311 -0.687251 2.140890
-0.000739 -0.969413 2.070630
-0.009399 -1.002170 1.989740
0.219814 -0.477063 2.464240
0.187875 -0.622045 2.135330
0.225030 -0.897774 2.071740
0.214549 -0.930472 1.991360
0.149196 -0.415654 2.476500
0.153823 -0.366769 2.524790
0.152370 -0.073240 2.540860
0.145728 0.128062 2.526190
-0.000067 -0.173847 2.535760
-0.025184 -0.385700 2.513820
0.022600 -0.432596 2.336720
0.082780 -0.409678 2.284310
0.303878 -0.178898 2.498310
0.345490 -0.382749 2.453260
0.183485 -0.378286 2.258710
0.127552 -0.393530 2.251270
0.079659 -0.488183 2.457080
0.054127 -0.670908 2.143610
-0.002153 -0.963117 2.075440
-0.010880 -0.995875 1.994570
0.219737 -0.477447 2.464920
0.188670 -0.625960 2.134970
0.224280 -0.900018 2.069920
0.214146 -0.932740 1.989450
0.149494 -0.416134 2.476680
0.154124 -0.367127 2.524970
0.152597 -0.073145 2.541000
0.146258 0.128011 2.526160
0.000180 -0.173763 2.535710
-0.025323 -0.385083 2.513690
0.023558 -0.430278 2.336230
0.083603 -0.409098 2.283210
0.303867 -0.178908 2.498400
0.345281 -0.382718 2.453800
0.181674 -0.379187 2.260710
0.127519 -0.392004 2.247010
0.080047 -0.488749 2.457290
0.055980 -0.663036 2.144900
-0.003219 -0.958309 2.079260
-0.011976 -0.991074 1.998390
0.219687 -0.477766 2.465460
0.188983 -0.627423 2.134820
0.223771 -0.901066 2.068990
0.213870 -0.933791 1.988470
0.149768 -0.416590 2.476840
0.154398 -0.367472 2.525140
0.152795 -0.073059 2.541130
0.146757 0.127946 2.526120
0.000406 -0.173687 2.535670
-0.025430 -0.384577 2.513540
0.024358 -0.428481 2.335780
0.084259 -0.408737 2.282410
0.303862 -0.178935 2.498480
0.345091 -0.382717 2.454270
0.180343 -0.379874 2.262180
0.128405 -0.390599 2.242050
0.080395 -0.489267 2.457460
0.057072 -0.658398 2.145690
-0.003767 -0.954933 2.082000
-0.012536 -0.987706 2.001130
0.219665 -0.478059 2.465910
0.189144 -0.627624 2.134860
0.223445 -0.901615 2.068450
0.213710 -0.934349 1.987920
0.150024 -0.416999 2.476990
0.154651 -0.367787 2.525280
0.152973 -0.072978 2.541240
0.147191 0.127886 2.526080
0.000619 -0.173619 2.535630
-0.025505 -0.384152 2.513370
0.024989 -0.427150 2.335390
0.084809 -0.408579 2.281850
0.303854 -0.178948 2.498580
0.344897 -0.382747 2.454670
0.179084 -0.380672 2.263480
0.129906 -0.388420 2.236660
0.080714 -0.489718 2.457610
0.057846 -0.655110 2.146240
-0.004059 -0.952499 2.083960
-0.012829 -0.985280 2.003080
0.219667 -0.478306 2.466280
0.189171 -0.626981 2.135050
0.223181 -0.901988 2.068060
0.213581 -0.934738 1.987500
