-0.047350 -0.455640 2.403750
-0.048190 -0.403505 2.397860
-0.047321 -0.144495 2.360140
-0.027997 0.048795 2.306570
-0.208484 -0.227309 2.366730
-0.264652 -0.435139 2.402360
-0.218032 -0.618452 2.160310
-0.198381 -0.675761 2.083210
0.130212 -0.222251 2.412510
0.189659 -0.439878 2.452920
0.112861 -0.530274 2.180510
0.037206 -0.564763 2.204260
-0.143495 -0.535251 2.403070
-0.193881 -0.662178 2.077700
-0.223130 -0.951086 2.128830
-0.211313 -0.996409 2.044670
0.049501 -0.528719 2.419060
0.133821 -0.662837 2.102480
0.181965 -0.937578 2.192580
0.193323 -0.983064 2.108430
-0.047358 -0.455553 2.403860
-0.048144 -0.403440 2.397850
-0.046750 -0.144120 2.362360
-0.027497 0.049982 2.306500
-0.208230 -0.226664 2.367880
-0.264344 -0.435127 2.402180
-0.217940 -0.618143 2.160270
-0.201514 -0.676079 2.083050
0.130311 -0.222135 2.413130
0.189656 -0.439853 2.452820
0.113104 -0.530074 2.180870
0.039109 -0.564617 2.204100
-0.143564 -0.535097 2.403180
-0.193933 -0.662237 2.078440
-0.222723 -0.951532 2.128470
-0.211002 -0.996770 2.044330
0.049487 -0.528736 2.419020
0.133954 -0.661398 2.102820
0.181516 -0.936415 2.191050
0.192800 -0.981722 2.106780
-0.047377 -0.455300 2.404150
-0.048081 -0.403221 2.398060
-0.046018 -0.143577 2.366410
-0.026884 0.051209 2.306580
-0.207764 -0.225270 2.370740
-0.264134 -0.435054 2.402150
-0.218026 -0.617787 2.160310
-0.203783 -0.676270 2.083020
0.130625 -0.221561 2.415820
0.189654 -0.439826 2.452760
0.110816 -0.527771 2.185740
0.077476 -0.558066 2.167730
-0.143659 -0.534729 2.403440
-0.193733 -0.662072 2.079270
-0.222605 -0.951709 2.128330
-0.210925 -0.996894 2.044170
0.049449 -0.528700 2.419030
0.134115 -0.660005 2.103280
0.181081 -0.935417 2.189550
0.192325 -0.980489 2.105110
-0.047424 -0.454878 2.404620
-0.048003 -0.402838 2.398500
-0.044778 -0.142952 2.371860
-0.025851 0.052865 2.307100
-0.206650 -0.221361 2.377690
-0.264014 -0.434891 2.402320
-0.218279 -0.617341 2.160460
-0.205465 -0.676353 2.083060
0.131211 -0.220542 2.420300
0.189664 -0.439765 2.452790
0.110136 -0.530585 2.184730
0.106540 -0.571504 2.110510
-0.143827 -0.534030 2.403850
-0.193382 -0.661655 2.080250
-0.222592 -0.951828 2.128150
-0.211019 -0.996919 2.043920
0.049363 -0.528605 2.419060
0.134338 -0.658815 2.103830
0.180689 -0.934673 2.188270
0.191812 -0.979480 2.103630
-0.047496 -0.454332 2.405210
-0.047932 -0.402320 2.399160
-0.043615 -0.142507 2.378560
-0.024842 0.054155 2.307800
-0.205565 -0.217881 2.384780
-0.263961 -0.434680 2.402650
-0.076702 -0.512048 2.195220
0.008539 -0.526679 2.178230
0.131909 -0.219568 2.425540
0.189660 -0.439663 2.452960
0.011822 -0.474628 2.222450
-0.030618 -0.488448 2.164120
-0.144039 -0.533143 2.404340
-0.192928 -0.661222 2.081320
-0.223040 -0.951779 2.128250
-0.211687 -0.996634 2.043950
0.049246 -0.528464 2.419110
0.134549 -0.657836 2.104360
0.180066 -0.934120 2.187050
0.191013 -0.978617 2.102160
-0.047713 -0.453427 2.406590
-0.047941 -0.401475 2.400780
-0.042783 -0.142215 2.384650
-0.023746 0.055288 2.309010
-0.204484 -0.214797 2.391490
-0.172829 -0.422487 2.359130
0.015547 -0.485625 2.193520
0.098181 -0.508394 2.184260
0.132563 -0.218502 2.431100
0.189719 -0.439527 2.453600
-0.025431 -0.442934 2.238930
-0.051291 -0.471138 2.158040
-0.144379 -0.531679 2.405590
-0.192180 -0.660205 2.083230
-0.223862 -0.951579 2.128360
-0.212788 -0.996142 2.043960
0.048945 -0.528186 2.419390
0.134769 -0.656904 2.104910
0.179280 -0.933641 2.185550
0.190048 -0.977827 2.100420
-0.050346 -0.451217 2.413140
-0.049435 -0.399730 2.406650
-0.041976 -0.141982 2.390400
-0.022394 0.056245 2.310860
-0.203674 -0.212629 2.397150
-0.132878 -0.416781 2.340730
0.075773 -0.466227 2.192930
0.155396 -0.496916 2.187210
0.133147 -0.217636 2.436370
0.189818 -0.439380 2.454540
0.075838 -0.526183 2.198790
0.003393 -0.546098 2.118730
-0.148289 -0.527062 2.413350
-0.189443 -0.656133 2.090700
-0.226145 -0.951330 2.126600
-0.215420 -0.995675 2.041990
0.043584 -0.527366 2.425450
0.134827 -0.651548 2.112160
0.178098 -0.933698 2.181660
0.188702 -0.977695 2.096460
-0.051727 -0.449783 2.417120
-0.050337 -0.398516 2.410720
-0.041356 -0.141808 2.395980
-0.020444 0.057058 2.313950
-0.203068 -0.211064 2.402240
-0.114764 -0.414082 2.332570
0.078763 -0.464202 2.192050
0.156641 -0.497255 2.185330
0.133613 -0.217017 2.441200
0.189959 -0.439202 2.455780
0.062682 -0.519497 2.203750
0.086170 -0.544545 2.132580
-0.149569 -0.524823 2.416610
-0.188193 -0.654124 2.094330
-0.227579 -0.951153 2.125720
-0.217136 -0.995255 2.040930
0.041489 -0.526786 2.427710
0.135032 -0.649130 2.115190
0.177099 -0.933672 2.179360
0.187555 -0.977454 2.094040
-0.052535 -0.448995 2.419410
-0.050923 -0.397761 2.413410
-0.041012 -0.141670 2.400770
-0.018572 0.057701 2.317510
-0.202465 -0.209890 2.406990
-0.103863 -0.412329 2.327840
0.078437 -0.459570 2.190640
0.156052 -0.494497 2.184020
0.133839 -0.216445 2.445850
0.190189 -0.439101 2.457480
0.099838 -0.543062 2.190540
0.132016 -0.555746 2.129690
-0.150163 -0.523685 2.418130
-0.187558 -0.653107 2.096120
-0.228526 -0.950985 2.125330
-0.218293 -0.994852 2.040410
0.040149 -0.526481 2.428740
0.135218 -0.647951 2.116540
0.176113 -0.933631 2.177670
0.186434 -0.977179 2.092220
-0.053008 -0.448524 2.420760
-0.051287 -0.397286 2.415270
-0.040468 -0.141758 2.405990
-0.016979 0.057688 2.321160
-0.201887 -0.208978 2.410930
-0.102326 -0.411151 2.328320
0.110743 -0.474553 2.208750
0.187509 -0.506132 2.185480
0.133972 -0.215788 2.450780
0.190430 -0.439046 2.459160
0.113635 -0.548605 2.185310
0.129276 -0.560035 2.129280
-0.150463 -0.522906 2.418970
-0.187180 -0.652524 2.097220
-0.229188 -0.950875 2.125290
-0.219031 -0.994532 2.040260
0.039102 -0.526261 2.429240
0.135392 -0.647141 2.117450
0.174970 -0.933668 2.176350
0.185265 -0.976937 2.090790
-0.053275 -0.448183 2.421700
-0.051428 -0.396943 2.416690
-0.039987 -0.141825 2.410470
-0.014921 0.057780 2.325870
-0.201253 -0.208266 2.414600
-0.227379 -0.426215 2.392890
-0.024939 -0.399928 2.191000
-0.042118 -0.442505 2.153700
0.134046 -0.214973 2.455960
0.190616 -0.439010 2.460870
0.121473 -0.552744 2.182550
0.143946 -0.566043 2.128910
-0.149873 -0.522322 2.418870
-0.187277 -0.652560 2.097910
-0.229606 -0.950973 2.125510
-0.219462 -0.994395 2.040300
0.038400 -0.526025 2.429470
0.135536 -0.646564 2.118110
0.173908 -0.933721 2.175370
0.184252 -0.976716 2.089730
-0.053442 -0.447959 2.422350
-0.051499 -0.396738 2.417810
-0.039782 -0.141855 2.414570
-0.013356 0.057705 2.330000
-0.200549 -0.207631 2.418080
-0.255131 -0.429341 2.408590
-0.059050 -0.392496 2.179810
-0.082412 -0.442640 2.138050
0.133968 -0.214378 2.459950
0.190718 -0.438996 2.462790
0.126562 -0.554443 2.181180
0.139195 -0.569185 2.130010
-0.148490 -0.522238 2.417560
-0.187897 -0.653496 2.097920
-0.229812 -0.951229 2.126250
-0.219680 -0.994314 2.040770
0.037817 -0.525806 2.429330
0.135718 -0.646151 2.118540
0.172779 -0.933721 2.174560
0.183129 -0.976402 2.088810
-0.053515 -0.447813 2.422790
-0.051508 -0.396614 2.418840
-0.039595 -0.141732 2.418510
-0.012169 0.057576 2.333440
-0.199916 -0.207099 2.421390
-0.280772 -0.432556 2.422170
-0.098644 -0.371241 2.171310
-0.107146 -0.412960 2.115430
0.133903 -0.213821 2.463550
0.190763 -0.439030 2.464500
0.130162 -0.554213 2.180770
0.099266 -0.557317 2.144580
-0.147140 -0.522318 2.416160
-0.188688 -0.654770 2.097740
-0.229880 -0.951651 2.127170
-0.219753 -0.994341 2.041390
0.037361 -0.525589 2.429040
0.135903 -0.645868 2.118830
0.171498 -0.933761 2.173910
0.181878 -0.976099 2.088050
-0.053605 -0.447746 2.423140
-0.051585 -0.396654 2.420060
-0.039382 -0.141549 2.421910
-0.011188 0.057492 2.336430
-0.199361 -0.206757 2.424080
-0.293847 -0.434113 2.429160
-0.113603 -0.363192 2.168350
-0.094032 -0.396611 2.109360
0.133822 -0.213412 2.466710
0.190903 -0.439033 2.466570
0.135805 -0.545300 2.180590
0.090685 -0.555964 2.149510
-0.146263 -0.522455 2.415110
-0.189498 -0.656326 2.097620
-0.229937 -0.952325 2.128140
-0.219773 -0.994572 2.042060
0.036330 -0.525581 2.428690
0.136147 -0.645560 2.119080
0.169905 -0.933671 2.173050
0.180346 -0.975629 2.087060
-0.053592 -0.448050 2.423840
-0.051582 -0.397241 2.422920
-0.039076 -0.141302 2.425390
-0.010180 0.057464 2.339650
-0.198765 -0.206552 2.426350
-0.295807 -0.434928 2.430350
-0.118258 -0.358136 2.166750
-0.093474 -0.353169 2.104630
0.133783 -0.213138 2.469710
0.191177 -0.439085 2.468920
0.137749 -0.539475 2.181880
0.086100 -0.555658 2.152370
-0.145454 -0.522774 2.414710
-0.190140 -0.657417 2.097910
-0.229951 -0.953021 2.128640
-0.219737 -0.994880 2.042380
0.035076 -0.525822 2.429310
0.136337 -0.644970 2.119570
0.168314 -0.933405 2.171690
0.178879 -0.975006 2.085610
-0.053740 -0.448533 2.425680
-0.051887 -0.397875 2.427540
-0.038893 -0.141117 2.428530
-0.009435 0.057375 2.342470
-0.198236 -0.206523 2.428350
-0.290616 -0.435375 2.427430
-0.120949 -0.352796 2.164370
-0.084029 -0.315847 2.111500
0.133819 -0.212864 2.472410
0.191431 -0.439102 2.470990
0.090783 -0.522848 2.206570
0.045554 -0.554649 2.174330
-0.144968 -0.523072 2.415900
-0.190472 -0.658069 2.099650
-0.230402 -0.954270 2.127900
-0.220013 -0.995721 2.041640
0.033513 -0.526122 2.430790
0.136530 -0.643105 2.121130
0.166826 -0.932991 2.169970
0.177539 -0.974304 2.083830
-0.054121 -0.449038 2.428520
-0.052406 -0.398362 2.432560
-0.038765 -0.140974 2.431070
-0.008818 0.057312 2.344860
-0.197602 -0.206554 2.430090
-0.278510 -0.434976 2.419390
-0.115270 -0.343245 2.163220
-0.055371 -0.287169 2.131250
0.133895 -0.212491 2.474950
0.191638 -0.439135 2.472750
0.059025 -0.513305 2.222660
0.047620 -0.553795 2.176530
-0.144904 -0.522971 2.419340
-0.190484 -0.658174 2.103490
-0.231317 -0.956329 2.124840
-0.220617 -0.997399 2.038690
0.031683 -0.526459 2.433100
0.136302 -0.640377 2.123280
0.165532 -0.932273 2.167900
0.176439 -0.973376 2.081760
-0.054775 -0.449562 2.432300
-0.053098 -0.398761 2.437670
-0.038671 -0.140868 2.433370
-0.008298 0.057300 2.347200
-0.196828 -0.206540 2.431840
-0.268579 -0.434566 2.412520
-0.107728 -0.334755 2.162970
-0.045150 -0.272013 2.139300
0.134020 -0.212090 2.477540
0.191789 -0.439148 2.474180
0.023089 -0.511692 2.243540
0.043829 -0.553548 2.179770
-0.145394 -0.522690 2.424670
-0.190156 -0.657523 2.108580
-0.232464 -0.958462 2.119700
-0.221389 -0.999263 2.033720
0.029712 -0.526782 2.436040
0.135758 -0.637450 2.125890
0.164424 -0.931480 2.165680
0.175548 -0.972451 2.079600
-0.055440 -0.449898 2.435600
-0.053735 -0.398975 2.441750
-0.038505 -0.140743 2.435720
-0.007918 0.057288 2.349360
-0.196043 -0.206465 2.433490
-0.261626 -0.434187 2.407630
-0.098301 -0.322023 2.166520
-0.034833 -0.260246 2.152560
0.134158 -0.211625 2.479950
0.191891 -0.439154 2.475310
0.090023 -0.525598 2.212370
0.047757 -0.551835 2.195150
-0.145999 -0.522344 2.428930
-0.189818 -0.656854 2.112650
-0.233536 -0.960124 2.115040
-0.222127 -1.000720 2.029170
0.027966 -0.526968 2.438710
0.135059 -0.634877 2.128240
0.163624 -0.930665 2.163540
0.174952 -0.971513 2.077500
-0.056067 -0.450118 2.438480
-0.054297 -0.399065 2.445130
-0.038233 -0.140433 2.438160
-0.007282 0.057598 2.351970
-0.195211 -0.206279 2.435100
-0.254749 -0.431591 2.401630
-0.089932 -0.308471 2.168180
-0.032992 -0.245281 2.163560
0.134281 -0.211185 2.482090
0.191987 -0.439089 2.476500
0.043437 -0.519096 2.233500
-0.004950 -0.545992 2.238740
-0.146640 -0.521962 2.432370
-0.189493 -0.656143 2.115920
-0.234441 -0.961321 2.110870
-0.222762 -1.001760 2.025060
0.026493 -0.527088 2.441100
0.134197 -0.632445 2.130290
0.163077 -0.929670 2.161570
0.174585 -0.970400 2.075550
-0.056792 -0.450119 2.441120
-0.054890 -0.398948 2.448090
-0.037750 -0.139859 2.440800
-0.006449 0.058804 2.355940
-0.194327 -0.205908 2.436740
-0.250199 -0.429330 2.397620
-0.083814 -0.286832 2.174900
-0.026268 -0.223944 2.139570
0.134374 -0.210703 2.484080
0.192011 -0.439074 2.477500
0.077436 -0.533234 2.219320
0.000042 -0.551344 2.245490
-0.147574 -0.521358 2.435430
-0.189121 -0.655365 2.118800
-0.235332 -0.962155 2.106950
-0.223427 -1.002480 2.021190
0.025004 -0.526982 2.443420
0.133107 -0.630014 2.132320
0.162737 -0.928532 2.159520
0.174418 -0.969152 2.073510
-0.057364 -0.450023 2.443360
-0.055358 -0.398747 2.450590
-0.037291 -0.139243 2.443240
-0.005654 0.060127 2.359710
-0.193434 -0.205422 2.438390
-0.247261 -0.427748 2.394870
-0.080510 -0.275610 2.178930
-0.023051 -0.214485 2.130980
0.134462 -0.210048 2.486170
0.192029 -0.438846 2.478560
0.096543 -0.541111 2.212550
0.009339 -0.557016 2.247610
-0.148344 -0.520764 2.437950
-0.188765 -0.654598 2.121260
-0.236150 -0.962613 2.104040
-0.224049 -1.002860 2.018310
0.023913 -0.526822 2.445270
0.132052 -0.628069 2.133910
0.162595 -0.927414 2.157640
0.174451 -0.967936 2.071640
-0.057929 -0.449872 2.445310
-0.055822 -0.398500 2.452830
-0.036728 -0.138537 2.445920
-0.004830 0.061277 2.363090
-0.192477 -0.204840 2.440210
-0.245029 -0.426284 2.392780
-0.077536 -0.266919 2.183130
-0.020553 -0.208116 2.127870
0.134568 -0.209372 2.488140
0.192022 -0.438401 2.479670
0.135427 -0.527735 2.196150
0.049897 -0.548707 2.232220
-0.149189 -0.520163 2.440060
-0.188433 -0.653844 2.123280
-0.236896 -0.962797 2.101490
-0.224656 -1.002970 2.015770
0.023005 -0.526648 2.446820
0.131207 -0.626546 2.135250
0.162555 -0.926408 2.156010
0.174546 -0.966828 2.070000
-0.058416 -0.449717 2.446960
-0.056237 -0.398255 2.454860
-0.036108 -0.137829 2.448670
-0.004215 0.062141 2.365810
-0.191506 -0.204134 2.442070
-0.243358 -0.424970 2.391220
-0.075425 -0.261293 2.186010
-0.018812 -0.203713 2.126060
0.134671 -0.208747 2.489960
0.192064 -0.437960 2.481010
0.145881 -0.526104 2.192320
0.064056 -0.547627 2.227730
-0.149936 -0.519635 2.441740
-0.188147 -0.653139 2.124890
-0.237511 -0.962778 2.099360
-0.225168 -1.002870 2.013620
0.022299 -0.526492 2.448090
0.130530 -0.625382 2.136340
0.162669 -0.925498 2.154520
0.174782 -0.965810 2.068480
-0.058861 -0.449510 2.448360
-0.056616 -0.397958 2.456690
-0.035381 -0.137085 2.451290
-0.001319 0.065224 2.373200
-0.190508 -0.202938 2.444390
-0.242122 -0.423803 2.390110
-0.073944 -0.257435 2.188120
-0.017506 -0.200531 2.124840
0.134760 -0.208138 2.491800
0.192110 -0.437579 2.482230
0.153243 -0.524419 2.189770
0.082043 -0.550657 2.199660
-0.150675 -0.519075 2.443090
-0.187910 -0.652445 2.126190
-0.238006 -0.962563 2.097140
-0.225602 -1.002580 2.011350
0.021692 -0.526315 2.449190
0.129956 -0.624483 2.137320
0.162857 -0.924724 2.153190
0.175052 -0.964940 2.067130
-0.059163 -0.449027 2.450060
-0.056864 -0.397414 2.458870
-0.034799 -0.136456 2.453670
0.000712 0.067171 2.378200
-0.189664 -0.201771 2.446520
-0.241243 -0.422922 2.389340
-0.072908 -0.254802 2.189700
-0.016530 -0.198563 2.124330
0.134846 -0.207556 2.493610
0.192138 -0.437276 2.483260
0.060330 -0.519417 2.231870
0.013480 -0.553741 2.219220
-0.151271 -0.518433 2.444380
-0.187661 -0.651617 2.127550
-0.238441 -0.962125 2.094700
-0.225985 -1.002090 2.008880
0.021409 -0.525725 2.450910
0.129091 -0.623583 2.138760
0.163223 -0.924034 2.151830
0.175491 -0.964180 2.065760
-0.059411 -0.448610 2.451450
-0.057087 -0.396948 2.460790
-0.034395 -0.135920 2.455890
0.002095 0.068428 2.381730
-0.188986 -0.200622 2.448680
-0.240524 -0.421909 2.388850
-0.072031 -0.252943 2.191050
-0.015614 -0.197516 2.124610
0.134885 -0.206992 2.495360
0.192194 -0.437020 2.484290
0.031892 -0.516484 2.245680
-0.023807 -0.554963 2.230580
-0.151779 -0.517881 2.445430
-0.187447 -0.650876 2.128680
-0.238817 -0.961600 2.092520
-0.226340 -1.001500 2.006650
0.021223 -0.525237 2.452270
0.128402 -0.622919 2.139920
0.163665 -0.923422 2.150590
0.175982 -0.963493 2.064520
-0.059476 -0.448014 2.452970
-0.057131 -0.396317 2.462930
-0.034057 -0.135404 2.458100
0.003138 0.069326 2.384410
-0.188493 -0.199574 2.450840
-0.239984 -0.421011 2.388550
-0.071376 -0.251596 2.192260
-0.014933 -0.196883 2.125670
0.134917 -0.206481 2.497140
0.192267 -0.436808 2.485400
0.112184 -0.513718 2.213510
0.022189 -0.556239 2.200620
-0.152137 -0.517297 2.446460
-0.187247 -0.650001 2.129850
-0.239051 -0.960893 2.090290
-0.226573 -1.000730 2.004380
0.021354 -0.524524 2.453770
0.127676 -0.622366 2.141120
0.164144 -0.922895 2.149430
0.176489 -0.962900 2.063360
-0.059561 -0.447502 2.454360
-0.057208 -0.395779 2.465040
-0.033694 -0.134895 2.460630
0.003960 0.069836 2.386330
-0.188203 -0.198674 2.452830
-0.239606 -0.420537 2.388390
-0.070905 -0.250827 2.193270
-0.058565 -0.196902 2.159060
0.134964 -0.206084 2.498830
0.192329 -0.436659 2.486430
0.109728 -0.518112 2.214820
0.031464 -0.559814 2.191500
-0.152580 -0.516777 2.447470
-0.187021 -0.649126 2.130930
-0.239254 -0.959957 2.087600
-0.226792 -0.999698 2.001620
0.021485 -0.523961 2.455010
0.127127 -0.621861 2.142130
0.164532 -0.922366 2.148410
0.176898 -0.962293 2.062330
-0.059625 -0.447078 2.455560
-0.057268 -0.395319 2.466980
-0.033330 -0.134145 2.462920
0.005261 0.070649 2.388570
-0.188077 -0.197640 2.455030
-0.239341 -0.420150 2.388350
-0.073429 -0.246295 2.198310
-0.076918 -0.187430 2.184010
0.135031 -0.205785 2.500600
0.192380 -0.436535 2.487380
0.130417 -0.517844 2.206300
0.060905 -0.558253 2.174750
-0.152996 -0.516337 2.448380
-0.186818 -0.648288 2.131890
-0.239423 -0.958983 2.085240
-0.226997 -0.998635 1.999200
0.021636 -0.523520 2.456060
0.126656 -0.621383 2.142990
0.164884 -0.921802 2.147480
0.177253 -0.961652 2.061370
-0.059713 -0.446739 2.456580
-0.057373 -0.394936 2.468760
-0.033156 -0.133140 2.465080
0.006596 0.071770 2.390870
-0.188155 -0.196559 2.457430
-0.239162 -0.419731 2.388400
-0.075828 -0.241672 2.202900
-0.090800 -0.176795 2.204230
0.135052 -0.205511 2.502300
0.192423 -0.436430 2.488280
0.140174 -0.517361 2.202480
0.109894 -0.548876 2.125180
-0.153434 -0.515962 2.449190
-0.186642 -0.647515 2.132700
-0.239552 -0.958048 2.083370
-0.227192 -0.997610 1.997260
0.021765 -0.523191 2.456910
0.126281 -0.620976 2.143700
0.165192 -0.921259 2.146650
0.177536 -0.961031 2.060530
-0.059857 -0.446399 2.457770
-0.057545 -0.394495 2.470690
-0.033114 -0.131551 2.467090
0.007849 0.073105 2.393300
-0.188456 -0.195320 2.459950
-0.239147 -0.419501 2.388670
-0.079853 -0.236270 2.208630
-0.097460 -0.171538 2.212990
0.135076 -0.205285 2.503940
0.192508 -0.436328 2.489310
0.146773 -0.516710 2.200240
0.130283 -0.544491 2.106360
-0.153943 -0.515608 2.449940
-0.186475 -0.646801 2.133400
-0.239641 -0.957141 2.081790
-0.227365 -0.996647 1.995650
0.022180 -0.522982 2.459570
0.125308 -0.619926 2.145690
0.165668 -0.920414 2.145440
0.177939 -0.960126 2.059330
-0.060045 -0.446162 2.458930
-0.057720 -0.394119 2.472380
-0.032865 -0.129150 2.468710
0.009244 0.074704 2.396130
-0.188778 -0.194151 2.462300
-0.239276 -0.419308 2.389060
-0.084069 -0.230495 2.214480
-0.101823 -0.166104 2.220650
0.135075 -0.205105 2.505410
0.192579 -0.436242 2.490190
0.128717 -0.530408 2.210360
0.075272 -0.551421 2.188870
-0.154524 -0.515298 2.450610
-0.186330 -0.646204 2.133990
-0.239703 -0.956331 2.080520
-0.227520 -0.995822 1.994390
0.022490 -0.523116 2.462600
0.124279 -0.618746 2.147940
0.166137 -0.919461 2.144170
0.178300 -0.959154 2.058080
-0.060297 -0.445941 2.460360
-0.057911 -0.393658 2.474110
-0.032334 -0.124960 2.469940
0.015182 0.077839 2.406160
-0.189063 -0.193205 2.464200
-0.239452 -0.419124 2.389440
-0.089576 -0.223379 2.220210
-0.102544 -0.159469 2.227900
0.135040 -0.204952 2.506780
0.192622 -0.436148 2.490910
0.141334 -0.525193 2.206840
0.117461 -0.542564 2.147040
-0.155315 -0.514929 2.451440
-0.186156 -0.645582 2.134660
-0.239746 -0.955507 2.079340
-0.227649 -0.995040 1.993250
0.022860 -0.523389 2.466570
0.123003 -0.617254 2.150910
0.166705 -0.918339 2.142730
0.178747 -0.958081 2.056720
-0.060551 -0.445727 2.461980
-0.058042 -0.393133 2.475680
-0.030916 -0.119472 2.470300
0.018638 0.081019 2.414050
-0.189318 -0.192496 2.465670
-0.239855 -0.418393 2.389940
-0.094323 -0.214277 2.226720
-0.104617 -0.151830 2.231920
0.135030 -0.204860 2.508150
0.192660 -0.436057 2.491580
0.118729 -0.539549 2.219110
0.064915 -0.554651 2.212580
-0.156409 -0.514470 2.452680
-0.185942 -0.644807 2.135640
-0.239797 -0.954539 2.078030
-0.227773 -0.994194 1.992050
0.023225 -0.523685 2.470300
0.121778 -0.615742 2.153740
0.167303 -0.917082 2.141250
0.179233 -0.956952 2.055370
-0.060742 -0.445575 2.463470
-0.058066 -0.392650 2.476870
-0.026063 -0.111502 2.468850
0.021551 0.084129 2.421730
-0.189539 -0.191993 2.466740
-0.241121 -0.417258 2.390910
-0.140657 -0.233583 2.251770
-0.113074 -0.164215 2.234030
0.135039 -0.204858 2.509630
0.192668 -0.435934 2.492190
0.111766 -0.543141 2.222620
0.038539 -0.558458 2.244760
-0.157483 -0.514092 2.453850
-0.185748 -0.644142 2.136580
-0.239914 -0.953673 2.076850
-0.227913 -0.993518 1.991040
0.023561 -0.524017 2.473610
0.120656 -0.614186 2.156250
0.167921 -0.915666 2.139700
0.179771 -0.955772 2.054030
-0.060787 -0.445478 2.465180
-0.057899 -0.392165 2.477970
-0.021868 -0.106166 2.467840
0.024214 0.085931 2.428470
-0.189719 -0.191623 2.467530
-0.254950 -0.394641 2.377180
-0.149982 -0.235007 2.258840
-0.111425 -0.165251 2.233870
0.135061 -0.204877 2.511170
0.192665 -0.435780 2.492760
0.129783 -0.526162 2.213460
0.088397 -0.545090 2.173990
-0.158476 -0.513769 2.455080
-0.185561 -0.643470 2.137630
-0.240011 -0.952842 2.075710
-0.228002 -0.992905 1.990100
0.023976 -0.524385 2.476950
0.119374 -0.612500 2.158720
0.168586 -0.914073 2.138070
0.180403 -0.954456 2.052620
-0.060766 -0.445388 2.467330
-0.057569 -0.391634 2.479170
-0.018303 -0.102682 2.467560
0.025687 0.087117 2.433180
-0.190057 -0.191377 2.468170
-0.260912 -0.385659 2.371260
-0.155919 -0.235657 2.263620
-0.110500 -0.165177 2.234130
0.135059 -0.204932 2.512650
0.192665 -0.435596 2.493360
0.123407 -0.530514 2.217310
0.057421 -0.552916 2.215350
-0.159809 -0.513510 2.456930
-0.185327 -0.642639 2.139130
-0.240119 -0.951892 2.074370
-0.228076 -0.992203 1.988980
0.024339 -0.524709 2.480060
0.118038 -0.610861 2.161050
0.169225 -0.912482 2.136510
0.181048 -0.953131 2.051260
-0.060814 -0.445247 2.469610
-0.057208 -0.391018 2.480550
-0.014871 -0.099835 2.468570
0.026026 0.088450 2.438350
-0.190643 -0.191275 2.468650
-0.263618 -0.381585 2.368460
-0.160047 -0.234059 2.267700
-0.110217 -0.163425 2.234980
0.134987 -0.204957 2.514460
0.192655 -0.435414 2.493900
0.132498 -0.520564 2.212380
0.098147 -0.540797 2.155900
-0.161359 -0.513231 2.458980
-0.185085 -0.641805 2.140810
-0.240367 -0.950890 2.072880
-0.228197 -0.991411 1.987690
0.024519 -0.524940 2.482570
0.116898 -0.609480 2.163040
0.169776 -0.911068 2.135130
0.181713 -0.951874 2.050010
-0.061331 -0.445235 2.472210
-0.057056 -0.390471 2.482100
-0.012019 -0.097809 2.470270
0.025691 0.089549 2.443780
-0.191065 -0.191027 2.469280
-0.265197 -0.346779 2.322870
-0.115041 -0.128282 2.252620
-0.057673 -0.050672 2.231250
0.134819 -0.205055 2.516360
0.192640 -0.435252 2.494380
0.126643 -0.524000 2.215190
0.064455 -0.547060 2.203370
-0.163451 -0.512773 2.461320
-0.184833 -0.640920 2.142720
-0.240659 -0.949801 2.071320
-0.228378 -0.990496 1.986290
0.023761 -0.525371 2.485270
0.115825 -0.608064 2.165360
0.170256 -0.909675 2.133750
0.182297 -0.950599 2.048730
-0.062006 -0.445420 2.475140
-0.057091 -0.390518 2.485800
-0.004770 -0.108806 2.493380
0.024888 0.090094 2.448780
-0.191295 -0.190810 2.469890
-0.266056 -0.329822 2.301470
-0.102530 -0.090695 2.249820
-0.040196 -0.009943 2.230720
0.134550 -0.205109 2.518370
0.192580 -0.435087 2.494810
0.121055 -0.527903 2.218030
0.046416 -0.551107 2.228760
-0.165188 -0.512385 2.463280
-0.184623 -0.640152 2.144420
-0.240926 -0.948690 2.069600
-0.228467 -0.989130 1.984400
0.022808 -0.525778 2.487570
0.115000 -0.606889 2.167400
0.170645 -0.908424 2.132530
0.182930 -0.949010 2.047320
-0.063391 -0.445674 2.478730
-0.057865 -0.390857 2.491460
-0.001347 -0.113948 2.504790
0.021670 0.091759 2.458100
-0.190990 -0.190344 2.471240
-0.267226 -0.320501 2.292280
-0.092778 -0.066577 2.247480
-0.030726 0.011162 2.230710
0.134263 -0.205123 2.520750
0.192477 -0.434942 2.495180
0.113098 -0.533190 2.222010
0.033599 -0.554602 2.244900
-0.167523 -0.511601 2.465540
-0.184375 -0.639017 2.146350
-0.241199 -0.947198 2.067730
-0.228563 -0.987319 1.982330
0.020170 -0.526267 2.490430
0.114148 -0.605613 2.170100
0.170965 -0.907195 2.131270
0.183467 -0.947454 2.045870
-0.064567 -0.445963 2.481830
-0.058694 -0.391343 2.497080
0.000347 -0.116653 2.511130
0.019628 0.093721 2.465470
-0.190357 -0.190053 2.472660
-0.268726 -0.313767 2.286590
-0.087915 -0.053320 2.246630
-0.024537 0.024734 2.230970
0.134070 -0.205097 2.523410
0.192329 -0.434837 2.495500
0.115822 -0.532689 2.220840
0.075882 -0.557496 2.178390
-0.169322 -0.510983 2.467380
-0.184154 -0.637983 2.148070
-0.241420 -0.945742 2.066000
-0.228563 -0.985578 1.980450
0.018053 -0.526640 2.492590
0.113460 -0.604569 2.172240
0.171229 -0.906036 2.130150
0.183971 -0.945991 2.044600
-0.065456 -0.446267 2.484260
-0.059447 -0.391940 2.502040
0.001223 -0.118357 2.515400
0.017669 0.094181 2.470770
-0.189323 -0.189898 2.474120
-0.270690 -0.308404 2.283890
-0.084711 -0.045278 2.246610
-0.021518 0.029407 2.233940
0.133891 -0.205119 2.526250
0.192017 -0.434306 2.496540
0.117292 -0.532244 2.220930
0.100427 -0.557965 2.143910
-0.170581 -0.510522 2.468770
-0.183977 -0.637108 2.149490
-0.241548 -0.944310 2.064190
-0.228400 -0.983868 1.978510
0.016434 -0.526921 2.494140
0.112960 -0.603771 2.173840
0.171424 -0.904996 2.129190
0.184434 -0.944668 2.043510
-0.066094 -0.446528 2.486160
-0.060105 -0.392608 2.506510
0.001073 -0.119734 2.519160
0.015925 0.092777 2.475730
-0.188126 -0.189848 2.475990
-0.259794 -0.264051 2.264240
-0.082573 -0.040118 2.247790
-0.021820 0.027463 2.242920
0.133762 -0.205134 2.529680
0.191609 -0.433329 2.498420
0.129240 -0.523543 2.219440
0.118888 -0.552592 2.124230
-0.171450 -0.510182 2.469810
-0.183835 -0.636325 2.150620
-0.241607 -0.942919 2.062500
-0.228144 -0.982160 1.976670
0.015290 -0.527128 2.495220
0.112602 -0.603111 2.175030
0.171516 -0.904002 2.128350
0.184793 -0.943372 2.042550
-0.066583 -0.446729 2.487590
-0.060770 -0.393216 2.510420
0.000330 -0.120482 2.522380
0.014585 0.090968 2.480400
-0.186475 -0.189918 2.478230
-0.254326 -0.242514 2.256720
-0.082201 -0.039675 2.251500
-0.024798 0.020402 2.254270
0.133705 -0.205108 2.533540
0.191317 -0.431975 2.502140
0.123772 -0.525355 2.227150
0.072002 -0.550938 2.202850
-0.172081 -0.509896 2.470590
-0.183725 -0.635668 2.151540
-0.241571 -0.941604 2.060800
-0.227747 -0.980527 1.974830
0.014413 -0.527269 2.495990
0.112335 -0.602602 2.175900
0.171569 -0.903107 2.127620
0.185128 -0.942182 2.041720
-0.067126 -0.446852 2.488860
-0.061700 -0.393631 2.514180
-0.000890 -0.120228 2.525340
0.016093 0.096190 2.503870
-0.184838 -0.190066 2.480390
-0.251970 -0.231833 2.253260
-0.087390 -0.033084 2.269840
-0.036248 0.029401 2.286790
0.133776 -0.205128 2.537650
0.191078 -0.430841 2.505570
0.119311 -0.527069 2.233200
0.042061 -0.550154 2.253280
-0.172708 -0.509506 2.471320
-0.183629 -0.635025 2.152420
-0.241559 -0.940319 2.059170
-0.227343 -0.978958 1.973110
0.013544 -0.527349 2.496580
0.112124 -0.602151 2.176650
0.171573 -0.902266 2.126960
0.185437 -0.941075 2.040990
-0.067600 -0.446924 2.489930
-0.062643 -0.393940 2.517650
-0.002440 -0.119139 2.528440
0.015355 0.096977 2.511590
-0.183241 -0.190307 2.482330
-0.250608 -0.224573 2.251470
-0.090754 -0.030216 2.280150
-0.041158 0.032366 2.300220
0.133979 -0.205197 2.541590
0.191085 -0.429802 2.509580
0.116084 -0.528240 2.238480
0.029798 -0.549522 2.275480
-0.173220 -0.509097 2.471940
-0.183551 -0.634422 2.153210
-0.241516 -0.939138 2.057750
-0.226891 -0.977503 1.971620
0.012838 -0.527393 2.497010
0.111963 -0.601783 2.177230
0.171549 -0.901523 2.126510
0.185718 -0.940076 2.040490
-0.067937 -0.447155 2.490880
-0.063547 -0.394470 2.520850
-0.004400 -0.117164 2.532250
0.014847 0.097286 2.516360
-0.171542 -0.202971 2.483210
-0.253471 -0.215614 2.253840
-0.094765 -0.030467 2.289210
-0.043753 0.032452 2.308080
0.134372 -0.205499 2.545350
0.191868 -0.428688 2.516400
0.114317 -0.528638 2.244540
0.023519 -0.548751 2.289050
-0.173482 -0.508916 2.472360
-0.183508 -0.633934 2.153760
-0.241329 -0.938148 2.056660
-0.226057 -0.976184 1.970460
0.012326 -0.527430 2.497320
0.111850 -0.601418 2.177690
0.171486 -0.900729 2.126090
0.186145 -0.938992 2.040080
-0.068237 -0.447577 2.491850
-0.064410 -0.395182 2.523920
-0.006152 -0.114958 2.535870
0.014560 0.097314 2.519820
-0.163906 -0.210232 2.483910
-0.257401 -0.208280 2.258700
-0.098189 -0.031184 2.295830
-0.045943 0.031829 2.313810
0.134818 -0.205821 2.548560
0.192933 -0.427649 2.523140
0.113287 -0.528592 2.250340
0.019550 -0.548136 2.298180
-0.173618 -0.508797 2.472740
-0.183503 -0.633342 2.154230
-0.240990 -0.937117 2.055750
-0.224981 -0.974788 1.969520
0.011902 -0.527469 2.497560
0.111763 -0.601097 2.178070
0.171411 -0.899982 2.125780
0.186568 -0.937973 2.039800
-0.068467 -0.447986 2.492660
-0.065153 -0.395831 2.526530
-0.007543 -0.112425 2.539330
0.019719 0.106828 2.541810
-0.158341 -0.214311 2.484720
-0.261452 -0.201649 2.265510
-0.100903 -0.029798 2.301470
-0.047468 0.032296 2.318070
0.135263 -0.206123 2.551650
0.194132 -0.426705 2.529370
0.112920 -0.528182 2.255790
0.017343 -0.547476 2.304820
-0.173607 -0.508681 2.473080
-0.183510 -0.632798 2.154630
-0.240676 -0.936179 2.054990
-0.223953 -0.973523 1.968750
0.011547 -0.527493 2.497740
0.111680 -0.600791 2.178400
0.171325 -0.899249 2.125530
0.187008 -0.936977 2.039600
-0.068660 -0.448353 2.493400
-0.065872 -0.396397 2.528970
-0.008804 -0.109957 2.542860
0.022643 0.110136 2.552080
-0.154996 -0.216650 2.485300
-0.264711 -0.195764 2.271350
-0.100659 -0.026550 2.310130
-0.047019 0.033419 2.323970
0.135771 -0.206394 2.554640
0.194888 -0.426147 2.533350
0.112726 -0.527877 2.259390
0.016694 -0.546816 2.309100
-0.173510 -0.508555 2.473400
-0.183527 -0.632306 2.154990
-0.240355 -0.935337 2.054330
-0.222926 -0.972377 1.968110
0.011238 -0.527501 2.497890
0.111592 -0.600507 2.178690
0.171290 -0.898543 2.125270
0.187546 -0.935988 2.039390
-0.068922 -0.448745 2.494280
-0.066720 -0.396911 2.531620
-0.009734 -0.107592 2.546450
0.023696 0.111491 2.558470
-0.152862 -0.218100 2.485630
-0.267104 -0.191776 2.275300
-0.101311 -0.024857 2.315700
-0.047171 0.033900 2.328400
0.136163 -0.206677 2.557080
0.195468 -0.425758 2.536440
0.112627 -0.527586 2.262340
0.017235 -0.546178 2.311610
-0.173380 -0.508389 2.473760
-0.183549 -0.631787 2.155420
-0.239808 -0.934512 2.053740
-0.221544 -0.971245 1.967570
0.010820 -0.527501 2.498110
0.111462 -0.600162 2.179110
0.171256 -0.897829 2.125000
0.188100 -0.935017 2.039180
-0.069151 -0.449036 2.495130
-0.067489 -0.397242 2.534130
-0.010332 -0.104972 2.550610
0.024297 0.112263 2.562450
-0.151314 -0.218924 2.485900
-0.269122 -0.187989 2.278700
-0.102841 -0.024486 2.320000
-0.048147 0.033185 2.332300
0.136547 -0.206926 2.559340
0.195794 -0.425462 2.538410
0.112575 -0.527368 2.264280
0.018758 -0.545564 2.312340
-0.173157 -0.508079 2.474160
-0.183570 -0.631260 2.155900
-0.239260 -0.933737 2.053210
-0.220204 -0.970193 1.967100
0.010424 -0.527478 2.498340
0.111323 -0.599817 2.179540
0.171244 -0.897129 2.124710
0.188692 -0.934062 2.038950
-0.069412 -0.449267 2.495980
-0.068293 -0.397477 2.536510
-0.010728 -0.102838 2.554600
0.024286 0.111108 2.564460
-0.150163 -0.218250 2.486370
-0.270889 -0.184718 2.281930
-0.104482 -0.024457 2.323640
-0.049327 0.032129 2.335810
0.136984 -0.207228 2.561920
0.196048 -0.425235 2.539900
0.130578 -0.523403 2.262620
0.090802 -0.548452 2.223860
-0.172923 -0.507684 2.474580
-0.183593 -0.630749 2.156420
-0.238530 -0.932979 2.052680
-0.218604 -0.969180 1.966650
0.009916 -0.527427 2.498610
0.111157 -0.599439 2.180040
0.171295 -0.896399 2.124370
0.189415 -0.933068 2.038670
-0.069661 -0.449414 2.496790
-0.069071 -0.397533 2.538720
-0.011048 -0.098903 2.559950
0.023942 0.109275 2.565220
-0.149565 -0.216768 2.487060
-0.272625 -0.180963 2.285330
-0.106216 -0.024575 2.327140
-0.050681 0.030733 2.339410
0.137480 -0.207245 2.565150
0.196231 -0.425018 2.541090
0.131067 -0.522781 2.264360
0.083318 -0.546203 2.237480
-0.172665 -0.507236 2.474980
-0.183616 -0.630286 2.156910
-0.237769 -0.932306 2.052280
-0.216945 -0.968265 1.966390
0.009383 -0.527334 2.498910
0.110940 -0.599032 2.180580
0.171358 -0.895654 2.124020
0.190177 -0.932061 2.038390
-0.069918 -0.449511 2.497550
-0.069755 -0.397562 2.540700
-0.011281 -0.096209 2.564300
0.023536 0.107119 2.565360
-0.149219 -0.214208 2.488870
-0.273740 -0.177610 2.289200
-0.108221 -0.025084 2.330300
-0.052494 0.028952 2.342690
0.137888 -0.207294 2.568090
0.196440 -0.424790 2.542250
0.137231 -0.521032 2.264600
0.119624 -0.547876 2.190890
-0.172420 -0.506759 2.475330
-0.183637 -0.629871 2.157370
-0.236968 -0.931684 2.051930
-0.215472 -0.967468 1.966150
0.008781 -0.527212 2.499240
0.110716 -0.598630 2.181140
0.171451 -0.894941 2.123730
0.190853 -0.931119 2.038170
-0.070232 -0.449264 2.498540
-0.070458 -0.396976 2.543060
-0.010980 -0.091556 2.570140
0.024440 0.106170 2.568080
-0.149394 -0.210230 2.491650
-0.274405 -0.174611 2.292750
-0.110321 -0.025451 2.333020
-0.055947 0.026744 2.346820
0.138408 -0.207195 2.571620
0.196598 -0.424622 2.543120
0.134645 -0.521043 2.267000
0.084147 -0.544486 2.241390
-0.172041 -0.505272 2.475890
-0.183647 -0.629355 2.158020
-0.236288 -0.931023 2.051500
-0.214261 -0.966670 1.965830
0.008110 -0.526970 2.499670
0.110434 -0.598183 2.181840
0.171525 -0.894251 2.123460
0.191459 -0.930232 2.037980
-0.070580 -0.448918 2.499550
-0.071074 -0.396435 2.545220
-0.010922 -0.088979 2.574880
0.024935 0.105174 2.569720
-0.149254 -0.205760 2.496050
-0.274074 -0.171916 2.297110
-0.112784 -0.025591 2.336970
-0.058520 0.025402 2.350580
0.139042 -0.207187 2.575280
0.196761 -0.424386 2.543930
0.135893 -0.519221 2.267330
0.098844 -0.541922 2.213090
-0.171712 -0.503726 2.476400
-0.183667 -0.628887 2.158600
-0.235572 -0.930370 2.051050
-0.213175 -0.965921 1.965480
0.007347 -0.526668 2.500150
0.110103 -0.597688 2.182600
0.171601 -0.893525 2.123180
0.191971 -0.929344 2.037770
-0.070882 -0.448483 2.500510
-0.071571 -0.395904 2.547130
-0.010840 -0.087333 2.578830
0.025269 0.104437 2.570960
-0.149351 -0.201986 2.499970
-0.273779 -0.169634 2.300970
-0.115780 -0.025260 2.344570
-0.061621 0.024349 2.357470
0.139651 -0.207144 2.578890
0.196899 -0.424192 2.544590
0.131703 -0.519497 2.269770
0.064235 -0.540013 2.263730
-0.171343 -0.502154 2.476800
-0.183676 -0.628438 2.159150
-0.234871 -0.929771 2.050700
-0.212156 -0.965238 1.965230
0.006642 -0.526339 2.500620
0.109781 -0.597226 2.183320
0.171678 -0.892830 2.122920
0.192442 -0.928508 2.037570
-0.071130 -0.448052 2.501350
-0.071951 -0.395478 2.548770
-0.010494 -0.086454 2.582880
0.025079 0.103425 2.571660
-0.149366 -0.199323 2.502950
-0.273788 -0.167364 2.304820
-0.110426 -0.014426 2.360540
-0.057664 0.031901 2.371670
0.140232 -0.207007 2.582140
0.197108 -0.423971 2.545400
0.133136 -0.518888 2.270330
0.093563 -0.544127 2.223000
-0.170995 -0.500753 2.477090
-0.183687 -0.628056 2.159620
-0.234223 -0.929231 2.050400
-0.211235 -0.964622 1.965030
0.006019 -0.526018 2.501030
0.109484 -0.596781 2.183970
0.171741 -0.892136 2.122660
0.192868 -0.927686 2.037380
-0.071372 -0.447494 2.502290
-0.072278 -0.395009 2.550430
-0.010249 -0.086012 2.586300
0.024878 0.102469 2.572400
-0.149388 -0.197299 2.505570
-0.273722 -0.165458 2.308250
-0.110170 -0.011881 2.367250
-0.057492 0.034025 2.379610
0.140734 -0.206813 2.585000
0.197290 -0.423731 2.546200
0.129761 -0.519442 2.272740
0.064262 -0.542448 2.269040
-0.170674 -0.499327 2.477400
-0.183696 -0.627732 2.160020
-0.233551 -0.928692 2.050130
-0.210354 -0.964024 1.964850
0.005437 -0.525653 2.501460
0.109190 -0.596363 2.184610
0.171796 -0.891481 2.122420
0.193229 -0.926932 2.037200
-0.071587 -0.446753 2.503200
-0.072524 -0.394407 2.551990
-0.010277 -0.085242 2.589460
0.027984 0.102952 2.583650
-0.149732 -0.194827 2.508900
-0.273614 -0.164152 2.311330
-0.110083 -0.010302 2.371540
-0.057453 0.035566 2.385190
0.141122 -0.206674 2.587440
0.197456 -0.423537 2.546940
0.133378 -0.518786 2.272820
0.100503 -0.545948 2.222690
-0.170334 -0.497622 2.477670
-0.183712 -0.627466 2.160350
-0.232898 -0.928171 2.049840
-0.209603 -0.963472 1.964640
0.004934 -0.525243 2.501830
0.108922 -0.595983 2.185180
0.171848 -0.890857 2.122190
0.193510 -0.926227 2.037020
-0.071772 -0.446082 2.503990
-0.072734 -0.393919 2.553310
-0.010324 -0.084887 2.592160
0.028648 0.102447 2.587850
-0.149881 -0.192856 2.511780
-0.273661 -0.163062 2.314450
-0.110381 -0.009791 2.375190
-0.057728 0.036103 2.389910
0.141458 -0.206574 2.589770
0.197635 -0.423355 2.547720
0.129822 -0.518843 2.274950
0.067586 -0.541660 2.269740
-0.170061 -0.496217 2.477860
-0.183729 -0.627237 2.160650
-0.232235 -0.927678 2.049540
-0.208860 -0.962951 1.964410
0.004467 -0.524827 2.502170
0.108680 -0.595636 2.185700
0.171889 -0.890268 2.121970
0.193754 -0.925572 2.036850
-0.071950 -0.445481 2.504660
-0.072941 -0.393507 2.554440
-0.010443 -0.084189 2.595130
0.029177 0.102138 2.590990
-0.149967 -0.191391 2.514120
-0.274054 -0.161929 2.317680
-0.110867 -0.009861 2.378050
-0.058047 0.036184 2.393560
0.141736 -0.206565 2.591840
0.197785 -0.423202 2.548370
0.126851 -0.518924 2.276580
0.052739 -0.539703 2.290860
-0.169843 -0.494984 2.478020
-0.183743 -0.627043 2.160910
-0.231639 -0.927221 2.049260
-0.208198 -0.962467 1.964210
0.003976 -0.524433 2.502430
0.108479 -0.595323 2.186130
0.171927 -0.889694 2.121780
0.193976 -0.924936 2.036710
-0.072093 -0.444967 2.505220
-0.073083 -0.393215 2.555420
-0.010436 -0.084086 2.598150
0.028402 0.101114 2.592430
-0.149728 -0.190111 2.516730
-0.274572 -0.161203 2.321700
-0.112425 -0.011296 2.380670
-0.059049 0.035491 2.396680
0.142007 -0.206530 2.593710
0.198006 -0.422775 2.549460
0.124524 -0.518754 2.278390
0.044480 -0.538215 2.303580
-0.169641 -0.493973 2.478110
-0.183758 -0.626883 2.161140
-0.231097 -0.926809 2.049010
-0.207642 -0.962037 1.964010
0.003525 -0.524059 2.502650
0.108303 -0.595042 2.186520
0.171971 -0.889147 2.121590
0.194159 -0.924335 2.036560
-0.072227 -0.444519 2.505690
-0.073221 -0.392972 2.556290
-0.010438 -0.083731 2.601020
0.025000 0.097878 2.591020
-0.149448 -0.189046 2.519120
-0.275288 -0.160546 2.325640
-0.113759 -0.012514 2.382530
-0.059905 0.034861 2.398950
0.142229 -0.206555 2.595490
0.198175 -0.422389 2.550380
0.122796 -0.518616 2.279710
0.039601 -0.537323 2.311110
-0.169478 -0.493146 2.478170
-0.183777 -0.626742 2.161330
-0.230560 -0.926421 2.048780
-0.207100 -0.961630 1.963830
0.003067 -0.523690 2.502850
0.108156 -0.594786 2.186890
0.172008 -0.888638 2.121430
0.194315 -0.923777 2.036440
-0.072344 -0.444127 2.506100
-0.073352 -0.392767 2.557080
-0.010451 -0.083369 2.603520
0.021712 0.094970 2.589130
-0.149170 -0.188227 2.521130
-0.276158 -0.159967 2.329250
-0.115161 -0.013632 2.383970
-0.060852 0.034212 2.400740
0.142420 -0.206588 2.597240
0.198319 -0.422051 2.551170
0.121626 -0.518682 2.280750
0.036519 -0.536866 2.316000
-0.169328 -0.492426 2.478210
-0.183801 -0.626624 2.161500
-0.230055 -0.926058 2.048550
-0.206582 -0.961247 1.963650
0.002652 -0.523358 2.503020
0.108035 -0.594557 2.187220
0.172038 -0.888155 2.121270
0.194458 -0.923254 2.036310
-0.072460 -0.443740 2.506490
-0.073473 -0.392563 2.557860
-0.010416 -0.083030 2.605680
0.018970 0.092724 2.587290
-0.148904 -0.187533 2.522900
-0.276922 -0.159382 2.332310
-0.117430 -0.015395 2.385250
-0.062636 0.032882 2.402380
0.142571 -0.206645 2.598710
0.198433 -0.421761 2.551840
0.132905 -0.516447 2.278720
0.095445 -0.540789 2.239480
-0.169202 -0.491754 2.478230
-0.183823 -0.626525 2.161640
-0.229559 -0.925701 2.048320
-0.206089 -0.960871 1.963470
0.002257 -0.523028 2.503180
0.107919 -0.594336 2.187540
0.172061 -0.887684 2.121100
0.194574 -0.922749 2.036190
-0.072569 -0.443388 2.506830
-0.073587 -0.392380 2.558560
-0.010384 -0.082672 2.607560
0.016816 0.091085 2.585780
-0.148673 -0.186975 2.524380
-0.277587 -0.158858 2.334820
-0.119258 -0.016751 2.386250
-0.064252 0.031690 2.403700
0.142669 -0.206718 2.599930
0.198502 -0.421495 2.552350
0.131996 -0.517522 2.280030
0.081452 -0.542116 2.260220
-0.169097 -0.491143 2.478240
-0.183845 -0.626439 2.161770
-0.229159 -0.925378 2.048130
-0.205696 -0.960532 1.963330
0.001888 -0.522713 2.503310
0.107815 -0.594141 2.187820
0.172052 -0.887261 2.121010
0.194641 -0.922297 2.036130
-0.072659 -0.443016 2.507170
-0.073674 -0.392181 2.559250
-0.010337 -0.082380 2.609060
0.012456 0.089147 2.582770
-0.148469 -0.186528 2.525620
-0.278087 -0.158493 2.336750
-0.120734 -0.017858 2.387080
-0.065716 0.030594 2.404820
0.142773 -0.206805 2.601030
0.198550 -0.421269 2.552790
0.130433 -0.518534 2.281320
0.068704 -0.542440 2.278160
-0.168992 -0.490542 2.478250
-0.183862 -0.626361 2.161890
-0.228813 -0.925029 2.047860
-0.205356 -0.960167 1.963100
0.001572 -0.522396 2.503420
0.107720 -0.593961 2.188090
0.172041 -0.886862 2.120910
0.194698 -0.921873 2.036070
-0.072756 -0.442627 2.507510
-0.073769 -0.391963 2.559930
-0.010307 -0.082094 2.610330
0.009685 0.087916 2.580920
-0.148278 -0.186143 2.526690
-0.278471 -0.158225 2.338270
-0.121853 -0.018687 2.387680
-0.066944 0.029680 2.405660
0.142849 -0.206905 2.601950
0.198558 -0.421039 2.553180
0.128682 -0.519276 2.282450
0.059318 -0.542148 2.290950
-0.168911 -0.489887 2.478270
-0.183876 -0.626290 2.162000
-0.228487 -0.924660 2.047570
-0.205041 -0.959782 1.962850
0.001273 -0.522076 2.503530
0.107637 -0.593791 2.188350
0.172025 -0.886477 2.120810
0.194741 -0.921468 2.036000
-0.072847 -0.442273 2.507810
-0.073862 -0.391772 2.560520
-0.010304 -0.081891 2.611340
0.007743 0.087092 2.579620
-0.148108 -0.185849 2.527560
-0.278782 -0.158018 2.339510
-0.122735 -0.019315 2.388160
-0.068001 0.028914 2.406340
0.142923 -0.207002 2.602810
0.198501 -0.420425 2.553870
0.127032 -0.519585 2.283790
0.052668 -0.541315 2.300620
-0.168847 -0.489307 2.478280
-0.183869 -0.626207 2.162130
-0.228221 -0.924262 2.047230
-0.204779 -0.959367 1.962560
0.001003 -0.521776 2.503620
0.107565 -0.593634 2.188580
0.172036 -0.886103 2.120730
0.194809 -0.921071 2.035950
-0.072930 -0.441962 2.508070
-0.073957 -0.391603 2.561060
-0.010310 -0.081675 2.612180
0.005486 0.086333 2.577570
-0.147990 -0.185630 2.528230
-0.279044 -0.157880 2.340450
-0.123437 -0.019880 2.388560
-0.068903 0.028171 2.406910
0.142989 -0.207085 2.603620
0.198435 -0.419960 2.554370
0.125568 -0.519746 2.284760
0.048158 -0.540621 2.306910
-0.168797 -0.488816 2.478290
-0.183855 -0.626122 2.162270
-0.227990 -0.923873 2.046900
-0.204541 -0.958961 1.962270
0.000768 -0.521514 2.503690
0.107497 -0.593481 2.188800
0.172048 -0.885721 2.120670
0.194883 -0.920666 2.035920
-0.073003 -0.441686 2.508310
-0.074039 -0.391469 2.561520
-0.010298 -0.081634 2.612920
0.003714 0.085779 2.575830
-0.147891 -0.185478 2.528770
-0.279227 -0.157782 2.341150
-0.123936 -0.020321 2.388940
-0.069602 0.027543 2.407450
0.143057 -0.207153 2.604290
0.198341 -0.419650 2.554630
0.124224 -0.519909 2.285290
0.045061 -0.540194 2.310840
-0.168761 -0.488391 2.478300
-0.183841 -0.626042 2.162400
-0.227794 -0.923520 2.046630
-0.204339 -0.958590 1.962030
0.000562 -0.521272 2.503750
0.107434 -0.593328 2.188980
0.172055 -0.885331 2.120620
0.194946 -0.920253 2.035910
-0.073070 -0.441447 2.508500
-0.074112 -0.391358 2.561920
-0.010293 -0.081619 2.613500
0.002444 0.085347 2.574470
-0.147824 -0.185374 2.529190
-0.279343 -0.157733 2.341650
-0.124269 -0.020628 2.389220
-0.070260 0.026905 2.408030
0.143110 -0.207212 2.604830
0.198173 -0.419399 2.554710
0.122775 -0.520043 2.285420
0.042783 -0.539890 2.313400
-0.168735 -0.488030 2.478300
-0.183820 -0.625961 2.162520
-0.227577 -0.923173 2.046380
-0.204119 -0.958224 1.961810
0.000383 -0.521060 2.503790
0.107379 -0.593193 2.189150
0.172064 -0.884958 2.120590
0.195004 -0.919858 2.035920
-0.073118 -0.441222 2.508670
-0.074168 -0.391230 2.562260
-0.010289 -0.081499 2.613880
0.001488 0.085069 2.573250
-0.147781 -0.185302 2.529480
-0.279350 -0.157776 2.341940
-0.124476 -0.020835 2.389390
-0.070604 0.026585 2.408340
0.143150 -0.207256 2.605280
0.198102 -0.419566 2.554750
0.121657 -0.520354 2.285430
0.041224 -0.539771 2.315170
-0.168694 -0.487674 2.478290
-0.183789 -0.625880 2.162640
-0.227342 -0.922828 2.046130
-0.203873 -0.957860 1.961600
0.000242 -0.520870 2.503810
0.107337 -0.593073 2.189280
0.172063 -0.884607 2.120570
0.195052 -0.919489 2.035940
-0.073148 -0.441045 2.508820
-0.074228 -0.391138 2.562550
-0.010324 -0.081546 2.614090
0.000884 0.084898 2.572470
-0.147840 -0.185594 2.529410
-0.279297 -0.159007 2.341270
-0.124602 -0.021750 2.388940
-0.070958 0.025908 2.408320
0.143182 -0.207292 2.605640
0.198014 -0.419730 2.554730
0.120718 -0.520595 2.285320
0.040065 -0.539676 2.316420
-0.168661 -0.487437 2.478290
-0.183753 -0.625805 2.162740
-0.227119 -0.922454 2.045800
-0.203595 -0.957464 1.961320
0.000151 -0.520729 2.503850
0.107293 -0.592957 2.189420
0.172066 -0.884251 2.120530
0.195134 -0.919114 2.035940
-0.073170 -0.440904 2.508940
-0.074297 -0.391062 2.562790
-0.010369 -0.081645 2.614200
0.000433 0.084739 2.571830
-0.148512 -0.186834 2.528030
-0.279135 -0.164753 2.336870
-0.124922 -0.025213 2.386590
-0.071540 0.024044 2.407510
0.143203 -0.207320 2.605920
0.197967 -0.419920 2.554750
0.122876 -0.518433 2.283220
0.083004 -0.539358 2.237130
-0.168646 -0.487297 2.478290
-0.183716 -0.625739 2.162840
-0.226926 -0.922109 2.045520
-0.203294 -0.957087 1.961080
0.000094 -0.520619 2.503880
0.107259 -0.592841 2.189540
0.172072 -0.883881 2.120470
0.195264 -0.918719 2.035940
-0.073166 -0.440831 2.509030
-0.074341 -0.391038 2.562960
-0.010411 -0.081803 2.614190
0.000641 0.084611 2.571390
-0.149752 -0.188969 2.524960
-0.279240 -0.177995 2.328610
-0.092152 -0.013061 2.366750
-0.029104 0.045119 2.385120
0.143221 -0.207345 2.606140
0.197928 -0.420101 2.554770
0.122913 -0.518069 2.282840
0.034767 -0.565823 2.191400
-0.168608 -0.487291 2.478230
-0.183681 -0.625670 2.162920
-0.226787 -0.921874 2.045350
-0.203002 -0.956803 1.960960
0.000098 -0.520560 2.503900
0.107241 -0.592751 2.189600
0.172079 -0.883507 2.120410
0.195451 -0.918307 2.035960
-0.073142 -0.440758 2.509110
-0.074348 -0.391020 2.563110
-0.010349 -0.083011 2.613220
0.011745 0.089583 2.581340
-0.151972 -0.190065 2.523800
-0.273412 -0.213082 2.319700
-0.080630 -0.009399 2.349670
-0.018086 0.054288 2.370050
0.143236 -0.207366 2.606320
0.197884 -0.420315 2.554760
0.122687 -0.517843 2.282580
0.031073 -0.554422 2.241530
-0.168594 -0.487305 2.478180
-0.183618 -0.625558 2.163020
-0.226743 -0.921626 2.045430
-0.202903 -0.956526 1.961100
0.000180 -0.520513 2.503950
0.107222 -0.592672 2.189670
0.172091 -0.883152 2.120340
0.195545 -0.917945 2.035930
-0.073103 -0.440700 2.509170
-0.074321 -0.391017 2.563220
-0.009914 -0.085712 2.610730
0.018281 0.092560 2.587200
-0.154332 -0.191042 2.523220
-0.268845 -0.228868 2.315440
-0.074600 -0.007638 2.339550
-0.011735 0.060213 2.359060
0.143246 -0.207395 2.606430
0.197970 -0.421359 2.554830
0.122262 -0.517956 2.282470
0.030154 -0.548710 2.272480
-0.168617 -0.487437 2.478000
-0.183562 -0.625450 2.163110
-0.226725 -0.921422 2.045570
-0.202878 -0.956301 1.961290
0.000363 -0.520491 2.504000
0.107210 -0.592615 2.189710
0.172109 -0.882823 2.120260
0.195599 -0.917618 2.035900
-0.073000 -0.440641 2.509180
-0.074214 -0.390997 2.563250
-0.009466 -0.087569 2.606720
0.022026 0.094987 2.590770
-0.157243 -0.192107 2.522740
-0.256440 -0.267634 2.315820
-0.076377 -0.017845 2.325100
-0.013361 0.059733 2.344080
0.143243 -0.207421 2.606490
0.197915 -0.422038 2.554670
0.121569 -0.518270 2.282310
0.029714 -0.545591 2.289410
-0.168649 -0.487744 2.477640
-0.183519 -0.625379 2.163130
-0.226790 -0.921238 2.045810
-0.202979 -0.956104 1.961600
0.000839 -0.520485 2.503980
0.107235 -0.592598 2.189730
0.172127 -0.882636 2.120240
0.195633 -0.917435 2.035900
-0.072787 -0.440543 2.509090
-0.073900 -0.390869 2.563090
-0.008636 -0.088130 2.601130
0.024475 0.096865 2.592580
-0.160383 -0.192852 2.522730
-0.251185 -0.282137 2.315860
-0.081629 -0.060497 2.305980
-0.067111 0.006721 2.310880
0.143223 -0.207458 2.606490
0.197829 -0.422640 2.554440
0.120853 -0.518643 2.282140
0.029633 -0.543665 2.299680
-0.168680 -0.488098 2.477210
-0.183477 -0.625317 2.163140
-0.226951 -0.921056 2.046030
-0.203262 -0.955908 1.961880
0.001549 -0.520472 2.503880
0.107280 -0.592608 2.189700
0.172131 -0.882492 2.120210
0.195632 -0.917293 2.035890
-0.072419 -0.440381 2.508750
-0.073289 -0.390542 2.562490
-0.007990 -0.087168 2.594000
0.026216 0.099226 2.592910
-0.164001 -0.193539 2.523310
-0.239913 -0.304783 2.322590
-0.088717 -0.091413 2.285170
-0.088061 -0.024476 2.289250
0.143179 -0.207503 2.606380
0.197716 -0.423212 2.554120
0.120266 -0.519162 2.281940
0.029795 -0.542592 2.306170
-0.168714 -0.488638 2.476490
-0.183424 -0.625270 2.163040
-0.227246 -0.920901 2.046340
-0.203835 -0.955750 1.962270
0.002460 -0.520455 2.503630
0.107394 -0.592712 2.189580
0.172136 -0.882401 2.120200
0.195607 -0.917199 2.035890
-0.071989 -0.440207 2.508300
-0.072538 -0.390147 2.561690
-0.007291 -0.086005 2.588070
0.027575 0.101493 2.591300
-0.167107 -0.194094 2.524080
-0.240436 -0.352136 2.366230
-0.104893 -0.121567 2.281190
-0.103413 -0.048058 2.285410
0.143111 -0.207532 2.606140
0.197610 -0.423709 2.553800
0.119751 -0.519654 2.281770
0.029968 -0.541865 2.310550
-0.168746 -0.489265 2.475670
-0.183364 -0.625237 2.162850
-0.227627 -0.920756 2.046720
-0.204595 -0.955612 1.962730
0.003349 -0.520445 2.503360
0.107519 -0.592834 2.189440
0.172138 -0.882331 2.120180
0.195534 -0.917125 2.035880
-0.071509 -0.440007 2.507720
-0.071653 -0.389561 2.560610
-0.006772 -0.083649 2.580960
0.028521 0.103325 2.589140
-0.169758 -0.194558 2.524900
-0.239530 -0.385002 2.404000
-0.110151 -0.142441 2.280740
-0.137447 -0.088419 2.269870
0.143001 -0.207559 2.605660
0.197507 -0.424127 2.553460
0.119299 -0.520099 2.281610
0.030152 -0.541349 2.313600
-0.168775 -0.489880 2.474860
-0.183292 -0.625226 2.162620
-0.228081 -0.920625 2.047150
-0.205534 -0.955511 1.963270
0.004216 -0.520441 2.503070
0.107646 -0.592980 2.189270
0.172142 -0.882276 2.120170
0.195436 -0.917073 2.035860
-0.070827 -0.439737 2.506860
-0.070466 -0.388821 2.559120
-0.006176 -0.081581 2.574990
0.028067 0.105665 2.580550
-0.172951 -0.194967 2.526010
-0.240314 -0.433027 2.453090
-0.127507 -0.190327 2.300690
-0.151480 -0.135087 2.292390
0.142859 -0.207530 2.605030
0.197455 -0.425138 2.552720
0.118772 -0.520874 2.281200
0.030430 -0.541106 2.315630
-0.168763 -0.490590 2.473920
-0.183216 -0.625267 2.162250
-0.228683 -0.920523 2.047640
-0.206779 -0.955460 1.963850
0.005371 -0.520447 2.502650
0.107820 -0.593203 2.188970
0.172143 -0.882237 2.120170
0.195238 -0.917054 2.035830
-0.070192 -0.439476 2.505990
-0.069360 -0.388132 2.557680
-0.005746 -0.080178 2.570440
0.027543 0.106806 2.572030
-0.176081 -0.195132 2.527410
-0.235888 -0.408103 2.439410
-0.123010 -0.182342 2.296510
-0.106277 -0.127758 2.266020
0.142705 -0.207493 2.604260
0.197502 -0.426366 2.551940
0.118320 -0.521683 2.280780
0.030882 -0.541067 2.316840
-0.168789 -0.491298 2.472950
-0.183140 -0.625355 2.161790
-0.229259 -0.920465 2.048180
-0.208040 -0.955470 1.964480
0.006376 -0.520468 2.502270
0.107978 -0.593401 2.188680
0.172141 -0.882204 2.120160
0.194962 -0.917034 2.035790
-0.069549 -0.439305 2.504930
-0.068280 -0.387676 2.556070
-0.005403 -0.079999 2.566490
0.027144 0.104614 2.563340
-0.178520 -0.195398 2.528500
-0.236439 -0.438195 2.464040
-0.129802 -0.204719 2.303250
-0.115718 -0.152988 2.276720
0.142369 -0.207399 2.602840
0.197575 -0.427638 2.551210
0.117922 -0.522478 2.280360
0.031438 -0.541202 2.317380
-0.168869 -0.492325 2.471600
-0.183055 -0.625621 2.160890
-0.229774 -0.920507 2.048750
-0.209244 -0.955610 1.965130
0.007312 -0.520534 2.501850
0.108177 -0.593647 2.188310
0.172143 -0.882180 2.120150
0.194670 -0.917033 2.035730
-0.068928 -0.439151 2.503860
-0.067303 -0.387228 2.554510
-0.005402 -0.079901 2.562420
0.027120 0.103167 2.556890
-0.180739 -0.195809 2.529240
-0.236536 -0.444622 2.469420
-0.131509 -0.211988 2.305530
-0.113659 -0.159541 2.282110
0.141975 -0.207237 2.601200
0.197656 -0.428776 2.550570
0.117626 -0.523302 2.279980
0.032111 -0.541529 2.317390
-0.168922 -0.493304 2.470360
-0.182986 -0.625899 2.159960
-0.230648 -0.920660 2.050600
-0.210908 -0.955896 1.966990
0.008261 -0.520607 2.501430
0.108384 -0.593911 2.187930
0.172150 -0.882161 2.120140
0.194392 -0.917049 2.035670
-0.068191 -0.439027 2.502670
-0.066283 -0.386919 2.552950
-0.005361 -0.080174 2.559370
0.025771 0.101086 2.548930
-0.183105 -0.196290 2.529780
-0.237870 -0.421740 2.453120
-0.124178 -0.199897 2.299460
-0.101272 -0.140691 2.286320
0.141510 -0.206992 2.599210
0.197719 -0.429771 2.550000
0.117377 -0.524131 2.279620
0.032795 -0.541991 2.317040
-0.168915 -0.494333 2.469130
-0.182942 -0.626164 2.158890
-0.231463 -0.920772 2.052450
-0.212468 -0.956115 1.968810
0.009650 -0.520741 2.500740
0.108726 -0.594340 2.187260
0.172156 -0.882153 2.120140
0.194078 -0.917109 2.035630
-0.067534 -0.438931 2.501600
-0.065415 -0.386712 2.551610
-0.005377 -0.080919 2.556830
0.023790 0.098347 2.539470
-0.184978 -0.196655 2.530110
-0.238070 -0.418482 2.450150
-0.123564 -0.200216 2.292940
-0.098214 -0.140975 2.287650
0.141048 -0.206678 2.597230
0.197802 -0.430698 2.549590
0.153392 -0.506915 2.265310
0.117470 -0.525738 2.221850
-0.168900 -0.495261 2.468050
-0.182910 -0.626419 2.157880
-0.232210 -0.920869 2.054180
-0.213872 -0.956303 1.970470
0.010895 -0.520863 2.500130
0.109044 -0.594743 2.186630
0.172164 -0.882149 2.120130
0.193753 -0.917177 2.035570
-0.066932 -0.438859 2.500610
-0.064643 -0.386594 2.550410
-0.005574 -0.082634 2.554220
0.022058 0.094963 2.531860
-0.186765 -0.196943 2.530240
-0.238358 -0.417861 2.448710
-0.123741 -0.201686 2.289710
-0.096387 -0.142055 2.289240
0.140455 -0.206258 2.594940
0.197908 -0.431543 2.549320
0.164965 -0.501397 2.260870
0.119177 -0.544469 2.165890
-0.168887 -0.496132 2.467060
-0.182891 -0.626671 2.156880
-0.232598 -0.920973 2.055430
-0.214765 -0.956476 1.971630
0.012073 -0.520982 2.499550
0.109333 -0.595118 2.186020
0.172171 -0.882146 2.120130
0.193416 -0.917244 2.035530
-0.066380 -0.438862 2.499710
-0.063966 -0.386613 2.549310
-0.005918 -0.084840 2.551810
0.020757 0.092817 2.526940
-0.188277 -0.197179 2.530190
-0.238528 -0.417595 2.447340
-0.123956 -0.202778 2.287090
-0.095398 -0.143154 2.290810
0.139928 -0.205830 2.592790
0.198010 -0.432251 2.549130
0.172082 -0.497992 2.258160
0.122688 -0.549648 2.145620
-0.168902 -0.497121 2.466050
-0.182890 -0.626968 2.155790
-0.233019 -0.921099 2.056940
-0.215678 -0.956669 1.973020
0.013303 -0.521220 2.499050
0.109592 -0.595428 2.185450
0.172177 -0.882140 2.120120
0.193085 -0.917282 2.035490
-0.065876 -0.438928 2.498850
-0.063381 -0.386745 2.548280
-0.006505 -0.087058 2.549790
0.019375 0.091061 2.522830
-0.189634 -0.197409 2.529950
-0.238582 -0.417560 2.445840
-0.124152 -0.203490 2.284860
-0.094951 -0.144226 2.292400
0.139261 -0.205391 2.590440
0.198017 -0.432986 2.548600
0.144053 -0.515258 2.265850
0.082507 -0.569431 2.197900
-0.168879 -0.498221 2.465050
-0.182871 -0.627362 2.154690
-0.233413 -0.921270 2.058310
-0.216520 -0.956896 1.974270
0.014403 -0.521449 2.498580
0.109845 -0.595717 2.184890
0.172183 -0.882136 2.120120
0.192741 -0.917319 2.035460
-0.065398 -0.439023 2.498050
-0.062883 -0.386924 2.547370
-0.007121 -0.088979 2.548250
0.017203 0.089912 2.518110
-0.191034 -0.197659 2.529410
-0.238799 -0.417940 2.444290
-0.124276 -0.204324 2.282940
-0.095120 -0.145093 2.292630
0.138657 -0.205016 2.588320
0.197952 -0.433722 2.547850
0.129680 -0.561778 2.353120
0.060310 -0.610546 2.312370
-0.168801 -0.499368 2.464080
-0.182874 -0.627795 2.153590
-0.233712 -0.921453 2.059480
-0.217181 -0.957120 1.975330
0.015537 -0.521666 2.498150
0.110073 -0.595967 2.184360
0.172188 -0.882131 2.120120
0.192421 -0.917340 2.035430
-0.064987 -0.439196 2.497280
-0.062488 -0.387249 2.546430
-0.008117 -0.091581 2.546510
0.015417 0.088817 2.514290
-0.192757 -0.198290 2.528130
-0.239306 -0.418513 2.442660
-0.124452 -0.205182 2.281150
-0.096558 -0.146080 2.292140
0.138002 -0.204701 2.585960
0.197417 -0.434603 2.545240
0.125568 -0.591210 2.395180
0.050732 -0.641943 2.388520
-0.168756 -0.500582 2.463200
-0.182888 -0.628254 2.152580
-0.233925 -0.921608 2.060260
-0.217669 -0.957310 1.976030
0.016497 -0.521908 2.497720
0.110324 -0.596185 2.183810
0.172202 -0.882116 2.120140
0.192139 -0.917343 2.035460
-0.064688 -0.439388 2.496600
-0.062229 -0.387644 2.545590
-0.009518 -0.094358 2.545040
0.013410 0.087413 2.510570
-0.194305 -0.198886 2.526820
-0.239875 -0.419069 2.440570
-0.124591 -0.206313 2.278250
-0.098436 -0.147294 2.291070
0.137149 -0.204410 2.583330
0.196678 -0.435409 2.542200
0.179814 -0.637974 2.463560
0.103124 -0.686128 2.468810
-0.168784 -0.501701 2.462490
-0.182900 -0.628664 2.151740
-0.234058 -0.921729 2.060800
-0.218026 -0.957457 1.976520
0.017236 -0.522109 2.497340
0.110583 -0.596358 2.183310
0.172209 -0.882099 2.120160
0.191805 -0.917331 2.035490
-0.064449 -0.439575 2.495960
-0.062045 -0.388041 2.544820
-0.010682 -0.096527 2.543990
0.011522 0.086597 2.507400
-0.195584 -0.199349 2.525650
-0.240453 -0.419490 2.438550
-0.124668 -0.207804 2.274450
-0.101564 -0.148796 2.288730
0.136483 -0.204207 2.581080
0.196064 -0.435784 2.539810
0.216744 -0.659342 2.495730
0.126298 -0.703322 2.500610
-0.168818 -0.502633 2.461920
-0.182920 -0.629006 2.151040
-0.234155 -0.921805 2.061160
-0.218295 -0.957559 1.976840
0.017868 -0.522285 2.496920
0.110893 -0.596534 2.182770
0.172217 -0.882084 2.120180
0.191485 -0.917323 2.035520
-0.064284 -0.439787 2.495340
-0.061966 -0.388488 2.544050
-0.012320 -0.098616 2.542900
0.009777 0.086094 2.504690
-0.196661 -0.199741 2.524550
-0.240968 -0.419717 2.436340
-0.124609 -0.209311 2.269900
-0.105179 -0.150123 2.284420
0.135840 -0.203995 2.578790
0.195332 -0.435520 2.537280
0.189683 -0.639330 2.455020
0.122120 -0.698669 2.486140
-0.168868 -0.503466 2.461450
-0.182931 -0.629348 2.150460
-0.234214 -0.921881 2.061420
-0.218500 -0.957657 1.977060
0.018387 -0.522452 2.496490
0.111239 -0.596738 2.182230
0.172222 -0.882078 2.120200
0.191138 -0.917336 2.035560
-0.064201 -0.439990 2.494740
-0.062017 -0.388923 2.543280
-0.014510 -0.100550 2.541660
0.008301 0.085736 2.501940
-0.197595 -0.199808 2.523560
-0.241615 -0.420047 2.434000
-0.124607 -0.210439 2.266500
-0.107705 -0.151083 2.279950
0.135221 -0.203785 2.576680
0.194710 -0.435142 2.535170
0.189381 -0.639888 2.452530
0.120139 -0.695207 2.475970
-0.168926 -0.504152 2.461060
-0.182938 -0.629641 2.149980
-0.234249 -0.921946 2.061600
-0.218660 -0.957741 1.977200
0.018787 -0.522591 2.496080
0.111578 -0.596926 2.181750
0.172221 -0.882072 2.120220
0.190765 -0.917356 2.035620
-0.064161 -0.440119 2.494180
-0.062099 -0.389247 2.542590
-0.016609 -0.102020 2.540430
0.007173 0.085894 2.499470
-0.199391 -0.199228 2.522370
-0.242261 -0.420251 2.431970
-0.124685 -0.211147 2.264030
-0.108749 -0.151784 2.277170
0.134691 -0.203663 2.574560
0.194159 -0.434814 2.533250
0.189906 -0.641457 2.453180
0.119247 -0.692285 2.467440
-0.168989 -0.504693 2.460760
-0.182942 -0.629884 2.149600
-0.234280 -0.921996 2.061750
-0.218817 -0.957815 1.977320
0.019134 -0.522694 2.495700
0.111887 -0.597106 2.181320
0.172219 -0.882070 2.120240
0.190357 -0.917386 2.035670
-0.064222 -0.440213 2.493640
-0.062334 -0.389558 2.541900
-0.019348 -0.103569 2.539330
0.003569 0.086579 2.494140
-0.201603 -0.198342 2.521040
-0.242829 -0.420459 2.430280
-0.125154 -0.212448 2.260510
-0.107646 -0.154175 2.270440
0.134203 -0.203562 2.572510
0.193798 -0.434612 2.531920
0.172913 -0.630900 2.436470
0.108417 -0.683576 2.448950
-0.169119 -0.505156 2.460510
-0.182935 -0.630143 2.149300
-0.234305 -0.922054 2.061850
-0.218982 -0.957905 1.977380
0.019399 -0.522785 2.495270
0.112209 -0.597294 2.180890
0.172213 -0.882070 2.120270
0.189943 -0.917423 2.035720
-0.064384 -0.440229 2.493030
-0.062672 -0.389793 2.541190
-0.021905 -0.104796 2.538290
0.000774 0.087540 2.489950
-0.203921 -0.196517 2.520000
-0.243345 -0.420844 2.428760
-0.125594 -0.213765 2.257650
-0.083906 -0.185391 2.244370
0.133776 -0.203478 2.570610
0.193536 -0.434518 2.530930
0.168372 -0.628094 2.431370
0.103829 -0.679449 2.439300
-0.169254 -0.505498 2.460310
-0.182929 -0.630355 2.149070
-0.234322 -0.922101 2.061920
-0.219141 -0.957985 1.977420
0.019578 -0.522838 2.494690
0.112557 -0.597521 2.180410
0.172207 -0.882078 2.120290
0.189523 -0.917485 2.035770
-0.064564 -0.440209 2.492470
-0.063006 -0.389985 2.540540
-0.024273 -0.105887 2.537460
-0.001481 0.088218 2.486740
-0.205952 -0.194846 2.519070
-0.243764 -0.421281 2.427350
-0.125772 -0.215404 2.254770
-0.081949 -0.242224 2.217720
0.133406 -0.203381 2.568770
0.193367 -0.434371 2.530370
0.166716 -0.626074 2.428450
0.102251 -0.676352 2.433250
-0.169381 -0.505770 2.460160
-0.182926 -0.630529 2.148890
-0.234374 -0.922150 2.061900
-0.219429 -0.958055 1.977270
0.019773 -0.522831 2.493910
0.112974 -0.597839 2.179810
0.172198 -0.882107 2.120320
0.189103 -0.917589 2.035820
-0.064769 -0.440180 2.491900
-0.063391 -0.390182 2.539900
-0.027255 -0.107240 2.536580
-0.003444 0.088500 2.484200
-0.207538 -0.193537 2.518180
-0.244266 -0.421656 2.426230
-0.124856 -0.222583 2.246770
-0.073257 -0.244664 2.210370
0.133071 -0.203280 2.566900
0.193217 -0.434266 2.529890
0.152826 -0.615286 2.415590
0.090424 -0.666688 2.418420
-0.169492 -0.505996 2.460030
-0.182923 -0.630675 2.148750
-0.234424 -0.922188 2.061850
-0.219716 -0.958105 1.977110
0.019965 -0.522809 2.492880
0.113431 -0.598217 2.179050
0.172186 -0.882148 2.120370
0.188690 -0.917708 2.035880
-0.065004 -0.440160 2.491300
-0.063801 -0.390394 2.539230
-0.029608 -0.108296 2.535870
-0.004965 0.088639 2.482350
-0.208701 -0.192544 2.517160
-0.244836 -0.422294 2.424840
-0.122330 -0.239009 2.230560
-0.071401 -0.226511 2.168060
0.132589 -0.203113 2.564410
0.193103 -0.434187 2.529530
0.145913 -0.610170 2.409500
0.082735 -0.660685 2.409350
-0.169584 -0.506188 2.459930
-0.182916 -0.630822 2.148650
-0.234480 -0.922234 2.061730
-0.220030 -0.958160 1.976860
0.020043 -0.522743 2.491260
0.114051 -0.598734 2.177960
0.172172 -0.882227 2.120450
0.188282 -0.917861 2.035990
-0.065240 -0.440161 2.490740
-0.064242 -0.390602 2.538580
-0.031409 -0.109041 2.535280
-0.006108 0.088659 2.481030
-0.209406 -0.191913 2.515430
-0.246660 -0.423565 2.423460
-0.124451 -0.256157 2.215870
-0.069329 -0.246182 2.158590
0.132141 -0.202957 2.561790
0.193031 -0.434159 2.529220
0.168433 -0.619181 2.421500
0.087765 -0.661412 2.409190
-0.169650 -0.506367 2.459880
-0.182913 -0.630947 2.148590
-0.234523 -0.922270 2.061580
-0.220270 -0.958196 1.976610
0.020037 -0.522689 2.489760
0.114662 -0.599326 2.176990
0.172167 -0.882368 2.120580
0.187949 -0.918062 2.036120
-0.065482 -0.440225 2.490150
-0.064722 -0.390841 2.537890
-0.032944 -0.109557 2.534590
-0.007059 0.088596 2.480040
-0.209434 -0.191673 2.512850
-0.249013 -0.425362 2.422180
-0.123280 -0.281822 2.199890
-0.069068 -0.291436 2.150050
0.131681 -0.202825 2.559070
0.193002 -0.434155 2.528980
0.182429 -0.625473 2.430580
0.095556 -0.664092 2.412470
-0.169665 -0.506578 2.459860
-0.182933 -0.631167 2.148590
-0.234575 -0.922323 2.061550
-0.220480 -0.958268 1.976530
0.019952 -0.522668 2.488350
0.115190 -0.599874 2.176110
0.172167 -0.882514 2.120700
0.187676 -0.918256 2.036240
-0.065743 -0.440348 2.489510
-0.065223 -0.391085 2.537150
-0.034420 -0.109760 2.533600
-0.007794 0.088520 2.479360
-0.208690 -0.191715 2.509540
-0.251306 -0.426917 2.421250
-0.121718 -0.318562 2.180360
-0.076743 -0.294363 2.155620
0.130991 -0.202617 2.555750
0.193000 -0.434098 2.528770
0.151344 -0.603307 2.407480
0.079594 -0.651156 2.399140
-0.169608 -0.506813 2.459870
-0.182993 -0.631535 2.148690
-0.234628 -0.922435 2.061460
-0.220681 -0.958403 1.976390
0.019708 -0.522648 2.486930
0.115690 -0.600418 2.175300
0.172165 -0.882689 2.120830
0.187417 -0.918483 2.036360
-0.066142 -0.440976 2.487280
-0.065997 -0.391713 2.535000
-0.035839 -0.109527 2.531910
-0.008429 0.088499 2.478950
-0.207320 -0.192197 2.505790
-0.253325 -0.427892 2.420460
-0.118575 -0.346406 2.168330
-0.075005 -0.306243 2.151130
0.130409 -0.202453 2.552810
0.193022 -0.434050 2.528590
0.138633 -0.594062 2.398050
0.068107 -0.641954 2.390010
-0.169084 -0.507433 2.459390
-0.183291 -0.633789 2.148680
-0.234926 -0.923591 2.061170
-0.221177 -0.959559 1.976070
0.018864 -0.522702 2.483500
0.116810 -0.601558 2.173400
0.172148 -0.883061 2.121080
0.187143 -0.918883 2.036590
-0.066419 -0.442188 2.483580
-0.066728 -0.392798 2.531500
-0.037043 -0.109067 2.529500
-0.009110 0.088453 2.478770
-0.205946 -0.192734 2.502330
-0.254824 -0.428599 2.419880
-0.104746 -0.385540 2.163690
-0.113951 -0.333138 2.152160
0.129877 -0.202255 2.550120
0.193074 -0.433975 2.528440
0.140568 -0.520463 2.276680
0.067078 -0.562434 2.288280
-0.167406 -0.509035 2.457400
-0.183642 -0.635881 2.147510
-0.235031 -0.924655 2.061360
-0.221439 -0.960589 1.976230
0.017842 -0.522905 2.479360
0.118247 -0.603017 2.170990
0.172101 -0.883601 2.121440
0.186841 -0.919435 2.036920
-0.065685 -0.445031 2.472890
-0.067003 -0.396691 2.520850
-0.041342 -0.122723 2.514520
-0.010139 0.088283 2.478900
-0.204761 -0.193275 2.499130
-0.255800 -0.428962 2.419210
-0.099055 -0.402338 2.160490
-0.124087 -0.385599 2.124690
0.129371 -0.202037 2.547470
0.193136 -0.433903 2.528300
0.139211 -0.491515 2.230160
0.066475 -0.543005 2.195640
-0.159627 -0.515593 2.442270
-0.185052 -0.640839 2.135250
-0.234630 -0.926483 2.065060
-0.221280 -0.962329 1.979880
0.016916 -0.523071 2.470080
0.121597 -0.606533 2.164830
0.171927 -0.884843 2.122410
0.186353 -0.920648 2.037810
-0.070615 -0.445814 2.461670
-0.070914 -0.398043 2.511090
-0.042813 -0.123316 2.508960
-0.011467 0.088043 2.479230
-0.203728 -0.193898 2.496160
-0.256428 -0.429023 2.418400
-0.096452 -0.411930 2.157800
-0.102304 -0.447251 2.143210
0.128931 -0.201799 2.545080
0.193209 -0.433840 2.528180
0.112543 -0.511229 2.234100
0.026602 -0.572145 2.124330
-0.162433 -0.516207 2.432870
-0.182281 -0.639316 2.123830
-0.235152 -0.924744 2.069650
-0.222004 -0.960457 1.984510
0.004047 -0.521627 2.453620
0.125279 -0.609437 2.161170
0.179509 -0.896874 2.106960
0.180938 -0.929623 2.031080
-0.065859 -0.442423 2.464840
-0.069907 -0.396067 2.509650
-0.043723 -0.122505 2.504880
-0.012641 0.087828 2.479560
-0.202734 -0.194724 2.493140
-0.256731 -0.428954 2.417510
-0.094579 -0.419188 2.155780
-0.058230 -0.431339 2.099610
0.128554 -0.201638 2.542870
0.193289 -0.433779 2.528080
0.104620 -0.514531 2.230160
0.009839 -0.586975 2.096200
-0.156427 -0.510095 2.451830
-0.177191 -0.624648 2.137500
-0.234002 -0.918673 2.068790
-0.221077 -0.955001 1.983920
0.024262 -0.514466 2.464270
0.125056 -0.610523 2.161140
0.180623 -0.898714 2.106130
0.180700 -0.931331 2.030790
-0.061858 -0.439557 2.468550
-0.068381 -0.393520 2.509550
-0.044480 -0.120433 2.501680
-0.014181 0.087550 2.479910
-0.202066 -0.195785 2.490280
-0.256799 -0.428812 2.416690
-0.073521 -0.470013 2.176690
-0.015038 -0.500552 2.107740
0.128131 -0.201407 2.540540
0.193381 -0.433710 2.527940
0.099432 -0.519067 2.228120
0.000824 -0.600260 2.083980
-0.153509 -0.506799 2.462180
-0.173846 -0.615346 2.146420
-0.232937 -0.912575 2.067680
-0.220204 -0.949441 1.983060
0.034604 -0.510981 2.470330
0.124477 -0.611564 2.162060
0.181426 -0.900052 2.106330
0.181018 -0.932775 2.030950
-0.059644 -0.437935 2.470510
-0.067021 -0.391364 2.509750
-0.045082 -0.117788 2.499220
-0.015888 0.087311 2.480110
-0.201783 -0.196812 2.487740
-0.256717 -0.428723 2.416000
-0.062257 -0.498049 2.189580
0.002998 -0.521565 2.108130
0.127614 -0.201175 2.538180
0.193468 -0.433657 2.527770
0.098877 -0.528897 2.238210
-0.003375 -0.614148 2.085410
-0.152489 -0.506020 2.464730
-0.172515 -0.612188 2.148190
-0.232386 -0.909114 2.067490
-0.219779 -0.946251 1.982990
0.039526 -0.509247 2.473250
0.123860 -0.612376 2.163090
0.181863 -0.900895 2.107370
0.181574 -0.933882 2.031400
-0.058083 -0.437006 2.471800
-0.065813 -0.389730 2.509960
-0.045625 -0.115257 2.497250
-0.017534 0.086890 2.479960
-0.201779 -0.197829 2.485440
-0.256473 -0.428685 2.415370
-0.057737 -0.510142 2.194240
0.013042 -0.533979 2.107980
0.127021 -0.201003 2.535860
0.193407 -0.433469 2.527280
0.099838 -0.535648 2.244750
-0.003404 -0.626136 2.093450
-0.151738 -0.505647 2.466340
-0.171576 -0.610139 2.149200
-0.232013 -0.906660 2.067390
-0.219500 -0.943980 1.982980
0.042615 -0.508241 2.475180
0.123195 -0.613099 2.164300
0.182139 -0.901440 2.108770
0.182369 -0.934779 2.032010
-0.056990 -0.436458 2.472660
-0.064824 -0.388536 2.510090
-0.045951 -0.113136 2.495700
-0.019523 0.086479 2.479550
-0.201976 -0.199007 2.483150
-0.256114 -0.428671 2.414770
-0.054989 -0.517856 2.197040
0.016526 -0.554672 2.171910
0.126427 -0.200802 2.533760
0.193382 -0.433141 2.526760
0.100345 -0.539060 2.247800
-0.000994 -0.635228 2.103550
-0.151358 -0.505830 2.467030
-0.170795 -0.608864 2.149430
-0.231727 -0.904816 2.067320
-0.219270 -0.942264 1.982990
0.044634 -0.507629 2.476510
0.122558 -0.613616 2.165430
0.182232 -0.901665 2.110370
0.183243 -0.935420 2.032720
-0.056197 -0.436129 2.473350
-0.064028 -0.387636 2.510190
-0.046331 -0.111342 2.494350
-0.021618 0.086059 2.478990
-0.202317 -0.200175 2.480970
-0.255739 -0.428722 2.414240
-0.054571 -0.519929 2.198470
0.027373 -0.539693 2.199450
0.125769 -0.200557 2.531720
0.193260 -0.432315 2.525490
0.118589 -0.575326 2.270180
0.014627 -0.712135 2.112780
-0.151289 -0.506491 2.466970
-0.170225 -0.608303 2.149060
-0.231616 -0.903276 2.067660
-0.219195 -0.940819 1.983390
0.045982 -0.507298 2.477620
0.121931 -0.613978 2.166560
0.182255 -0.901660 2.111990
0.184171 -0.935861 2.033460
-0.055622 -0.435929 2.473830
-0.063385 -0.386955 2.510190
-0.046761 -0.109706 2.493160
-0.024175 0.085873 2.477910
-0.202773 -0.201241 2.478940
-0.255368 -0.428772 2.413780
-0.053691 -0.517207 2.200380
0.033314 -0.529506 2.213080
0.125023 -0.200157 2.529600
0.192997 -0.431475 2.524130
0.088413 -0.536372 2.332700
0.028273 -0.596570 2.252550
-0.151387 -0.507536 2.466150
-0.169860 -0.608421 2.148030
-0.231502 -0.902121 2.067980
-0.219112 -0.939736 1.983760
0.046830 -0.507166 2.478510
0.121382 -0.614235 2.167560
0.182276 -0.901467 2.113770
0.185199 -0.936135 2.034360
-0.055201 -0.435831 2.474230
-0.062863 -0.386437 2.510170
-0.047135 -0.108364 2.492230
-0.027225 0.085734 2.476360
-0.203318 -0.202194 2.477010
-0.255040 -0.428810 2.413380
-0.056032 -0.510853 2.199180
0.033303 -0.520115 2.217730
0.124000 -0.199630 2.527260
0.191496 -0.430021 2.520680
0.080040 -0.531343 2.350880
0.032296 -0.563035 2.306050
-0.151597 -0.508609 2.465160
-0.169636 -0.608883 2.146900
-0.231416 -0.901273 2.068180
-0.219054 -0.938943 1.983990
0.047216 -0.507238 2.479330
0.120921 -0.614382 2.168520
0.182236 -0.901197 2.115330
0.186081 -0.936291 2.035150
-0.054928 -0.435827 2.474480
-0.062482 -0.386087 2.510050
-0.047515 -0.107337 2.491440
-0.030200 0.085420 2.474320
-0.203968 -0.203083 2.475210
-0.254734 -0.428882 2.412940
-0.056862 -0.506244 2.198820
0.033157 -0.513342 2.218380
0.123044 -0.199185 2.525000
0.190345 -0.428991 2.517560
0.130908 -0.510527 2.261620
0.066432 -0.553733 2.227250
-0.152028 -0.509967 2.463580
-0.169550 -0.609931 2.145250
-0.231352 -0.900690 2.068300
-0.219014 -0.938397 1.984130
0.047199 -0.507497 2.479960
0.120589 -0.614474 2.169230
0.182156 -0.900894 2.116680
0.186824 -0.936363 2.035830
-0.054874 -0.436057 2.474510
-0.062201 -0.385878 2.509750
-0.047969 -0.106481 2.490680
-0.032700 0.085187 2.472560
-0.204701 -0.203895 2.473440
-0.254473 -0.428946 2.412550
-0.057524 -0.502511 2.198460
0.032043 -0.508084 2.216010
0.121868 -0.198872 2.522590
0.188580 -0.428057 2.513360
0.142056 -0.502791 2.241680
0.081890 -0.546488 2.198830
-0.152774 -0.511542 2.461250
-0.169553 -0.611476 2.142960
-0.231308 -0.900270 2.068410
-0.218991 -0.938004 1.984260
0.046576 -0.508042 2.480270
0.120399 -0.614568 2.169700
0.182016 -0.900650 2.117840
0.187395 -0.936429 2.036400
-0.054932 -0.436390 2.474410
-0.061986 -0.385769 2.509270
-0.048486 -0.105805 2.489960
-0.035215 0.085138 2.470620
-0.205577 -0.204728 2.471540
-0.254172 -0.429032 2.411950
-0.058171 -0.500101 2.197750
0.030239 -0.504604 2.211810
0.120769 -0.198645 2.520480
0.186970 -0.427803 2.509510
0.092975 -0.517569 2.236360
0.031943 -0.563179 2.199770
-0.153416 -0.512936 2.459090
-0.169607 -0.612931 2.140860
-0.231266 -0.899965 2.068510
-0.218961 -0.937718 1.984380
0.045798 -0.508613 2.480420
0.120268 -0.614635 2.170060
0.181909 -0.900430 2.118750
0.187916 -0.936460 2.036860
-0.055070 -0.436785 2.474210
-0.061843 -0.385747 2.508620
-0.049276 -0.105308 2.489140
-0.037484 0.085045 2.468720
-0.206499 -0.205489 2.469690
-0.253906 -0.429102 2.411360
-0.058549 -0.498341 2.197240
0.028858 -0.502479 2.207860
0.119876 -0.198479 2.518820
0.185908 -0.427515 2.506840
0.119892 -0.510747 2.212840
0.041864 -0.566696 2.174570
-0.153927 -0.514156 2.457130
-0.169703 -0.614271 2.138970
-0.231224 -0.899752 2.068600
-0.218922 -0.937522 1.984490
0.044992 -0.509155 2.480460
0.120175 -0.614686 2.170350
0.181803 -0.900231 2.119500
0.188377 -0.936469 2.037270
-0.055257 -0.437186 2.473950
-0.061765 -0.385774 2.507820
-0.050213 -0.104942 2.488260
-0.039478 0.085002 2.466950
-0.207561 -0.206300 2.467820
-0.253677 -0.429167 2.410810
-0.058924 -0.497156 2.196770
0.027493 -0.501411 2.204440
0.119123 -0.198360 2.517470
0.185182 -0.427276 2.504890
0.131590 -0.508628 2.204210
0.050541 -0.568314 2.159780
-0.154333 -0.515121 2.455550
-0.169797 -0.615362 2.137480
-0.231179 -0.899606 2.068680
-0.218871 -0.937391 1.984580
0.044235 -0.509616 2.480420
0.120108 -0.614726 2.170580
0.181713 -0.900056 2.120130
0.188799 -0.936467 2.037630
-0.055520 -0.437596 2.473590
-0.061754 -0.385838 2.506860
-0.051073 -0.104668 2.487460
-0.041025 0.085021 2.465560
-0.208592 -0.206985 2.466260
-0.253485 -0.429218 2.410310
-0.059277 -0.496340 2.196340
0.026284 -0.500996 2.201660
0.118270 -0.198245 2.516130
0.184506 -0.427248 2.503220
0.136226 -0.507424 2.199130
0.056523 -0.568807 2.150790
-0.154694 -0.515881 2.454250
-0.169889 -0.616281 2.136270
-0.231148 -0.899516 2.068770
-0.218839 -0.937311 1.984680
0.043423 -0.510017 2.480260
0.120064 -0.614759 2.170750
0.181614 -0.899871 2.120790
0.189179 -0.936443 2.038040
-0.055769 -0.437968 2.473260
-0.061755 -0.385916 2.505900
-0.051838 -0.104480 2.486770
-0.042821 0.085117 2.464290
-0.209673 -0.207545 2.464870
-0.253341 -0.429265 2.409870
-0.059384 -0.495763 2.196190
0.025859 -0.500750 2.199890
0.117336 -0.198186 2.514800
0.183987 -0.427227 2.502000
0.090048 -0.523574 2.227060
0.016981 -0.581976 2.182670
-0.154939 -0.516471 2.453270
-0.169928 -0.617392 2.135370
-0.231155 -0.899592 2.068850
-0.218848 -0.937394 1.984770
0.042767 -0.510324 2.480130
0.120032 -0.614780 2.170900
0.181470 -0.899701 2.121360
0.189438 -0.936417 2.038370
