0.098727 -0.008089 1.926740
0.090677 0.049992 1.979370
0.075166 0.395431 1.998180
0.068678 0.581051 1.988660
-0.092733 0.266369 1.978570
-0.133838 0.004882 1.931190
-0.115866 -0.198020 1.866630
-0.111537 -0.266712 1.844330
0.258922 0.281359 2.015130
0.321552 0.064175 1.990260
0.165898 0.060952 1.762550
0.168517 -0.013405 1.775610
0.033349 -0.090106 1.901640
0.020471 -0.491039 1.913730
0.026250 -0.729037 1.958180
-0.000233 -0.782611 1.908710
0.173355 -0.082552 1.919960
0.222598 -0.481335 1.917120
0.190521 -0.722259 1.942120
0.217050 -0.779530 1.897480
0.098727 -0.008109 1.926780
0.090693 0.049977 1.979410
0.075171 0.395427 1.998180
0.068656 0.581087 1.988660
-0.092796 0.266404 1.978790
-0.133904 0.004896 1.931360
-0.116047 -0.198006 1.866970
-0.111706 -0.266682 1.844570
0.258930 0.281362 2.015110
0.321606 0.064175 1.990240
0.165765 0.060905 1.762670
0.172895 -0.018937 1.782260
0.033320 -0.090131 1.901760
0.020313 -0.491143 1.913750
0.026155 -0.729182 1.958220
-0.000407 -0.782517 1.908470
0.173358 -0.082569 1.919970
0.222480 -0.481467 1.917090
0.190342 -0.722436 1.942150
0.217076 -0.779492 1.897340
0.098720 -0.008129 1.926820
0.090704 0.049963 1.979450
0.075171 0.395421 1.998190
0.068611 0.581136 1.988660
-0.092883 0.266453 1.979040
-0.133997 0.004922 1.931550
-0.116254 -0.197971 1.867340
-0.111879 -0.266646 1.844830
0.258935 0.281366 2.015090
0.321662 0.064174 1.990220
0.165609 0.060858 1.762810
0.173978 -0.020490 1.785060
0.033281 -0.090154 1.901890
0.020144 -0.491246 1.913770
0.026054 -0.729324 1.958250
-0.001057 -0.781989 1.907890
0.173356 -0.082586 1.919980
0.222353 -0.481596 1.917040
0.190202 -0.722606 1.942140
0.217115 -0.779463 1.897150
0.098707 -0.008150 1.926860
0.090711 0.049948 1.979490
0.075167 0.395414 1.998190
0.068558 0.581188 1.988660
-0.092967 0.266503 1.979290
-0.134108 0.004953 1.931770
-0.116472 -0.197931 1.867710
-0.112048 -0.266615 1.845080
0.258936 0.281369 2.015070
0.321712 0.064172 1.990200
0.165427 0.060845 1.762970
0.172666 -0.018431 1.784300
0.033235 -0.090176 1.902010
0.019975 -0.491346 1.913780
0.025922 -0.729471 1.958290
-0.001540 -0.781588 1.907400
0.173347 -0.082605 1.919990
0.222214 -0.481729 1.916990
0.190079 -0.722772 1.942120
0.217155 -0.779446 1.896960
0.098679 -0.008175 1.926910
0.090707 0.049931 1.979530
0.075157 0.395404 1.998190
0.068493 0.581248 1.988670
-0.093054 0.266551 1.979540
-0.134231 0.004983 1.932000
-0.116682 -0.197899 1.868060
-0.112221 -0.266589 1.845330
0.258933 0.281371 2.015050
0.321749 0.064167 1.990170
0.165216 0.060827 1.763110
0.169451 -0.014638 1.780820
0.033170 -0.090197 1.902140
0.019779 -0.491451 1.913790
0.025784 -0.729618 1.958320
-0.001941 -0.781287 1.906980
0.173319 -0.082628 1.920000
0.222055 -0.481863 1.916920
0.189964 -0.722933 1.942100
0.217159 -0.779462 1.896800
0.098633 -0.008207 1.926960
0.090694 0.049908 1.979580
0.075141 0.395388 1.998200
0.068426 0.581307 1.988700
-0.093150 0.266591 1.979800
-0.134366 0.005006 1.932240
-0.116893 -0.197866 1.868430
-0.112400 -0.266567 1.845610
0.258923 0.281372 2.015020
0.321776 0.064161 1.990140
0.164921 0.060844 1.763260
0.165103 -0.010334 1.776180
0.033083 -0.090227 1.902280
0.019549 -0.491571 1.913780
0.025625 -0.729780 1.958330
-0.002456 -0.780898 1.906470
0.173271 -0.082661 1.920010
0.221886 -0.482005 1.916840
0.189853 -0.723100 1.942070
0.217164 -0.779475 1.896600
0.098568 -0.008247 1.927020
0.090669 0.049880 1.979640
0.075119 0.395369 1.998210
0.068344 0.581370 1.988730
-0.093257 0.266631 1.980080
-0.134515 0.005026 1.932520
-0.117103 -0.197861 1.868820
-0.112591 -0.266539 1.845910
0.258907 0.281372 2.014990
0.321797 0.064153 1.990100
0.164585 0.060806 1.763430
0.160575 -0.006690 1.770410
0.032969 -0.090260 1.902440
0.019317 -0.491693 1.913770
0.025416 -0.729973 1.958300
-0.002920 -0.780605 1.905960
0.173201 -0.082699 1.920020
0.221722 -0.482143 1.916770
0.189732 -0.723270 1.942020
0.217171 -0.779502 1.896440
0.098479 -0.008295 1.927090
0.090633 0.049847 1.979700
0.075094 0.395348 1.998220
0.068195 0.581464 1.988830
-0.093390 0.266649 1.980380
-0.134692 0.005024 1.932840
-0.117303 -0.197849 1.869190
-0.112807 -0.266499 1.846230
0.258876 0.281368 2.014950
0.321813 0.064142 1.990070
0.164241 0.060720 1.763590
0.151380 -0.001690 1.760800
0.032821 -0.090304 1.902620
0.019073 -0.491827 1.913760
0.025213 -0.730173 1.958280
-0.003296 -0.780366 1.905500
0.173099 -0.082747 1.920030
0.221525 -0.482291 1.916680
0.189586 -0.723448 1.941980
0.217172 -0.779542 1.896330
0.098378 -0.008343 1.927170
0.090590 0.049813 1.979760
0.075065 0.395324 1.998240
0.067984 0.581623 1.989040
-0.093547 0.266677 1.980720
-0.134921 0.005031 1.933220
-0.117522 -0.197787 1.869630
-0.113111 -0.266317 1.846700
0.258837 0.281366 2.014920
0.321827 0.064132 1.990040
0.163907 0.060628 1.763750
0.145833 0.001136 1.755630
0.032661 -0.090348 1.902800
0.018836 -0.491956 1.913750
0.025016 -0.730364 1.958260
-0.003598 -0.780214 1.905170
0.172983 -0.082794 1.920050
0.221314 -0.482435 1.916590
0.189449 -0.723622 1.941930
0.217165 -0.779594 1.896210
0.098269 -0.008395 1.927250
0.090539 0.049774 1.979830
0.075030 0.395296 1.998260
0.067761 0.581785 1.989300
-0.093712 0.266693 1.981060
-0.135161 0.005041 1.933630
-0.117727 -0.197731 1.870040
-0.113407 -0.266148 1.847160
0.258790 0.281361 2.014880
0.321837 0.064120 1.990010
0.163311 0.060821 1.764080
0.145380 0.002601 1.754100
0.032500 -0.090394 1.902980
0.018602 -0.492087 1.913740
0.024834 -0.730545 1.958260
-0.003844 -0.780096 1.904920
0.172860 -0.082841 1.920060
0.221087 -0.482580 1.916500
0.189328 -0.723794 1.941880
0.217215 -0.779575 1.895980
0.098142 -0.008455 1.927340
0.090476 0.049728 1.979920
0.074986 0.395264 1.998300
0.067542 0.581935 1.989550
-0.093882 0.266695 1.981390
-0.135426 0.005043 1.934060
-0.117922 -0.197671 1.870440
-0.113686 -0.265989 1.847600
0.258733 0.281354 2.014850
0.321848 0.064106 1.990000
0.162793 0.061018 1.764450
0.146318 0.003544 1.753880
0.032325 -0.090448 1.903170
0.018366 -0.492223 1.913730
0.024612 -0.730747 1.958260
-0.004036 -0.780037 1.904710
0.172715 -0.082894 1.920080
0.220870 -0.482720 1.916410
0.189220 -0.723967 1.941820
0.217251 -0.779574 1.895730
0.098011 -0.008513 1.927430
0.090406 0.049681 1.980010
0.074933 0.395227 1.998340
0.067321 0.582072 1.989830
-0.094056 0.266696 1.981730
-0.135723 0.005038 1.934550
-0.118128 -0.197594 1.870840
-0.113953 -0.265836 1.848010
0.258665 0.281342 2.014820
0.321868 0.064084 1.990010
0.162333 0.061200 1.764890
0.147555 0.003990 1.754590
0.032155 -0.090499 1.903350
0.018145 -0.492352 1.913730
0.024398 -0.730942 1.958270
-0.004202 -0.780024 1.904560
0.172570 -0.082945 1.920100
0.220651 -0.482856 1.916330
0.189127 -0.724139 1.941760
0.217281 -0.779577 1.895470
0.097856 -0.008572 1.927550
0.090309 0.049629 1.980130
0.074839 0.395184 1.998430
0.067084 0.582192 1.990130
-0.094233 0.266689 1.982070
-0.136018 0.005012 1.935020
-0.118315 -0.197525 1.871210
-0.114200 -0.265697 1.848390
0.258582 0.281332 2.014800
0.321927 0.064062 1.990080
0.161961 0.061358 1.765410
0.149034 0.004043 1.755990
0.031973 -0.090547 1.903540
0.017890 -0.492482 1.913730
0.024171 -0.731136 1.958260
-0.004395 -0.780007 1.904400
0.172399 -0.082995 1.920130
0.220412 -0.482986 1.916260
0.189054 -0.724307 1.941700
0.217316 -0.779582 1.895190
0.097687 -0.008632 1.927670
0.090196 0.049575 1.980260
0.074725 0.395138 1.998540
0.066864 0.582249 1.990410
-0.094411 0.266674 1.982400
-0.136306 0.004996 1.935490
-0.118521 -0.197431 1.871580
-0.114437 -0.265569 1.848750
0.258484 0.281320 2.014800
0.321964 0.064035 1.990150
0.161628 0.061491 1.765860
0.150103 0.003947 1.757240
0.031789 -0.090592 1.903740
0.017628 -0.492609 1.913730
0.023959 -0.731319 1.958250
-0.004570 -0.780007 1.904260
0.172216 -0.083045 1.920180
0.220184 -0.483108 1.916200
0.188989 -0.724471 1.941640
0.217347 -0.779591 1.894910
0.097503 -0.008690 1.927820
0.090069 0.049520 1.980420
0.074599 0.395095 1.998670
0.066636 0.582311 1.990710
-0.094617 0.266662 1.982770
-0.136618 0.005007 1.935990
-0.118732 -0.197317 1.871950
-0.114653 -0.265456 1.849080
0.258335 0.281302 2.014800
0.322003 0.064011 1.990240
0.161339 0.061613 1.766280
0.151290 0.003703 1.758660
0.031596 -0.090632 1.903950
0.017370 -0.492727 1.913740
0.023752 -0.731495 1.958230
-0.004711 -0.780036 1.904150
0.172014 -0.083092 1.920240
0.219965 -0.483219 1.916140
0.188937 -0.724632 1.941570
0.217391 -0.779604 1.894640
0.097289 -0.008749 1.928000
0.089915 0.049467 1.980610
0.074456 0.395063 1.998830
0.066409 0.582370 1.991010
-0.094832 0.266653 1.983140
-0.136994 0.005062 1.936540
-0.118967 -0.197199 1.872350
-0.114864 -0.265359 1.849410
0.258149 0.281276 2.014820
0.322042 0.063984 1.990330
0.161124 0.061728 1.766620
0.151639 0.003680 1.759160
0.031386 -0.090665 1.904180
0.017103 -0.492838 1.913750
0.023547 -0.731661 1.958230
-0.004941 -0.779996 1.903990
0.171763 -0.083141 1.920350
0.219767 -0.483319 1.916100
0.188893 -0.724791 1.941500
0.217454 -0.779613 1.894370
0.097025 -0.008801 1.928250
0.089709 0.049422 1.980870
0.074259 0.395045 1.999060
0.066174 0.582439 1.991310
-0.095063 0.266652 1.983520
-0.137386 0.005111 1.937080
-0.119244 -0.197079 1.872760
-0.115080 -0.265272 1.849740
0.257928 0.281240 2.014850
0.322066 0.063964 1.990380
0.160983 0.061835 1.766820
0.150551 0.004469 1.757170
0.031146 -0.090688 1.904470
0.016799 -0.492942 1.913770
0.023375 -0.731800 1.958230
-0.005058 -0.780020 1.903910
0.171449 -0.083183 1.920540
0.219598 -0.483398 1.916060
0.188840 -0.724957 1.941370
0.217553 -0.779640 1.894100
0.096680 -0.008840 1.928610
0.089421 0.049386 1.981250
0.073948 0.395028 1.999390
0.065894 0.582452 1.991590
-0.095369 0.266629 1.983940
-0.137881 0.005146 1.937680
-0.119511 -0.196972 1.873150
-0.115292 -0.265196 1.850080
0.257685 0.281200 2.014910
0.322117 0.063975 1.990390
0.161060 0.062405 1.766820
0.150812 0.004896 1.756720
0.030862 -0.090697 1.904810
0.016405 -0.493041 1.913810
0.023223 -0.731923 1.958220
-0.005152 -0.780246 1.903940
0.171045 -0.083236 1.920860
0.219473 -0.483465 1.916010
0.188872 -0.725221 1.941000
0.217924 -0.779692 1.893500
0.096224 -0.008873 1.929110
0.089031 0.049359 1.981750
0.073578 0.395006 1.999770
0.065584 0.582469 1.991900
-0.095785 0.266589 1.984420
-0.138490 0.005150 1.938350
-0.119806 -0.196882 1.873600
-0.115524 -0.265150 1.850450
0.257414 0.281136 2.015010
0.322599 0.063943 1.989360
0.162494 0.066849 1.764250
0.124197 0.051868 1.743970
0.030475 -0.090700 1.905260
0.015913 -0.493143 1.913870
0.023082 -0.732041 1.958220
-0.005228 -0.780494 1.903980
0.170513 -0.083334 1.921400
0.219370 -0.483537 1.915940
0.189231 -0.725705 1.940150
0.218833 -0.779880 1.892320
0.095687 -0.008939 1.929750
0.088549 0.049307 1.982410
0.073108 0.394966 2.000240
0.065172 0.582488 1.992250
-0.096219 0.266544 1.984890
-0.139217 0.005148 1.939070
-0.120128 -0.196825 1.874120
-0.115805 -0.265134 1.850870
0.257078 0.281047 2.015150
0.323833 0.064382 1.985460
0.165546 0.077309 1.757210
0.118773 0.113790 1.728500
0.030017 -0.090723 1.905810
0.015257 -0.493276 1.914020
0.022878 -0.732195 1.958230
-0.005291 -0.780687 1.903970
0.169901 -0.083498 1.922170
0.219294 -0.483626 1.915860
0.189864 -0.726368 1.938900
0.220052 -0.780241 1.890800
0.095039 -0.009047 1.930610
0.087945 0.049228 1.983250
0.072524 0.394915 2.000800
0.064643 0.582546 1.992680
-0.096781 0.266480 1.985390
-0.140060 0.005036 1.939830
-0.120619 -0.196744 1.874930
-0.116247 -0.265211 1.851480
0.256686 0.280951 2.015360
0.326576 0.067350 1.976690
0.171178 0.109149 1.744980
0.113306 0.162777 1.724550
0.029371 -0.090825 1.906630
0.014419 -0.493492 1.914240
0.022657 -0.732408 1.958260
-0.005358 -0.780876 1.903950
0.169251 -0.083726 1.923160
0.219241 -0.483733 1.915770
0.190540 -0.727059 1.937670
0.221419 -0.780562 1.889310
0.094295 -0.009162 1.931740
0.087201 0.049151 1.984350
0.071709 0.394873 2.001570
0.063964 0.582611 1.993190
-0.097540 0.266553 1.986010
-0.140943 0.005052 1.940600
-0.121365 -0.196702 1.876400
-0.116902 -0.265417 1.852390
0.256166 0.280935 2.015800
0.328721 0.071656 1.966250
0.173234 0.130509 1.736620
0.119224 0.199555 1.718450
0.028581 -0.090966 1.907760
0.013506 -0.493741 1.914530
0.022415 -0.732657 1.958290
-0.005483 -0.781172 1.903970
0.168602 -0.083970 1.924380
0.219214 -0.483834 1.915710
0.191142 -0.727669 1.936590
0.222557 -0.780868 1.888080
0.093469 -0.009346 1.933080
0.086339 0.049011 1.985680
0.070622 0.394772 2.002560
0.062867 0.582474 1.993850
-0.098499 0.266652 1.986710
-0.141914 0.005066 1.941450
-0.122470 -0.196506 1.878270
-0.117750 -0.265677 1.853460
0.255581 0.280990 2.016360
0.331203 0.078815 1.956380
0.174758 0.147255 1.730930
0.139699 0.230703 1.716290
0.027542 -0.091246 1.909380
0.012468 -0.494099 1.914940
0.022117 -0.733024 1.958340
-0.005683 -0.781383 1.903920
0.168011 -0.084269 1.925650
0.219202 -0.483961 1.915670
0.191692 -0.728276 1.935670
0.223715 -0.781118 1.887000
0.092421 -0.009586 1.934710
0.085241 0.048828 1.987270
0.069302 0.394635 2.003700
0.061447 0.582314 1.994600
-0.099884 0.266805 1.987600
-0.143002 0.005092 1.942360
-0.124023 -0.196136 1.880450
-0.118760 -0.265907 1.854690
0.255011 0.281225 2.017140
0.332299 0.091422 1.940240
0.172079 0.183008 1.724240
0.152266 0.261391 1.716110
0.025568 -0.091869 1.912220
0.011146 -0.494693 1.915570
0.021688 -0.733651 1.958400
-0.005971 -0.781597 1.903730
0.167475 -0.084590 1.926820
0.219177 -0.484133 1.915680
0.192167 -0.728893 1.934860
0.223594 -0.782637 1.886420
0.090883 -0.010025 1.936670
0.083722 0.048516 1.989150
0.067616 0.394528 2.005020
0.059486 0.582172 1.995550
-0.102203 0.267181 1.988850
-0.144151 0.005196 1.943320
-0.125633 -0.195838 1.882390
-0.119861 -0.266119 1.855960
0.254540 0.281322 2.017750
0.331940 0.100644 1.928370
0.170424 0.208671 1.720550
0.156918 0.280549 1.716930
0.022031 -0.093147 1.916610
0.009400 -0.495724 1.916430
0.020990 -0.734719 1.958650
-0.006309 -0.781642 1.903290
0.166859 -0.085067 1.927870
0.219121 -0.484486 1.915810
0.192584 -0.729625 1.934200
0.223644 -0.783714 1.885790
0.088604 -0.010654 1.938920
0.081581 0.048160 1.991230
0.065120 0.394791 2.006370
0.055599 0.582235 1.997300
-0.105168 0.267666 1.990220
-0.145446 0.005341 1.944320
-0.127197 -0.195660 1.884100
-0.121185 -0.266367 1.857390
0.254026 0.281345 2.018190
0.330693 0.109616 1.918050
0.168659 0.230216 1.718270
0.157844 0.296509 1.719680
0.017296 -0.094690 1.921820
0.007435 -0.496984 1.917590
0.020134 -0.736099 1.958900
-0.006927 -0.781468 1.902460
0.165984 -0.085709 1.928840
0.218978 -0.485038 1.916130
0.193013 -0.730508 1.933580
0.223768 -0.784710 1.885180
0.086264 -0.011335 1.941010
0.079455 0.047879 1.993080
0.062011 0.395599 2.007140
0.050124 0.582349 1.999350
-0.107926 0.267948 1.991340
-0.146977 0.005389 1.945400
-0.128731 -0.195627 1.885580
-0.122711 -0.266580 1.858870
0.253220 0.281212 2.018400
0.326950 0.120858 1.903310
0.166308 0.273758 1.722230
0.136724 0.318299 1.718290
0.013534 -0.095871 1.925830
0.005496 -0.497789 1.918820
0.019376 -0.737052 1.959040
-0.007396 -0.781510 1.901910
0.164888 -0.086522 1.929890
0.218788 -0.485777 1.916690
0.193502 -0.731514 1.933050
0.223987 -0.785630 1.884620
0.084148 -0.011922 1.942790
0.077605 0.047738 1.994610
0.058839 0.396967 2.007280
0.043470 0.584022 2.002170
-0.110433 0.268178 1.992240
-0.148724 0.005504 1.946560
-0.130318 -0.195653 1.886930
-0.124620 -0.266831 1.860390
0.251787 0.280742 2.018090
0.324911 0.127082 1.894020
0.165144 0.293496 1.724700
0.130503 0.334200 1.718890
0.010655 -0.096691 1.928790
0.003628 -0.498256 1.920090
0.018627 -0.737741 1.959220
-0.008584 -0.781405 1.901540
0.163700 -0.087357 1.931010
0.218641 -0.486515 1.917310
0.194094 -0.732507 1.932600
0.224430 -0.786512 1.884190
0.082169 -0.012530 1.944380
0.075958 0.047610 1.995900
0.056031 0.398232 2.007090
0.038448 0.585132 2.004160
-0.112458 0.268370 1.992920
-0.150430 0.005690 1.947640
-0.131818 -0.195740 1.888150
-0.126783 -0.267069 1.861990
0.247209 0.279529 2.016300
0.323531 0.131704 1.887220
0.165002 0.309267 1.728850
0.127235 0.350048 1.723020
0.008604 -0.097247 1.930880
0.001917 -0.498296 1.921360
0.017805 -0.738148 1.959460
-0.010037 -0.781444 1.901630
0.162038 -0.088295 1.932550
0.218530 -0.487189 1.917940
0.195461 -0.733723 1.931980
0.225224 -0.787173 1.883750
0.079866 -0.013934 1.946030
0.074684 0.047176 1.997000
0.053769 0.399215 2.006810
0.034915 0.586012 2.005560
-0.114254 0.268495 1.993440
-0.152182 0.005916 1.948650
-0.133349 -0.195883 1.889260
-0.129027 -0.267336 1.863550
0.217652 0.252489 1.994530
0.329941 0.135675 1.874750
0.167370 0.319936 1.733770
0.125667 0.357992 1.725130
0.007071 -0.097722 1.932390
0.000481 -0.498104 1.922560
0.016876 -0.738358 1.959730
-0.011390 -0.781941 1.902200
0.159581 -0.089961 1.934820
0.218520 -0.488158 1.918530
0.199167 -0.736004 1.930740
0.226889 -0.788072 1.882670
0.077941 -0.015431 1.947460
0.073601 0.046617 1.998000
0.052108 0.399945 2.006610
0.032531 0.586603 2.006490
-0.115637 0.268565 1.993810
-0.153835 0.006202 1.949540
-0.134932 -0.196214 1.890330
-0.131311 -0.267786 1.865100
0.203412 0.239536 1.983910
0.334381 0.139042 1.866160
0.170540 0.329023 1.739570
0.123563 0.362563 1.728740
0.005986 -0.098083 1.933460
-0.000956 -0.497132 1.923870
0.015713 -0.737951 1.960050
-0.012430 -0.782898 1.903660
0.157340 -0.091522 1.937020
0.218574 -0.489089 1.919000
0.203312 -0.738135 1.929430
0.236543 -0.787671 1.879580
0.076478 -0.016680 1.948570
0.072732 0.046073 1.998830
0.050868 0.400471 2.006470
0.030871 0.587002 2.007120
-0.116731 0.268585 1.994050
-0.155323 0.006499 1.950270
-0.136630 -0.196709 1.891250
-0.133698 -0.268462 1.866780
0.197201 0.234120 1.979310
0.339435 0.151404 1.849860
0.170405 0.339157 1.742840
0.119960 0.369299 1.730830
0.005216 -0.098343 1.934210
-0.002174 -0.495924 1.925100
0.014541 -0.737233 1.960420
-0.013478 -0.783842 1.905570
0.155550 -0.092724 1.938880
0.218639 -0.489848 1.919330
0.207820 -0.739896 1.927880
0.239667 -0.788312 1.878210
0.075422 -0.017688 1.949420
0.072074 0.045571 1.999520
0.049980 0.400850 2.006420
0.029722 0.587240 2.007560
-0.117573 0.268574 1.994210
-0.156558 0.006750 1.950830
-0.138529 -0.197356 1.891940
-0.136254 -0.269572 1.868460
0.193222 0.230675 1.976410
0.342079 0.160181 1.839930
0.169389 0.348216 1.746740
0.116944 0.374641 1.732100
0.004672 -0.098530 1.934760
-0.003167 -0.494662 1.926140
0.013496 -0.736345 1.960780
-0.014351 -0.784845 1.907840
0.154230 -0.093619 1.940400
0.218757 -0.490472 1.919550
0.211808 -0.741151 1.926430
0.242516 -0.788949 1.877030
0.074772 -0.018409 1.950080
0.071653 0.045157 2.000100
0.049376 0.401110 2.006410
0.028894 0.587404 2.007870
-0.118215 0.268553 1.994300
-0.157564 0.006985 1.951250
-0.141019 -0.198576 1.892420
-0.138770 -0.270880 1.869880
0.191499 0.231840 1.975340
0.342694 0.167551 1.834150
0.167125 0.358185 1.752290
0.113624 0.382917 1.734870
0.004333 -0.098662 1.935160
-0.004024 -0.493014 1.927030
0.012443 -0.734876 1.961290
-0.014797 -0.785470 1.910150
0.153396 -0.094085 1.941660
0.218860 -0.490622 1.919720
0.215996 -0.740690 1.924890
0.244348 -0.790153 1.877120
0.074382 -0.018923 1.950580
0.071426 0.044822 2.000610
0.048962 0.401312 2.006480
0.028286 0.587516 2.008110
-0.118706 0.268527 1.994360
-0.158359 0.007195 1.951560
-0.143382 -0.199652 1.892720
-0.141042 -0.272074 1.870930
0.192143 0.236410 1.975900
0.343560 0.178557 1.829940
0.192840 0.348972 1.782440
0.129576 0.378894 1.751330
0.004305 -0.098713 1.935430
-0.004724 -0.491282 1.927760
0.011636 -0.733617 1.961810
-0.015008 -0.785901 1.912000
0.152864 -0.094295 1.942690
0.219159 -0.489786 1.919960
0.220560 -0.738478 1.923640
0.245183 -0.791601 1.878450
0.074282 -0.019235 1.950990
0.071448 0.044612 2.001070
0.048821 0.401570 2.006780
0.027855 0.587581 2.008280
-0.119059 0.268504 1.994400
-0.158960 0.007401 1.951790
-0.145600 -0.200648 1.892750
-0.142952 -0.273054 1.871620
0.194727 0.243066 1.977380
0.343782 0.194926 1.825110
0.201212 0.349067 1.792990
0.137165 0.379284 1.759410
0.004867 -0.098493 1.935520
-0.005217 -0.489074 1.928300
0.011114 -0.732522 1.962410
-0.015142 -0.786017 1.913430
0.152758 -0.094006 1.943610
0.219966 -0.487099 1.920530
0.225270 -0.734409 1.923110
0.236363 -0.771372 1.854020
0.074681 -0.019273 1.951360
0.071833 0.044556 2.001550
0.048994 0.401893 2.007360
0.027667 0.587583 2.008490
-0.119292 0.268496 1.994440
-0.159410 0.007593 1.951960
-0.147322 -0.201515 1.892630
-0.144395 -0.273819 1.872090
0.198947 0.250914 1.979370
0.344181 0.205337 1.822380
0.210388 0.353000 1.800300
0.146789 0.382527 1.766520
0.006244 -0.097855 1.935360
-0.005400 -0.486731 1.928630
0.010749 -0.731604 1.962940
-0.015156 -0.786065 1.914570
0.153238 -0.093049 1.944430
0.221000 -0.483983 1.921190
0.229353 -0.730291 1.923560
0.233441 -0.762098 1.844890
0.075776 -0.019007 1.951630
0.072747 0.044629 2.002010
0.049534 0.402119 2.008160
0.027943 0.587461 2.008830
-0.118745 0.268444 1.994310
-0.159723 0.007783 1.952060
-0.148506 -0.202035 1.892450
-0.145372 -0.274338 1.872390
0.203894 0.258309 1.980830
0.344929 0.213044 1.820340
0.214637 0.354951 1.804310
0.152277 0.384575 1.770880
0.008619 -0.096763 1.934940
-0.005188 -0.483941 1.928520
0.010512 -0.730843 1.963370
-0.015073 -0.786074 1.915480
0.154356 -0.091563 1.944960
0.222372 -0.480538 1.921960
0.232557 -0.726351 1.924570
0.232039 -0.756544 1.840360
0.077901 -0.018442 1.951640
0.074503 0.044856 2.002350
0.050459 0.402353 2.009100
0.028728 0.587173 2.009200
-0.116564 0.268103 1.993850
-0.159893 0.007957 1.952150
-0.149331 -0.201913 1.892100
-0.146025 -0.274617 1.872480
0.208812 0.264323 1.981700
0.346248 0.220492 1.818430
0.217429 0.357536 1.806900
0.156238 0.386781 1.774190
0.011969 -0.095389 1.934230
-0.004299 -0.481029 1.927980
0.010381 -0.730230 1.963690
-0.014716 -0.786113 1.916250
0.156428 -0.089665 1.945030
0.223781 -0.477413 1.922620
0.235028 -0.723063 1.925570
0.231329 -0.752825 1.837640
0.080761 -0.017665 1.951430
0.076924 0.045170 2.002560
0.051694 0.402420 2.010130
0.030051 0.586775 2.009650
-0.112606 0.267686 1.993040
-0.159886 0.008168 1.952210
-0.149840 -0.201558 1.891660
-0.146363 -0.274731 1.872380
0.213565 0.269103 1.981920
0.348212 0.226576 1.816830
0.218989 0.359603 1.808500
0.158950 0.388375 1.776620
0.015797 -0.093902 1.933430
-0.002569 -0.478330 1.927140
0.010342 -0.729762 1.963910
-0.014419 -0.786129 1.916810
0.159234 -0.087568 1.944630
0.225338 -0.474293 1.923120
0.236781 -0.720659 1.926410
0.230946 -0.750193 1.835990
0.083730 -0.016789 1.951060
0.079537 0.045537 2.002600
0.053044 0.402340 2.011150
0.032828 0.586118 2.010410
-0.108434 0.267372 1.992240
-0.159505 0.008385 1.952250
-0.149314 -0.200566 1.891200
-0.145675 -0.274392 1.871730
0.218931 0.272268 1.981390
0.352052 0.232545 1.814920
0.220211 0.361562 1.809400
0.161325 0.389901 1.778550
0.019191 -0.092573 1.932640
-0.000133 -0.475754 1.925960
0.010474 -0.729376 1.964020
-0.014217 -0.786076 1.917120
0.162320 -0.085608 1.943850
0.227309 -0.471164 1.923320
0.238236 -0.718729 1.927160
0.231040 -0.748168 1.835340
0.086718 -0.015774 1.950510
0.082347 0.046024 2.002460
0.054907 0.402097 2.012220
0.037426 0.584881 2.010950
-0.103816 0.267264 1.991440
-0.158519 0.008606 1.952150
-0.146609 -0.199813 1.890310
-0.141868 -0.274126 1.870280
0.224426 0.274449 1.980450
0.356967 0.238486 1.812810
0.221032 0.363607 1.809760
0.163310 0.391427 1.780090
0.022228 -0.091328 1.931840
0.002445 -0.473669 1.924710
0.010737 -0.729043 1.964030
-0.013987 -0.786035 1.917350
0.165276 -0.083797 1.942830
0.229252 -0.468181 1.923210
0.239405 -0.717148 1.927840
0.231554 -0.746635 1.835620
0.089814 -0.014694 1.949780
0.085357 0.046565 2.002100
0.056955 0.401740 2.013210
0.042760 0.583251 2.010740
-0.099689 0.267176 1.990780
-0.155897 0.008978 1.951630
-0.141876 -0.199532 1.889060
-0.136400 -0.273929 1.868450
0.229398 0.275820 1.979370
0.362297 0.244139 1.810990
0.221569 0.365537 1.809770
0.164937 0.392864 1.781280
0.024955 -0.090216 1.931030
0.005417 -0.471711 1.923130
0.011262 -0.728721 1.963930
-0.013584 -0.785998 1.917490
0.168685 -0.082080 1.941360
0.231062 -0.465753 1.922900
0.240310 -0.715903 1.928410
0.232291 -0.745556 1.836460
0.092725 -0.013550 1.948950
0.088297 0.047200 2.001620
0.059207 0.401362 2.014110
0.046718 0.582044 2.010540
-0.095916 0.267227 1.990300
-0.152474 0.009363 1.950900
-0.135791 -0.198889 1.887880
-0.129280 -0.273594 1.866450
0.233637 0.276615 1.978350
0.367630 0.249573 1.809680
0.232633 0.382739 1.809780
0.174039 0.403538 1.783880
0.027419 -0.089102 1.930210
0.008594 -0.470034 1.921430
0.012213 -0.728464 1.963680
-0.012719 -0.786092 1.917590
0.171752 -0.080580 1.939850
0.232964 -0.463143 1.922200
0.240992 -0.714940 1.928890
0.233088 -0.744853 1.837580
0.095517 -0.012546 1.948010
0.091150 0.047747 2.000980
0.061378 0.400973 2.014870
0.050076 0.580934 2.010360
-0.092221 0.267302 1.989900
-0.147334 0.009745 1.949600
-0.128853 -0.198177 1.886450
-0.121980 -0.273179 1.864120
0.237145 0.277037 1.977440
0.373293 0.264914 1.806810
0.234380 0.397609 1.810540
0.177934 0.414833 1.786270
0.029878 -0.088100 1.929320
0.011989 -0.468545 1.919610
0.013363 -0.728242 1.963290
-0.011710 -0.786236 1.917630
0.174664 -0.079366 1.938130
0.234761 -0.460798 1.921350
0.241514 -0.714229 1.929260
0.233898 -0.744471 1.838760
0.098161 -0.011649 1.946950
0.093833 0.048232 2.000210
0.063405 0.400608 2.015460
0.052952 0.579986 2.010240
-0.088708 0.267339 1.989530
-0.141973 0.010077 1.948210
-0.122293 -0.197400 1.884900
-0.114631 -0.272424 1.861470
0.240023 0.277492 1.976820
0.376547 0.274475 1.805090
0.235198 0.406670 1.811120
0.180541 0.423676 1.788050
0.032420 -0.087154 1.928340
0.015499 -0.467237 1.917850
0.015029 -0.728182 1.962710
-0.010996 -0.786324 1.917630
0.177284 -0.078352 1.936340
0.236470 -0.458769 1.920470
0.241947 -0.713719 1.929560
0.234801 -0.744388 1.839990
0.100665 -0.010689 1.945800
0.096327 0.048782 1.999350
0.065255 0.400334 2.015940
0.055287 0.579324 2.010260
-0.085753 0.267395 1.989270
-0.136790 0.010520 1.946760
-0.116501 -0.196487 1.883270
-0.107997 -0.271475 1.858640
0.242411 0.277899 1.976410
0.378684 0.281244 1.804080
0.235643 0.412966 1.811570
0.182352 0.430817 1.789350
0.034837 -0.086270 1.927320
0.018830 -0.465889 1.916000
0.016750 -0.728168 1.962110
-0.010172 -0.786387 1.917530
0.179847 -0.077119 1.934300
0.238228 -0.456715 1.919480
0.242324 -0.713328 1.929820
0.235713 -0.744426 1.841110
0.102973 -0.009854 1.944640
0.098656 0.049285 1.998450
0.067025 0.400169 2.016340
0.058533 0.579591 2.011420
-0.083067 0.267509 1.989090
-0.131783 0.011040 1.945310
-0.111145 -0.195717 1.881450
-0.102280 -0.270381 1.855870
0.244811 0.278183 1.976020
0.380552 0.286660 1.803390
0.236006 0.417304 1.811920
0.183692 0.436354 1.790320
0.037161 -0.085472 1.926240
0.021815 -0.464992 1.914390
0.018332 -0.728208 1.961520
-0.008553 -0.786630 1.917150
0.182104 -0.076176 1.932420
0.239871 -0.455068 1.918600
0.242680 -0.713043 1.930040
0.236601 -0.744576 1.842090
0.105057 -0.009180 1.943520
0.100748 0.049688 1.997550
0.068625 0.400050 2.016650
0.060895 0.579600 2.012530
-0.080463 0.267629 1.988890
-0.127689 0.011525 1.943990
-0.106262 -0.194907 1.879590
-0.096874 -0.268828 1.852970
0.246919 0.278448 1.975730
0.382066 0.290867 1.803060
0.236520 0.420990 1.812280
0.185024 0.441407 1.791110
0.039396 -0.084780 1.925150
0.024253 -0.464295 1.913020
0.019861 -0.728178 1.960880
-0.006919 -0.786678 1.916550
0.184039 -0.075479 1.930730
0.241426 -0.453681 1.917740
0.243051 -0.712805 1.930230
0.237473 -0.744709 1.842890
0.107093 -0.008628 1.942330
0.102831 0.050028 1.996560
0.070234 0.400011 2.016870
0.062757 0.579614 2.013400
-0.078159 0.267779 1.988750
-0.124232 0.012013 1.942720
-0.102049 -0.194048 1.877730
-0.092359 -0.267328 1.850070
0.249119 0.278658 1.975360
0.383639 0.294981 1.802880
0.237793 0.425359 1.813520
0.186823 0.446906 1.792410
0.041543 -0.084233 1.923990
0.026178 -0.463810 1.911880
0.021411 -0.728171 1.960200
-0.005488 -0.786850 1.916180
0.185956 -0.074969 1.929020
0.242892 -0.452507 1.916960
0.243433 -0.712629 1.930400
0.238257 -0.744868 1.843570
0.108980 -0.008096 1.941180
0.104800 0.050377 1.995570
0.071929 0.400024 2.017010
0.064242 0.579541 2.013990
-0.076194 0.267950 1.988680
-0.121207 0.012534 1.941390
-0.098754 -0.193241 1.876000
-0.088831 -0.265038 1.847550
0.251449 0.279140 1.975050
0.385307 0.298694 1.802920
0.238981 0.428724 1.814750
0.188358 0.451299 1.793590
0.043466 -0.083740 1.922910
0.027973 -0.463381 1.910740
0.023014 -0.728163 1.959530
-0.004561 -0.786878 1.915910
0.187746 -0.074513 1.927370
0.244174 -0.451612 1.916270
0.243857 -0.712479 1.930530
0.238988 -0.745003 1.844110
0.110751 -0.007550 1.940030
0.106663 0.050756 1.994560
0.073729 0.400102 2.017090
0.065573 0.579504 2.014520
-0.074410 0.268098 1.988610
-0.118673 0.012953 1.940160
-0.096255 -0.192448 1.874480
-0.086205 -0.263483 1.845350
0.253751 0.279709 1.974790
0.386971 0.302068 1.803120
0.240465 0.431966 1.815900
0.189956 0.455363 1.794610
0.045188 -0.083254 1.921900
0.029535 -0.463000 1.909660
0.024634 -0.728064 1.958880
-0.003676 -0.786894 1.915760
0.189472 -0.074072 1.925690
0.245347 -0.450850 1.915650
0.244323 -0.712340 1.930640
0.239675 -0.745105 1.844540
0.112275 -0.007079 1.939020
0.108261 0.051087 1.993680
0.075235 0.400201 2.017140
0.066741 0.579411 2.014920
-0.072564 0.268247 1.988530
-0.116657 0.013291 1.939070
-0.094426 -0.191737 1.873220
-0.084295 -0.262574 1.843460
0.256350 0.280259 1.974400
0.389044 0.305614 1.803380
0.241974 0.434719 1.817020
0.191448 0.458800 1.795530
0.046686 -0.082833 1.921000
0.030965 -0.462599 1.908610
0.026200 -0.727998 1.958220
-0.003024 -0.786859 1.915600
0.190997 -0.073718 1.924190
0.246440 -0.450176 1.915070
0.244823 -0.712212 1.930730
0.240304 -0.745181 1.844880
0.113691 -0.006656 1.938070
0.109772 0.051405 1.992830
0.077005 0.400426 2.017160
0.067756 0.579349 2.015300
-0.070664 0.268423 1.988380
-0.115020 0.013530 1.938080
-0.093088 -0.191158 1.872170
-0.082965 -0.262054 1.841800
0.259360 0.281046 1.974050
0.391431 0.309157 1.803680
0.245388 0.439133 1.818440
0.194012 0.463208 1.796550
0.048072 -0.082459 1.920100
0.032201 -0.462224 1.907650
0.027481 -0.727920 1.957650
-0.002519 -0.786830 1.915500
0.192347 -0.073454 1.922900
0.247470 -0.449613 1.914550
0.245317 -0.712097 1.930790
0.240885 -0.745239 1.845140
0.115034 -0.006286 1.937180
0.111233 0.051693 1.992010
0.078919 0.400686 2.017090
0.068868 0.579151 2.015470
-0.068695 0.268610 1.988150
-0.113627 0.013615 1.937170
-0.092144 -0.190694 1.871170
-0.082090 -0.261849 1.840420
0.262351 0.281882 1.973680
0.393953 0.312393 1.804020
0.248348 0.442601 1.819280
0.196382 0.466897 1.797220
0.049356 -0.082135 1.919230
0.033333 -0.461866 1.906770
0.028655 -0.727892 1.957170
-0.002098 -0.786795 1.915420
0.193601 -0.073269 1.921770
0.248439 -0.449125 1.914070
0.245758 -0.712004 1.930850
0.241379 -0.745287 1.845350
0.116286 -0.005975 1.936350
0.112604 0.051950 1.991240
0.080815 0.400994 2.016960
0.070340 0.578779 2.015210
-0.066645 0.268811 1.987840
-0.112482 0.013622 1.936360
-0.091559 -0.190293 1.870090
-0.081546 -0.261750 1.839350
0.265121 0.282626 1.973320
0.396419 0.315125 1.804360
0.250501 0.444871 1.819790
0.198280 0.469603 1.797670
0.050515 -0.081862 1.918410
0.034320 -0.461513 1.905970
0.029641 -0.727859 1.956780
-0.001744 -0.786649 1.915260
0.194777 -0.073151 1.920780
0.249298 -0.448713 1.913640
0.246301 -0.711881 1.930850
0.241936 -0.745294 1.845490
0.117428 -0.005740 1.935600
0.113863 0.052155 1.990540
0.082705 0.401359 2.016790
0.072157 0.578386 2.014540
-0.064720 0.268975 1.987480
-0.111571 0.013602 1.935680
-0.091211 -0.189987 1.869140
-0.081268 -0.261797 1.838430
0.267606 0.283277 1.972960
0.398635 0.317228 1.804620
0.244262 0.461882 1.819910
0.195719 0.480889 1.797940
0.051567 -0.081658 1.917640
0.035187 -0.461206 1.905270
0.030452 -0.727792 1.956450
-0.001376 -0.786480 1.915090
0.195828 -0.073110 1.919930
0.250173 -0.448342 1.913240
0.246846 -0.711723 1.930840
0.242473 -0.745250 1.845580
0.118438 -0.005546 1.934950
0.114971 0.052331 1.989930
0.084323 0.401695 2.016620
0.074083 0.578111 2.013610
-0.063123 0.269113 1.987150
-0.110862 0.013560 1.935120
-0.091035 -0.189756 1.868330
-0.081189 -0.261965 1.837700
0.269809 0.283887 1.972640
0.401005 0.318789 1.805020
0.238826 0.472501 1.818950
0.192373 0.490264 1.797450
0.052473 -0.081499 1.916960
0.035900 -0.460952 1.904700
0.031174 -0.727713 1.956140
-0.001042 -0.786361 1.914980
0.196798 -0.073105 1.919210
0.250964 -0.448051 1.912880
0.247322 -0.711582 1.930830
0.242931 -0.745201 1.845640
0.119295 -0.005368 1.934410
0.115906 0.052492 1.989410
0.085666 0.401970 2.016460
0.075470 0.577911 2.012990
-0.061829 0.269247 1.986890
-0.110301 0.013506 1.934660
-0.090982 -0.189580 1.867650
-0.081351 -0.262363 1.837170
0.271583 0.284383 1.972410
0.402851 0.319821 1.805310
0.245243 0.468238 1.816730
0.194257 0.491804 1.796710
0.053240 -0.081356 1.916380
0.036507 -0.460723 1.904200
0.031776 -0.727640 1.955880
-0.000740 -0.786289 1.914930
0.197612 -0.073104 1.918630
0.251705 -0.447810 1.912550
0.247734 -0.711464 1.930820
0.243324 -0.745157 1.845690
0.120020 -0.005240 1.933950
0.116692 0.052609 1.988980
0.086785 0.402179 2.016300
0.076477 0.577777 2.012600
-0.060802 0.269345 1.986670
-0.109840 0.013438 1.934270
-0.091011 -0.189475 1.867100
-0.081684 -0.262881 1.836880
0.272967 0.284766 1.972240
0.404541 0.320211 1.805600
0.251054 0.460774 1.814980
0.196709 0.490989 1.795830
0.053905 -0.081262 1.915860
0.037007 -0.460534 1.903780
0.032279 -0.727558 1.955650
-0.000449 -0.786217 1.914890
0.198292 -0.073133 1.918160
0.252356 -0.447666 1.912250
0.248092 -0.711362 1.930810
0.243665 -0.745114 1.845720
0.120659 -0.005146 1.933560
0.117381 0.052693 1.988610
0.087773 0.402333 2.016140
0.077123 0.577659 2.012410
-0.059992 0.269423 1.986490
-0.109464 0.013367 1.933960
-0.091082 -0.189421 1.866690
-0.082156 -0.263511 1.836830
0.274134 0.285059 1.972140
0.406536 0.319454 1.805960
0.256237 0.452043 1.813030
0.199909 0.487751 1.794500
0.054492 -0.081202 1.915400
0.037426 -0.460374 1.903430
0.032739 -0.727459 1.955440
-0.000173 -0.786117 1.914840
0.198910 -0.073197 1.917770
0.252931 -0.447600 1.912000
0.248411 -0.711272 1.930800
0.243974 -0.745071 1.845740
0.121203 -0.005064 1.933240
0.117953 0.052765 1.988310
0.088554 0.402448 2.016010
0.077630 0.577603 2.012280
-0.059364 0.269483 1.986350
-0.109160 0.013298 1.933720
-0.091211 -0.189452 1.866400
-0.082876 -0.264423 1.837160
0.275113 0.285260 1.972070
0.413264 0.308137 1.808760
0.265586 0.431968 1.809040
0.206878 0.475853 1.791400
0.054981 -0.081158 1.915010
0.037769 -0.460256 1.903140
0.033132 -0.727368 1.955270
0.000035 -0.786029 1.914810
0.199473 -0.073260 1.917450
0.253593 -0.447886 1.911730
0.248696 -0.711177 1.930780
0.244253 -0.745013 1.845760
0.121649 -0.005010 1.932980
0.118415 0.052808 1.988060
0.089238 0.402481 2.015850
0.078159 0.577553 2.012140
-0.058857 0.269525 1.986240
-0.108901 0.013218 1.933540
-0.091374 -0.189529 1.866240
-0.083657 -0.265414 1.837740
0.275894 0.285359 1.972070
0.422910 0.281062 1.815810
0.278041 0.409246 1.803750
0.217983 0.457437 1.786560
0.055387 -0.081138 1.914690
0.038042 -0.460177 1.902910
0.033454 -0.727279 1.955110
0.000257 -0.785927 1.914760
0.199934 -0.073331 1.917210
0.254211 -0.448370 1.911470
0.248963 -0.711059 1.930750
0.244532 -0.744924 1.845740
0.122043 -0.004953 1.932760
0.118812 0.052854 1.987850
0.089928 0.402491 2.015650
0.078596 0.577526 2.012040
-0.058463 0.269553 1.986150
-0.108668 0.013125 1.933410
-0.091585 -0.189669 1.866210
-0.084422 -0.266371 1.838540
0.276582 0.285350 1.972150
0.427533 0.262060 1.820390
0.283858 0.392752 1.798400
0.225516 0.440040 1.780980
0.055725 -0.081127 1.914410
0.038254 -0.460140 1.902730
0.033733 -0.727196 1.954980
0.000446 -0.785814 1.914700
0.200346 -0.073377 1.917020
0.254781 -0.449120 1.911210
0.249199 -0.710937 1.930710
0.244804 -0.744818 1.845710
0.122480 -0.004759 1.932560
0.119238 0.053035 1.987650
0.091133 0.402733 2.015310
0.078963 0.577702 2.012140
-0.058180 0.269571 1.986090
-0.108460 0.013021 1.933330
-0.091845 -0.189919 1.866420
-0.085173 -0.267308 1.839690
0.277753 0.285331 1.972830
0.429208 0.248006 1.823380
0.277652 0.379831 1.790550
0.224558 0.426382 1.774420
0.056002 -0.081102 1.914160
0.038404 -0.460137 1.902600
0.033972 -0.727114 1.954850
0.000689 -0.785676 1.914580
0.200806 -0.073327 1.916900
0.255198 -0.450152 1.910990
0.249408 -0.710833 1.930680
0.245132 -0.744712 1.845670
0.122888 -0.004534 1.932390
0.119644 0.053259 1.987480
0.092601 0.403089 2.014880
0.079205 0.577904 2.012260
-0.057986 0.269585 1.986060
-0.108266 0.012907 1.933300
-0.092161 -0.190271 1.867020
-0.085881 -0.268231 1.841070
0.278857 0.285186 1.973660
0.427313 0.226603 1.827970
0.244528 0.366153 1.770360
0.205036 0.408987 1.758240
0.056224 -0.081075 1.913950
0.038506 -0.460160 1.902500
0.034224 -0.727022 1.954740
0.000826 -0.785498 1.914510
0.201231 -0.073255 1.916820
0.255402 -0.451859 1.910790
0.249598 -0.710735 1.930640
0.245460 -0.744607 1.845620
0.123234 -0.004370 1.932250
0.119993 0.053444 1.987320
0.094160 0.403423 2.014200
0.079353 0.578136 2.012390
-0.057847 0.269590 1.986050
-0.108080 0.012770 1.933330
-0.092459 -0.190648 1.867820
-0.086448 -0.268927 1.842400
0.279695 0.284547 1.974630
0.422006 0.204173 1.833070
0.220226 0.354568 1.749180
0.187287 0.394039 1.740330
0.056403 -0.081071 1.913770
0.038500 -0.460414 1.902410
0.034440 -0.726948 1.954640
0.000925 -0.785339 1.914450
0.201589 -0.073247 1.916780
0.255315 -0.454889 1.910630
0.249765 -0.710655 1.930600
0.245788 -0.744520 1.845560
0.123498 -0.004379 1.932100
0.120267 0.053522 1.987150
0.095573 0.403916 2.013190
0.079211 0.578837 2.012770
-0.057846 0.269538 1.986150
-0.107896 0.012597 1.933460
-0.092720 -0.191006 1.868760
-0.086910 -0.269437 1.843660
0.279035 0.281411 1.975870
0.417444 0.189608 1.836720
0.210817 0.347521 1.738350
0.176896 0.383536 1.727640
0.056542 -0.081168 1.913610
0.038181 -0.461353 1.902390
0.034625 -0.726882 1.954560
0.001002 -0.785200 1.914400
0.201873 -0.073426 1.916730
0.255012 -0.459507 1.910590
0.249973 -0.710908 1.930610
0.251457 -0.772982 1.885540
0.123529 -0.006471 1.931450
0.120482 0.052881 1.986680
0.096781 0.404606 2.011850
0.078956 0.579736 2.013210
-0.058013 0.269444 1.986400
-0.107747 0.012431 1.933680
-0.092933 -0.191313 1.869800
-0.087284 -0.269720 1.844960
0.267837 0.266936 1.975680
0.409781 0.174524 1.841820
0.208778 0.327282 1.725070
0.167827 0.365710 1.712860
0.056603 -0.082060 1.913490
0.037283 -0.463410 1.902480
0.034788 -0.726824 1.954490
0.001046 -0.785085 1.914380
0.201330 -0.075805 1.916240
0.254719 -0.465643 1.910800
0.250226 -0.712368 1.930840
0.254977 -0.790313 1.904740
0.123439 -0.008316 1.930930
0.120538 0.052261 1.986250
0.097693 0.405431 2.010400
0.078643 0.580924 2.013790
-0.058726 0.269412 1.987160
-0.107626 0.012220 1.934070
-0.093106 -0.191593 1.870780
-0.087573 -0.269901 1.846110
0.266381 0.263672 1.977030
0.401170 0.151599 1.856310
0.205971 0.294801 1.712810
0.164262 0.340620 1.704410
0.056348 -0.083354 1.913630
0.035625 -0.467366 1.903000
0.034930 -0.726774 1.954440
0.001082 -0.785011 1.914400
0.200760 -0.078007 1.915780
0.254267 -0.473603 1.911150
0.250551 -0.716366 1.931530
0.256325 -0.796711 1.911230
0.123263 -0.009723 1.930600
0.120441 0.051694 1.985900
0.098312 0.406084 2.009200
0.078390 0.582073 2.014310
-0.059924 0.269504 1.988340
-0.107546 0.011981 1.934610
-0.093251 -0.191851 1.871760
-0.087799 -0.270021 1.847160
0.277629 0.260224 1.983630
0.398741 0.136851 1.862260
0.205349 0.264355 1.705370
0.165825 0.316493 1.701540
0.055443 -0.085321 1.914280
0.033684 -0.472466 1.903910
0.035048 -0.726735 1.954390
0.001106 -0.784951 1.914430
0.200300 -0.080150 1.915290
0.254105 -0.479906 1.911560
0.250750 -0.720638 1.932300
0.257391 -0.801278 1.914980
0.123125 -0.010705 1.930460
0.120309 0.051216 1.985660
0.098712 0.406482 2.008370
0.078368 0.582997 2.014620
-0.061289 0.269572 1.989650
-0.107504 0.011722 1.935260
-0.093382 -0.192114 1.872720
-0.087968 -0.270081 1.848190
0.288411 0.264572 1.991210
0.395056 0.126099 1.872030
0.203017 0.233085 1.702190
0.160811 0.273200 1.687230
0.054584 -0.087139 1.915020
0.031909 -0.477263 1.904860
0.035151 -0.726703 1.954350
0.001163 -0.784931 1.914510
0.200019 -0.081898 1.914920
0.254344 -0.484554 1.912080
0.250445 -0.724447 1.933360
0.258838 -0.803859 1.915330
0.123049 -0.011340 1.930440
0.120201 0.050853 1.985530
0.099036 0.406656 2.007820
0.078565 0.583788 2.014730
-0.062710 0.269575 1.990940
-0.107524 0.011405 1.936070
-0.093498 -0.192406 1.873810
-0.088105 -0.270109 1.849220
0.295675 0.269756 1.996960
0.392704 0.118451 1.879580
0.202173 0.214343 1.701500
0.157129 0.242146 1.679130
0.053869 -0.088634 1.915680
0.030573 -0.480859 1.905620
0.035240 -0.726674 1.954330
0.001215 -0.784930 1.914630
0.199924 -0.083219 1.914790
0.254574 -0.487628 1.912470
0.250135 -0.727238 1.934190
0.260855 -0.803577 1.909680
0.122990 -0.011820 1.930490
0.120098 0.050540 1.985470
0.099300 0.406652 2.007370
0.079131 0.584348 2.014550
-0.063921 0.269579 1.992040
-0.107578 0.011100 1.936920
-0.093598 -0.192721 1.874910
-0.088211 -0.270088 1.850280
0.299836 0.273083 2.000370
0.389879 0.111596 1.886320
0.206760 0.174830 1.706800
0.160253 0.204552 1.678880
0.053306 -0.089819 1.916220
0.029578 -0.483720 1.906270
0.035319 -0.726654 1.954320
0.001266 -0.784941 1.914780
0.199918 -0.084311 1.914860
0.254786 -0.489760 1.912750
0.249852 -0.729322 1.934830
0.262396 -0.802010 1.903560
0.122947 -0.012184 1.930590
0.120003 0.050268 1.985460
0.099569 0.406457 2.007000
0.079884 0.584808 2.014170
-0.064894 0.269577 1.992920
-0.107687 0.010849 1.937810
-0.093717 -0.193057 1.875970
-0.088351 -0.270097 1.851540
0.302254 0.275223 2.002550
0.387460 0.105139 1.894760
0.201705 0.149505 1.709790
0.159895 0.187780 1.678800
0.052889 -0.090726 1.916640
0.028830 -0.485797 1.906790
0.035391 -0.726643 1.954320
0.001305 -0.784945 1.914890
0.199955 -0.085207 1.915070
0.254957 -0.491253 1.912960
0.249606 -0.730845 1.935320
0.267255 -0.795382 1.893910
0.122919 -0.012460 1.930740
0.119923 0.050029 1.985490
0.099942 0.405984 2.006690
0.080737 0.585135 2.013640
-0.065640 0.269563 1.993600
-0.107844 0.010684 1.938760
-0.093859 -0.193402 1.876990
-0.088539 -0.270174 1.852870
0.303743 0.276560 2.004000
0.385957 0.099067 1.904970
0.199027 0.132054 1.714260
0.157466 0.169610 1.682380
0.052592 -0.091411 1.916960
0.028275 -0.487324 1.907180
0.035457 -0.726646 1.954330
0.001325 -0.784953 1.914990
0.200023 -0.085942 1.915420
0.255089 -0.492315 1.913120
0.249386 -0.731953 1.935700
0.269927 -0.791114 1.888060
0.122898 -0.012663 1.930930
0.119844 0.049815 1.985550
0.100304 0.405398 2.006470
0.081671 0.585349 2.012900
-0.066217 0.269547 1.994120
-0.108057 0.010607 1.939730
-0.094024 -0.193750 1.878060
-0.088790 -0.270299 1.854390
0.304546 0.277459 2.005000
0.382239 0.089887 1.915340
0.194342 0.115561 1.719890
0.136534 0.132006 1.671920
0.052383 -0.091915 1.917190
0.027832 -0.488557 1.907550
0.035529 -0.726696 1.954360
0.001329 -0.785015 1.915140
0.200076 -0.086570 1.915990
0.255201 -0.493078 1.913250
0.249196 -0.732767 1.935990
0.271136 -0.789199 1.885120
0.122889 -0.012803 1.931170
0.119773 0.049628 1.985650
0.100708 0.404681 2.006280
0.082829 0.585328 2.011780
-0.066656 0.269530 1.994520
-0.108302 0.010574 1.940640
-0.094215 -0.194111 1.879110
-0.089087 -0.270416 1.855900
0.304648 0.278072 2.005640
0.379134 0.082506 1.924520
0.194212 0.086841 1.731780
0.140979 0.102892 1.685690
0.052247 -0.092281 1.917360
0.027448 -0.489554 1.907880
0.035615 -0.726807 1.954430
0.001305 -0.785118 1.915330
0.200113 -0.087083 1.916760
0.255311 -0.493607 1.913360
0.248996 -0.733370 1.936210
0.271878 -0.788208 1.883420
0.122881 -0.012882 1.931480
0.119703 0.049462 1.985780
0.101113 0.403906 2.006120
0.083970 0.585223 2.010530
-0.066994 0.269513 1.994830
-0.108594 0.010500 1.941710
-0.094450 -0.194456 1.880130
-0.089469 -0.270542 1.857370
0.304120 0.278355 2.005980
0.376196 0.074704 1.937550
0.194691 0.072241 1.738550
0.143542 0.083538 1.694780
0.052150 -0.092552 1.917490
0.027121 -0.490398 1.908220
0.035708 -0.727016 1.954560
0.001260 -0.785216 1.915470
0.200084 -0.087487 1.917770
0.255382 -0.493949 1.913480
0.248781 -0.733822 1.936410
0.272354 -0.787453 1.882200
0.122871 -0.012908 1.931830
0.119633 0.049317 1.985930
0.101511 0.403093 2.005980
0.084968 0.585091 2.009390
-0.067247 0.269495 1.995060
-0.108876 0.010392 1.942720
-0.094746 -0.194757 1.881240
-0.089924 -0.270683 1.858800
0.303039 0.278400 2.006120
0.373131 0.069068 1.947720
0.194139 0.062657 1.742420
0.143180 0.068642 1.701050
0.052083 -0.092750 1.917590
0.026848 -0.491102 1.908540
0.035798 -0.727301 1.954720
0.001194 -0.785290 1.915560
0.199979 -0.087765 1.918930
0.255431 -0.494119 1.913610
0.248569 -0.734142 1.936570
0.272473 -0.786914 1.881440
0.122846 -0.012861 1.932250
0.119553 0.049199 1.986120
0.101861 0.402315 2.005870
0.085917 0.584872 2.008130
-0.067439 0.269479 1.995240
-0.109144 0.010292 1.943610
-0.095073 -0.195019 1.882320
-0.090430 -0.270795 1.860140
0.301687 0.278306 2.006170
0.368258 0.063607 1.956320
0.193353 0.054321 1.745980
0.142636 0.055631 1.706480
0.052037 -0.092892 1.917660
0.026597 -0.491710 1.908870
0.035856 -0.727663 1.954930
0.001129 -0.785355 1.915610
0.199767 -0.087900 1.920230
0.255464 -0.494111 1.913750
0.248298 -0.734337 1.936720
0.271985 -0.786708 1.881310
0.122810 -0.012786 1.932680
0.119460 0.049093 1.986330
0.102150 0.401588 2.005780
0.086808 0.584574 2.006880
-0.067586 0.269466 1.995360
-0.109384 0.010198 1.944380
-0.095392 -0.195218 1.883260
-0.090921 -0.270878 1.861290
0.300072 0.278092 2.006210
0.364263 0.060214 1.962140
0.194122 0.043559 1.753270
0.145054 0.042514 1.713940
0.052007 -0.092995 1.917720
0.026385 -0.492207 1.909170
0.035881 -0.728049 1.955150
0.001060 -0.785427 1.915640
0.199509 -0.087961 1.921440
0.255464 -0.494006 1.913870
0.248029 -0.734456 1.936840
0.271327 -0.786690 1.881510
0.122764 -0.012687 1.933120
0.119354 0.049001 1.986560
0.102372 0.400915 2.005690
0.087556 0.584300 2.005750
-0.067699 0.269454 1.995460
-0.109605 0.010107 1.945030
-0.095688 -0.195385 1.884070
-0.091383 -0.270922 1.862270
0.298419 0.277837 2.006260
0.360023 0.057537 1.966080
0.195094 0.034958 1.759620
0.147693 0.030889 1.720280
0.051992 -0.093070 1.917770
0.026200 -0.492651 1.909460
0.035877 -0.728493 1.955410
0.000987 -0.785500 1.915640
0.199234 -0.087968 1.922570
0.255448 -0.493832 1.913990
0.247745 -0.734512 1.936950
0.270445 -0.786905 1.882050
0.122696 -0.012577 1.933580
0.119223 0.048915 1.986830
0.102542 0.400290 2.005610
0.088191 0.584039 2.004750
-0.067789 0.269441 1.995530
-0.109801 0.010024 1.945570
-0.095947 -0.195512 1.884740
-0.091801 -0.270952 1.863070
0.296843 0.277600 2.006370
0.356463 0.055555 1.969010
0.195282 0.028561 1.763630
0.149271 0.020288 1.724540
0.051985 -0.093122 1.917810
0.026042 -0.493021 1.909740
0.035833 -0.728932 1.955680
0.000912 -0.785577 1.915630
0.198909 -0.087949 1.923660
0.255409 -0.493628 1.914090
0.247486 -0.734538 1.937020
0.269190 -0.787501 1.882960
0.122617 -0.012471 1.934020
0.119065 0.048828 1.987120
0.102642 0.399686 2.005530
0.088706 0.583734 2.003730
-0.067865 0.269422 1.995560
-0.109974 0.009935 1.946010
-0.096191 -0.195615 1.885290
-0.092170 -0.270972 1.863710
0.295319 0.277447 2.006590
0.353826 0.054407 1.971280
0.196695 0.021238 1.769410
0.152750 0.009537 1.729590
0.051986 -0.093158 1.917850
0.025890 -0.493349 1.910000
0.035738 -0.729384 1.955960
0.000812 -0.785635 1.915560
0.198597 -0.087922 1.924620
0.255366 -0.493417 1.914180
0.247218 -0.734535 1.937090
0.268131 -0.788016 1.883790
0.122523 -0.012378 1.934460
0.118875 0.048733 1.987430
0.102683 0.399106 2.005470
0.089108 0.583374 2.002660
-0.067945 0.269388 1.995560
-0.110138 0.009837 1.946370
-0.096404 -0.195699 1.885740
-0.092490 -0.270978 1.864200
0.293808 0.277377 2.006850
0.351638 0.053858 1.973310
0.197933 0.014695 1.773990
0.156264 -0.003208 1.734670
0.051993 -0.093182 1.917880
0.025751 -0.493646 1.910260
0.035568 -0.729858 1.956230
0.000697 -0.785699 1.915380
0.198280 -0.087900 1.925490
0.255325 -0.493215 1.914260
0.246956 -0.734522 1.937150
0.267362 -0.788363 1.884360
0.122376 -0.012294 1.934910
0.118618 0.048627 1.987780
0.102677 0.398562 2.005410
0.089394 0.582998 2.001550
-0.068037 0.269338 1.995520
-0.110289 0.009730 1.946660
-0.096586 -0.195764 1.886100
-0.092756 -0.270958 1.864550
0.292395 0.277378 2.007170
0.350003 0.053688 1.975030
0.193795 0.009064 1.774090
0.179271 -0.042547 1.759930
0.051994 -0.093199 1.917910
0.025627 -0.493909 1.910500
0.035366 -0.730318 1.956500
0.000385 -0.785692 1.915140
0.197909 -0.087882 1.926280
0.255277 -0.493022 1.914340
0.246699 -0.734500 1.937200
0.266705 -0.788632 1.884800
0.122196 -0.012238 1.935340
0.118315 0.048499 1.988150
0.102626 0.398052 2.005350
0.089595 0.582659 2.000560
-0.068142 0.269289 1.995440
-0.110435 0.009631 1.946880
-0.096740 -0.195808 1.886380
-0.092977 -0.270922 1.864790
0.291039 0.277353 2.007480
0.348710 0.053769 1.976500
0.191513 -0.017765 1.774680
0.170920 -0.050700 1.753180
0.051993 -0.093211 1.917940
0.025500 -0.494186 1.910790
0.035129 -0.730820 1.956780
0.000044 -0.785657 1.914820
0.197523 -0.087893 1.927000
0.255202 -0.492858 1.914420
0.246464 -0.734498 1.937240
0.266136 -0.788862 1.885130
0.121982 -0.012212 1.935750
0.117942 0.048344 1.988530
0.102421 0.397543 2.005310
0.089656 0.582247 1.999470
-0.068262 0.269228 1.995320
-0.110598 0.009518 1.947030
-0.096865 -0.195840 1.886580
-0.093177 -0.270868 1.864930
0.289828 0.277322 2.007770
0.347702 0.053999 1.977780
0.190321 -0.029419 1.775580
0.164404 -0.058687 1.748370
0.051990 -0.093221 1.917960
0.025360 -0.494477 1.911120
0.034886 -0.731336 1.957060
-0.000356 -0.785633 1.914530
0.197147 -0.087926 1.927620
0.255126 -0.492721 1.914500
0.246245 -0.734508 1.937270
0.265597 -0.789073 1.885360
0.121738 -0.012198 1.936140
0.117520 0.048185 1.988910
0.102085 0.397013 2.005250
0.089646 0.581880 1.998460
-0.068406 0.269163 1.995160
-0.110795 0.009389 1.947120
-0.096973 -0.195846 1.886710
-0.093661 -0.271128 1.864540
0.288736 0.277305 2.008050
0.346920 0.054405 1.979090
0.190170 -0.037517 1.776620
0.161091 -0.067832 1.746950
0.051982 -0.093226 1.917990
0.025201 -0.494748 1.911460
0.034614 -0.731819 1.957350
-0.000778 -0.785559 1.914210
0.196777 -0.087967 1.928160
0.255033 -0.492599 1.914570
0.246047 -0.734525 1.937300
0.265174 -0.789229 1.885510
0.121456 -0.012196 1.936510
0.117064 0.048025 1.989270
0.101727 0.396525 2.005190
0.089559 0.581554 1.997480
-0.068587 0.269096 1.994970
-0.111023 0.009258 1.947150
-0.097072 -0.195840 1.886780
-0.094111 -0.271372 1.863630
0.287727 0.277292 2.008310
0.346253 0.054698 1.980160
0.190825 -0.045915 1.778200
0.158487 -0.074891 1.746360
0.051957 -0.093227 1.918010
0.025037 -0.494998 1.911780
0.034345 -0.732259 1.957650
-0.001192 -0.785398 1.913830
0.196396 -0.088021 1.928640
0.254931 -0.492495 1.914650
0.245835 -0.734553 1.937330
0.264718 -0.789451 1.885680
0.121164 -0.012209 1.936840
0.116600 0.047868 1.989590
0.101307 0.396061 2.005110
0.089421 0.581247 1.996510
-0.068783 0.269030 1.994740
-0.111272 0.009127 1.947140
-0.097208 -0.195705 1.886660
-0.094390 -0.271338 1.861930
0.286833 0.277277 2.008530
0.345753 0.054971 1.981050
0.191913 -0.052630 1.779800
0.157233 -0.081907 1.746450
0.051922 -0.093225 1.918030
0.024859 -0.495236 1.912080
0.034091 -0.732660 1.957960
-0.001667 -0.785139 1.913430
0.196035 -0.088083 1.929050
0.254799 -0.492407 1.914720
0.245632 -0.734599 1.937330
0.264359 -0.789659 1.885800
0.120843 -0.012218 1.937130
0.116118 0.047728 1.989880
0.100846 0.395620 2.004990
0.089252 0.580973 1.995530
-0.069010 0.268975 1.994500
-0.111595 0.009063 1.947100
-0.097321 -0.195136 1.885970
-0.094304 -0.270876 1.859650
0.286082 0.277268 2.008720
0.345375 0.055221 1.981820
0.225000 -0.061691 1.813200
0.171208 -0.082215 1.759260
0.051846 -0.093214 1.918060
0.024655 -0.495459 1.912370
0.033848 -0.733019 1.958240
-0.002084 -0.784913 1.913090
0.195691 -0.088141 1.929390
0.254604 -0.492325 1.914790
0.245425 -0.734657 1.937320
0.264013 -0.789874 1.885880
0.120521 -0.012226 1.937400
0.115658 0.047605 1.990130
0.100395 0.395209 2.004870
0.089034 0.580725 1.994520
-0.069252 0.268937 1.994250
-0.112230 0.009286 1.947140
-0.097185 -0.192044 1.882920
-0.091234 -0.265916 1.851260
0.285434 0.277268 2.008870
0.345097 0.055444 1.982450
0.224125 -0.071435 1.814160
0.171904 -0.080848 1.758420
0.051741 -0.093197 1.918080
0.024431 -0.495658 1.912640
0.033579 -0.733339 1.958520
-0.002410 -0.784731 1.912770
0.195375 -0.088193 1.929670
0.254203 -0.492253 1.914860
0.245210 -0.734733 1.937300
0.263736 -0.790008 1.885880
0.120195 -0.012220 1.937620
0.115230 0.047507 1.990340
0.099958 0.394829 2.004740
0.088792 0.580469 1.993460
-0.069547 0.268974 1.994030
-0.114622 0.012475 1.948060
-0.095558 -0.185031 1.876100
-0.081915 -0.234135 1.831440
0.284857 0.277284 2.008980
0.344894 0.055637 1.982980
0.220664 -0.077404 1.811960
0.171508 -0.080245 1.756880
0.051594 -0.093159 1.918110
0.024119 -0.495877 1.912930
0.033263 -0.733667 1.958760
-0.002701 -0.784610 1.912450
0.195083 -0.088233 1.929910
0.253700 -0.492188 1.914920
0.244871 -0.734830 1.937270
0.263523 -0.790134 1.885920
0.119878 -0.012210 1.937810
0.114843 0.047428 1.990510
0.099560 0.394482 2.004590
0.088571 0.580250 1.992450
-0.069843 0.269044 1.993820
-0.117942 0.017552 1.949340
-0.092252 -0.168947 1.865110
-0.076963 -0.216733 1.822380
0.284353 0.277302 2.009020
0.344754 0.055771 1.983380
0.215920 -0.080161 1.807930
0.170365 -0.080174 1.754940
0.051413 -0.093111 1.918120
0.023735 -0.496137 1.913260
0.032931 -0.734023 1.959010
-0.002953 -0.784546 1.912190
0.194812 -0.088266 1.930090
0.253002 -0.492140 1.914900
0.244540 -0.734940 1.937200
0.263075 -0.790446 1.886000
0.119594 -0.012198 1.937960
0.114520 0.047365 1.990640
0.099208 0.394157 2.004420
0.088378 0.580042 1.991510
-0.070138 0.269129 1.993630
-0.120544 0.021740 1.950350
-0.088804 -0.156475 1.857090
-0.071978 -0.205128 1.815190
0.283897 0.277305 2.008990
0.344660 0.055856 1.983680
0.216082 -0.082200 1.807750
0.170742 -0.080702 1.755190
0.051226 -0.093062 1.918130
0.023324 -0.496396 1.913590
0.032594 -0.734366 1.959240
-0.003280 -0.784511 1.911980
0.194583 -0.088293 1.930230
0.252007 -0.492129 1.914780
0.244183 -0.735064 1.937130
0.262597 -0.790758 1.886060
0.119352 -0.012176 1.938060
0.114261 0.047321 1.990720
0.098887 0.393857 2.004210
0.088222 0.579856 1.990590
-0.070419 0.269231 1.993480
-0.122552 0.025321 1.951010
-0.084815 -0.147510 1.849090
-0.067144 -0.196041 1.809040
0.283507 0.277311 2.008890
0.344600 0.055902 1.983880
0.211088 -0.080819 1.801920
0.168344 -0.082438 1.753640
0.051041 -0.093004 1.918110
0.022918 -0.496622 1.913920
0.032297 -0.734663 1.959440
-0.003594 -0.784470 1.911800
0.194407 -0.088308 1.930310
0.250782 -0.492139 1.914510
0.243869 -0.735193 1.936980
0.262040 -0.791182 1.886110
0.119161 -0.012155 1.938110
0.114068 0.047286 1.990760
0.098624 0.393588 2.004010
0.088088 0.579621 1.989610
-0.070658 0.269332 1.993350
-0.123903 0.028324 1.951350
-0.080348 -0.140317 1.842530
-0.061818 -0.187815 1.803370
0.283181 0.277292 2.008690
0.344593 0.055912 1.984020
0.207246 -0.079250 1.797460
0.165988 -0.084162 1.752350
0.050871 -0.092944 1.918040
0.022425 -0.496826 1.914220
0.032049 -0.734901 1.959600
-0.003911 -0.784415 1.911640
0.194274 -0.088315 1.930330
0.249623 -0.492156 1.914210
0.243593 -0.735328 1.936780
0.261431 -0.791694 1.886170
0.119005 -0.012133 1.938100
0.113924 0.047256 1.990750
0.098446 0.393349 2.003800
0.087990 0.579371 1.988570
-0.070863 0.269432 1.993240
-0.124629 0.030783 1.951390
-0.076068 -0.131172 1.837310
-0.024288 -0.157413 1.791590
0.282897 0.277229 2.008360
0.344638 0.055887 1.984090
0.203451 -0.077091 1.794020
0.164171 -0.085409 1.750780
0.050701 -0.092882 1.917880
0.021983 -0.497004 1.914480
0.031821 -0.735111 1.959760
-0.004184 -0.784351 1.911500
0.194162 -0.088312 1.930280
0.248464 -0.492187 1.913830
0.243363 -0.735483 1.936480
0.260799 -0.792243 1.886140
0.118890 -0.012092 1.937990
0.113838 0.047234 1.990670
0.098394 0.393127 2.003560
0.087930 0.579135 1.987630
-0.071025 0.269537 1.993150
-0.124900 0.032852 1.951160
-0.071986 -0.123956 1.832780
-0.006734 -0.145504 1.784820
0.282659 0.277163 2.007840
0.344747 0.055831 1.984050
0.198621 -0.072622 1.790670
0.134644 -0.104596 1.750990
0.050557 -0.092794 1.917580
0.021589 -0.497136 1.914710
0.031626 -0.735276 1.959900
-0.004390 -0.784352 1.911440
0.194100 -0.088263 1.930060
0.247260 -0.492185 1.913380
0.243158 -0.735593 1.936210
0.260887 -0.791990 1.885300
0.118842 -0.012052 1.937780
0.113834 0.047204 1.990490
0.098423 0.392915 2.003290
0.087953 0.578856 1.986690
-0.071141 0.269646 1.993070
-0.124778 0.034771 1.950740
-0.066662 -0.116853 1.828380
0.002813 -0.139117 1.780260
0.282481 0.277073 2.007110
0.344976 0.055704 1.983680
0.194954 -0.069133 1.788080
0.114880 -0.117607 1.750780
0.050500 -0.092723 1.917130
0.021276 -0.497256 1.914920
0.031461 -0.735431 1.960030
-0.004542 -0.784401 1.911420
0.194127 -0.088189 1.929680
0.246229 -0.492188 1.912910
0.242987 -0.735697 1.935920
0.261059 -0.791649 1.884350
0.118891 -0.012008 1.937440
0.113963 0.047169 1.990160
0.098608 0.392691 2.002920
0.088078 0.578546 1.985730
-0.071198 0.269758 1.992980
-0.124194 0.036806 1.950110
-0.062441 -0.111231 1.824860
0.009049 -0.134379 1.776990
0.282404 0.276955 2.006090
0.345234 0.055413 1.982650
0.192214 -0.066921 1.786000
0.106862 -0.122746 1.750570
0.050532 -0.092650 1.916580
0.020986 -0.497353 1.915040
0.031336 -0.735545 1.960130
-0.004682 -0.784440 1.911410
0.194280 -0.088085 1.929160
0.245420 -0.492189 1.912490
0.242829 -0.735785 1.935670
0.261013 -0.791598 1.883960
0.118992 -0.011951 1.937050
0.114182 0.047153 1.989770
0.098989 0.392468 2.002420
0.088350 0.578267 1.984710
-0.071219 0.269889 1.992900
-0.123287 0.038804 1.949370
-0.057941 -0.105772 1.821470
0.014472 -0.129692 1.774100
0.282544 0.276876 2.004850
0.345729 0.054969 1.981020
0.190615 -0.065757 1.784570
0.102133 -0.125784 1.750400
0.050596 -0.092579 1.916040
0.020747 -0.497431 1.915110
0.031223 -0.735637 1.960200
-0.004798 -0.784506 1.911410
0.194481 -0.087973 1.928570
0.244804 -0.492188 1.912120
0.242708 -0.735883 1.935320
0.260962 -0.791603 1.883610
0.119215 -0.011887 1.936570
0.114586 0.047147 1.989240
0.099680 0.392220 2.001700
0.088700 0.578031 1.983720
-0.071104 0.270084 1.992770
-0.121934 0.040804 1.948460
-0.052906 -0.100124 1.817740
0.018870 -0.125612 1.771320
0.283077 0.276793 2.003310
0.346424 0.054558 1.979190
0.189747 -0.065301 1.783560
0.099374 -0.127113 1.750070
0.050747 -0.092510 1.915490
0.020564 -0.497493 1.915140
0.031151 -0.735707 1.960240
-0.004905 -0.784576 1.911420
0.194818 -0.087867 1.927890
0.244376 -0.492199 1.911740
0.242610 -0.735985 1.934940
0.260913 -0.791639 1.883320
0.119603 -0.011835 1.935980
0.115237 0.047137 1.988590
0.100854 0.391961 2.000700
0.089470 0.577846 1.982500
-0.070707 0.270368 1.992530
-0.120360 0.042735 1.947460
-0.049204 -0.096039 1.815020
0.021802 -0.122776 1.769260
0.284072 0.276687 2.001370
0.347732 0.053969 1.976650
0.189305 -0.065148 1.782620
0.099172 -0.125733 1.749280
0.051012 -0.092456 1.914920
0.020412 -0.497552 1.915120
0.031117 -0.735771 1.960250
-0.004954 -0.784741 1.911450
0.195291 -0.087787 1.927120
0.244091 -0.492230 1.911330
0.242467 -0.736089 1.934570
0.260922 -0.791662 1.883080
0.120280 -0.011751 1.935240
0.116258 0.047158 1.987750
0.102376 0.391705 1.999540
0.090634 0.577656 1.981180
-0.070005 0.270781 1.992200
-0.118546 0.044604 1.946440
-0.046043 -0.091930 1.811890
-0.003657 -0.126588 1.767930
0.285566 0.276560 1.999080
0.349456 0.053339 1.973750
0.189963 -0.066049 1.781500
0.101500 -0.121209 1.747900
0.051564 -0.092356 1.914230
0.020292 -0.497586 1.914970
0.031105 -0.735815 1.960200
-0.004951 -0.784911 1.911450
0.195999 -0.087721 1.926230
0.243961 -0.492277 1.910880
0.242346 -0.736185 1.934210
0.262789 -0.790444 1.881740
0.121265 -0.011680 1.934340
0.117701 0.047165 1.986740
0.104520 0.391417 1.998170
0.092966 0.577328 1.979350
-0.068532 0.271434 1.991620
-0.116261 0.046402 1.945140
-0.044296 -0.089816 1.810110
-0.016419 -0.129815 1.767650
0.288241 0.275987 1.995870
0.352428 0.053044 1.970850
0.191556 -0.066851 1.780740
0.108610 -0.113050 1.745860
0.052402 -0.092246 1.913410
0.020246 -0.497611 1.914610
0.031177 -0.735832 1.960070
-0.004942 -0.785051 1.911460
0.196921 -0.087716 1.925240
0.243993 -0.492379 1.910290
0.242274 -0.736303 1.933800
0.264050 -0.789770 1.880640
0.122794 -0.011608 1.933200
0.119753 0.047179 1.985490
0.107167 0.391131 1.996600
0.096124 0.577002 1.977480
-0.066124 0.272375 1.990880
-0.113277 0.048211 1.943480
-0.040314 -0.086838 1.807550
-0.019937 -0.130015 1.767060
0.291309 0.275446 1.992610
0.356381 0.052975 1.967770
0.193826 -0.067739 1.780200
0.114915 -0.105027 1.744210
0.053919 -0.092077 1.912320
0.020417 -0.497595 1.914040
0.031317 -0.735811 1.959820
-0.004824 -0.785320 1.911510
0.198192 -0.087763 1.924120
0.244156 -0.492534 1.909620
0.242256 -0.736444 1.933370
0.265032 -0.789313 1.879670
0.125106 -0.011499 1.931810
0.122613 0.047237 1.984000
0.110663 0.390893 1.994770
0.099705 0.576668 1.975670
-0.063148 0.273229 1.989960
-0.109724 0.049900 1.941680
-0.034505 -0.083320 1.804620
-0.021832 -0.129895 1.766430
0.294825 0.275204 1.989580
0.361042 0.053057 1.964770
0.196609 -0.068525 1.779840
0.120133 -0.097756 1.743130
0.056196 -0.091856 1.911000
0.020840 -0.497514 1.913260
0.031572 -0.735726 1.959460
-0.004742 -0.785506 1.911560
0.200151 -0.087867 1.922760
0.244735 -0.492770 1.908670
0.242270 -0.736548 1.933040
0.266343 -0.788222 1.878280
0.127915 -0.011438 1.930320
0.126065 0.047261 1.982430
0.115912 0.390692 1.992710
0.104059 0.576339 1.973740
-0.058785 0.274240 1.988700
-0.105849 0.051471 1.939820
-0.030251 -0.081270 1.802670
-0.019629 -0.129016 1.765460
0.298771 0.275017 1.986590
0.365747 0.053030 1.961780
0.199501 -0.069216 1.779310
0.124037 -0.092250 1.742510
0.058788 -0.091631 1.909670
0.021505 -0.497390 1.912310
0.032045 -0.735579 1.958910
-0.004570 -0.785630 1.911500
0.202455 -0.088044 1.921330
0.245407 -0.493073 1.907700
0.242387 -0.736693 1.932660
0.270318 -0.782959 1.874320
0.131323 -0.011458 1.928740
0.130026 0.047229 1.980830
0.121237 0.390636 1.990900
0.109276 0.576190 1.971990
-0.053697 0.274949 1.987140
-0.101881 0.052661 1.938210
-0.023866 -0.078920 1.800910
-0.015424 -0.127549 1.764640
0.303350 0.274940 1.983600
0.371682 0.053064 1.958630
0.214743 -0.075999 1.775670
0.137294 -0.082638 1.746060
0.062001 -0.091433 1.908260
0.022506 -0.497174 1.911150
0.032856 -0.735322 1.958100
-0.004439 -0.785708 1.911480
0.205323 -0.088354 1.919760
0.246337 -0.493503 1.906590
0.242539 -0.736870 1.932290
0.273620 -0.778677 1.871310
0.135084 -0.011548 1.927150
0.134232 0.047137 1.979270
0.126400 0.390576 1.989290
0.115687 0.575971 1.970130
-0.048000 0.275419 1.985480
-0.097867 0.053614 1.936790
-0.018488 -0.077364 1.799670
-0.010113 -0.126068 1.763880
0.308963 0.274737 1.980570
0.377060 0.052569 1.955400
0.221669 -0.078907 1.773370
0.143572 -0.076746 1.747650
0.065462 -0.091293 1.906910
0.023801 -0.496983 1.909830
0.033854 -0.735070 1.957140
-0.004334 -0.785788 1.911510
0.208744 -0.088794 1.918060
0.247487 -0.494064 1.905320
0.242955 -0.737187 1.931690
0.277631 -0.773336 1.867780
0.139225 -0.011696 1.925540
0.138862 0.047008 1.977680
0.132320 0.390568 1.987610
0.122071 0.575794 1.968470
-0.042128 0.275760 1.983870
-0.092869 0.054376 1.935250
-0.013650 -0.076618 1.798630
-0.004254 -0.124958 1.763050
0.314092 0.274587 1.977760
0.382921 0.052118 1.952430
0.227049 -0.080983 1.772010
0.148941 -0.071665 1.749050
0.069286 -0.091163 1.905590
0.025971 -0.496828 1.908130
0.035292 -0.734858 1.955770
-0.004218 -0.785804 1.911440
0.212421 -0.089241 1.916300
0.248800 -0.494655 1.904040
0.243356 -0.737489 1.931130
0.280599 -0.769593 1.865560
0.144329 -0.011994 1.923790
0.144598 0.046771 1.975960
0.140480 0.390818 1.985870
0.128734 0.576171 1.967030
-0.035357 0.276070 1.982050
-0.088691 0.054970 1.934250
-0.007778 -0.075751 1.798300
0.003031 -0.123459 1.762660
0.320120 0.274118 1.974650
0.388000 0.051531 1.949880
0.230731 -0.082220 1.770950
0.151330 -0.069354 1.749040
0.073757 -0.091114 1.904260
0.028419 -0.496680 1.906450
0.036892 -0.734657 1.954310
-0.004031 -0.785822 1.911360
0.217016 -0.089833 1.914280
0.250495 -0.495392 1.902640
0.243872 -0.737868 1.930520
0.282731 -0.767075 1.863980
0.149191 -0.012280 1.922140
0.149952 0.046572 1.974350
0.147847 0.391150 1.984270
0.135472 0.577124 1.965880
-0.027776 0.276349 1.979970
-0.083097 0.055438 1.933030
-0.003307 -0.076968 1.798920
0.008687 -0.123672 1.762950
0.326394 0.273894 1.971750
0.392711 0.050931 1.947530
0.233472 -0.082870 1.770040
0.152993 -0.067785 1.748640
0.078123 -0.091047 1.903030
0.031271 -0.496550 1.904700
0.038921 -0.734422 1.952830
-0.003798 -0.785683 1.911260
0.221367 -0.090378 1.912360
0.252401 -0.496139 1.901200
0.244347 -0.738201 1.930000
0.284371 -0.765264 1.862960
0.154210 -0.012642 1.920540
0.155333 0.046316 1.972830
0.155035 0.391574 1.982960
0.144615 0.578242 1.964420
-0.020342 0.276564 1.977930
-0.078664 0.055750 1.932290
0.019919 -0.070079 1.801920
0.028005 -0.117897 1.764380
0.332789 0.273617 1.969260
0.398529 0.049981 1.945100
0.236578 -0.082949 1.768820
0.155524 -0.066062 1.748890
0.082650 -0.091022 1.901820
0.034066 -0.496428 1.903130
0.040961 -0.734216 1.951330
-0.002934 -0.785697 1.910960
0.225952 -0.091003 1.910420
0.254726 -0.497000 1.899620
0.244981 -0.738593 1.929420
0.286100 -0.763501 1.862140
0.158455 -0.013036 1.919160
0.159896 0.046023 1.971530
0.161374 0.391922 1.981850
0.152722 0.579150 1.963540
-0.013311 0.276688 1.976080
-0.072439 0.055846 1.931480
0.092789 -0.055879 1.776220
0.129815 -0.096484 1.750130
0.338147 0.273378 1.967240
0.403563 0.049242 1.943040
0.239626 -0.082487 1.767350
0.157323 -0.064915 1.748900
0.086491 -0.091013 1.900770
0.036881 -0.496179 1.901650
0.042902 -0.733913 1.949950
-0.001668 -0.785803 1.910660
0.229748 -0.091581 1.908790
0.257678 -0.497907 1.897810
0.245532 -0.738922 1.928940
0.287641 -0.762072 1.861680
0.162589 -0.013421 1.917880
0.164246 0.045750 1.970330
0.167136 0.392375 1.981000
0.160413 0.579808 1.962630
-0.006616 0.276774 1.974290
-0.067805 0.056082 1.931130
0.137303 -0.046904 1.759470
0.170208 -0.087633 1.744870
0.343575 0.273170 1.965520
0.409762 0.048918 1.941310
0.243368 -0.081235 1.766180
0.159495 -0.063898 1.748930
0.090261 -0.090977 1.899760
0.039903 -0.495949 1.900190
0.044990 -0.733651 1.948540
0.000705 -0.786332 1.910190
0.233556 -0.092150 1.907210
0.260977 -0.498795 1.896030
0.246050 -0.739217 1.928500
0.289225 -0.760508 1.861440
0.166777 -0.013782 1.916580
0.168704 0.045497 1.969110
0.173275 0.392819 1.980090
0.167257 0.580681 1.962210
-0.000374 0.276857 1.972690
-0.063931 0.056488 1.931200
0.153010 -0.043758 1.754200
0.193272 -0.083480 1.743280
0.348974 0.272951 1.963970
0.414750 0.048584 1.939850
0.247103 -0.079884 1.764660
0.162552 -0.065409 1.745320
0.094115 -0.090911 1.898720
0.042927 -0.495555 1.898760
0.047045 -0.733240 1.947230
0.003522 -0.786614 1.909370
0.237329 -0.092661 1.905670
0.264009 -0.499560 1.894470
0.246587 -0.739493 1.928120
0.290415 -0.759404 1.861280
0.170414 -0.014076 1.915460
0.172627 0.045296 1.968040
0.178822 0.393193 1.979240
0.172928 0.581286 1.961770
0.005002 0.276996 1.971420
-0.060496 0.057288 1.931750
0.162266 -0.041711 1.751000
0.206424 -0.080914 1.742650
0.354555 0.272678 1.962600
0.418814 0.048112 1.938610
0.251018 -0.078674 1.762650
0.165263 -0.066434 1.742970
0.097447 -0.090836 1.897800
0.045918 -0.495132 1.897480
0.048864 -0.732835 1.946110
0.006087 -0.786444 1.908160
0.240594 -0.093115 1.904350
0.266749 -0.500228 1.893150
0.247185 -0.739756 1.927810
0.291340 -0.758593 1.861190
0.174690 -0.014282 1.914200
0.176959 0.045158 1.966900
0.183707 0.393534 1.978590
0.178358 0.581831 1.961530
0.010040 0.277170 1.970280
-0.054024 0.057519 1.931260
0.166949 -0.042009 1.748250
0.213907 -0.081237 1.742270
0.359888 0.272580 1.961640
0.422187 0.047752 1.937590
0.254350 -0.077771 1.761030
0.169550 -0.068724 1.739240
0.101511 -0.090695 1.896670
0.048836 -0.494953 1.896460
0.050479 -0.732632 1.945240
0.008523 -0.785856 1.906390
0.244822 -0.093478 1.902740
0.269504 -0.500764 1.892040
0.247838 -0.739971 1.927570
0.292069 -0.758018 1.861160
0.179014 -0.014520 1.912870
0.181244 0.044970 1.965720
0.188191 0.393800 1.978040
0.183696 0.582010 1.961310
0.014652 0.277302 1.969180
-0.049257 0.057635 1.930910
0.166269 -0.043674 1.747400
0.210052 -0.086968 1.745330
0.364382 0.272430 1.960880
0.425580 0.047291 1.936530
0.257211 -0.076991 1.759660
0.174112 -0.071099 1.735880
0.105716 -0.090583 1.895370
0.051600 -0.494815 1.895580
0.051860 -0.732472 1.944510
0.011405 -0.785480 1.904360
0.249131 -0.093849 1.901100
0.271888 -0.501258 1.891190
0.249223 -0.740400 1.927070
0.292759 -0.757579 1.860900
0.182833 -0.014689 1.911700
0.185042 0.044815 1.964680
0.192319 0.393936 1.977560
0.188815 0.582106 1.961170
0.018656 0.277477 1.968210
-0.045601 0.057733 1.930610
0.162528 -0.045919 1.747680
0.204154 -0.091813 1.748460
0.368653 0.272353 1.960350
0.428555 0.046791 1.935580
0.259498 -0.076386 1.758570
0.179630 -0.073703 1.732710
0.109370 -0.090480 1.894190
0.054246 -0.494718 1.894790
0.053018 -0.732343 1.943910
0.013329 -0.785366 1.903200
0.252958 -0.094142 1.899670
0.273946 -0.501663 1.890530
0.250450 -0.740752 1.926740
0.293417 -0.757253 1.860760
0.186212 -0.014747 1.910620
0.188362 0.044727 1.963730
0.195779 0.394019 1.977240
0.193067 0.582108 1.961180
0.022124 0.277716 1.967410
-0.041903 0.057860 1.930150
0.159347 -0.047916 1.747860
0.201377 -0.094298 1.749700
0.372536 0.272242 1.959950
0.431327 0.046301 1.934740
0.261544 -0.075846 1.757660
0.183792 -0.075734 1.730280
0.112674 -0.090303 1.893000
0.056488 -0.494561 1.894130
0.054087 -0.732183 1.943370
0.014775 -0.785325 1.902480
0.256389 -0.094330 1.898370
0.275772 -0.501973 1.889990
0.252257 -0.741178 1.926210
0.294094 -0.756986 1.860360
0.189445 -0.014679 1.909560
0.191506 0.044742 1.962820
0.199231 0.394134 1.976950
0.196595 0.582105 1.961270
0.025128 0.277908 1.966670
-0.038563 0.057940 1.929610
0.154004 -0.050507 1.746630
0.199718 -0.093132 1.752470
0.376657 0.272261 1.959910
0.434084 0.045900 1.934000
0.263645 -0.075239 1.756810
0.186704 -0.077231 1.728530
0.115649 -0.090102 1.891860
0.058593 -0.494388 1.893500
0.055047 -0.732019 1.942850
0.015830 -0.785265 1.901930
0.259809 -0.094402 1.897070
0.277429 -0.502189 1.889550
0.253530 -0.741407 1.925970
0.294667 -0.756793 1.860200
0.192154 -0.014599 1.908640
0.194139 0.044771 1.962020
0.202419 0.394277 1.976710
0.199885 0.582297 1.961430
0.028079 0.278074 1.965880
-0.035927 0.058017 1.929170
0.127359 -0.059393 1.733650
0.194536 -0.091144 1.738280
0.380335 0.272325 1.960030
0.436436 0.045582 1.933410
0.265705 -0.074713 1.755980
0.188778 -0.078502 1.727160
0.118167 -0.089934 1.890840
0.060318 -0.494239 1.892970
0.055986 -0.731881 1.942310
0.016621 -0.784901 1.901190
0.262564 -0.094434 1.895980
0.278821 -0.502350 1.889230
0.254533 -0.741564 1.925860
0.295241 -0.756657 1.860140
0.194646 -0.014574 1.907760
0.196550 0.044753 1.961250
0.205273 0.394376 1.976470
0.203186 0.582423 1.961590
0.030817 0.278184 1.965110
-0.033638 0.058040 1.928720
0.115438 -0.064402 1.727730
0.191283 -0.090070 1.729650
0.383225 0.272364 1.960180
0.438729 0.045231 1.932910
0.268321 -0.074416 1.754970
0.191219 -0.080486 1.725470
0.120568 -0.089844 1.889850
0.061873 -0.494140 1.892480
0.056861 -0.731784 1.941790
0.017318 -0.784520 1.900420
0.264995 -0.094470 1.894970
0.280158 -0.502495 1.888980
0.255298 -0.741674 1.925840
0.295862 -0.756636 1.860250
0.196838 -0.014570 1.906950
0.198660 0.044711 1.960540
0.207734 0.394435 1.976290
0.206249 0.582456 1.961800
0.033247 0.278243 1.964410
-0.031428 0.057944 1.928160
0.108580 -0.068003 1.724050
0.188927 -0.089654 1.724080
0.385687 0.272355 1.960360
0.440752 0.044911 1.932590
0.270567 -0.074130 1.754200
0.193334 -0.082412 1.723970
0.122661 -0.089802 1.888940
0.063220 -0.494076 1.892020
0.057824 -0.731717 1.941260
0.017767 -0.784170 1.899910
0.267183 -0.094501 1.894010
0.281292 -0.502620 1.888790
0.256199 -0.741810 1.925790
0.296597 -0.756617 1.860270
0.198943 -0.014588 1.906160
0.200676 0.044650 1.959850
0.209937 0.394481 1.976120
0.208825 0.582532 1.962100
0.035373 0.278301 1.963800
-0.029222 0.057634 1.927500
0.104194 -0.071095 1.721590
0.187071 -0.089545 1.720400
0.387646 0.272338 1.960520
0.442575 0.044629 1.932390
0.272460 -0.073802 1.753620
0.194971 -0.084122 1.722740
0.124678 -0.089799 1.888050
0.064513 -0.494038 1.891540
0.058831 -0.731663 1.940750
0.018073 -0.783760 1.899490
0.269316 -0.094511 1.893080
0.282322 -0.502722 1.888650
0.256929 -0.741909 1.925780
0.297347 -0.756574 1.860350
0.200785 -0.014636 1.905450
0.202404 0.044566 1.959250
0.211687 0.394512 1.976000
0.210925 0.582605 1.962370
0.037337 0.278331 1.963230
-0.027302 0.057280 1.926890
0.101208 -0.073884 1.719950
0.185594 -0.089634 1.717870
0.389288 0.272294 1.960690
0.444152 0.044346 1.932330
0.274127 -0.073590 1.753200
0.196235 -0.085492 1.721790
0.126502 -0.089826 1.887240
0.065902 -0.494046 1.890990
0.059789 -0.731625 1.940290
0.018148 -0.783093 1.899090
0.271192 -0.094538 1.892230
0.283252 -0.502822 1.888560
0.257498 -0.741990 1.925810
0.298042 -0.756487 1.860480
0.202526 -0.014736 1.904770
0.203990 0.044441 1.958680
0.213080 0.394523 1.975900
0.212641 0.582625 1.962610
0.039141 0.278323 1.962680
-0.025614 0.056877 1.926330
0.098426 -0.077112 1.720580
0.184492 -0.089795 1.716150
0.390594 0.272225 1.960830
0.445627 0.044059 1.932390
0.275626 -0.073370 1.752900
0.197165 -0.086552 1.721100
0.128363 -0.089900 1.886410
0.067197 -0.494077 1.890430
0.060724 -0.731604 1.939860
0.018169 -0.782467 1.898780
0.272945 -0.094588 1.891450
0.284171 -0.502934 1.888490
0.257923 -0.742037 1.925940
0.298592 -0.756408 1.860740
0.204092 -0.014838 1.904180
0.205466 0.044312 1.958170
0.214684 0.394475 1.975770
0.214061 0.582655 1.962810
0.040745 0.278279 1.962190
-0.024208 0.056508 1.925930
0.096755 -0.079585 1.721440
0.183669 -0.090001 1.714970
0.391768 0.272162 1.961020
0.446955 0.043828 1.932540
0.277015 -0.073163 1.752700
0.197893 -0.087403 1.720600
0.129960 -0.089982 1.885710
0.068399 -0.494131 1.889880
0.061541 -0.731602 1.939470
0.018257 -0.782048 1.898500
0.274479 -0.094627 1.890800
0.285328 -0.503043 1.888470
0.258232 -0.742043 1.926120
0.299175 -0.756319 1.861190
0.205545 -0.014954 1.903650
0.206826 0.044170 1.957710
0.216045 0.394404 1.975660
0.215318 0.582614 1.962950
0.042095 0.278192 1.961770
-0.022899 0.056132 1.925600
0.095839 -0.081494 1.722460
0.183091 -0.090303 1.714210
0.392779 0.272097 1.961200
0.448896 0.043785 1.933050
0.278812 -0.072698 1.752890
0.198443 -0.088068 1.720230
0.131477 -0.090092 1.885070
0.069510 -0.494207 1.889360
0.062252 -0.731622 1.939090
0.018378 -0.781712 1.898200
0.275913 -0.094676 1.890220
0.286556 -0.503161 1.888550
0.258472 -0.741997 1.926520
0.299695 -0.756243 1.861900
0.206808 -0.015057 1.903210
0.208036 0.044038 1.957320
0.217365 0.394311 1.975560
0.216481 0.582544 1.963090
0.043212 0.278101 1.961430
-0.021792 0.055808 1.925370
0.095497 -0.082951 1.723610
0.182683 -0.090650 1.713790
0.393669 0.272025 1.961390
0.450460 0.043738 1.933480
0.280304 -0.072310 1.753020
0.198842 -0.088605 1.719950
0.132748 -0.090193 1.884550
0.070491 -0.494288 1.888870
0.062863 -0.731653 1.938750
0.018419 -0.781316 1.897890
0.277155 -0.094719 1.889740
0.287667 -0.503265 1.888680
0.258562 -0.741797 1.927490
0.300075 -0.756160 1.863190
0.207863 -0.015153 1.902850
0.209075 0.043914 1.957000
0.218654 0.394215 1.975490
0.217512 0.582470 1.963200
0.044177 0.277992 1.961130
-0.020878 0.055585 1.925260
0.095549 -0.084134 1.724840
0.182412 -0.091096 1.713730
0.394498 0.271944 1.961580
0.451720 0.043678 1.933830
0.281526 -0.071995 1.753110
0.199134 -0.089041 1.719740
0.133786 -0.090282 1.884130
0.071358 -0.494375 1.888430
0.063489 -0.731709 1.938400
0.018480 -0.780861 1.897480
0.278168 -0.094765 1.889360
0.288696 -0.503370 1.888890
0.258557 -0.741594 1.928560
0.300375 -0.756120 1.864580
0.208760 -0.015223 1.902570
0.209960 0.043819 1.956740
0.219750 0.394133 1.975440
0.218403 0.582407 1.963280
0.044985 0.277895 1.960900
-0.020118 0.055451 1.925250
0.095865 -0.085025 1.726120
0.182245 -0.091591 1.713940
0.395376 0.271821 1.961780
0.452846 0.043667 1.934150
0.282784 -0.071623 1.753120
0.199357 -0.089391 1.719580
0.134642 -0.090353 1.883800
0.072123 -0.494455 1.888030
0.064106 -0.731770 1.938050
0.027340 -0.787290 1.899310
0.279041 -0.094798 1.889050
0.289592 -0.503455 1.889150
0.258559 -0.741407 1.929600
0.300714 -0.756136 1.865980
0.209523 -0.015281 1.902340
0.210726 0.043739 1.956530
0.220721 0.394050 1.975390
0.219185 0.582343 1.963320
0.045679 0.277800 1.960700
-0.019401 0.055345 1.925280
0.096342 -0.085463 1.728310
0.181968 -0.092112 1.714470
0.396235 0.271685 1.961970
0.453987 0.043698 1.934530
0.284035 -0.071193 1.753170
0.199539 -0.089680 1.719460
0.135356 -0.090415 1.883550
0.072784 -0.494533 1.887690
0.064661 -0.731837 1.937750
0.033443 -0.791631 1.900420
0.279780 -0.094832 1.888810
0.290404 -0.503538 1.889460
0.258485 -0.741207 1.930760
0.300973 -0.756239 1.867490
0.210235 -0.015339 1.902160
0.211465 0.043664 1.956360
0.221722 0.393977 1.975310
0.219854 0.582289 1.963350
0.046310 0.277704 1.960540
-0.018668 0.055246 1.925340
0.096884 -0.085631 1.730270
0.181772 -0.092552 1.715100
0.396994 0.271560 1.962140
0.454990 0.043738 1.934890
0.285176 -0.070794 1.753220
0.199706 -0.089950 1.719380
0.136013 -0.090480 1.883350
0.073350 -0.494608 1.887400
0.065129 -0.731906 1.937490
0.035250 -0.792931 1.900710
0.280446 -0.094863 1.888610
0.291131 -0.503614 1.889810
0.258475 -0.741036 1.931890
0.301119 -0.756385 1.868750
0.210888 -0.015379 1.902000
0.212168 0.043616 1.956200
0.222775 0.393962 1.975200
0.220587 0.582326 1.963390
0.046945 0.277616 1.960400
-0.017905 0.055214 1.925460
0.097544 -0.085670 1.731590
0.181798 -0.092937 1.715680
0.397696 0.271441 1.962260
0.456034 0.043851 1.935280
0.286307 -0.070384 1.753350
0.199895 -0.090232 1.719310
0.136593 -0.090525 1.883200
0.073849 -0.494667 1.887150
0.065534 -0.731966 1.937270
0.036558 -0.793868 1.900930
0.281049 -0.094880 1.888440
0.291786 -0.503669 1.890210
0.263950 -0.741418 1.933880
0.298686 -0.757138 1.867940
0.211494 -0.015410 1.901860
0.212822 0.043581 1.956070
0.223725 0.393968 1.975100
0.221670 0.582249 1.963370
0.047681 0.277538 1.960270
-0.017124 0.055233 1.925620
0.101509 -0.085192 1.731260
0.184921 -0.093527 1.716670
0.398368 0.271346 1.962370
0.456937 0.043987 1.935610
0.287317 -0.070010 1.753450
0.200179 -0.090521 1.719250
0.137129 -0.090555 1.883080
0.074293 -0.494712 1.886960
0.065870 -0.732015 1.937090
0.037492 -0.794555 1.901090
0.281610 -0.094888 1.888280
0.292390 -0.503711 1.890660
0.264763 -0.741084 1.936160
0.298099 -0.757560 1.869290
0.212053 -0.015427 1.901740
0.213442 0.043564 1.955940
0.224631 0.394006 1.975000
0.222897 0.582274 1.963310
0.048446 0.277470 1.960160
-0.016166 0.055224 1.925740
0.105518 -0.084674 1.730420
0.187908 -0.093952 1.717490
0.399068 0.271273 1.962440
0.457836 0.044156 1.935890
0.288250 -0.069654 1.753570
0.200511 -0.090790 1.719180
0.137611 -0.090570 1.882980
0.074692 -0.494746 1.886800
0.066214 -0.732062 1.936920
0.037852 -0.794710 1.900840
0.282132 -0.094889 1.888130
0.292930 -0.503742 1.891120
0.264965 -0.740736 1.938120
0.297692 -0.757974 1.870870
0.212587 -0.015438 1.901630
0.214043 0.043554 1.955830
0.225464 0.394041 1.974890
0.224004 0.582291 1.963230
0.049221 0.277409 1.960050
-0.015201 0.055202 1.925850
0.108905 -0.084206 1.729560
0.190532 -0.094396 1.718130
0.399898 0.271168 1.962440
0.458865 0.044349 1.936130
0.289162 -0.069299 1.753720
0.200915 -0.091068 1.719100
0.138065 -0.090577 1.882910
0.075080 -0.494774 1.886690
0.066516 -0.732110 1.936780
0.035372 -0.793086 1.900700
0.282644 -0.094894 1.887990
0.293431 -0.503778 1.891590
0.269960 -0.741420 1.938570
0.294944 -0.758565 1.869030
