0.179804 -0.028485 2.116270
0.184865 0.018283 2.160370
0.176315 0.321592 2.169290
0.187041 0.521772 2.177420
0.036440 0.241131 2.207210
-0.004712 0.007160 2.176720
0.018013 -0.143765 2.053380
0.045140 -0.193141 2.023670
0.348979 0.224105 2.159500
0.357746 0.041339 2.069590
0.263645 0.263576 1.971620
0.250607 0.317302 1.953450
0.111026 -0.099988 2.112670
0.181673 -0.526025 2.106190
0.163473 -0.830338 2.132290
0.249828 -0.856185 2.121680
0.249775 -0.097906 2.092190
0.238388 -0.499383 2.082380
0.255596 -0.816702 2.113270
0.307918 -0.871297 2.099110
0.179764 -0.028452 2.116190
0.184791 0.018385 2.160350
0.176292 0.318937 2.168490
0.187088 0.522443 2.177240
0.036424 0.241142 2.207040
-0.004813 0.007730 2.176580
0.017892 -0.143443 2.053490
0.045917 -0.191801 2.022790
0.351107 0.231359 2.161990
0.357761 0.041462 2.069170
0.263849 0.263663 1.971250
0.250777 0.317444 1.953050
0.110994 -0.099964 2.112600
0.181385 -0.526428 2.106400
0.163491 -0.830502 2.132250
0.258573 -0.852077 2.115900
0.249754 -0.097850 2.092110
0.238359 -0.499388 2.082360
0.255605 -0.816692 2.113260
0.307959 -0.871252 2.099070
0.179784 -0.028356 2.116110
0.184785 0.018711 2.160360
0.176487 0.320714 2.169230
0.187163 0.522958 2.177040
0.036451 0.241148 2.206830
-0.004887 0.008302 2.176490
0.017776 -0.143068 2.053620
0.046231 -0.190417 2.022280
0.353209 0.237199 2.164080
0.357991 0.041804 2.068220
0.264109 0.263861 1.970750
0.251007 0.317704 1.952500
0.111003 -0.099915 2.112520
0.181009 -0.526889 2.106650
0.163578 -0.830739 2.132190
0.262663 -0.850283 2.113320
0.249847 -0.097695 2.092020
0.238334 -0.499404 2.082340
0.255615 -0.816686 2.113270
0.307989 -0.871221 2.099040
0.179875 -0.028171 2.116030
0.184835 0.019297 2.160420
0.176695 0.322766 2.170050
0.187254 0.523393 2.176860
0.036531 0.241142 2.206580
-0.004903 0.008492 2.176370
0.017726 -0.142961 2.053610
0.046480 -0.189839 2.021710
0.355626 0.243537 2.166850
0.358414 0.042418 2.066820
0.264439 0.264205 1.970090
0.251307 0.318119 1.951790
0.111054 -0.099830 2.112450
0.180589 -0.527381 2.106930
0.163807 -0.831120 2.132050
0.265594 -0.849098 2.111500
0.250069 -0.097417 2.091930
0.238308 -0.499434 2.082340
0.255624 -0.816681 2.113270
0.308005 -0.871203 2.099020
0.180061 -0.027901 2.115950
0.184984 0.020051 2.160510
0.176931 0.324708 2.170820
0.187385 0.523793 2.176700
0.036645 0.241137 2.206310
-0.004892 0.008647 2.176310
0.017689 -0.142864 2.053620
0.046535 -0.189276 2.021330
0.357206 0.247921 2.168710
0.358877 0.043138 2.065300
0.264863 0.264678 1.969310
0.251703 0.318664 1.950950
0.111215 -0.099674 2.112370
0.180154 -0.527865 2.107220
0.164036 -0.831507 2.131920
0.267789 -0.848284 2.110170
0.250400 -0.097036 2.091850
0.238281 -0.499499 2.082350
0.255631 -0.816679 2.113270
0.308035 -0.871178 2.099000
0.180271 -0.027676 2.115870
0.185221 0.020729 2.160590
0.177085 0.326159 2.171460
0.187541 0.524102 2.176520
0.036789 0.241129 2.206050
-0.004755 0.008616 2.176190
0.017686 -0.142860 2.053520
0.046542 -0.188983 2.021000
0.358015 0.249599 2.169050
0.359517 0.043956 2.063660
0.265309 0.265210 1.968490
0.252122 0.319265 1.950090
0.111425 -0.099532 2.112300
0.179742 -0.528316 2.107500
0.164252 -0.831853 2.131790
0.269291 -0.847666 2.109240
0.250758 -0.096725 2.091770
0.238265 -0.499656 2.082390
0.255638 -0.816679 2.113270
0.308052 -0.871167 2.099000
0.180445 -0.027502 2.115810
0.185368 0.021116 2.160640
0.177020 0.318936 2.171390
0.187667 0.524243 2.176390
0.036971 0.241115 2.205790
-0.004524 0.008313 2.176030
0.017748 -0.143010 2.053270
0.047399 -0.187342 2.020820
0.358735 0.250001 2.168580
0.360120 0.044631 2.062250
0.265766 0.265720 1.967740
0.252554 0.319832 1.949300
0.111617 -0.099410 2.112240
0.179411 -0.528710 2.107750
0.164456 -0.832159 2.131680
0.270401 -0.847273 2.108580
0.251012 -0.096523 2.091700
0.238285 -0.499916 2.082460
0.255644 -0.816680 2.113270
0.308070 -0.871164 2.099010
0.180620 -0.027352 2.115760
0.185507 0.021448 2.160690
0.177080 0.318483 2.171710
0.187852 0.524447 2.176250
0.037190 0.241114 2.205550
-0.004221 0.008234 2.176040
0.017827 -0.142986 2.053190
0.048245 -0.185993 2.020640
0.359362 0.249299 2.167680
0.360713 0.045247 2.060880
0.266198 0.266225 1.967020
0.252963 0.320385 1.948550
0.111825 -0.099304 2.112180
0.179299 -0.529272 2.108030
0.164635 -0.832383 2.131590
0.271198 -0.846994 2.108140
0.251253 -0.096358 2.091630
0.238343 -0.500240 2.082540
0.255649 -0.816683 2.113280
0.308030 -0.871257 2.099120
0.180907 -0.027187 2.115690
0.185800 0.021877 2.160730
0.178267 0.320843 2.172100
0.188076 0.524628 2.176120
0.037487 0.241118 2.205280
-0.003846 0.008231 2.176160
0.017937 -0.142906 2.053150
0.048521 -0.183910 2.021380
0.359826 0.248177 2.166690
0.361214 0.045760 2.059690
0.266634 0.266721 1.966310
0.253378 0.320923 1.947820
0.112137 -0.099181 2.112120
0.179239 -0.529770 2.108280
0.164794 -0.832569 2.131510
0.271734 -0.846851 2.107900
0.251569 -0.096194 2.091560
0.238405 -0.500558 2.082630
0.255652 -0.816691 2.113280
0.307965 -0.871399 2.099300
0.181328 -0.026948 2.115630
0.186162 0.022362 2.160810
0.179317 0.323008 2.172500
0.188351 0.524778 2.176020
0.037794 0.241120 2.205040
-0.003436 0.008278 2.176330
0.018111 -0.142765 2.053140
0.048725 -0.183277 2.021490
0.360204 0.248265 2.166520
0.361652 0.046171 2.058660
0.267045 0.267176 1.965670
0.253769 0.321411 1.947160
0.112563 -0.099026 2.112070
0.179178 -0.530248 2.108520
0.164935 -0.832712 2.131460
0.272062 -0.846808 2.107830
0.252044 -0.095936 2.091490
0.238467 -0.500849 2.082710
0.255655 -0.816703 2.113290
0.307926 -0.871523 2.099480
0.181731 -0.026726 2.115600
0.186455 0.022705 2.160900
0.180170 0.323588 2.173330
0.188695 0.524884 2.175920
0.038151 0.241121 2.204810
-0.003039 0.008340 2.176510
0.018315 -0.142603 2.053150
0.048860 -0.182823 2.021580
0.360835 0.248235 2.166560
0.362193 0.046694 2.057360
0.267478 0.267729 1.964970
0.254183 0.321996 1.946450
0.112966 -0.098883 2.112030
0.179249 -0.530732 2.108750
0.165095 -0.832798 2.131420
0.272261 -0.846814 2.107890
0.252477 -0.095713 2.091430
0.238539 -0.501146 2.082800
0.255660 -0.816719 2.113300
0.307866 -0.871691 2.099700
0.182143 -0.026496 2.115610
0.186735 0.023006 2.161020
0.181122 0.323901 2.174370
0.189079 0.524933 2.175860
0.038606 0.241096 2.204580
-0.002654 0.008408 2.176690
0.018584 -0.142429 2.053180
0.048960 -0.182501 2.021660
0.362234 0.248296 2.167150
0.363063 0.047891 2.055380
0.268043 0.268715 1.963960
0.254727 0.323014 1.945420
0.113342 -0.098741 2.112010
0.179303 -0.531039 2.108930
0.165307 -0.832862 2.131390
0.272383 -0.846870 2.108020
0.252885 -0.095519 2.091380
0.238618 -0.501462 2.082910
0.255665 -0.816739 2.113310
0.307811 -0.871855 2.099910
0.182629 -0.026240 2.115660
0.187051 0.023276 2.161210
0.182276 0.323839 2.175700
0.189461 0.524952 2.175790
0.039436 0.241075 2.204250
-0.002233 0.008507 2.176870
0.018904 -0.142231 2.053220
0.049021 -0.182295 2.021780
0.364370 0.249093 2.168610
0.364689 0.050584 2.051750
0.268928 0.270636 1.962270
0.255587 0.324971 1.943720
0.113766 -0.098571 2.112010
0.179369 -0.531266 2.109090
0.165507 -0.832907 2.131360
0.272419 -0.846967 2.108220
0.253299 -0.095339 2.091350
0.238706 -0.501773 2.083020
0.255676 -0.816763 2.113320
0.307742 -0.872050 2.100130
0.183223 -0.025936 2.115770
0.187479 0.023550 2.161460
0.183640 0.323529 2.177170
0.189918 0.524904 2.175670
0.040584 0.241059 2.203880
-0.001728 0.008401 2.176880
0.019277 -0.142227 2.053120
0.049058 -0.182406 2.021800
0.366356 0.250046 2.170000
0.367793 0.056093 2.044950
0.270432 0.274358 1.959280
0.260358 0.332830 1.957730
0.114256 -0.098354 2.112030
0.179440 -0.531446 2.109230
0.165671 -0.832945 2.131330
0.254429 -0.855333 2.121330
0.253759 -0.095145 2.091330
0.238801 -0.502067 2.083130
0.255692 -0.816789 2.113330
0.307666 -0.872268 2.100370
0.183938 -0.025563 2.115950
0.188098 0.023888 2.161830
0.185276 0.323345 2.178740
0.190490 0.524886 2.175490
0.041869 0.241142 2.203540
-0.001188 0.008396 2.176920
0.019648 -0.142168 2.053080
0.049077 -0.182469 2.021850
0.368078 0.251102 2.171040
0.370561 0.061135 2.038340
0.297992 0.253265 1.959930
0.280833 0.300738 1.988900
0.114833 -0.098070 2.112100
0.179532 -0.531586 2.109370
0.165816 -0.832998 2.131310
0.230495 -0.875929 2.121750
0.254253 -0.094930 2.091330
0.238900 -0.502338 2.083260
0.255710 -0.816817 2.113350
0.307617 -0.872432 2.100530
0.184758 -0.025150 2.116190
0.188895 0.024264 2.162300
0.187135 0.323322 2.180480
0.191057 0.524860 2.175310
0.043141 0.241290 2.203260
-0.000467 0.008602 2.176980
0.020051 -0.142007 2.053110
0.049223 -0.182437 2.021970
0.369137 0.251786 2.171650
0.374668 0.118457 2.002590
0.280529 0.275367 1.960920
0.272373 0.303990 2.003480
0.115470 -0.097763 2.112190
0.179751 -0.531803 2.109540
0.165954 -0.833070 2.131270
0.240375 -0.870544 2.120280
0.254793 -0.094689 2.091350
0.239000 -0.502613 2.083400
0.255725 -0.816836 2.113360
0.307601 -0.872550 2.100670
0.185759 -0.024677 2.116480
0.189903 0.024697 2.162860
0.188873 0.323443 2.182030
0.191641 0.524818 2.175130
0.044469 0.241458 2.203010
0.000216 0.008852 2.177090
0.020459 -0.141801 2.053190
0.049404 -0.182393 2.022130
0.370049 0.252479 2.172140
0.377225 0.154098 1.980540
0.273133 0.287304 1.960070
0.266616 0.307869 2.011290
0.116272 -0.097415 2.112330
0.180061 -0.532068 2.109720
0.166071 -0.833137 2.131230
0.237832 -0.870851 2.124890
0.255552 -0.094327 2.091400
0.239091 -0.502851 2.083540
0.255739 -0.816851 2.113370
0.309151 -0.870860 2.100110
0.187008 -0.025046 2.116640
0.192136 0.024517 2.163360
0.191395 0.324110 2.183780
0.192225 0.524759 2.174870
0.045713 0.241714 2.202840
0.001041 0.009391 2.177340
0.021020 -0.141315 2.053400
0.049624 -0.182262 2.022470
0.329954 0.231004 2.155360
0.381469 0.167069 1.966490
0.271181 0.292050 1.961070
0.263765 0.310160 2.017090
0.117713 -0.097121 2.112450
0.180343 -0.532189 2.109890
0.166172 -0.833194 2.131200
0.236374 -0.871194 2.127200
0.256066 -0.094080 2.091440
0.239178 -0.503050 2.083700
0.255759 -0.816858 2.113390
0.309835 -0.870167 2.099900
0.188074 -0.025737 2.116760
0.194612 0.024030 2.163720
0.193583 0.324873 2.185180
0.192782 0.524612 2.174530
0.046797 0.241957 2.202730
0.001820 0.009956 2.177610
0.021702 -0.140723 2.053660
0.049872 -0.182100 2.022790
0.316853 0.206923 2.128740
0.394065 0.183752 1.929780
0.266966 0.284344 1.987640
0.258787 0.308483 2.031180
0.118941 -0.096930 2.112530
0.180637 -0.532248 2.110050
0.166246 -0.833245 2.131170
0.250626 -0.861341 2.121610
0.256320 -0.093998 2.091470
0.239274 -0.503204 2.083850
0.255787 -0.816860 2.113410
0.310321 -0.869685 2.099770
0.188963 -0.026435 2.116850
0.196555 0.023571 2.163980
0.195802 0.325919 2.186390
0.193433 0.524236 2.173840
0.047871 0.242265 2.202640
0.002630 0.010710 2.178000
0.022440 -0.139916 2.054030
0.050040 -0.181864 2.023130
0.311733 0.199417 2.120610
0.397369 0.193477 1.916720
0.274887 0.304947 1.992540
0.259669 0.321411 2.036760
0.119987 -0.096769 2.112610
0.181053 -0.531960 2.110230
0.166309 -0.833300 2.131140
0.258466 -0.856062 2.118490
0.256497 -0.093943 2.091510
0.239374 -0.503324 2.084000
0.255823 -0.816855 2.113440
0.310661 -0.869353 2.099700
0.189691 -0.027073 2.116910
0.198103 0.023179 2.164170
0.198492 0.327421 2.187290
0.194828 0.522360 2.171140
0.049053 0.242640 2.202540
0.003353 0.011421 2.178380
0.023164 -0.139117 2.054400
0.050280 -0.181538 2.023470
0.309015 0.195193 2.115780
0.399471 0.200188 1.909110
0.286704 0.336163 1.978440
0.264558 0.346807 2.029860
0.120876 -0.096604 2.112660
0.181490 -0.531272 2.110430
0.166357 -0.833339 2.131120
0.263165 -0.852859 2.116560
0.256626 -0.093907 2.091540
0.239495 -0.503423 2.084180
0.255876 -0.816845 2.113500
0.311046 -0.868961 2.099580
0.190406 -0.027604 2.116940
0.199628 0.022887 2.164300
0.201369 0.329206 2.187940
0.195636 0.521554 2.169600
0.050156 0.243055 2.202480
0.004019 0.012149 2.178790
0.023849 -0.138285 2.054800
0.050496 -0.181199 2.023890
0.311043 0.199220 2.114720
0.400376 0.206039 1.906060
0.290684 0.351933 1.972170
0.266917 0.364764 2.024860
0.122026 -0.096293 2.112740
0.181903 -0.530533 2.110610
0.166398 -0.833384 2.131090
0.266101 -0.850869 2.115340
0.256734 -0.093856 2.091570
0.239656 -0.503417 2.084400
0.256130 -0.816888 2.113650
0.311506 -0.868782 2.099350
0.191072 -0.028052 2.116960
0.200992 0.022669 2.164380
0.203862 0.330854 2.188440
0.197284 0.517618 2.163320
0.051230 0.243428 2.202410
0.004632 0.012849 2.179240
0.024492 -0.137477 2.055170
0.050634 -0.180935 2.024390
0.314504 0.204441 2.115680
0.399928 0.212570 1.906930
0.291515 0.361448 1.969520
0.267257 0.377633 2.021900
0.123173 -0.095930 2.112820
0.182358 -0.529375 2.110790
0.166431 -0.833441 2.131060
0.268024 -0.849568 2.114550
0.256835 -0.093789 2.091600
0.239904 -0.503236 2.084700
0.256607 -0.816974 2.113900
0.312019 -0.868766 2.099000
0.191632 -0.028383 2.116970
0.202139 0.022530 2.164440
0.205947 0.332239 2.188900
0.198324 0.515255 2.159430
0.052132 0.243740 2.202350
0.005146 0.013428 2.179640
0.025069 -0.136752 2.055490
0.050731 -0.180718 2.024870
0.318335 0.209824 2.117320
0.398812 0.219444 1.909810
0.290914 0.368603 1.967540
0.266736 0.387592 2.019470
0.124172 -0.095542 2.112910
0.182791 -0.528144 2.110940
0.166490 -0.833510 2.131020
0.269406 -0.848669 2.113980
0.256927 -0.093680 2.091630
0.240270 -0.502819 2.085110
0.257295 -0.817084 2.114240
0.312515 -0.868904 2.098560
0.192678 -0.028480 2.116960
0.203772 0.022670 2.164500
0.207833 0.333527 2.189330
0.198733 0.514577 2.158140
0.052954 0.244025 2.202300
0.005662 0.013968 2.180030
0.025576 -0.136151 2.055750
0.050803 -0.180569 2.025350
0.321854 0.214594 2.119110
0.397546 0.225966 1.913350
0.289893 0.374591 1.965860
0.266189 0.396051 2.017210
0.125898 -0.094695 2.113020
0.183337 -0.525919 2.111040
0.166535 -0.833592 2.130970
0.270379 -0.848026 2.113580
0.257508 -0.093024 2.091620
0.240705 -0.502166 2.085600
0.258073 -0.817186 2.114630
0.312814 -0.869252 2.098130
0.193493 -0.028357 2.117010
0.205061 0.022976 2.164600
0.209294 0.334595 2.189720
0.198805 0.518400 2.161870
0.053659 0.244277 2.202260
0.006234 0.014556 2.180430
0.026023 -0.135593 2.056010
0.050870 -0.180499 2.026220
0.324714 0.218232 2.120530
0.396876 0.231371 1.916510
0.289006 0.379129 1.964570
0.265809 0.402635 2.015330
0.127186 -0.093655 2.113300
0.183891 -0.522949 2.111080
0.166569 -0.833674 2.130930
0.271080 -0.847569 2.113290
0.257981 -0.092175 2.091620
0.241156 -0.501211 2.086130
0.258858 -0.817254 2.115020
0.312972 -0.869719 2.097820
0.194368 -0.028021 2.117090
0.206315 0.023456 2.164730
0.210540 0.335571 2.190090
0.198069 0.522269 2.165830
0.054346 0.244521 2.202220
0.006874 0.015233 2.180850
0.026429 -0.135100 2.056240
0.050801 -0.180562 2.027220
0.327768 0.222222 2.121800
0.396587 0.235422 1.918700
0.288294 0.382539 1.963450
0.265577 0.407715 2.013650
0.128372 -0.092540 2.113610
0.184383 -0.520085 2.111080
0.166585 -0.833736 2.130880
0.271495 -0.847373 2.113140
0.258566 -0.091064 2.091610
0.241573 -0.500242 2.086620
0.259627 -0.817308 2.115390
0.312986 -0.870330 2.097540
0.195251 -0.027506 2.117180
0.207443 0.024045 2.164850
0.211503 0.336373 2.190390
0.198067 0.523097 2.166490
0.054962 0.244720 2.202170
0.007473 0.015849 2.181220
0.026779 -0.134681 2.056440
0.050713 -0.180641 2.028120
0.330995 0.228258 2.123720
0.396367 0.238898 1.920880
0.287400 0.385536 1.962150
0.269820 0.433895 1.989620
0.129456 -0.091410 2.113920
0.184924 -0.517265 2.111020
0.166601 -0.833786 2.130850
0.271709 -0.847337 2.113080
0.259198 -0.089734 2.091600
0.241944 -0.499349 2.087050
0.260380 -0.817357 2.115760
0.313045 -0.870835 2.097330
0.196195 -0.026750 2.117290
0.208524 0.024800 2.164980
0.212309 0.337091 2.190630
0.198264 0.523469 2.166430
0.055623 0.244934 2.202080
0.008122 0.016512 2.181530
0.027084 -0.134335 2.056610
0.050615 -0.180742 2.028890
0.333327 0.232694 2.125100
0.396433 0.242586 1.922960
0.289971 0.392024 1.962030
0.273676 0.446446 1.981940
0.130497 -0.090218 2.114270
0.185409 -0.514418 2.110920
0.166643 -0.833819 2.130810
0.271851 -0.847399 2.113080
0.259888 -0.088184 2.091540
0.242264 -0.498487 2.087440
0.261078 -0.817391 2.116090
0.313009 -0.871412 2.097190
0.197705 -0.025521 2.117340
0.209854 0.025854 2.165050
0.212929 0.337718 2.190800
0.205744 0.513139 2.149420
0.056555 0.245351 2.201810
0.008818 0.017477 2.181880
0.027348 -0.134045 2.056750
0.050480 -0.180888 2.029620
0.334938 0.235623 2.125920
0.396620 0.245766 1.924500
0.291712 0.396770 1.962140
0.275965 0.454352 1.977340
0.132271 -0.088655 2.114620
0.185861 -0.511637 2.110780
0.166698 -0.833782 2.130760
0.271869 -0.847524 2.113120
0.261323 -0.086002 2.091290
0.242525 -0.497616 2.087790
0.261709 -0.817401 2.116400
0.312933 -0.871929 2.097080
0.199142 -0.024295 2.117360
0.211034 0.026861 2.165100
0.213368 0.338213 2.190930
0.209232 0.508298 2.141320
0.057669 0.245834 2.201410
0.009461 0.018662 2.182270
0.027592 -0.133790 2.056860
0.050262 -0.181078 2.030320
0.336236 0.238296 2.126540
0.396820 0.248821 1.925700
0.293072 0.400872 1.962300
0.277515 0.459967 1.974310
0.133969 -0.087193 2.114920
0.186353 -0.508506 2.110530
0.166914 -0.833300 2.130600
0.271844 -0.847674 2.113210
0.262755 -0.083928 2.091010
0.242759 -0.496741 2.088090
0.262299 -0.817381 2.116680
0.312601 -0.872696 2.097130
0.200590 -0.023070 2.117290
0.212177 0.027887 2.165070
0.213708 0.338715 2.191020
0.211879 0.505182 2.135390
0.059262 0.246387 2.200700
0.010027 0.019726 2.182560
0.027821 -0.133582 2.056960
0.050035 -0.181292 2.030920
0.337303 0.240358 2.126920
0.397099 0.251572 1.926500
0.294382 0.404431 1.962490
0.278742 0.464108 1.972270
0.135658 -0.085826 2.115100
0.186844 -0.505725 2.110260
0.167278 -0.832616 2.130360
0.271830 -0.847838 2.113300
0.264208 -0.082016 2.090660
0.242303 -0.490477 2.088120
0.263048 -0.816530 2.116930
0.310971 -0.873116 2.097940
0.201940 -0.021769 2.117210
0.213269 0.029026 2.165020
0.213972 0.339257 2.191060
0.213022 0.503805 2.132670
0.060551 0.246865 2.200090
0.010481 0.020608 2.182790
0.028032 -0.133420 2.057030
0.050286 -0.181040 2.030920
0.338116 0.242191 2.127140
0.397413 0.254548 1.927050
0.295501 0.407851 1.962690
0.279724 0.467380 1.970960
0.137101 -0.084600 2.115250
0.188203 -0.503450 2.109610
0.167408 -0.832436 2.130280
0.271750 -0.848057 2.113410
0.265522 -0.080235 2.090300
0.242077 -0.486607 2.088200
0.263839 -0.815812 2.117160
0.309664 -0.873624 2.098390
0.203286 -0.020208 2.117090
0.214396 0.030493 2.164920
0.214247 0.340127 2.191000
0.213743 0.502983 2.130790
0.061949 0.249461 2.199410
0.010837 0.021342 2.182970
0.028213 -0.133296 2.057090
0.050285 -0.181054 2.031100
0.338697 0.243692 2.127160
0.397849 0.257679 1.927300
0.301817 0.415767 1.963560
0.283233 0.472046 1.970970
0.138486 -0.083238 2.115390
0.189619 -0.501861 2.108950
0.167494 -0.832321 2.130220
0.271635 -0.848262 2.113520
0.266719 -0.078490 2.089930
0.241911 -0.483864 2.088250
0.263989 -0.815053 2.117350
0.308939 -0.873563 2.098830
0.204578 -0.018708 2.116920
0.215423 0.031905 2.164780
0.214380 0.341095 2.190880
0.214043 0.502853 2.129690
0.063276 0.251046 2.198520
0.011109 0.021935 2.183090
0.028387 -0.133213 2.057140
0.050268 -0.181085 2.031230
0.339412 0.245893 2.127030
0.398559 0.260971 1.927370
0.305793 0.421226 1.964150
0.286065 0.475782 1.971330
0.139866 -0.081957 2.115470
0.190783 -0.500671 2.108380
0.167609 -0.832228 2.130160
0.271571 -0.848444 2.113610
0.268021 -0.076737 2.089480
0.241835 -0.482020 2.088300
0.263851 -0.814431 2.117480
0.308384 -0.873322 2.099270
0.205635 -0.017423 2.116760
0.216280 0.033169 2.164630
0.214413 0.342125 2.190700
0.214080 0.503176 2.129120
0.064311 0.252338 2.197790
0.011394 0.022665 2.183100
0.028546 -0.133151 2.057170
0.049963 -0.181299 2.031370
0.339928 0.247658 2.126840
0.399211 0.264362 1.927290
0.308299 0.425415 1.964390
0.288228 0.478918 1.971770
0.140993 -0.080889 2.115530
0.191468 -0.499895 2.108040
0.167696 -0.832153 2.130110
0.271487 -0.848619 2.113700
0.269087 -0.075287 2.089050
0.241789 -0.480751 2.088330
0.263434 -0.813888 2.117550
0.307957 -0.872912 2.099720
0.206544 -0.016178 2.116580
0.217047 0.034498 2.164440
0.214376 0.343533 2.190310
0.214023 0.503804 2.128670
0.065110 0.253429 2.197160
0.011642 0.023314 2.183060
0.028673 -0.133089 2.057200
0.049288 -0.181673 2.031620
0.340308 0.249102 2.126620
0.399726 0.267573 1.927140
0.309997 0.428752 1.964530
0.289952 0.481608 1.972300
0.141935 -0.079911 2.115570
0.192240 -0.499158 2.107590
0.167781 -0.832058 2.130060
0.271402 -0.848754 2.113780
0.269994 -0.073969 2.088670
0.241760 -0.479850 2.088360
0.262900 -0.813434 2.117580
0.307754 -0.872258 2.100170
0.207324 -0.015008 2.116380
0.217722 0.035790 2.164210
0.214227 0.345029 2.189850
0.213829 0.504713 2.128470
0.065702 0.254332 2.196650
0.011887 0.023918 2.182930
0.028784 -0.133034 2.057220
0.048298 -0.182139 2.031880
0.340489 0.250551 2.126320
0.396712 0.284163 1.927170
0.306913 0.441373 1.967200
0.289553 0.489297 1.975060
0.142755 -0.079001 2.115580
0.192708 -0.498640 2.107310
0.167894 -0.831927 2.129990
0.271340 -0.848862 2.113850
0.270798 -0.072702 2.088290
0.241740 -0.479199 2.088380
0.262346 -0.813066 2.117590
0.307688 -0.871539 2.100570
0.207982 -0.013861 2.116170
0.218259 0.037126 2.163970
0.213948 0.346992 2.189230
0.213517 0.505903 2.128480
0.066691 0.257477 2.195650
0.012082 0.024437 2.182780
0.028880 -0.132991 2.057230
0.047007 -0.182620 2.031980
0.340548 0.251853 2.126010
0.394963 0.293388 1.927140
0.304741 0.448959 1.968690
0.288926 0.495378 1.977270
0.143539 -0.077964 2.115550
0.193083 -0.498193 2.107040
0.167965 -0.831731 2.129920
0.271279 -0.848917 2.113890
0.271444 -0.071498 2.087940
0.241726 -0.478725 2.088400
0.261811 -0.812777 2.117570
0.307671 -0.870894 2.100890
0.208607 -0.012667 2.115930
0.218764 0.038484 2.163700
0.213674 0.348770 2.188650
0.212482 0.507939 2.129500
0.067419 0.259963 2.194850
0.012236 0.024884 2.182620
0.028964 -0.132957 2.057240
0.045491 -0.183117 2.032020
0.340549 0.253250 2.125640
0.394432 0.297170 1.927010
0.304250 0.452225 1.969190
0.288925 0.498643 1.978390
0.144283 -0.076907 2.115490
0.193415 -0.497702 2.106740
0.168049 -0.831280 2.129820
0.271167 -0.848945 2.113930
0.272075 -0.070241 2.087580
0.241721 -0.478376 2.088410
0.261272 -0.812563 2.117550
0.307658 -0.870365 2.101160
0.209096 -0.011671 2.115710
0.219149 0.039630 2.163460
0.213318 0.350344 2.188120
0.212029 0.509262 2.129650
0.067944 0.261908 2.194210
0.012358 0.025309 2.182430
0.029043 -0.132927 2.057240
0.043925 -0.183556 2.031930
0.340497 0.254373 2.125320
0.394165 0.299444 1.926850
0.304050 0.454272 1.969440
0.289066 0.500570 1.979020
0.144891 -0.076002 2.115420
0.193688 -0.497253 2.106460
0.168158 -0.830784 2.129710
0.271071 -0.848975 2.113950
0.272568 -0.069199 2.087270
0.241715 -0.478117 2.088420
0.260767 -0.812405 2.117530
0.307632 -0.869959 2.101460
0.209482 -0.010858 2.115510
0.219428 0.040557 2.163240
0.212936 0.351635 2.187670
0.211561 0.510431 2.129850
0.068367 0.262900 2.193640
0.012430 0.025658 2.182230
0.029108 -0.132898 2.057230
0.042352 -0.183934 2.031830
0.340429 0.255355 2.125060
0.394213 0.299880 1.926510
0.304071 0.454916 1.969290
0.289171 0.501901 1.979450
0.145398 -0.075249 2.115330
0.194066 -0.496911 2.106080
0.168223 -0.830562 2.129640
0.270996 -0.849004 2.113970
0.272963 -0.068333 2.087000
0.241710 -0.477929 2.088420
0.260201 -0.812305 2.117510
0.307672 -0.869485 2.101730
0.209768 -0.010129 2.115320
0.219612 0.041367 2.163040
0.212522 0.352699 2.187330
0.211397 0.511086 2.129750
0.068626 0.263583 2.193220
0.012457 0.026008 2.182010
0.029167 -0.132871 2.057230
0.039984 -0.184379 2.031790
0.340363 0.256159 2.124860
0.394832 0.296544 1.925850
0.304893 0.452730 1.968330
0.289470 0.502507 1.979720
0.145783 -0.074586 2.115210
0.194383 -0.496577 2.105710
0.168282 -0.830329 2.129580
0.270918 -0.849023 2.113980
0.273269 -0.067607 2.086760
0.241710 -0.477811 2.088420
0.259676 -0.812273 2.117490
0.307658 -0.869199 2.101950
0.209982 -0.009579 2.115130
0.219730 0.041969 2.162870
0.212165 0.353474 2.187080
0.210076 0.512194 2.131120
0.068698 0.263671 2.192680
0.012448 0.026289 2.181790
0.029208 -0.132831 2.057220
0.038041 -0.184667 2.031810
0.340241 0.256861 2.124780
0.395528 0.289168 1.925350
0.305459 0.446176 1.967500
0.289782 0.501289 1.980050
0.146087 -0.074090 2.115070
0.194545 -0.496359 2.105460
0.168323 -0.830127 2.129510
0.270833 -0.849035 2.113990
0.273500 -0.067048 2.086540
0.241717 -0.477766 2.088400
0.259134 -0.812313 2.117470
0.307660 -0.868950 2.102140
0.210059 -0.009135 2.114950
0.219724 0.042463 2.162700
0.211669 0.354095 2.186850
0.209427 0.512261 2.131410
0.068140 0.263237 2.192290
0.012407 0.026508 2.181610
0.029244 -0.132785 2.057200
0.036350 -0.184897 2.031860
0.340113 0.257364 2.124710
0.395464 0.281629 1.924680
0.305802 0.439833 1.966150
0.290051 0.499162 1.979990
0.146157 -0.073693 2.114880
0.194631 -0.496176 2.105230
0.168345 -0.829958 2.129460
0.255414 -0.852535 2.124080
0.273640 -0.066643 2.086380
0.241730 -0.477778 2.088380
0.258620 -0.812395 2.117460
0.307690 -0.868713 2.102330
0.209522 -0.008891 2.114720
0.219243 0.042743 2.162490
0.211187 0.354449 2.186680
0.208904 0.511349 2.130830
0.067220 0.262348 2.191960
0.012319 0.026655 2.181420
0.029257 -0.132674 2.057190
0.035209 -0.184944 2.031940
0.339806 0.257707 2.124720
0.394509 0.270267 1.924420
0.304217 0.427994 1.965310
0.289357 0.492891 1.980040
0.145381 -0.073468 2.114510
0.194556 -0.496100 2.104970
0.168359 -0.829881 2.129440
0.255087 -0.851947 2.123480
0.272922 -0.066497 2.086190
0.241754 -0.477841 2.088340
0.258163 -0.812509 2.117450
0.307735 -0.868510 2.102480
0.208539 -0.008911 2.114440
0.218313 0.042754 2.162270
0.210667 0.354607 2.186570
0.208565 0.509262 2.129270
0.065220 0.260315 2.191930
0.012164 0.026745 2.181230
0.029245 -0.132544 2.057190
0.034351 -0.184944 2.032010
0.337331 0.254559 2.125400
0.391863 0.256150 1.925280
0.284329 0.398399 1.958770
0.277365 0.472670 1.976450
0.143869 -0.073555 2.113960
0.194245 -0.496246 2.104650
0.168333 -0.830017 2.129440
0.256072 -0.851115 2.122000
0.271829 -0.066640 2.086050
0.241784 -0.477938 2.088280
0.257708 -0.812651 2.117440
0.307802 -0.868290 2.102600
0.205869 -0.010130 2.114030
0.215996 0.041697 2.161930
0.209670 0.354259 2.186480
0.208435 0.505205 2.126310
0.063210 0.258223 2.192010
0.011850 0.026798 2.181060
0.029216 -0.132394 2.057190
0.033789 -0.184918 2.032050
0.332787 0.245644 2.124560
0.389927 0.243562 1.924690
0.277568 0.383374 1.957230
0.270754 0.457236 1.975010
0.140743 -0.074585 2.113190
0.193522 -0.497022 2.104250
0.168279 -0.830464 2.129480
0.257717 -0.850277 2.120230
0.268814 -0.068322 2.085960
0.241794 -0.478082 2.088210
0.257288 -0.812825 2.117430
0.307869 -0.868106 2.102690
0.202017 -0.012813 2.113390
0.212675 0.039367 2.161370
0.208539 0.353387 2.186270
0.207760 0.501015 2.123560
0.060925 0.255848 2.192320
0.011394 0.026800 2.180920
0.029153 -0.132235 2.057190
0.033346 -0.184859 2.032050
0.326801 0.234662 2.124420
0.385689 0.225651 1.924780
0.274336 0.371194 1.956460
0.266525 0.442843 1.973960
0.136673 -0.076705 2.112210
0.191533 -0.500827 2.103890
0.168300 -0.830836 2.129520
0.259799 -0.849492 2.118380
0.264462 -0.071458 2.085890
0.241800 -0.478357 2.088110
0.256893 -0.813091 2.117420
0.308143 -0.867743 2.102690
0.197128 -0.017591 2.112580
0.208285 0.035151 2.160660
0.206795 0.351664 2.186040
0.206799 0.497450 2.121690
0.058240 0.253556 2.193020
0.010892 0.026756 2.180800
0.029066 -0.132094 2.057200
0.032998 -0.184809 2.032070
0.315988 0.217117 2.124460
0.382497 0.209305 1.926490
0.270832 0.357194 1.956620
0.261736 0.426656 1.973450
0.132270 -0.080104 2.111070
0.188453 -0.506855 2.103780
0.168328 -0.831175 2.129560
0.260840 -0.849094 2.117390
0.259041 -0.076483 2.085880
0.241805 -0.478987 2.087950
0.256455 -0.813649 2.117430
0.308560 -0.867366 2.102520
0.191704 -0.023867 2.111600
0.203161 0.029440 2.159790
0.204183 0.348886 2.185710
0.205822 0.494291 2.120540
0.055976 0.251766 2.193700
0.010324 0.026672 2.180720
0.028910 -0.131932 2.057220
0.032748 -0.184734 2.032070
0.307756 0.203594 2.124600
0.386000 0.155306 1.939860
0.276986 0.323503 1.956150
0.266340 0.380388 1.971830
0.127920 -0.084156 2.109890
0.186026 -0.511946 2.103760
0.168345 -0.831441 2.129610
0.249684 -0.858162 2.127290
0.252735 -0.083326 2.085760
0.241731 -0.480326 2.087720
0.255975 -0.814820 2.117520
0.309377 -0.866864 2.102150
0.189247 -0.025743 2.111460
0.198443 0.026575 2.159830
0.201382 0.345548 2.185620
0.188343 0.514352 2.154450
0.054225 0.250397 2.194280
0.009714 0.026519 2.180630
0.028729 -0.131782 2.057250
0.032570 -0.184648 2.032050
0.339857 0.247204 2.164220
0.372401 0.105845 1.988150
0.281032 0.294813 1.957500
0.268591 0.347014 1.972600
0.124978 -0.086615 2.109250
0.184160 -0.515980 2.103780
0.168380 -0.831659 2.129660
0.245899 -0.860524 2.130360
0.250138 -0.086049 2.085810
0.241616 -0.482242 2.087500
0.255575 -0.815880 2.117590
0.310101 -0.866456 2.101820
0.187506 -0.026912 2.111410
0.195273 0.024947 2.159930
0.197216 0.341552 2.185080
0.179732 0.524917 2.171930
0.052427 0.249203 2.195060
0.009065 0.026263 2.180560
0.028514 -0.131630 2.057300
0.032565 -0.184439 2.031970
0.356179 0.262696 2.180290
0.365893 0.052473 2.033020
0.283367 0.270575 1.961640
0.269513 0.321412 1.976230
0.122804 -0.088346 2.108870
0.182744 -0.519539 2.103870
0.168401 -0.831837 2.129710
0.244060 -0.861668 2.131790
0.248501 -0.087806 2.085850
0.241534 -0.485313 2.087380
0.255271 -0.816768 2.117640
0.310661 -0.866202 2.101610
0.186146 -0.027687 2.111410
0.193064 0.024046 2.159950
0.187563 0.338938 2.181470
0.176129 0.529329 2.179350
0.050884 0.248285 2.195790
0.008422 0.025994 2.180540
0.028260 -0.131495 2.057360
0.032625 -0.184230 2.031890
0.364260 0.258899 2.179130
0.364093 0.030016 2.052220
0.282638 0.252826 1.966420
0.263347 0.297811 1.974680
0.120996 -0.089777 2.108630
0.181333 -0.523638 2.104320
0.168416 -0.831944 2.129760
0.242091 -0.862427 2.131580
0.247367 -0.089091 2.085890
0.241424 -0.488861 2.087300
0.255032 -0.817516 2.117680
0.311018 -0.866101 2.101500
0.185119 -0.028180 2.111430
0.191427 0.023554 2.159940
0.181126 0.338799 2.178130
0.173897 0.531835 2.183730
0.049451 0.247585 2.196470
0.007839 0.025752 2.180550
0.027976 -0.131365 2.057460
0.032816 -0.183970 2.031830
0.367385 0.251449 2.172890
0.363143 0.016820 2.063180
0.281055 0.239615 1.971710
0.261380 0.287260 1.974510
0.119628 -0.090872 2.108470
0.180588 -0.525874 2.104610
0.168434 -0.832011 2.129830
0.251397 -0.858743 2.125670
0.246580 -0.090059 2.085930
0.241329 -0.491841 2.087280
0.254847 -0.818122 2.117710
0.311288 -0.866056 2.101420
0.184359 -0.028441 2.111480
0.190262 0.023373 2.159930
0.178567 0.339875 2.176030
0.173218 0.532964 2.185040
0.048171 0.247127 2.197060
0.007294 0.025535 2.180570
0.027548 -0.131199 2.057640
0.033090 -0.183651 2.031850
0.366846 0.244652 2.166280
0.364862 0.008887 2.072230
0.246748 0.221484 1.975840
0.228921 0.273129 1.966320
0.118652 -0.091653 2.108380
0.179999 -0.527947 2.105120
0.168447 -0.832058 2.129890
0.254886 -0.857435 2.123400
0.246090 -0.090782 2.086000
0.241257 -0.494058 2.087270
0.254700 -0.818617 2.117730
0.311505 -0.866040 2.101370
0.183841 -0.028519 2.111550
0.189476 0.023415 2.159940
0.177516 0.341096 2.174470
0.173934 0.532260 2.182940
0.047015 0.246822 2.197550
0.006786 0.025329 2.180610
0.027005 -0.131025 2.057890
0.041103 -0.184567 2.028560
0.364653 0.239083 2.161050
0.369808 0.005604 2.080850
0.237274 0.209874 1.977930
0.208203 0.256128 1.963310
0.117973 -0.092212 2.108310
0.179417 -0.529394 2.105570
0.168449 -0.832126 2.129980
0.257510 -0.856693 2.121650
0.245953 -0.091319 2.086150
0.241191 -0.495690 2.087280
0.254591 -0.819015 2.117750
0.311680 -0.866067 2.101350
0.183839 -0.028284 2.111750
0.189294 0.023810 2.160030
0.178153 0.342462 2.173570
0.176007 0.530177 2.178250
0.046055 0.246644 2.197880
0.006305 0.025132 2.180620
0.026414 -0.130860 2.058160
0.042425 -0.184120 2.028380
0.362535 0.235332 2.157780
0.376365 0.005877 2.089150
0.226058 0.198325 1.981790
0.203121 0.248377 1.962030
0.117577 -0.092621 2.108260
0.178835 -0.530569 2.106060
0.168452 -0.832178 2.130080
0.259592 -0.856106 2.120250
0.247066 -0.091619 2.086780
0.241133 -0.496906 2.087300
0.254510 -0.819334 2.117750
0.311825 -0.866148 2.101370
0.184505 -0.027757 2.112060
0.189834 0.024543 2.160200
0.180719 0.343960 2.173200
0.178739 0.527824 2.172630
0.045329 0.246535 2.198030
0.005883 0.024970 2.180620
0.025818 -0.130715 2.058440
0.043307 -0.183572 2.028430
0.360765 0.233037 2.155900
0.382136 0.008159 2.095760
0.220191 0.191492 1.984410
0.214044 0.238106 1.958750
0.117647 -0.092918 2.108200
0.178371 -0.531435 2.106510
0.168452 -0.832208 2.130180
0.256616 -0.855412 2.120890
0.249157 -0.091681 2.087830
0.241082 -0.497795 2.087330
0.254451 -0.819587 2.117760
0.311907 -0.866352 2.101440
0.185638 -0.027006 2.112500
0.190799 0.025443 2.160470
0.184375 0.344845 2.173240
0.181447 0.525712 2.167500
0.044624 0.246622 2.197960
0.005360 0.024833 2.180570
0.025251 -0.130594 2.058690
0.043792 -0.183014 2.028630
0.359345 0.231642 2.154850
0.386345 0.009386 2.101310
0.216988 0.186390 1.986810
0.231257 0.228361 1.958010
0.118043 -0.093070 2.108160
0.178007 -0.532077 2.106920
0.168452 -0.832212 2.130290
0.250462 -0.858609 2.122440
0.251693 -0.091549 2.089200
0.241038 -0.498456 2.087360
0.254411 -0.819743 2.117760
0.311980 -0.866522 2.101540
0.186953 -0.026261 2.112950
0.191897 0.026316 2.160740
0.187630 0.345439 2.173360
0.183680 0.524077 2.163250
0.043924 0.246763 2.197610
0.003892 0.023329 2.179230
0.024678 -0.131219 2.058480
0.044200 -0.183003 2.028530
0.358024 0.230810 2.154310
0.389309 0.009761 2.105970
0.223031 0.183729 1.987280
0.222036 0.222093 1.963460
0.118707 -0.093140 2.108110
0.177618 -0.532400 2.107530
0.168450 -0.832210 2.130410
0.243288 -0.863960 2.124660
0.254254 -0.091397 2.090640
0.241000 -0.498949 2.087400
0.254382 -0.819874 2.117750
0.312039 -0.866685 2.101650
0.188347 -0.025590 2.113380
0.193065 0.027115 2.161000
0.190342 0.345837 2.173480
0.185600 0.522734 2.159630
0.043254 0.246954 2.197020
0.002560 0.022124 2.177980
0.024136 -0.131814 2.058250
0.044450 -0.183018 2.028470
0.356826 0.230346 2.154060
0.391318 0.010103 2.109380
0.228623 0.182607 1.987960
0.217919 0.220058 1.966050
0.119596 -0.093166 2.108060
0.177275 -0.532586 2.107960
0.168424 -0.832113 2.130620
0.249156 -0.860847 2.122150
0.256639 -0.091254 2.091980
0.240971 -0.499322 2.087430
0.254362 -0.819976 2.117740
0.312029 -0.866949 2.101780
0.189798 -0.024968 2.113800
0.194224 0.027848 2.161260
0.192577 0.346123 2.173610
0.187061 0.521818 2.156990
0.042659 0.247281 2.195930
0.001368 0.021297 2.176800
0.023702 -0.132282 2.058060
0.044600 -0.183026 2.028420
0.355665 0.230271 2.154180
0.392575 0.010421 2.111890
0.230727 0.181629 1.988650
0.217934 0.222631 1.968250
0.120717 -0.093116 2.108010
0.176977 -0.532500 2.108400
0.168397 -0.831984 2.130840
0.251609 -0.859573 2.121040
0.258816 -0.091075 2.093270
0.240941 -0.499604 2.087470
0.254351 -0.820059 2.117730
0.311912 -0.867391 2.101990
0.191168 -0.024702 2.114140
0.195242 0.028304 2.161470
0.194302 0.346311 2.173720
0.188174 0.521219 2.155040
0.042068 0.247543 2.194390
-0.000144 0.019379 2.174340
0.023330 -0.133890 2.057080
0.044598 -0.183794 2.027970
0.354621 0.230400 2.154500
0.393349 0.010737 2.113730
0.235550 0.182851 1.988960
0.219691 0.228075 1.970770
0.121809 -0.093368 2.108060
0.176656 -0.531744 2.109130
0.168376 -0.831841 2.131060
0.231667 -0.875790 2.121340
0.260874 -0.091242 2.094200
0.240916 -0.499830 2.087530
0.254501 -0.819868 2.117730
0.311073 -0.868223 2.102350
0.192602 -0.024382 2.114480
0.196215 0.028752 2.161660
0.195622 0.346427 2.173790
0.188996 0.520814 2.153620
0.041516 0.247764 2.192490
-0.001384 0.018278 2.172390
0.023023 -0.134890 2.056300
0.044563 -0.184249 2.027660
0.353773 0.230760 2.155180
0.393279 0.011283 2.115130
0.240132 0.185608 1.988890
0.221041 0.234363 1.973050
0.123013 -0.093501 2.108070
0.176488 -0.530286 2.109920
0.168354 -0.831677 2.131280
0.244610 -0.867663 2.118900
0.262937 -0.091277 2.095190
0.240891 -0.500003 2.087580
0.254813 -0.819259 2.117710
0.309156 -0.869367 2.103100
0.194063 -0.024136 2.114780
0.197166 0.029133 2.161830
0.196664 0.346522 2.173820
0.189863 0.520634 2.152460
0.041179 0.247930 2.190350
-0.002364 0.017586 2.170760
0.022858 -0.135582 2.055590
0.044506 -0.184616 2.027410
0.353100 0.231201 2.156000
0.392766 0.011959 2.116140
0.243146 0.189255 1.990730
0.261388 0.225100 1.963070
0.124545 -0.093658 2.108020
0.176465 -0.528734 2.110620
0.168334 -0.831508 2.131490
0.249054 -0.864960 2.117980
0.264797 -0.091290 2.096090
0.240871 -0.500138 2.087640
0.255269 -0.818336 2.117700
0.306995 -0.870390 2.103900
0.195594 -0.023871 2.115070
0.198152 0.029515 2.161980
0.197479 0.346598 2.173820
0.190847 0.520559 2.151470
0.040970 0.248041 2.188330
-0.003223 0.016412 2.168300
0.023068 -0.137018 2.054150
0.044451 -0.185816 2.026620
0.352550 0.231784 2.157000
0.391945 0.012715 2.116810
0.244725 0.191181 1.991800
0.233289 0.247720 1.960450
0.126394 -0.093695 2.107900
0.176609 -0.527202 2.111180
0.168332 -0.831302 2.131700
0.243971 -0.866848 2.125460
0.266573 -0.091200 2.096990
0.240860 -0.500235 2.087690
0.255860 -0.817178 2.117710
0.305102 -0.871129 2.104610
0.197145 -0.023691 2.115300
0.199170 0.029828 2.162100
0.198175 0.346649 2.173780
0.191878 0.520555 2.150650
0.040918 0.248064 2.186360
-0.003788 0.014838 2.165400
0.023559 -0.139116 2.052170
0.044530 -0.187788 2.025270
0.352144 0.232362 2.157970
0.391059 0.013292 2.117350
0.245817 0.192745 1.992820
0.214610 0.260351 1.960260
0.128422 -0.093753 2.107670
0.176743 -0.526309 2.111520
0.168337 -0.831061 2.131930
0.252810 -0.860097 2.122550
0.268166 -0.091135 2.097790
0.240848 -0.500321 2.087780
0.256428 -0.816049 2.117730
0.304187 -0.871427 2.104940
0.198581 -0.023584 2.115470
0.200159 0.030082 2.162190
0.198817 0.346716 2.173690
0.192911 0.520666 2.150020
0.040953 0.248078 2.184690
-0.004159 0.013566 2.163050
0.024040 -0.140875 2.050430
0.044749 -0.189439 2.023910
0.351856 0.232875 2.158850
0.390249 0.013827 2.117770
0.246594 0.194176 1.993810
0.205952 0.266323 1.960600
0.130319 -0.093840 2.107430
0.177140 -0.525095 2.111880
0.168337 -0.830861 2.132120
0.256129 -0.857660 2.121510
0.269496 -0.091085 2.098440
0.240837 -0.500387 2.087880
0.256997 -0.814858 2.117760
0.303298 -0.871618 2.105270
0.200036 -0.023483 2.115590
0.201194 0.030335 2.162240
0.199478 0.346845 2.173560
0.194318 0.521012 2.149610
0.041204 0.248285 2.183000
-0.004409 0.012578 2.161180
0.024460 -0.142295 2.049000
0.044949 -0.190836 2.022740
0.351691 0.233478 2.159790
0.389484 0.014274 2.118030
0.247096 0.195356 1.994650
0.200950 0.269667 1.960840
0.132303 -0.093843 2.107090
0.177399 -0.524274 2.112120
0.168339 -0.830655 2.132310
0.260066 -0.854895 2.119800
0.270713 -0.091006 2.099020
0.240829 -0.500441 2.087980
0.257520 -0.813761 2.117790
0.302648 -0.871718 2.105470
0.201266 -0.023416 2.115660
0.202125 0.030543 2.162260
0.200203 0.346978 2.173350
0.195632 0.521363 2.149330
0.041473 0.248437 2.181560
-0.004553 0.011807 2.159710
0.024832 -0.143425 2.047820
0.045137 -0.191986 2.021700
0.351591 0.233995 2.160600
0.388819 0.014625 2.118200
0.247414 0.196316 1.995360
0.197720 0.271753 1.961050
0.133906 -0.093841 2.106780
0.177650 -0.523550 2.112310
0.168343 -0.830466 2.132480
0.262055 -0.853501 2.119010
0.271685 -0.090937 2.099470
0.240835 -0.500490 2.088100
0.258036 -0.812742 2.117820
0.301951 -0.871816 2.105670
0.202286 -0.023364 2.115690
0.202861 0.030713 2.162260
0.200823 0.347110 2.173120
0.196792 0.521736 2.149180
0.041920 0.248595 2.180170
-0.004620 0.011125 2.158440
0.025174 -0.144430 2.046780
0.045323 -0.193047 2.020730
0.351960 0.235152 2.162030
0.388292 0.014843 2.118330
0.247621 0.197047 1.995960
0.195562 0.273163 1.961180
0.135211 -0.093834 2.106500
0.177882 -0.522932 2.112460
0.168331 -0.830372 2.132580
0.263859 -0.852305 2.118080
0.272460 -0.090870 2.099820
0.240862 -0.500530 2.088230
0.258574 -0.811758 2.117850
0.301183 -0.871921 2.105880
0.203139 -0.023370 2.115680
0.203527 0.030827 2.162220
0.201478 0.347275 2.172840
0.197785 0.522086 2.149120
0.042328 0.248727 2.179060
-0.004595 0.010516 2.157370
0.025523 -0.145321 2.045850
0.045478 -0.194025 2.019770
0.352155 0.235888 2.162900
0.387851 0.014999 2.118400
0.247739 0.197630 1.996460
0.194133 0.273388 1.961650
0.136255 -0.093853 2.106250
0.178141 -0.522386 2.112580
0.168316 -0.830297 2.132650
0.265122 -0.851475 2.117400
0.273052 -0.090832 2.100070
0.240901 -0.500585 2.088380
0.259052 -0.810908 2.117880
0.300536 -0.872007 2.106080
0.203868 -0.023413 2.115640
0.204143 0.030894 2.162170
0.202105 0.347414 2.172550
0.198595 0.522380 2.149100
0.042673 0.248828 2.178180
-0.004526 0.009977 2.156480
0.025863 -0.146096 2.045060
0.045619 -0.194899 2.018910
0.352273 0.236330 2.163430
0.387501 0.015111 2.118420
0.247807 0.198090 1.996850
0.193203 0.273549 1.961930
0.137100 -0.093899 2.106030
0.178383 -0.521908 2.112670
0.168301 -0.830241 2.132710
0.265938 -0.850936 2.117010
0.273532 -0.090814 2.100260
0.240940 -0.500638 2.088540
0.259466 -0.810178 2.117900
0.299956 -0.872080 2.106240
0.204466 -0.023467 2.115580
0.204686 0.030935 2.162090
0.202729 0.347544 2.172240
0.199258 0.522623 2.149110
0.042967 0.248909 2.177500
-0.004414 0.009478 2.155740
0.026190 -0.146785 2.044360
0.045840 -0.195655 2.018140
0.352368 0.236636 2.163790
0.387232 0.015190 2.118410
0.247846 0.198455 1.997170
0.192741 0.273328 1.962220
0.137758 -0.093946 2.105840
0.178606 -0.521487 2.112730
0.168275 -0.830213 2.132750
0.247562 -0.861696 2.129370
0.273906 -0.090805 2.100380
0.240979 -0.500691 2.088680
0.259827 -0.809552 2.117920
0.299444 -0.872145 2.106390
0.204987 -0.023518 2.115510
0.205211 0.030966 2.162000
0.203524 0.347670 2.171880
0.199854 0.522836 2.149130
0.043213 0.248975 2.176970
-0.004246 0.009036 2.155120
0.026481 -0.147373 2.043770
0.046036 -0.196308 2.017480
0.352458 0.236877 2.164060
0.387017 0.015249 2.118350
0.247871 0.198741 1.997400
0.192641 0.272859 1.962460
0.138284 -0.093986 2.105690
0.178812 -0.521111 2.112780
0.168231 -0.830214 2.132780
0.249456 -0.860667 2.127850
0.274215 -0.090797 2.100470
0.241019 -0.500738 2.088810
0.260150 -0.809000 2.117920
0.299040 -0.872184 2.106520
0.205418 -0.023545 2.115430
0.205675 0.031008 2.161900
0.204258 0.347796 2.171520
0.200384 0.523032 2.149140
0.043415 0.249027 2.176570
-0.004036 0.008657 2.154630
0.026759 -0.147845 2.043250
0.046229 -0.196836 2.016920
0.352662 0.237171 2.164300
0.386652 0.015486 2.117810
0.247816 0.199093 1.997480
0.192615 0.272522 1.962430
0.138691 -0.094018 2.105560
0.178995 -0.520775 2.112820
0.168185 -0.830226 2.132810
0.250405 -0.860120 2.127130
0.274474 -0.090780 2.100510
0.241062 -0.500784 2.088930
0.260440 -0.808521 2.117920
0.298711 -0.872214 2.106620
0.205808 -0.023561 2.115330
0.206149 0.031059 2.161770
0.205039 0.347920 2.171130
0.200843 0.523203 2.149150
0.043600 0.249075 2.176270
-0.003778 0.008340 2.154240
0.027029 -0.148211 2.042820
0.046445 -0.197238 2.016410
0.352896 0.237473 2.164430
0.386383 0.015609 2.117140
0.247777 0.199349 1.997490
0.192847 0.271968 1.962280
0.139020 -0.094038 2.105450
0.179132 -0.520303 2.112840
0.168135 -0.830247 2.132830
0.253915 -0.858180 2.124540
0.274716 -0.090754 2.100490
0.241096 -0.500820 2.089030
0.260690 -0.808084 2.117900
0.298296 -0.872251 2.106720
0.206226 -0.023492 2.115190
0.206662 0.031185 2.161600
0.205757 0.348053 2.170750
0.201301 0.523343 2.149140
0.043765 0.249120 2.176040
-0.003510 0.008079 2.153930
0.027263 -0.148496 2.042460
0.046634 -0.197551 2.015990
0.353321 0.237846 2.164520
0.386302 0.015679 2.116400
0.247778 0.199557 1.997450
0.193371 0.271278 1.962020
0.139312 -0.094025 2.105340
0.179273 -0.519621 2.112820
0.168052 -0.830351 2.132860
0.251202 -0.859797 2.126840
0.275016 -0.090665 2.100400
0.241128 -0.500853 2.089120
0.260913 -0.807709 2.117870
0.297960 -0.872281 2.106820
0.206627 -0.023415 2.115040
0.207220 0.031314 2.161410
0.206534 0.348155 2.170390
0.201939 0.523466 2.149040
0.043908 0.249166 2.175890
-0.003153 0.007820 2.153670
0.027488 -0.148744 2.042140
0.046812 -0.197824 2.015600
0.353698 0.237973 2.164390
0.386310 0.015700 2.115470
0.247789 0.199741 1.997320
0.194024 0.270534 1.961630
0.139565 -0.094005 2.105240
0.179400 -0.518976 2.112790
0.167968 -0.830463 2.132890
0.249963 -0.860421 2.127860
0.275315 -0.090571 2.100260
0.241163 -0.500914 2.089210
0.261115 -0.807432 2.117830
0.274044 -0.850849 2.060970
