-0.046477 0.052132 1.991540
-0.050745 0.108368 2.038490
-0.057105 0.441181 2.041620
-0.075534 0.635525 2.040530
-0.214598 0.308347 2.043360
-0.265279 0.043903 2.035690
-0.291411 -0.166194 1.980680
-0.289699 -0.247793 1.960390
0.118809 0.350601 2.067850
0.179195 0.107495 2.003050
0.077093 0.225460 1.772870
0.051610 0.276886 1.750440
-0.114530 -0.027818 1.981810
-0.105985 -0.492843 2.007580
-0.094489 -0.775394 2.049080
-0.107188 -0.853610 2.027710
0.026012 -0.017321 1.979450
0.060674 -0.466103 1.978930
0.065544 -0.738866 1.977620
0.073610 -0.759028 1.879520
-0.046437 0.052190 1.992150
-0.050670 0.108631 2.039030
-0.057084 0.440876 2.041720
-0.075468 0.635517 2.040510
-0.214689 0.308472 2.044030
-0.267238 0.044072 2.037380
-0.294497 -0.166581 1.981860
-0.293096 -0.247876 1.961570
0.119024 0.350694 2.068420
0.179364 0.107431 2.003360
0.077749 0.225489 1.773010
0.051957 0.276662 1.750240
-0.114537 -0.027815 1.982230
-0.106010 -0.492943 2.007800
-0.094418 -0.776343 2.049930
-0.108833 -0.857654 2.033560
0.026056 -0.017328 1.980190
0.060519 -0.466081 1.979310
0.065315 -0.736861 1.977590
0.077185 -0.754727 1.874250
-0.046395 0.052252 1.992730
-0.050598 0.108871 2.039560
-0.057068 0.440619 2.041830
-0.075403 0.635507 2.040500
-0.214816 0.308597 2.044700
-0.268856 0.044259 2.038850
-0.296915 -0.166689 1.982840
-0.295828 -0.247729 1.962570
0.119184 0.350824 2.068990
0.179521 0.107378 2.003680
0.078377 0.225519 1.773180
0.052260 0.276433 1.750070
-0.114534 -0.027811 1.982620
-0.106030 -0.493021 2.007990
-0.094378 -0.777075 2.050540
-0.109963 -0.860417 2.037610
0.026107 -0.017312 1.980890
0.060375 -0.466076 1.979690
0.065187 -0.735579 1.977560
0.079132 -0.752861 1.871870
-0.046342 0.052315 1.993280
-0.050526 0.109087 2.040060
-0.057073 0.440395 2.041990
-0.075341 0.635497 2.040500
-0.214960 0.308703 2.045350
-0.270187 0.044431 2.040120
-0.298748 -0.166664 1.983620
-0.297897 -0.247507 1.963360
0.119309 0.351004 2.069630
0.179686 0.107324 2.004150
0.079058 0.225581 1.773410
0.052531 0.276195 1.749930
-0.114510 -0.027815 1.983000
-0.106045 -0.493085 2.008140
-0.094363 -0.777614 2.050950
-0.110788 -0.862446 2.040570
0.026176 -0.017281 1.981540
0.060249 -0.466079 1.980050
0.065108 -0.734705 1.977540
0.079289 -0.753643 1.872510
-0.046300 0.052374 1.993800
-0.050472 0.109277 2.040550
-0.057104 0.440194 2.042210
-0.075273 0.635487 2.040550
-0.215138 0.308789 2.046000
-0.271229 0.044562 2.041150
-0.300094 -0.166655 1.984200
-0.299374 -0.247369 1.963930
0.119372 0.351220 2.070310
0.179836 0.107290 2.004690
0.079665 0.225611 1.773650
0.052798 0.275962 1.749830
-0.114486 -0.027826 1.983370
-0.106057 -0.493136 2.008270
-0.094354 -0.778043 2.051280
-0.111363 -0.863757 2.042390
0.026237 -0.017245 1.982130
0.060141 -0.466087 1.980390
0.065054 -0.734107 1.977530
0.054679 -0.787396 1.927640
-0.046262 0.052432 1.994300
-0.050431 0.109444 2.041030
-0.057157 0.440002 2.042520
-0.075213 0.635468 2.040630
-0.215345 0.308851 2.046650
-0.272027 0.044648 2.041950
-0.301072 -0.166645 1.984630
-0.300431 -0.247269 1.964360
0.119240 0.351657 2.071230
0.179970 0.107258 2.005340
0.080250 0.225637 1.773910
0.053070 0.275747 1.749780
-0.114455 -0.027838 1.983740
-0.106066 -0.493179 2.008370
-0.094330 -0.778398 2.051530
-0.111753 -0.864199 2.042660
0.026291 -0.017195 1.982660
0.060045 -0.466098 1.980710
0.065016 -0.733707 1.977530
0.040651 -0.806737 1.957600
-0.046231 0.052486 1.994770
-0.050406 0.109591 2.041490
-0.057259 0.439831 2.042910
-0.075158 0.635453 2.040740
-0.215551 0.308911 2.047260
-0.272631 0.044721 2.042580
-0.301761 -0.166668 1.984940
-0.301153 -0.247233 1.964670
0.119063 0.352103 2.072160
0.180111 0.107255 2.006080
0.080799 0.225640 1.774200
0.053373 0.275545 1.749800
-0.114422 -0.027855 1.984100
-0.106072 -0.493213 2.008460
-0.094314 -0.778665 2.051710
-0.111823 -0.864387 2.042670
0.026338 -0.017138 1.983150
0.059961 -0.466108 1.981000
0.064992 -0.733414 1.977530
0.035154 -0.814411 1.969540
-0.046218 0.052533 1.995220
-0.050407 0.109718 2.041950
-0.057416 0.439687 2.043380
-0.075115 0.635441 2.040910
-0.215754 0.308957 2.047830
-0.273082 0.044771 2.043070
-0.302254 -0.166680 1.985190
-0.301672 -0.247199 1.964920
0.118844 0.352520 2.073040
0.180240 0.107236 2.006960
0.081356 0.225603 1.774560
0.053719 0.275318 1.749910
-0.114397 -0.027873 1.984450
-0.106077 -0.493240 2.008540
-0.094285 -0.778893 2.051830
-0.111717 -0.864361 2.042410
0.026366 -0.017078 1.983600
0.059885 -0.466119 1.981260
0.064984 -0.732929 1.977510
0.055981 -0.784695 1.921110
-0.046226 0.052568 1.995650
-0.050431 0.109820 2.042390
-0.057631 0.439562 2.043940
-0.075101 0.635429 2.041120
-0.215956 0.308997 2.048350
-0.273417 0.044805 2.043440
-0.302577 -0.166677 1.985400
-0.301988 -0.247159 1.965130
0.118611 0.352871 2.073810
0.180340 0.107222 2.007770
0.081843 0.225560 1.774890
0.054046 0.275112 1.750060
-0.114380 -0.027899 1.984790
-0.106082 -0.493260 2.008600
-0.094274 -0.779059 2.051850
-0.098108 -0.834512 1.992530
0.026373 -0.017024 1.984000
0.059818 -0.466130 1.981500
0.064979 -0.732693 1.977500
0.063697 -0.775425 1.903490
-0.046264 0.052582 1.996070
-0.050486 0.109896 2.042840
-0.057876 0.439465 2.044550
-0.075119 0.635435 2.041380
-0.216151 0.309031 2.048840
-0.273663 0.044828 2.043730
-0.302626 -0.166661 1.985600
-0.301902 -0.247095 1.965280
0.118343 0.353141 2.074460
0.180404 0.107210 2.008540
0.082271 0.225509 1.775210
0.054379 0.274933 1.750260
-0.114384 -0.027938 1.985150
-0.106087 -0.493277 2.008650
-0.094290 -0.779149 2.051700
-0.089534 -0.814104 1.958720
0.026342 -0.016976 1.984370
0.059751 -0.466157 1.981730
0.064973 -0.732540 1.977490
0.068636 -0.769548 1.892090
-0.046315 0.052586 1.996470
-0.050555 0.109953 2.043270
-0.058140 0.439391 2.045170
-0.075180 0.635467 2.041700
-0.216338 0.309055 2.049290
-0.273842 0.044839 2.043960
-0.302168 -0.166654 1.985820
-0.301333 -0.247033 1.965350
0.118092 0.353356 2.075020
0.180425 0.107137 2.009400
0.082703 0.225416 1.775590
0.054760 0.274724 1.750590
-0.114396 -0.027986 1.985500
-0.106091 -0.493291 2.008700
-0.094290 -0.779191 2.051500
-0.086527 -0.807144 1.947220
0.026300 -0.016933 1.984710
0.059686 -0.466184 1.981950
0.064962 -0.732498 1.977510
0.071077 -0.766714 1.886380
-0.046393 0.052568 1.996860
-0.050651 0.109982 2.043690
-0.058410 0.439317 2.045790
-0.075277 0.635505 2.042100
-0.216512 0.309069 2.049690
-0.273968 0.044840 2.044150
-0.301283 -0.166697 1.986020
-0.300327 -0.247027 1.965380
0.117846 0.353507 2.075510
0.180417 0.107065 2.010210
0.083079 0.225311 1.775960
0.055118 0.274525 1.750940
-0.114433 -0.028053 1.985870
-0.106096 -0.493304 2.008750
-0.094302 -0.779190 2.051280
-0.084626 -0.802742 1.939930
0.026230 -0.016903 1.985020
0.059626 -0.466211 1.982150
0.064897 -0.732287 1.977510
0.072622 -0.764499 1.882580
-0.046490 0.052535 1.997250
-0.050757 0.109993 2.044100
-0.058652 0.439246 2.046350
-0.075389 0.635524 2.042480
-0.216709 0.309071 2.050090
-0.274055 0.044828 2.044310
-0.300008 -0.166701 1.986180
-0.298745 -0.246979 1.965350
0.117605 0.353595 2.075910
0.180386 0.107007 2.010920
0.083392 0.225217 1.776270
0.055423 0.274350 1.751260
-0.114494 -0.028137 1.986260
-0.106104 -0.493318 2.008800
-0.094318 -0.779151 2.051050
-0.083831 -0.800569 1.936620
0.026138 -0.016883 1.985320
0.059569 -0.466243 1.982340
0.064868 -0.732216 1.977520
0.073635 -0.763114 1.880030
-0.046605 0.052491 1.997610
-0.050870 0.109990 2.044490
-0.058876 0.439194 2.046880
-0.075501 0.635532 2.042830
-0.216929 0.309070 2.050490
-0.274100 0.044801 2.044460
-0.298587 -0.166658 1.986280
-0.297055 -0.246881 1.965260
0.117328 0.353615 2.076240
0.180331 0.106957 2.011520
0.083647 0.225138 1.776550
0.055679 0.274207 1.751550
-0.114578 -0.028227 1.986620
-0.106112 -0.493328 2.008840
-0.094367 -0.779059 2.050780
-0.084346 -0.800681 1.937440
0.026024 -0.016871 1.985600
0.059513 -0.466279 1.982530
0.064840 -0.732197 1.977540
0.074001 -0.762624 1.878890
-0.046730 0.052445 1.997950
-0.050993 0.109982 2.044850
-0.059077 0.439154 2.047340
-0.075636 0.635547 2.043190
-0.217148 0.309055 2.050860
-0.274114 0.044757 2.044610
-0.297198 -0.166564 1.986370
-0.295313 -0.246718 1.965140
0.117040 0.353631 2.076540
0.180259 0.106918 2.012060
0.083866 0.225049 1.776770
0.055902 0.274052 1.751750
-0.114675 -0.028317 1.986980
-0.106122 -0.493335 2.008890
-0.094542 -0.778851 2.050340
-0.085774 -0.801899 1.940020
0.025895 -0.016861 1.985870
0.059459 -0.466312 1.982700
0.064822 -0.732249 1.977580
0.073892 -0.762997 1.879030
-0.046850 0.052400 1.998260
-0.051108 0.109970 2.045170
-0.059252 0.439120 2.047740
-0.075794 0.635576 2.043550
-0.217368 0.309037 2.051210
-0.274107 0.044704 2.044740
-0.295850 -0.166406 1.986440
-0.293762 -0.246504 1.965040
0.116751 0.353620 2.076810
0.180139 0.106898 2.012470
0.084017 0.224991 1.776910
0.056060 0.273944 1.751880
-0.114769 -0.028401 1.987300
-0.106132 -0.493344 2.008930
-0.094730 -0.778625 2.049910
-0.087339 -0.803605 1.943370
0.025765 -0.016852 1.986120
0.059410 -0.466344 1.982860
0.064809 -0.732360 1.977610
0.073467 -0.763904 1.879930
-0.046965 0.052354 1.998540
-0.051216 0.109954 2.045460
-0.059407 0.439094 2.048090
-0.075960 0.635604 2.043880
-0.217584 0.309010 2.051530
-0.274082 0.044637 2.044880
-0.294632 -0.166246 1.986500
-0.292355 -0.246304 1.964990
0.116462 0.353585 2.077040
0.179989 0.106879 2.012850
0.084140 0.224940 1.777030
0.056192 0.273842 1.751970
-0.114858 -0.028479 1.987590
-0.106143 -0.493367 2.008990
-0.094916 -0.778410 2.049530
-0.088746 -0.805307 1.946640
0.025637 -0.016847 1.986350
0.059364 -0.466374 1.983000
0.064802 -0.732540 1.977650
0.072901 -0.765097 1.881200
-0.047073 0.052311 1.998790
-0.051318 0.109937 2.045720
-0.059547 0.439074 2.048400
-0.076115 0.635629 2.044180
-0.217785 0.308986 2.051820
-0.274046 0.044566 2.045000
-0.293594 -0.166100 1.986540
-0.291196 -0.246132 1.964970
0.116138 0.353558 2.077240
0.179737 0.106838 2.013200
0.084224 0.224895 1.777110
0.056296 0.273756 1.752040
-0.114940 -0.028549 1.987850
-0.106154 -0.493390 2.009050
-0.095095 -0.778200 2.049180
-0.089863 -0.806728 1.949330
0.025510 -0.016839 1.986560
0.059317 -0.466406 1.983140
0.064745 -0.732932 1.977750
0.053858 -0.794629 1.927580
-0.047181 0.052270 1.999020
-0.051418 0.109920 2.045970
-0.059670 0.439057 2.048660
-0.076268 0.635663 2.044460
-0.217996 0.308969 2.052100
-0.274004 0.044496 2.045130
-0.292721 -0.165973 1.986590
-0.290269 -0.245988 1.964960
0.115830 0.353527 2.077410
0.179358 0.106665 2.013740
0.084308 0.224735 1.777280
0.056432 0.273557 1.752160
-0.115025 -0.028616 1.988090
-0.106165 -0.493411 2.009110
-0.095273 -0.777990 2.048860
-0.090737 -0.807830 1.951440
0.025377 -0.016831 1.986760
0.059271 -0.466440 1.983270
0.064703 -0.733340 1.977850
0.042189 -0.812693 1.955980
-0.047295 0.052229 1.999230
-0.051520 0.109899 2.046190
-0.059786 0.439035 2.048890
-0.076416 0.635694 2.044700
-0.218227 0.308954 2.052380
-0.273959 0.044424 2.045240
-0.292025 -0.165871 1.986630
-0.289532 -0.245876 1.964970
0.115543 0.353489 2.077560
0.178829 0.106287 2.014540
0.084354 0.224337 1.777630
0.056463 0.272973 1.752360
-0.115117 -0.028683 1.988310
-0.106184 -0.493447 2.009190
-0.095445 -0.777784 2.048550
-0.091393 -0.808651 1.952970
0.025234 -0.016824 1.986960
0.059222 -0.466478 1.983390
0.064703 -0.733219 1.977840
0.056357 -0.786273 1.920320
-0.047410 0.052178 1.999430
-0.051620 0.109869 2.046400
-0.059893 0.439013 2.049100
-0.076561 0.635712 2.044920
-0.218439 0.308939 2.052640
-0.273914 0.044351 2.045350
-0.291465 -0.165815 1.986660
-0.288931 -0.245813 1.965000
0.115230 0.353428 2.077680
0.178286 0.105987 2.015100
0.084167 0.223768 1.777860
0.056101 0.272021 1.752430
-0.115204 -0.028749 1.988510
-0.106206 -0.493488 2.009270
-0.095597 -0.777602 2.048300
-0.091899 -0.809286 1.954180
0.025086 -0.016825 1.987140
0.059174 -0.466518 1.983500
0.064697 -0.733257 1.977850
0.061497 -0.778367 1.907490
-0.047522 0.052125 1.999610
-0.051715 0.109836 2.046590
-0.059993 0.438990 2.049290
-0.076702 0.635730 2.045110
-0.218634 0.308922 2.052880
-0.273870 0.044277 2.045450
-0.291027 -0.165785 1.986700
-0.288493 -0.245778 1.965040
0.114896 0.353318 2.077770
0.177780 0.105807 2.015420
0.083648 0.223074 1.777910
0.055184 0.270720 1.752110
-0.115285 -0.028811 1.988690
-0.106231 -0.493524 2.009350
-0.095724 -0.777447 2.048090
-0.092270 -0.809772 1.955090
0.024937 -0.016831 1.987310
0.059126 -0.466558 1.983600
0.064697 -0.733313 1.977860
0.065321 -0.772971 1.898070
-0.047639 0.052069 1.999780
-0.051812 0.109799 2.046760
-0.060088 0.438968 2.049460
-0.076841 0.635740 2.045270
-0.218838 0.308900 2.053110
-0.273831 0.044200 2.045540
-0.290729 -0.165798 1.986740
-0.288179 -0.245794 1.965100
0.114558 0.353186 2.077830
0.177365 0.105651 2.015680
0.083358 0.221875 1.778210
0.053704 0.266776 1.751020
-0.115371 -0.028872 1.988850
-0.106255 -0.493558 2.009420
-0.095884 -0.777270 2.047820
-0.092563 -0.810109 1.955690
0.024779 -0.016843 1.987480
0.059082 -0.466596 1.983700
0.064698 -0.733376 1.977860
0.067396 -0.770093 1.892880
-0.047753 0.052019 1.999940
-0.051910 0.109764 2.046930
-0.060193 0.438941 2.049640
-0.076969 0.635743 2.045410
-0.219047 0.308879 2.053350
-0.273800 0.044126 2.045610
-0.290562 -0.165867 1.986770
-0.288010 -0.245898 1.965190
0.114273 0.353063 2.077910
0.177102 0.105458 2.016000
0.083199 0.220894 1.778610
0.052294 0.263040 1.750110
-0.115452 -0.028927 1.989000
-0.106284 -0.493593 2.009490
-0.096002 -0.777142 2.047600
-0.092770 -0.810378 1.956150
0.024628 -0.016854 1.987640
0.059038 -0.466632 1.983790
0.064662 -0.733561 1.977880
0.068567 -0.768487 1.889800
-0.047864 0.051975 2.000090
-0.052008 0.109732 2.047090
-0.060340 0.438905 2.049830
-0.077089 0.635745 2.045530
-0.219283 0.308841 2.053620
-0.273787 0.044048 2.045660
-0.290601 -0.166036 1.986770
-0.288004 -0.246110 1.965330
0.114043 0.352952 2.078000
0.176966 0.105375 2.016150
0.107918 0.211477 1.807430
0.059281 0.249192 1.758670
-0.115529 -0.028976 1.989130
-0.106314 -0.493625 2.009560
-0.096106 -0.777031 2.047410
-0.092927 -0.810583 1.956490
0.024487 -0.016864 1.987780
0.058994 -0.466674 1.983880
0.064989 -0.737885 1.978220
0.046716 -0.796781 1.921850
-0.047981 0.051943 2.000240
-0.052121 0.109706 2.047260
-0.060496 0.438862 2.050030
-0.077207 0.635740 2.045650
-0.219532 0.308803 2.053900
-0.273800 0.043971 2.045680
-0.290962 -0.166365 1.986660
-0.288255 -0.246466 1.965440
0.113896 0.352960 2.078170
0.177304 0.105691 2.015780
0.094633 0.218847 1.802980
0.055194 0.254288 1.757770
-0.115617 -0.029023 1.989260
-0.106332 -0.493635 2.009600
-0.096206 -0.776934 2.047200
-0.093037 -0.810737 1.956720
0.024353 -0.016873 1.987920
0.058949 -0.466717 1.983960
0.064986 -0.740824 1.978570
0.035457 -0.813861 1.941260
-0.048107 0.051897 2.000380
-0.052233 0.109667 2.047410
-0.060691 0.438814 2.050260
-0.077329 0.635736 2.045770
-0.219778 0.308760 2.054180
-0.273840 0.043882 2.045670
-0.291527 -0.166696 1.986440
-0.288873 -0.246832 1.965330
0.113812 0.352380 2.078220
0.179290 0.109066 2.011580
0.080739 0.230685 1.792560
0.043543 0.270155 1.760240
-0.115728 -0.029090 1.989380
-0.106350 -0.493632 2.009630
-0.096294 -0.776852 2.047010
-0.093130 -0.810859 1.956900
0.024227 -0.016902 1.988050
0.058906 -0.466757 1.984040
0.064947 -0.742475 1.978740
0.031357 -0.820908 1.949940
-0.048272 0.051818 2.000530
-0.052373 0.109603 2.047580
-0.060976 0.438775 2.050550
-0.077464 0.635732 2.045910
-0.220055 0.308698 2.054500
-0.273934 0.043756 2.045590
-0.292515 -0.166985 1.985870
-0.290100 -0.247121 1.964630
0.113686 0.351479 2.078160
0.181865 0.113441 2.006610
0.073413 0.244988 1.786940
0.034361 0.288173 1.764800
-0.115898 -0.029198 1.989500
-0.106362 -0.493618 2.009660
-0.096371 -0.776791 2.046830
-0.093210 -0.810964 1.957020
0.024090 -0.016959 1.988160
0.058866 -0.466793 1.984110
0.064933 -0.743542 1.978860
0.028950 -0.824887 1.954920
-0.048561 0.051647 2.000680
-0.052544 0.109491 2.047740
-0.061464 0.438796 2.050950
-0.077955 0.635795 2.046300
-0.220427 0.308640 2.054920
-0.274077 0.043608 2.045410
-0.293765 -0.167174 1.984900
-0.291718 -0.247228 1.963190
0.113845 0.342994 2.074770
0.188393 0.125452 1.996080
0.065124 0.262115 1.782270
0.032086 0.316777 1.770150
-0.116337 -0.029463 1.989690
-0.106362 -0.493559 2.009660
-0.096446 -0.776737 2.046630
-0.093371 -0.811072 1.957070
0.023885 -0.017138 1.988230
0.058830 -0.466814 1.984170
0.064908 -0.744268 1.978950
0.027689 -0.827379 1.958350
-0.049107 0.051220 2.000810
-0.052695 0.109329 2.047880
-0.062267 0.439126 2.051320
-0.078762 0.635855 2.046910
-0.220867 0.308581 2.055420
-0.274289 0.043434 2.045110
-0.295213 -0.167200 1.983390
-0.293278 -0.247139 1.961230
0.110771 0.321082 2.060230
0.197138 0.135802 1.982160
0.059273 0.293216 1.786830
0.026942 0.334686 1.768780
-0.117051 -0.029896 1.989880
-0.106339 -0.493410 2.009630
-0.096520 -0.776694 2.046410
-0.093996 -0.811232 1.956990
0.023480 -0.017645 1.988230
0.058797 -0.466827 1.984220
0.064872 -0.744786 1.979030
0.028028 -0.828230 1.960250
-0.049865 0.050543 2.000860
-0.052886 0.109142 2.047970
-0.063705 0.440866 2.051340
-0.080270 0.636205 2.048140
-0.221286 0.308526 2.055900
-0.274525 0.043257 2.044740
-0.296656 -0.167114 1.981460
-0.294845 -0.246918 1.958790
0.109110 0.311252 2.053390
0.205361 0.145293 1.968110
0.057264 0.313847 1.789580
0.020653 0.347193 1.770540
-0.117897 -0.030419 1.990040
-0.106296 -0.493208 2.009560
-0.096580 -0.776663 2.046240
-0.094659 -0.811401 1.956920
0.022899 -0.018401 1.988180
0.058762 -0.466836 1.984280
0.064489 -0.742113 1.978620
0.047336 -0.789809 1.917220
-0.051905 0.047674 2.000360
-0.053225 0.108322 2.047840
-0.065339 0.443110 2.051070
-0.082049 0.636683 2.049590
-0.221687 0.308488 2.056370
-0.274757 0.043090 2.044300
-0.297824 -0.166938 1.979310
-0.295821 -0.246462 1.955650
0.083181 0.283317 2.031580
0.213117 0.151979 1.959340
0.058270 0.327403 1.793230
0.018258 0.361667 1.778560
-0.118886 -0.031139 1.990090
-0.106230 -0.492964 2.009470
-0.096622 -0.776646 2.046070
-0.096478 -0.811674 1.956800
0.020913 -0.020651 1.987810
0.058712 -0.466818 1.984330
0.064157 -0.740787 1.978460
0.054762 -0.769889 1.892960
-0.053831 0.044833 1.999790
-0.053653 0.107298 2.047620
-0.066751 0.445265 2.050780
-0.084273 0.637249 2.051180
-0.222056 0.308448 2.056820
-0.274975 0.042925 2.043840
-0.298622 -0.166697 1.977010
-0.296255 -0.245949 1.952440
0.072575 0.272290 2.022800
0.221182 0.161086 1.948540
0.073213 0.344359 1.813780
0.021204 0.371725 1.790270
-0.119852 -0.031882 1.990080
-0.106149 -0.492619 2.009300
-0.096670 -0.776629 2.045880
-0.098181 -0.811888 1.956610
0.018876 -0.022832 1.987410
0.058642 -0.466761 1.984380
0.063927 -0.739766 1.978340
0.057847 -0.762371 1.883790
-0.055322 0.042550 1.999300
-0.054054 0.106272 2.047360
-0.067801 0.446942 2.050520
-0.086587 0.637910 2.052860
-0.222386 0.308409 2.057230
-0.275160 0.042766 2.043370
-0.298997 -0.166328 1.974600
-0.296033 -0.245247 1.949030
0.067751 0.266710 2.018410
0.227422 0.170467 1.938170
0.073998 0.362314 1.819120
0.020025 0.384656 1.796390
-0.120689 -0.032550 1.990020
-0.106035 -0.492168 2.009080
-0.096715 -0.776610 2.045650
-0.099609 -0.812046 1.956380
0.017240 -0.024572 1.987080
0.058502 -0.466488 1.984450
0.063756 -0.739044 1.978270
0.059842 -0.757696 1.878220
-0.056424 0.040767 1.998900
-0.054405 0.105267 2.047090
-0.068404 0.448031 2.050390
-0.088417 0.638467 2.054210
-0.222666 0.308370 2.057600
-0.275296 0.042610 2.042900
-0.298958 -0.166002 1.972170
-0.295287 -0.244656 1.945840
0.064673 0.263672 2.015820
0.231852 0.179752 1.928300
0.097075 0.356101 1.847780
0.034536 0.384977 1.819310
-0.121396 -0.033161 1.989920
-0.105914 -0.491683 2.008820
-0.096755 -0.776590 2.045450
-0.100727 -0.812153 1.956200
0.015980 -0.025911 1.986810
0.058311 -0.466074 1.984520
0.063666 -0.738541 1.978260
0.060928 -0.755525 1.875160
-0.057233 0.039445 1.998590
-0.054682 0.104377 2.046860
-0.068779 0.448609 2.050350
-0.089914 0.638917 2.055250
-0.222902 0.308333 2.057920
-0.275386 0.042457 2.042410
-0.298608 -0.165744 1.969910
-0.294201 -0.244185 1.943020
0.065999 0.265508 2.015300
0.236322 0.190018 1.916420
0.086570 0.384822 1.842390
0.032407 0.401696 1.823110
-0.122007 -0.033685 1.989790
-0.105790 -0.491173 2.008560
-0.096782 -0.776568 2.045300
-0.101664 -0.812211 1.956070
0.015022 -0.026919 1.986610
0.058087 -0.465508 1.984580
0.063616 -0.738178 1.978240
0.060943 -0.756095 1.874940
-0.057814 0.038515 1.998370
-0.054887 0.103604 2.046650
-0.069052 0.448931 2.050430
-0.090957 0.639268 2.056020
-0.223090 0.308299 2.058180
-0.275431 0.042313 2.041930
-0.298018 -0.165278 1.967950
-0.293011 -0.243559 1.940780
0.070744 0.271752 2.015970
0.238831 0.196232 1.908950
0.099075 0.374753 1.855180
0.040006 0.401812 1.833460
-0.122517 -0.034099 1.989660
-0.105640 -0.490518 2.008230
-0.096814 -0.776527 2.045140
-0.102532 -0.812200 1.955950
0.014324 -0.027615 1.986450
0.057846 -0.464803 1.984630
0.063585 -0.737918 1.978230
0.060133 -0.758406 1.876630
-0.058212 0.037871 1.998210
-0.055034 0.102929 2.046480
-0.069044 0.448690 2.050970
-0.091714 0.639509 2.056540
-0.223241 0.308265 2.058400
-0.275421 0.042170 2.041450
-0.297230 -0.164777 1.966300
-0.291836 -0.242978 1.939080
0.075526 0.277788 2.017140
0.240579 0.203224 1.901560
0.104940 0.373599 1.860600
0.045537 0.403358 1.840030
-0.122922 -0.034421 1.989510
-0.105471 -0.489781 2.007880
-0.096848 -0.776472 2.044980
-0.103255 -0.812141 1.955830
0.013828 -0.028096 1.986340
0.057526 -0.463623 1.984670
0.063554 -0.737738 1.978230
0.058937 -0.761309 1.879060
-0.058483 0.037456 1.998110
-0.055131 0.102396 2.046360
-0.068613 0.447674 2.052170
-0.092304 0.639687 2.056910
-0.223357 0.308232 2.058590
-0.275384 0.042038 2.041020
-0.296273 -0.164355 1.964980
-0.290384 -0.242470 1.937740
0.080136 0.283940 2.018610
0.241504 0.208770 1.896240
0.107990 0.373352 1.863790
0.048968 0.404576 1.844320
-0.123250 -0.034605 1.989360
-0.105290 -0.488982 2.007510
-0.096863 -0.776441 2.044880
-0.103787 -0.812101 1.955770
0.013468 -0.028392 1.986240
0.057198 -0.462321 1.984680
0.063530 -0.737612 1.978220
0.057733 -0.764164 1.881540
-0.058682 0.037267 1.998000
-0.055190 0.102116 2.046280
-0.068066 0.447312 2.053240
-0.092787 0.639805 2.057140
-0.223453 0.308203 2.058740
-0.275321 0.041920 2.040630
-0.295159 -0.164055 1.963970
-0.288678 -0.242113 1.936810
0.084079 0.289035 2.019830
0.241941 0.215376 1.890770
0.109603 0.373612 1.865870
0.050868 0.405753 1.847130
-0.123571 -0.034663 1.989150
-0.105119 -0.488253 2.007190
-0.096883 -0.776405 2.044810
-0.104255 -0.812031 1.955750
0.013175 -0.028449 1.986100
0.056838 -0.460864 1.984650
0.063512 -0.737518 1.978220
0.056740 -0.766485 1.883630
-0.058817 0.037377 1.997870
-0.055230 0.101931 2.046220
-0.067494 0.447290 2.054160
-0.093294 0.639763 2.057100
-0.223532 0.308177 2.058880
-0.275228 0.041812 2.040280
-0.293726 -0.163862 1.963310
-0.286874 -0.241913 1.936320
0.086812 0.292719 2.020750
0.241865 0.222004 1.886030
0.110059 0.374038 1.867110
0.052136 0.406734 1.849150
-0.123908 -0.034539 1.988860
-0.104980 -0.487624 2.006920
-0.096919 -0.776348 2.044730
-0.104690 -0.811928 1.955710
0.012927 -0.028230 1.985890
0.056439 -0.458880 1.984560
0.063494 -0.737453 1.978220
0.055905 -0.768322 1.885300
-0.058863 0.037799 1.997690
-0.055232 0.101866 2.046150
-0.066747 0.447665 2.055150
-0.093836 0.639594 2.056890
-0.223594 0.308149 2.058980
-0.275092 0.041696 2.039960
-0.292075 -0.163769 1.963040
-0.284954 -0.241872 1.936390
0.088761 0.295326 2.021440
0.241592 0.227205 1.882520
0.109666 0.374809 1.867660
0.053049 0.407585 1.850660
-0.124227 -0.034244 1.988490
-0.104863 -0.487092 2.006700
-0.096956 -0.776295 2.044650
-0.105044 -0.811836 1.955690
0.012753 -0.027747 1.985610
0.056086 -0.457122 1.984480
0.063479 -0.737413 1.978230
0.055284 -0.769747 1.886600
-0.058868 0.038554 1.997510
-0.055224 0.101859 2.046080
-0.066296 0.447360 2.056260
-0.094359 0.639170 2.056340
-0.223645 0.308123 2.059070
-0.274883 0.041574 2.039690
-0.290376 -0.163849 1.963120
-0.282996 -0.242127 1.937160
0.090195 0.297364 2.021970
0.241033 0.232658 1.879340
0.099855 0.388100 1.870460
0.050513 0.414506 1.853760
-0.124549 -0.033710 1.988030
-0.104746 -0.486558 2.006480
-0.097006 -0.776226 2.044580
-0.105375 -0.811712 1.955670
0.012623 -0.026939 1.985260
0.055806 -0.455491 1.984400
0.063467 -0.737390 1.978230
0.054821 -0.770789 1.887570
-0.058841 0.039509 1.997320
-0.055207 0.101905 2.046030
-0.065955 0.446801 2.057380
-0.094970 0.638150 2.055230
-0.223690 0.308099 2.059150
-0.274642 0.041458 2.039460
-0.288591 -0.164058 1.963730
-0.281101 -0.242610 1.938770
0.091246 0.298810 2.022360
0.240542 0.238563 1.876430
0.096338 0.393877 1.871500
0.049288 0.419097 1.855640
-0.124861 -0.033060 1.987520
-0.104658 -0.486003 2.006260
-0.096984 -0.776444 2.044630
-0.105591 -0.811906 1.955810
0.012553 -0.025982 1.984860
0.055556 -0.454008 1.984300
0.063451 -0.737385 1.978240
0.044740 -0.798282 1.932590
-0.058789 0.040889 1.997070
-0.055172 0.102228 2.045940
-0.065807 0.446654 2.058150
-0.095670 0.636536 2.053650
-0.223733 0.308079 2.059220
-0.274372 0.041351 2.039270
-0.286729 -0.164353 1.964860
-0.279389 -0.243196 1.940930
0.092054 0.300038 2.022620
0.240253 0.243072 1.874470
0.094094 0.397558 1.872130
0.048210 0.422724 1.856990
-0.125174 -0.032147 1.986930
-0.104580 -0.485474 2.006060
-0.096959 -0.776597 2.044660
-0.105757 -0.812040 1.955910
0.012554 -0.024643 1.984370
0.055343 -0.452553 1.984190
0.063436 -0.737390 1.978250
0.038429 -0.813270 1.957690
-0.058666 0.042456 1.996800
-0.055090 0.102827 2.045820
-0.065769 0.446741 2.058780
-0.096265 0.635002 2.052120
-0.223772 0.308063 2.059270
-0.274100 0.041256 2.039130
-0.285017 -0.164670 1.966340
-0.277954 -0.243816 1.943530
0.092727 0.301133 2.022770
0.240093 0.246943 1.872870
0.092556 0.400051 1.872540
0.047247 0.425607 1.857970
-0.125407 -0.031057 1.986270
-0.104497 -0.484922 2.005850
-0.096979 -0.776635 2.044640
-0.105961 -0.812061 1.955940
0.012675 -0.023187 1.983880
0.055176 -0.451303 1.984080
0.063424 -0.737401 1.978250
0.035976 -0.819157 1.967500
-0.058555 0.043960 1.996540
-0.055007 0.103560 2.045690
-0.065791 0.446984 2.059350
-0.096847 0.633618 2.050750
-0.223808 0.308048 2.059320
-0.273841 0.041172 2.039030
-0.283587 -0.164971 1.967880
-0.276854 -0.244415 1.946190
0.093233 0.302027 2.022820
0.239988 0.250488 1.871520
0.091581 0.401715 1.872830
0.046551 0.427772 1.858640
-0.125609 -0.029960 1.985650
-0.104425 -0.484408 2.005650
-0.097007 -0.776655 2.044640
-0.106169 -0.812054 1.956000
0.012797 -0.021792 1.983410
0.055040 -0.450230 1.983960
0.063417 -0.737425 1.978260
0.034434 -0.822957 1.973730
-0.058436 0.045353 1.996290
-0.054910 0.104375 2.045550
-0.065837 0.447347 2.059840
-0.097345 0.632415 2.049540
-0.223840 0.308036 2.059350
-0.273569 0.041092 2.038950
-0.282394 -0.165283 1.969530
-0.276034 -0.244998 1.948860
0.093619 0.302726 2.022820
0.239376 0.263811 1.866960
0.090316 0.403855 1.872960
0.045283 0.430648 1.859200
-0.125765 -0.028907 1.985070
-0.104372 -0.483918 2.005460
-0.097040 -0.776651 2.044630
-0.106361 -0.812013 1.956040
0.012939 -0.020504 1.982970
0.054890 -0.449133 1.983810
0.063413 -0.737456 1.978270
0.033427 -0.824866 1.977060
-0.058302 0.046618 1.996040
-0.054810 0.105188 2.045400
-0.065899 0.447706 2.060240
-0.097767 0.631465 2.048590
-0.223869 0.308023 2.059380
-0.273310 0.041015 2.038900
-0.281455 -0.165541 1.971150
-0.275470 -0.245458 1.951270
0.093864 0.304106 2.022850
0.238453 0.271773 1.864590
0.089101 0.405799 1.873010
0.043913 0.433355 1.859610
-0.125849 -0.027904 1.984540
-0.104319 -0.483418 2.005260
-0.097077 -0.776633 2.044620
-0.106527 -0.811958 1.956080
0.013115 -0.019247 1.982520
0.054748 -0.448092 1.983620
0.063409 -0.737492 1.978280
0.033108 -0.824752 1.977130
-0.058174 0.047690 1.995820
-0.054715 0.105955 2.045250
-0.065970 0.448088 2.060560
-0.098109 0.630732 2.047870
-0.223901 0.308000 2.059370
-0.273074 0.040929 2.038870
-0.280749 -0.165745 1.972690
-0.275103 -0.245817 1.953430
0.094073 0.305212 2.022800
0.237966 0.276985 1.862990
0.088249 0.407415 1.872990
0.042808 0.435698 1.859850
-0.125899 -0.027033 1.984060
-0.104284 -0.482947 2.005050
-0.097116 -0.776600 2.044610
-0.106673 -0.811891 1.956120
0.013290 -0.018184 1.982140
0.054630 -0.447184 1.983440
0.063405 -0.737528 1.978290
0.033314 -0.823314 1.975070
-0.058067 0.048684 1.995600
-0.054648 0.106643 2.045110
-0.066337 0.448165 2.060860
-0.098372 0.630173 2.047320
-0.223938 0.307960 2.059340
-0.272854 0.040833 2.038850
-0.280217 -0.165944 1.973970
-0.274869 -0.246119 1.955090
0.094323 0.306204 2.022690
0.237731 0.281282 1.861640
0.087472 0.408830 1.872970
0.041736 0.437782 1.860050
-0.125931 -0.026210 1.983600
-0.104258 -0.482479 2.004840
-0.097167 -0.776550 2.044610
-0.106818 -0.811804 1.956160
0.013493 -0.017191 1.981770
0.054539 -0.446273 1.983230
0.063401 -0.737566 1.978290
0.033792 -0.821424 1.972200
-0.057954 0.049691 1.995360
-0.054601 0.107400 2.044950
-0.066706 0.448273 2.061070
-0.098580 0.629740 2.046890
-0.223985 0.307913 2.059290
-0.272660 0.040745 2.038850
-0.279849 -0.166105 1.975030
-0.274734 -0.246345 1.956370
0.094657 0.309448 2.022960
0.237191 0.284906 1.860830
0.086368 0.410711 1.872940
0.040378 0.440145 1.860200
-0.125926 -0.025406 1.983150
-0.104224 -0.481981 2.004600
-0.097216 -0.776497 2.044600
-0.106931 -0.811724 1.956190
0.013712 -0.016162 1.981390
0.054460 -0.445468 1.983020
0.063397 -0.737612 1.978300
0.034304 -0.819632 1.969330
-0.057844 0.050583 1.995150
-0.054571 0.108046 2.044810
-0.067152 0.448124 2.061270
-0.098755 0.629411 2.046570
-0.224048 0.307850 2.059200
-0.272488 0.040657 2.038850
-0.279601 -0.166233 1.975890
-0.274656 -0.246510 1.957360
0.094926 0.312440 2.023320
0.236703 0.287965 1.860320
0.085246 0.412596 1.873040
0.039029 0.442397 1.860410
-0.125879 -0.024645 1.982690
-0.104181 -0.481435 2.004320
-0.097301 -0.776391 2.044570
-0.107054 -0.811596 1.956200
0.013929 -0.015252 1.981060
0.054402 -0.444787 1.982820
0.063392 -0.737660 1.978310
0.034758 -0.818127 1.966900
-0.057750 0.051370 1.994950
-0.054558 0.108605 2.044680
-0.067698 0.447808 2.061440
-0.098896 0.629168 2.046340
-0.224121 0.307779 2.059080
-0.272346 0.040578 2.038860
-0.279441 -0.166329 1.976590
-0.274615 -0.246627 1.958110
0.095106 0.314833 2.023630
0.236265 0.290528 1.859970
0.084232 0.414581 1.873170
0.037794 0.444610 1.860610
-0.125814 -0.023954 1.982270
-0.104135 -0.480896 2.004040
-0.097389 -0.776279 2.044530
-0.107163 -0.811468 1.956190
0.014132 -0.014416 1.980750
0.054359 -0.444144 1.982620
0.063381 -0.737723 1.978310
0.035133 -0.816973 1.964910
-0.057669 0.052071 1.994770
-0.054565 0.109084 2.044570
-0.068369 0.447311 2.061610
-0.099008 0.628986 2.046160
-0.224204 0.307691 2.058880
-0.272226 0.040506 2.038870
-0.279344 -0.166371 1.977150
-0.274601 -0.246684 1.958690
0.095244 0.317465 2.024100
0.235786 0.292785 1.859830
0.083201 0.416656 1.873330
0.036580 0.446797 1.860790
-0.125729 -0.023307 1.981860
-0.104091 -0.480353 2.003730
-0.097494 -0.776136 2.044460
-0.107261 -0.811316 1.956150
0.014320 -0.013653 1.980480
0.054335 -0.443541 1.982420
0.063369 -0.737785 1.978310
0.035418 -0.816060 1.963320
-0.057599 0.052662 1.994610
-0.054582 0.109489 2.044470
-0.069040 0.446786 2.061750
-0.099117 0.628849 2.046040
-0.224298 0.307591 2.058630
-0.272128 0.040442 2.038880
-0.279290 -0.166397 1.977600
-0.274599 -0.246719 1.959120
0.095336 0.319445 2.024470
0.235403 0.294609 1.859770
0.082349 0.418437 1.873480
0.035536 0.448707 1.860950
-0.125637 -0.022746 1.981480
-0.104057 -0.479874 2.003470
-0.097597 -0.775953 2.044370
-0.107339 -0.811125 1.956100
0.014494 -0.013001 1.980230
0.054310 -0.442912 1.982200
0.063359 -0.737847 1.978310
0.035610 -0.815346 1.962080
-0.057545 0.053144 1.994460
-0.054598 0.109819 2.044380
-0.069752 0.446195 2.061890
-0.099555 0.628519 2.046200
-0.224397 0.307488 2.058310
-0.272045 0.040385 2.038890
-0.279264 -0.166412 1.977950
-0.274601 -0.246739 1.959450
0.095448 0.320309 2.024510
0.235459 0.296313 1.859490
0.081888 0.419561 1.873610
0.034859 0.450053 1.861090
-0.125558 -0.022278 1.981140
-0.104021 -0.479413 2.003200
-0.097687 -0.775781 2.044290
-0.107425 -0.810940 1.956050
0.014643 -0.012475 1.980020
0.054292 -0.442351 1.981990
0.063350 -0.737929 1.978300
0.035743 -0.814812 1.961070
-0.057505 0.053545 1.994330
-0.054620 0.110093 2.044300
-0.070531 0.445548 2.062020
-0.100270 0.628100 2.046620
-0.224496 0.307372 2.057940
-0.271981 0.040335 2.038900
-0.279256 -0.166430 1.978210
-0.274599 -0.246759 1.959670
0.095640 0.320689 2.024290
0.235776 0.298043 1.859090
0.081548 0.420398 1.873720
0.034327 0.451110 1.861220
-0.125488 -0.021868 1.980790
-0.103989 -0.478973 2.002930
-0.097757 -0.775635 2.044230
-0.107496 -0.810780 1.956010
0.014771 -0.012044 1.979840
0.054277 -0.441842 1.981780
0.063324 -0.738042 1.978310
0.035853 -0.814431 1.960240
-0.057472 0.053896 1.994200
-0.054651 0.110327 2.044220
-0.071214 0.444966 2.062130
-0.100890 0.627774 2.047030
-0.224593 0.307250 2.057540
-0.271929 0.040287 2.038890
-0.279258 -0.166444 1.978400
-0.274598 -0.246772 1.959840
0.095741 0.321084 2.024220
0.235995 0.299587 1.858860
0.081265 0.421394 1.873900
0.033851 0.452237 1.861370
-0.125414 -0.021497 1.980440
-0.103952 -0.478529 2.002640
-0.097816 -0.775492 2.044150
-0.107539 -0.810624 1.955950
0.014888 -0.011659 1.979670
0.054256 -0.441373 1.981560
0.063272 -0.738182 1.978320
0.035937 -0.814132 1.959440
-0.057434 0.054248 1.994070
-0.054694 0.110544 2.044140
-0.071852 0.444420 2.062230
-0.101409 0.627527 2.047400
-0.224683 0.307131 2.057120
-0.271886 0.040245 2.038880
-0.279263 -0.166456 1.978540
-0.274598 -0.246778 1.959950
0.095921 0.321798 2.024280
0.236053 0.300928 1.858820
0.080953 0.422562 1.874130
0.033371 0.453443 1.861550
-0.125318 -0.021140 1.980080
-0.103898 -0.477930 2.002250
-0.097851 -0.775383 2.044110
-0.107545 -0.810499 1.955920
0.015027 -0.011254 1.979500
0.054251 -0.440799 1.981310
0.063217 -0.738319 1.978340
0.035993 -0.813903 1.958780
-0.057398 0.054603 1.993920
-0.054747 0.110755 2.044050
-0.072426 0.443932 2.062300
-0.101848 0.627339 2.047710
-0.224773 0.307031 2.056690
-0.271852 0.040209 2.038870
-0.279273 -0.166463 1.978640
-0.274601 -0.246768 1.959990
0.096086 0.322430 2.024330
0.236131 0.302354 1.858820
0.080727 0.423948 1.874430
0.032969 0.454753 1.861760
-0.125220 -0.020801 1.979720
-0.103833 -0.477122 2.001750
-0.097868 -0.775294 2.044080
-0.107526 -0.810387 1.955900
0.015174 -0.010840 1.979310
0.054278 -0.440206 1.981050
0.063160 -0.738458 1.978360
0.036006 -0.813731 1.958260
-0.057350 0.054960 1.993770
-0.054802 0.110956 2.043960
-0.072946 0.443485 2.062340
-0.102214 0.627205 2.047960
-0.224867 0.306921 2.056250
-0.271826 0.040169 2.038840
-0.279288 -0.166469 1.978700
-0.274604 -0.246736 1.959930
0.096321 0.323248 2.024450
0.236190 0.303677 1.858860
0.080584 0.425378 1.874800
0.032644 0.456069 1.862030
-0.125107 -0.020484 1.979360
-0.103765 -0.476365 2.001290
-0.097853 -0.772576 2.043530
-0.107290 -0.807584 1.955380
0.015354 -0.010424 1.979130
0.054315 -0.439593 1.980780
0.063103 -0.738595 1.978370
0.036004 -0.813607 1.957830
-0.057296 0.055313 1.993610
-0.054861 0.111151 2.043870
-0.073390 0.443105 2.062380
-0.102739 0.626978 2.048310
-0.224956 0.306827 2.055810
-0.271802 0.040130 2.038800
-0.279318 -0.166463 1.978720
-0.274607 -0.246659 1.959720
0.096526 0.324304 2.024710
0.236120 0.305429 1.859010
0.080281 0.427149 1.875340
0.032228 0.457610 1.862400
-0.124982 -0.020180 1.979010
-0.103695 -0.475670 2.000850
-0.097839 -0.771051 2.043220
-0.107087 -0.805999 1.955080
0.015546 -0.009995 1.978940
0.054362 -0.438918 1.980490
0.063041 -0.738738 1.978380
0.035996 -0.813524 1.957480
-0.057247 0.055634 1.993460
-0.054923 0.111332 2.043780
-0.073773 0.442781 2.062400
-0.103128 0.626858 2.048570
-0.225042 0.306746 2.055390
-0.271786 0.040091 2.038730
-0.279359 -0.166459 1.978690
-0.274548 -0.246549 1.959340
0.096696 0.325215 2.024950
0.236200 0.308141 1.859340
0.079380 0.439499 1.877500
0.031352 0.465251 1.863690
-0.124863 -0.019908 1.978690
-0.103634 -0.475072 2.000460
-0.097825 -0.770078 2.042960
-0.106927 -0.804985 1.954830
0.015720 -0.009612 1.978760
0.054418 -0.438236 1.980200
0.062988 -0.738874 1.978380
0.035979 -0.813468 1.957210
-0.057193 0.055995 1.993300
-0.054990 0.111531 2.043680
-0.074104 0.442506 2.062420
-0.103449 0.626772 2.048790
-0.225124 0.306674 2.054990
-0.271773 0.040049 2.038630
-0.279407 -0.166435 1.978620
-0.274458 -0.246387 1.958850
0.096905 0.326218 2.025210
0.236329 0.310393 1.859650
0.078872 0.447156 1.878710
0.030694 0.471526 1.864660
-0.124748 -0.019644 1.978370
-0.103584 -0.474563 2.000120
-0.097800 -0.769445 2.042790
-0.106790 -0.804318 1.954650
0.015916 -0.009195 1.978580
0.054475 -0.437584 1.979910
0.062948 -0.739003 1.978390
0.035939 -0.813423 1.956990
-0.057130 0.056382 1.993130
-0.055056 0.111748 2.043580
-0.074386 0.442275 2.062420
-0.103713 0.626716 2.048960
-0.225203 0.306612 2.054600
-0.271770 0.040007 2.038500
-0.279444 -0.166403 1.978470
-0.274320 -0.246218 1.958290
0.097146 0.327555 2.025540
0.236450 0.313209 1.859970
0.079714 0.450427 1.879960
0.031130 0.474839 1.865740
-0.124629 -0.019377 1.978060
-0.103543 -0.474133 1.999830
-0.097778 -0.768978 2.042630
-0.106675 -0.803824 1.954490
0.016125 -0.008761 1.978400
0.054529 -0.436927 1.979640
0.062921 -0.739124 1.978380
0.035893 -0.813391 1.956820
-0.057068 0.056739 1.992970
-0.055121 0.111954 2.043470
-0.074629 0.442079 2.062420
-0.103922 0.626692 2.049100
-0.225267 0.306549 2.054190
-0.271775 0.039960 2.038300
-0.279474 -0.166366 1.978260
-0.274138 -0.246046 1.957640
0.097377 0.328746 2.025830
0.236621 0.315927 1.860260
0.080308 0.452605 1.880900
0.031482 0.477327 1.866620
-0.124515 -0.019138 1.977780
-0.103507 -0.473764 1.999570
-0.097756 -0.768629 2.042500
-0.106570 -0.803453 1.954350
0.016324 -0.008369 1.978230
0.054582 -0.436262 1.979380
0.062900 -0.739227 1.978380
0.035853 -0.813367 1.956680
-0.057002 0.057089 1.992810
-0.055184 0.112160 2.043370
-0.074851 0.441905 2.062420
-0.104093 0.626679 2.049220
-0.225328 0.306484 2.053780
-0.271780 0.039901 2.038040
-0.279493 -0.166321 1.977970
-0.273926 -0.245862 1.956900
0.097627 0.329901 2.026100
0.236947 0.318643 1.860610
0.080743 0.454071 1.881610
0.031751 0.479176 1.867330
-0.124404 -0.018916 1.977510
-0.103477 -0.473451 1.999340
-0.097735 -0.768379 2.042400
-0.106477 -0.803184 1.954250
0.016528 -0.007991 1.978050
0.054625 -0.435623 1.979130
0.062891 -0.739346 1.978370
0.035769 -0.813350 1.956570
-0.056938 0.057385 1.992660
-0.055239 0.112340 2.043260
-0.075058 0.441749 2.062400
-0.104441 0.626564 2.049440
-0.225371 0.306418 2.053350
-0.271795 0.039836 2.037700
-0.279505 -0.166262 1.977600
-0.273674 -0.245659 1.956080
0.097756 0.330892 2.026290
0.237254 0.320886 1.860990
0.081131 0.455055 1.882170
0.031988 0.480585 1.867900
-0.124269 -0.018722 1.977200
-0.103455 -0.473182 1.999120
-0.097720 -0.768204 2.042330
-0.106403 -0.802997 1.954180
0.016711 -0.007661 1.977900
0.054677 -0.434966 1.978880
0.062892 -0.739465 1.978360
0.035667 -0.813339 1.956480
-0.056871 0.057686 1.992500
-0.055296 0.112532 2.043140
-0.075244 0.441617 2.062380
-0.104696 0.626498 2.049620
-0.225416 0.306328 2.052910
-0.271819 0.039747 2.037330
-0.279505 -0.166178 1.977130
-0.273382 -0.245433 1.955210
0.097878 0.331948 2.026510
0.237529 0.322753 1.861370
0.081457 0.455674 1.882630
0.032176 0.481650 1.868360
-0.124138 -0.018538 1.976910
-0.103437 -0.472928 1.998910
-0.097648 -0.768146 2.042340
-0.063193 -0.819694 2.035200
0.016893 -0.007334 1.977760
0.054699 -0.434310 1.978640
0.062757 -0.737889 1.977910
0.047286 -0.781915 1.913040
-0.056810 0.057940 1.992360
-0.055352 0.112700 2.043030
-0.075423 0.441499 2.062350
-0.104891 0.626466 2.049760
-0.225410 0.306236 2.052360
-0.271845 0.039670 2.036910
-0.279498 -0.165961 1.976580
-0.273097 -0.245078 1.954350
0.097839 0.332835 2.026660
0.237729 0.324433 1.861790
0.081669 0.456084 1.882980
0.032300 0.482478 1.868720
-0.124004 -0.018374 1.976640
-0.103424 -0.472689 1.998690
-0.097585 -0.768138 2.042330
-0.085659 -0.811835 1.989870
0.017050 -0.007049 1.977630
0.054717 -0.433726 1.978420
0.062709 -0.737258 1.977700
0.054110 -0.766521 1.889200
-0.056747 0.058197 1.992210
-0.055405 0.112875 2.042910
-0.075597 0.441391 2.062310
-0.105038 0.626450 2.049870
-0.225407 0.306158 2.051850
-0.271875 0.039600 2.036470
-0.279502 -0.165716 1.975830
-0.272814 -0.244751 1.953470
0.097784 0.333799 2.026790
0.237912 0.325955 1.862160
0.082048 0.456558 1.883280
0.032639 0.483517 1.869130
-0.123871 -0.018210 1.976370
-0.103419 -0.472466 1.998470
-0.097551 -0.768126 2.042300
-0.092066 -0.809491 1.976480
0.017207 -0.006764 1.977500
0.054736 -0.433147 1.978210
0.062660 -0.736947 1.977590
0.046077 -0.788530 1.925070
-0.056688 0.058427 1.992070
-0.055452 0.113036 2.042800
-0.075755 0.441305 2.062270
-0.105142 0.626444 2.049950
-0.225402 0.306085 2.051360
-0.271900 0.039532 2.036010
-0.279491 -0.165454 1.975040
-0.272516 -0.244406 1.952550
0.097698 0.334637 2.026870
0.238109 0.327211 1.862510
0.081938 0.455568 1.884590
0.032639 0.483860 1.869880
-0.123746 -0.018063 1.976130
-0.103423 -0.472253 1.998260
-0.097521 -0.768136 2.042270
-0.097902 -0.807400 1.964980
0.017346 -0.006511 1.977380
0.054750 -0.432630 1.978030
0.062621 -0.736740 1.977510
0.042036 -0.799233 1.941680
-0.056633 0.058631 1.991940
-0.055498 0.113184 2.042690
-0.075912 0.441227 2.062230
-0.105218 0.626444 2.050000
-0.225369 0.306000 2.050850
-0.271924 0.039459 2.035530
-0.279479 -0.165191 1.974250
-0.272238 -0.244053 1.951600
0.097631 0.335407 2.026930
0.238300 0.328433 1.862810
0.071068 0.488908 1.876290
0.025899 0.507152 1.865540
-0.123628 -0.017934 1.975900
-0.103432 -0.472038 1.998040
-0.097505 -0.767321 2.041920
-0.101930 -0.803163 1.956600
0.017473 -0.006288 1.977270
0.054766 -0.432158 1.977870
0.062592 -0.736593 1.977440
0.039393 -0.805822 1.951670
-0.056578 0.058818 1.991810
-0.055540 0.113325 2.042590
-0.076076 0.441156 2.062180
-0.105270 0.626448 2.050040
-0.225323 0.305924 2.050350
-0.271940 0.039394 2.035050
-0.279469 -0.164931 1.973390
-0.271877 -0.243676 1.950530
0.097590 0.336155 2.026970
0.238460 0.329432 1.863030
0.073923 0.485103 1.877900
0.025836 0.509728 1.865660
-0.123514 -0.017815 1.975700
-0.103445 -0.471835 1.997830
-0.097445 -0.766963 2.041800
-0.103890 -0.801422 1.952500
0.017601 -0.006083 1.977160
0.054801 -0.431703 1.977720
0.062569 -0.736487 1.977380
0.037848 -0.809432 1.957140
-0.056523 0.058989 1.991690
-0.055578 0.113459 2.042480
-0.076241 0.441089 2.062110
-0.105375 0.626422 2.050120
-0.225285 0.305859 2.049890
-0.271953 0.039335 2.034540
-0.279474 -0.164707 1.972530
-0.271563 -0.243373 1.949560
0.097556 0.336857 2.027010
0.238562 0.330514 1.863190
0.076655 0.480633 1.879240
0.026210 0.510953 1.865940
-0.123406 -0.017709 1.975510
-0.103456 -0.471638 1.997620
-0.097409 -0.766725 2.041690
-0.105166 -0.800409 1.949820
0.017723 -0.005897 1.977040
0.054832 -0.431270 1.977580
0.062537 -0.736428 1.977320
0.036906 -0.811712 1.960460
-0.056471 0.059142 1.991570
-0.055616 0.113583 2.042370
-0.076413 0.441026 2.062020
-0.105452 0.626410 2.050190
-0.225221 0.305797 2.049400
-0.271960 0.039284 2.033990
-0.279475 -0.164517 1.971660
-0.271278 -0.243117 1.948620
0.097536 0.337513 2.027050
0.238608 0.331528 1.863260
0.076739 0.479571 1.879820
0.025945 0.512286 1.866060
-0.123300 -0.017613 1.975340
-0.103464 -0.471458 1.997420
-0.097489 -0.765624 2.041250
-0.106194 -0.798917 1.947730
0.017836 -0.005732 1.976940
0.054860 -0.430867 1.977450
0.062507 -0.736415 1.977270
0.036264 -0.813258 1.962710
-0.056418 0.059286 1.991460
-0.055651 0.113702 2.042270
-0.076596 0.440966 2.061930
-0.105492 0.626404 2.050220
-0.225161 0.305735 2.048930
-0.271958 0.039229 2.033410
-0.279467 -0.164345 1.970810
-0.271003 -0.242893 1.947730
0.097538 0.338125 2.027090
0.238614 0.332499 1.863270
0.076891 0.481089 1.879460
0.025863 0.514380 1.865830
-0.123192 -0.017521 1.975170
-0.103473 -0.471287 1.997230
-0.097634 -0.763943 2.040660
-0.106906 -0.797211 1.946290
0.017952 -0.005578 1.976830
0.054891 -0.430500 1.977330
0.062484 -0.736439 1.977220
0.035811 -0.814403 1.964240
-0.056358 0.059389 1.991350
-0.055676 0.113792 2.042170
-0.076781 0.440908 2.061820
-0.105519 0.626399 2.050250
-0.225095 0.305681 2.048490
-0.271965 0.039186 2.032800
-0.279449 -0.164209 1.970040
-0.270757 -0.242716 1.946940
0.097503 0.338600 2.027090
0.238590 0.333529 1.863250
0.074935 0.485303 1.879070
0.024882 0.517475 1.865690
-0.123053 -0.017457 1.974980
-0.103482 -0.471128 1.997040
-0.097789 -0.762190 2.040080
-0.107359 -0.795586 1.945410
0.018059 -0.005455 1.976740
0.054926 -0.430174 1.977220
0.062462 -0.736503 1.977160
0.035507 -0.815218 1.965040
-0.056296 0.059475 1.991240
-0.055695 0.113871 2.042060
-0.076974 0.440858 2.061710
-0.105538 0.626397 2.050260
-0.225035 0.305633 2.048070
-0.271968 0.039147 2.032230
-0.279413 -0.164099 1.969300
-0.270542 -0.242578 1.946220
0.097442 0.338971 2.027060
0.238538 0.334840 1.863200
0.077342 0.480953 1.880970
0.026068 0.516236 1.866700
-0.122896 -0.017408 1.974760
-0.103490 -0.470964 1.996850
-0.097801 -0.761675 2.039910
-0.107474 -0.795008 1.945090
0.018160 -0.005349 1.976660
0.054966 -0.429848 1.977120
0.062449 -0.736612 1.977110
0.035290 -0.815724 1.965190
-0.056234 0.059535 1.991110
-0.055710 0.113932 2.041950
-0.077180 0.440812 2.061580
-0.105553 0.626397 2.050280
-0.224976 0.305583 2.047670
-0.271970 0.039107 2.031670
-0.279378 -0.164002 1.968580
-0.270356 -0.242459 1.945540
0.097364 0.339246 2.026990
0.238450 0.336532 1.863050
0.078771 0.477075 1.882650
0.027026 0.514481 1.867820
-0.122734 -0.017383 1.974510
-0.103499 -0.470800 1.996660
-0.097772 -0.761371 2.039800
-0.107331 -0.794930 1.945310
0.018253 -0.005265 1.976580
0.055000 -0.429554 1.977020
0.062440 -0.736737 1.977060
0.035173 -0.815972 1.964870
-0.056166 0.059592 1.990990
-0.055721 0.113991 2.041830
-0.077381 0.440774 2.061450
-0.105562 0.626401 2.050290
-0.224926 0.305541 2.047300
-0.271967 0.039074 2.031160
-0.279309 -0.163824 1.967860
-0.270177 -0.242278 1.944890
0.097299 0.339536 2.026920
0.238322 0.338221 1.862860
0.067781 0.493651 1.882380
0.022608 0.521588 1.868230
-0.122558 -0.017363 1.974250
-0.103502 -0.470628 1.996450
-0.096895 -0.763825 2.040890
-0.105734 -0.798520 1.948140
0.018357 -0.005183 1.976510
0.055050 -0.429258 1.976920
0.062438 -0.736875 1.977010
0.035090 -0.816037 1.964320
-0.056097 0.059633 1.990860
-0.055727 0.114039 2.041720
-0.077578 0.440740 2.061320
-0.105568 0.626408 2.050300
-0.224886 0.305503 2.046970
-0.271971 0.039046 2.030680
-0.279193 -0.163746 1.966990
-0.269992 -0.242207 1.944190
0.097224 0.339780 2.026840
0.238224 0.339718 1.862710
0.072057 0.491381 1.881590
0.023994 0.521420 1.868240
-0.122381 -0.017359 1.973990
-0.103499 -0.470449 1.996240
-0.096255 -0.766014 2.041600
-0.104620 -0.801370 1.950080
0.018455 -0.005117 1.976450
0.055104 -0.428981 1.976830
0.062438 -0.737015 1.976970
0.035062 -0.815971 1.963600
-0.056024 0.059669 1.990740
-0.055730 0.114084 2.041600
-0.077760 0.440711 2.061190
-0.105562 0.626418 2.050300
-0.224852 0.305464 2.046670
-0.271973 0.039016 2.030250
-0.278992 -0.163638 1.966020
-0.269687 -0.242093 1.943290
0.097149 0.340102 2.026760
0.238155 0.341100 1.862610
0.065220 0.502936 1.880500
0.020039 0.528507 1.867980
-0.122204 -0.017362 1.973730
-0.103501 -0.470276 1.996040
-0.095721 -0.767868 2.042220
-0.103723 -0.803609 1.951640
0.018557 -0.005057 1.976390
0.055156 -0.428733 1.976750
0.062453 -0.737170 1.976930
0.035024 -0.815824 1.962860
-0.055953 0.059700 1.990610
-0.055728 0.114123 2.041490
-0.077924 0.440685 2.061070
-0.105553 0.626429 2.050290
-0.224819 0.305441 2.046390
-0.271992 0.039009 2.029900
-0.278680 -0.163493 1.964860
-0.269219 -0.241935 1.942200
0.097087 0.340380 2.026650
0.238129 0.342632 1.862480
0.072724 0.497473 1.880060
0.022245 0.527927 1.867950
-0.122040 -0.017366 1.973480
-0.103507 -0.469971 1.995750
-0.095361 -0.769060 2.042600
-0.103139 -0.804989 1.952650
0.018654 -0.005003 1.976330
0.055219 -0.428471 1.976660
0.062564 -0.737410 1.976950
0.034821 -0.815451 1.961870
-0.055881 0.059726 1.990480
-0.055723 0.114159 2.041370
-0.078072 0.440663 2.060950
-0.105543 0.626443 2.050280
-0.224790 0.305422 2.046120
-0.272012 0.039006 2.029590
-0.278195 -0.163215 1.963530
-0.268538 -0.241624 1.940860
0.097026 0.340638 2.026540
0.238152 0.343993 1.862390
0.078394 0.492933 1.879730
0.024713 0.526784 1.867870
-0.121886 -0.017372 1.973240
-0.103515 -0.469667 1.995460
-0.095097 -0.769994 2.042870
-0.102722 -0.806002 1.953370
0.018749 -0.004956 1.976270
0.055293 -0.428209 1.976570
0.062666 -0.737628 1.976940
0.034660 -0.815141 1.961090
-0.055809 0.059750 1.990360
-0.055712 0.114195 2.041250
-0.078209 0.440650 2.060840
-0.105531 0.626458 2.050280
-0.224765 0.305406 2.045880
-0.272031 0.039182 2.029240
-0.277552 -0.162695 1.961970
-0.267665 -0.241060 1.939290
0.096979 0.340888 2.026390
0.238134 0.346888 1.862160
0.074600 0.500449 1.879740
0.023274 0.530889 1.867870
-0.121745 -0.017380 1.973020
-0.103529 -0.469274 1.995110
-0.094901 -0.770619 2.043060
-0.102428 -0.806670 1.953870
0.018850 -0.004908 1.976200
0.055366 -0.427958 1.976480
0.062748 -0.737820 1.976950
0.034440 -0.814817 1.960420
-0.055719 0.059779 1.990220
-0.055691 0.114234 2.041120
-0.078331 0.440641 2.060740
-0.105514 0.626482 2.050270
-0.224707 0.305382 2.045590
-0.272040 0.039385 2.028910
-0.276685 -0.162032 1.960050
-0.266163 -0.240180 1.936990
0.096974 0.341172 2.026220
0.238176 0.350189 1.861880
0.073393 0.504659 1.879720
0.022763 0.533860 1.867840
-0.121590 -0.017382 1.972790
-0.103567 -0.468804 1.994720
-0.094760 -0.771040 2.043200
-0.102207 -0.807122 1.954250
0.018988 -0.004851 1.976120
0.055462 -0.427691 1.976380
0.062833 -0.737979 1.976960
0.034300 -0.814496 1.959820
-0.055621 0.059804 1.990070
-0.055660 0.114269 2.040990
-0.078435 0.440639 2.060640
-0.105482 0.626519 2.050270
-0.224630 0.305357 2.045280
-0.272030 0.039574 2.028600
-0.275718 -0.161223 1.958080
-0.264767 -0.239221 1.934780
0.096979 0.341398 2.026030
0.238281 0.353318 1.861630
0.073283 0.507006 1.880030
0.022815 0.535909 1.868040
-0.121439 -0.017386 1.972560
-0.103617 -0.468286 1.994320
-0.094660 -0.771333 2.043300
-0.102047 -0.807436 1.954530
0.019131 -0.004800 1.976030
0.055582 -0.427424 1.976300
0.062913 -0.738116 1.976970
0.034192 -0.814205 1.959310
-0.055499 0.059816 1.989890
-0.055612 0.114298 2.040830
-0.078525 0.440642 2.060540
-0.105448 0.626559 2.050260
-0.224518 0.305336 2.044940
-0.271982 0.039800 2.028250
-0.274721 -0.160371 1.956080
-0.263111 -0.238042 1.932140
0.096993 0.341586 2.025810
0.238505 0.356079 1.861510
0.073763 0.508457 1.880410
0.023279 0.537348 1.868290
-0.121263 -0.017395 1.972320
-0.103666 -0.467755 1.993920
-0.094586 -0.771545 2.043380
-0.101924 -0.807645 1.954750
0.019294 -0.004759 1.975920
0.055718 -0.427170 1.976210
0.063011 -0.738246 1.976980
0.034074 -0.813917 1.958870
-0.055360 0.059830 1.989710
-0.055548 0.114330 2.040670
-0.078602 0.440654 2.060440
-0.105410 0.626605 2.050250
-0.224423 0.305314 2.044630
-0.271886 0.040008 2.027840
-0.273640 -0.159506 1.954140
-0.261457 -0.236870 1.929580
0.097013 0.341749 2.025600
0.238776 0.358430 1.861510
0.074068 0.509616 1.880780
0.023634 0.538592 1.868560
-0.121083 -0.017403 1.972090
-0.103717 -0.467152 1.993500
-0.094527 -0.771682 2.043440
-0.135451 -0.812008 1.992950
0.019483 -0.004718 1.975800
0.055852 -0.426931 1.976140
0.063101 -0.737192 1.976690
0.047737 -0.782378 1.913170
-0.055216 0.059843 1.989530
-0.055481 0.114361 2.040500
-0.078671 0.440671 2.060350
-0.104900 0.626324 2.049850
-0.224318 0.305287 2.044310
-0.271741 0.040181 2.027340
-0.272622 -0.158731 1.952380
-0.259990 -0.235842 1.927270
0.097042 0.341895 2.025390
0.239098 0.360872 1.861630
0.075044 0.510409 1.881340
0.024387 0.539594 1.868900
-0.120904 -0.017410 1.971870
-0.103773 -0.466545 1.993090
-0.094476 -0.771749 2.043480
-0.126427 -0.809410 1.983580
0.019688 -0.004680 1.975670
0.056000 -0.426702 1.976070
0.063238 -0.736692 1.976510
0.044221 -0.786880 1.926970
-0.055073 0.059852 1.989350
-0.055414 0.114390 2.040340
-0.078746 0.440706 2.060240
-0.104122 0.625881 2.049280
-0.224178 0.305253 2.043950
-0.271542 0.040289 2.026700
-0.271597 -0.158081 1.950740
-0.258693 -0.235042 1.925300
0.097074 0.342023 2.025200
0.239379 0.363527 1.861830
0.075638 0.511087 1.881850
0.024936 0.540479 1.869260
-0.120728 -0.017416 1.971650
-0.103837 -0.465885 1.992660
-0.094436 -0.771724 2.043510
-0.118116 -0.806985 1.974470
0.019889 -0.004648 1.975530
0.056195 -0.426443 1.975990
0.063366 -0.736369 1.976390
0.040823 -0.792253 1.938450
-0.054936 0.059859 1.989170
-0.055351 0.114417 2.040190
-0.078815 0.440747 2.060150
-0.103243 0.625319 2.048650
-0.224018 0.305224 2.043580
-0.271295 0.040431 2.026060
-0.270636 -0.157528 1.949290
-0.257476 -0.234350 1.923530
0.097109 0.342136 2.025020
0.239708 0.365745 1.862140
0.075946 0.511840 1.882410
0.025297 0.541430 1.869670
-0.120562 -0.017420 1.971450
-0.103885 -0.465177 1.992220
-0.094433 -0.771603 2.043430
-0.112232 -0.805206 1.967080
0.020077 -0.004620 1.975400
0.056404 -0.426181 1.975920
0.063470 -0.736153 1.976290
0.038331 -0.796668 1.946340
-0.054800 0.059863 1.989000
-0.055286 0.114441 2.040040
-0.078878 0.440791 2.060060
-0.102294 0.624692 2.048000
-0.223853 0.305195 2.043230
-0.271008 0.040599 2.025400
-0.269728 -0.157056 1.948030
-0.256455 -0.233803 1.922090
0.097148 0.342241 2.024860
0.240012 0.367644 1.862470
0.080425 0.509277 1.884850
0.027785 0.540905 1.870930
-0.120395 -0.017424 1.971260
-0.103947 -0.464425 1.991770
-0.094442 -0.771368 2.043320
-0.108304 -0.803866 1.962110
0.020261 -0.004598 1.975270
0.056625 -0.425924 1.975840
0.063558 -0.736001 1.976210
0.036561 -0.799930 1.951620
-0.054674 0.059866 1.988850
-0.055225 0.114463 2.039900
-0.078936 0.440837 2.059970
-0.101455 0.624128 2.047440
-0.223701 0.305171 2.042910
-0.270685 0.040760 2.024720
-0.268896 -0.156627 1.946960
-0.255580 -0.233336 1.920930
0.097190 0.342341 2.024710
0.240305 0.369239 1.862810
0.084594 0.508217 1.886310
0.030638 0.540822 1.871920
-0.120244 -0.017426 1.971080
-0.103978 -0.463665 1.991310
-0.094486 -0.771037 2.043150
-0.105766 -0.802891 1.958720
0.020430 -0.004580 1.975140
0.056888 -0.425648 1.975760
0.063635 -0.735881 1.976150
0.035378 -0.802177 1.955070
-0.054553 0.059868 1.988700
-0.055164 0.114483 2.039760
-0.078986 0.440883 2.059880
-0.101128 0.623936 2.047250
-0.223551 0.305147 2.042610
-0.270263 0.040908 2.023970
-0.268073 -0.155956 1.946080
-0.254871 -0.232729 1.920080
0.097235 0.342435 2.024580
0.240624 0.370640 1.863200
0.087420 0.507340 1.887380
0.032968 0.540623 1.872780
-0.120100 -0.017429 1.970920
-0.104024 -0.462985 1.990910
-0.094538 -0.770688 2.042980
-0.104071 -0.802226 1.956430
0.020589 -0.004565 1.975020
0.057151 -0.425381 1.975680
0.063706 -0.735791 1.976090
0.034550 -0.803760 1.957400
-0.054442 0.059870 1.988560
-0.055107 0.114502 2.039630
-0.079034 0.440934 2.059800
-0.100775 0.623709 2.047080
-0.223412 0.305139 2.042340
-0.269832 0.041051 2.023250
-0.267183 -0.154771 1.945360
-0.254221 -0.231727 1.919460
0.097285 0.342521 2.024460
0.240941 0.371815 1.863590
0.089361 0.506596 1.888210
0.034840 0.540339 1.873540
-0.119970 -0.017430 1.970780
-0.104065 -0.462385 1.990550
-0.094591 -0.770337 2.042790
-0.102908 -0.801763 1.954830
0.020733 -0.004553 1.974910
0.057402 -0.425148 1.975610
0.063776 -0.735731 1.976050
0.033946 -0.804871 1.958950
-0.054335 0.059873 1.988430
-0.055050 0.114522 2.039510
-0.079075 0.440986 2.059730
-0.100394 0.623434 2.046900
-0.223288 0.305135 2.042120
-0.269366 0.041111 2.022520
-0.266350 -0.154037 1.944740
-0.253709 -0.231191 1.919000
0.097339 0.342604 2.024350
0.241262 0.372825 1.864000
0.090971 0.506186 1.888870
0.036593 0.540197 1.874230
-0.119848 -0.017429 1.970650
-0.104104 -0.461802 1.990210
-0.094641 -0.769943 2.042580
-0.102085 -0.801407 1.953690
0.020870 -0.004543 1.974790
0.057671 -0.424905 1.975520
0.063848 -0.735696 1.976010
0.033482 -0.805679 1.960030
-0.054231 0.059883 1.988310
-0.054991 0.114544 2.039400
-0.079103 0.441029 2.059660
-0.099477 0.622879 2.046360
-0.223205 0.305142 2.041950
-0.268916 0.041147 2.021850
-0.265656 -0.153453 1.944260
-0.253304 -0.230773 1.918680
0.097404 0.342691 2.024260
0.241658 0.373826 1.864500
0.092272 0.506009 1.889390
0.038154 0.540179 1.874840
-0.119735 -0.017422 1.970530
-0.104145 -0.461267 1.989890
-0.094692 -0.769546 2.042380
-0.101503 -0.801143 1.952870
0.021000 -0.004533 1.974690
0.057922 -0.424686 1.975440
0.063953 -0.735695 1.975980
0.033097 -0.806269 1.960790
-0.054132 0.059894 1.988190
-0.054934 0.114565 2.039290
-0.079122 0.441065 2.059600
-0.098666 0.622378 2.045890
-0.223135 0.305149 2.041800
-0.268404 0.041056 2.021130
-0.265066 -0.153029 1.943900
-0.252984 -0.230484 1.918460
0.097471 0.342775 2.024190
0.242073 0.374910 1.865110
0.093246 0.505992 1.889860
0.039431 0.540254 1.875410
-0.119628 -0.017415 1.970420
-0.104185 -0.460787 1.989600
-0.094741 -0.769164 2.042190
-0.101081 -0.800946 1.952270
0.021122 -0.004526 1.974590
0.058155 -0.424490 1.975360
0.064076 -0.735716 1.975960
0.032795 -0.806707 1.961310
-0.054043 0.059904 1.988090
-0.054882 0.114582 2.039200
-0.079132 0.441096 2.059560
-0.098017 0.621948 2.045510
-0.223073 0.305155 2.041680
-0.267935 0.040964 2.020490
-0.264546 -0.152721 1.943620
-0.252721 -0.230281 1.918330
0.097543 0.342852 2.024140
0.242509 0.376088 1.865800
0.094077 0.506186 1.890390
0.040564 0.540444 1.876030
-0.119533 -0.017409 1.970320
-0.104221 -0.460348 1.989340
-0.094781 -0.768794 2.041980
-0.100773 -0.800793 1.951820
0.021226 -0.004525 1.974490
0.058382 -0.424305 1.975290
0.064189 -0.735757 1.975950
0.032548 -0.807057 1.961660
-0.053967 0.059913 1.988000
-0.054836 0.114598 2.039110
-0.079138 0.441125 2.059530
-0.097470 0.621570 2.045220
-0.223023 0.305160 2.041580
-0.267456 0.040865 2.019900
-0.264101 -0.152482 1.943410
-0.252502 -0.230129 1.918270
0.097624 0.342929 2.024090
0.242959 0.377379 1.866540
0.094637 0.506405 1.891020
0.041434 0.540611 1.876690
-0.119455 -0.017403 1.970230
-0.104242 -0.459932 1.989090
-0.094807 -0.768426 2.041790
-0.100549 -0.800668 1.951490
0.021312 -0.004530 1.974400
0.058598 -0.424147 1.975220
0.064301 -0.735805 1.975940
0.032354 -0.807330 1.961860
-0.053901 0.059919 1.987920
-0.054795 0.114610 2.039030
-0.079140 0.441151 2.059500
-0.096868 0.621142 2.044920
-0.222974 0.305164 2.041490
-0.267029 0.040769 2.019400
-0.263706 -0.152319 1.943270
-0.252311 -0.230038 1.918290
0.097721 0.343005 2.024060
0.243466 0.378769 1.867370
0.095144 0.506872 1.891830
0.042260 0.540905 1.877450
-0.119390 -0.017397 1.970150
-0.104261 -0.459557 1.988880
-0.094817 -0.768079 2.041670
-0.100391 -0.800555 1.951270
0.021382 -0.004543 1.974310
0.058800 -0.424012 1.975160
0.064406 -0.735858 1.975930
0.032197 -0.807544 1.961960
-0.053853 0.059922 1.987850
-0.054763 0.114619 2.038960
-0.079133 0.441182 2.059490
-0.096298 0.620770 2.044680
-0.222922 0.305167 2.041410
-0.266645 0.040677 2.018980
-0.263355 -0.152205 1.943170
-0.252133 -0.229993 1.918380
0.097838 0.343090 2.024030
0.243997 0.380354 1.868280
0.095537 0.507591 1.892810
0.042986 0.541325 1.878290
-0.119345 -0.017392 1.970090
-0.104277 -0.459196 1.988680
-0.094824 -0.767734 2.041560
-0.100291 -0.800444 1.951120
0.021424 -0.004566 1.974220
0.059027 -0.423879 1.975090
0.064528 -0.735935 1.975930
0.032043 -0.807709 1.961960
-0.053812 0.059925 1.987780
-0.054734 0.114627 2.038900
-0.079124 0.441214 2.059480
-0.095782 0.620439 2.044490
-0.222885 0.305171 2.041360
-0.266250 0.040529 2.018570
-0.263037 -0.152134 1.943120
-0.251973 -0.230000 1.918570
0.097961 0.343167 2.024010
0.244514 0.382094 1.869240
0.091741 0.512772 1.896100
0.041933 0.543750 1.880270
-0.119309 -0.017388 1.970030
-0.104280 -0.458832 1.988490
-0.094826 -0.767382 2.041440
-0.100239 -0.800325 1.951020
0.021457 -0.004591 1.974140
0.059272 -0.423748 1.975030
0.064651 -0.736023 1.975930
0.031861 -0.807819 1.961910
-0.053777 0.059924 1.987730
-0.054708 0.114631 2.038850
-0.079106 0.441245 2.059470
-0.095347 0.620172 2.044360
-0.222840 0.305172 2.041320
-0.265900 0.040392 2.018220
-0.262746 -0.152095 1.943100
-0.251821 -0.230042 1.918820
0.098089 0.343237 2.024000
0.244985 0.383831 1.870170
0.091535 0.513636 1.898150
0.042249 0.544326 1.881910
-0.119281 -0.017386 1.969990
-0.104268 -0.458480 1.988320
-0.094823 -0.767041 2.041340
-0.100221 -0.800203 1.950960
0.021480 -0.004620 1.974070
0.059541 -0.423616 1.974970
0.064771 -0.736113 1.975940
0.031695 -0.807896 1.961820
-0.053753 0.059918 1.987690
-0.054689 0.114630 2.038810
-0.079075 0.441290 2.059490
-0.095038 0.619955 2.044320
-0.222708 0.305179 2.041270
-0.265559 0.040246 2.017920
-0.262486 -0.152076 1.943120
-0.251677 -0.230120 1.919180
0.098215 0.343303 2.024000
0.245424 0.385580 1.871110
0.091375 0.514207 1.899780
0.042473 0.544782 1.883360
-0.119259 -0.017384 1.969960
-0.104250 -0.458165 1.988170
-0.094815 -0.766739 2.041240
-0.100220 -0.800092 1.950940
0.021481 -0.004662 1.974000
0.059801 -0.423499 1.974920
0.064916 -0.736239 1.975960
0.031513 -0.807950 1.961700
-0.053728 0.059908 1.987660
-0.054668 0.114626 2.038780
-0.079020 0.441353 2.059540
-0.094451 0.619683 2.044300
-0.222527 0.305186 2.041210
-0.265259 0.040117 2.017670
-0.262238 -0.152059 1.943210
-0.251548 -0.230194 1.919650
0.098350 0.343369 2.024000
0.245810 0.387330 1.872020
0.091241 0.514601 1.901100
0.042616 0.545166 1.884650
-0.119237 -0.017383 1.969940
-0.104229 -0.457870 1.988040
-0.094806 -0.766457 2.041160
-0.100235 -0.799980 1.950930
0.021482 -0.004705 1.973940
0.060089 -0.423383 1.974890
0.065064 -0.736352 1.975970
0.031350 -0.807968 1.961560
-0.053709 0.059897 1.987630
-0.054652 0.114621 2.038760
-0.078940 0.441437 2.059630
-0.093880 0.619446 2.044340
-0.222334 0.305198 2.041160
-0.264982 0.040005 2.017470
-0.261997 -0.152059 1.943350
-0.251430 -0.230309 1.920250
0.098483 0.343438 2.024020
0.246150 0.388936 1.872880
0.091491 0.515283 1.902260
0.042973 0.545841 1.885880
-0.119222 -0.017383 1.969920
-0.104203 -0.457590 1.987920
-0.094794 -0.766195 2.041080
-0.100262 -0.799868 1.950940
0.021469 -0.004753 1.973880
0.060378 -0.423279 1.974860
0.065197 -0.736456 1.975990
0.031207 -0.807977 1.961440
-0.053694 0.059886 1.987610
-0.054638 0.114617 2.038740
-0.078840 0.441586 2.059740
-0.093240 0.619208 2.044400
-0.222160 0.305215 2.041160
-0.264718 0.039908 2.017310
-0.261731 -0.152136 1.943580
-0.251333 -0.230541 1.921020
0.098617 0.343506 2.024050
0.246428 0.390334 1.873640
0.091754 0.515858 1.903210
0.043293 0.546472 1.886960
-0.119210 -0.017383 1.969910
-0.104177 -0.457342 1.987820
-0.094780 -0.765962 2.041030
-0.100303 -0.799754 1.950990
0.021452 -0.004801 1.973840
0.060642 -0.423215 1.974850
0.065324 -0.736554 1.976010
0.031103 -0.807988 1.961340
-0.053682 0.059876 1.987600
-0.054625 0.114613 2.038730
-0.078706 0.441754 2.059880
-0.092581 0.618984 2.044480
-0.221959 0.305275 2.041190
-0.264473 0.039861 2.017180
-0.261474 -0.152222 1.943900
-0.251265 -0.230781 1.921900
0.098769 0.343566 2.024090
0.246701 0.391712 1.874410
0.092162 0.516568 1.904050
0.043667 0.547229 1.887980
-0.119201 -0.017383 1.969910
-0.104153 -0.457114 1.987740
-0.094770 -0.765751 2.040990
-0.100356 -0.799642 1.951040
0.021430 -0.004850 1.973800
0.060891 -0.423168 1.974840
0.065436 -0.736646 1.976020
0.031019 -0.807997 1.961250
-0.053672 0.059864 1.987590
-0.054615 0.114608 2.038720
-0.078574 0.441977 2.060060
-0.091791 0.618788 2.044570
-0.221740 0.305353 2.041230
-0.264242 0.039837 2.017110
-0.261225 -0.152317 1.944280
-0.251239 -0.231020 1.922820
0.098936 0.343602 2.024150
0.246920 0.392932 1.875110
0.092526 0.517217 1.904700
0.043988 0.547952 1.888830
-0.119193 -0.017384 1.969910
-0.104133 -0.456907 1.987670
-0.094978 -0.764948 2.040730
-0.100681 -0.799029 1.950990
0.021407 -0.004898 1.973770
0.061123 -0.423135 1.974850
0.065532 -0.736727 1.976040
0.030947 -0.808003 1.961170
-0.053665 0.059849 1.987590
-0.054607 0.114603 2.038720
-0.078446 0.442212 2.060260
-0.090944 0.618625 2.044660
-0.221516 0.305429 2.041270
-0.264018 0.039820 2.017070
-0.261035 -0.152299 1.944960
-0.251316 -0.231076 1.923880
0.099103 0.343631 2.024220
0.247122 0.394116 1.875800
0.092782 0.517752 1.905190
0.044218 0.548594 1.889530
-0.119187 -0.017385 1.969920
-0.104117 -0.456722 1.987620
-0.095417 -0.763162 2.040050
-0.101286 -0.797508 1.950630
0.021373 -0.004956 1.973740
0.061329 -0.423121 1.974870
0.065610 -0.736797 1.976050
0.030888 -0.808010 1.961090
-0.053659 0.059834 1.987590
-0.054599 0.114598 2.038720
-0.078300 0.442516 2.060470
-0.090003 0.618526 2.044680
-0.221298 0.305507 2.041320
-0.263811 0.039813 2.017040
-0.260876 -0.152268 1.945670
-0.251409 -0.231103 1.924900
0.099274 0.343657 2.024300
0.247298 0.395233 1.876460
0.087528 0.522911 1.907000
0.041262 0.552021 1.891280
-0.119184 -0.017386 1.969930
-0.104103 -0.456535 1.987580
-0.095599 -0.762555 2.039800
-0.101557 -0.797017 1.950540
0.021339 -0.005014 1.973730
0.061531 -0.423117 1.974900
0.065671 -0.736862 1.976070
0.030840 -0.808021 1.961020
-0.053653 0.059815 1.987590
-0.054592 0.114593 2.038720
-0.078138 0.442888 2.060690
-0.089160 0.618513 2.044660
-0.221079 0.305584 2.041360
-0.263628 0.039814 2.017040
-0.260767 -0.152241 1.946450
-0.251538 -0.231120 1.925900
0.099442 0.343683 2.024390
0.247480 0.396233 1.877080
0.087076 0.523752 1.907370
0.040942 0.552756 1.891800
-0.119179 -0.017388 1.969950
-0.104093 -0.456359 1.987550
-0.095720 -0.762206 2.039640
-0.101747 -0.796738 1.950490
0.021308 -0.005070 1.973720
0.061729 -0.423121 1.974940
0.065726 -0.736923 1.976090
0.030802 -0.808031 1.960960
-0.053645 0.059796 1.987600
-0.054583 0.114589 2.038730
-0.077993 0.443247 2.060880
-0.088354 0.618524 2.044610
-0.220887 0.305649 2.041390
-0.263481 0.039814 2.017040
-0.260706 -0.152241 1.947300
-0.251711 -0.231156 1.926910
0.099601 0.343711 2.024470
0.247658 0.397090 1.877650
0.086997 0.524272 1.907550
0.040738 0.553316 1.892190
-0.119172 -0.017391 1.969980
-0.104088 -0.456203 1.987530
-0.095806 -0.761979 2.039540
-0.101897 -0.796573 1.950460
0.021285 -0.005124 1.973730
0.061928 -0.423149 1.975010
0.065783 -0.736986 1.976110
0.030767 -0.808038 1.960920
-0.053632 0.059771 1.987620
-0.054572 0.114583 2.038740
-0.077859 0.443567 2.061060
-0.087692 0.618538 2.044570
-0.220702 0.305706 2.041430
-0.263358 0.039816 2.017040
-0.260713 -0.152257 1.948160
-0.251918 -0.231195 1.927850
0.099766 0.343749 2.024570
0.247840 0.397778 1.878160
0.087228 0.524482 1.907580
0.040624 0.553731 1.892480
-0.119161 -0.017396 1.970020
-0.104085 -0.456064 1.987520
-0.095891 -0.761836 2.039450
-0.102037 -0.796484 1.950450
0.021268 -0.005184 1.973760
0.062120 -0.423172 1.975100
0.065844 -0.737053 1.976150
0.030737 -0.808044 1.960870
-0.053621 0.059741 1.987650
-0.054561 0.114577 2.038770
-0.077745 0.443872 2.061230
-0.087141 0.618564 2.044530
-0.220527 0.305756 2.041450
-0.263263 0.039820 2.017050
-0.260805 -0.152347 1.948950
-0.252211 -0.231316 1.928750
0.099937 0.343800 2.024680
0.248018 0.398327 1.878610
0.087640 0.524421 1.907470
0.040569 0.554028 1.892690
-0.119149 -0.017403 1.970060
-0.104089 -0.455974 1.987530
-0.095965 -0.761802 2.039360
-0.073032 -0.820717 2.026060
0.021243 -0.005255 1.973820
0.062273 -0.423196 1.975210
0.065878 -0.737143 1.976200
0.030707 -0.808074 1.960790
-0.053612 0.059713 1.987690
-0.054554 0.114571 2.038800
-0.077645 0.444126 2.061380
-0.086847 0.618574 2.044530
-0.220369 0.305801 2.041470
-0.263203 0.039826 2.017070
-0.260934 -0.152492 1.949640
-0.252532 -0.231499 1.929550
0.100136 0.343889 2.024860
0.248200 0.398726 1.879020
0.088295 0.524180 1.907140
0.040609 0.554243 1.892810
-0.119141 -0.017408 1.970110
-0.104095 -0.455898 1.987540
-0.095988 -0.761805 2.039330
-0.088004 -0.809959 1.987490
0.021209 -0.005333 1.973910
0.062405 -0.423224 1.975320
0.065908 -0.737255 1.976270
0.030680 -0.808115 1.960710
-0.053604 0.059683 1.987750
-0.054550 0.114566 2.038840
-0.077574 0.444341 2.061500
-0.086654 0.618582 2.044540
-0.220226 0.305839 2.041480
-0.263163 0.039833 2.017080
-0.261138 -0.152778 1.950290
-0.252954 -0.231848 1.930330
0.100346 0.343999 2.025060
0.248387 0.399002 1.879390
0.089107 0.523792 1.906600
0.040741 0.554382 1.892830
-0.119135 -0.017413 1.970160
-0.104101 -0.455836 1.987550
-0.096009 -0.761861 2.039300
-0.092832 -0.806961 1.975420
0.021177 -0.005418 1.974050
0.062512 -0.423251 1.975440
0.065934 -0.737380 1.976350
0.030656 -0.808164 1.960630
-0.053602 0.059659 1.987820
-0.054554 0.114568 2.038900
-0.077532 0.444508 2.061590
-0.088199 0.620080 2.046200
-0.220136 0.305865 2.041480
-0.263141 0.039839 2.017100
-0.261362 -0.153076 1.950860
-0.253470 -0.232251 1.931080
0.100556 0.344124 2.025310
0.248762 0.398865 1.879880
0.090578 0.522879 1.905740
0.041190 0.554319 1.892680
-0.119133 -0.017416 1.970230
-0.104108 -0.455789 1.987580
-0.096013 -0.761978 2.039330
-0.096832 -0.804178 1.965150
0.021142 -0.005503 1.974260
0.062585 -0.423283 1.975580
0.065951 -0.737507 1.976440
0.030647 -0.808227 1.960560
-0.053608 0.059645 1.987920
-0.054568 0.114578 2.038980
-0.077504 0.444635 2.061660
-0.088982 0.620719 2.046790
-0.220069 0.305887 2.041490
-0.263133 0.039847 2.017120
-0.261655 -0.153427 1.951380
-0.254126 -0.232744 1.931820
0.100751 0.344274 2.025620
0.249506 0.397789 1.880640
0.092175 0.520270 1.904190
0.041811 0.553493 1.892180
-0.119139 -0.017414 1.970290
-0.104137 -0.455774 1.987660
-0.096039 -0.762250 2.039340
-0.099299 -0.802824 1.958840
0.021099 -0.005572 1.974540
0.062625 -0.423307 1.975740
0.065960 -0.737635 1.976520
0.030633 -0.808290 1.960500
-0.053622 0.059651 1.988050
-0.054598 0.114604 2.039080
-0.077496 0.444731 2.061700
-0.090074 0.621625 2.047660
-0.220031 0.305905 2.041490
-0.263143 0.039858 2.017150
-0.261988 -0.153784 1.951830
-0.254802 -0.233222 1.932460
0.100923 0.344447 2.025990
0.251178 0.394469 1.882100
0.094563 0.515744 1.902040
0.043034 0.551462 1.891200
-0.119150 -0.017406 1.970370
-0.104210 -0.455868 1.987850
-0.096056 -0.762792 2.039420
-0.100734 -0.802260 1.955110
0.021063 -0.005616 1.974910
0.062624 -0.423329 1.975930
0.065962 -0.737754 1.976610
0.030625 -0.808353 1.960450
-0.053630 0.059668 1.988200
-0.054633 0.114638 2.039200
-0.077502 0.444798 2.061730
-0.091602 0.622636 2.048630
-0.220004 0.305921 2.041490
-0.263175 0.039873 2.017170
-0.262484 -0.154212 1.952260
-0.255497 -0.233716 1.933020
0.101060 0.344643 2.026420
0.253917 0.387184 1.884280
0.096990 0.505928 1.898790
0.044660 0.546013 1.889320
-0.119158 -0.017396 1.970450
-0.104430 -0.456451 1.988470
-0.096064 -0.764113 2.039660
-0.101661 -0.802231 1.952700
0.021080 -0.005629 1.975430
0.062560 -0.423360 1.976180
0.065956 -0.737874 1.976700
0.030640 -0.808443 1.960400
-0.053630 0.059699 1.988390
-0.054674 0.114684 2.039340
-0.077528 0.444848 2.061750
-0.093026 0.623481 2.049410
-0.219989 0.305935 2.041480
-0.263242 0.039888 2.017200
-0.263137 -0.154701 1.952630
-0.256433 -0.234302 1.933570
0.101143 0.344852 2.026870
0.256368 0.378989 1.886270
0.098920 0.496514 1.894690
0.046385 0.539299 1.886380
-0.119164 -0.017382 1.970530
-0.104631 -0.457149 1.989140
-0.096120 -0.765386 2.039860
-0.102323 -0.802323 1.951000
0.021168 -0.005583 1.976160
0.062422 -0.423383 1.976480
0.065931 -0.737999 1.976790
0.030665 -0.808553 1.960350
-0.053635 0.059756 1.988610
-0.054734 0.114750 2.039510
-0.077581 0.444885 2.061760
-0.094528 0.624283 2.050160
-0.219995 0.305950 2.041460
-0.263356 0.039909 2.017220
-0.263866 -0.155218 1.952990
-0.257422 -0.234888 1.934040
0.101084 0.345091 2.027460
0.260200 0.359891 1.890870
0.097136 0.464894 1.893430
0.046558 0.517891 1.884340
-0.119172 -0.017352 1.970630
-0.104875 -0.458009 1.989900
-0.096178 -0.766485 2.040030
-0.102762 -0.802501 1.949820
0.021253 -0.005486 1.976880
0.062169 -0.423427 1.976850
0.065890 -0.738149 1.976900
0.030699 -0.808693 1.960280
-0.053658 0.059827 1.988850
-0.054830 0.114833 2.039710
-0.077732 0.444898 2.061740
-0.096017 0.624923 2.050740
-0.220036 0.305963 2.041420
-0.263563 0.039933 2.017240
-0.264754 -0.155816 1.953350
-0.258440 -0.235502 1.934480
0.100916 0.345276 2.028070
0.263089 0.338412 1.896220
0.099359 0.450336 1.891180
0.049070 0.502332 1.881600
-0.119187 -0.017311 1.970750
-0.105096 -0.458921 1.990660
-0.096243 -0.767376 2.040220
-0.103033 -0.802753 1.949080
0.021307 -0.005368 1.977580
0.061834 -0.423494 1.977260
0.065841 -0.738294 1.977010
0.030738 -0.808839 1.960210
-0.053708 0.059940 1.989140
-0.054963 0.114949 2.039940
-0.077941 0.444879 2.061690
-0.097751 0.625519 2.051210
-0.220189 0.305988 2.041360
-0.263841 0.039960 2.017260
-0.265713 -0.156424 1.953690
-0.259410 -0.236084 1.934860
0.100592 0.345364 2.028710
0.263976 0.287905 1.915500
0.121192 0.423759 1.884970
0.064055 0.477364 1.876160
-0.119227 -0.017244 1.970920
-0.105320 -0.459765 1.991360
-0.096306 -0.768107 2.040380
-0.103165 -0.803079 1.948670
0.021329 -0.005183 1.978300
0.061386 -0.423636 1.977730
0.065401 -0.737398 1.977190
0.047706 -0.781444 1.916280
-0.053785 0.060107 1.989470
-0.055153 0.115172 2.040220
-0.078215 0.445133 2.061520
-0.099678 0.625966 2.051570
-0.220552 0.305996 2.041290
-0.264231 0.039956 2.017290
-0.266804 -0.157099 1.954040
-0.260336 -0.236661 1.935180
0.100303 0.345192 2.029390
0.264265 0.263256 1.924880
0.127303 0.409791 1.881700
0.070960 0.459463 1.872170
-0.119310 -0.017155 1.971120
-0.105609 -0.460852 1.992230
-0.096377 -0.768684 2.040510
-0.103191 -0.803435 1.948520
0.021339 -0.004979 1.978960
0.060721 -0.424005 1.978280
0.065041 -0.736983 1.977360
0.057215 -0.767746 1.891760
-0.053981 0.060336 1.989850
-0.055461 0.115519 2.040560
-0.078468 0.445935 2.061120
-0.102540 0.626572 2.052060
-0.221274 0.305892 2.041210
-0.264735 0.039844 2.017340
-0.267876 -0.157788 1.954370
-0.261221 -0.237241 1.935450
0.100016 0.343947 2.030200
0.264315 0.248224 1.930130
0.117174 0.395717 1.874450
0.067519 0.443936 1.866460
-0.119821 -0.017008 1.971580
-0.105877 -0.461821 1.992990
-0.096487 -0.769076 2.040570
-0.103244 -0.803673 1.948430
0.021250 -0.004786 1.979580
0.059778 -0.424824 1.978940
0.064765 -0.736707 1.977510
0.060990 -0.762562 1.882300
-0.054258 0.060568 1.990240
-0.055785 0.115923 2.040890
-0.078636 0.447690 2.060210
-0.105630 0.627473 2.052630
-0.222269 0.305728 2.041160
-0.265326 0.039678 2.017390
-0.268890 -0.158441 1.954700
-0.262010 -0.237774 1.935700
0.100386 0.335038 2.029260
0.265616 0.235500 1.933000
0.084198 0.389609 1.854260
0.048139 0.431550 1.851520
-0.120666 -0.016906 1.972120
-0.106151 -0.462903 1.993800
-0.096602 -0.769381 2.040620
-0.103329 -0.803902 1.948450
0.021080 -0.004648 1.980170
0.058592 -0.426188 1.979670
0.064554 -0.736550 1.977630
0.047910 -0.790319 1.927160
-0.054812 0.060657 1.990640
-0.056209 0.116278 2.041150
-0.079137 0.449995 2.058610
-0.109551 0.628752 2.053310
-0.223735 0.305496 2.041230
-0.265947 0.039457 2.017460
-0.269915 -0.159079 1.955080
-0.262772 -0.238283 1.935960
0.100508 0.324430 2.026000
0.266634 0.224089 1.935010
0.072784 0.384512 1.845390
0.038247 0.422951 1.842460
-0.122298 -0.017223 1.972920
-0.106476 -0.464157 1.994680
-0.096727 -0.769613 2.040650
-0.103513 -0.804129 1.948610
0.020645 -0.004787 1.980760
0.057384 -0.428028 1.980400
0.064396 -0.736450 1.977730
0.041499 -0.803899 1.948660
-0.056142 0.060110 1.991110
-0.057052 0.116379 2.041350
-0.080433 0.452060 2.056270
-0.113075 0.629921 2.053880
-0.225555 0.305215 2.041380
-0.266650 0.039184 2.017580
-0.270833 -0.159626 1.955470
-0.263530 -0.238760 1.936290
0.099507 0.315061 2.022560
0.265354 0.209334 1.939160
0.067274 0.379058 1.839720
0.024974 0.406294 1.830800
-0.124710 -0.018359 1.973980
-0.106823 -0.465782 1.995690
-0.096845 -0.769792 2.040680
-0.103741 -0.804362 1.948870
0.019395 -0.005847 1.981470
0.056202 -0.430208 1.981090
0.064255 -0.736390 1.977820
0.038156 -0.810682 1.959190
-0.058293 0.058418 1.991510
-0.058289 0.116081 2.041390
-0.082420 0.454379 2.053130
-0.116015 0.631037 2.054260
-0.227625 0.304895 2.041610
-0.267409 0.038864 2.017730
-0.271619 -0.160100 1.955840
-0.264268 -0.239224 1.936690
0.096459 0.306221 2.018600
0.258106 0.187633 1.952470
0.063754 0.366936 1.835190
0.019053 0.394077 1.827470
-0.127410 -0.020255 1.975180
-0.107203 -0.467790 1.996760
-0.096970 -0.769957 2.040780
-0.104094 -0.804689 1.949440
0.017288 -0.008197 1.982070
0.054905 -0.434273 1.981980
0.064135 -0.736376 1.977900
0.036419 -0.814344 1.964760
-0.061385 0.055254 1.991720
-0.059907 0.115186 2.041210
-0.084746 0.456676 2.049660
-0.118459 0.632223 2.054450
-0.230088 0.304705 2.042080
-0.268136 0.038607 2.017910
-0.272379 -0.160449 1.956300
-0.265235 -0.239647 1.937380
0.091284 0.297470 2.011730
0.249832 0.171305 1.964500
0.062261 0.354982 1.833410
0.015381 0.383292 1.827550
-0.130574 -0.023202 1.976610
-0.107589 -0.470221 1.997950
-0.097100 -0.770077 2.040860
-0.104840 -0.805025 1.950180
0.014006 -0.012227 1.982290
0.053524 -0.439978 1.982860
0.064034 -0.736386 1.977970
0.035312 -0.816787 1.968510
-0.064214 0.052106 1.991810
-0.061827 0.113921 2.040890
-0.086802 0.458390 2.046620
-0.120240 0.633156 2.054510
-0.232599 0.304673 2.042720
-0.268847 0.038422 2.018130
-0.273070 -0.160770 1.956790
-0.266143 -0.240051 1.938120
0.088026 0.293166 2.009100
0.239982 0.159191 1.974540
0.059828 0.341630 1.832360
0.013420 0.376168 1.827370
-0.133280 -0.026044 1.977910
-0.107971 -0.472673 1.999090
-0.097232 -0.770166 2.040950
-0.105397 -0.805293 1.950810
0.011030 -0.015943 1.982260
0.052457 -0.445250 1.983580
0.063953 -0.736436 1.978050
0.034463 -0.818363 1.970770
-0.066308 0.049776 1.991870
-0.064136 0.112621 2.040610
-0.088509 0.459569 2.044340
-0.121451 0.633847 2.054460
-0.234949 0.304770 2.043450
-0.269534 0.038306 2.018380
-0.273701 -0.161092 1.957300
-0.266983 -0.240468 1.938900
0.087479 0.296078 2.014710
0.228430 0.151806 1.981020
0.054264 0.328546 1.829410
0.008573 0.366742 1.824110
-0.135392 -0.028353 1.979030
-0.108432 -0.475443 2.000310
-0.097359 -0.770234 2.041040
-0.105497 -0.805481 1.951250
0.008910 -0.018621 1.982190
0.051783 -0.449715 1.984160
0.063881 -0.736542 1.978140
0.033785 -0.819021 1.971420
-0.067878 0.047968 1.991940
-0.066172 0.111358 2.040420
-0.089781 0.460077 2.042920
-0.122272 0.634297 2.054390
-0.236935 0.304887 2.044130
-0.270199 0.038221 2.018680
-0.274292 -0.161443 1.957890
-0.267745 -0.240917 1.939770
0.087081 0.300167 2.021000
0.217677 0.146844 1.986920
0.048809 0.316582 1.826960
0.004554 0.358618 1.822320
-0.136976 -0.030263 1.980000
-0.108824 -0.477856 2.001340
-0.097508 -0.770287 2.041130
-0.105533 -0.805633 1.951630
0.007358 -0.020623 1.982080
0.051356 -0.452968 1.984570
0.063799 -0.736691 1.978230
0.033465 -0.819006 1.970750
-0.069023 0.046661 1.992040
-0.067991 0.110240 2.040360
-0.090842 0.460087 2.042050
-0.122850 0.634660 2.054220
-0.238665 0.305046 2.044810
-0.270869 0.038181 2.019020
-0.274828 -0.161802 1.958530
-0.268534 -0.241424 1.940830
0.088400 0.307741 2.030840
0.208160 0.144647 1.991320
0.042590 0.305875 1.823870
0.001383 0.352407 1.820090
-0.138169 -0.031783 1.980840
-0.109167 -0.479912 2.002130
-0.097648 -0.770327 2.041220
-0.105402 -0.805761 1.952000
0.006259 -0.022052 1.981990
0.051111 -0.455624 1.984870
0.063722 -0.736861 1.978310
0.033410 -0.818559 1.969310
-0.069816 0.045775 1.992130
-0.069415 0.109370 2.040350
-0.091822 0.459543 2.041590
-0.123151 0.634997 2.053840
-0.240073 0.305199 2.045410
-0.271538 0.038166 2.019420
-0.275308 -0.162113 1.959200
-0.269276 -0.241872 1.941960
0.090506 0.313672 2.038170
0.198535 0.142662 1.996070
0.035017 0.290792 1.819010
-0.000120 0.344966 1.817680
-0.139012 -0.032895 1.981460
-0.109449 -0.481654 2.002790
-0.097808 -0.770347 2.041300
-0.105234 -0.805846 1.952310
0.005517 -0.023049 1.981930
0.050987 -0.457672 1.985080
0.063658 -0.737044 1.978390
0.033505 -0.817901 1.967580
-0.070361 0.045211 1.992250
-0.070724 0.108705 2.040470
-0.092564 0.458337 2.041630
-0.122803 0.635234 2.053020
-0.241155 0.305340 2.045890
-0.272143 0.038176 2.019820
-0.275745 -0.162373 1.959950
-0.269934 -0.242241 1.943150
0.099399 0.333682 2.057020
0.190656 0.141368 1.999810
0.029950 0.279879 1.814860
-0.002219 0.335781 1.812580
-0.139606 -0.033704 1.981980
-0.109708 -0.483148 2.003360
-0.097958 -0.770357 2.041380
-0.104563 -0.805910 1.952680
0.005016 -0.023715 1.981900
0.050958 -0.459258 1.985230
0.063631 -0.737248 1.978460
0.033601 -0.817163 1.965840
-0.070761 0.044811 1.992360
-0.071715 0.108208 2.040590
-0.093047 0.456787 2.041930
-0.121771 0.635260 2.051630
-0.241974 0.305457 2.046270
-0.272694 0.038197 2.020230
-0.276115 -0.162608 1.960730
-0.270519 -0.242568 1.944310
0.102697 0.341022 2.064150
0.185454 0.140149 2.002300
0.027257 0.273310 1.812440
-0.004864 0.324904 1.802960
-0.140026 -0.034300 1.982370
-0.109937 -0.484439 2.003850
-0.098117 -0.770356 2.041450
-0.103972 -0.805943 1.952960
0.004653 -0.024195 1.981890
0.050958 -0.460413 1.985320
0.063599 -0.737464 1.978530
0.033797 -0.816523 1.964240
-0.071019 0.044594 1.992530
-0.072404 0.107874 2.040720
-0.092982 0.454534 2.042450
-0.120574 0.635276 2.050240
-0.242593 0.305560 2.046570
-0.273197 0.038232 2.020660
-0.276444 -0.162797 1.961500
-0.271025 -0.242855 1.945560
0.104480 0.345173 2.068210
0.181187 0.138267 2.005020
0.026439 0.264106 1.809200
-0.004565 0.314408 1.796980
-0.140298 -0.034724 1.982690
-0.110118 -0.485649 2.004380
-0.098264 -0.770356 2.041510
-0.103394 -0.805975 1.953210
0.004406 -0.024532 1.981880
0.050982 -0.461312 1.985380
0.063583 -0.737697 1.978580
0.034097 -0.816002 1.962800
-0.071163 0.044514 1.992730
-0.072903 0.107630 2.040850
-0.092384 0.451920 2.043110
-0.119178 0.635227 2.048700
-0.243059 0.305643 2.046810
-0.273640 0.038269 2.021090
-0.276689 -0.162988 1.962300
-0.271436 -0.243126 1.946760
0.105580 0.347951 2.070980
0.178193 0.136816 2.006780
0.026456 0.255363 1.805360
-0.005351 0.301134 1.788110
-0.140458 -0.035034 1.982960
-0.110252 -0.486622 2.004800
-0.098389 -0.770361 2.041580
-0.102809 -0.806012 1.953460
0.004259 -0.024746 1.981890
0.051027 -0.462001 1.985410
0.063570 -0.737926 1.978630
0.034401 -0.815578 1.961580
-0.071201 0.044531 1.992950
-0.073255 0.107444 2.040960
-0.091492 0.449309 2.043750
-0.117634 0.635020 2.047010
-0.243407 0.305711 2.046990
-0.274017 0.038305 2.021480
-0.276881 -0.163146 1.963010
-0.271742 -0.243347 1.947790
0.106303 0.349891 2.072820
0.176117 0.135567 2.008030
0.027351 0.247002 1.801340
-0.006573 0.287795 1.779710
-0.140512 -0.035261 1.983210
-0.110346 -0.487420 2.005140
-0.098517 -0.770357 2.041640
-0.102340 -0.806028 1.953630
0.004201 -0.024863 1.981910
0.051103 -0.462578 1.985420
0.063706 -0.740855 1.979230
0.032807 -0.815007 1.956760
-0.071140 0.044618 1.993180
-0.073494 0.107298 2.041080
-0.090522 0.446981 2.044290
-0.116157 0.634754 2.045360
-0.243665 0.305767 2.047140
-0.274336 0.038341 2.021850
-0.277029 -0.163283 1.963620
-0.271961 -0.243526 1.948640
0.106390 0.350827 2.073460
0.174635 0.134149 2.009000
0.029307 0.235188 1.795650
-0.006607 0.274871 1.772780
-0.140428 -0.035418 1.983440
-0.110415 -0.488051 2.005400
-0.098639 -0.770349 2.041690
-0.101948 -0.806032 1.953770
0.004221 -0.024896 1.981940
0.051189 -0.463034 1.985420
0.063859 -0.742639 1.979600
0.032018 -0.814690 1.954200
-0.071009 0.044756 1.993410
-0.073647 0.107182 2.041190
-0.089553 0.444990 2.044700
-0.114922 0.634491 2.043910
-0.243851 0.305814 2.047250
-0.274600 0.038380 2.022190
-0.277141 -0.163397 1.964170
-0.272114 -0.243666 1.949350
0.105827 0.350661 2.072940
0.173694 0.132456 2.009730
0.031494 0.224258 1.790550
-0.007564 0.260671 1.766650
-0.140228 -0.035512 1.983650
-0.110462 -0.488541 2.005600
-0.098753 -0.770342 2.041740
-0.101624 -0.806037 1.953880
0.004298 -0.024861 1.981970
0.051283 -0.463398 1.985400
0.063987 -0.743944 1.979880
0.031605 -0.814502 1.952420
-0.070799 0.044937 1.993630
-0.073708 0.107089 2.041300
-0.088516 0.443287 2.044980
-0.113805 0.634270 2.042610
-0.243979 0.305851 2.047330
-0.274821 0.038415 2.022500
-0.277224 -0.163489 1.964630
-0.272210 -0.243768 1.949880
0.104586 0.349635 2.071510
0.172977 0.129763 2.010100
0.033658 0.214088 1.785710
-0.008900 0.243593 1.758820
-0.139854 -0.035526 1.983830
-0.110500 -0.488953 2.005760
-0.098858 -0.770330 2.041790
-0.101362 -0.806034 1.953970
0.004427 -0.024755 1.982020
0.051407 -0.463709 1.985360
0.064076 -0.744704 1.980020
0.031443 -0.814401 1.951400
-0.070518 0.045145 1.993820
-0.073673 0.107012 2.041420
-0.087495 0.441881 2.045150
-0.112755 0.633987 2.041260
-0.244054 0.305883 2.047400
-0.275000 0.038443 2.022800
-0.277275 -0.163577 1.965010
-0.272254 -0.243847 1.950270
0.103175 0.348031 2.069640
0.173089 0.126444 2.010750
0.035828 0.200839 1.781780
-0.009306 0.229981 1.755670
-0.139322 -0.035475 1.983960
-0.110529 -0.489293 2.005900
-0.098957 -0.770317 2.041830
-0.101151 -0.806029 1.954040
0.004592 -0.024606 1.982070
0.051560 -0.463967 1.985290
0.064151 -0.745255 1.980120
0.031377 -0.814351 1.950670
-0.070199 0.045361 1.993990
-0.073549 0.106946 2.041540
-0.086609 0.440788 2.045230
-0.111832 0.633748 2.040060
-0.244083 0.305915 2.047470
-0.275142 0.038470 2.023070
-0.277307 -0.163660 1.965320
-0.272276 -0.243914 1.950550
0.101675 0.345885 2.067280
0.173410 0.123178 2.011200
0.038254 0.189711 1.778170
-0.008375 0.212900 1.749130
-0.138702 -0.035382 1.984030
-0.110544 -0.489553 2.006010
-0.099063 -0.770285 2.041860
-0.101009 -0.806013 1.954080
0.004776 -0.024432 1.982110
0.051735 -0.464182 1.985200
0.064213 -0.745639 1.980180
0.031380 -0.814339 1.950180
