0.213953 -0.413346 2.388070
0.204492 -0.358960 2.415500
0.177863 -0.072243 2.403940
0.191800 0.115067 2.392670
0.033396 -0.169938 2.382290
0.073438 -0.399943 2.270740
0.159868 -0.537210 2.168250
0.170011 -0.596704 2.134690
0.339795 -0.169341 2.420310
0.319893 -0.372661 2.316130
0.222654 -0.183634 2.170720
0.242879 -0.129416 2.171110
0.148917 -0.487235 2.374000
0.227405 -0.645001 2.050040
0.110686 -0.918973 2.088280
0.120046 -0.954034 2.007180
0.293928 -0.477006 2.391410
0.195156 -0.624584 2.038020
0.287978 -0.903275 2.073150
0.297391 -0.938420 1.991860
0.213948 -0.413333 2.388070
0.204492 -0.358955 2.415500
0.177869 -0.072250 2.403950
0.191772 0.115033 2.392650
0.033411 -0.169940 2.382330
0.073494 -0.399946 2.270670
0.160748 -0.536847 2.168150
0.186204 -0.585677 2.138350
0.339881 -0.169418 2.420460
0.319941 -0.372682 2.316230
0.222513 -0.183742 2.170760
0.242721 -0.129515 2.171070
0.148879 -0.487190 2.373970
0.227472 -0.645528 2.050100
0.110382 -0.918960 2.088210
0.119764 -0.954030 2.007090
0.293925 -0.477015 2.391440
0.195185 -0.624588 2.038040
0.286417 -0.903943 2.073070
0.295872 -0.939092 1.991750
0.213934 -0.413309 2.388090
0.204487 -0.358946 2.415500
0.177872 -0.072257 2.403950
0.191736 0.114983 2.392620
0.033422 -0.169939 2.382380
0.073543 -0.399946 2.270620
0.161746 -0.536253 2.167880
0.194519 -0.579226 2.139370
0.339965 -0.169488 2.420620
0.319958 -0.372559 2.316250
0.222297 -0.183730 2.170720
0.242604 -0.129569 2.171030
0.148812 -0.487122 2.373930
0.227536 -0.646040 2.050150
0.110017 -0.918949 2.088140
0.119419 -0.954030 2.007000
0.293915 -0.477022 2.391480
0.195210 -0.624592 2.038050
0.284271 -0.904764 2.073060
0.293764 -0.939921 1.991710
0.213886 -0.413269 2.388100
0.204465 -0.358927 2.415500
0.177875 -0.072263 2.403960
0.191698 0.114935 2.392590
0.033431 -0.169933 2.382430
0.073592 -0.399941 2.270550
0.162696 -0.535500 2.167390
0.200117 -0.574566 2.139780
0.340048 -0.169554 2.420760
0.319998 -0.372579 2.316330
0.222206 -0.183815 2.170770
0.242539 -0.129664 2.171060
0.148643 -0.487010 2.373860
0.227592 -0.646510 2.050200
0.109600 -0.918943 2.088040
0.119014 -0.954035 2.006880
0.293881 -0.477033 2.391520
0.195231 -0.624597 2.038050
0.282463 -0.905449 2.073060
0.291975 -0.940616 1.991690
0.213847 -0.413238 2.388110
0.204448 -0.358914 2.415500
0.177877 -0.072270 2.403970
0.191600 0.114879 2.392520
0.033439 -0.169925 2.382490
0.073638 -0.399934 2.270490
0.163028 -0.535201 2.167070
0.202901 -0.572365 2.140110
0.340087 -0.169616 2.420840
0.320029 -0.372464 2.316340
0.222016 -0.183791 2.170750
0.242478 -0.129708 2.171050
0.148514 -0.486925 2.373810
0.227647 -0.646944 2.050250
0.109144 -0.918934 2.087940
0.118540 -0.954037 2.006750
0.293847 -0.477045 2.391560
0.195247 -0.624600 2.038060
0.280950 -0.906012 2.073060
0.290427 -0.941197 1.991660
0.213809 -0.413205 2.388120
0.204432 -0.358899 2.415500
0.177879 -0.072277 2.403980
0.191495 0.114825 2.392460
0.033441 -0.169915 2.382550
0.073673 -0.399930 2.270450
0.163209 -0.534750 2.166410
0.204840 -0.570816 2.140280
0.340116 -0.169647 2.420900
0.320053 -0.372455 2.316380
0.221908 -0.183837 2.170790
0.242455 -0.129789 2.171110
0.148401 -0.486847 2.373760
0.227694 -0.647343 2.050300
0.108694 -0.918933 2.087840
0.118070 -0.954049 2.006610
0.293817 -0.477052 2.391590
0.195260 -0.624604 2.038060
0.279555 -0.906519 2.073050
0.288993 -0.941723 1.991620
0.213757 -0.413168 2.388130
0.204409 -0.358882 2.415510
0.177880 -0.072285 2.403980
0.191385 0.114773 2.392400
0.033434 -0.169902 2.382610
0.073706 -0.399923 2.270410
0.158843 -0.539882 2.170620
0.202674 -0.573535 2.144020
0.340133 -0.169676 2.420930
0.320093 -0.372253 2.316340
0.221701 -0.183704 2.170790
0.242457 -0.129790 2.171110
0.148251 -0.486761 2.373710
0.227737 -0.647697 2.050340
0.108258 -0.918938 2.087730
0.117591 -0.954067 2.006470
0.293778 -0.477059 2.391620
0.195277 -0.624605 2.038070
0.278498 -0.906903 2.073040
0.287879 -0.942127 1.991590
0.213708 -0.413139 2.388140
0.204388 -0.358869 2.415510
0.177882 -0.072292 2.403990
0.191290 0.114727 2.392360
0.033428 -0.169889 2.382660
0.073738 -0.399917 2.270360
0.157441 -0.541274 2.171350
0.200067 -0.575627 2.145690
0.340105 -0.169759 2.420930
0.320142 -0.372199 2.316370
0.221586 -0.183695 2.170840
0.242633 -0.129916 2.171220
0.148115 -0.486686 2.373660
0.227538 -0.643838 2.050100
0.109153 -0.917262 2.087120
0.118412 -0.952437 2.005810
0.293731 -0.477071 2.391660
0.195299 -0.624605 2.038090
0.277645 -0.907196 2.073050
0.286964 -0.942436 1.991580
0.213631 -0.413148 2.388140
0.204350 -0.358875 2.415510
0.177880 -0.072302 2.404010
0.191195 0.114686 2.392320
0.033421 -0.169875 2.382710
0.073769 -0.399913 2.270320
0.156666 -0.541590 2.170960
0.200724 -0.577264 2.143530
0.340071 -0.169835 2.420920
0.320201 -0.372198 2.316440
0.221477 -0.183748 2.170960
0.243121 -0.130334 2.171610
0.147739 -0.486856 2.373760
0.227530 -0.643074 2.050070
0.109276 -0.916696 2.086850
0.118501 -0.951886 2.005500
0.293677 -0.477099 2.391650
0.195324 -0.624603 2.038110
0.277008 -0.907412 2.073090
0.286281 -0.942665 1.991600
0.213526 -0.413166 2.388150
0.204294 -0.358887 2.415510
0.177878 -0.072311 2.404020
0.191085 0.114666 2.392300
0.033413 -0.169863 2.382760
0.073797 -0.399910 2.270290
0.156122 -0.541781 2.170580
0.198425 -0.578683 2.142150
0.340019 -0.169914 2.420890
0.320310 -0.372320 2.316600
0.221412 -0.183838 2.171080
0.243681 -0.130954 2.172250
0.147322 -0.487019 2.373860
0.227519 -0.642664 2.050050
0.109252 -0.916329 2.086660
0.118445 -0.951525 2.005270
0.293587 -0.477137 2.391620
0.195347 -0.624602 2.038130
0.276496 -0.907584 2.073120
0.285722 -0.942848 1.991620
0.213426 -0.413188 2.388160
0.204241 -0.358902 2.415520
0.177869 -0.072335 2.404040
0.190833 0.114682 2.392280
0.033403 -0.169848 2.382810
0.073820 -0.399907 2.270250
0.155714 -0.541773 2.170020
0.196177 -0.579884 2.140740
0.339957 -0.169986 2.420840
0.320427 -0.372502 2.316800
0.221340 -0.184044 2.171370
0.244304 -0.131616 2.172920
0.146993 -0.487162 2.373950
0.227436 -0.640130 2.049880
0.110123 -0.914858 2.085990
0.119237 -0.950087 2.004560
0.293503 -0.477175 2.391600
0.195368 -0.624601 2.038150
0.276104 -0.907714 2.073150
0.285284 -0.942989 1.991640
0.213301 -0.413214 2.388160
0.204175 -0.358922 2.415530
0.177855 -0.072373 2.404070
0.190507 0.114726 2.392250
0.033379 -0.169834 2.382860
0.073841 -0.399905 2.270230
0.155704 -0.541150 2.168880
0.198591 -0.574497 2.140580
0.339867 -0.170057 2.420750
0.320541 -0.372761 2.317030
0.221284 -0.184307 2.171680
0.244606 -0.132096 2.173520
0.146643 -0.487281 2.374030
0.227382 -0.637273 2.049590
0.111335 -0.913056 2.085180
0.120340 -0.948320 2.003710
0.293386 -0.477221 2.391550
0.195392 -0.624600 2.038170
0.294316 -0.900276 2.072880
0.303002 -0.935643 1.991260
0.213131 -0.413248 2.388160
0.204079 -0.358950 2.415540
0.177837 -0.072414 2.404110
0.190124 0.114791 2.392240
0.033351 -0.169822 2.382920
0.073860 -0.399904 2.270200
0.155652 -0.540999 2.168460
0.199127 -0.573086 2.140560
0.339760 -0.170127 2.420640
0.320648 -0.373052 2.317280
0.221229 -0.184607 2.171990
0.244741 -0.132524 2.174150
0.146269 -0.487381 2.374090
0.227353 -0.634456 2.049320
0.112720 -0.911101 2.084360
0.121610 -0.946399 2.002840
0.293201 -0.477287 2.391490
0.195411 -0.624601 2.038190
0.296880 -0.899225 2.072880
0.305473 -0.934608 1.991240
0.212946 -0.413280 2.388160
0.203970 -0.358980 2.415560
0.177800 -0.072492 2.404160
0.189630 0.114870 2.392200
0.033311 -0.169810 2.382990
0.073868 -0.399905 2.270180
0.155768 -0.540636 2.167940
0.199585 -0.571927 2.140530
0.339623 -0.170210 2.420500
0.320763 -0.373405 2.317580
0.221196 -0.184958 2.172330
0.244781 -0.132933 2.174800
0.145912 -0.487453 2.374140
0.227344 -0.633794 2.049290
0.113086 -0.910521 2.084080
0.121931 -0.945828 2.002540
0.293003 -0.477352 2.391430
0.195427 -0.624602 2.038200
0.304412 -0.896287 2.072390
0.312789 -0.931680 1.990710
0.212736 -0.413310 2.388150
0.203844 -0.359013 2.415580
0.177761 -0.072576 2.404220
0.189115 0.114954 2.392160
0.033254 -0.169798 2.383080
0.069035 -0.390081 2.276670
0.150192 -0.529894 2.172810
0.196992 -0.564483 2.144550
0.339488 -0.170296 2.420350
0.320936 -0.373825 2.317930
0.221198 -0.185388 2.172720
0.244749 -0.133324 2.175400
0.145532 -0.487504 2.374170
0.243432 -0.680574 2.054590
0.084672 -0.916142 2.073530
0.092844 -0.951493 1.991740
0.292786 -0.477421 2.391370
0.195438 -0.624602 2.038210
0.306455 -0.895513 2.072280
0.314737 -0.930914 1.990580
0.212544 -0.413341 2.388150
0.203725 -0.359047 2.415600
0.177705 -0.072674 2.404290
0.188599 0.115038 2.392090
0.033192 -0.169787 2.383170
0.064248 -0.377720 2.283520
0.143497 -0.519503 2.181260
0.192419 -0.557279 2.151450
0.339295 -0.170411 2.420130
0.321102 -0.374234 2.318280
0.221210 -0.185811 2.173090
0.244675 -0.133661 2.175920
0.145244 -0.487540 2.374200
0.241833 -0.680660 2.054650
0.058056 -0.867255 2.051260
0.091280 -0.824495 2.004960
0.292591 -0.477485 2.391330
0.195447 -0.624602 2.038220
0.305961 -0.895825 2.072030
0.314091 -0.931227 1.990300
0.212259 -0.413358 2.388150
0.203542 -0.359082 2.415640
0.177640 -0.072785 2.404370
0.188113 0.115125 2.392010
0.033123 -0.169778 2.383270
0.061307 -0.369345 2.287930
0.139098 -0.512266 2.185970
0.188504 -0.550934 2.156620
0.339156 -0.170480 2.419980
0.321279 -0.374696 2.318660
0.221255 -0.186279 2.173480
0.244625 -0.134015 2.176420
0.144802 -0.487524 2.374170
0.227522 -0.648274 2.059370
0.038508 -0.821293 2.043920
0.080004 -0.715803 2.038930
0.292302 -0.477564 2.391280
0.195456 -0.624604 2.038230
0.304466 -0.896562 2.071800
0.312513 -0.931943 1.990040
0.212039 -0.413348 2.388160
0.203384 -0.359101 2.415690
0.177566 -0.072908 2.404470
0.187696 0.115183 2.391940
0.033053 -0.169770 2.383370
0.059453 -0.363876 2.290670
0.136283 -0.507605 2.189030
0.185427 -0.546067 2.160630
0.339017 -0.170535 2.419840
0.321236 -0.373333 2.317750
0.220394 -0.185242 2.172790
0.243266 -0.132481 2.175640
0.144569 -0.487466 2.374140
0.240713 -0.682692 2.059750
0.031047 -0.859359 2.041530
0.056282 -0.882455 1.989300
0.292072 -0.477597 2.391280
0.195464 -0.624606 2.038230
0.301976 -0.897673 2.071540
0.309958 -0.933029 1.989760
0.211849 -0.413338 2.388170
0.203230 -0.359120 2.415750
0.177470 -0.073025 2.404580
0.187294 0.115242 2.391860
0.032986 -0.169769 2.383490
0.065562 -0.377727 2.282630
0.145221 -0.519198 2.180040
0.187061 -0.548043 2.159620
0.338915 -0.170562 2.419770
0.321160 -0.371772 2.316720
0.219448 -0.184026 2.171980
0.241461 -0.130562 2.174590
0.144395 -0.487414 2.374110
0.238069 -0.679282 2.057600
0.028398 -0.854719 2.038210
0.071136 -0.783707 2.008710
0.291881 -0.477628 2.391290
0.195470 -0.624608 2.038240
0.299419 -0.898782 2.071300
0.307420 -0.934099 1.989500
0.211663 -0.413327 2.388180
0.203065 -0.359140 2.415810
0.177362 -0.073140 2.404690
0.186977 0.115286 2.391810
0.032920 -0.169772 2.383600
0.069323 -0.386355 2.277630
0.151708 -0.525360 2.173250
0.189691 -0.550368 2.157270
0.338822 -0.170579 2.419730
0.321205 -0.371479 2.316410
0.218991 -0.184084 2.171800
0.235484 -0.130871 2.170800
0.144233 -0.487352 2.374060
0.235276 -0.674523 2.055450
0.023765 -0.856889 2.041490
0.046942 -0.851089 1.993380
0.291695 -0.477658 2.391310
0.195475 -0.624609 2.038240
0.296104 -0.900105 2.071200
0.304197 -0.935372 1.989380
0.211506 -0.413315 2.388190
0.202908 -0.359157 2.415870
0.177210 -0.073241 2.404800
0.186718 0.115320 2.391770
0.032853 -0.169783 2.383730
0.071659 -0.391857 2.274540
0.155948 -0.528837 2.168440
0.192443 -0.552641 2.154380
0.338743 -0.170591 2.419710
0.321426 -0.371545 2.316150
0.220409 -0.182752 2.173420
0.233839 -0.129916 2.169960
0.144117 -0.487298 2.374030
0.230266 -0.647135 2.050580
0.044741 -0.823929 1.984090
0.082532 -0.779964 1.963990
0.291555 -0.477678 2.391340
0.195484 -0.624611 2.038240
0.292996 -0.901334 2.071120
0.301186 -0.936560 1.989280
0.211342 -0.413296 2.388210
0.202737 -0.359164 2.415940
0.177031 -0.073311 2.404910
0.186483 0.115351 2.391740
0.032762 -0.169808 2.383910
0.073108 -0.395383 2.272630
0.158342 -0.531224 2.165730
0.194630 -0.554951 2.152030
0.338666 -0.170591 2.419720
0.321930 -0.372172 2.315850
0.221971 -0.181804 2.175390
0.232719 -0.129267 2.169480
0.144000 -0.487235 2.373990
0.228908 -0.641485 2.049270
0.039432 -0.825334 1.979000
0.051765 -0.837428 1.929400
0.291418 -0.477690 2.391360
0.195495 -0.624614 2.038240
0.289825 -0.902547 2.071100
0.298079 -0.937746 1.989250
0.211119 -0.413258 2.388220
0.202496 -0.359147 2.416020
0.176726 -0.073315 2.405010
0.186274 0.115379 2.391720
0.032648 -0.169837 2.384130
0.074035 -0.397685 2.271410
0.160019 -0.532608 2.163770
0.196565 -0.556720 2.149830
0.338596 -0.170587 2.419740
0.322760 -0.371991 2.314760
0.223612 -0.179139 2.176840
0.231721 -0.127342 2.168900
0.143831 -0.487142 2.373950
0.228117 -0.638223 2.048510
0.033602 -0.829934 1.977330
0.034658 -0.870197 1.912580
0.291257 -0.477697 2.391390
0.195507 -0.624617 2.038240
0.287155 -0.903558 2.071110
0.295427 -0.938750 1.989240
0.210858 -0.413225 2.388240
0.202205 -0.359123 2.416090
0.176187 -0.073212 2.405040
0.186084 0.115397 2.391710
0.032511 -0.169898 2.384400
0.074646 -0.399276 2.270560
0.160546 -0.535071 2.163340
0.198125 -0.559428 2.147810
0.338546 -0.170587 2.419760
0.324362 -0.369292 2.311750
0.224122 -0.174928 2.176930
0.228612 -0.120167 2.168110
0.143591 -0.487057 2.373940
0.227302 -0.634038 2.047870
0.083551 -0.874470 2.031110
0.082483 -0.927714 1.948710
0.291098 -0.477709 2.391420
0.195519 -0.624620 2.038240
0.284398 -0.904544 2.071190
0.292646 -0.939751 1.989310
0.210573 -0.413195 2.388260
0.201880 -0.359067 2.416130
0.174695 -0.072574 2.404420
0.185914 0.115413 2.391720
0.032331 -0.169988 2.384730
0.075071 -0.400386 2.269960
0.160797 -0.536875 2.163200
0.198998 -0.560505 2.146400
0.338525 -0.170584 2.419760
0.325819 -0.365974 2.308530
0.228106 -0.160636 2.183510
0.209132 -0.089629 2.161240
0.143263 -0.487003 2.373950
0.245011 -0.672583 2.053000
0.144414 -0.953583 2.061250
0.144255 -1.009080 1.970190
0.290953 -0.477725 2.391450
0.195560 -0.624608 2.038260
0.281482 -0.905507 2.071340
0.289575 -0.940797 1.989460
0.210263 -0.413165 2.388280
0.201408 -0.358982 2.416100
0.171883 -0.071684 2.403330
0.185581 0.115429 2.391830
0.032135 -0.170123 2.385110
0.075367 -0.401210 2.269540
0.161071 -0.537937 2.162990
0.199835 -0.560945 2.144740
0.338920 -0.170301 2.420410
0.328694 -0.360238 2.302810
0.229627 -0.154052 2.185490
0.199285 -0.073309 2.156990
0.142888 -0.486971 2.374000
0.225317 -0.703215 2.054500
0.150680 -0.991911 2.073540
0.152946 -1.042950 1.978400
0.290828 -0.477741 2.391480
0.195630 -0.624574 2.038320
0.278982 -0.906301 2.071500
0.287180 -0.941633 1.989630
0.209912 -0.413137 2.388320
0.200820 -0.358898 2.416040
0.169012 -0.071202 2.402410
0.185136 0.115448 2.391960
0.031934 -0.170289 2.385510
0.075534 -0.401850 2.269280
0.161352 -0.538586 2.162780
0.200738 -0.560809 2.142930
0.339839 -0.169516 2.421950
0.331418 -0.353887 2.297200
0.230907 -0.148116 2.186280
0.194500 -0.063817 2.153700
0.142435 -0.486972 2.374130
0.220508 -0.712871 2.055160
0.152847 -1.011360 2.079670
0.157727 -1.061250 1.982980
0.290716 -0.477760 2.391510
0.195743 -0.624519 2.038420
0.276665 -0.907015 2.071700
0.285088 -0.942366 1.989830
0.209495 -0.413158 2.388410
0.200141 -0.358868 2.415970
0.166511 -0.070956 2.401740
0.184558 0.115514 2.392170
0.031764 -0.170540 2.385900
0.075615 -0.402374 2.269120
0.161590 -0.539043 2.162620
0.201652 -0.560416 2.141140
0.340957 -0.168704 2.423770
0.334692 -0.341745 2.287890
0.231844 -0.139704 2.184530
0.191237 -0.053737 2.148150
0.141806 -0.487100 2.374430
0.217231 -0.718965 2.055710
0.149747 -1.022220 2.082390
0.156419 -1.070420 1.986440
0.290611 -0.477806 2.391560
0.195880 -0.624444 2.038560
0.274771 -0.907581 2.071870
0.283442 -0.942944 1.990010
0.209067 -0.413155 2.388560
0.199518 -0.358819 2.415920
0.164678 -0.070836 2.401320
0.183679 0.115799 2.392700
0.031617 -0.170792 2.386280
0.075643 -0.402770 2.269050
0.161836 -0.539219 2.162490
0.202643 -0.559415 2.139050
0.343405 -0.166822 2.425870
0.336607 -0.335201 2.282910
0.233393 -0.132887 2.182520
0.190136 -0.048191 2.145280
0.141107 -0.487252 2.374850
0.214653 -0.722896 2.056100
0.142320 -1.025430 2.081800
0.149872 -1.070320 1.988220
0.290527 -0.477854 2.391620
0.196023 -0.624364 2.038710
0.277903 -0.905986 2.073850
0.286929 -0.941377 1.992080
0.208610 -0.413203 2.388770
0.198928 -0.358846 2.415920
0.163423 -0.070993 2.401330
0.182790 0.116063 2.393250
0.031502 -0.171050 2.386680
0.075607 -0.403059 2.269070
0.161998 -0.539371 2.162560
0.203293 -0.558752 2.137690
0.345146 -0.165465 2.427500
0.337914 -0.331137 2.279980
0.278846 -0.158973 2.167470
0.264077 -0.106487 2.126470
0.140379 -0.487451 2.375360
0.212370 -0.724893 2.056550
0.133399 -1.023050 2.080030
0.141358 -1.064130 1.989310
0.290435 -0.477940 2.391710
0.196147 -0.624293 2.038850
0.279035 -0.905269 2.075100
0.288257 -0.940666 1.993370
0.208098 -0.413311 2.389040
0.198313 -0.358943 2.415970
0.162374 -0.071328 2.401530
0.181878 0.116302 2.393770
0.031408 -0.171321 2.387080
0.075474 -0.403336 2.269250
0.162198 -0.539206 2.162540
0.203961 -0.557583 2.135990
0.345944 -0.164803 2.428370
0.339664 -0.325991 2.275770
0.298643 -0.168862 2.158250
0.286470 -0.121811 2.117240
0.139622 -0.487692 2.375930
0.209670 -0.723914 2.057020
0.125600 -1.018490 2.077480
0.134048 -1.056680 1.989350
0.290329 -0.478058 2.391810
0.196252 -0.624236 2.038960
0.287489 -0.901898 2.075540
0.297012 -0.937288 1.993820
0.207530 -0.413537 2.389370
0.197659 -0.359183 2.416080
0.161524 -0.072116 2.402100
0.181078 0.116503 2.394270
0.031351 -0.171636 2.387490
0.075165 -0.403652 2.269700
0.162897 -0.537692 2.162100
0.204984 -0.555319 2.133670
0.346508 -0.164363 2.429040
0.341018 -0.322255 2.272700
0.307027 -0.172827 2.154080
0.297935 -0.130475 2.112940
0.138838 -0.488015 2.376530
0.208171 -0.723759 2.057220
0.119685 -1.013770 2.074750
0.128657 -1.050120 1.988670
0.290184 -0.478281 2.391940
0.196340 -0.624182 2.039070
0.289751 -0.900871 2.076200
0.299414 -0.936252 1.994500
0.204607 -0.420897 2.391170
0.196163 -0.363736 2.417140
0.160930 -0.073384 2.403130
0.180318 0.116696 2.394740
0.031312 -0.171932 2.387860
0.074854 -0.403913 2.270150
0.163174 -0.536954 2.161960
0.205525 -0.553900 2.132140
0.311071 -0.207651 2.407130
0.354557 -0.326749 2.244620
0.304107 -0.173816 2.171350
0.282016 -0.125759 2.158940
0.137962 -0.488876 2.377270
0.207093 -0.723043 2.057350
0.115399 -1.009540 2.072650
0.122764 -1.044170 1.987910
0.286018 -0.485147 2.393770
0.196406 -0.624137 2.039170
0.292260 -0.899567 2.077120
0.300976 -0.935261 1.995160
0.202465 -0.426840 2.392440
0.194956 -0.368136 2.418040
0.160611 -0.074665 2.404170
0.179537 0.116845 2.395280
0.031308 -0.172216 2.388190
0.074617 -0.404130 2.270480
0.163449 -0.536346 2.161830
0.205997 -0.552753 2.130890
0.297096 -0.224737 2.398350
0.360647 -0.326676 2.231500
0.299753 -0.171031 2.182560
0.272750 -0.119506 2.182710
0.137209 -0.489891 2.377940
0.206358 -0.722131 2.057380
0.112409 -1.006110 2.070890
0.118604 -1.039790 1.987150
0.282790 -0.490465 2.395090
0.196461 -0.624097 2.039260
0.294486 -0.898353 2.077960
0.302240 -0.934338 1.995780
0.200932 -0.431166 2.393280
0.193976 -0.371839 2.418790
0.160520 -0.076131 2.405430
0.178838 0.116952 2.395720
0.031316 -0.172474 2.388500
0.074424 -0.404298 2.270770
0.163605 -0.535779 2.161620
0.206298 -0.551745 2.129750
0.287492 -0.235935 2.392510
0.368617 -0.290988 2.206490
0.244527 -0.176629 2.218110
0.193361 -0.139310 2.235640
0.136567 -0.490878 2.378480
0.205858 -0.721068 2.057370
0.110288 -1.003300 2.069550
0.115653 -1.036500 1.986540
0.280325 -0.494359 2.396000
0.196498 -0.624062 2.039340
0.297257 -0.896820 2.078830
0.303800 -0.933117 1.996440
0.199868 -0.434203 2.393850
0.193269 -0.374707 2.419420
0.160599 -0.077595 2.406770
0.178225 0.117065 2.396100
0.031330 -0.172709 2.388780
0.074153 -0.404384 2.271150
0.163598 -0.535182 2.161470
0.206411 -0.550855 2.128860
0.282603 -0.241446 2.389440
0.371229 -0.285480 2.199720
0.253982 -0.104804 2.223230
0.223415 -0.027610 2.229430
0.136039 -0.491800 2.378920
0.205496 -0.720034 2.057270
0.108768 -1.001060 2.068390
0.113441 -1.034020 1.985930
0.278537 -0.497050 2.396620
0.196521 -0.624033 2.039420
0.298835 -0.895912 2.079360
0.304629 -0.932376 1.996860
0.199123 -0.436337 2.394240
0.192760 -0.376854 2.419920
0.160733 -0.078807 2.407910
0.177656 0.117148 2.396470
0.031346 -0.172920 2.389030
0.073900 -0.404442 2.271510
0.166711 -0.532941 2.163410
0.208021 -0.549279 2.128920
0.279345 -0.244867 2.387270
0.372936 -0.281173 2.194930
0.257106 -0.102725 2.227660
0.231392 -0.045128 2.236090
0.135601 -0.492632 2.379280
0.205247 -0.719043 2.057150
0.107695 -0.999268 2.067480
0.111815 -1.032160 1.985420
0.277254 -0.498937 2.397050
0.196536 -0.624009 2.039480
0.300896 -0.894774 2.079750
0.305728 -0.931419 1.997180
0.198605 -0.437848 2.394510
0.192409 -0.378500 2.420370
0.161176 -0.080003 2.409280
0.177159 0.117206 2.396790
0.031370 -0.173112 2.389260
0.073659 -0.404485 2.271850
0.166614 -0.532988 2.164390
0.208191 -0.548886 2.128800
0.278059 -0.245497 2.385960
0.373380 -0.280900 2.194530
0.270428 -0.103285 2.223580
0.247950 -0.044138 2.229860
0.135254 -0.493348 2.379570
0.205099 -0.718109 2.057010
0.106965 -0.997822 2.066740
0.110625 -1.030730 1.984990
0.276333 -0.500266 2.397350
0.196540 -0.623990 2.039540
0.303113 -0.893564 2.079980
0.306994 -0.930323 1.997380
0.198236 -0.438922 2.394700
0.192163 -0.379758 2.420780
0.161801 -0.081185 2.410700
0.176728 0.117255 2.397070
0.031399 -0.173293 2.389470
0.073443 -0.404511 2.272150
0.166282 -0.532353 2.164120
0.208121 -0.548222 2.128220
0.278772 -0.243657 2.385530
0.373637 -0.279986 2.194660
0.277634 -0.103325 2.220520
0.256373 -0.044709 2.224930
0.134973 -0.493957 2.379790
0.205010 -0.717276 2.056830
0.106423 -0.996591 2.066450
0.109705 -1.029580 1.984860
0.275660 -0.501217 2.397560
0.196536 -0.623979 2.039580
0.306042 -0.892111 2.079770
0.308924 -0.928903 1.997210
0.197973 -0.439641 2.394850
0.192003 -0.380619 2.421160
0.162528 -0.082188 2.412000
0.176349 0.117293 2.397320
0.031429 -0.173453 2.389650
0.073248 -0.404525 2.272430
0.165970 -0.532127 2.164160
0.208069 -0.547869 2.127960
0.281164 -0.238800 2.385740
0.373749 -0.278589 2.195370
0.281286 -0.102887 2.218460
0.259981 -0.044843 2.221970
0.134760 -0.494444 2.379960
0.204878 -0.715493 2.056390
0.106185 -0.995422 2.066360
0.109083 -1.028600 1.984860
0.274720 -0.501220 2.398180
0.196525 -0.623971 2.039620
0.308812 -0.890875 2.079270
0.310818 -0.927640 1.996790
0.197777 -0.440166 2.394970
0.191899 -0.381258 2.421510
0.163178 -0.082971 2.413050
0.176022 0.117319 2.397540
0.031460 -0.173590 2.389820
0.072513 -0.403804 2.273470
0.164411 -0.531257 2.164400
0.207377 -0.547160 2.127850
0.283715 -0.234085 2.386170
0.373839 -0.276690 2.196410
0.283054 -0.102477 2.216790
0.260720 -0.045564 2.219340
0.134593 -0.494821 2.380090
0.204717 -0.713718 2.055960
0.106157 -0.994347 2.066420
0.108677 -1.027770 1.984920
0.273954 -0.501032 2.398680
0.187223 -0.629360 2.005060
0.310732 -0.888283 2.078300
0.312116 -0.924813 1.995840
0.197609 -0.440294 2.395170
0.191836 -0.381595 2.421980
0.163826 -0.083518 2.413980
0.175747 0.117348 2.397710
0.031484 -0.173694 2.389970
0.071977 -0.403321 2.274220
0.163079 -0.530522 2.164300
0.206704 -0.546522 2.127630
0.286160 -0.229922 2.386750
0.373753 -0.273650 2.197690
0.283890 -0.101701 2.215410
0.259955 -0.045677 2.217300
0.134464 -0.495099 2.380180
0.204509 -0.711944 2.055520
0.106326 -0.993336 2.066580
0.108466 -1.027030 1.985030
0.273002 -0.499771 2.399680
0.187711 -0.629413 2.008830
0.312682 -0.887405 2.077690
0.313528 -0.923828 1.995290
0.197485 -0.440045 2.395420
0.191818 -0.381694 2.422530
0.164480 -0.083956 2.414790
0.175499 0.117364 2.397860
0.031507 -0.173784 2.390100
0.071560 -0.402930 2.274810
0.161151 -0.530215 2.164130
0.205661 -0.546109 2.127430
0.288501 -0.225864 2.387530
0.363720 -0.224944 2.195740
0.250983 -0.082455 2.225900
0.215054 -0.035644 2.236410
0.134370 -0.495299 2.380250
0.204363 -0.710791 2.055270
0.103194 -0.989684 2.068660
0.104788 -1.023690 1.987050
0.272112 -0.497964 2.400800
0.188933 -0.628990 2.015090
0.314359 -0.886752 2.077100
0.314822 -0.923059 1.994750
0.197488 -0.439266 2.395770
0.191916 -0.381443 2.423230
0.165170 -0.084258 2.415540
0.175291 0.117369 2.398000
0.031527 -0.173859 2.390220
0.071217 -0.402596 2.275290
0.159376 -0.530015 2.163870
0.204578 -0.545768 2.127220
0.290637 -0.222280 2.388290
0.358411 -0.199498 2.194550
0.237797 -0.070831 2.228760
0.195357 -0.026328 2.243220
0.134308 -0.495426 2.380300
0.204225 -0.709746 2.055080
0.100385 -0.986464 2.070490
0.101563 -1.020750 1.988790
0.271583 -0.495914 2.401870
0.190220 -0.628375 2.021230
0.315704 -0.886284 2.076570
0.315899 -0.922482 1.994250
0.197571 -0.437898 2.396200
0.192129 -0.380827 2.424070
0.166238 -0.084517 2.416360
0.175162 0.117369 2.398080
0.031546 -0.173921 2.390340
0.069629 -0.399445 2.277620
0.154607 -0.528102 2.165170
0.201603 -0.544365 2.127920
0.292577 -0.219093 2.388840
0.356324 -0.188684 2.193880
0.232117 -0.063881 2.229300
0.187611 -0.020807 2.245260
0.134259 -0.495507 2.380330
0.204100 -0.708835 2.054920
0.098048 -0.983808 2.071990
0.098855 -1.018290 1.990230
0.271197 -0.493522 2.402900
0.191208 -0.627807 2.026120
0.316804 -0.885940 2.076080
0.316784 -0.922039 1.993800
0.197924 -0.436226 2.396720
0.192615 -0.379891 2.425060
0.167451 -0.084697 2.417130
0.175068 0.117366 2.398150
0.031564 -0.173974 2.390450
0.068387 -0.396929 2.279440
0.150804 -0.526797 2.166320
0.198781 -0.543208 2.128690
0.294313 -0.216203 2.389180
0.355019 -0.181690 2.193450
0.228749 -0.058622 2.229120
0.183220 -0.015933 2.245710
0.134259 -0.495525 2.380380
0.203976 -0.708057 2.054780
0.096291 -0.981759 2.073240
0.096785 -1.016390 1.991420
0.271280 -0.491017 2.403890
0.191956 -0.627334 2.029790
0.317790 -0.885677 2.075570
0.317587 -0.921683 1.993320
0.198366 -0.433522 2.397420
0.193223 -0.378222 2.426270
0.168541 -0.084781 2.417800
0.175006 0.117365 2.398200
0.031580 -0.174013 2.390560
0.067773 -0.395540 2.280330
0.148356 -0.526393 2.167010
0.194478 -0.544019 2.130250
0.296007 -0.213258 2.389380
0.354135 -0.176784 2.193050
0.228327 -0.053457 2.228080
0.184302 -0.009437 2.244190
0.134323 -0.495314 2.380450
0.203858 -0.707347 2.054700
0.095110 -0.980273 2.074080
0.095352 -1.015010 1.992230
0.271464 -0.487484 2.404920
0.192502 -0.626953 2.032460
0.318726 -0.885472 2.074940
0.318357 -0.921388 1.992730
0.198757 -0.429960 2.398250
0.193895 -0.375742 2.427580
0.169701 -0.084660 2.418350
0.174971 0.117367 2.398250
0.031599 -0.174041 2.390670
0.067430 -0.394804 2.280820
0.146823 -0.526254 2.167260
0.191288 -0.545685 2.131250
0.297570 -0.210597 2.389380
0.353911 -0.173653 2.192550
0.229694 -0.048810 2.225480
0.187673 -0.003417 2.239980
0.134408 -0.494631 2.380600
0.203627 -0.706601 2.054770
0.094445 -0.979378 2.074580
0.094517 -1.014190 1.992710
0.271569 -0.483287 2.406060
0.192875 -0.626641 2.034420
0.319513 -0.885316 2.074280
0.318988 -0.921153 1.992120
0.198528 -0.425609 2.398890
0.194138 -0.372687 2.428730
0.170714 -0.084471 2.418820
0.174948 0.117369 2.398300
0.031616 -0.174047 2.390790
0.067200 -0.394307 2.281150
0.145765 -0.526260 2.167300
0.189182 -0.547194 2.131720
0.299123 -0.207871 2.389470
0.354128 -0.172063 2.192100
0.233914 -0.043198 2.219590
0.195134 0.004579 2.230400
0.133887 -0.492711 2.380660
0.203386 -0.705925 2.054860
0.093998 -0.978731 2.074880
0.093949 -1.013600 1.992990
0.271215 -0.479010 2.406800
0.193135 -0.626398 2.035840
0.317599 -0.886524 2.073110
0.316933 -0.922225 1.990960
0.198289 -0.421083 2.399200
0.194380 -0.369258 2.429570
0.171983 -0.084043 2.419210
0.174932 0.117385 2.398370
0.031635 -0.174038 2.390910
0.067085 -0.393961 2.281300
0.144974 -0.526463 2.167230
0.187630 -0.548749 2.132090
0.300590 -0.205165 2.389560
0.354522 -0.171475 2.191670
0.238830 -0.037994 2.214360
0.202516 0.011579 2.222940
0.133145 -0.490079 2.380540
0.203154 -0.705336 2.054970
0.082280 -0.971005 2.078940
0.081724 -1.005890 1.996970
0.271010 -0.474554 2.407100
0.193310 -0.626226 2.036840
0.314244 -0.888307 2.071830
0.313458 -0.923855 1.989680
0.198084 -0.417177 2.399400
0.194586 -0.366130 2.430230
0.173156 -0.083596 2.419530
0.174916 0.117409 2.398470
0.031655 -0.174014 2.391030
0.067055 -0.393731 2.281340
0.144383 -0.526792 2.167140
0.186633 -0.549730 2.132390
0.301909 -0.202603 2.389560
0.355018 -0.171339 2.191240
0.245171 -0.032254 2.209060
0.211239 0.019091 2.215990
0.132430 -0.487411 2.380520
0.202939 -0.704816 2.055090
0.074067 -0.965540 2.081610
0.073145 -1.000440 1.999580
0.270885 -0.470660 2.407110
0.193434 -0.626094 2.037570
0.310974 -0.889956 2.070710
0.310048 -0.925386 1.988540
0.197909 -0.414264 2.399500
0.194728 -0.363680 2.430700
0.174224 -0.083159 2.419790
0.174916 0.117419 2.398510
0.031673 -0.173984 2.391150
0.067177 -0.393695 2.281110
0.144017 -0.527485 2.166970
0.185927 -0.550837 2.132660
0.303110 -0.200150 2.389540
0.355533 -0.171347 2.190880
0.250040 -0.027710 2.204610
0.217269 0.024574 2.210530
0.131792 -0.485136 2.380480
0.202737 -0.704360 2.055210
0.068358 -0.961749 2.083410
0.067207 -0.996666 2.001310
0.270801 -0.467824 2.407040
0.193524 -0.625990 2.038120
0.307708 -0.891531 2.069670
0.306660 -0.926862 1.987480
0.197789 -0.412047 2.399520
0.194851 -0.361699 2.431020
0.175277 -0.082640 2.420010
0.174923 0.117430 2.398570
0.031692 -0.173946 2.391280
0.067373 -0.393755 2.280750
0.143899 -0.528288 2.166880
0.185742 -0.553633 2.133890
0.304159 -0.197554 2.389600
0.356044 -0.171421 2.190650
0.253145 -0.024582 2.201090
0.220820 0.028122 2.206310
0.131281 -0.483247 2.380430
0.202517 -0.703907 2.055380
0.064412 -0.959119 2.084630
0.063129 -0.994059 2.002470
0.270769 -0.465629 2.406880
0.193588 -0.625925 2.038540
0.304712 -0.893024 2.068730
0.303582 -0.928270 1.986510
0.197726 -0.410246 2.399510
0.194960 -0.360015 2.431250
0.176120 -0.082152 2.420160
0.174939 0.117443 2.398630
0.031713 -0.173909 2.391400
0.067456 -0.393647 2.280630
0.143695 -0.528510 2.166800
0.185304 -0.554580 2.134230
0.305036 -0.195362 2.389640
0.356463 -0.171321 2.190490
0.254920 -0.022302 2.198330
0.222696 0.030560 2.203000
0.130889 -0.481668 2.380380
0.203341 -0.642438 2.062630
0.099449 -0.922705 2.079530
0.098014 -0.957728 1.997230
0.270874 -0.463738 2.406690
0.193631 -0.625896 2.038850
0.301841 -0.894488 2.067750
0.300644 -0.929664 1.985500
0.197742 -0.408646 2.399460
0.195113 -0.358490 2.431410
0.176922 -0.081676 2.420270
0.174970 0.117454 2.398670
0.031732 -0.173869 2.391520
0.062572 -0.364877 2.293070
0.129303 -0.509187 2.183920
0.169473 -0.538066 2.153280
0.305864 -0.192751 2.389730
0.356864 -0.171257 2.190380
0.256909 -0.019930 2.195310
0.224768 0.033103 2.199260
0.130595 -0.480224 2.380320
0.203713 -0.603476 2.067550
0.115636 -0.906519 2.077480
0.114181 -0.941536 1.995110
0.271096 -0.462011 2.406470
0.193656 -0.625895 2.039090
0.299444 -0.895706 2.066910
0.298202 -0.930824 1.984650
0.197741 -0.407143 2.399370
0.195208 -0.357046 2.431520
0.177555 -0.081241 2.420360
0.174975 0.117462 2.398760
0.031750 -0.173821 2.391630
0.061040 -0.355505 2.296970
0.124485 -0.502891 2.189650
0.165551 -0.534306 2.157950
0.306534 -0.190554 2.389830
0.357234 -0.171164 2.190310
0.260080 -0.016568 2.190790
0.228544 0.037064 2.193070
0.130339 -0.478778 2.380270
0.211666 -0.602148 2.062570
0.168471 -0.914868 2.003330
0.167095 -0.949865 1.920880
0.271293 -0.460460 2.406180
0.193656 -0.625921 2.039270
0.297567 -0.896653 2.066240
0.296301 -0.931724 1.983960
0.197796 -0.405764 2.399280
0.195311 -0.355716 2.431610
0.178041 -0.080848 2.420420
0.174982 0.117469 2.398860
0.031769 -0.173752 2.391750
0.060154 -0.350263 2.299150
0.121762 -0.499345 2.193020
0.162638 -0.530988 2.162170
0.307134 -0.188267 2.389970
0.357621 -0.170972 2.190290
0.266038 -0.011808 2.187520
0.244468 0.048528 2.185910
0.130212 -0.477481 2.380230
0.211160 -0.592328 2.064230
0.167664 -0.904953 2.016730
0.166310 -0.939934 1.934270
0.271583 -0.458905 2.405910
0.193642 -0.625968 2.039410
0.295963 -0.897430 2.065630
0.294675 -0.932466 1.983330
0.197913 -0.404512 2.399180
0.195434 -0.354489 2.431660
0.178441 -0.080422 2.420480
0.174969 0.117499 2.399010
0.031789 -0.173674 2.391870
0.059562 -0.346864 2.300580
0.119985 -0.497034 2.195240
0.160724 -0.528907 2.164880
0.307586 -0.186043 2.390230
0.358021 -0.170702 2.190310
0.273867 -0.005581 2.182970
0.252479 0.054575 2.180960
0.130177 -0.476267 2.380180
0.218370 -0.592827 2.060340
0.184465 -0.905419 1.986620
0.183237 -0.940374 1.904150
0.272008 -0.457406 2.405610
0.193599 -0.626061 2.039510
0.294569 -0.898105 2.065040
0.293292 -0.933105 1.982730
0.197995 -0.403496 2.399100
0.195515 -0.353480 2.431720
0.178759 -0.080046 2.420520
0.175016 0.117406 2.399030
0.031811 -0.173584 2.391990
0.059126 -0.345036 2.301420
0.119011 -0.495665 2.196570
0.159644 -0.527685 2.166520
0.307911 -0.184360 2.390440
0.358489 -0.170288 2.190340
0.277624 -0.002518 2.181650
0.257806 0.058599 2.179840
0.130154 -0.475257 2.380160
0.216652 -0.591943 2.061980
0.165039 -0.900196 2.021130
0.163941 -0.935120 1.938700
0.272292 -0.456208 2.405360
0.193547 -0.626181 2.039580
0.293229 -0.898738 2.064460
0.291973 -0.933708 1.982150
0.198080 -0.402631 2.399020
0.195586 -0.352623 2.431760
0.179005 -0.079687 2.420570
0.175048 0.117324 2.399060
0.031832 -0.173481 2.392110
0.058813 -0.344171 2.301820
0.119611 -0.495428 2.198150
0.159009 -0.527215 2.167670
0.308159 -0.183097 2.390600
0.358923 -0.169896 2.190360
0.284219 0.000962 2.193630
0.264432 0.060524 2.203050
0.130155 -0.474401 2.380120
0.242334 -0.670498 2.059360
0.199626 -0.947224 1.986130
0.198586 -0.982099 1.903740
0.272568 -0.455200 2.405140
0.193472 -0.626351 2.039630
0.292133 -0.899268 2.063960
0.290893 -0.934211 1.981650
0.198155 -0.401950 2.398950
0.195645 -0.351944 2.431800
0.179189 -0.079370 2.420610
0.175081 0.117235 2.399080
0.031853 -0.173381 2.392230
0.058647 -0.344306 2.301770
0.120633 -0.495803 2.199240
0.158460 -0.527015 2.168340
0.308316 -0.182010 2.390730
0.359341 -0.169492 2.190370
0.287014 0.002570 2.197960
0.267058 0.061094 2.214520
0.130170 -0.473714 2.380090
0.249839 -0.692958 2.060130
0.213429 -0.968202 1.972380
0.212369 -1.003030 1.890040
0.272800 -0.454406 2.404950
0.193388 -0.626537 2.039670
0.291249 -0.899693 2.063540
0.290017 -0.934616 1.981230
0.198219 -0.401415 2.398890
0.195694 -0.351407 2.431840
0.179328 -0.079093 2.420650
0.175105 0.117167 2.399110
0.031872 -0.173286 2.392330
0.058618 -0.345224 2.301430
0.121649 -0.496493 2.199730
0.158178 -0.527934 2.168080
0.308426 -0.181187 2.390800
0.359702 -0.169114 2.190370
0.286784 0.009813 2.204920
0.260015 0.079764 2.230960
0.130188 -0.473157 2.380070
0.255895 -0.714003 2.060580
0.220640 -0.978940 1.965250
0.219552 -1.013740 1.882920
0.272991 -0.453791 2.404800
0.193294 -0.626734 2.039690
0.290503 -0.900042 2.063200
0.289271 -0.934951 1.980890
0.198287 -0.401026 2.398840
0.195747 -0.351000 2.431870
0.179444 -0.078830 2.420680
0.175109 0.117129 2.399170
0.031890 -0.173195 2.392430
0.058663 -0.346499 2.300940
0.122579 -0.497253 2.199750
0.158253 -0.528957 2.167560
0.308495 -0.180604 2.390840
0.359978 -0.168810 2.190380
0.278881 0.032244 2.217080
0.241419 0.120790 2.247900
0.130235 -0.472754 2.380060
0.259026 -0.723914 2.060590
0.225127 -0.985606 1.960800
0.224015 -1.020400 1.878490
0.273155 -0.453337 2.404690
0.193214 -0.626891 2.039700
0.289877 -0.900306 2.062920
0.288633 -0.935206 1.980610
0.198315 -0.400773 2.398810
0.195769 -0.350718 2.431900
0.179528 -0.078597 2.420710
0.175116 0.117098 2.399210
0.031905 -0.173121 2.392510
0.058730 -0.347369 2.300680
0.123010 -0.497704 2.199650
0.158287 -0.529493 2.167180
0.308551 -0.180222 2.390860
0.360150 -0.168631 2.190400
0.274099 0.044878 2.223870
0.233284 0.138069 2.254510
0.130250 -0.472481 2.380060
0.261051 -0.730769 2.060600
0.228270 -0.990128 1.957740
0.227136 -1.024920 1.875440
0.273233 -0.453061 2.404620
0.193145 -0.627018 2.039700
0.289381 -0.900500 2.062730
0.288125 -0.935394 1.980410
0.198338 -0.400578 2.398790
0.195788 -0.350494 2.431930
0.179585 -0.078381 2.420730
0.175135 0.117082 2.399280
0.031923 -0.173033 2.392610
0.058722 -0.347960 2.300540
0.123229 -0.497988 2.199580
0.158270 -0.529674 2.167120
0.308587 -0.179961 2.390870
0.360271 -0.168513 2.190410
0.271071 0.052490 2.227940
0.229581 0.146337 2.258080
0.130268 -0.472262 2.380060
0.262041 -0.735000 2.060540
0.230147 -0.993278 1.955690
0.228958 -1.028070 1.873410
0.273295 -0.452849 2.404560
0.193080 -0.627140 2.039690
0.288970 -0.900653 2.062570
0.287693 -0.935542 1.980250
0.198355 -0.400431 2.398770
0.195801 -0.350323 2.431950
0.179628 -0.078206 2.420740
0.175154 0.117073 2.399340
0.031939 -0.172950 2.392700
0.058719 -0.348479 2.300420
0.123369 -0.498238 2.199430
0.158342 -0.529872 2.166970
0.308558 -0.179955 2.390830
0.360376 -0.168660 2.190430
0.269379 0.056857 2.230380
0.227210 0.150622 2.259220
0.130284 -0.472092 2.380070
0.260732 -0.734311 2.060350
0.230799 -0.995074 1.954660
0.229544 -1.029850 1.872390
0.273342 -0.452692 2.404510
0.193029 -0.627228 2.039690
0.292890 -0.898834 2.062800
0.291528 -0.933730 1.980480
0.199298 -0.400269 2.398690
0.196292 -0.350167 2.432000
0.179667 -0.078113 2.420760
0.175167 0.117069 2.399420
0.031954 -0.172876 2.392780
0.061070 -0.357795 2.296650
0.124497 -0.505868 2.192750
0.161342 -0.534819 2.161740
0.308466 -0.180086 2.390780
0.360427 -0.172626 2.190490
0.268222 0.059116 2.231840
0.228175 0.144319 2.254130
0.131202 -0.471900 2.379970
0.222755 -0.714933 2.055600
0.202468 -0.991633 1.953780
0.201037 -1.026400 1.871520
0.276510 -0.452180 2.404390
0.192986 -0.627299 2.039690
0.297449 -0.896585 2.062760
0.296054 -0.931467 1.980460
0.199884 -0.401063 2.398590
0.196631 -0.350665 2.432070
0.179700 -0.078123 2.420790
0.175151 0.117079 2.399550
0.031968 -0.172817 2.392850
0.062459 -0.363862 2.294280
0.125313 -0.510701 2.188470
0.163639 -0.538237 2.158330
0.308092 -0.180477 2.390880
0.359916 -0.177110 2.191010
0.240797 0.018580 2.195930
0.195071 0.078375 2.193590
0.131938 -0.472195 2.379880
0.202651 -0.703954 2.053230
0.185185 -0.989678 1.953630
0.184016 -1.024480 1.871360
0.277149 -0.453454 2.404270
0.192958 -0.627348 2.039680
0.302289 -0.894329 2.063440
0.301037 -0.929161 1.981160
0.200654 -0.403457 2.398490
0.197048 -0.352390 2.432190
0.179602 -0.078403 2.420830
0.175024 0.117106 2.399760
0.031981 -0.172773 2.392920
0.064535 -0.374376 2.289380
0.128664 -0.518809 2.181440
0.168501 -0.546088 2.151530
0.305667 -0.188635 2.390850
0.363853 -0.235895 2.201240
0.230064 -0.088291 2.167840
0.188167 -0.056810 2.155940
0.133100 -0.473629 2.379730
0.193873 -0.699241 2.052190
0.174251 -0.988761 1.953700
0.173301 -1.023590 1.871430
0.277638 -0.456411 2.404280
0.192938 -0.627418 2.039650
0.306637 -0.892457 2.064130
0.305558 -0.927250 1.981870
0.200721 -0.411870 2.397240
0.196674 -0.358149 2.431550
0.179011 -0.079016 2.420610
0.174832 0.117146 2.400030
0.031990 -0.172743 2.392980
0.065097 -0.378937 2.287490
0.130299 -0.522042 2.178610
0.170268 -0.548676 2.149470
0.302523 -0.195198 2.391620
0.365749 -0.276482 2.211630
0.250293 -0.098328 2.159830
0.225708 -0.029839 2.142940
0.134146 -0.476288 2.379530
0.188679 -0.696624 2.051560
0.167165 -0.988342 1.953840
0.166563 -1.023200 1.871560
0.276192 -0.469723 2.401760
0.192924 -0.627495 2.039620
0.308078 -0.891779 2.065160
0.307135 -0.926565 1.982920
0.200747 -0.420252 2.395850
0.196205 -0.364313 2.430560
0.177767 -0.079794 2.419830
0.174560 0.117141 2.400260
0.031997 -0.172727 2.393030
0.065449 -0.381740 2.286330
0.132261 -0.524745 2.177810
0.171870 -0.551101 2.148580
0.300811 -0.198278 2.391970
0.366449 -0.297839 2.218880
0.249923 -0.116859 2.153530
0.215689 -0.062534 2.131710
0.135331 -0.480362 2.379350
0.185214 -0.694750 2.051140
0.162408 -0.988191 1.953990
0.162024 -1.023080 1.871690
0.275214 -0.479221 2.399820
0.192917 -0.627559 2.039590
0.309608 -0.891012 2.066350
0.308834 -0.925802 1.984170
0.200346 -0.428053 2.394330
0.195380 -0.370449 2.429110
0.175118 -0.080692 2.417860
0.174259 0.117082 2.400470
0.031996 -0.172730 2.393060
0.065454 -0.384865 2.285640
0.135446 -0.526167 2.176470
0.174492 -0.553846 2.147550
0.298905 -0.200666 2.392160
0.354248 -0.294726 2.214000
0.249901 -0.128202 2.147740
0.217514 -0.066271 2.130050
0.136123 -0.485422 2.379100
0.183743 -0.693528 2.051000
0.159103 -0.988176 1.954120
0.158817 -1.023090 1.871840
0.274288 -0.486308 2.398130
0.192912 -0.627571 2.039560
0.310517 -0.890198 2.067740
0.309854 -0.925028 1.985600
0.200301 -0.430492 2.393650
0.194422 -0.372604 2.427920
0.171707 -0.080725 2.414660
0.173996 0.116984 2.400650
0.031975 -0.172764 2.393070
0.065841 -0.388494 2.284100
0.139779 -0.528522 2.174940
0.178432 -0.558371 2.146290
0.328640 -0.179602 2.419940
0.344181 -0.346195 2.267510
0.256230 -0.149795 2.157510
0.215073 -0.121139 2.136860
0.136467 -0.488562 2.378890
0.184070 -0.692979 2.051080
0.156766 -0.988146 1.954210
0.157114 -1.023140 1.872120
0.274432 -0.489472 2.397160
0.192935 -0.627519 2.039480
0.311056 -0.889497 2.068880
0.311415 -0.924272 1.987060
0.200239 -0.431869 2.392900
0.193589 -0.373780 2.426670
0.169031 -0.080435 2.411740
0.173779 0.116873 2.400780
0.031926 -0.172820 2.393070
0.066049 -0.390639 2.283200
0.142712 -0.529662 2.173910
0.180192 -0.560332 2.145630
0.343541 -0.169968 2.432060
0.338355 -0.373313 2.299350
0.257178 -0.160198 2.160600
0.215146 -0.134178 2.140260
0.136546 -0.490680 2.378670
0.185543 -0.692938 2.051270
0.155079 -0.988128 1.954310
0.156247 -1.023210 1.872460
0.274810 -0.491582 2.396300
0.193006 -0.627401 2.039320
0.308915 -0.889589 2.070180
0.311184 -0.924254 1.988130
0.200160 -0.432231 2.392110
0.192834 -0.374204 2.425380
0.167136 -0.079981 2.409440
0.173634 0.116783 2.400840
0.031849 -0.172891 2.393020
0.066278 -0.392579 2.282380
0.145559 -0.530462 2.172850
0.181809 -0.561936 2.145030
0.349708 -0.166118 2.436970
0.335950 -0.384353 2.310650
0.252895 -0.168848 2.165370
0.255694 -0.142492 2.153300
0.136500 -0.492169 2.378450
0.187526 -0.693201 2.051480
0.153907 -0.988124 1.954430
0.156048 -1.023290 1.872830
0.275348 -0.492857 2.395540
0.193191 -0.627132 2.039130
0.297362 -0.892465 2.071900
0.303407 -0.926829 1.989810
0.200064 -0.431780 2.391370
0.192192 -0.374099 2.424130
0.165906 -0.079618 2.407820
0.173519 0.116669 2.400850
0.031749 -0.172958 2.392960
0.065960 -0.392177 2.282520
0.146278 -0.529825 2.174050
0.182296 -0.562808 2.145700
0.353556 -0.163911 2.440020
0.334259 -0.392359 2.318460
0.248503 -0.176689 2.171050
0.234677 -0.130567 2.150290
0.136355 -0.493228 2.378250
0.188520 -0.693271 2.051590
0.153151 -0.988121 1.954600
0.156273 -1.023360 1.873220
0.275988 -0.493464 2.394880
0.193376 -0.626861 2.038950
0.288677 -0.894644 2.073100
0.296840 -0.928974 1.991050
0.199961 -0.430910 2.390720
0.191736 -0.373693 2.423000
0.165149 -0.079372 2.406640
0.173415 0.116509 2.400790
0.031641 -0.173022 2.392880
0.066409 -0.393174 2.281780
0.147624 -0.530599 2.173830
0.183481 -0.564037 2.145100
0.354783 -0.164376 2.438530
0.333037 -0.398196 2.324220
0.242775 -0.184540 2.177400
0.265471 -0.149832 2.163570
0.136112 -0.494004 2.378040
0.190374 -0.693687 2.051800
0.152734 -0.988125 1.954780
0.156594 -1.023410 1.873550
0.276635 -0.493593 2.394300
0.193543 -0.626615 2.038780
0.282508 -0.896200 2.073930
0.291368 -0.930689 1.991960
0.199875 -0.429758 2.390180
0.191403 -0.373059 2.421960
0.164700 -0.079180 2.405770
0.173362 0.116301 2.400590
0.031532 -0.173061 2.392790
0.067245 -0.394672 2.280540
0.149215 -0.531880 2.173250
0.185120 -0.565469 2.143920
0.354061 -0.165730 2.435400
0.332363 -0.401196 2.327950
0.239986 -0.189328 2.180210
0.272846 -0.152992 2.169390
0.135838 -0.494528 2.377830
0.192066 -0.694117 2.051960
0.152603 -0.988119 1.954980
0.157139 -1.023450 1.873850
0.277263 -0.493350 2.393830
0.193722 -0.626381 2.038630
0.278331 -0.897266 2.074490
0.287497 -0.931915 1.992590
0.199837 -0.428451 2.389770
0.191226 -0.372284 2.421060
0.164549 -0.079039 2.405090
0.173335 0.116074 2.400320
0.031418 -0.173083 2.392670
0.067947 -0.395832 2.279490
0.150430 -0.532924 2.172790
0.186604 -0.566301 2.142880
0.352038 -0.167462 2.431130
0.332382 -0.401470 2.330570
0.237841 -0.192903 2.182400
0.280484 -0.157544 2.177180
0.135555 -0.494843 2.377630
0.193494 -0.694511 2.052080
0.152680 -0.988098 1.955180
0.157747 -1.023460 1.874110
0.277859 -0.492839 2.393460
0.193851 -0.626222 2.038540
0.275407 -0.898014 2.074850
0.284618 -0.932814 1.992990
0.199835 -0.427203 2.389460
0.191184 -0.371482 2.420300
0.164774 -0.078946 2.404540
0.173481 0.115683 2.399780
0.031298 -0.173074 2.392510
0.062766 -0.374574 2.287650
0.139931 -0.517226 2.184960
0.176708 -0.549958 2.154120
0.349240 -0.169503 2.426170
0.332972 -0.400164 2.332180
0.236166 -0.195545 2.184200
0.232642 -0.143371 2.159530
0.135278 -0.495014 2.377450
0.194343 -0.694774 2.052140
0.152907 -0.988080 1.955350
0.158350 -1.023460 1.874300
0.278391 -0.492202 2.393170
0.194019 -0.626018 2.038440
0.273173 -0.898583 2.075110
0.282224 -0.933532 1.993260
0.199926 -0.425841 2.389230
0.191285 -0.370563 2.419610
0.165260 -0.078895 2.404100
0.173679 0.115312 2.399060
0.031181 -0.173048 2.392340
0.060293 -0.364247 2.291650
0.134617 -0.509490 2.191000
0.171811 -0.541073 2.159580
0.347101 -0.170895 2.422660
0.333769 -0.397904 2.332770
0.234654 -0.197475 2.185600
0.253471 -0.154000 2.179500
0.135033 -0.495010 2.377270
0.195020 -0.695009 2.052190
0.153215 -0.988058 1.955530
0.158947 -1.023460 1.874480
0.278911 -0.491402 2.392960
0.194169 -0.625839 2.038360
0.271696 -0.898960 2.075260
0.280652 -0.934013 1.993410
0.200026 -0.424622 2.389060
0.191454 -0.369662 2.419010
0.165950 -0.078834 2.403720
0.173947 0.114981 2.398360
0.031070 -0.173008 2.392160
0.060896 -0.364258 2.290270
0.134773 -0.510325 2.191000
0.172159 -0.541789 2.159460
0.345284 -0.171931 2.419810
0.334497 -0.395586 2.332790
0.233359 -0.198782 2.186780
0.260088 -0.157018 2.186200
0.134793 -0.494890 2.377110
0.195577 -0.695228 2.052230
0.153588 -0.988026 1.955690
0.159509 -1.023450 1.874620
0.279352 -0.490586 2.392780
0.194297 -0.625690 2.038280
0.270573 -0.899248 2.075370
0.279374 -0.934395 1.993510
0.200139 -0.423513 2.388940
0.191655 -0.368798 2.418490
0.166691 -0.078778 2.403430
0.174278 0.114654 2.397640
0.030980 -0.172947 2.391950
0.060429 -0.362026 2.290970
0.133612 -0.508701 2.192260
0.138061 -0.561067 2.158680
0.344052 -0.172583 2.417970
0.335095 -0.393611 2.332500
0.232573 -0.199389 2.187880
0.266239 -0.158713 2.190180
0.134566 -0.494654 2.376950
0.196196 -0.695518 2.052270
0.154005 -0.987971 1.955840
0.160085 -1.023420 1.874740
0.279726 -0.489791 2.392640
0.194427 -0.625547 2.038230
0.269702 -0.899472 2.075440
0.278349 -0.934699 1.993560
0.200252 -0.422548 2.388850
0.191881 -0.367985 2.418010
0.167435 -0.078720 2.403130
0.174574 0.114378 2.396930
0.030900 -0.172885 2.391750
0.060120 -0.360505 2.291430
0.132817 -0.507629 2.193140
0.140499 -0.557692 2.160020
0.343128 -0.173053 2.416570
0.335578 -0.391806 2.332020
0.231913 -0.199609 2.188800
0.269075 -0.159122 2.192600
0.134363 -0.494356 2.376830
0.196594 -0.695680 2.052290
0.154457 -0.987876 1.955980
0.160636 -1.023340 1.874840
0.280046 -0.489039 2.392520
0.194540 -0.625424 2.038190
0.269041 -0.899642 2.075490
0.277526 -0.934939 1.993590
0.200359 -0.421732 2.388780
0.192117 -0.367244 2.417570
0.168182 -0.078653 2.402830
0.174838 0.114121 2.396180
0.030830 -0.172820 2.391550
0.060304 -0.362425 2.290720
0.133519 -0.508709 2.191920
0.150605 -0.556823 2.157990
0.342449 -0.173386 2.415570
0.335938 -0.390246 2.331470
0.231346 -0.199459 2.189620
0.270949 -0.159078 2.194640
0.134182 -0.494033 2.376730
0.197026 -0.695870 2.052300
0.154913 -0.987767 1.956100
0.161154 -1.023260 1.874920
0.280316 -0.488357 2.392400
0.194634 -0.625323 2.038160
0.268579 -0.899760 2.075530
0.276973 -0.935100 1.993610
0.200464 -0.421044 2.388730
0.192351 -0.366581 2.417160
0.168855 -0.078589 2.402550
0.175106 0.113884 2.395470
0.030766 -0.172749 2.391360
0.060187 -0.362047 2.290860
0.133242 -0.508378 2.192100
0.155630 -0.552893 2.158810
0.341953 -0.173627 2.414850
0.336194 -0.389003 2.330930
0.230767 -0.199034 2.190460
0.272203 -0.159038 2.195970
0.134025 -0.493691 2.376650
0.197322 -0.696003 2.052340
0.155370 -0.987679 1.956270
0.161644 -1.023190 1.875050
0.280558 -0.487758 2.392290
0.194718 -0.625235 2.038130
0.268232 -0.899847 2.075550
0.276543 -0.935222 1.993620
0.200556 -0.420476 2.388680
0.192569 -0.365999 2.416780
0.169450 -0.078538 2.402260
0.175341 0.113699 2.394830
0.030711 -0.172679 2.391160
0.061530 -0.367373 2.289100
0.135395 -0.512075 2.188680
0.164640 -0.553275 2.155620
0.341598 -0.173797 2.414340
0.336334 -0.388141 2.330470
0.230215 -0.198538 2.191260
0.273068 -0.159001 2.196850
0.133887 -0.493360 2.376580
0.197602 -0.696152 2.052350
0.155866 -0.987578 1.956380
0.162164 -1.023120 1.875120
0.280760 -0.487244 2.392190
0.194789 -0.625160 2.038110
0.267972 -0.899911 2.075560
0.276213 -0.935313 1.993620
0.200633 -0.420020 2.388650
0.192770 -0.365502 2.416420
0.169964 -0.078500 2.401990
0.175563 0.113541 2.394190
0.030664 -0.172613 2.390980
0.062654 -0.371831 2.287610
0.137143 -0.515288 2.185790
0.171245 -0.553296 2.153240
0.341299 -0.173925 2.413920
0.336429 -0.387487 2.330080
0.229739 -0.198042 2.191940
0.273554 -0.158719 2.197380
0.133766 -0.493055 2.376530
0.197859 -0.696303 2.052360
0.156361 -0.987477 1.956480
0.162648 -1.023040 1.875180
0.280922 -0.486817 2.392110
0.194847 -0.625100 2.038100
0.267777 -0.899958 2.075570
0.275944 -0.935381 1.993610
0.200700 -0.419637 2.388620
0.192951 -0.365070 2.416090
0.170390 -0.078471 2.401750
0.175773 0.113401 2.393580
0.030622 -0.172553 2.390810
0.066507 -0.384330 2.282070
0.143332 -0.524918 2.177600
0.181648 -0.557931 2.146600
0.341076 -0.174019 2.413620
0.336487 -0.387012 2.329770
0.229413 -0.197785 2.192380
0.273009 -0.157585 2.197650
0.133659 -0.492763 2.376500
0.198100 -0.696453 2.052370
0.156851 -0.987377 1.956580
0.163117 -1.022970 1.875240
0.281056 -0.486448 2.392030
0.194895 -0.625048 2.038080
0.267634 -0.899989 2.075580
0.275744 -0.935428 1.993610
0.200756 -0.419328 2.388600
0.193118 -0.364691 2.415760
0.170743 -0.078402 2.401520
0.175976 0.113288 2.393010
0.030586 -0.172497 2.390660
0.068858 -0.392674 2.278590
0.147664 -0.530897 2.172070
0.188514 -0.560873 2.141910
0.340899 -0.174090 2.413380
0.336517 -0.386653 2.329500
0.229136 -0.197551 2.192730
0.271381 -0.155701 2.197650
0.133568 -0.492498 2.376470
0.198313 -0.696606 2.052350
0.157305 -0.987269 1.956630
0.163539 -1.022890 1.875260
0.281165 -0.486140 2.391950
0.194934 -0.625010 2.038060
0.267526 -0.900012 2.075580
0.275576 -0.935464 1.993600
0.200815 -0.419066 2.388570
0.193282 -0.364352 2.415430
0.171032 -0.078329 2.401300
0.176171 0.113186 2.392490
0.030556 -0.172448 2.390510
0.070219 -0.397601 2.276550
0.150322 -0.534407 2.168860
0.192438 -0.562821 2.139040
0.340748 -0.174149 2.413200
0.336524 -0.386364 2.329300
0.228875 -0.197296 2.193060
0.269946 -0.154125 2.197400
0.133515 -0.492239 2.376440
0.198504 -0.696748 2.052320
0.157726 -0.987160 1.956660
0.163923 -1.022800 1.875270
0.281265 -0.485867 2.391870
0.194967 -0.624980 2.038040
0.267455 -0.900023 2.075570
0.275455 -0.935487 1.993590
0.200867 -0.418847 2.388550
0.193434 -0.364051 2.415110
0.171275 -0.078238 2.401090
0.176374 0.113098 2.392050
0.030530 -0.172400 2.390380
0.070939 -0.400271 2.275470
0.151863 -0.536237 2.167010
0.194765 -0.563821 2.137480
0.340625 -0.174198 2.413050
0.336514 -0.386147 2.329140
0.228634 -0.197069 2.193340
0.267844 -0.152252 2.197340
0.133476 -0.491999 2.376420
0.198665 -0.696878 2.052300
0.158093 -0.987059 1.956690
0.164253 -1.022720 1.875280
0.281348 -0.485637 2.391810
0.194992 -0.624956 2.038020
0.267433 -0.900014 2.075540
0.275372 -0.935500 1.993580
0.200912 -0.418663 2.388520
0.193569 -0.363778 2.414780
0.171478 -0.078133 2.400860
0.176597 0.113027 2.391670
0.030508 -0.172348 2.390250
0.071437 -0.402103 2.274730
0.152881 -0.537465 2.165770
0.196396 -0.564443 2.136420
0.340534 -0.174238 2.412950
0.336488 -0.385993 2.329020
0.228222 -0.196609 2.193890
0.266585 -0.151102 2.197250
0.133442 -0.491774 2.376410
0.198806 -0.697004 2.052280
0.158418 -0.986967 1.956730
0.164553 -1.022650 1.875290
0.281417 -0.485442 2.391750
0.195019 -0.624937 2.038000
0.267440 -0.899994 2.075510
0.275314 -0.935505 1.993560
0.200955 -0.418503 2.388500
0.193706 -0.363519 2.414440
0.171690 -0.077994 2.400600
0.176795 0.112975 2.391350
0.030490 -0.172299 2.390130
0.071687 -0.403173 2.274320
0.153508 -0.538151 2.165020
0.197374 -0.564707 2.135780
0.340432 -0.174290 2.412850
0.336478 -0.385877 2.328940
0.227864 -0.196224 2.194400
0.265220 -0.149985 2.197220
0.133418 -0.491553 2.376390
0.198936 -0.697124 2.052270
0.158721 -0.986876 1.956750
0.164818 -1.022580 1.875300
0.281475 -0.485272 2.391700
0.195042 -0.624921 2.037970
0.267470 -0.899961 2.075470
0.275272 -0.935503 1.993550
0.200994 -0.418361 2.388480
0.193835 -0.363277 2.414100
0.171878 -0.077847 2.400340
0.176987 0.112926 2.391080
0.030480 -0.172250 2.390010
0.071595 -0.403213 2.274320
0.153700 -0.538056 2.164890
0.197503 -0.564612 2.135700
0.340347 -0.174336 2.412780
0.336269 -0.385496 2.328740
0.228435 -0.192435 2.196890
0.262525 -0.145420 2.198790
0.133404 -0.491337 2.376370
0.199052 -0.697232 2.052250
0.158995 -0.986783 1.956780
0.165062 -1.022510 1.875310
0.281523 -0.485122 2.391650
0.195066 -0.624900 2.037950
0.267480 -0.899933 2.075450
0.275230 -0.935496 1.993530
0.201037 -0.418223 2.388460
0.193959 -0.363047 2.413750
0.172034 -0.077713 2.400090
0.177186 0.112863 2.390830
0.030470 -0.172202 2.389900
0.062625 -0.373521 2.289340
0.137725 -0.515660 2.185100
0.145908 -0.567491 2.150860
0.340273 -0.174378 2.412730
0.336058 -0.385234 2.328570
0.228319 -0.190594 2.198230
0.259894 -0.141527 2.200190
0.133403 -0.491113 2.376350
0.199168 -0.697339 2.052260
0.159254 -0.986709 1.956830
0.165294 -1.022460 1.875350
0.281568 -0.484986 2.391610
0.195087 -0.624880 2.037940
0.267487 -0.899903 2.075420
0.275191 -0.935483 1.993520
0.201089 -0.418080 2.388430
0.194107 -0.362805 2.413390
0.172282 -0.077517 2.399830
0.177371 0.112811 2.390640
0.030463 -0.172153 2.389800
0.061748 -0.370612 2.290870
0.136022 -0.513958 2.187510
0.124825 -0.584100 2.149760
0.340205 -0.174408 2.412680
0.335859 -0.384993 2.328410
0.228258 -0.189552 2.198990
0.258537 -0.139238 2.201000
0.133418 -0.490882 2.376330
0.199297 -0.697500 2.052280
0.159500 -0.986668 1.956900
0.165515 -1.022430 1.875410
0.281612 -0.484850 2.391570
0.195106 -0.624863 2.037930
0.267517 -0.899858 2.075390
0.275167 -0.935464 1.993500
0.201142 -0.417945 2.388400
0.194247 -0.362579 2.413040
0.172503 -0.077315 2.399590
0.177596 0.112785 2.390490
0.030460 -0.172102 2.389710
0.061753 -0.370405 2.290950
0.135515 -0.514623 2.188310
0.115808 -0.591547 2.149160
0.340144 -0.174434 2.412650
0.335724 -0.384835 2.328330
0.228090 -0.188667 2.199770
0.257825 -0.138064 2.201520
0.133439 -0.490660 2.376310
0.199440 -0.697667 2.052300
0.159761 -0.986616 1.956960
0.165753 -1.022390 1.875450
0.281652 -0.484722 2.391540
0.195122 -0.624848 2.037910
0.267563 -0.899801 2.075350
0.275153 -0.935437 1.993480
0.201191 -0.417823 2.388380
0.194373 -0.362375 2.412710
0.172687 -0.077122 2.399380
0.177812 0.112767 2.390370
0.030461 -0.172053 2.389610
0.062328 -0.371923 2.290100
0.136022 -0.516506 2.187930
0.148953 -0.574202 2.148550
0.340087 -0.174460 2.412630
0.335619 -0.384722 2.328270
0.227974 -0.188147 2.200230
0.257328 -0.137311 2.202000
0.133462 -0.490455 2.376280
0.199576 -0.697829 2.052310
0.160005 -0.986565 1.957010
0.165983 -1.022360 1.875490
0.281686 -0.484608 2.391510
0.195136 -0.624834 2.037900
0.267627 -0.899732 2.075310
0.275152 -0.935401 1.993460
0.201237 -0.417712 2.388350
0.194486 -0.362192 2.412390
0.172850 -0.076943 2.399190
0.177999 0.112782 2.390250
0.030471 -0.172004 2.389510
0.065325 -0.380852 2.285000
0.140977 -0.524327 2.182900
0.176971 -0.567289 2.143880
0.340034 -0.174487 2.412610
0.335543 -0.384637 2.328240
0.227768 -0.187768 2.200670
0.257043 -0.136931 2.202410
0.133485 -0.490265 2.376260
0.199776 -0.698068 2.052320
0.160231 -0.986509 1.957050
0.166205 -1.022310 1.875530
0.281717 -0.484505 2.391480
0.195148 -0.624822 2.037890
0.267711 -0.899645 2.075250
0.275168 -0.935350 1.993430
0.201283 -0.417611 2.388330
0.194600 -0.362028 2.412100
0.173043 -0.076750 2.399020
0.178179 0.112787 2.390170
0.030481 -0.171961 2.389410
0.067755 -0.388319 2.280800
0.145407 -0.530576 2.178520
0.189029 -0.565170 2.141490
0.339972 -0.174535 2.412590
0.335484 -0.384578 2.328210
0.227368 -0.187625 2.201090
0.256718 -0.136842 2.202610
0.133509 -0.490093 2.376240
0.199879 -0.698202 2.052300
0.160419 -0.986437 1.957060
0.166385 -1.022250 1.875540
0.281746 -0.484413 2.391450
0.195165 -0.624805 2.037890
0.267797 -0.899553 2.075190
0.275184 -0.935293 1.993390
0.201327 -0.417523 2.388310
0.194707 -0.361889 2.411830
0.173210 -0.076591 2.398880
0.178339 0.112792 2.390110
0.030494 -0.171922 2.389320
0.068175 -0.390152 2.280090
0.146348 -0.531973 2.177560
0.194479 -0.561315 2.141330
0.339905 -0.174586 2.412560
0.335443 -0.384538 2.328200
0.226893 -0.187642 2.201460
0.256545 -0.137186 2.202710
0.133535 -0.489942 2.376230
0.199956 -0.698307 2.052280
0.160576 -0.986356 1.957070
0.166532 -1.022180 1.875540
0.281772 -0.484331 2.391420
0.195181 -0.624788 2.037880
0.267913 -0.899443 2.075100
0.275219 -0.935220 1.993330
0.201379 -0.417433 2.388290
0.194812 -0.361758 2.411580
0.173358 -0.076446 2.398760
0.178519 0.112817 2.390090
0.030511 -0.171883 2.389230
0.068456 -0.391462 2.279630
0.147009 -0.532902 2.176810
0.163290 -0.580344 2.139470
0.339853 -0.174616 2.412550
0.335408 -0.384515 2.328190
0.226508 -0.187695 2.201810
0.256733 -0.137927 2.202870
0.133577 -0.489787 2.376220
0.200015 -0.698387 2.052260
0.160719 -0.986258 1.957060
0.166671 -1.022090 1.875530
0.281805 -0.484245 2.391400
0.195215 -0.624750 2.037900
0.267962 -0.899366 2.075050
0.275217 -0.935164 1.993290
