0.205302 -0.362964 2.354140
0.201762 -0.334427 2.413130
0.200679 -0.070901 2.511960
0.218700 0.125461 2.493730
0.064046 -0.166996 2.482990
0.040720 -0.375682 2.443730
0.064970 -0.507600 2.324400
0.062895 -0.563401 2.334560
0.361638 -0.160153 2.507700
0.404665 -0.368477 2.466350
0.280111 -0.356692 2.257790
0.189268 -0.393178 2.131410
0.142507 -0.418417 2.315150
0.135155 -0.704322 2.120010
0.152605 -0.997216 2.017070
0.158336 -1.034110 1.944190
0.269855 -0.424287 2.325980
0.350142 -0.646138 2.134250
0.331936 -0.977893 2.086060
0.337268 -1.014450 2.013300
0.205291 -0.362944 2.354150
0.201764 -0.334410 2.413140
0.200659 -0.070838 2.511960
0.218598 0.125507 2.493930
0.064064 -0.166989 2.483040
0.040742 -0.375651 2.443750
0.065034 -0.507607 2.324480
0.065591 -0.563351 2.328630
0.361625 -0.160090 2.507700
0.404699 -0.368504 2.466310
0.280217 -0.356758 2.257720
0.189473 -0.393444 2.131030
0.142492 -0.418393 2.315170
0.135200 -0.704330 2.119990
0.152612 -0.997181 2.017060
0.158326 -1.034060 1.944190
0.269841 -0.424258 2.325980
0.349926 -0.646774 2.135150
0.332110 -0.978729 2.083950
0.337420 -1.015250 2.011220
0.205282 -0.362927 2.354170
0.201768 -0.334394 2.413160
0.200637 -0.070775 2.511960
0.218453 0.125556 2.494100
0.064076 -0.166984 2.483070
0.040759 -0.375629 2.443770
0.065086 -0.507655 2.324580
0.068179 -0.563303 2.322940
0.361602 -0.160023 2.507690
0.404829 -0.368518 2.466390
0.280398 -0.356826 2.257720
0.189671 -0.393679 2.130650
0.142482 -0.418375 2.315180
0.135243 -0.704338 2.119970
0.152611 -0.997151 2.017060
0.158307 -1.034010 1.944200
0.269831 -0.424235 2.325980
0.349762 -0.647192 2.135750
0.332242 -0.979284 2.082560
0.337532 -1.015770 2.009850
0.205269 -0.362931 2.354190
0.201768 -0.334391 2.413190
0.200545 -0.070673 2.512000
0.218303 0.125590 2.494250
0.064082 -0.166980 2.483100
0.040774 -0.375609 2.443780
0.065129 -0.507698 2.324680
0.077434 -0.546508 2.292860
0.361544 -0.159933 2.507660
0.404979 -0.368526 2.466490
0.280763 -0.356964 2.257680
0.190134 -0.394122 2.129810
0.142478 -0.418378 2.315220
0.135309 -0.704366 2.119960
0.152583 -0.997126 2.017050
0.158254 -1.033960 1.944200
0.269816 -0.424238 2.325990
0.349672 -0.647496 2.136170
0.332295 -0.979683 2.081580
0.337571 -1.016150 2.008880
0.205257 -0.362937 2.354210
0.201766 -0.334388 2.413210
0.200440 -0.070566 2.512050
0.218127 0.125612 2.494380
0.064085 -0.166978 2.483120
0.040786 -0.375593 2.443790
0.065163 -0.507737 2.324750
0.081356 -0.539452 2.280590
0.361473 -0.159836 2.507640
0.405168 -0.368475 2.466650
0.370371 -0.430706 2.298920
0.357916 -0.497109 2.277870
0.142474 -0.418383 2.315250
0.135378 -0.704401 2.119930
0.152548 -0.997102 2.017050
0.158195 -1.033920 1.944200
0.269806 -0.424241 2.326000
0.349603 -0.647694 2.136470
0.332363 -0.979957 2.081220
0.337631 -1.016400 2.008530
0.205239 -0.362938 2.354230
0.201754 -0.334383 2.413230
0.200140 -0.070348 2.512210
0.217936 0.125624 2.494480
0.064078 -0.166978 2.483130
0.040797 -0.375579 2.443800
0.065186 -0.507773 2.324820
0.083407 -0.535916 2.274350
0.361366 -0.159718 2.507620
0.405365 -0.368371 2.466840
0.429727 -0.479843 2.327500
0.420608 -0.536126 2.333730
0.142469 -0.418381 2.315270
0.135444 -0.704433 2.119910
0.152508 -0.997076 2.017040
0.158133 -1.033870 1.944210
0.269794 -0.424238 2.326010
0.349557 -0.647800 2.136670
0.332401 -0.980118 2.081140
0.337664 -1.016540 2.008480
0.205219 -0.362943 2.354240
0.201743 -0.334382 2.413250
0.199900 -0.070184 2.512350
0.217717 0.125623 2.494560
0.064066 -0.166979 2.483140
0.040805 -0.375571 2.443810
0.065199 -0.507812 2.324870
0.083377 -0.536333 2.272220
0.361241 -0.159596 2.507580
0.405548 -0.368267 2.467020
0.450055 -0.496385 2.337040
0.454892 -0.556998 2.363860
0.142462 -0.418381 2.315290
0.135515 -0.704477 2.119890
0.152438 -0.997056 2.017060
0.158033 -1.033840 1.944240
0.269779 -0.424240 2.326010
0.349531 -0.647830 2.136800
0.332418 -0.980183 2.081330
0.337673 -1.016600 2.008710
0.205202 -0.362948 2.354250
0.201737 -0.334382 2.413260
0.199745 -0.070098 2.512450
0.217358 0.125632 2.494640
0.064050 -0.166982 2.483140
0.040812 -0.375567 2.443820
0.065206 -0.507852 2.324910
0.084060 -0.535894 2.270510
0.361030 -0.159414 2.507510
0.405716 -0.368142 2.467230
0.449989 -0.497400 2.337590
0.444366 -0.543782 2.331520
0.142458 -0.418381 2.315300
0.135582 -0.704529 2.119870
0.152359 -0.997043 2.017070
0.157917 -1.033810 1.944270
0.269758 -0.424234 2.325990
0.349563 -0.647489 2.136590
0.332389 -0.979787 2.082690
0.337615 -1.016210 2.010130
0.205188 -0.362953 2.354250
0.201733 -0.334383 2.413270
0.199654 -0.070052 2.512500
0.216944 0.125671 2.494760
0.064024 -0.166987 2.483140
0.040819 -0.375601 2.443800
0.065217 -0.507966 2.324920
0.084702 -0.535212 2.269050
0.360767 -0.159198 2.507410
0.405870 -0.367989 2.467450
0.449941 -0.497749 2.338150
0.473226 -0.559224 2.352560
0.142456 -0.418382 2.315300
0.135637 -0.704580 2.119880
0.152287 -0.997015 2.017010
0.157815 -1.033770 1.944220
0.269738 -0.424228 2.325970
0.349622 -0.647167 2.136390
0.332285 -0.979415 2.083940
0.337476 -1.015830 2.011430
0.205173 -0.362959 2.354250
0.201729 -0.334384 2.413280
0.199582 -0.070018 2.512540
0.216455 0.125723 2.494890
0.063975 -0.166993 2.483130
0.040826 -0.375639 2.443780
0.065224 -0.508079 2.324920
0.085494 -0.510762 2.284580
0.360468 -0.158939 2.507270
0.405999 -0.367907 2.467670
0.440683 -0.489785 2.332400
0.461572 -0.541827 2.324260
0.142453 -0.418384 2.315300
0.135692 -0.704658 2.119890
0.152227 -0.996960 2.016870
0.157724 -1.033700 1.944100
0.269718 -0.424221 2.325950
0.349696 -0.646775 2.136120
0.332210 -0.978969 2.085330
0.337358 -1.015380 2.012870
0.205158 -0.362967 2.354250
0.201726 -0.334387 2.413280
0.199527 -0.069996 2.512570
0.215920 0.125781 2.495040
0.063904 -0.167005 2.483110
0.040848 -0.375718 2.443710
0.065248 -0.508267 2.324900
0.085957 -0.500207 2.291850
0.360130 -0.158655 2.507100
0.406128 -0.367778 2.467980
0.435657 -0.485360 2.329850
0.450249 -0.528912 2.305420
0.142450 -0.418389 2.315310
0.135748 -0.704788 2.119880
0.152188 -0.996906 2.016710
0.157653 -1.033640 1.943970
0.269696 -0.424216 2.325920
0.349768 -0.646426 2.135870
0.332123 -0.978585 2.086520
0.337227 -1.015000 2.014110
0.205135 -0.362981 2.354230
0.201722 -0.334394 2.413280
0.199481 -0.069980 2.512590
0.215321 0.125863 2.495240
0.063821 -0.167015 2.483070
0.040884 -0.375812 2.443620
0.065324 -0.508540 2.324890
0.087734 -0.503779 2.289340
0.359741 -0.158566 2.506770
0.406277 -0.367609 2.468420
0.431152 -0.481788 2.328140
0.442595 -0.521320 2.294870
0.142435 -0.418396 2.315290
0.135795 -0.705050 2.119840
0.152193 -0.996846 2.016500
0.157621 -1.033570 1.943800
0.269669 -0.424213 2.325880
0.349850 -0.646171 2.135690
0.331911 -0.978301 2.087370
0.336970 -1.014720 2.015000
0.205096 -0.363012 2.354190
0.201711 -0.334410 2.413270
0.199417 -0.069968 2.512640
0.214554 0.125910 2.495550
0.063728 -0.167025 2.483020
0.040929 -0.375911 2.443520
0.065426 -0.508828 2.324890
0.089765 -0.510844 2.286410
0.359225 -0.158727 2.506160
0.406463 -0.367395 2.468950
0.427808 -0.478930 2.326960
0.437705 -0.516459 2.288530
0.142406 -0.418414 2.315240
0.135837 -0.705329 2.119780
0.152209 -0.996807 2.016330
0.157601 -1.033530 1.943670
0.269633 -0.424220 2.325810
0.349913 -0.645913 2.135450
0.331734 -0.978086 2.087870
0.336752 -1.014500 2.015530
0.205039 -0.363055 2.354120
0.201693 -0.334437 2.413240
0.199374 -0.069960 2.512660
0.213495 0.125841 2.496140
0.063629 -0.167029 2.482960
0.041000 -0.376025 2.443370
0.065569 -0.509135 2.324870
0.086393 -0.539748 2.291490
0.358699 -0.158985 2.505490
0.406844 -0.367027 2.470180
0.424896 -0.476860 2.326720
0.433969 -0.513391 2.285120
0.142352 -0.418439 2.315160
0.135873 -0.705600 2.119730
0.152253 -0.996776 2.016160
0.157605 -1.033500 1.943550
0.269580 -0.424233 2.325710
0.349961 -0.645731 2.135260
0.331587 -0.977934 2.088250
0.336570 -1.014360 2.015950
0.204908 -0.363110 2.353970
0.201634 -0.334477 2.413160
0.199327 -0.069955 2.512680
0.212503 0.125764 2.496720
0.063527 -0.167032 2.482910
0.041067 -0.376113 2.443240
0.065759 -0.509446 2.324890
0.087283 -0.544209 2.290550
0.358204 -0.159303 2.504830
0.406069 -0.357881 2.475130
0.421013 -0.473523 2.330870
0.429349 -0.509874 2.287310
0.142165 -0.418458 2.314960
0.135902 -0.705868 2.119680
0.152302 -0.996754 2.015990
0.157615 -1.033480 1.943430
0.269466 -0.424248 2.325530
0.349989 -0.645580 2.135080
0.331436 -0.977802 2.088630
0.336382 -1.014230 2.016370
0.204673 -0.363178 2.353720
0.201510 -0.334538 2.413030
0.199252 -0.069954 2.512720
0.211422 0.125575 2.497390
0.063413 -0.167033 2.482860
0.041125 -0.376124 2.443100
0.065946 -0.509666 2.324960
0.085078 -0.554908 2.295350
0.357720 -0.159671 2.504170
0.406377 -0.352191 2.480450
0.392878 -0.450201 2.335370
0.401398 -0.390704 2.218630
0.141847 -0.418465 2.314640
0.135927 -0.706095 2.119640
0.152334 -0.996746 2.015860
0.157614 -1.033470 1.943340
0.269221 -0.424257 2.325180
0.349993 -0.645487 2.134950
0.331364 -0.977733 2.088900
0.336282 -1.014180 2.016670
0.204362 -0.363255 2.353420
0.201326 -0.334613 2.412850
0.199137 -0.069944 2.512790
0.210382 0.125425 2.498080
0.063288 -0.167030 2.482810
0.041176 -0.376123 2.442980
0.066171 -0.509936 2.325130
0.081743 -0.564665 2.304130
0.357271 -0.160063 2.503580
0.406571 -0.347012 2.484570
0.386322 -0.375157 2.275650
0.396402 -0.327046 2.192370
0.141443 -0.418460 2.314240
0.135945 -0.706317 2.119600
0.152364 -0.996745 2.015750
0.157616 -1.033470 1.943270
0.268882 -0.424273 2.324750
0.349993 -0.645417 2.134830
0.331289 -0.977683 2.089110
0.336181 -1.014150 2.016920
0.204044 -0.363345 2.353110
0.201129 -0.334699 2.412670
0.199017 -0.069934 2.512880
0.209511 0.125279 2.498670
0.063148 -0.167028 2.482750
0.041224 -0.376116 2.442860
0.066391 -0.510179 2.325300
0.079906 -0.569578 2.308250
0.356853 -0.160463 2.503060
0.404350 -0.364912 2.438140
0.387829 -0.324107 2.235390
0.397586 -0.268065 2.166300
0.141044 -0.418463 2.313860
0.135960 -0.706511 2.119560
0.152439 -0.996744 2.015620
0.157652 -1.033480 1.943200
0.268538 -0.424311 2.324320
0.349988 -0.645366 2.134720
0.331212 -0.977648 2.089290
0.336078 -1.014140 2.017140
0.203724 -0.363435 2.352810
0.200911 -0.334789 2.412480
0.198842 -0.069910 2.512990
0.208763 0.125150 2.499190
0.062993 -0.167023 2.482710
0.041270 -0.376111 2.442760
0.066676 -0.510551 2.325630
0.083396 -0.531612 2.308870
0.356490 -0.160839 2.502620
0.405457 -0.376031 2.411800
0.392333 -0.264343 2.203630
0.394330 -0.210649 2.141820
0.140648 -0.418462 2.313490
0.135974 -0.706681 2.119510
0.152445 -0.996776 2.015630
0.157627 -1.033530 1.943260
0.268206 -0.424362 2.323910
0.350012 -0.645088 2.134240
0.330900 -0.977219 2.090560
0.335731 -1.013760 2.018500
0.203423 -0.363515 2.352530
0.200686 -0.334876 2.412290
0.198609 -0.069873 2.513160
0.208154 0.125041 2.499640
0.062827 -0.167021 2.482670
0.041313 -0.376195 2.442620
0.067012 -0.511079 2.325890
0.085475 -0.510211 2.308480
0.356219 -0.161192 2.502300
0.406833 -0.380273 2.400320
0.393697 -0.243128 2.195490
0.392027 -0.192842 2.168310
0.140272 -0.418445 2.313150
0.135975 -0.706792 2.119490
0.152453 -0.996813 2.015660
0.157611 -1.033600 1.943350
0.267898 -0.424419 2.323530
0.350038 -0.644729 2.133620
0.330502 -0.976639 2.092130
0.335316 -1.013250 2.020170
0.203142 -0.363581 2.352260
0.200469 -0.334958 2.412110
0.198421 -0.069830 2.513350
0.207660 0.124955 2.500010
0.062655 -0.167015 2.482630
0.041343 -0.376280 2.442490
0.067294 -0.511519 2.326090
0.086125 -0.501791 2.308590
0.355972 -0.161468 2.502090
0.409326 -0.382403 2.394300
0.395358 -0.236116 2.222540
0.387933 -0.193177 2.188940
0.139914 -0.418402 2.312820
0.135975 -0.706882 2.119480
0.152431 -0.996850 2.015710
0.157564 -1.033660 1.943470
0.267599 -0.424470 2.323140
0.350049 -0.644681 2.133480
0.330172 -0.976584 2.092460
0.334981 -1.013240 2.020560
0.202864 -0.363618 2.352020
0.200204 -0.335017 2.411940
0.198073 -0.069708 2.513700
0.207327 0.124949 2.500360
0.062461 -0.167002 2.482610
0.041355 -0.376324 2.442410
0.067527 -0.511834 2.326280
0.086574 -0.496146 2.308560
0.355724 -0.161633 2.502110
0.422444 -0.363384 2.384190
0.392659 -0.216024 2.214620
0.379551 -0.170847 2.184200
0.139538 -0.418303 2.312510
0.135971 -0.706952 2.119470
0.152392 -0.996870 2.015770
0.157517 -1.033710 1.943600
0.267332 -0.424514 2.322800
0.350069 -0.644616 2.133340
0.329906 -0.976478 2.092840
0.334740 -1.013180 2.020970
0.202620 -0.363636 2.351820
0.199953 -0.335059 2.411790
0.197739 -0.069573 2.514070
0.207056 0.124982 2.500690
0.062251 -0.166981 2.482600
0.041360 -0.376351 2.442350
0.067705 -0.512062 2.326440
0.086898 -0.492060 2.308360
0.355011 -0.160953 2.503090
0.441352 -0.338785 2.366980
0.392864 -0.211346 2.213000
0.373881 -0.168583 2.180330
0.139219 -0.418193 2.312250
0.135964 -0.707006 2.119480
0.152374 -0.996874 2.015790
0.157498 -1.033730 1.943640
0.267095 -0.424535 2.322510
0.350097 -0.644569 2.133250
0.329504 -0.976390 2.093010
0.334415 -1.013140 2.021200
0.202415 -0.363599 2.351690
0.199724 -0.335052 2.411710
0.197169 -0.069328 2.514730
0.206843 0.125062 2.501020
0.062003 -0.166950 2.482610
0.041288 -0.376211 2.442310
0.067839 -0.512149 2.326790
0.083666 -0.486076 2.297940
0.354485 -0.160048 2.504190
0.448679 -0.327515 2.361580
0.396699 -0.210985 2.211600
0.387166 -0.190938 2.168990
0.138944 -0.418056 2.312060
0.135953 -0.707045 2.119490
0.152352 -0.996861 2.015800
0.157479 -1.033740 1.943680
0.266935 -0.424513 2.322290
0.350252 -0.644699 2.133520
0.328438 -0.976539 2.091840
0.333479 -1.013390 2.020200
0.202257 -0.363461 2.351600
0.199553 -0.334993 2.411650
0.196807 -0.069165 2.515200
0.206631 0.125258 2.501570
0.061767 -0.166921 2.482630
0.041212 -0.376072 2.442280
0.067945 -0.512204 2.327120
0.082178 -0.484678 2.290440
0.354400 -0.158678 2.505660
0.458035 -0.316570 2.357790
0.399257 -0.214907 2.209360
0.388160 -0.209785 2.159760
0.138704 -0.417860 2.311910
0.135943 -0.707062 2.119510
0.152312 -0.996803 2.015790
0.157453 -1.033720 1.943710
0.266851 -0.424430 2.322120
0.350361 -0.644770 2.133800
0.327224 -0.976609 2.090560
0.332400 -1.013560 2.019080
0.202119 -0.363240 2.351570
0.199401 -0.334894 2.411620
0.196500 -0.069030 2.515640
0.206424 0.125449 2.502050
0.061530 -0.166895 2.482650
0.041135 -0.375988 2.442250
0.068035 -0.512260 2.327330
0.081621 -0.484297 2.286340
0.354423 -0.157435 2.506950
0.466629 -0.306354 2.352190
0.406040 -0.218301 2.203430
0.397641 -0.216669 2.146980
0.138483 -0.417616 2.311790
0.135926 -0.707032 2.119600
0.152254 -0.996725 2.015820
0.157408 -1.033670 1.943770
0.266811 -0.424306 2.322000
0.352120 -0.659106 2.137090
0.325535 -0.979124 2.065360
0.330920 -1.016400 1.994360
0.202018 -0.362993 2.351570
0.199280 -0.334784 2.411630
0.196201 -0.068919 2.516160
0.206197 0.125610 2.502510
0.061309 -0.166874 2.482680
0.041059 -0.375913 2.442230
0.067699 -0.512868 2.328430
0.076190 -0.523648 2.285700
0.354593 -0.156482 2.507910
0.473154 -0.296761 2.345880
0.413513 -0.218708 2.196320
0.408475 -0.213418 2.134340
0.138300 -0.417370 2.311710
0.135908 -0.706990 2.119700
0.152109 -0.996597 2.015810
0.157289 -1.033600 1.943820
0.266833 -0.424167 2.321910
0.353228 -0.668312 2.138740
0.324606 -0.980682 2.049860
0.330067 -1.018210 1.979090
0.201934 -0.362752 2.351600
0.199185 -0.334690 2.411660
0.195855 -0.068744 2.517240
0.206030 0.125757 2.502920
0.061103 -0.166855 2.482720
0.040977 -0.375844 2.442210
0.067529 -0.513184 2.329050
0.073615 -0.531094 2.282670
0.354751 -0.155916 2.508440
0.476831 -0.288892 2.338910
0.389837 -0.220233 2.195830
0.364610 -0.207313 2.143930
0.138141 -0.417130 2.311640
0.135888 -0.706938 2.119810
0.151916 -0.996446 2.015810
0.157110 -1.033520 1.943880
0.266872 -0.424034 2.321850
0.355481 -0.704664 2.128400
0.331473 -0.982823 2.033100
0.336801 -1.020730 1.962640
0.201874 -0.362518 2.351640
0.199116 -0.334600 2.411690
0.195546 -0.068589 2.518390
0.205873 0.125917 2.503280
0.060918 -0.166838 2.482770
0.040871 -0.375753 2.442210
0.067431 -0.513335 2.329450
0.076160 -0.525273 2.294910
0.354933 -0.155491 2.508760
0.476816 -0.281487 2.329920
0.378639 -0.219856 2.193610
0.326824 -0.200420 2.148540
0.138010 -0.416892 2.311600
0.135866 -0.706878 2.119920
0.151693 -0.996281 2.015820
0.156871 -1.033430 1.943960
0.266938 -0.423902 2.321810
0.355962 -0.710831 2.126880
0.332410 -0.983699 2.028120
0.337714 -1.021780 1.957790
0.201834 -0.362293 2.351690
0.199075 -0.334514 2.411730
0.195338 -0.068472 2.519470
0.205748 0.126058 2.503560
0.060745 -0.166834 2.482830
0.040768 -0.375672 2.442210
0.067348 -0.513451 2.329780
0.073033 -0.551205 2.305330
0.355334 -0.155206 2.508710
0.476068 -0.277283 2.322840
0.369476 -0.219087 2.192190
0.309849 -0.196528 2.151170
0.137905 -0.416660 2.311560
0.135847 -0.706824 2.120010
0.151478 -0.996120 2.015850
0.156584 -1.033340 1.944080
0.267032 -0.423766 2.321760
0.356158 -0.712635 2.125810
0.333076 -0.984511 2.025070
0.338271 -1.022750 1.954850
0.201819 -0.362093 2.351750
0.199065 -0.334431 2.411790
0.195262 -0.068419 2.520280
0.205656 0.126186 2.503820
0.060588 -0.166837 2.482890
0.040694 -0.375633 2.442210
0.067293 -0.513576 2.330020
0.073924 -0.556653 2.304520
0.356033 -0.155077 2.508210
0.475235 -0.274815 2.317400
0.361772 -0.226564 2.186110
0.301532 -0.218155 2.139680
0.137828 -0.416461 2.311540
0.135821 -0.706767 2.120130
0.151230 -0.995918 2.015780
0.156245 -1.033220 1.944100
0.267155 -0.423658 2.321730
0.356148 -0.710503 2.125420
0.333253 -0.985269 2.023900
0.338244 -1.023640 1.953770
0.201819 -0.361910 2.351810
0.199081 -0.334348 2.411850
0.195246 -0.068385 2.520990
0.205573 0.126318 2.504150
0.060440 -0.166843 2.482960
0.040623 -0.375604 2.442200
0.067251 -0.513681 2.330220
0.075152 -0.558002 2.300730
0.356931 -0.155093 2.507320
0.474064 -0.271873 2.313380
0.354922 -0.224906 2.185750
0.293290 -0.210271 2.145020
0.137767 -0.416282 2.311530
0.135803 -0.706723 2.120210
0.150971 -0.995719 2.015730
0.155851 -1.033080 1.944120
0.267288 -0.423559 2.321700
0.356021 -0.707074 2.125580
0.333257 -0.985906 2.023750
0.337991 -1.024380 1.953680
0.201831 -0.361747 2.351870
0.199121 -0.334270 2.411930
0.195314 -0.068384 2.521620
0.205520 0.126431 2.504440
0.060301 -0.166853 2.483050
0.040557 -0.375580 2.442210
0.067222 -0.513772 2.330390
0.075755 -0.558184 2.298190
0.357846 -0.155218 2.506260
0.472774 -0.269541 2.310310
0.350380 -0.224316 2.184860
0.289108 -0.208501 2.145780
0.137719 -0.416124 2.311530
0.135789 -0.706686 2.120270
0.150650 -0.995509 2.015670
0.155341 -1.032930 1.944150
0.267429 -0.423474 2.321680
0.355801 -0.703212 2.125940
0.333096 -0.986428 2.024540
0.337531 -1.025000 1.954520
0.201852 -0.361609 2.351930
0.199205 -0.334196 2.412010
0.195833 -0.068575 2.522070
0.205485 0.126507 2.504660
0.060174 -0.166871 2.483160
0.040495 -0.375563 2.442210
0.067201 -0.513824 2.330490
0.077215 -0.553551 2.292160
0.359047 -0.155683 2.504370
0.470090 -0.266686 2.306960
0.346314 -0.225223 2.182730
0.286866 -0.210719 2.143300
0.137681 -0.415988 2.311530
0.135770 -0.706651 2.120360
0.150306 -0.995268 2.015500
0.154755 -1.032740 1.944040
0.267566 -0.423407 2.321650
0.355625 -0.700060 2.126480
0.332725 -0.986818 2.025340
0.336817 -1.025430 1.955360
0.201882 -0.361494 2.351980
0.199322 -0.334131 2.412090
0.196417 -0.068802 2.522360
0.205457 0.126578 2.504860
0.060059 -0.166893 2.483260
0.040439 -0.375552 2.442220
0.067188 -0.513865 2.330570
0.083299 -0.546805 2.287980
0.360234 -0.156233 2.502330
0.467961 -0.264388 2.304480
0.337614 -0.256504 2.173420
0.289112 -0.253872 2.133900
0.137654 -0.415882 2.311540
0.135754 -0.706627 2.120420
0.150158 -0.995122 2.015440
0.154446 -1.032620 1.944030
0.267709 -0.423359 2.321620
0.355492 -0.697760 2.127420
0.332421 -0.987039 2.025360
0.336192 -1.025680 1.955440
0.201913 -0.361397 2.352030
0.199448 -0.334071 2.412160
0.196986 -0.069013 2.522560
0.205434 0.126648 2.505040
0.059956 -0.166915 2.483370
0.040388 -0.375544 2.442220
0.067177 -0.513893 2.330630
0.087141 -0.540424 2.284330
0.361164 -0.156693 2.500590
0.465431 -0.261847 2.302160
0.329649 -0.279052 2.171930
0.285662 -0.292770 2.134090
0.137633 -0.415790 2.311540
0.135744 -0.706612 2.120450
0.149301 -0.995766 2.020170
0.152977 -1.033480 1.949240
0.267845 -0.423323 2.321580
0.355384 -0.695976 2.128240
0.332077 -0.987199 2.025470
0.335543 -1.025840 1.955590
0.201943 -0.361317 2.352060
0.199581 -0.334025 2.412230
0.197251 -0.069067 2.522860
0.205424 0.126717 2.505180
0.059865 -0.166937 2.483460
0.040336 -0.375526 2.442230
0.067167 -0.513862 2.330620
0.089179 -0.537160 2.282220
0.361998 -0.157108 2.498800
0.463035 -0.259515 2.300460
0.326038 -0.288588 2.171000
0.284294 -0.306334 2.133680
0.137616 -0.415714 2.311550
0.135736 -0.706602 2.120470
0.149304 -0.995766 2.021030
0.152731 -1.033570 1.950180
0.267980 -0.423301 2.321530
0.355283 -0.694638 2.128870
0.331735 -0.987334 2.025690
0.334893 -1.026000 1.955870
0.201974 -0.361257 2.352090
0.199721 -0.333991 2.412290
0.197470 -0.069105 2.523120
0.205423 0.126780 2.505290
0.059784 -0.166957 2.483560
0.040297 -0.375510 2.442240
0.067146 -0.513767 2.330530
0.072398 -0.553679 2.308260
0.362618 -0.157439 2.497330
0.460916 -0.257591 2.299180
0.323832 -0.293917 2.170140
0.283373 -0.314281 2.133110
0.137606 -0.415655 2.311550
0.135730 -0.706599 2.120470
0.149533 -0.995669 2.021510
0.152648 -1.033580 1.950770
0.268114 -0.423293 2.321480
0.355216 -0.693696 2.129370
0.331395 -0.987434 2.025880
0.334263 -1.026110 1.956100
0.202006 -0.361207 2.352120
0.199862 -0.333964 2.412350
0.197651 -0.069131 2.523350
0.205436 0.126843 2.505370
0.059714 -0.166975 2.483650
0.040266 -0.375499 2.442250
0.067127 -0.513654 2.330400
0.070370 -0.556614 2.311240
0.363104 -0.157686 2.496120
0.458798 -0.255976 2.297820
0.321924 -0.297612 2.169730
0.281872 -0.318741 2.133330
0.137599 -0.415605 2.311560
0.135722 -0.706604 2.120470
0.149176 -0.995191 2.020700
0.151968 -1.033220 1.950070
0.268256 -0.423292 2.321410
0.355152 -0.692980 2.129780
0.331062 -0.987513 2.026080
0.333664 -1.026200 1.956340
0.202048 -0.361171 2.352140
0.200030 -0.333951 2.412400
0.197819 -0.069158 2.523490
0.205451 0.126899 2.505450
0.059653 -0.166994 2.483730
0.040240 -0.375490 2.442250
0.067099 -0.513523 2.330230
0.069209 -0.557703 2.309440
0.363455 -0.157872 2.495130
0.456932 -0.254745 2.296390
0.320362 -0.300007 2.169540
0.279310 -0.319005 2.134380
0.137600 -0.415572 2.311560
0.135714 -0.706607 2.120470
0.148893 -0.994721 2.019680
0.151385 -1.032830 1.949140
0.268406 -0.423304 2.321330
0.355123 -0.692452 2.130120
0.330594 -0.987544 2.026230
0.332901 -1.026220 1.956500
0.202094 -0.361144 2.352160
0.200195 -0.333950 2.412440
0.197930 -0.069176 2.523660
0.205469 0.126947 2.505510
0.059600 -0.167012 2.483810
0.040216 -0.375487 2.442260
0.067079 -0.513377 2.330020
0.068604 -0.558762 2.307930
0.363712 -0.158006 2.494360
0.455318 -0.253870 2.295070
0.317888 -0.300120 2.170800
0.272068 -0.312253 2.140120
0.137607 -0.415547 2.311570
0.135706 -0.706616 2.120470
0.148741 -0.994288 2.018620
0.150978 -1.032490 1.948180
0.268562 -0.423321 2.321250
0.355094 -0.692042 2.130430
0.330172 -0.987562 2.026350
0.332225 -1.026240 1.956620
0.202174 -0.361125 2.352160
0.200418 -0.333959 2.412470
0.198079 -0.069216 2.523740
0.205498 0.126997 2.505550
0.059557 -0.167029 2.483890
0.040190 -0.375488 2.442270
0.067067 -0.513235 2.329810
0.068240 -0.560426 2.308840
0.363897 -0.158114 2.493720
0.454121 -0.253271 2.294100
0.315295 -0.298795 2.172890
0.265928 -0.305390 2.145780
0.137639 -0.415529 2.311570
0.135698 -0.706624 2.120470
0.148666 -0.993889 2.017520
0.150673 -1.032150 1.947160
0.268746 -0.423342 2.321150
0.355065 -0.691732 2.130690
0.329814 -0.987584 2.026460
0.331653 -1.026250 1.956730
0.202280 -0.361118 2.352150
0.200688 -0.333990 2.412470
0.198378 -0.069340 2.523760
0.205517 0.127036 2.505580
0.059516 -0.167048 2.483960
0.040162 -0.375493 2.442280
0.067059 -0.513090 2.329580
0.068442 -0.562990 2.312890
0.364031 -0.158213 2.493160
0.453267 -0.252849 2.293430
0.313887 -0.297738 2.174360
0.264058 -0.304043 2.147340
0.137682 -0.415518 2.311560
0.135682 -0.706637 2.120480
0.149440 -0.993518 2.016470
0.151156 -1.031850 1.946240
0.268959 -0.423383 2.321010
0.355028 -0.691494 2.130890
0.329490 -0.987642 2.026640
0.331151 -1.026300 1.956920
0.202389 -0.361117 2.352130
0.200952 -0.334027 2.412460
0.198597 -0.069430 2.523810
0.205535 0.127077 2.505610
0.059476 -0.167067 2.484050
0.040135 -0.375501 2.442300
0.067052 -0.512949 2.329360
0.068571 -0.564567 2.317850
0.364126 -0.158299 2.492690
0.452747 -0.252532 2.293040
0.313282 -0.297462 2.175110
0.263378 -0.303186 2.148290
0.137731 -0.415512 2.311550
0.135664 -0.706661 2.120490
0.150235 -0.993193 2.015500
0.151691 -1.031590 1.945380
0.269175 -0.423431 2.320860
0.354996 -0.691312 2.131060
0.329201 -0.987702 2.026830
0.330710 -1.026360 1.957110
0.202504 -0.361125 2.352100
0.201208 -0.334072 2.412440
0.198761 -0.069503 2.523860
0.205553 0.127116 2.505650
0.059439 -0.167089 2.484140
0.040101 -0.375521 2.442320
0.067054 -0.512834 2.329170
0.081933 -0.545714 2.296140
0.364189 -0.158374 2.492290
0.452374 -0.252289 2.292760
0.313781 -0.296721 2.175670
0.265165 -0.302746 2.147730
0.137792 -0.415513 2.311520
0.135645 -0.706687 2.120500
0.150915 -0.992989 2.014830
0.152148 -1.031440 1.944790
0.269391 -0.423485 2.320700
0.354969 -0.691183 2.131180
0.328938 -0.987767 2.027010
0.330306 -1.026430 1.957300
0.202617 -0.361137 2.352070
0.201449 -0.334119 2.412420
0.198905 -0.069563 2.523930
0.205564 0.127142 2.505670
0.059404 -0.167111 2.484250
0.040064 -0.375548 2.442350
0.067068 -0.512701 2.328950
0.088041 -0.537114 2.286180
0.364222 -0.158437 2.491960
0.452100 -0.252106 2.292570
0.314861 -0.295995 2.175810
0.268378 -0.302864 2.145930
0.137856 -0.415517 2.311490
0.135627 -0.706714 2.120510
0.151525 -0.992833 2.014280
0.152570 -1.031330 1.944310
0.269600 -0.423533 2.320530
0.354945 -0.691088 2.131290
0.328691 -0.987831 2.027180
0.329932 -1.026510 1.957480
0.202730 -0.361154 2.352030
0.201675 -0.334170 2.412400
0.199043 -0.069624 2.524000
0.205572 0.127164 2.505680
0.059372 -0.167135 2.484350
0.040024 -0.375582 2.442390
0.067100 -0.512579 2.328750
0.091246 -0.532617 2.280990
0.364237 -0.158491 2.491670
0.451911 -0.251960 2.292460
0.315876 -0.294950 2.175960
0.270530 -0.302447 2.144750
0.137923 -0.415526 2.311460
0.135612 -0.706736 2.120520
0.152264 -0.992684 2.013740
0.153129 -1.031220 1.943840
0.269795 -0.423582 2.320350
0.354922 -0.691015 2.131420
0.328380 -0.987873 2.027260
0.329482 -1.026560 1.957560
0.202841 -0.361174 2.351980
0.201892 -0.334218 2.412360
0.199213 -0.069687 2.524030
0.205578 0.127182 2.505700
0.059343 -0.167160 2.484450
0.039978 -0.375629 2.442440
0.067117 -0.512525 2.328650
0.091278 -0.518890 2.285200
0.364234 -0.158543 2.491400
0.451787 -0.251839 2.292390
0.317028 -0.294050 2.175890
0.272805 -0.302286 2.143320
0.137988 -0.415535 2.311420
0.135601 -0.706750 2.120520
0.152877 -0.992578 2.013320
0.153595 -1.031140 1.943460
0.269972 -0.423631 2.320160
0.354903 -0.690955 2.131530
0.328054 -0.987919 2.027340
0.329024 -1.026610 1.957640
0.202952 -0.361193 2.351930
0.202104 -0.334263 2.412320
0.199354 -0.069744 2.524060
0.205596 0.127202 2.505730
0.059316 -0.167185 2.484560
0.039931 -0.375676 2.442490
0.067133 -0.512481 2.328570
0.084315 -0.543232 2.311350
0.364213 -0.158502 2.491170
0.451714 -0.251737 2.292370
0.317999 -0.293357 2.175820
0.274536 -0.302283 2.142260
0.138060 -0.415547 2.311380
0.135591 -0.706767 2.120530
0.153368 -0.992502 2.012990
0.153954 -1.031090 1.943180
0.270151 -0.423663 2.319960
0.354879 -0.690905 2.131630
0.327859 -0.987964 2.027430
0.328722 -1.026660 1.957730
0.203062 -0.361213 2.351870
0.202305 -0.334306 2.412270
0.199522 -0.069818 2.524030
0.205615 0.127223 2.505770
0.059292 -0.167211 2.484660
0.039886 -0.375737 2.442560
0.067155 -0.512440 2.328500
0.086791 -0.542253 2.305960
0.364183 -0.158456 2.490970
0.451672 -0.251644 2.292370
0.318816 -0.292799 2.175720
0.275875 -0.302335 2.141390
0.138132 -0.415559 2.311330
0.135572 -0.706786 2.120550
0.153796 -0.992448 2.012720
0.154272 -1.031040 1.942930
0.270314 -0.423691 2.319780
0.354858 -0.690865 2.131720
0.327703 -0.988006 2.027510
0.328481 -1.026700 1.957810
0.203170 -0.361231 2.351820
0.202511 -0.334337 2.412230
0.199969 -0.069948 2.523770
0.205634 0.127243 2.505820
0.059268 -0.167240 2.484770
0.039841 -0.375831 2.442660
0.067174 -0.512416 2.328440
0.087949 -0.542043 2.303800
0.364156 -0.158342 2.490790
0.451674 -0.251447 2.292470
0.319348 -0.292450 2.175690
0.277027 -0.302489 2.140730
0.138199 -0.415573 2.311290
0.135551 -0.706804 2.120580
0.154187 -0.992410 2.012510
0.154560 -1.031000 1.942740
0.270461 -0.423714 2.319610
0.354808 -0.690814 2.131880
0.327606 -0.988032 2.027530
0.328315 -1.026720 1.957830
0.203271 -0.361247 2.351760
0.202705 -0.334366 2.412180
0.200235 -0.070032 2.523630
0.205652 0.127257 2.505860
0.059235 -0.167279 2.484910
0.039799 -0.375934 2.442780
0.067197 -0.512394 2.328400
0.089078 -0.541461 2.301170
0.364123 -0.158243 2.490620
0.452258 -0.250947 2.292940
0.320144 -0.292039 2.175840
0.278399 -0.302563 2.140540
0.138264 -0.415587 2.311260
0.135537 -0.706816 2.120600
0.154414 -0.992395 2.012400
0.154712 -1.030980 1.942630
0.270597 -0.423731 2.319450
0.354743 -0.690736 2.132060
0.327540 -0.988055 2.027560
0.328198 -1.026740 1.957850
0.203373 -0.361253 2.351720
0.202911 -0.334377 2.412150
0.200526 -0.070066 2.523540
0.205670 0.127270 2.505900
0.059199 -0.167321 2.485060
0.039761 -0.376036 2.442900
0.067225 -0.512377 2.328360
0.079106 -0.554848 2.309960
0.364141 -0.157979 2.490450
0.452986 -0.250427 2.293450
0.321276 -0.291731 2.175840
0.280601 -0.302941 2.140010
0.138322 -0.415600 2.311230
0.135526 -0.706827 2.120610
0.154583 -0.992384 2.012320
0.154818 -1.030960 1.942560
0.270729 -0.423731 2.319300
0.354681 -0.690660 2.132230
0.327482 -0.988073 2.027580
0.328082 -1.026760 1.957860
0.203467 -0.361258 2.351680
0.203097 -0.334396 2.412120
0.200700 -0.070076 2.523580
0.205689 0.127282 2.505950
0.059163 -0.167362 2.485230
0.039723 -0.376134 2.443030
0.067262 -0.512354 2.328320
0.081414 -0.522684 2.311710
0.364156 -0.157826 2.490300
0.453486 -0.250026 2.293790
0.322464 -0.291532 2.175610
0.282940 -0.303498 2.138990
0.138377 -0.415612 2.311210
0.135519 -0.706838 2.120620
0.154731 -0.992380 2.012270
0.154910 -1.030960 1.942510
0.270849 -0.423728 2.319160
0.354587 -0.690572 2.132480
0.327432 -0.988087 2.027530
0.327972 -1.026780 1.957810
0.203552 -0.361266 2.351650
0.203254 -0.334416 2.412110
0.200711 -0.070029 2.523730
0.205714 0.127299 2.505990
0.059133 -0.167398 2.485410
0.039687 -0.376214 2.443150
0.067298 -0.512328 2.328280
0.082665 -0.507597 2.312160
0.364169 -0.157721 2.490160
0.453926 -0.249678 2.294100
0.324107 -0.291205 2.175220
0.284574 -0.303736 2.138250
0.138430 -0.415624 2.311190
0.135510 -0.706845 2.120630
0.154853 -0.992384 2.012260
0.154986 -1.030960 1.942500
0.270958 -0.423730 2.319040
0.354496 -0.690492 2.132690
0.327410 -0.988103 2.027500
0.327907 -1.026800 1.957780
0.203604 -0.361270 2.351630
0.203358 -0.334429 2.412100
0.200618 -0.069913 2.524040
0.205736 0.127319 2.506040
0.059077 -0.167426 2.485640
0.039641 -0.376267 2.443280
0.067332 -0.512288 2.328260
0.083365 -0.499656 2.312270
0.364178 -0.157641 2.490030
0.454440 -0.249363 2.294470
0.324928 -0.290948 2.175150
0.285522 -0.303767 2.137970
0.138455 -0.415631 2.311180
0.135499 -0.706864 2.120640
0.154973 -0.992375 2.012220
0.155052 -1.030960 1.942470
0.271039 -0.423730 2.318940
0.354438 -0.690385 2.132830
0.327373 -0.988116 2.027510
0.327812 -1.026820 1.957800
0.203643 -0.361274 2.351620
0.203438 -0.334438 2.412110
0.200445 -0.069740 2.524410
0.205752 0.127351 2.506100
0.059004 -0.167449 2.485890
0.039599 -0.376305 2.443410
0.067365 -0.512236 2.328240
0.083761 -0.494939 2.312190
0.364182 -0.157575 2.489910
0.455557 -0.249112 2.295320
0.325917 -0.290634 2.175320
0.286620 -0.303595 2.138110
0.138473 -0.415637 2.311180
0.135492 -0.706888 2.120650
0.155115 -0.992372 2.012220
0.155136 -1.030960 1.942470
0.271106 -0.423728 2.318860
0.354395 -0.690328 2.132900
0.327405 -0.988169 2.027690
0.327776 -1.026880 1.957990
0.203675 -0.361276 2.351610
0.203503 -0.334442 2.412120
0.200353 -0.069602 2.524620
0.205599 0.127550 2.506220
0.058924 -0.167464 2.486150
0.039559 -0.376335 2.443550
0.067388 -0.512202 2.328240
0.087793 -0.499694 2.295500
0.364173 -0.157525 2.489800
0.456531 -0.248994 2.296240
0.328311 -0.290319 2.174660
0.291323 -0.303304 2.135860
0.138486 -0.415641 2.311170
0.135485 -0.706908 2.120660
0.155222 -0.992375 2.012240
0.155196 -1.030970 1.942490
0.271163 -0.423723 2.318790
0.354355 -0.690273 2.132940
0.327444 -0.988204 2.027790
0.327759 -1.026910 1.958090
0.203699 -0.361277 2.351600
0.203556 -0.334445 2.412130
0.200242 -0.069460 2.524890
0.205461 0.127741 2.506370
0.058843 -0.167477 2.486390
0.039520 -0.376361 2.443670
0.067408 -0.512168 2.328240
0.087792 -0.500008 2.293030
0.364139 -0.157405 2.489750
0.458290 -0.249737 2.298880
0.330263 -0.289997 2.174870
0.294055 -0.302745 2.135760
0.138495 -0.415648 2.311180
0.135484 -0.706934 2.120680
0.155276 -0.992373 2.012230
0.155226 -1.030970 1.942480
0.271210 -0.423714 2.318720
0.354308 -0.690214 2.132970
0.327548 -0.988250 2.027960
0.327797 -1.026950 1.958250
0.203715 -0.361278 2.351590
0.203594 -0.334448 2.412140
0.200103 -0.069312 2.525190
0.205276 0.127919 2.506570
0.058764 -0.167488 2.486630
0.039480 -0.376382 2.443800
0.067429 -0.512138 2.328240
0.087374 -0.501142 2.291480
0.364069 -0.157283 2.489720
0.461137 -0.251958 2.301990
0.356430 -0.270094 2.162220
0.323091 -0.274754 2.117210
0.138500 -0.415654 2.311180
0.135486 -0.706960 2.120700
0.155324 -0.992384 2.012270
0.155245 -1.030980 1.942530
0.271237 -0.423697 2.318650
0.354273 -0.690165 2.133000
0.327582 -0.988268 2.028030
0.327792 -1.026970 1.958330
0.203727 -0.361279 2.351590
0.203621 -0.334449 2.412160
0.199951 -0.069168 2.525470
0.205074 0.128115 2.506790
0.058682 -0.167495 2.486860
0.039446 -0.376400 2.443920
0.067452 -0.512076 2.328230
0.086805 -0.502586 2.290600
0.363921 -0.157112 2.489730
0.464087 -0.256022 2.303050
0.362045 -0.252032 2.160240
0.327093 -0.239180 2.115120
0.138501 -0.415660 2.311190
0.135490 -0.706996 2.120720
0.155360 -0.992398 2.012330
0.155254 -1.031000 1.942610
0.271253 -0.423674 2.318590
0.354246 -0.690129 2.133030
0.327600 -0.988273 2.028070
0.327783 -1.026980 1.958370
0.203727 -0.361272 2.351590
0.203625 -0.334437 2.412180
0.199608 -0.068931 2.525860
0.204835 0.128322 2.507080
0.058566 -0.167477 2.487130
0.039420 -0.376421 2.444020
0.067466 -0.512014 2.328190
0.084748 -0.510382 2.283140
0.363534 -0.156736 2.489910
0.466203 -0.262630 2.303460
0.364866 -0.245310 2.159140
0.328156 -0.224688 2.114690
0.138490 -0.415660 2.311210
0.135491 -0.707022 2.120750
0.155248 -0.992457 2.012610
0.155088 -1.031080 1.942930
0.271233 -0.423607 2.318520
0.354228 -0.690091 2.133080
0.327601 -0.988208 2.027990
0.327744 -1.026920 1.958310
0.203718 -0.361257 2.351590
0.203607 -0.334415 2.412210
0.199276 -0.068706 2.526220
0.204505 0.128535 2.507480
0.058460 -0.167450 2.487390
0.039404 -0.376463 2.444100
0.067473 -0.511976 2.328140
0.080921 -0.526545 2.279140
0.362078 -0.155285 2.491290
0.464609 -0.275956 2.310180
0.357463 -0.216026 2.185780
0.316218 -0.176726 2.157140
0.138473 -0.415644 2.311240
0.135491 -0.707058 2.120800
0.155107 -0.992489 2.012850
0.154929 -1.031130 1.943210
0.271177 -0.423475 2.318430
0.354434 -0.696453 2.131170
0.330044 -0.987432 2.024630
0.330095 -1.026190 1.955070
0.203706 -0.361239 2.351590
0.203559 -0.334384 2.412250
0.198946 -0.068485 2.526550
0.204145 0.128751 2.507910
0.058360 -0.167422 2.487630
0.039393 -0.376492 2.444160
0.067475 -0.511939 2.328090
0.079799 -0.531007 2.276600
0.359681 -0.152750 2.494720
0.461369 -0.282823 2.315090
0.336025 -0.175088 2.170750
0.292066 -0.127525 2.131050
0.138457 -0.415626 2.311260
0.135492 -0.707100 2.120850
0.154997 -0.992504 2.013040
0.154847 -1.031150 1.943410
0.271107 -0.423288 2.318330
0.353444 -0.672419 2.139420
0.325950 -0.985901 2.029580
0.325769 -1.024180 1.960730
0.203687 -0.361228 2.351580
0.203471 -0.334358 2.412280
0.198602 -0.068249 2.526900
0.203758 0.128984 2.508350
0.058268 -0.167398 2.487820
0.039385 -0.376521 2.444210
0.067478 -0.511909 2.328030
0.079035 -0.533527 2.274870
0.357135 -0.152189 2.497240
0.458696 -0.287751 2.317790
0.341359 -0.149219 2.177310
0.296470 -0.123464 2.138080
0.138444 -0.415611 2.311280
0.135486 -0.707151 2.120910
0.154891 -0.992512 2.013160
0.154797 -1.031170 1.943540
0.271012 -0.423112 2.318220
0.353326 -0.669409 2.140570
0.325157 -0.985432 2.030070
0.325118 -1.023720 1.961320
0.203625 -0.361270 2.351480
0.203332 -0.334369 2.412270
0.198188 -0.067971 2.527310
0.203363 0.129204 2.508800
0.058182 -0.167371 2.487980
0.039378 -0.376536 2.444240
0.067479 -0.511883 2.328000
0.081080 -0.521484 2.284390
0.352640 -0.155735 2.497900
0.455889 -0.291468 2.319650
0.345909 -0.132473 2.185320
0.311949 -0.085050 2.171450
0.138435 -0.415599 2.311280
0.135480 -0.707200 2.120970
0.154715 -0.992563 2.013330
0.154723 -1.031240 1.943720
0.270869 -0.422980 2.318050
0.353141 -0.667839 2.141170
0.324761 -0.985215 2.030590
0.324801 -1.023490 1.961930
0.203534 -0.361367 2.351300
0.203163 -0.334413 2.412220
0.197797 -0.067720 2.527700
0.202966 0.129381 2.509210
0.058109 -0.167345 2.488110
0.039372 -0.376548 2.444270
0.067470 -0.511860 2.327960
0.077980 -0.544164 2.297550
0.349180 -0.158663 2.498170
0.437874 -0.298895 2.336860
0.352875 -0.117955 2.202820
0.326372 -0.063991 2.205320
0.138433 -0.415584 2.311250
0.135477 -0.707247 2.121040
0.154516 -0.992629 2.013500
0.154639 -1.031320 1.943900
0.270683 -0.422864 2.317840
0.352870 -0.667795 2.141100
0.324568 -0.985152 2.031210
0.324760 -1.023470 1.962650
0.203426 -0.361448 2.351070
0.202960 -0.334445 2.412130
0.197433 -0.067459 2.528050
0.202585 0.129537 2.509590
0.058041 -0.167320 2.488210
0.039369 -0.376550 2.444290
0.067465 -0.511847 2.327950
0.077165 -0.548810 2.299000
0.346715 -0.160357 2.498670
0.429673 -0.301970 2.344450
0.356674 -0.104905 2.225180
0.333471 -0.048687 2.234150
0.138434 -0.415547 2.311200
0.135470 -0.707283 2.121100
0.154289 -0.992692 2.013700
0.154550 -1.031400 1.944110
0.270418 -0.422665 2.317530
0.352495 -0.668642 2.140640
0.324806 -0.985218 2.031950
0.325311 -1.023640 1.963530
0.203319 -0.361516 2.350840
0.202758 -0.334470 2.412030
0.197076 -0.067180 2.528380
0.202253 0.129671 2.509910
0.057977 -0.167292 2.488310
0.039343 -0.376424 2.444320
0.067430 -0.511774 2.327970
0.076540 -0.552047 2.300270
0.344936 -0.161576 2.499000
0.424639 -0.303170 2.348360
0.357836 -0.098057 2.234340
0.336459 -0.040617 2.254050
0.138446 -0.415480 2.311120
0.135467 -0.707282 2.121180
0.153717 -0.992873 2.014400
0.154213 -1.031630 1.944850
0.270146 -0.422439 2.317200
0.350718 -0.664593 2.140410
0.326762 -0.985393 2.042890
0.327959 -1.024080 1.974520
0.203195 -0.361564 2.350580
0.202540 -0.334492 2.411920
0.196704 -0.066892 2.528830
0.201953 0.129785 2.510190
0.057917 -0.167237 2.488390
0.039252 -0.376035 2.444390
0.067336 -0.511544 2.328110
0.076128 -0.554144 2.301280
0.343626 -0.162416 2.499230
0.420787 -0.303122 2.350570
0.357465 -0.095642 2.254400
0.337472 -0.035834 2.270080
0.138459 -0.415328 2.310990
0.135427 -0.707167 2.121330
0.153152 -0.993013 2.015230
0.153878 -1.031850 1.945760
0.269785 -0.422124 2.316810
0.349803 -0.663620 2.139940
0.329632 -0.985887 2.048280
0.331411 -1.024840 1.980090
0.203092 -0.361568 2.350360
0.202325 -0.334492 2.411810
0.196389 -0.066642 2.529260
0.201673 0.129864 2.510430
0.057866 -0.167152 2.488480
0.039117 -0.375430 2.444500
0.067200 -0.511197 2.328380
0.079001 -0.519573 2.309720
0.340910 -0.159810 2.502270
0.408185 -0.268323 2.338630
0.355520 -0.086270 2.272210
0.331463 -0.020499 2.283420
0.138524 -0.415089 2.310870
0.135385 -0.706968 2.121490
0.152429 -0.993071 2.016210
0.153447 -1.032010 1.946830
0.269318 -0.421492 2.316420
0.349169 -0.663196 2.139630
0.331340 -0.985942 2.050500
0.333618 -1.025060 1.982400
0.202993 -0.361558 2.350160
0.202124 -0.334484 2.411720
0.196167 -0.066327 2.529830
0.201458 0.129980 2.510600
0.057858 -0.166988 2.488590
0.038985 -0.374807 2.444590
0.067060 -0.510869 2.328690
0.080551 -0.503009 2.313320
0.338829 -0.157364 2.504700
0.402184 -0.249474 2.331730
0.353888 -0.081127 2.281510
0.326706 -0.011931 2.290860
0.138597 -0.414806 2.310770
0.135315 -0.706691 2.121670
0.151679 -0.993078 2.017270
0.152977 -1.032130 1.947990
0.268772 -0.420738 2.316040
0.348630 -0.663252 2.139320
0.332919 -0.985901 2.051730
0.335589 -1.025160 1.983640
0.202864 -0.361501 2.349910
0.201909 -0.334388 2.411590
0.196612 -0.064955 2.530210
0.201195 0.130109 2.510750
0.057900 -0.166724 2.488770
0.038815 -0.374141 2.444680
0.066896 -0.510608 2.329320
0.071915 -0.533010 2.328580
0.337081 -0.155210 2.506530
0.399382 -0.240534 2.328250
0.352694 -0.077964 2.287330
0.322097 -0.006961 2.295930
0.138663 -0.414470 2.310670
0.135258 -0.706405 2.121830
0.150923 -0.993032 2.018290
0.152490 -1.032100 1.949020
0.267946 -0.419688 2.315550
0.348126 -0.663800 2.138910
0.334953 -0.985680 2.052100
0.337974 -1.024940 1.983910
0.202643 -0.361462 2.349460
0.201771 -0.334277 2.411400
0.197905 -0.062512 2.530380
0.200616 0.130413 2.511040
0.057963 -0.166427 2.488960
0.038613 -0.373334 2.444790
0.066733 -0.510291 2.330120
0.066507 -0.550480 2.337700
0.333011 -0.156445 2.502500
0.397685 -0.235229 2.326130
0.348271 -0.076579 2.293230
0.313956 -0.005168 2.301990
0.138683 -0.414133 2.310540
0.135161 -0.705841 2.122180
0.150357 -0.992998 2.019120
0.151910 -1.032050 1.949930
0.267001 -0.418802 2.315000
0.347851 -0.663653 2.138940
0.335689 -0.985454 2.052290
0.338697 -1.024680 1.983970
0.202386 -0.361488 2.348890
0.201659 -0.334176 2.411120
0.199400 -0.060366 2.530220
0.199951 0.130709 2.511330
0.058030 -0.166141 2.489140
0.038429 -0.372587 2.444890
0.066581 -0.510003 2.330880
0.063405 -0.558976 2.342410
0.330124 -0.157099 2.499420
0.399429 -0.236717 2.323820
0.345276 -0.081278 2.298230
0.307490 -0.012096 2.306890
0.138690 -0.413885 2.310410
0.135095 -0.705362 2.122570
0.149888 -0.993004 2.019700
0.151383 -1.032030 1.950570
0.266077 -0.418073 2.314430
0.347552 -0.663244 2.139130
0.336165 -0.985281 2.052500
0.339096 -1.024430 1.984040
0.201990 -0.361754 2.347950
0.201519 -0.334151 2.410660
0.200558 -0.058675 2.530050
0.199087 0.131052 2.511680
0.058095 -0.165869 2.489320
0.038279 -0.371952 2.444970
0.066478 -0.509691 2.331310
0.076197 -0.555790 2.302280
0.327286 -0.158535 2.495810
0.398888 -0.234818 2.322600
0.340977 -0.081297 2.301710
0.302408 -0.012607 2.309990
0.138681 -0.413716 2.310210
0.135025 -0.704924 2.122940
0.149521 -0.993078 2.020150
0.150936 -1.032090 1.951070
0.265124 -0.417570 2.313810
0.347326 -0.662292 2.139670
0.335961 -0.984995 2.052410
0.338499 -1.024010 1.983740
0.201515 -0.362178 2.346780
0.201411 -0.334186 2.410040
0.201479 -0.057293 2.529860
0.198137 0.131451 2.512030
0.058151 -0.165603 2.489500
0.038169 -0.371461 2.444990
0.066417 -0.509477 2.331660
0.074536 -0.558364 2.298340
0.323602 -0.163796 2.487380
0.401032 -0.238094 2.321520
0.338386 -0.084654 2.304210
0.298901 -0.015440 2.312220
0.138630 -0.413605 2.309870
0.134949 -0.704518 2.123310
0.149232 -0.993209 2.020520
0.150472 -1.032240 1.951510
0.264202 -0.417251 2.313180
0.347182 -0.661199 2.140190
0.335439 -0.984720 2.052420
0.337267 -1.023590 1.983600
0.200948 -0.363033 2.345570
0.201292 -0.334414 2.409380
0.202202 -0.056233 2.529690
0.197340 0.131762 2.512320
0.058199 -0.165374 2.489660
0.038093 -0.371105 2.445010
0.066380 -0.509311 2.331890
0.071723 -0.560434 2.297260
0.321055 -0.167897 2.481360
0.401643 -0.238830 2.320410
0.316756 -0.078288 2.313260
0.285677 -0.013658 2.317180
0.138522 -0.413690 2.309520
0.134885 -0.704205 2.123590
0.148979 -0.993460 2.020870
0.150031 -1.032480 1.951900
0.263230 -0.417333 2.312620
0.347288 -0.661844 2.140270
0.334794 -0.984688 2.051260
0.335967 -1.023460 1.982130
0.200402 -0.363996 2.344460
0.201177 -0.334783 2.408680
0.202752 -0.055544 2.529460
0.196640 0.132038 2.512610
0.058241 -0.165176 2.489810
0.038047 -0.370890 2.445010
0.066356 -0.509219 2.332030
0.057707 -0.562247 2.325880
0.319554 -0.171532 2.476480
0.404686 -0.244229 2.320010
0.310031 -0.076561 2.316420
0.276794 -0.012408 2.320360
0.138376 -0.413861 2.309180
0.134854 -0.703976 2.123830
0.148750 -0.993759 2.021170
0.149592 -1.032770 1.952220
0.262253 -0.417793 2.312080
0.347764 -0.663742 2.139970
0.333818 -0.984844 2.049930
0.334287 -1.023530 1.980500
0.199865 -0.365002 2.343480
0.201030 -0.335262 2.407990
0.203109 -0.055090 2.529330
0.196027 0.132261 2.512830
0.058279 -0.165002 2.489940
0.038009 -0.370738 2.445010
0.066350 -0.509141 2.332130
0.049555 -0.557172 2.354320
0.318573 -0.174137 2.473180
0.407170 -0.248916 2.319990
0.304413 -0.074889 2.318770
0.270700 -0.011490 2.322500
0.138197 -0.414086 2.308850
0.134823 -0.703837 2.123970
0.148532 -0.994115 2.021510
0.149153 -1.033110 1.952570
0.261327 -0.418435 2.311590
0.347900 -0.663940 2.140010
0.331935 -0.984877 2.049610
0.331566 -1.023480 1.980080
0.199429 -0.365860 2.342690
0.200986 -0.335732 2.407380
0.203363 -0.054778 2.529250
0.195583 0.132439 2.513020
0.058307 -0.164854 2.490060
0.037982 -0.370627 2.445010
0.066366 -0.509053 2.332170
0.047516 -0.557556 2.359870
0.318140 -0.175952 2.469620
0.409248 -0.252871 2.319890
0.300007 -0.073212 2.320230
0.265636 -0.010359 2.324010
0.138021 -0.414322 2.308540
0.134801 -0.703732 2.124080
0.148370 -0.994435 2.021770
0.148650 -1.033470 1.952880
0.260582 -0.419061 2.311170
0.348159 -0.663726 2.140170
0.329306 -0.984762 2.049780
0.327631 -1.023270 1.980320
0.199036 -0.366762 2.342040
0.200965 -0.336398 2.406800
0.203522 -0.054755 2.529330
0.195275 0.132572 2.513210
0.058328 -0.164736 2.490160
0.037961 -0.370544 2.445010
0.066389 -0.508964 2.332170
0.044770 -0.554609 2.367500
0.318015 -0.177421 2.466230
0.411218 -0.256873 2.319790
0.296778 -0.071657 2.320920
0.261725 -0.009207 2.324900
0.137827 -0.414631 2.308250
0.134788 -0.703665 2.124160
0.148197 -0.994788 2.022000
0.148034 -1.033940 1.953190
0.259929 -0.419829 2.310800
0.348527 -0.662930 2.140550
0.325920 -0.984551 2.050390
0.322903 -1.023090 1.981140
0.198699 -0.367670 2.341520
0.200937 -0.337202 2.406300
0.203542 -0.055126 2.529680
0.194958 0.132695 2.513450
0.058344 -0.164640 2.490230
0.037947 -0.370483 2.445020
0.066424 -0.508877 2.332140
0.046034 -0.556108 2.365450
0.317947 -0.178420 2.464020
0.412112 -0.258660 2.319270
0.294644 -0.070622 2.321370
0.258724 -0.008103 2.325360
0.137639 -0.415010 2.307980
0.134782 -0.703621 2.124200
0.148014 -0.995183 2.022260
0.147416 -1.034490 1.953550
0.259384 -0.420631 2.310520
0.348917 -0.663901 2.140900
0.323915 -0.984808 2.048420
0.320226 -1.023450 1.979240
0.198449 -0.368505 2.341100
0.200948 -0.337950 2.405870
0.203667 -0.055354 2.529870
0.194675 0.132795 2.513660
0.058355 -0.164561 2.490300
0.037935 -0.370437 2.445010
0.066471 -0.508753 2.332040
0.047721 -0.557260 2.362440
0.317970 -0.179236 2.462360
0.412866 -0.260485 2.318960
0.293084 -0.069728 2.321450
0.256455 -0.007148 2.325490
0.137468 -0.415441 2.307700
0.134778 -0.703596 2.124230
0.147924 -0.995615 2.022530
0.146977 -1.034990 1.953880
0.258959 -0.421431 2.310290
0.349269 -0.665204 2.141140
0.322476 -0.985174 2.046610
0.318325 -1.023870 1.977500
0.198251 -0.369195 2.340760
0.200962 -0.338600 2.405510
0.203767 -0.055605 2.530070
0.194445 0.132871 2.513850
0.058364 -0.164495 2.490350
0.037926 -0.370403 2.445010
0.066529 -0.508587 2.331880
0.065857 -0.553946 2.321130
0.318032 -0.179817 2.461180
0.413383 -0.262224 2.318840
0.291934 -0.068890 2.321240
0.254664 -0.006235 2.325390
0.137310 -0.415831 2.307450
0.134776 -0.703587 2.124250
0.147738 -0.996038 2.022770
0.146420 -1.035500 1.954180
0.258621 -0.422132 2.310100
0.349372 -0.665200 2.141530
0.321241 -0.985368 2.046090
0.316747 -1.024120 1.977020
0.198104 -0.369686 2.340520
0.200989 -0.339076 2.405240
0.203841 -0.055778 2.530170
0.194274 0.132920 2.513980
0.058371 -0.164439 2.490400
0.037920 -0.370376 2.445010
0.066601 -0.508393 2.331700
0.068449 -0.554500 2.316190
0.319626 -0.179981 2.459930
0.413941 -0.264126 2.318530
0.291245 -0.068380 2.320920
0.253477 -0.005709 2.325290
0.137161 -0.416164 2.307230
0.134775 -0.703591 2.124270
0.147551 -0.996419 2.022980
0.145862 -1.035960 1.954430
0.258366 -0.422722 2.309950
0.349615 -0.662662 2.140410
0.318899 -0.984588 2.053980
0.314028 -1.023390 1.985110
0.197983 -0.370034 2.340340
0.201017 -0.339416 2.405020
0.203900 -0.055887 2.530220
0.194137 0.132959 2.514090
0.058377 -0.164391 2.490450
0.037919 -0.370395 2.444980
0.066722 -0.508282 2.331460
0.069810 -0.555951 2.313690
0.321438 -0.180229 2.458460
0.414639 -0.266142 2.317920
0.290940 -0.068151 2.320430
0.252665 -0.005403 2.325130
0.136967 -0.416383 2.307040
0.134774 -0.703617 2.124270
0.147385 -0.996690 2.023120
0.145318 -1.036290 1.954620
0.258172 -0.423219 2.309830
0.349892 -0.660023 2.139110
0.316878 -0.983586 2.061790
0.311643 -1.022400 1.993040
0.197884 -0.370318 2.340200
0.201024 -0.339682 2.404850
0.203947 -0.055962 2.530220
0.194025 0.132988 2.514200
0.058383 -0.164360 2.490490
0.037921 -0.370422 2.444940
0.066830 -0.508202 2.331260
0.060013 -0.549889 2.341450
0.322288 -0.180501 2.457870
0.414953 -0.267374 2.317740
0.290752 -0.067934 2.319930
0.252045 -0.005124 2.324910
0.136789 -0.416574 2.306890
0.134771 -0.703645 2.124270
0.147281 -0.996882 2.023190
0.144982 -1.036500 1.954680
0.258012 -0.423683 2.309740
0.350197 -0.657947 2.138120
0.315119 -0.982763 2.067550
0.309825 -1.021540 1.998750
0.197779 -0.370613 2.340070
0.200942 -0.340014 2.404670
0.203822 -0.056255 2.530240
0.193933 0.133017 2.514300
0.058389 -0.164333 2.490530
0.037923 -0.370455 2.444900
0.066931 -0.508137 2.331080
0.057077 -0.549775 2.349370
0.322241 -0.181261 2.458170
0.415077 -0.268264 2.317720
0.290610 -0.067764 2.319430
0.251545 -0.004886 2.324670
0.136629 -0.416735 2.306760
0.134771 -0.703672 2.124270
0.147162 -0.997055 2.023220
0.144743 -1.036670 1.954720
0.257845 -0.424172 2.309660
0.350522 -0.656540 2.137530
0.313455 -0.982166 2.071250
0.308413 -1.020990 2.002350
0.197685 -0.370900 2.339950
0.200860 -0.340325 2.404500
0.203741 -0.056516 2.530140
0.193867 0.133040 2.514380
0.058392 -0.164313 2.490560
0.037933 -0.370501 2.444860
0.067028 -0.508085 2.330890
0.068803 -0.527934 2.323920
0.322028 -0.181950 2.458640
0.415128 -0.268976 2.317720
0.290537 -0.067687 2.318910
0.251156 -0.004725 2.324380
0.136481 -0.416902 2.306630
0.134769 -0.703703 2.124270
0.147085 -0.997216 2.023250
0.144578 -1.036810 1.954740
0.257701 -0.424635 2.309600
0.351225 -0.658025 2.137470
0.311799 -0.982433 2.069800
0.307108 -1.021220 2.000910
0.197598 -0.371141 2.339850
0.200795 -0.340588 2.404340
0.203650 -0.056763 2.530030
0.193816 0.133067 2.514450
0.058393 -0.164296 2.490590
0.037945 -0.370538 2.444810
0.067098 -0.508058 2.330780
0.075607 -0.513501 2.288150
0.322046 -0.182153 2.458870
0.415110 -0.269574 2.317780
0.309893 -0.102797 2.319440
0.261835 -0.025849 2.325230
0.136331 -0.417061 2.306500
0.134766 -0.703735 2.124260
0.147026 -0.997360 2.023260
0.144435 -1.036930 1.954740
0.257571 -0.425019 2.309540
0.351536 -0.657889 2.138040
0.309603 -0.982349 2.068150
0.305159 -1.021110 1.999300
0.197497 -0.371405 2.339740
0.200792 -0.340854 2.404190
0.203558 -0.056997 2.529910
0.193785 0.133083 2.514490
0.058394 -0.164284 2.490610
0.037957 -0.370575 2.444780
0.067180 -0.508091 2.330750
0.079913 -0.526147 2.281880
0.322388 -0.182512 2.457680
0.415094 -0.269257 2.315280
0.312751 -0.107742 2.319470
0.263465 -0.029082 2.325400
0.136164 -0.417250 2.306360
0.134755 -0.703780 2.124270
0.146997 -0.997514 2.023210
0.144221 -1.037080 1.954670
0.257411 -0.425494 2.309450
0.351833 -0.657499 2.137970
0.308179 -0.982097 2.069000
0.303528 -1.020820 2.000240
0.197395 -0.371666 2.339650
0.200757 -0.341137 2.404040
0.203318 -0.057366 2.529840
0.193765 0.133090 2.514520
0.058397 -0.164276 2.490630
0.037970 -0.370610 2.444740
0.067246 -0.508112 2.330710
0.081815 -0.530622 2.278500
0.322492 -0.182669 2.457340
0.414941 -0.269477 2.314680
0.314552 -0.110225 2.319580
0.264634 -0.031370 2.325520
0.136006 -0.417435 2.306240
0.134735 -0.703839 2.124280
0.146943 -0.997670 2.023180
0.144009 -1.037240 1.954620
0.257268 -0.425923 2.309370
0.352130 -0.656828 2.137620
0.306960 -0.981641 2.070830
0.302219 -1.020360 2.002100
0.197315 -0.371893 2.339560
0.200749 -0.341370 2.403900
0.203223 -0.057714 2.529570
0.193782 0.133108 2.514570
0.058399 -0.164269 2.490650
0.037984 -0.370637 2.444720
0.067302 -0.508133 2.330690
0.082549 -0.539730 2.280130
0.322561 -0.182682 2.457070
0.413675 -0.267014 2.311970
0.315354 -0.110237 2.319860
0.265537 -0.032787 2.325720
0.135874 -0.417603 2.306130
0.134713 -0.703895 2.124290
0.146882 -0.997816 2.023130
0.143780 -1.037370 1.954530
0.257157 -0.426281 2.309290
0.352464 -0.656215 2.137350
0.305810 -0.981174 2.072190
0.300953 -1.019850 2.003480
0.197242 -0.372123 2.339470
0.200739 -0.341580 2.403780
0.203161 -0.057966 2.529270
0.193798 0.133127 2.514610
0.058403 -0.164264 2.490660
0.037998 -0.370662 2.444690
0.067358 -0.508158 2.330690
0.082663 -0.546231 2.282580
0.322601 -0.182726 2.456900
0.413311 -0.267033 2.311600
0.315198 -0.108306 2.320150
0.266137 -0.033343 2.325950
0.135755 -0.417775 2.306030
0.134689 -0.703961 2.124300
0.146814 -0.997967 2.023080
0.143570 -1.037490 1.954450
0.257057 -0.426637 2.309230
0.352859 -0.655366 2.136810
0.304660 -0.980386 2.074490
0.299726 -1.019000 2.005730
0.197176 -0.372340 2.339400
0.200742 -0.341768 2.403670
0.203113 -0.058165 2.528990
0.193829 0.133141 2.514650
0.058407 -0.164261 2.490670
0.038008 -0.370675 2.444680
0.067394 -0.508161 2.330680
0.082827 -0.549183 2.283250
0.322629 -0.182683 2.456660
0.413038 -0.267229 2.311430
0.314568 -0.105602 2.320410
0.266509 -0.033314 2.326180
0.135644 -0.417950 2.305930
0.134664 -0.704026 2.124310
0.146778 -0.998109 2.023050
0.143405 -1.037600 1.954390
0.256971 -0.426955 2.309170
0.353182 -0.654626 2.136310
0.303796 -0.979718 2.076490
0.298740 -1.018270 2.007690
0.197176 -0.372568 2.339300
0.200793 -0.341958 2.403540
0.203080 -0.058309 2.528710
0.193885 0.133152 2.514690
0.058415 -0.164257 2.490680
0.038016 -0.370684 2.444670
0.067433 -0.508151 2.330660
0.082837 -0.551272 2.283990
0.322645 -0.182627 2.456460
0.412827 -0.267628 2.311530
0.318495 -0.108594 2.320550
0.270798 -0.037717 2.326460
0.135647 -0.418187 2.305800
0.134638 -0.704091 2.124320
0.146816 -0.998292 2.022960
0.143313 -1.037720 1.954290
0.256957 -0.427232 2.309110
0.353350 -0.654317 2.136130
0.303322 -0.979790 2.077080
0.298058 -1.017970 2.008500
0.197187 -0.372782 2.339200
0.200848 -0.342129 2.403410
0.203086 -0.058407 2.528440
0.193962 0.133159 2.514720
0.058424 -0.164253 2.490690
0.038023 -0.370690 2.444660
0.067470 -0.508134 2.330650
0.082388 -0.553046 2.285870
0.322734 -0.182485 2.456310
0.412722 -0.268139 2.311920
0.321707 -0.111571 2.320430
0.274500 -0.041817 2.326520
0.135672 -0.418463 2.305660
0.134611 -0.704153 2.124330
0.146868 -0.998497 2.022870
0.143242 -1.037840 1.954190
0.256956 -0.427476 2.309060
0.353034 -0.662391 2.137200
0.306323 -0.982703 2.064200
0.300878 -1.020770 1.995330
0.197186 -0.372957 2.339090
0.200888 -0.342269 2.403270
0.203141 -0.058458 2.528120
0.194052 0.133167 2.514740
0.058433 -0.164250 2.490700
0.038030 -0.370694 2.444650
0.067508 -0.508110 2.330640
0.060533 -0.549714 2.337270
0.322787 -0.182425 2.456220
0.412750 -0.269086 2.312810
0.310386 -0.088857 2.318030
0.271757 -0.034730 2.325720
0.135659 -0.418667 2.305490
0.134584 -0.704205 2.124350
0.146929 -0.998683 2.022760
0.143198 -1.037950 1.954070
0.256944 -0.427681 2.309000
0.353078 -0.662981 2.137150
0.306310 -0.982970 2.063660
0.300817 -1.020980 1.994680
0.197192 -0.373057 2.339030
0.200919 -0.342362 2.403180
0.203321 -0.058562 2.527740
0.194127 0.133171 2.514750
0.058439 -0.164248 2.490710
0.038036 -0.370696 2.444640
0.067542 -0.508089 2.330630
0.070264 -0.517065 2.330640
0.323185 -0.182190 2.456460
0.413014 -0.270222 2.314280
0.306217 -0.079244 2.316910
0.269736 -0.028832 2.325010
0.135638 -0.418800 2.305390
0.134554 -0.704254 2.124400
0.147021 -0.998826 2.022620
0.143219 -1.038030 1.953910
0.256952 -0.427844 2.308950
0.352972 -0.662691 2.136930
0.306563 -0.983076 2.065100
0.301155 -1.021040 1.995990
0.197197 -0.373123 2.338990
0.200924 -0.342420 2.403100
0.203533 -0.058598 2.527310
0.194215 0.133171 2.514750
0.058445 -0.164246 2.490710
0.038044 -0.370685 2.444640
0.067576 -0.508049 2.330640
0.073273 -0.506119 2.329010
0.323887 -0.181906 2.458100
0.413649 -0.271466 2.316030
0.322201 -0.099998 2.310710
0.283219 -0.041557 2.314820
0.135622 -0.418896 2.305300
0.134523 -0.704300 2.124450
0.147109 -0.998940 2.022480
0.143335 -1.038080 1.953710
0.256960 -0.427959 2.308930
0.352852 -0.661689 2.136540
0.306919 -0.982883 2.067560
0.301904 -1.020790 1.998330
0.197204 -0.373173 2.338960
0.200913 -0.342470 2.403040
0.203896 -0.058858 2.526880
0.194332 0.133138 2.514730
0.058450 -0.164244 2.490710
0.038051 -0.370677 2.444630
0.067607 -0.508018 2.330640
0.078293 -0.495844 2.322450
0.324654 -0.181653 2.460980
0.414838 -0.273146 2.318560
0.331087 -0.111996 2.307700
0.291303 -0.049651 2.309070
0.135610 -0.418973 2.305230
0.134492 -0.704338 2.124500
0.147173 -0.999037 2.022390
0.143491 -1.038140 1.953550
0.256967 -0.428050 2.308910
0.352721 -0.660795 2.136360
0.307159 -0.982816 2.069150
0.302593 -1.020720 1.999900
0.197209 -0.373205 2.338940
0.200890 -0.342503 2.402970
0.204228 -0.059102 2.526510
0.194420 0.133092 2.514690
0.058456 -0.164242 2.490720
0.038043 -0.370539 2.444640
0.067621 -0.507908 2.330770
0.071271 -0.529822 2.328310
0.325347 -0.181074 2.464280
0.416085 -0.275253 2.322500
0.336631 -0.119560 2.304970
0.297293 -0.055075 2.304200
0.135597 -0.419024 2.305170
0.134471 -0.704362 2.124530
0.147202 -0.999108 2.022360
0.143586 -1.038190 1.953490
0.256968 -0.428105 2.308890
0.352549 -0.659735 2.136260
0.307536 -0.982741 2.070310
0.303430 -1.020640 2.001120
0.197213 -0.373225 2.338920
0.200836 -0.342529 2.402910
0.204617 -0.059387 2.526200
0.194501 0.133041 2.514650
0.058461 -0.164240 2.490720
0.038036 -0.370510 2.444640
0.067641 -0.507881 2.330820
0.067660 -0.550726 2.329910
0.324712 -0.178815 2.470870
0.417529 -0.277646 2.327570
0.341174 -0.125848 2.300760
0.303294 -0.060209 2.296520
0.135585 -0.419057 2.305120
0.134459 -0.704377 2.124540
0.147213 -0.999166 2.022350
0.143704 -1.038230 1.953470
0.256962 -0.428140 2.308880
0.352267 -0.658614 2.136190
0.308100 -0.982667 2.071370
0.304686 -1.020580 2.002340
0.197227 -0.373218 2.338900
0.200782 -0.342516 2.402860
0.205055 -0.059478 2.525870
0.194589 0.132988 2.514590
0.058466 -0.164239 2.490720
0.038025 -0.370487 2.444630
0.067657 -0.507856 2.330850
0.065844 -0.560390 2.331330
0.324511 -0.176911 2.476390
0.419498 -0.281285 2.334000
0.344943 -0.131377 2.294540
0.307770 -0.065368 2.286100
0.135576 -0.419076 2.305080
0.134449 -0.704389 2.124550
0.147192 -0.999226 2.022400
0.143820 -1.038260 1.953500
0.256959 -0.428153 2.308870
0.351990 -0.657539 2.136160
0.308726 -0.982584 2.072240
0.306059 -1.020470 2.003350
0.197243 -0.373175 2.338900
0.200700 -0.342488 2.402810
0.205172 -0.059584 2.525780
0.194679 0.132935 2.514530
0.058467 -0.164239 2.490720
0.038016 -0.370467 2.444620
0.067669 -0.507835 2.330880
0.064780 -0.565792 2.332210
0.324430 -0.175511 2.480680
0.420686 -0.283827 2.338310
0.346840 -0.134659 2.281440
0.309629 -0.068849 2.271340
0.135566 -0.419076 2.305050
0.134438 -0.704399 2.124560
0.147176 -0.999271 2.022490
0.143998 -1.038290 1.953610
0.256960 -0.428133 2.308870
0.351694 -0.656566 2.136170
0.309551 -0.982523 2.072970
0.307755 -1.020470 2.004240
0.197262 -0.373129 2.338900
0.200604 -0.342461 2.402780
0.205206 -0.059742 2.525770
0.194774 0.132869 2.514460
0.058463 -0.164247 2.490720
0.038011 -0.370456 2.444620
0.067677 -0.507821 2.330890
0.077480 -0.528292 2.316460
0.324555 -0.175244 2.483280
0.421460 -0.285722 2.341190
0.341230 -0.132705 2.249970
0.309972 -0.075322 2.249210
0.135558 -0.419072 2.305020
0.134427 -0.704405 2.124560
0.147173 -0.999311 2.022600
0.144266 -1.038320 1.953780
0.256970 -0.428120 2.308870
0.351463 -0.655814 2.136190
0.310293 -0.982489 2.073590
0.309319 -1.020520 2.004990
0.197283 -0.373083 2.338910
0.200490 -0.342444 2.402750
0.204870 -0.060150 2.526020
0.194971 0.132681 2.514360
0.058455 -0.164259 2.490720
0.038007 -0.370453 2.444620
0.067684 -0.507812 2.330900
0.084868 -0.505672 2.307420
0.324556 -0.175219 2.485460
0.423563 -0.289090 2.341680
0.337765 -0.134952 2.230140
0.307381 -0.107194 2.195810
0.135561 -0.419061 2.305000
0.134415 -0.704409 2.124560
0.147247 -0.999331 2.022690
0.144836 -1.038350 1.953950
0.256985 -0.428101 2.308870
0.351220 -0.654578 2.135760
0.311758 -0.981983 2.076010
0.311746 -1.020160 2.007660
0.198058 -0.371254 2.340470
0.200283 -0.341827 2.403340
0.204299 -0.060684 2.526400
0.195205 0.132453 2.514220
0.058440 -0.164284 2.490730
0.038042 -0.370750 2.444550
0.067732 -0.507953 2.330760
0.087387 -0.498253 2.304250
0.348658 -0.152724 2.511350
0.424695 -0.291232 2.342460
0.316178 -0.152026 2.187240
0.290799 -0.125436 2.156420
0.135644 -0.418938 2.305110
0.134410 -0.704388 2.124530
0.147419 -0.999211 2.022780
0.145815 -1.038090 1.954120
0.258473 -0.426829 2.309820
0.350729 -0.652482 2.135370
0.314749 -0.980951 2.078360
0.316264 -1.019140 2.010270
0.198829 -0.369426 2.342090
0.200073 -0.341080 2.404130
0.203459 -0.061370 2.526920
0.195507 0.132128 2.514090
0.058419 -0.164319 2.490730
0.038099 -0.371131 2.444470
0.067793 -0.508133 2.330560
0.089088 -0.492933 2.301860
0.358300 -0.143876 2.522110
0.426299 -0.295074 2.343920
0.310958 -0.158611 2.173640
0.274072 -0.155919 2.126490
0.135785 -0.418739 2.305300
0.134407 -0.704364 2.124500
0.147611 -0.999019 2.022840
0.146791 -1.037730 1.954210
0.259997 -0.425553 2.310840
0.350328 -0.650790 2.135220
0.317412 -0.980121 2.080070
0.320124 -1.018380 2.012120
0.199489 -0.367565 2.343620
0.199849 -0.340137 2.405030
0.202345 -0.062053 2.527500
0.195826 0.131801 2.513970
0.058391 -0.164361 2.490730
0.038158 -0.371524 2.444390
0.067851 -0.508325 2.330340
0.090269 -0.489449 2.300270
0.362455 -0.139947 2.526850
0.428330 -0.297638 2.344530
0.308011 -0.162601 2.164940
0.269385 -0.165506 2.114620
0.135979 -0.418348 2.305580
0.134403 -0.704345 2.124480
0.147929 -0.998664 2.022890
0.147858 -1.037230 1.954280
0.261360 -0.424339 2.311780
0.349972 -0.649208 2.135190
0.319612 -0.979355 2.081420
0.323069 -1.017710 2.013510
0.200068 -0.365917 2.344990
0.199674 -0.339186 2.405960
0.201074 -0.062740 2.528100
0.196236 0.131385 2.513850
0.058360 -0.164408 2.490740
0.038212 -0.371893 2.444320
0.067906 -0.508463 2.330020
0.090706 -0.487486 2.299480
0.365218 -0.137518 2.529730
0.430569 -0.299895 2.344240
0.306291 -0.165574 2.158940
0.266263 -0.172173 2.107330
0.136213 -0.417882 2.305900
0.134407 -0.704329 2.124460
0.148146 -0.998300 2.022930
0.148609 -1.036780 1.954340
0.262659 -0.423240 2.312710
0.349244 -0.652638 2.134110
0.325074 -0.979913 2.079200
0.329249 -1.018530 2.011070
0.200546 -0.364481 2.346150
0.199542 -0.338259 2.406850
0.199988 -0.063312 2.528610
0.196623 0.131000 2.513770
0.058326 -0.164459 2.490750
0.038262 -0.372175 2.444280
0.067946 -0.508548 2.329720
0.090716 -0.486820 2.299340
0.366573 -0.136604 2.530500
0.432579 -0.301341 2.343590
0.305863 -0.167781 2.155190
0.264877 -0.175742 2.105180
0.136479 -0.417300 2.306270
0.134420 -0.704300 2.124420
0.148319 -0.997871 2.023010
0.149209 -1.036320 1.954430
0.263724 -0.422318 2.313490
0.348985 -0.652830 2.133920
0.327491 -0.979838 2.078970
0.332000 -1.018590 2.010780
0.200910 -0.363350 2.347070
0.199447 -0.337453 2.407650
0.199020 -0.063797 2.529160
0.196974 0.130670 2.513700
0.058291 -0.164513 2.490760
0.038310 -0.372449 2.444250
0.067924 -0.508651 2.329440
0.089259 -0.491317 2.298530
0.366450 -0.137212 2.529050
0.434892 -0.301856 2.341980
0.306831 -0.169103 2.152870
0.265486 -0.176346 2.105740
0.136721 -0.416740 2.306640
0.134433 -0.704283 2.124380
0.148474 -0.997424 2.023060
0.149698 -1.035880 1.954490
0.264562 -0.421593 2.314110
0.348792 -0.652923 2.133800
0.329073 -0.979742 2.078830
0.333756 -1.018600 2.010610
0.201334 -0.362346 2.347930
0.199480 -0.336689 2.408460
0.198184 -0.064212 2.529660
0.197329 0.130322 2.513700
0.058252 -0.164573 2.490770
0.038376 -0.372756 2.444240
0.067902 -0.508759 2.329160
0.087552 -0.504645 2.285410
0.365617 -0.138689 2.526250
0.437251 -0.301583 2.339530
0.308679 -0.169929 2.151240
0.267160 -0.175600 2.106930
0.137034 -0.416187 2.307050
0.134453 -0.704279 2.124300
0.148611 -0.996951 2.023130
0.150093 -1.035460 1.954550
0.265762 -0.420797 2.314840
0.348639 -0.652964 2.133740
0.330361 -0.979657 2.078700
0.335103 -1.018600 2.010470
0.201669 -0.361566 2.348610
0.199532 -0.336049 2.409150
0.197495 -0.064544 2.530080
0.197643 0.130016 2.513700
0.058213 -0.164640 2.490790
0.038456 -0.373045 2.444230
0.067870 -0.508860 2.328880
0.086499 -0.511580 2.278530
0.364556 -0.140457 2.523150
0.439556 -0.301085 2.337250
0.311346 -0.170239 2.150720
0.269767 -0.173628 2.109480
0.137312 -0.415697 2.307430
0.134489 -0.704300 2.124160
0.148726 -0.996480 2.023170
0.150408 -1.035060 1.954590
0.266734 -0.420175 2.315420
0.351274 -0.673098 2.137640
0.334362 -0.978532 2.047510
0.338441 -1.017840 1.978920
0.201907 -0.360978 2.349150
0.199575 -0.335535 2.409750
0.196890 -0.064845 2.530550
0.197920 0.129752 2.513710
0.058173 -0.164707 2.490820
0.038535 -0.373323 2.444240
0.067839 -0.508959 2.328630
0.086241 -0.509550 2.280840
0.363504 -0.142323 2.520020
0.441539 -0.300422 2.334830
0.365700 -0.199045 2.161120
0.393074 -0.229294 2.128470
0.137500 -0.415292 2.307790
0.134565 -0.704334 2.123860
0.148769 -0.996034 2.023310
0.150606 -1.034710 1.954710
0.267460 -0.419724 2.315870
0.352438 -0.674382 2.139630
0.333334 -0.978100 2.041930
0.337030 -1.017540 1.973210
0.202090 -0.360529 2.349570
0.199627 -0.335119 2.410250
0.196430 -0.065079 2.530890
0.198193 0.129547 2.513720
0.058135 -0.164775 2.490850
0.038611 -0.373577 2.444250
0.067797 -0.509034 2.328350
0.069798 -0.546773 2.304640
0.362637 -0.144024 2.517200
0.445163 -0.298330 2.331620
0.431126 -0.184162 2.405370
0.430854 -0.152370 2.450160
0.137654 -0.414952 2.308100
0.134646 -0.704399 2.123540
0.148910 -0.995558 2.023340
0.150855 -1.034330 1.954740
0.268022 -0.419388 2.316200
0.353373 -0.673119 2.141230
0.331939 -0.977766 2.039050
0.335251 -1.017310 1.970330
0.202226 -0.360189 2.349890
0.199687 -0.334786 2.410660
0.196074 -0.065266 2.531170
0.198459 0.129373 2.513740
0.058100 -0.164836 2.490870
0.038691 -0.373871 2.444230
0.067765 -0.509141 2.328010
0.073210 -0.537721 2.308550
0.361857 -0.145668 2.514340
0.448286 -0.296657 2.328720
0.386229 -0.190297 2.237300
0.359740 -0.155723 2.199490
0.137771 -0.414670 2.308370
0.134718 -0.704510 2.123180
0.149041 -0.995079 2.023290
0.151049 -1.033960 1.954690
0.268436 -0.419147 2.316440
0.354657 -0.678041 2.140220
0.331599 -0.977837 2.035760
0.334654 -1.017480 1.966950
0.202323 -0.359944 2.350130
0.199752 -0.334525 2.411000
0.195825 -0.065409 2.531370
0.198743 0.129215 2.513720
0.058067 -0.164896 2.490900
0.038753 -0.374123 2.444210
0.067742 -0.509238 2.327710
0.056003 -0.557305 2.331190
0.361106 -0.147146 2.511600
0.450397 -0.294176 2.324470
0.441101 -0.183399 2.405090
0.437127 -0.138065 2.438120
0.137863 -0.414450 2.308610
0.134782 -0.704635 2.122830
0.149138 -0.994660 2.023250
0.151176 -1.033630 1.954650
0.268707 -0.418989 2.316600
0.355020 -0.677671 2.140330
0.329983 -0.978032 2.035720
0.332622 -1.017750 1.966990
0.202390 -0.359766 2.350300
0.199808 -0.334328 2.411250
0.195599 -0.065535 2.531590
0.199030 0.129079 2.513680
0.058034 -0.164953 2.490930
0.038780 -0.374226 2.444190
0.067726 -0.509277 2.327560
0.064298 -0.545404 2.303540
0.360498 -0.148440 2.509170
0.452492 -0.292468 2.321510
0.448686 -0.181294 2.452110
0.441388 -0.132975 2.515960
0.137930 -0.414272 2.308800
0.134845 -0.704771 2.122490
0.149237 -0.994266 2.023180
0.151278 -1.033340 1.954590
0.268897 -0.418876 2.316710
0.355545 -0.680469 2.140830
0.328584 -0.977879 2.030480
0.330828 -1.017670 1.961700
0.202439 -0.359633 2.350430
0.199864 -0.334178 2.411470
0.195430 -0.065665 2.531820
0.199343 0.128945 2.513640
0.058005 -0.165009 2.490950
0.038800 -0.374301 2.444170
0.067714 -0.509305 2.327440
0.070269 -0.536702 2.286060
0.360075 -0.149605 2.506940
0.454071 -0.291308 2.319310
0.446626 -0.174575 2.460890
0.432552 -0.125604 2.503990
0.137980 -0.414129 2.308950
0.134899 -0.704918 2.122160
0.149426 -0.993805 2.022980
0.151424 -1.033000 1.954430
0.269041 -0.418795 2.316790
0.355669 -0.675945 2.142010
0.325240 -0.977808 2.031960
0.326975 -1.017690 1.963350
0.202480 -0.359531 2.350540
0.199935 -0.334047 2.411660
0.195427 -0.065806 2.531930
0.199663 0.128844 2.513550
0.057979 -0.165062 2.490970
0.038816 -0.374359 2.444140
0.067706 -0.509328 2.327340
0.078373 -0.515791 2.289440
0.359932 -0.150442 2.505400
0.454778 -0.290533 2.317250
0.449772 -0.172462 2.465190
0.440883 -0.125584 2.507830
0.138021 -0.414010 2.309110
0.134946 -0.705055 2.121850
0.149615 -0.993368 2.022780
0.151574 -1.032650 1.954240
0.269154 -0.418740 2.316840
0.355775 -0.675718 2.142370
0.324268 -0.977872 2.031140
0.325784 -1.017790 1.962540
0.202506 -0.359458 2.350620
0.199996 -0.333949 2.411810
0.195459 -0.065933 2.532010
0.200102 0.128762 2.513390
0.057957 -0.165115 2.490990
0.038829 -0.374405 2.444120
0.067698 -0.509347 2.327240
0.082523 -0.505354 2.291720
0.359997 -0.151846 2.503250
0.455409 -0.289760 2.316100
0.373722 -0.224157 2.205330
0.342135 -0.204042 2.159630
0.138039 -0.413920 2.309240
0.134990 -0.705183 2.121580
0.149787 -0.992965 2.022550
0.151686 -1.032310 1.954020
0.269226 -0.418722 2.316870
0.355778 -0.675746 2.142510
0.323740 -0.977996 2.030590
0.325099 -1.017920 1.961990
0.202524 -0.359404 2.350680
0.200054 -0.333873 2.411930
0.195550 -0.066093 2.532040
0.200557 0.128697 2.513210
0.057936 -0.165168 2.491000
0.038846 -0.374459 2.444060
0.067699 -0.509396 2.327140
0.084898 -0.499373 2.293320
0.360144 -0.152890 2.501620
0.455844 -0.289572 2.313860
0.353899 -0.201980 2.208850
0.318012 -0.170766 2.175740
0.138047 -0.413850 2.309360
0.135024 -0.705290 2.121350
0.149950 -0.992558 2.022260
0.151779 -1.031960 1.953720
0.269276 -0.418725 2.316870
0.355583 -0.672624 2.142370
0.321666 -0.978262 2.034870
0.322777 -1.018150 1.966270
0.202539 -0.359367 2.350730
0.200116 -0.333820 2.412040
0.195665 -0.066264 2.532050
0.201040 0.128614 2.513020
0.057921 -0.165222 2.491010
0.038865 -0.374497 2.444010
0.067704 -0.509435 2.327060
0.087138 -0.502720 2.286190
0.360265 -0.153667 2.500400
0.455513 -0.289510 2.314040
0.490799 -0.188446 2.351450
0.519567 -0.152619 2.386600
0.138057 -0.413801 2.309470
0.135060 -0.705379 2.121130
0.150058 -0.992248 2.022070
0.151828 -1.031690 1.953530
0.269313 -0.418753 2.316870
0.355349 -0.669108 2.142170
0.319827 -0.978552 2.040780
0.320729 -1.018390 1.972140
0.202550 -0.359342 2.350760
0.200176 -0.333783 2.412120
0.195826 -0.066464 2.532030
0.201517 0.128486 2.512830
0.057905 -0.165279 2.491020
0.038884 -0.374528 2.443950
0.067710 -0.509472 2.327000
0.088307 -0.506080 2.280920
0.360314 -0.154179 2.499550
0.455299 -0.291281 2.313730
0.477291 -0.173255 2.356020
0.486394 -0.133585 2.370750
0.138064 -0.413764 2.309570
0.135093 -0.705465 2.120940
0.150191 -0.991954 2.021870
0.151897 -1.031440 1.953340
0.269336 -0.418792 2.316850
0.355048 -0.666040 2.142070
0.318557 -0.978801 2.045560
0.319310 -1.018600 1.976880
0.202558 -0.359326 2.350790
0.200235 -0.333756 2.412200
0.196002 -0.066678 2.531970
0.202063 0.128300 2.512650
0.057892 -0.165333 2.491030
0.038901 -0.374554 2.443900
0.067708 -0.509570 2.326980
0.088784 -0.508290 2.277730
0.360355 -0.154548 2.498930
0.454854 -0.293914 2.314070
0.385222 -0.166095 2.346960
0.388488 -0.120261 2.367820
0.138070 -0.413737 2.309660
0.135126 -0.705543 2.120760
0.150280 -0.991743 2.021770
0.151938 -1.031260 1.953230
0.269351 -0.418840 2.316830
0.354683 -0.663143 2.142090
0.317772 -0.978939 2.048940
0.318425 -1.018710 1.980210
0.202565 -0.359316 2.350820
0.200296 -0.333734 2.412260
0.196380 -0.067136 2.531550
0.202531 0.128093 2.512500
0.057882 -0.165392 2.491030
0.038962 -0.374689 2.443750
0.067734 -0.509852 2.326910
0.090546 -0.515465 2.275820
0.360381 -0.154803 2.498510
0.452956 -0.299732 2.316600
0.352116 -0.252444 2.211760
0.356274 -0.256147 2.195030
0.138075 -0.413718 2.309740
0.135148 -0.705626 2.120590
0.150532 -0.991424 2.021500
0.152128 -1.030940 1.952930
0.269365 -0.418892 2.316810
0.354372 -0.660868 2.142170
0.317309 -0.979051 2.051470
0.317905 -1.018750 1.982670
0.202593 -0.359311 2.350840
0.200440 -0.333703 2.412330
0.197360 -0.067797 2.530530
0.202926 0.127885 2.512350
0.057869 -0.165478 2.491010
0.039098 -0.375020 2.443480
0.067788 -0.510337 2.326700
0.092049 -0.521664 2.274620
0.360399 -0.154981 2.498210
0.446930 -0.311395 2.323710
0.334536 -0.270874 2.185220
0.339177 -0.302038 2.139790
0.138098 -0.413706 2.309810
0.135157 -0.705706 2.120450
0.150847 -0.991065 2.021090
0.152394 -1.030520 1.952450
0.269395 -0.418944 2.316800
0.354001 -0.658919 2.142300
0.317175 -0.979159 2.053350
0.317726 -1.018780 1.984460
0.202627 -0.359329 2.350860
0.200592 -0.333699 2.412370
0.198531 -0.068597 2.529110
0.203293 0.127652 2.512180
0.057854 -0.165584 2.490990
0.039305 -0.375735 2.443000
0.067906 -0.511189 2.326240
0.088808 -0.535900 2.277240
0.360406 -0.155115 2.497980
0.419190 -0.341630 2.346750
0.311073 -0.304165 2.164830
0.317102 -0.352111 2.107980
0.138122 -0.413725 2.309900
0.135160 -0.705775 2.120340
0.151154 -0.990739 2.020640
0.152661 -1.030100 1.951890
0.269424 -0.419044 2.316790
0.353589 -0.659396 2.141040
0.318213 -0.979646 2.054950
0.318719 -1.019100 1.985950
0.202780 -0.359803 2.350950
0.200874 -0.333937 2.412440
0.199706 -0.069391 2.527660
0.203607 0.127408 2.512010
0.057838 -0.165742 2.490950
0.039506 -0.376406 2.442570
0.068040 -0.511970 2.325820
0.086421 -0.545600 2.279320
0.360296 -0.155229 2.497820
0.406075 -0.350638 2.350530
0.336628 -0.272801 2.147510
0.329916 -0.340324 2.086430
0.138265 -0.414256 2.310350
0.135157 -0.705846 2.120260
0.151559 -0.990542 2.020090
0.153045 -1.029760 1.951180
0.269467 -0.419722 2.316880
0.353122 -0.659149 2.140340
0.319432 -0.980430 2.057490
0.319880 -1.019590 1.988250
0.202950 -0.360493 2.351030
0.201174 -0.334308 2.412480
0.200747 -0.070127 2.526290
0.203879 0.127182 2.511850
0.057808 -0.166052 2.490830
0.039724 -0.377087 2.442140
0.068188 -0.512796 2.325430
0.086925 -0.548167 2.279070
0.359967 -0.155537 2.497680
0.399061 -0.356145 2.352770
0.342122 -0.266022 2.135240
0.393976 -0.275752 2.117640
0.138429 -0.414993 2.310850
0.135151 -0.705911 2.120190
0.152002 -0.990423 2.019520
0.153489 -1.029480 1.950460
0.269458 -0.420643 2.317000
0.352456 -0.660021 2.139570
0.321061 -0.981493 2.058790
0.321512 -1.020370 1.989400
0.203109 -0.361200 2.351060
0.201453 -0.334705 2.412470
0.201586 -0.070721 2.525080
0.204097 0.126997 2.511690
0.057828 -0.166481 2.490620
0.039981 -0.377754 2.441710
0.068335 -0.513620 2.325060
0.087716 -0.548729 2.278300
0.359577 -0.155897 2.497570
0.388233 -0.347755 2.336460
0.349279 -0.258767 2.127920
0.404403 -0.266904 2.096410
0.138597 -0.415685 2.311260
0.135144 -0.705972 2.120130
0.152433 -0.990356 2.019010
0.153936 -1.029270 1.949810
0.269418 -0.421531 2.317090
0.352181 -0.660212 2.139360
0.321546 -0.981978 2.059490
0.322004 -1.020690 1.990010
0.203278 -0.362009 2.351040
0.201721 -0.335185 2.412420
0.202330 -0.071261 2.523910
0.204271 0.126838 2.511550
0.057973 -0.167021 2.490240
0.040268 -0.378502 2.441250
0.068522 -0.514655 2.324770
0.088038 -0.549128 2.277760
0.359079 -0.156439 2.497550
0.383913 -0.345843 2.331430
0.358934 -0.312244 2.121490
0.393549 -0.278465 2.092140
0.138775 -0.416359 2.311610
0.135135 -0.706027 2.120090
0.152893 -0.990337 2.018590
0.154464 -1.029110 1.949240
0.269339 -0.422554 2.317190
0.351986 -0.660192 2.139180
0.321943 -0.982475 2.060590
0.322473 -1.020990 1.990980
0.203442 -0.362810 2.351000
0.201946 -0.335676 2.412340
0.202933 -0.071709 2.522920
0.204417 0.126704 2.511440
0.058231 -0.167637 2.489720
0.040528 -0.379189 2.440830
0.068700 -0.515577 2.324500
0.089671 -0.548037 2.277270
0.358501 -0.157323 2.497650
0.381763 -0.345139 2.328730
0.366501 -0.332290 2.121970
0.396398 -0.275513 2.089700
0.138946 -0.416988 2.311900
0.135127 -0.706077 2.120050
0.153468 -0.990338 2.018080
0.155200 -1.028940 1.948560
0.269261 -0.423555 2.317300
0.351711 -0.659231 2.138790
0.322166 -0.982612 2.064280
0.323013 -1.020830 1.994460
0.203581 -0.363547 2.350940
0.202108 -0.336132 2.412260
0.203321 -0.071999 2.522170
0.204536 0.126596 2.511330
0.058634 -0.168281 2.489080
0.040749 -0.379777 2.440480
0.068795 -0.516377 2.324290
0.089404 -0.547101 2.276320
0.357869 -0.158472 2.497970
0.393311 -0.340161 2.434830
0.364463 -0.307602 2.235510
0.386089 -0.334514 2.140200
0.139109 -0.417517 2.312100
0.135119 -0.706125 2.120030
0.154028 -0.990367 2.017630
0.155994 -1.028810 1.947940
0.269177 -0.424447 2.317410
0.351420 -0.658085 2.138470
0.322695 -0.982684 2.068170
0.323976 -1.020630 1.998240
0.203697 -0.364188 2.350870
0.202228 -0.336546 2.412160
0.203568 -0.072213 2.521600
0.204602 0.126535 2.511280
0.059006 -0.168850 2.488470
0.040945 -0.380312 2.440180
0.068805 -0.517054 2.324060
0.088476 -0.544541 2.274670
0.357274 -0.159665 2.498360
0.397916 -0.345406 2.473350
0.363143 -0.296125 2.301390
0.384416 -0.358385 2.154530
0.139265 -0.417964 2.312220
0.135112 -0.706181 2.120000
0.154570 -0.990418 2.017210
0.156791 -1.028720 1.947370
0.269100 -0.425204 2.317500
0.351166 -0.657035 2.138210
0.323149 -0.982712 2.071250
0.324836 -1.020440 2.001260
0.203795 -0.364744 2.350780
0.202310 -0.336932 2.412060
0.203658 -0.072377 2.521200
0.204651 0.126485 2.511240
0.059389 -0.169332 2.487880
0.041087 -0.380696 2.439960
0.068748 -0.517502 2.323820
0.087582 -0.543875 2.273850
0.356707 -0.160831 2.498780
0.401235 -0.349580 2.492630
0.363273 -0.294244 2.323950
0.382757 -0.376584 2.163660
0.139424 -0.418326 2.312260
0.135109 -0.706233 2.119980
0.155044 -0.990480 2.016820
0.157514 -1.028670 1.946860
0.269033 -0.425832 2.317580
0.350963 -0.655652 2.137680
0.323701 -0.982339 2.075290
0.325877 -1.019880 2.005300
0.203866 -0.365212 2.350700
0.202345 -0.337269 2.411970
0.203349 -0.072362 2.520950
0.204690 0.126448 2.511210
0.059755 -0.169695 2.487370
0.041200 -0.381002 2.439780
0.068684 -0.517833 2.323570
0.086415 -0.542679 2.272760
0.356231 -0.161845 2.499210
0.403495 -0.353640 2.501540
0.368507 -0.325791 2.327510
0.389287 -0.417454 2.184490
0.139563 -0.418624 2.312270
0.135108 -0.706282 2.119970
0.155403 -0.990543 2.016530
0.158094 -1.028660 1.946480
0.268973 -0.426351 2.317650
0.350798 -0.654264 2.137080
0.324235 -0.981838 2.078910
0.326867 -1.019240 2.008950
0.203911 -0.365613 2.350620
0.202347 -0.337571 2.411870
0.202956 -0.072285 2.520800
0.204717 0.126415 2.511170
0.060105 -0.169945 2.486910
0.041275 -0.381198 2.439660
0.068617 -0.518068 2.323410
0.056104 -0.552305 2.320300
0.355794 -0.162680 2.499600
0.404676 -0.359529 2.497730
0.371663 -0.345456 2.322840
0.391984 -0.435305 2.193490
0.139683 -0.418866 2.312250
0.135108 -0.706328 2.119960
0.155671 -0.990610 2.016360
0.158553 -1.028670 1.946240
0.268888 -0.426779 2.317710
0.350623 -0.653094 2.136590
0.325058 -0.981386 2.082180
0.328124 -1.018690 2.012280
0.203942 -0.365950 2.350550
0.202332 -0.337837 2.411790
0.202535 -0.072186 2.520730
0.204739 0.126394 2.511120
0.060405 -0.170126 2.486540
0.041328 -0.381332 2.439580
0.068570 -0.518236 2.323320
0.066736 -0.540710 2.302120
0.355430 -0.163353 2.499940
0.406425 -0.379949 2.474320
0.371730 -0.351167 2.315710
0.393544 -0.446413 2.198390
0.139789 -0.419067 2.312230
0.135106 -0.706370 2.119960
0.155897 -0.990672 2.016210
0.158946 -1.028690 1.946040
0.268804 -0.427134 2.317760
0.350491 -0.651905 2.136020
0.325675 -0.980809 2.085010
0.329090 -1.018050 2.015150
0.203941 -0.366218 2.350490
0.202276 -0.338065 2.411730
0.201990 -0.072035 2.520770
0.204775 0.126376 2.511020
0.060637 -0.170237 2.486230
0.041364 -0.381428 2.439520
0.068529 -0.518341 2.323230
0.074317 -0.528914 2.287110
0.355117 -0.163929 2.500230
0.406815 -0.388089 2.462830
0.371528 -0.354525 2.306260
0.394591 -0.453811 2.201660
0.139853 -0.419208 2.312210
0.135103 -0.706410 2.119960
0.156054 -0.990715 2.016090
0.159237 -1.028710 1.945890
0.268715 -0.427424 2.317820
0.350391 -0.650905 2.135560
0.326162 -0.980311 2.087170
0.329853 -1.017520 2.017330
0.203925 -0.366446 2.350470
0.202197 -0.338272 2.411710
0.201438 -0.071879 2.520930
0.204811 0.126365 2.510920
0.060812 -0.170306 2.486000
0.041393 -0.381500 2.439470
0.068495 -0.518417 2.323160
0.078373 -0.523149 2.279090
0.354888 -0.164390 2.500490
0.404522 -0.386479 2.455880
0.394411 -0.453078 2.321590
0.402495 -0.489046 2.201800
0.139895 -0.419327 2.312200
0.135104 -0.706451 2.119960
0.156160 -0.990751 2.015990
0.159442 -1.028710 1.945760
0.268629 -0.427689 2.317920
0.350262 -0.649503 2.134740
0.326914 -0.979331 2.089890
0.330880 -1.016520 2.020070
0.203890 -0.366652 2.350470
0.202093 -0.338472 2.411710
0.200881 -0.071699 2.521230
0.204841 0.126352 2.510800
0.060955 -0.170347 2.485810
0.041416 -0.381553 2.439430
0.068463 -0.518461 2.323090
0.080820 -0.519922 2.274160
0.354714 -0.164758 2.500730
0.402447 -0.383819 2.451220
0.411779 -0.509907 2.334120
0.406482 -0.502518 2.204540
0.139922 -0.419428 2.312200
0.135106 -0.706539 2.119970
0.156263 -0.990784 2.015860
0.159643 -1.028730 1.945620
0.268529 -0.427927 2.318040
0.350079 -0.648454 2.134150
0.327632 -0.978634 2.091800
0.331809 -1.015830 2.022000
0.203826 -0.366851 2.350490
0.201955 -0.338675 2.411740
0.200362 -0.071540 2.521550
0.204881 0.126339 2.510690
0.061052 -0.170368 2.485680
0.041434 -0.381595 2.439400
0.068436 -0.518492 2.323020
0.082484 -0.517684 2.270890
0.354578 -0.165058 2.500930
0.400746 -0.381149 2.448210
0.419023 -0.532622 2.339010
0.408854 -0.510349 2.206430
0.139918 -0.419536 2.312190
0.135111 -0.706632 2.119980
0.156309 -0.990821 2.015760
0.159761 -1.028740 1.945510
0.268418 -0.428154 2.318180
0.350027 -0.647948 2.133950
0.327885 -0.978362 2.092690
0.332174 -1.015550 2.022900
0.203758 -0.367028 2.350510
0.201831 -0.338853 2.411780
0.199939 -0.071411 2.521820
0.204923 0.126325 2.510580
0.061125 -0.170376 2.485570
0.041446 -0.381625 2.439370
0.068407 -0.518513 2.322950
0.075624 -0.540008 2.327370
0.354427 -0.165117 2.501150
0.399523 -0.378780 2.446430
0.423192 -0.546933 2.341840
0.410530 -0.515539 2.207900
0.139901 -0.419642 2.312190
0.135119 -0.706725 2.120000
0.156227 -0.990882 2.015650
0.159764 -1.028770 1.945410
0.268310 -0.428347 2.318310
0.349982 -0.647565 2.133820
0.328081 -0.978152 2.093330
0.332451 -1.015340 2.023530
0.203691 -0.367182 2.350540
0.201715 -0.339009 2.411820
0.199676 -0.071344 2.521990
0.204980 0.126319 2.510450
0.061182 -0.170373 2.485490
0.041456 -0.381647 2.439340
0.068373 -0.518490 2.322850
0.075758 -0.559135 2.338070
0.354333 -0.165196 2.501270
0.398672 -0.376906 2.445370
0.425703 -0.554710 2.343830
0.411847 -0.518456 2.209230
0.139876 -0.419731 2.312200
0.135125 -0.706813 2.120010
0.156149 -0.990932 2.015560
0.159757 -1.028800 1.945330
0.268214 -0.428520 2.318440
0.349927 -0.647259 2.133710
0.328259 -0.977985 2.093820
0.332687 -1.015170 2.024030
0.203629 -0.367318 2.350570
0.201612 -0.339146 2.411860
0.199526 -0.071308 2.522080
0.205062 0.126315 2.510290
0.061226 -0.170361 2.485420
0.041465 -0.381665 2.439310
0.068301 -0.518408 2.322640
0.086634 -0.552026 2.308380
0.354250 -0.165123 2.501510
0.398243 -0.376237 2.444450
0.426279 -0.556568 2.343910
0.412836 -0.519374 2.210360
0.139842 -0.419823 2.312210
0.135131 -0.706922 2.120020
0.155454 -0.991483 2.016810
0.159195 -1.029280 1.946560
0.268136 -0.428667 2.318560
0.349882 -0.647023 2.133630
0.328403 -0.977852 2.094160
0.332878 -1.015040 2.024360
0.203570 -0.367442 2.350600
0.201519 -0.339272 2.411900
0.199409 -0.071285 2.522160
0.205123 0.126312 2.510150
0.061254 -0.170339 2.485360
0.041476 -0.381686 2.439270
0.068215 -0.518342 2.322410
0.088351 -0.529373 2.298550
0.354144 -0.164784 2.501840
0.397936 -0.375671 2.443870
0.424585 -0.552397 2.342520
0.413379 -0.518421 2.211310
0.139805 -0.419929 2.312220
0.135141 -0.707041 2.120030
0.154775 -0.992070 2.018100
0.158619 -1.029810 1.947850
0.268067 -0.428794 2.318680
0.349848 -0.646838 2.133580
0.328519 -0.977739 2.094360
0.333026 -1.014930 2.024550
0.203565 -0.367555 2.350660
0.201471 -0.339377 2.411950
0.199322 -0.071270 2.522220
0.205182 0.126312 2.510020
0.061266 -0.170314 2.485310
0.041485 -0.381715 2.439220
0.068131 -0.518289 2.322170
0.088788 -0.519446 2.293870
0.354058 -0.164388 2.502180
0.397720 -0.375172 2.443540
0.422286 -0.546019 2.340870
0.413635 -0.516515 2.212020
0.139830 -0.420078 2.312260
0.135155 -0.707151 2.120030
0.154178 -0.992596 2.019250
0.158113 -1.030270 1.948980
0.268167 -0.428926 2.318900
0.349820 -0.646589 2.133480
0.328650 -0.977577 2.094600
0.333173 -1.014780 2.024780
0.203568 -0.367657 2.350720
0.201433 -0.339471 2.412000
0.199258 -0.071263 2.522260
0.205260 0.126310 2.509870
0.061270 -0.170285 2.485260
0.041491 -0.381735 2.439170
0.068042 -0.518201 2.321890
0.075622 -0.547052 2.298070
0.353993 -0.163895 2.502570
0.397567 -0.374770 2.443380
0.419903 -0.539894 2.339500
0.413610 -0.514035 2.212640
0.139859 -0.420224 2.312310
0.135173 -0.707272 2.120020
0.153642 -0.993064 2.020290
0.157654 -1.030680 1.950010
0.268276 -0.429041 2.319100
0.349820 -0.646355 2.133390
0.328730 -0.977424 2.094770
0.333266 -1.014630 2.024940
0.203577 -0.367742 2.350780
0.201404 -0.339548 2.412050
0.199210 -0.071256 2.522310
0.205345 0.126316 2.509710
0.061269 -0.170252 2.485220
0.041494 -0.381746 2.439130
0.067949 -0.518103 2.321640
0.071632 -0.555177 2.299420
0.353985 -0.163329 2.502980
0.397452 -0.374419 2.443380
0.417602 -0.534705 2.338600
0.413306 -0.511047 2.213360
0.139885 -0.420348 2.312370
0.135188 -0.707362 2.120030
0.153155 -0.993498 2.021380
0.157231 -1.031070 1.951090
0.268401 -0.429140 2.319300
0.349692 -0.648003 2.133460
0.329501 -0.978148 2.092570
0.334037 -1.015380 2.022660
0.203589 -0.367822 2.350840
0.201382 -0.339620 2.412100
0.199175 -0.071258 2.522330
0.205434 0.126317 2.509550
0.061265 -0.170216 2.485190
0.041499 -0.381756 2.439090
0.067849 -0.518010 2.321400
0.065414 -0.566483 2.307400
0.353998 -0.162772 2.503350
0.397377 -0.374222 2.443390
0.415867 -0.531133 2.338050
0.413007 -0.508796 2.213850
0.139909 -0.420472 2.312430
0.135200 -0.707443 2.120040
0.152715 -0.993899 2.022390
0.156843 -1.031420 1.952100
0.268523 -0.429236 2.319490
0.349510 -0.648608 2.133530
0.330145 -0.978549 2.091460
0.334679 -1.015800 2.021500
0.203578 -0.368053 2.350940
0.201343 -0.339757 2.412170
0.199156 -0.071264 2.522340
0.205544 0.126351 2.509320
0.061257 -0.170179 2.485150
0.041503 -0.381764 2.439050
0.067749 -0.517927 2.321170
0.073803 -0.563185 2.294770
0.354010 -0.162506 2.503560
0.397310 -0.374105 2.443480
0.414440 -0.528516 2.337770
0.412662 -0.506974 2.214250
0.139904 -0.420797 2.312540
0.135210 -0.707528 2.120060
0.152334 -0.994379 2.023330
0.156524 -1.031820 1.952990
0.268561 -0.429600 2.319770
0.349404 -0.648813 2.133540
0.330395 -0.978684 2.091120
0.334932 -1.015920 2.021130
0.203564 -0.368320 2.351060
0.201301 -0.339915 2.412250
0.199152 -0.071296 2.522310
0.205652 0.126389 2.509090
0.061244 -0.170139 2.485120
0.041508 -0.381778 2.439000
0.067656 -0.517860 2.320940
0.076815 -0.562317 2.289990
0.354032 -0.162334 2.503720
0.397229 -0.374044 2.443610
0.413716 -0.526189 2.337890
0.412476 -0.505661 2.214560
0.139884 -0.421136 2.312680
0.135217 -0.707605 2.120080
0.152005 -0.994801 2.024140
0.156257 -1.032150 1.953750
0.268614 -0.430168 2.320150
0.349348 -0.648954 2.133530
0.330541 -0.978763 2.090910
0.335082 -1.016000 2.020890
0.203539 -0.368904 2.351400
0.201266 -0.340209 2.412440
0.199189 -0.071329 2.522250
0.205782 0.126427 2.508780
0.061229 -0.170099 2.485100
0.041511 -0.381792 2.438950
0.067562 -0.517777 2.320690
0.082520 -0.555687 2.281060
0.354068 -0.162137 2.503870
0.397152 -0.374022 2.443780
0.413353 -0.524421 2.338030
0.412332 -0.504588 2.214800
0.139768 -0.422007 2.313350
0.135222 -0.707675 2.120110
0.151719 -0.995185 2.024870
0.156025 -1.032420 1.954390
0.268636 -0.431222 2.320790
0.349315 -0.649055 2.133500
0.330634 -0.978801 2.090880
0.335178 -1.016010 2.020810
0.203502 -0.369375 2.351630
0.201226 -0.340454 2.412570
0.199257 -0.071360 2.522140
0.205972 0.126486 2.508420
0.061210 -0.170056 2.485070
0.041514 -0.381805 2.438910
0.067475 -0.517679 2.320440
0.085771 -0.547696 2.273220
0.354081 -0.162053 2.503950
0.396977 -0.373685 2.444120
0.413427 -0.522564 2.338140
0.412209 -0.503082 2.215000
0.139618 -0.422556 2.313720
0.135229 -0.707744 2.120120
0.151495 -0.995489 2.025440
0.155850 -1.032630 1.954890
0.268643 -0.432085 2.321250
0.349318 -0.649089 2.133420
0.330597 -0.978761 2.091000
0.335152 -1.015920 2.020880
0.203477 -0.369771 2.351790
0.201193 -0.340676 2.412670
0.199349 -0.071412 2.521990
0.206156 0.126544 2.508080
0.061190 -0.170015 2.485040
0.041518 -0.381819 2.438870
0.067395 -0.517609 2.320230
0.087405 -0.540612 2.267750
0.354110 -0.162053 2.504000
0.396853 -0.373513 2.444310
0.413576 -0.521210 2.338140
0.412103 -0.501815 2.215120
0.139495 -0.422945 2.313930
0.135236 -0.707805 2.120120
0.151313 -0.995745 2.025900
0.155714 -1.032800 1.955300
0.268675 -0.432795 2.321590
0.349366 -0.649080 2.133310
0.330401 -0.978665 2.091200
0.334978 -1.015780 2.021020
0.203440 -0.370178 2.351840
0.201149 -0.340924 2.412720
0.199431 -0.071456 2.521870
0.206315 0.126559 2.507750
0.061170 -0.169972 2.484990
0.041526 -0.381846 2.438820
0.067316 -0.517565 2.320030
0.088187 -0.536831 2.264720
0.354148 -0.162145 2.504030
0.396734 -0.373368 2.444460
0.413817 -0.520146 2.338160
0.412016 -0.500737 2.215190
0.139368 -0.423334 2.313920
0.135236 -0.707845 2.120140
0.153836 -0.995299 2.022720
0.158415 -1.032200 1.952020
0.268682 -0.433400 2.321780
0.349439 -0.649078 2.133180
0.329969 -0.978555 2.091480
0.334595 -1.015620 2.021240
0.203329 -0.371057 2.351820
0.201056 -0.341464 2.412720
0.199537 -0.071519 2.521690
0.206474 0.126560 2.507440
0.061151 -0.169930 2.484940
0.041531 -0.381869 2.438780
0.067251 -0.517520 2.319850
0.088637 -0.533899 2.262620
0.354171 -0.162364 2.503990
0.396627 -0.373299 2.444540
0.414143 -0.519333 2.338080
0.411946 -0.499915 2.215190
0.139188 -0.424033 2.313890
0.135230 -0.707874 2.120160
0.156432 -0.995144 2.019860
0.161168 -1.031870 1.949040
0.268527 -0.434600 2.321910
0.349604 -0.649159 2.132890
0.329090 -0.978420 2.092240
0.333790 -1.015400 2.021900
0.203253 -0.371768 2.351810
0.200982 -0.341953 2.412720
0.199639 -0.071588 2.521520
0.206621 0.126560 2.507160
0.061134 -0.169892 2.484900
0.041534 -0.381891 2.438740
0.067193 -0.517479 2.319690
0.088521 -0.530560 2.261100
0.354196 -0.162613 2.503940
0.396463 -0.373240 2.444690
0.414273 -0.518515 2.337820
0.411897 -0.500315 2.213930
0.139044 -0.424563 2.313860
0.135225 -0.707898 2.120170
0.158447 -0.994968 2.017640
0.163282 -1.031560 1.946760
0.268468 -0.435483 2.321980
0.349748 -0.649206 2.132590
0.328383 -0.978292 2.092910
0.333137 -1.015190 2.022490
0.203078 -0.372439 2.351620
0.200835 -0.342438 2.412570
0.199745 -0.071635 2.521260
0.206755 0.126564 2.506890
0.061115 -0.169856 2.484860
0.041536 -0.381905 2.438720
0.067140 -0.517432 2.319550
0.070057 -0.553174 2.303740
0.354227 -0.162903 2.503860
0.396323 -0.373239 2.444810
0.414425 -0.517889 2.337540
0.411875 -0.500739 2.212820
0.138819 -0.425072 2.313690
0.135218 -0.707923 2.120180
0.160085 -0.994895 2.015800
0.164986 -1.031390 1.944880
0.268233 -0.436323 2.321770
0.349910 -0.649324 2.132250
0.327594 -0.978248 2.093560
0.332401 -1.015080 2.023060
0.202908 -0.373042 2.351390
0.200694 -0.342904 2.412390
0.199867 -0.071702 2.520980
0.206874 0.126536 2.506630
0.061095 -0.169821 2.484820
0.041536 -0.381917 2.438700
0.067095 -0.517385 2.319430
0.067733 -0.558400 2.305990
0.354225 -0.163300 2.503700
0.396202 -0.373305 2.444890
0.414557 -0.517435 2.337240
0.411862 -0.501267 2.211740
0.138592 -0.425546 2.313480
0.135210 -0.707948 2.120200
0.161290 -0.994881 2.014360
0.166222 -1.031310 1.943420
0.268014 -0.437022 2.321520
0.350089 -0.653154 2.131220
0.327390 -0.979282 2.092780
0.332223 -1.016020 2.022230
0.202751 -0.373514 2.351130
0.200560 -0.343301 2.412170
0.199986 -0.071774 2.520670
0.206979 0.126505 2.506390
0.061067 -0.169786 2.484790
0.041537 -0.381924 2.438690
0.067054 -0.517333 2.319340
0.066956 -0.562137 2.304750
0.354220 -0.163683 2.503540
0.396138 -0.373332 2.444960
0.414640 -0.517078 2.337000
0.411878 -0.501800 2.210780
0.138362 -0.425949 2.313210
0.135200 -0.707977 2.120220
0.162259 -0.994889 2.013200
0.167206 -1.031270 1.942270
0.267829 -0.437521 2.321230
0.350145 -0.653776 2.130890
0.327103 -0.979495 2.092910
0.331959 -1.016180 2.022320
0.202614 -0.373906 2.350890
0.200442 -0.343643 2.411960
0.200101 -0.071835 2.520370
0.207060 0.126458 2.506150
0.061039 -0.169753 2.484750
0.041537 -0.381928 2.438680
0.066999 -0.517286 2.319270
0.054727 -0.561857 2.340940
0.354215 -0.164055 2.503380
0.396080 -0.373320 2.445030
0.414735 -0.516796 2.336870
0.411918 -0.502205 2.210050
0.138153 -0.426294 2.312940
0.135196 -0.707988 2.120220
0.162906 -0.994919 2.012520
0.167864 -1.031270 1.941590
0.267688 -0.437897 2.320970
0.350196 -0.654120 2.130600
0.326773 -0.979610 2.093160
0.331645 -1.016260 2.022540
0.202480 -0.374278 2.350680
0.200324 -0.343980 2.411770
0.200166 -0.071885 2.520170
0.207132 0.126421 2.505940
0.061000 -0.169716 2.484730
0.041536 -0.381931 2.438680
0.066944 -0.517232 2.319210
0.065615 -0.565906 2.328970
0.354196 -0.164429 2.503210
0.396040 -0.373311 2.445100
0.414771 -0.516403 2.336550
0.411957 -0.502884 2.208950
0.137963 -0.426624 2.312700
0.135195 -0.708004 2.120220
0.163391 -0.994957 2.012000
0.168350 -1.031290 1.941060
0.267560 -0.438232 2.320750
0.350232 -0.654324 2.130350
0.326475 -0.979695 2.093450
0.331355 -1.016310 2.022790
0.202378 -0.374567 2.350500
0.200228 -0.344260 2.411610
0.200228 -0.071946 2.519950
0.207185 0.126388 2.505770
0.060961 -0.169680 2.484710
0.041534 -0.381932 2.438680
0.066880 -0.517170 2.319140
0.066162 -0.567995 2.332910
0.354176 -0.164772 2.503050
0.396010 -0.373314 2.445240
0.414827 -0.516057 2.336270
0.412016 -0.503431 2.208120
0.137807 -0.426880 2.312510
0.135193 -0.708018 2.120210
0.163769 -0.994991 2.011630
0.168728 -1.031300 1.940700
0.267477 -0.438477 2.320560
0.350246 -0.654396 2.130120
0.326267 -0.979758 2.093690
0.331151 -1.016350 2.023010
0.202289 -0.374805 2.350340
0.200144 -0.344498 2.411460
0.200278 -0.071990 2.519770
0.207232 0.126372 2.505620
0.060920 -0.169643 2.484690
0.041532 -0.381932 2.438680
0.066807 -0.517102 2.319090
0.066076 -0.568925 2.336460
0.354156 -0.165082 2.502910
0.395984 -0.373313 2.445370
0.415050 -0.515842 2.336170
0.412051 -0.503607 2.207800
0.137669 -0.427097 2.312320
0.135192 -0.708038 2.120190
0.164008 -0.995020 2.011380
0.168969 -1.031320 1.940440
0.267408 -0.438664 2.320390
0.350342 -0.654400 2.129990
0.325747 -0.979772 2.093810
0.330623 -1.016330 2.023110
0.202214 -0.375002 2.350190
0.200071 -0.344703 2.411330
0.200312 -0.072023 2.519630
0.207271 0.126361 2.505490
0.060879 -0.169606 2.484680
0.041522 -0.381923 2.438690
0.066726 -0.517008 2.319030
0.070700 -0.564584 2.305280
0.354135 -0.165352 2.502770
0.395964 -0.373309 2.445500
0.415274 -0.515664 2.336110
0.412088 -0.503730 2.207560
0.137553 -0.427280 2.312160
0.135192 -0.708059 2.120160
0.164174 -0.995055 2.011190
0.169133 -1.031350 1.940260
0.267354 -0.438804 2.320240
0.350428 -0.654227 2.129810
0.325408 -0.979731 2.094020
0.330276 -1.016270 2.023310
0.202205 -0.375142 2.350100
0.200046 -0.344852 2.411250
0.200295 -0.072016 2.519570
0.207304 0.126352 2.505380
0.060832 -0.169561 2.484660
0.041509 -0.381902 2.438710
0.066634 -0.516896 2.318990
0.072029 -0.563421 2.296490
0.354115 -0.165586 2.502650
0.395833 -0.372999 2.445680
0.415420 -0.515453 2.336160
0.412103 -0.503830 2.207370
0.137520 -0.427436 2.312030
0.135197 -0.708082 2.120130
0.164268 -0.995112 2.011090
0.169217 -1.031410 1.940170
0.267568 -0.438845 2.320170
0.350436 -0.653866 2.129620
0.325289 -0.979691 2.094200
0.330153 -1.016230 2.023480
0.202207 -0.375255 2.350030
0.200030 -0.344973 2.411180
0.200283 -0.072010 2.519510
0.207324 0.126340 2.505270
0.060783 -0.169519 2.484650
0.041501 -0.381899 2.438710
0.066549 -0.516838 2.318940
0.072853 -0.562763 2.290530
0.354099 -0.165801 2.502540
0.395735 -0.372796 2.445810
0.415550 -0.515281 2.336180
0.412117 -0.503905 2.207220
0.137505 -0.427573 2.311900
0.135200 -0.708106 2.120100
0.164319 -0.995169 2.011020
0.169257 -1.031480 1.940110
0.267766 -0.438857 2.320100
0.350435 -0.653497 2.129450
0.325103 -0.979608 2.094460
0.329959 -1.016130 2.023730
0.202219 -0.375359 2.349970
0.200023 -0.345079 2.411130
0.200267 -0.071998 2.519460
0.207320 0.126337 2.505140
0.060729 -0.169476 2.484650
0.041496 -0.381899 2.438710
0.066470 -0.516786 2.318880
0.073468 -0.562076 2.285180
0.354092 -0.165980 2.502450
0.395583 -0.372428 2.445950
0.415693 -0.515095 2.336290
0.412129 -0.503961 2.207100
0.137507 -0.427724 2.311810
0.135206 -0.708133 2.120070
0.164324 -0.995244 2.010990
0.169251 -1.031560 1.940090
0.267933 -0.438889 2.320060
0.350439 -0.653148 2.129310
0.324923 -0.979519 2.094700
0.329772 -1.016030 2.023960
0.202228 -0.375438 2.349910
0.200017 -0.345168 2.411070
0.200248 -0.071988 2.519420
0.207304 0.126335 2.505050
0.060675 -0.169432 2.484640
0.041489 -0.381904 2.438720
0.066386 -0.516746 2.318820
0.073845 -0.561735 2.282170
0.354087 -0.166138 2.502360
0.395473 -0.372117 2.446080
0.415813 -0.514934 2.336400
0.412139 -0.504002 2.207020
0.137505 -0.427839 2.311720
0.135213 -0.708162 2.120040
0.164287 -0.995340 2.011040
0.169198 -1.031660 1.940140
0.268051 -0.438903 2.320000
0.350457 -0.652909 2.129240
0.324712 -0.979467 2.094810
0.329549 -1.015970 2.024060
