0.254384 -0.355678 2.586510
0.249374 -0.321884 2.609660
0.235815 -0.139316 2.595740
0.251298 0.039361 2.569390
0.103893 -0.212864 2.595200
0.056506 -0.391904 2.591290
0.082785 -0.521816 2.477430
0.060064 -0.566435 2.506560
0.387062 -0.226962 2.608340
0.430212 -0.418278 2.584100
0.426662 -0.482895 2.355090
0.439712 -0.509914 2.261000
0.199843 -0.414377 2.578180
0.166485 -0.626343 2.237720
0.145035 -0.838607 2.170140
0.150662 -0.870056 2.095440
0.318891 -0.423832 2.581140
0.369396 -0.591489 2.258960
0.393801 -0.824456 2.173890
0.397901 -0.856097 2.100980
0.254315 -0.355727 2.586420
0.249283 -0.321976 2.609200
0.235305 -0.139682 2.595320
0.251268 0.039120 2.567160
0.103881 -0.212916 2.595060
0.056380 -0.391823 2.591210
0.081272 -0.521668 2.479730
0.058615 -0.568412 2.497220
0.387010 -0.227034 2.608460
0.430514 -0.417067 2.583270
0.423708 -0.479786 2.351830
0.438762 -0.509091 2.255840
0.199852 -0.414495 2.578090
0.166395 -0.626834 2.238020
0.145121 -0.838937 2.169940
0.150485 -0.870596 2.095620
0.318799 -0.423811 2.581440
0.369450 -0.591093 2.259130
0.393400 -0.824420 2.173890
0.397616 -0.856085 2.101000
0.254235 -0.355800 2.586370
0.249180 -0.322083 2.608850
0.234635 -0.140219 2.594960
0.251178 0.038420 2.563840
0.103871 -0.212956 2.594990
0.056283 -0.391743 2.591130
0.080229 -0.521598 2.481320
0.058088 -0.569337 2.492240
0.387040 -0.227252 2.608880
0.430963 -0.415523 2.582060
0.423323 -0.476320 2.349140
0.436145 -0.507760 2.249640
0.199865 -0.414678 2.578040
0.166296 -0.627447 2.238340
0.145217 -0.839380 2.169720
0.150376 -0.871197 2.095730
0.318698 -0.423839 2.582020
0.369454 -0.590759 2.259120
0.393000 -0.824358 2.173910
0.397334 -0.856052 2.101030
0.254105 -0.355947 2.586400
0.249033 -0.322250 2.608560
0.233571 -0.141129 2.594640
0.250952 0.036966 2.559930
0.103871 -0.213029 2.595000
0.056202 -0.391664 2.591060
0.079386 -0.521670 2.482660
0.058652 -0.570918 2.487250
0.387094 -0.227592 2.609450
0.431964 -0.412359 2.579030
0.423232 -0.473875 2.346910
0.434259 -0.506802 2.245350
0.199867 -0.415012 2.578070
0.166220 -0.627969 2.238650
0.145303 -0.839739 2.169520
0.150302 -0.871663 2.095800
0.318587 -0.423907 2.582700
0.369413 -0.590370 2.258990
0.392714 -0.824342 2.173990
0.397120 -0.856055 2.101120
0.253953 -0.356113 2.586460
0.248877 -0.322415 2.608290
0.232409 -0.142150 2.594180
0.250731 0.035494 2.556230
0.103910 -0.213113 2.595220
0.056126 -0.391580 2.591010
0.085900 -0.522245 2.472970
0.091178 -0.569766 2.438980
0.387248 -0.228103 2.610190
0.433082 -0.408768 2.574590
0.439673 -0.456600 2.375630
0.431928 -0.506088 2.240890
0.199850 -0.415379 2.578180
0.166154 -0.628429 2.238930
0.145387 -0.840058 2.169350
0.150249 -0.872069 2.095840
0.318461 -0.424001 2.583450
0.369460 -0.589508 2.258490
0.392417 -0.824298 2.174100
0.396862 -0.856041 2.101240
0.253755 -0.356318 2.586570
0.248663 -0.322607 2.608020
0.230727 -0.143354 2.593490
0.250483 0.034114 2.553120
0.103955 -0.213272 2.595760
0.056059 -0.391502 2.590970
0.085746 -0.522704 2.474470
0.096211 -0.569821 2.431800
0.387407 -0.228687 2.611140
0.434559 -0.404377 2.569520
0.446845 -0.449321 2.387620
0.430310 -0.505434 2.237410
0.199811 -0.415799 2.578350
0.166089 -0.628748 2.239210
0.145457 -0.840251 2.169230
0.150212 -0.872330 2.095880
0.318332 -0.424109 2.584210
0.369554 -0.588715 2.257990
0.392156 -0.824234 2.174230
0.396609 -0.856016 2.101410
0.253504 -0.356583 2.586740
0.248415 -0.322829 2.607750
0.229111 -0.144433 2.592880
0.250198 0.032778 2.550630
0.104011 -0.213655 2.596780
0.055993 -0.391458 2.590970
0.085308 -0.523064 2.476120
0.083257 -0.570618 2.471940
0.387554 -0.229231 2.612020
0.436236 -0.399791 2.564110
0.450349 -0.445680 2.392740
0.428912 -0.505067 2.234730
0.199744 -0.416335 2.578630
0.166084 -0.628963 2.239340
0.145524 -0.840416 2.169130
0.150178 -0.872549 2.095910
0.318204 -0.424236 2.585000
0.369642 -0.587898 2.257610
0.391943 -0.824210 2.174320
0.396347 -0.856035 2.101550
0.253178 -0.356917 2.586970
0.248096 -0.323103 2.607430
0.227543 -0.145496 2.592190
0.249821 0.031564 2.548560
0.104008 -0.214073 2.598130
0.055894 -0.391460 2.591040
0.090538 -0.523952 2.467550
0.103935 -0.570123 2.434670
0.387686 -0.229768 2.612810
0.437721 -0.395920 2.559360
0.442839 -0.451652 2.360370
0.427961 -0.504786 2.232900
0.199610 -0.416963 2.579000
0.166227 -0.629306 2.239210
0.145600 -0.840718 2.169000
0.150112 -0.872939 2.095900
0.318032 -0.424426 2.585810
0.369740 -0.587140 2.257280
0.391760 -0.824188 2.174400
0.396063 -0.856069 2.101680
0.252841 -0.357254 2.587200
0.247773 -0.323365 2.607060
0.226430 -0.146458 2.591270
0.249291 0.030447 2.546690
0.104076 -0.214588 2.599600
0.055433 -0.392118 2.591940
0.093349 -0.524404 2.463190
0.109932 -0.569605 2.424660
0.387805 -0.230324 2.613550
0.438864 -0.393150 2.555850
0.449680 -0.448865 2.365670
0.426867 -0.504573 2.231600
0.199361 -0.417625 2.579480
0.166386 -0.629612 2.239040
0.145665 -0.840991 2.168890
0.150034 -0.873333 2.095900
0.317839 -0.424622 2.586570
0.369873 -0.586367 2.257020
0.391598 -0.824168 2.174480
0.395768 -0.856125 2.101820
0.252422 -0.357615 2.587460
0.247363 -0.323649 2.606580
0.225438 -0.147307 2.590340
0.248747 0.029271 2.544990
0.104125 -0.215075 2.600910
0.054959 -0.392788 2.592900
0.094783 -0.524004 2.461820
0.113200 -0.568581 2.420350
0.387906 -0.230812 2.614190
0.439660 -0.391265 2.553460
0.454755 -0.447309 2.370660
0.426160 -0.504400 2.230670
0.198924 -0.418335 2.580110
0.166617 -0.629702 2.239120
0.145736 -0.841070 2.168840
0.150009 -0.873474 2.095920
0.317617 -0.424824 2.587300
0.370026 -0.585732 2.256830
0.391469 -0.824139 2.174580
0.395516 -0.856176 2.102010
0.252006 -0.357964 2.587730
0.246951 -0.323929 2.606050
0.224725 -0.147999 2.589570
0.248239 0.028173 2.543500
0.104141 -0.215528 2.602040
0.054405 -0.393574 2.594030
0.096108 -0.523331 2.461060
0.115988 -0.566563 2.417430
0.388006 -0.231324 2.614790
0.440271 -0.389919 2.551760
0.457696 -0.446352 2.374250
0.425665 -0.504201 2.230020
0.198410 -0.419029 2.580760
0.166855 -0.629748 2.239210
0.145814 -0.841116 2.168800
0.149995 -0.873579 2.095930
0.317391 -0.425037 2.587980
0.370186 -0.585203 2.256660
0.391409 -0.824123 2.174850
0.395346 -0.856267 2.102370
0.251604 -0.358277 2.587990
0.246552 -0.324187 2.605460
0.224194 -0.148577 2.588910
0.247558 0.026860 2.541810
0.103975 -0.216096 2.603150
0.053878 -0.394346 2.595170
0.087525 -0.528307 2.479460
0.100514 -0.572976 2.444950
0.388091 -0.231800 2.615290
0.440737 -0.388971 2.550500
0.449805 -0.446345 2.361760
0.425091 -0.504012 2.229510
0.197817 -0.419694 2.581410
0.167107 -0.629758 2.239320
0.145893 -0.841135 2.168780
0.149985 -0.873655 2.095950
0.317185 -0.425226 2.588570
0.370333 -0.584761 2.256490
0.391397 -0.824184 2.174910
0.395251 -0.856444 2.102480
0.251214 -0.358560 2.588230
0.246144 -0.324432 2.604800
0.223676 -0.149299 2.588100
0.246952 0.025725 2.540390
0.103824 -0.216564 2.604070
0.053388 -0.395037 2.596210
0.099687 -0.526385 2.465740
0.119902 -0.568370 2.419600
0.388158 -0.232193 2.615720
0.441066 -0.388309 2.549520
0.436878 -0.453455 2.342560
0.424262 -0.503902 2.228860
0.197257 -0.420269 2.582020
0.167452 -0.629738 2.239390
0.145964 -0.841139 2.168770
0.149977 -0.873714 2.095970
0.316977 -0.425393 2.589130
0.370506 -0.584410 2.256320
0.391450 -0.824268 2.175040
0.395223 -0.856656 2.102680
0.250839 -0.358827 2.588460
0.245695 -0.324699 2.604040
0.222867 -0.150180 2.587200
0.246166 0.024439 2.538860
0.103679 -0.216978 2.604810
0.052984 -0.395607 2.597060
0.096307 -0.527109 2.475430
0.111014 -0.569313 2.439140
0.388217 -0.232535 2.616100
0.441308 -0.387816 2.548680
0.430718 -0.456887 2.333510
0.423448 -0.503779 2.228280
0.196771 -0.420774 2.582550
0.167836 -0.629611 2.239520
0.146070 -0.841058 2.168770
0.149985 -0.873722 2.096020
0.316801 -0.425545 2.589630
0.370615 -0.584165 2.256200
0.391547 -0.824379 2.175200
0.395243 -0.856902 2.102910
0.250360 -0.359146 2.588710
0.245082 -0.325052 2.603160
0.221738 -0.151269 2.586220
0.245517 0.023272 2.537460
0.103507 -0.217374 2.605400
0.052640 -0.396065 2.597780
0.092500 -0.528149 2.483560
0.104017 -0.570898 2.451920
0.388279 -0.232897 2.616440
0.441465 -0.387449 2.547830
0.438247 -0.451948 2.352940
0.422840 -0.503656 2.227770
0.196244 -0.421288 2.583060
0.168165 -0.629477 2.239620
0.146179 -0.840962 2.168790
0.150002 -0.873717 2.096070
0.316612 -0.425730 2.590110
0.370700 -0.583921 2.256110
0.391572 -0.824416 2.175280
0.395213 -0.857035 2.103060
0.249785 -0.359527 2.588960
0.244362 -0.325513 2.602210
0.220613 -0.152580 2.585390
0.244891 0.022212 2.536110
0.103314 -0.217778 2.605870
0.052260 -0.396614 2.598570
0.090070 -0.528693 2.488400
0.100473 -0.571498 2.458160
0.388348 -0.233321 2.616760
0.441518 -0.387210 2.546770
0.442754 -0.449345 2.362450
0.420834 -0.503642 2.227240
0.195643 -0.421843 2.583530
0.168508 -0.629355 2.239660
0.146272 -0.840888 2.168800
0.150017 -0.873716 2.096110
0.316387 -0.425972 2.590550
0.370771 -0.583647 2.256070
0.391582 -0.824431 2.175360
0.395173 -0.857121 2.103170
0.249206 -0.359894 2.589200
0.243635 -0.325960 2.601250
0.219494 -0.153781 2.584610
0.244308 0.021259 2.534820
0.103054 -0.218192 2.606260
0.051938 -0.397078 2.599210
0.088269 -0.529073 2.491610
0.098714 -0.571814 2.461410
0.388403 -0.233713 2.617010
0.441502 -0.387027 2.545810
0.445795 -0.447666 2.368290
0.419401 -0.503495 2.226600
0.195060 -0.422368 2.583980
0.168795 -0.629232 2.239700
0.146367 -0.840800 2.168820
0.150038 -0.873704 2.096160
0.316174 -0.426205 2.590960
0.370815 -0.583434 2.256030
0.391593 -0.824457 2.175390
0.395142 -0.857226 2.103230
0.248680 -0.360270 2.589410
0.242996 -0.326434 2.600270
0.218788 -0.154886 2.583850
0.243588 0.020247 2.533370
0.102808 -0.218562 2.606550
0.051544 -0.397613 2.599870
0.099523 -0.528376 2.472770
0.117499 -0.570542 2.429860
0.388444 -0.234072 2.617200
0.441500 -0.386929 2.544690
0.447731 -0.446585 2.371510
0.418274 -0.503262 2.225870
0.194519 -0.422900 2.584380
0.169169 -0.629066 2.239700
0.146471 -0.840693 2.168860
0.150064 -0.873681 2.096220
0.315968 -0.426466 2.591320
0.370847 -0.583271 2.255940
0.391659 -0.824592 2.175370
0.395157 -0.857502 2.103240
0.248118 -0.360696 2.589590
0.242296 -0.326986 2.599230
0.217827 -0.156109 2.583050
0.242740 0.019226 2.531610
0.102569 -0.218897 2.606770
0.051212 -0.398059 2.600400
0.106248 -0.525496 2.461840
0.128767 -0.565608 2.411570
0.388482 -0.234396 2.617350
0.441595 -0.386871 2.543490
0.448986 -0.445938 2.373490
0.417287 -0.502812 2.224440
0.194009 -0.423443 2.584720
0.169605 -0.628920 2.239600
0.146546 -0.840621 2.168880
0.150081 -0.873673 2.096260
0.315764 -0.426766 2.591660
0.370875 -0.583098 2.255740
0.391717 -0.824790 2.175320
0.395158 -0.857863 2.103210
0.247472 -0.361180 2.589720
0.241496 -0.327596 2.598100
0.216773 -0.157238 2.582190
0.242047 0.018359 2.530030
0.102290 -0.219281 2.606920
0.050896 -0.398505 2.600910
0.109109 -0.524590 2.457370
0.132725 -0.564368 2.405360
0.388512 -0.234698 2.617470
0.441672 -0.386849 2.542330
0.427428 -0.454791 2.340660
0.416588 -0.502041 2.222980
0.193464 -0.424014 2.585020
0.170056 -0.628773 2.239400
0.146606 -0.840561 2.168890
0.150093 -0.873670 2.096300
0.315535 -0.427100 2.591970
0.370895 -0.582894 2.255080
0.391727 -0.824900 2.175290
0.395112 -0.858113 2.103190
0.246865 -0.361610 2.589810
0.240761 -0.328133 2.597020
0.215856 -0.158212 2.581430
0.241339 0.017582 2.528530
0.101966 -0.219697 2.607010
0.050611 -0.398944 2.601370
0.110173 -0.524023 2.456220
0.133273 -0.563463 2.405900
0.388541 -0.234956 2.617550
0.441828 -0.386772 2.540940
0.431676 -0.451857 2.345260
0.416140 -0.500528 2.219580
0.192946 -0.424531 2.585260
0.170482 -0.628546 2.239220
0.146680 -0.840435 2.168920
0.150113 -0.873630 2.096360
0.315328 -0.427403 2.592230
0.370549 -0.583159 2.253340
0.391728 -0.825059 2.175230
0.395057 -0.858422 2.103160
0.246263 -0.362047 2.589840
0.240060 -0.328685 2.595900
0.215125 -0.159280 2.580390
0.240689 0.016934 2.527260
0.101664 -0.220065 2.607050
0.050363 -0.399331 2.601770
0.110262 -0.523580 2.456990
0.131910 -0.562971 2.410100
0.388565 -0.235198 2.617580
0.441954 -0.386690 2.539780
0.437380 -0.449155 2.351400
0.415791 -0.499346 2.216700
0.192407 -0.425053 2.585450
0.170838 -0.628335 2.239050
0.146756 -0.840307 2.168940
0.150128 -0.873600 2.096420
0.315088 -0.427745 2.592460
0.370207 -0.583406 2.251850
0.391720 -0.825238 2.175160
0.394974 -0.858789 2.103110
0.245707 -0.362451 2.589840
0.239436 -0.329196 2.594810
0.214550 -0.160366 2.579300
0.240126 0.016390 2.526150
0.101326 -0.220496 2.607000
0.050160 -0.399640 2.602120
0.109745 -0.523302 2.458630
0.129963 -0.562847 2.414670
0.388593 -0.235524 2.617480
0.442136 -0.386554 2.538740
0.442319 -0.447447 2.356670
0.415626 -0.498338 2.214610
0.191889 -0.425538 2.585600
0.171112 -0.628118 2.238920
0.146840 -0.840138 2.168970
0.150140 -0.873551 2.096480
0.314855 -0.428078 2.592640
0.369866 -0.583685 2.250480
0.391800 -0.825406 2.175160
0.395001 -0.859126 2.103150
0.245111 -0.362895 2.589750
0.238798 -0.329739 2.593670
0.214006 -0.161393 2.578100
0.239272 0.015905 2.524440
0.100978 -0.220909 2.606920
0.049950 -0.400171 2.602650
0.108890 -0.523268 2.460390
0.128048 -0.562908 2.418080
0.388624 -0.235856 2.617330
0.442261 -0.386498 2.537920
0.445843 -0.446271 2.360450
0.415487 -0.497615 2.213090
0.191336 -0.426072 2.585700
0.171320 -0.627968 2.238820
0.146906 -0.840015 2.169000
0.150146 -0.873527 2.096540
0.314569 -0.428471 2.592780
0.369518 -0.584165 2.249160
0.391958 -0.825712 2.175090
0.395091 -0.859636 2.103140
0.244511 -0.363434 2.589600
0.238202 -0.330378 2.592540
0.213495 -0.162466 2.577170
0.238359 0.015467 2.522380
0.100570 -0.221455 2.606720
0.049774 -0.400658 2.603150
0.107969 -0.523313 2.462120
0.126423 -0.563037 2.420780
0.388694 -0.236279 2.616970
0.442364 -0.386459 2.537260
0.448371 -0.445522 2.363160
0.415417 -0.497015 2.211950
0.190800 -0.426614 2.585760
0.171464 -0.627845 2.238740
0.146963 -0.839910 2.169020
0.150146 -0.873501 2.096590
0.314259 -0.429303 2.592680
0.369164 -0.584582 2.248080
0.392191 -0.826012 2.175080
0.395238 -0.860076 2.103170
0.243857 -0.364197 2.589280
0.237598 -0.331236 2.591280
0.213003 -0.163569 2.576310
0.237565 0.015075 2.520380
0.100186 -0.221974 2.606460
0.049678 -0.401220 2.603640
0.105482 -0.524285 2.469380
0.122476 -0.564499 2.431580
0.388756 -0.236742 2.616460
0.442448 -0.386425 2.536730
0.450380 -0.445305 2.365330
0.415465 -0.496271 2.211160
0.190270 -0.427212 2.585760
0.171602 -0.627732 2.238650
0.147033 -0.839817 2.169070
0.150152 -0.873479 2.096680
0.313920 -0.430615 2.592220
0.368880 -0.584933 2.247250
0.392409 -0.826302 2.175060
0.395362 -0.860467 2.103200
0.243226 -0.365015 2.588900
0.237033 -0.332118 2.590060
0.212492 -0.164608 2.575550
0.236246 0.014551 2.517480
0.099578 -0.223026 2.605810
0.049608 -0.401881 2.604150
0.104349 -0.524637 2.471770
0.120971 -0.564869 2.434510
0.388771 -0.237152 2.615840
0.442534 -0.386393 2.536240
0.451781 -0.445222 2.366810
0.415550 -0.495583 2.210630
0.189743 -0.427879 2.585690
0.171718 -0.627634 2.238560
0.147100 -0.839735 2.169120
0.150167 -0.873458 2.096770
0.313631 -0.431853 2.591720
0.368558 -0.585437 2.246370
0.392625 -0.826618 2.175010
0.395503 -0.860868 2.103180
0.242625 -0.365881 2.588480
0.236530 -0.333010 2.588940
0.212061 -0.165566 2.574910
0.235161 0.013991 2.514800
0.099014 -0.224049 2.605110
0.049577 -0.402719 2.604670
0.103728 -0.524978 2.472790
0.119973 -0.565958 2.431020
0.388807 -0.237589 2.615070
0.442625 -0.386366 2.535780
0.452785 -0.445221 2.367840
0.415655 -0.495001 2.210310
0.189220 -0.428596 2.585570
0.171811 -0.627557 2.238470
0.147157 -0.839672 2.169170
0.150178 -0.873446 2.096850
0.313333 -0.433166 2.591170
0.368258 -0.585938 2.245610
0.392813 -0.826934 2.174880
0.395613 -0.861249 2.103090
0.242173 -0.366763 2.588020
0.236253 -0.333945 2.587850
0.212548 -0.166994 2.574200
0.234385 0.013562 2.512690
0.098530 -0.224949 2.604440
0.049565 -0.403711 2.605230
0.110866 -0.527229 2.460470
0.122647 -0.566970 2.423880
0.388838 -0.238023 2.614220
0.442743 -0.386367 2.535370
0.453513 -0.445215 2.368540
0.414949 -0.493777 2.217290
0.188751 -0.429330 2.585390
0.171893 -0.627492 2.238390
0.147211 -0.839620 2.169210
0.150185 -0.873440 2.096930
0.313087 -0.434469 2.590580
0.367982 -0.586433 2.244970
0.392979 -0.827271 2.174710
0.395696 -0.861641 2.102950
0.242020 -0.367663 2.587590
0.236699 -0.335033 2.587020
0.237359 -0.171547 2.579450
0.233779 0.013161 2.510930
0.098087 -0.225763 2.603760
0.049562 -0.404562 2.605700
0.115190 -0.528222 2.451800
0.125369 -0.567440 2.416500
0.388829 -0.238551 2.613150
0.442881 -0.386377 2.534970
0.454059 -0.445159 2.369000
0.412277 -0.483770 2.245940
0.188323 -0.430051 2.585180
0.171964 -0.627440 2.238310
0.147258 -0.839580 2.169250
0.150189 -0.873401 2.096980
0.312865 -0.435715 2.589970
0.367754 -0.586851 2.244460
0.393119 -0.827580 2.174530
0.395755 -0.861883 2.102790
0.241861 -0.368500 2.587100
0.236932 -0.335933 2.586140
0.230860 -0.174003 2.574200
0.233230 0.012789 2.509390
0.097695 -0.226457 2.603120
0.049576 -0.405279 2.606070
0.116036 -0.528621 2.449750
0.125899 -0.567649 2.414190
0.388768 -0.239082 2.612020
0.443034 -0.386415 2.534620
0.454317 -0.444668 2.369080
0.412078 -0.478458 2.259590
0.187937 -0.430694 2.584930
0.172026 -0.627409 2.238210
0.147302 -0.839562 2.169300
0.150174 -0.873489 2.097140
0.312688 -0.436787 2.589380
0.367581 -0.587127 2.244100
0.393230 -0.827841 2.174370
0.395776 -0.862275 2.102660
0.241666 -0.369228 2.586430
0.237047 -0.336704 2.585090
0.224937 -0.175474 2.569830
0.232688 0.012479 2.507980
0.097374 -0.226980 2.602560
0.049598 -0.405835 2.606340
0.115821 -0.528928 2.448760
0.126174 -0.567813 2.412600
0.388680 -0.239548 2.610970
0.443166 -0.386466 2.534370
0.454555 -0.444288 2.369140
0.414212 -0.474351 2.273560
0.187555 -0.431205 2.584600
0.172088 -0.627457 2.237990
0.147346 -0.839597 2.169340
0.150144 -0.873685 2.097280
0.312513 -0.437708 2.588710
0.367447 -0.587287 2.243850
0.393307 -0.828088 2.174200
0.395760 -0.862645 2.102520
0.241494 -0.369898 2.585430
0.237117 -0.337394 2.583750
0.220221 -0.176298 2.566680
0.232269 0.012234 2.506800
0.097101 -0.227414 2.602020
0.049628 -0.406265 2.606530
0.114827 -0.529066 2.448750
0.126335 -0.567917 2.411460
0.388609 -0.239929 2.610060
0.443364 -0.386530 2.534230
0.454596 -0.443795 2.369160
0.415969 -0.473247 2.276170
0.187231 -0.431634 2.584090
0.172143 -0.627525 2.237680
0.147388 -0.839648 2.169380
0.150122 -0.873862 2.097400
0.312515 -0.438681 2.587310
0.367224 -0.586779 2.243810
0.393365 -0.828305 2.174050
0.395744 -0.862943 2.102390
0.241225 -0.370524 2.583880
0.237023 -0.338011 2.581930
0.216670 -0.176721 2.564430
0.231953 0.012015 2.505630
0.096852 -0.227801 2.601400
0.049655 -0.406623 2.606670
0.114295 -0.529048 2.448610
0.126496 -0.567944 2.410510
0.388548 -0.240239 2.609250
0.443898 -0.386706 2.534450
0.454582 -0.443792 2.368360
0.439831 -0.466050 2.297160
0.186859 -0.431976 2.583360
0.172161 -0.627609 2.237320
0.147433 -0.839715 2.169420
0.150118 -0.874010 2.097500
0.312563 -0.439826 2.584400
0.366713 -0.585310 2.244170
0.393370 -0.828442 2.173910
0.395699 -0.863121 2.102270
0.240791 -0.371002 2.581980
0.236697 -0.338473 2.579800
0.214029 -0.176922 2.562750
0.231469 0.011779 2.504090
0.096567 -0.228268 2.600430
0.049680 -0.406908 2.606770
0.113784 -0.528959 2.448660
0.126627 -0.567933 2.409760
0.388502 -0.240483 2.608590
0.444634 -0.386986 2.535150
0.454458 -0.443967 2.367850
0.448296 -0.464199 2.306200
0.186282 -0.432204 2.582270
0.172173 -0.627680 2.236970
0.147474 -0.839776 2.169450
0.150135 -0.874124 2.097570
0.312519 -0.440753 2.581430
0.366074 -0.583582 2.244710
0.393365 -0.828529 2.173830
0.395674 -0.863230 2.102200
0.240332 -0.371358 2.580030
0.236266 -0.338800 2.577600
0.211951 -0.176935 2.561320
0.231062 0.011590 2.502730
0.096302 -0.228750 2.599230
0.049717 -0.407174 2.606830
0.113191 -0.528807 2.448880
0.126710 -0.567900 2.409180
0.388485 -0.240673 2.608010
0.445453 -0.387415 2.536380
0.455545 -0.449553 2.373150
0.461268 -0.473861 2.330270
0.185703 -0.432351 2.581090
0.172168 -0.627757 2.236630
0.147515 -0.839846 2.169480
0.150172 -0.874242 2.097640
0.312492 -0.441473 2.578800
0.365430 -0.582043 2.245350
0.393335 -0.828597 2.173750
0.395647 -0.863312 2.102140
0.239850 -0.371587 2.578200
0.235770 -0.339012 2.575550
0.210388 -0.176928 2.560210
0.230757 0.011448 2.501570
0.096005 -0.229242 2.597850
0.049756 -0.407397 2.606860
0.095868 -0.534836 2.479870
0.108606 -0.551440 2.447530
0.388475 -0.240812 2.607460
0.446292 -0.388129 2.538090
0.458102 -0.469069 2.388300
0.491610 -0.499486 2.397850
0.185120 -0.432422 2.579950
0.172133 -0.627862 2.236260
0.147554 -0.839941 2.169500
0.150219 -0.874378 2.097690
0.312430 -0.441994 2.576450
0.364487 -0.580556 2.246400
0.393285 -0.828670 2.173670
0.395617 -0.863387 2.102080
0.239339 -0.371741 2.576480
0.235231 -0.339159 2.573650
0.209258 -0.176936 2.559280
0.230553 0.011182 2.500250
0.095709 -0.229664 2.596570
0.049797 -0.407585 2.606880
0.088645 -0.537087 2.492660
0.100194 -0.543661 2.465270
0.388456 -0.240938 2.606940
0.448121 -0.389356 2.541980
0.431413 -0.492622 2.413570
0.453074 -0.524738 2.412130
0.184469 -0.432430 2.578830
0.172059 -0.628035 2.235840
0.147589 -0.840101 2.169510
0.150269 -0.874575 2.097730
0.312290 -0.442411 2.574380
0.363483 -0.579403 2.247640
0.393208 -0.828734 2.173590
0.395573 -0.863449 2.102020
0.238619 -0.371689 2.574480
0.234478 -0.339118 2.571410
0.208365 -0.176904 2.557880
0.230257 0.010871 2.498730
0.095438 -0.230037 2.595310
0.049846 -0.407784 2.606860
0.085282 -0.538096 2.498620
0.095727 -0.539456 2.474730
0.388436 -0.241036 2.606450
0.449945 -0.390682 2.545790
0.422199 -0.507212 2.428180
0.437866 -0.540063 2.419780
0.183384 -0.432180 2.577340
0.171955 -0.628311 2.235280
0.147621 -0.840364 2.169500
0.150334 -0.874920 2.097760
0.312020 -0.442652 2.572420
0.362320 -0.578721 2.249120
0.393112 -0.828768 2.173510
0.395526 -0.863493 2.101970
0.237978 -0.371532 2.572450
0.233819 -0.338997 2.569230
0.207784 -0.176876 2.556560
0.230089 0.010627 2.497500
0.095215 -0.230322 2.594210
0.049895 -0.407963 2.606820
0.094880 -0.531898 2.478240
0.105257 -0.546799 2.452100
0.388409 -0.241096 2.605970
0.451504 -0.392767 2.551020
0.379934 -0.497420 2.442840
0.368093 -0.526995 2.419170
0.182380 -0.431796 2.575830
0.171864 -0.628570 2.234760
0.147651 -0.840621 2.169480
0.150396 -0.875235 2.097770
0.311751 -0.442808 2.570180
0.361122 -0.578781 2.250060
0.393009 -0.828791 2.173440
0.395473 -0.863524 2.101920
0.237523 -0.371266 2.569780
0.233349 -0.338736 2.566280
0.207806 -0.176536 2.553750
0.229948 0.010416 2.496350
0.095011 -0.230532 2.593020
0.049926 -0.408037 2.606750
0.099298 -0.528914 2.468650
0.111413 -0.552049 2.437230
0.388389 -0.241128 2.605540
0.452468 -0.395441 2.556190
0.366219 -0.495398 2.448400
0.338609 -0.520123 2.417500
0.181549 -0.431279 2.574120
0.171852 -0.628811 2.234270
0.147678 -0.840863 2.169460
0.150477 -0.875566 2.097790
0.311644 -0.443027 2.567210
0.359805 -0.579699 2.250560
0.392901 -0.828798 2.173380
0.395432 -0.863548 2.101890
0.237250 -0.371010 2.567540
0.233037 -0.338508 2.563940
0.207818 -0.176385 2.551920
0.230008 0.010067 2.494990
0.094839 -0.230691 2.591950
0.049952 -0.408088 2.606660
0.096926 -0.527078 2.469480
0.110048 -0.551026 2.437560
0.388374 -0.241136 2.605160
0.452650 -0.399466 2.563420
0.331610 -0.478249 2.466560
0.298129 -0.504147 2.428280
0.181022 -0.430796 2.572250
0.171458 -0.631831 2.232480
0.147347 -0.844106 2.168930
0.150417 -0.877276 2.097570
0.311800 -0.443074 2.564480
0.357693 -0.582452 2.249580
0.392785 -0.828789 2.173320
0.395390 -0.863555 2.101860
0.237257 -0.370740 2.565550
0.233025 -0.338274 2.561970
0.208425 -0.176205 2.550540
0.230112 0.009753 2.493780
0.094718 -0.230806 2.590960
0.049973 -0.408099 2.606520
0.100595 -0.525987 2.459700
0.114800 -0.555509 2.424340
0.388369 -0.241133 2.604810
0.452381 -0.403264 2.569940
0.324632 -0.453361 2.411310
0.272002 -0.481946 2.340660
0.180780 -0.430334 2.570290
0.171459 -0.633452 2.231310
0.147166 -0.845831 2.168650
0.150404 -0.878311 2.097430
0.312098 -0.443036 2.562100
0.355874 -0.586602 2.247960
0.392672 -0.828776 2.173270
0.395351 -0.863545 2.101820
0.237744 -0.370560 2.563970
0.233295 -0.338106 2.560430
0.208941 -0.176050 2.549500
0.230320 0.009461 2.492710
0.094659 -0.230888 2.590050
0.050000 -0.408016 2.606280
0.101592 -0.525295 2.456960
0.116850 -0.557743 2.418740
0.388382 -0.241090 2.604460
0.451888 -0.408987 2.577810
0.325117 -0.439548 2.386230
0.262396 -0.466761 2.262720
0.182475 -0.430400 2.567780
0.171442 -0.634773 2.230370
0.147005 -0.847272 2.168440
0.150384 -0.879274 2.097310
0.313202 -0.442671 2.560600
0.354674 -0.590420 2.246370
0.392563 -0.828758 2.173220
0.395314 -0.863530 2.101790
0.238159 -0.370370 2.562760
0.233528 -0.337944 2.559260
0.209210 -0.175954 2.548770
0.230579 0.009125 2.491710
0.094610 -0.230971 2.589170
0.050023 -0.407873 2.605980
0.102159 -0.524808 2.455360
0.118027 -0.559072 2.415640
0.388407 -0.241043 2.604120
0.451360 -0.412644 2.583290
0.324170 -0.433620 2.376460
0.257968 -0.459871 2.235250
0.183824 -0.430425 2.565720
0.171434 -0.635749 2.229680
0.146883 -0.848361 2.168300
0.150377 -0.880087 2.097220
0.314095 -0.442241 2.559620
0.354176 -0.594866 2.244320
0.392440 -0.828729 2.173160
0.395272 -0.863502 2.101740
0.238527 -0.370212 2.561850
0.233737 -0.337810 2.558380
0.209368 -0.175884 2.548250
0.230954 0.008737 2.490740
0.094582 -0.231038 2.588330
0.050036 -0.407728 2.605690
0.095563 -0.528833 2.473570
0.114533 -0.566199 2.421320
0.388436 -0.240984 2.603810
0.450913 -0.414896 2.586890
0.324745 -0.429989 2.370110
0.256551 -0.456036 2.219510
0.184938 -0.430525 2.564010
0.173234 -0.633200 2.230230
0.146955 -0.847466 2.168520
0.150547 -0.879582 2.097360
0.314849 -0.441729 2.559090
0.354086 -0.597953 2.243200
0.392356 -0.828742 2.173090
0.395255 -0.863504 2.101690
0.238845 -0.370079 2.561160
0.233921 -0.337696 2.557710
0.209466 -0.175817 2.547830
0.231462 0.008305 2.489760
0.094590 -0.231055 2.587570
0.050023 -0.407453 2.605280
0.092116 -0.530764 2.483370
0.112001 -0.569930 2.425060
0.388475 -0.240902 2.603510
0.450433 -0.416362 2.589740
0.326316 -0.427845 2.366780
0.257296 -0.453887 2.210570
0.185814 -0.430627 2.562700
0.174051 -0.631663 2.230760
0.147034 -0.846401 2.168750
0.150718 -0.878968 2.097520
0.315511 -0.441176 2.558860
0.354345 -0.600941 2.242060
0.392284 -0.828758 2.173030
0.395244 -0.863509 2.101640
0.239119 -0.369974 2.560650
0.234082 -0.337609 2.557200
0.209533 -0.175783 2.547530
0.231976 0.007843 2.488890
0.094636 -0.231089 2.586850
0.050007 -0.407209 2.604900
0.090122 -0.531985 2.489130
0.110138 -0.572413 2.427970
0.388516 -0.240820 2.603240
0.450068 -0.417327 2.591750
0.328836 -0.427146 2.365810
0.260603 -0.453666 2.208190
0.186503 -0.430744 2.561690
0.174480 -0.630408 2.231310
0.147136 -0.845276 2.168980
0.150912 -0.878272 2.097670
0.316088 -0.440648 2.558850
0.354696 -0.603285 2.241210
0.392226 -0.828765 2.172980
0.395241 -0.863508 2.101600
0.239346 -0.369882 2.560270
0.234213 -0.337530 2.556830
0.209535 -0.175713 2.547260
0.232365 0.007480 2.488160
0.094704 -0.231091 2.586140
0.050030 -0.406883 2.604340
0.089002 -0.532755 2.492590
0.109049 -0.573826 2.429790
0.388559 -0.240735 2.602990
0.449767 -0.417949 2.593230
0.331321 -0.427201 2.366650
0.262760 -0.454025 2.208370
0.187040 -0.430846 2.560930
0.174599 -0.629597 2.231620
0.147257 -0.844322 2.169140
0.151114 -0.877679 2.097790
0.316644 -0.439940 2.559260
0.355001 -0.605181 2.240490
0.392172 -0.828769 2.172940
0.395242 -0.863506 2.101570
0.239548 -0.369778 2.560010
0.234332 -0.337446 2.556540
0.209490 -0.175612 2.546950
0.232703 0.007111 2.487520
0.094772 -0.231086 2.585530
0.050058 -0.406545 2.603760
0.090399 -0.532482 2.488760
0.107478 -0.573332 2.430300
0.388605 -0.240649 2.602750
0.449522 -0.418302 2.594480
0.334370 -0.427127 2.368630
0.273453 -0.452583 2.224100
0.187443 -0.430921 2.560380
0.174777 -0.628941 2.231830
0.147333 -0.843454 2.169260
0.151261 -0.877157 2.097880
0.317218 -0.438946 2.560240
0.355297 -0.606730 2.239880
0.392126 -0.828781 2.172890
0.395246 -0.863515 2.101530
0.239705 -0.369673 2.559820
0.234420 -0.337360 2.556330
0.209352 -0.175457 2.546660
0.233002 0.006801 2.487000
0.094834 -0.231077 2.585020
0.050084 -0.406230 2.603210
0.090209 -0.532591 2.489470
0.105809 -0.571732 2.433140
0.388649 -0.240555 2.602530
0.449310 -0.418504 2.595440
0.337044 -0.427378 2.371040
0.280304 -0.451818 2.235340
0.187715 -0.430961 2.559980
0.174865 -0.628747 2.232000
0.147360 -0.843165 2.169310
0.151330 -0.877013 2.097910
0.317658 -0.438058 2.561200
0.355546 -0.607976 2.239400
0.392090 -0.828815 2.172830
0.395267 -0.863552 2.101470
0.239832 -0.369519 2.559710
0.234487 -0.337255 2.556180
0.209187 -0.175326 2.546400
0.233282 0.006547 2.486550
0.095033 -0.230933 2.584470
0.050195 -0.405496 2.602270
0.091687 -0.530426 2.488860
0.105455 -0.568419 2.434910
0.388692 -0.240455 2.602320
0.449134 -0.418587 2.596160
0.339352 -0.427751 2.373400
0.285264 -0.451321 2.243720
0.187900 -0.430904 2.559720
0.173199 -0.634648 2.229300
0.146755 -0.848178 2.168110
0.140551 -0.889171 2.107510
0.317934 -0.437204 2.562200
0.355764 -0.608910 2.239030
0.392053 -0.828842 2.172760
0.395286 -0.863584 2.101410
0.239927 -0.369335 2.559680
0.234533 -0.337134 2.556080
0.208976 -0.175202 2.546140
0.233516 0.006335 2.486190
0.095199 -0.230809 2.584030
0.050324 -0.404877 2.601400
0.105954 -0.530406 2.469530
0.102564 -0.567785 2.433350
0.388735 -0.240349 2.602100
0.448994 -0.418562 2.596720
0.341348 -0.428191 2.375610
0.288730 -0.451066 2.249520
0.188020 -0.430826 2.559540
0.169272 -0.647331 2.224140
0.145609 -0.860388 2.166210
0.128078 -0.850354 2.124480
0.318107 -0.436371 2.563270
0.356019 -0.609754 2.238730
0.392017 -0.828862 2.172710
0.395299 -0.863612 2.101370
0.239998 -0.369106 2.559690
0.234564 -0.336994 2.556020
0.208750 -0.175115 2.545910
0.233733 0.006160 2.485900
0.095354 -0.230676 2.583640
0.050457 -0.404298 2.600620
0.107987 -0.528583 2.467710
0.101965 -0.564216 2.434080
0.388778 -0.240247 2.601900
0.448875 -0.418486 2.597130
0.342930 -0.428607 2.377480
0.291057 -0.450895 2.253480
0.188084 -0.430682 2.559430
0.168561 -0.649648 2.223140
0.145389 -0.862559 2.165810
0.130595 -0.855545 2.120560
0.318215 -0.435675 2.564180
0.356225 -0.610353 2.238490
0.391988 -0.828876 2.172670
0.395308 -0.863631 2.101340
0.240051 -0.368860 2.559750
0.234584 -0.336848 2.556000
0.208573 -0.175114 2.545790
0.233937 0.005989 2.485640
0.095480 -0.230571 2.583320
0.050559 -0.403853 2.599950
0.103920 -0.529709 2.474320
0.097920 -0.557149 2.441220
0.388820 -0.240154 2.601690
0.448757 -0.418372 2.597410
0.344128 -0.428978 2.378950
0.292683 -0.450791 2.256250
0.188110 -0.430514 2.559380
0.168086 -0.651093 2.222450
0.145238 -0.863947 2.165500
0.134213 -0.862413 2.115370
0.318275 -0.435113 2.564940
0.356427 -0.610845 2.238250
0.391960 -0.828893 2.172640
0.395316 -0.863651 2.101310
0.240091 -0.368621 2.559830
0.234598 -0.336708 2.556000
0.208415 -0.175196 2.545730
0.234118 0.005835 2.485440
0.095621 -0.230475 2.583040
0.050644 -0.403455 2.599390
0.102771 -0.529151 2.477150
0.096152 -0.552151 2.446170
0.388864 -0.240071 2.601490
0.448578 -0.418150 2.597550
0.344994 -0.429284 2.380050
0.293849 -0.450740 2.258270
0.188110 -0.430344 2.559360
0.167649 -0.652440 2.221810
0.145080 -0.865275 2.165210
0.128101 -0.876135 2.117100
0.318302 -0.434656 2.565570
0.356596 -0.611214 2.238070
0.391917 -0.828884 2.172610
0.395315 -0.863651 2.101290
0.240111 -0.368404 2.559940
0.234601 -0.336579 2.556010
0.208244 -0.175301 2.545680
0.234272 0.005701 2.485270
0.095744 -0.230393 2.582810
0.050706 -0.403133 2.598910
0.102166 -0.528419 2.479090
0.095361 -0.549880 2.448340
0.388905 -0.239992 2.601310
0.448404 -0.417872 2.597680
0.345715 -0.429547 2.381010
0.294749 -0.450712 2.259800
0.188084 -0.430194 2.559360
0.167344 -0.653397 2.221380
0.144977 -0.866195 2.165020
0.123978 -0.887406 2.119230
0.318276 -0.434278 2.566170
0.356742 -0.611497 2.237920
0.391874 -0.828870 2.172590
0.395312 -0.863649 2.101280
0.240114 -0.368200 2.560060
0.234597 -0.336463 2.556050
0.208113 -0.175516 2.545590
0.234397 0.005587 2.485140
0.095840 -0.230349 2.582620
0.050784 -0.402946 2.598480
0.103327 -0.528398 2.476660
0.092098 -0.553713 2.446760
0.388951 -0.239912 2.601150
0.448264 -0.417776 2.597740
0.345816 -0.430914 2.382430
0.285709 -0.457312 2.250710
0.187997 -0.430067 2.559450
0.167131 -0.654046 2.221090
0.144903 -0.866858 2.164870
0.121192 -0.894967 2.120740
0.318192 -0.433960 2.566780
0.356855 -0.611709 2.237800
0.391848 -0.828887 2.172550
0.395324 -0.863681 2.101240
0.240086 -0.368039 2.560270
0.234573 -0.336371 2.556130
0.207974 -0.175756 2.545530
0.234504 0.005491 2.485040
0.095919 -0.230318 2.582470
0.050824 -0.402836 2.598110
0.104508 -0.528556 2.474160
0.090567 -0.555644 2.446150
0.388986 -0.239851 2.600990
0.448139 -0.417718 2.597790
0.346063 -0.431276 2.383160
0.285077 -0.457825 2.251220
0.187870 -0.429989 2.559620
0.167215 -0.653264 2.221810
0.144944 -0.866321 2.164820
0.126425 -0.898092 2.115240
0.318022 -0.433730 2.567520
0.356954 -0.611867 2.237700
0.391827 -0.828908 2.172500
0.395336 -0.863721 2.101200
0.240106 -0.367921 2.560510
0.234614 -0.336302 2.556260
0.208592 -0.176034 2.545540
0.234599 0.005405 2.484960
0.095989 -0.230294 2.582350
0.050848 -0.402764 2.597760
0.101266 -0.530873 2.480290
0.084636 -0.562043 2.453510
0.389015 -0.239806 2.600800
0.448006 -0.417667 2.597810
0.346242 -0.431527 2.383710
0.285255 -0.457627 2.252840
0.187744 -0.429948 2.559820
0.167831 -0.650816 2.223480
0.145166 -0.864161 2.165000
0.131437 -0.898728 2.110540
0.317864 -0.433574 2.568160
0.357055 -0.611986 2.237590
0.391807 -0.828923 2.172470
0.395340 -0.863752 2.101170
0.240543 -0.367912 2.561130
0.235965 -0.336393 2.557270
0.239629 -0.177293 2.554560
0.234681 0.005321 2.484880
0.096048 -0.230278 2.582240
0.050846 -0.402880 2.597340
0.102135 -0.530659 2.478740
0.083351 -0.563873 2.454190
0.389041 -0.239760 2.600650
0.447623 -0.417656 2.597630
0.346338 -0.431713 2.384070
0.285660 -0.457150 2.254510
0.187610 -0.429981 2.560090
0.168508 -0.648001 2.225390
0.145443 -0.861494 2.165290
0.136028 -0.897793 2.106390
0.317715 -0.433501 2.568760
0.357145 -0.612075 2.237500
0.391782 -0.828936 2.172440
0.395340 -0.863751 2.101130
0.241204 -0.368013 2.561860
0.237731 -0.336599 2.558490
0.252241 -0.177780 2.558260
0.234754 0.005242 2.484800
0.096095 -0.230272 2.582160
0.050836 -0.403026 2.596940
0.096875 -0.534645 2.485160
0.077924 -0.569942 2.460040
0.389063 -0.239719 2.600510
0.447345 -0.418199 2.598190
0.346501 -0.432197 2.384940
0.287424 -0.456750 2.258490
0.187474 -0.430095 2.560370
0.169115 -0.645357 2.227090
0.145728 -0.858843 2.165600
0.139810 -0.896315 2.103130
0.317584 -0.433496 2.569250
0.357237 -0.612138 2.237410
0.391756 -0.828939 2.172410
0.395335 -0.863734 2.101090
0.242245 -0.368024 2.562840
0.240071 -0.336571 2.560070
0.259090 -0.177766 2.560370
0.234816 0.005147 2.484720
0.096125 -0.230271 2.582100
0.050833 -0.403197 2.596550
0.093333 -0.537433 2.489540
0.073998 -0.574492 2.464390
0.389058 -0.239680 2.600350
0.447044 -0.418429 2.598460
0.346437 -0.432458 2.385600
0.287753 -0.456341 2.260210
0.187362 -0.430211 2.560660
0.169584 -0.643253 2.228380
0.145953 -0.856644 2.165860
0.142712 -0.894807 2.100670
0.317468 -0.433475 2.569730
0.357321 -0.612185 2.237340
0.391734 -0.828947 2.172390
0.395330 -0.863725 2.101050
0.243269 -0.368111 2.563720
0.242136 -0.336637 2.561390
0.263254 -0.177825 2.561620
0.234885 0.005015 2.484600
0.096148 -0.230272 2.582060
0.050827 -0.403373 2.596190
0.090824 -0.539454 2.492690
0.071105 -0.577917 2.467690
0.389049 -0.239650 2.600200
0.446791 -0.418483 2.599190
0.346456 -0.432647 2.386540
0.288221 -0.455907 2.261830
0.187251 -0.430378 2.560940
0.169929 -0.641493 2.229440
0.146147 -0.854746 2.166110
0.144974 -0.893291 2.098820
0.317358 -0.433510 2.570120
0.357400 -0.612220 2.237270
0.391701 -0.828944 2.172370
0.395310 -0.863698 2.101020
0.243908 -0.368198 2.564430
0.242990 -0.336699 2.562160
0.230912 -0.179307 2.554780
0.234950 0.004873 2.484480
0.096168 -0.230279 2.582020
0.050810 -0.403569 2.595860
0.089154 -0.540884 2.494860
0.069061 -0.580445 2.470110
0.389030 -0.239628 2.600080
0.446408 -0.418514 2.599580
0.346378 -0.432804 2.387110
0.288578 -0.455576 2.263060
0.187153 -0.430555 2.561220
0.170174 -0.640008 2.230310
0.146319 -0.853110 2.166340
0.146645 -0.892091 2.097570
0.317240 -0.433561 2.570560
0.357496 -0.612236 2.237200
0.391640 -0.828874 2.172400
0.395273 -0.863658 2.101050
0.244251 -0.368336 2.564900
0.243430 -0.336808 2.562660
0.214446 -0.179945 2.551290
0.235024 0.004722 2.484360
0.096184 -0.230290 2.582000
0.050791 -0.403762 2.595570
0.087913 -0.541984 2.496490
0.067526 -0.582384 2.471970
0.389006 -0.239606 2.599970
0.446046 -0.418512 2.599900
0.346292 -0.432986 2.387570
0.288810 -0.455440 2.263840
0.187048 -0.430800 2.561460
0.170362 -0.638825 2.230990
0.146465 -0.851783 2.166540
0.147935 -0.890988 2.096670
0.317130 -0.433635 2.570940
0.357608 -0.612243 2.237150
0.391573 -0.828780 2.172450
0.395232 -0.863599 2.101090
0.244476 -0.368480 2.565250
0.243600 -0.336962 2.563040
0.206077 -0.180213 2.549590
0.235085 0.004566 2.484240
0.096194 -0.230318 2.581970
0.050769 -0.404052 2.595290
0.087086 -0.542777 2.497550
0.066452 -0.583822 2.473260
0.389000 -0.239585 2.599930
0.445680 -0.418914 2.600930
0.346287 -0.433304 2.388440
0.289056 -0.455327 2.264530
0.186959 -0.431114 2.561650
0.170500 -0.637928 2.231490
0.146570 -0.850762 2.166720
0.148944 -0.890013 2.096030
0.317045 -0.433723 2.571250
0.357719 -0.612252 2.237110
0.391505 -0.828698 2.172480
0.395204 -0.863548 2.101130
0.244593 -0.368658 2.565540
0.243469 -0.337190 2.563320
0.201206 -0.180353 2.548600
0.235141 0.004385 2.484080
0.096197 -0.230351 2.581950
0.050746 -0.404327 2.595040
0.085832 -0.544419 2.499600
0.065215 -0.585685 2.475140
0.388988 -0.239561 2.599900
0.445251 -0.419254 2.601690
0.346241 -0.433656 2.389110
0.289216 -0.455299 2.264960
0.186873 -0.431469 2.561820
0.170610 -0.637239 2.231850
0.146647 -0.849966 2.166860
0.149715 -0.889159 2.095580
0.316969 -0.433826 2.571520
0.357843 -0.612246 2.237060
0.391417 -0.828587 2.172520
0.395166 -0.863474 2.101170
0.244594 -0.368922 2.565810
0.243065 -0.337523 2.563510
0.198055 -0.180470 2.547970
0.235223 0.004128 2.483880
0.096196 -0.230389 2.581940
0.050707 -0.404573 2.594850
0.067017 -0.560100 2.528770
0.052865 -0.596840 2.494520
0.388975 -0.239543 2.599890
0.444613 -0.419838 2.601770
0.346087 -0.433973 2.389380
0.289336 -0.455272 2.265280
0.186768 -0.431944 2.562010
0.170695 -0.636700 2.232100
0.146708 -0.849342 2.166980
0.150304 -0.888417 2.095270
0.316880 -0.434002 2.571800
0.357920 -0.611970 2.237640
0.391366 -0.828533 2.172530
0.395151 -0.863446 2.101180
0.244537 -0.369202 2.566030
0.242574 -0.337866 2.563640
0.195839 -0.180565 2.547520
0.235279 0.003879 2.483700
0.096194 -0.230428 2.581940
0.050653 -0.404823 2.594690
0.088291 -0.540235 2.481850
0.063659 -0.587069 2.468670
0.388964 -0.239530 2.599890
0.444001 -0.420311 2.601790
0.345914 -0.434321 2.389570
0.289416 -0.455314 2.265460
0.186668 -0.432430 2.562200
0.172612 -0.634588 2.233040
0.146935 -0.847201 2.167470
0.151186 -0.884986 2.095640
0.316796 -0.434204 2.572070
0.358015 -0.612034 2.237900
0.391339 -0.828505 2.172540
0.395142 -0.863430 2.101190
0.244463 -0.369469 2.566210
0.242090 -0.338184 2.563690
0.194808 -0.180621 2.547110
0.235374 0.003718 2.483580
0.096193 -0.230462 2.581950
0.050602 -0.405058 2.594550
0.099338 -0.529936 2.457510
0.070765 -0.580597 2.452160
0.388954 -0.239519 2.599900
0.443650 -0.420800 2.602030
0.377025 -0.495119 2.445190
0.342677 -0.517796 2.368130
0.186610 -0.432873 2.562380
0.174017 -0.632916 2.233790
0.147221 -0.845459 2.168040
0.151909 -0.882360 2.096220
0.316747 -0.434424 2.572310
0.358130 -0.612141 2.238120
0.391303 -0.828479 2.172530
0.395130 -0.863420 2.101190
0.244375 -0.369714 2.566350
0.241621 -0.338469 2.563690
0.194892 -0.180658 2.546670
0.235488 0.003592 2.483530
0.096194 -0.230481 2.581990
0.050553 -0.405267 2.594450
0.103190 -0.524678 2.448780
0.074184 -0.575960 2.443960
0.388941 -0.239508 2.599920
0.443351 -0.421212 2.602240
0.382274 -0.505149 2.456590
0.366382 -0.540171 2.419140
0.186582 -0.433252 2.562560
0.174882 -0.631750 2.234360
0.147446 -0.844156 2.168490
0.152377 -0.880498 2.096700
0.316708 -0.434633 2.572510
0.358241 -0.612261 2.238280
0.391275 -0.828465 2.172530
0.395117 -0.863425 2.101190
0.244292 -0.369966 2.566460
0.241235 -0.338741 2.563660
0.197412 -0.180859 2.546420
0.235600 0.003480 2.483490
0.096193 -0.230500 2.582060
0.050510 -0.405451 2.594370
0.105169 -0.521700 2.443900
0.075980 -0.573047 2.439210
0.388927 -0.239498 2.599950
0.443105 -0.421608 2.602450
0.386649 -0.513351 2.465120
0.375908 -0.549338 2.438820
0.186582 -0.433655 2.562720
0.177072 -0.629872 2.234790
0.147643 -0.843067 2.168870
0.152718 -0.878994 2.097130
0.316685 -0.434871 2.572710
0.358329 -0.612376 2.238410
0.391242 -0.828454 2.172520
0.395097 -0.863431 2.101200
0.244164 -0.370245 2.566580
0.240806 -0.339026 2.563630
0.199282 -0.180987 2.546440
0.235653 0.003375 2.483450
0.096191 -0.230520 2.582170
0.050471 -0.405599 2.594330
0.106714 -0.519904 2.440290
0.077589 -0.571190 2.435390
0.388918 -0.239486 2.600030
0.442846 -0.422057 2.602640
0.389551 -0.518909 2.470680
0.382014 -0.555016 2.451370
0.186584 -0.434065 2.562910
0.177581 -0.629404 2.234920
0.147724 -0.842612 2.169030
0.152917 -0.878325 2.097270
0.316656 -0.435142 2.572910
0.358408 -0.612486 2.238530
0.391201 -0.828454 2.172490
0.395074 -0.863448 2.101180
0.243989 -0.370526 2.566700
0.240337 -0.339304 2.563600
0.200765 -0.181089 2.546550
0.235687 0.003292 2.483410
0.096187 -0.230536 2.582290
0.050434 -0.405716 2.594310
0.107676 -0.518800 2.437730
0.078826 -0.569814 2.432070
0.388900 -0.239481 2.600110
0.442572 -0.422576 2.602720
0.391040 -0.522105 2.474250
0.382965 -0.555135 2.455670
0.186569 -0.434424 2.563090
0.177489 -0.629757 2.234860
0.147764 -0.842719 2.169080
0.153029 -0.878018 2.097360
0.316615 -0.435417 2.573110
0.358499 -0.612644 2.238620
0.391178 -0.828488 2.172460
0.395064 -0.863508 2.101150
0.243815 -0.370805 2.566810
0.239913 -0.339566 2.563570
0.202038 -0.181202 2.546740
0.235712 0.003222 2.483370
0.096188 -0.230566 2.582440
0.050380 -0.405878 2.594350
0.107661 -0.518701 2.437640
0.079603 -0.568911 2.430080
0.388879 -0.239483 2.600200
0.442385 -0.423056 2.602820
0.391762 -0.523416 2.475980
0.381638 -0.552355 2.453660
0.186571 -0.434763 2.563280
0.177588 -0.629926 2.234800
0.147802 -0.842718 2.169140
0.153110 -0.877764 2.097430
0.316591 -0.435709 2.573290
0.358582 -0.612791 2.238690
0.391147 -0.828569 2.172390
0.395046 -0.863618 2.101100
0.243572 -0.371041 2.566960
0.239430 -0.339780 2.563590
0.202995 -0.181297 2.547060
0.235733 0.003151 2.483350
0.096176 -0.230609 2.582660
0.050323 -0.406017 2.594400
0.107618 -0.518497 2.437820
0.080260 -0.568108 2.428480
0.388850 -0.239485 2.600310
0.442242 -0.423238 2.602820
0.391765 -0.523576 2.476470
0.379205 -0.549728 2.449580
0.186536 -0.435029 2.563490
0.177539 -0.629947 2.234750
0.147838 -0.842622 2.169190
0.153166 -0.877548 2.097500
0.316531 -0.435955 2.573480
0.358699 -0.612602 2.239430
0.391117 -0.828663 2.172310
0.395024 -0.863735 2.101020
0.243344 -0.371246 2.567090
0.238997 -0.339958 2.563610
0.203685 -0.181346 2.547330
0.235756 0.003104 2.483330
0.096156 -0.230651 2.582880
0.050262 -0.406138 2.594460
0.099723 -0.534611 2.479400
0.078155 -0.574871 2.447180
0.388806 -0.239483 2.600450
0.442033 -0.423523 2.602590
0.390700 -0.521986 2.474780
0.375171 -0.545458 2.441800
0.186515 -0.435246 2.563680
0.177655 -0.629886 2.234720
0.147867 -0.842511 2.169240
0.153201 -0.877343 2.097560
0.316492 -0.436162 2.573630
0.358804 -0.612502 2.239790
0.391079 -0.828695 2.172260
0.394995 -0.863781 2.100990
0.243102 -0.371408 2.567240
0.238577 -0.340094 2.563650
0.204225 -0.181393 2.547630
0.235779 0.003058 2.483320
0.096119 -0.230690 2.583130
0.050202 -0.406253 2.594540
0.099753 -0.533458 2.481830
0.078665 -0.574326 2.448470
0.388756 -0.239479 2.600590
0.441771 -0.423531 2.602130
0.389095 -0.519533 2.472370
0.371326 -0.541706 2.434990
0.186486 -0.435416 2.563860
0.177690 -0.629839 2.234650
0.147889 -0.842433 2.169280
0.153220 -0.877193 2.097610
0.316449 -0.436338 2.573790
0.359079 -0.611833 2.240780
0.391035 -0.828720 2.172220
0.394959 -0.863816 2.100950
0.242841 -0.371541 2.567390
0.238157 -0.340200 2.563710
0.204627 -0.181451 2.547970
0.235796 0.003005 2.483310
0.096055 -0.230730 2.583410
0.050147 -0.406343 2.594600
0.100383 -0.530672 2.480460
0.079209 -0.573398 2.448910
0.388705 -0.239477 2.600720
0.441627 -0.423527 2.601590
0.370576 -0.494537 2.450300
0.351582 -0.519820 2.410240
0.186418 -0.435539 2.564080
0.177650 -0.629780 2.234550
0.147917 -0.842362 2.169320
0.153232 -0.877074 2.097670
0.316407 -0.436493 2.573920
0.359339 -0.610136 2.242960
0.390992 -0.828743 2.172160
0.394919 -0.863848 2.100900
0.242560 -0.371656 2.567550
0.237741 -0.340290 2.563770
0.204935 -0.181512 2.548300
0.235801 0.002926 2.483300
0.095962 -0.230804 2.583720
0.050094 -0.406420 2.594660
0.101458 -0.527215 2.476620
0.079849 -0.572111 2.448510
0.388645 -0.239484 2.600880
0.441466 -0.423084 2.600170
0.367393 -0.486846 2.444740
0.347202 -0.512607 2.403080
0.186259 -0.435632 2.564400
0.177510 -0.629732 2.234380
0.147935 -0.842314 2.169340
0.153235 -0.876991 2.097710
0.316356 -0.436642 2.574020
0.359539 -0.607542 2.246320
0.390951 -0.828754 2.172110
0.394880 -0.863865 2.100860
0.242277 -0.371761 2.567700
0.237347 -0.340374 2.563850
0.205218 -0.181677 2.548830
0.235793 0.002827 2.483290
0.095856 -0.230911 2.584060
0.050030 -0.406487 2.594730
0.099276 -0.530225 2.483880
0.078811 -0.573696 2.453920
0.388584 -0.239495 2.601080
0.441272 -0.421409 2.595400
0.372964 -0.483067 2.436390
0.350033 -0.508841 2.394650
0.186053 -0.435706 2.564750
0.176654 -0.630399 2.233920
0.147945 -0.842718 2.169290
0.153192 -0.877164 2.097710
0.316289 -0.436818 2.574080
0.359353 -0.604622 2.249650
0.390894 -0.828737 2.172040
0.394824 -0.863843 2.100780
0.241847 -0.371947 2.567890
0.236830 -0.340525 2.563960
0.205384 -0.181869 2.549410
0.235737 0.002671 2.483260
0.095701 -0.231053 2.584450
0.049965 -0.406554 2.594810
0.097621 -0.532497 2.488760
0.077780 -0.575159 2.458400
0.388512 -0.239523 2.601270
0.441325 -0.417993 2.587700
0.377114 -0.480745 2.429790
0.352766 -0.506417 2.387890
0.185684 -0.435838 2.565230
0.175836 -0.630921 2.233540
0.147959 -0.843027 2.169250
0.153150 -0.877311 2.097700
0.316096 -0.437176 2.574100
0.359128 -0.602233 2.252160
0.390832 -0.828714 2.171960
0.394756 -0.863811 2.100690
0.241431 -0.372127 2.568080
0.236351 -0.340667 2.564080
0.205492 -0.182029 2.549880
0.235672 0.002520 2.483260
0.095551 -0.231192 2.584810
0.049894 -0.406635 2.594870
0.095846 -0.534396 2.491960
0.087428 -0.578796 2.462930
0.388431 -0.239552 2.601470
0.441035 -0.414591 2.580660
0.379034 -0.478711 2.425600
0.355919 -0.504150 2.381830
0.185310 -0.435961 2.565710
0.175266 -0.630926 2.233300
0.147973 -0.843080 2.169250
0.153131 -0.877318 2.097720
0.315890 -0.437538 2.574120
0.359037 -0.599373 2.254470
0.390836 -0.828717 2.171970
0.394757 -0.863810 2.100700
0.241041 -0.372300 2.568260
0.235914 -0.340802 2.564180
0.205550 -0.182170 2.550290
0.235497 0.002339 2.483310
0.095392 -0.231330 2.585170
0.049824 -0.406712 2.594930
0.094715 -0.528440 2.485360
0.096318 -0.571425 2.454400
0.388337 -0.239586 2.601660
0.440779 -0.410639 2.573970
0.408193 -0.466201 2.406820
0.386251 -0.491481 2.362680
0.184973 -0.436073 2.566160
0.174719 -0.630850 2.233080
0.147991 -0.843098 2.169250
0.153110 -0.877313 2.097740
0.315680 -0.437895 2.574140
0.359030 -0.596984 2.255900
0.390837 -0.828713 2.171970
0.394754 -0.863803 2.100710
0.240671 -0.372458 2.568430
0.235512 -0.340925 2.564290
0.205576 -0.182295 2.550650
0.235226 0.002139 2.483410
0.095234 -0.231465 2.585510
0.049755 -0.406781 2.594990
0.093605 -0.528412 2.485450
0.099669 -0.571276 2.453970
0.388240 -0.239621 2.601840
0.440670 -0.407177 2.568320
0.422892 -0.460481 2.397340
0.450277 -0.483772 2.378840
0.184653 -0.436168 2.566610
0.174289 -0.630628 2.232870
0.148021 -0.842999 2.169280
0.153074 -0.877235 2.097780
0.315464 -0.438234 2.574160
0.359074 -0.594541 2.256880
0.390841 -0.828710 2.171980
0.394754 -0.863798 2.100710
0.240303 -0.372635 2.568640
0.235120 -0.341065 2.564430
0.205556 -0.182430 2.551020
0.234671 0.001850 2.483480
0.095030 -0.231639 2.585870
0.049669 -0.406962 2.595030
0.092641 -0.528854 2.485510
0.102092 -0.571519 2.453590
0.388154 -0.239659 2.601980
0.440816 -0.403638 2.562220
0.432306 -0.454505 2.389340
0.475590 -0.477859 2.380800
0.184338 -0.436309 2.567160
0.173913 -0.630373 2.232700
0.148051 -0.842860 2.169320
0.153027 -0.877133 2.097820
0.315247 -0.438585 2.574210
0.359544 -0.592028 2.257200
0.390840 -0.828676 2.171990
0.394745 -0.863761 2.100710
0.239907 -0.372928 2.568880
0.234730 -0.341273 2.564590
0.205522 -0.182548 2.551330
0.233945 0.001476 2.483520
0.094800 -0.231841 2.586240
0.049583 -0.407156 2.595070
0.091515 -0.530359 2.486280
0.103817 -0.572936 2.454130
0.388067 -0.239705 2.602110
0.442426 -0.399051 2.555170
0.437992 -0.449219 2.382880
0.462739 -0.463483 2.347390
0.184037 -0.436579 2.567770
0.173600 -0.630114 2.232560
0.148079 -0.842698 2.169350
0.152975 -0.877022 2.097870
0.314915 -0.439179 2.574300
0.360535 -0.588944 2.257000
0.390842 -0.828644 2.171990
0.394737 -0.863729 2.100720
0.239536 -0.373228 2.569130
0.234369 -0.341484 2.564750
0.205469 -0.182650 2.551610
0.233096 0.001147 2.483680
0.094579 -0.232014 2.586600
0.049519 -0.407283 2.595110
0.092897 -0.526950 2.482250
0.110309 -0.564869 2.445210
0.387984 -0.239744 2.602210
0.444243 -0.395323 2.548630
0.432568 -0.445647 2.356220
0.438827 -0.460280 2.298960
0.183782 -0.436854 2.568370
0.173323 -0.629818 2.232450
0.148111 -0.842484 2.169390
0.152908 -0.876875 2.097920
0.314592 -0.439756 2.574420
0.361444 -0.586531 2.256670
0.390956 -0.828599 2.172080
0.394808 -0.863692 2.100800
0.239296 -0.373461 2.569390
0.234182 -0.341628 2.564940
0.207340 -0.182418 2.552870
0.232316 0.000861 2.483830
0.094355 -0.232192 2.586970
0.049464 -0.407385 2.595140
0.093913 -0.524349 2.479230
0.113613 -0.560273 2.440150
0.387911 -0.239782 2.602280
0.445635 -0.392290 2.542860
0.433856 -0.443338 2.350230
0.434925 -0.456753 2.287620
0.183574 -0.437101 2.568960
0.173009 -0.629421 2.232360
0.148180 -0.842194 2.169490
0.152853 -0.876639 2.098020
0.314316 -0.440258 2.574540
0.362151 -0.584702 2.256250
0.391077 -0.828613 2.172110
0.394872 -0.863690 2.100820
0.239089 -0.373695 2.569690
0.234039 -0.341772 2.565170
0.209080 -0.182161 2.554010
0.231289 0.000540 2.484000
0.094134 -0.232369 2.587320
0.049401 -0.407499 2.595190
0.096927 -0.521853 2.472390
0.118648 -0.556587 2.430070
0.387828 -0.239828 2.602330
0.446720 -0.389982 2.538500
0.435984 -0.441286 2.347940
0.433767 -0.454634 2.281740
0.183363 -0.437358 2.569590
0.172730 -0.629063 2.232300
0.148225 -0.841924 2.169560
0.152775 -0.876414 2.098090
0.314029 -0.440746 2.574680
0.362761 -0.583256 2.255830
0.391178 -0.828647 2.172140
0.394917 -0.863703 2.100840
0.238918 -0.373909 2.569950
0.233928 -0.341902 2.565370
0.209868 -0.181931 2.554620
0.230302 0.000349 2.484240
0.093939 -0.232511 2.587630
0.049337 -0.407602 2.595240
0.098880 -0.520351 2.468190
0.121348 -0.554674 2.424770
0.387742 -0.239868 2.602360
0.447524 -0.388096 2.535110
0.437854 -0.439920 2.347740
0.433243 -0.453635 2.280230
0.183216 -0.437592 2.570150
0.172486 -0.628736 2.232240
0.148264 -0.841668 2.169630
0.152694 -0.876209 2.098170
0.313779 -0.441173 2.574820
0.363343 -0.582119 2.255140
0.391329 -0.828655 2.172250
0.394995 -0.863704 2.100930
0.238735 -0.374166 2.570250
0.233803 -0.342069 2.565610
0.210285 -0.181815 2.555030
0.229437 0.000202 2.484460
0.093760 -0.232640 2.587910
0.049275 -0.407702 2.595290
0.099539 -0.519638 2.466620
0.122633 -0.553599 2.422560
0.387626 -0.239912 2.602360
0.448195 -0.386566 2.532220
0.439359 -0.439251 2.348340
0.433316 -0.453689 2.281430
0.183086 -0.437836 2.570680
0.172282 -0.628455 2.232210
0.148298 -0.841440 2.169700
0.152608 -0.876026 2.098250
0.313510 -0.441610 2.574970
0.363829 -0.581267 2.254500
0.391456 -0.828647 2.172370
0.395052 -0.863694 2.101020
0.238549 -0.374438 2.570540
0.233664 -0.342258 2.565860
0.210479 -0.181727 2.555360
0.228615 0.000085 2.484690
0.093538 -0.232775 2.588210
0.049190 -0.407831 2.595390
0.099986 -0.519160 2.465600
0.122897 -0.553246 2.421890
0.387506 -0.239962 2.602330
0.448664 -0.385429 2.530080
0.440600 -0.438962 2.349600
0.433891 -0.454278 2.284330
0.182973 -0.438103 2.571190
0.172118 -0.628248 2.232210
0.148311 -0.841262 2.169750
0.152507 -0.875877 2.098310
0.313259 -0.442027 2.575120
0.364277 -0.580671 2.253780
0.391543 -0.828652 2.172430
0.395081 -0.863697 2.101070
0.238364 -0.374691 2.570890
0.233517 -0.342439 2.566140
0.210529 -0.181656 2.555640
0.227665 -0.000021 2.485040
0.093315 -0.232888 2.588490
0.049104 -0.407959 2.595490
0.100470 -0.518757 2.464610
0.123504 -0.552748 2.420750
0.387383 -0.240017 2.602290
0.448979 -0.384592 2.528430
0.441533 -0.438500 2.350540
0.434663 -0.454439 2.287090
0.182887 -0.438360 2.571680
0.171981 -0.628069 2.232220
0.148316 -0.841100 2.169790
0.152400 -0.875746 2.098360
0.312976 -0.442362 2.575620
0.364698 -0.580258 2.253060
0.391630 -0.828671 2.172470
0.395109 -0.863712 2.101110
0.238199 -0.374921 2.571230
0.233379 -0.342607 2.566420
0.210380 -0.181583 2.555860
0.226790 -0.000117 2.485350
0.093102 -0.232987 2.588740
0.049021 -0.408080 2.595580
0.100757 -0.518480 2.463960
0.123583 -0.552635 2.420250
0.387246 -0.240072 2.602240
0.449175 -0.383934 2.527210
0.442762 -0.438371 2.351850
0.436330 -0.455028 2.290430
0.182846 -0.438616 2.572130
0.171856 -0.627917 2.232240
0.148317 -0.840962 2.169820
0.152299 -0.875639 2.098410
0.312724 -0.442589 2.576300
0.365104 -0.579962 2.252440
0.391684 -0.828675 2.172510
0.395122 -0.863720 2.101140
0.238025 -0.375074 2.571570
0.233221 -0.342721 2.566690
0.209964 -0.181490 2.555950
0.226022 -0.000224 2.485640
0.092879 -0.233095 2.588980
0.048940 -0.408144 2.595670
0.095257 -0.525460 2.473930
0.109360 -0.568297 2.442200
0.387108 -0.240127 2.602180
0.449295 -0.383436 2.526270
0.443671 -0.438368 2.352960
0.437785 -0.455648 2.293390
0.182808 -0.438817 2.572520
0.171745 -0.627778 2.232280
0.148318 -0.840829 2.169850
0.152205 -0.875549 2.098460
0.312460 -0.442624 2.577160
0.365480 -0.579785 2.251890
0.391726 -0.828672 2.172550
0.395124 -0.863728 2.101190
0.237863 -0.375199 2.571880
0.233069 -0.342815 2.566940
0.209491 -0.181402 2.555980
0.225386 -0.000316 2.485880
0.092677 -0.233187 2.589190
0.048860 -0.408178 2.595740
0.094700 -0.526318 2.475120
0.107879 -0.570078 2.444710
0.386961 -0.240180 2.602110
0.449355 -0.383068 2.525570
0.444447 -0.438372 2.353880
0.439182 -0.456129 2.295860
0.182781 -0.438991 2.572850
0.171638 -0.627631 2.232350
0.148320 -0.840683 2.169890
0.152114 -0.875454 2.098520
0.312210 -0.442594 2.577990
0.365857 -0.579686 2.251370
0.391798 -0.828626 2.172700
0.395129 -0.863712 2.101350
0.237694 -0.375294 2.572180
0.232906 -0.342891 2.567180
0.208990 -0.181339 2.555990
0.224765 -0.000438 2.486020
0.092475 -0.233276 2.589380
0.048775 -0.408207 2.595820
0.091764 -0.529164 2.479370
0.103673 -0.573698 2.449910
0.386789 -0.240234 2.602010
0.449375 -0.382792 2.525030
0.445048 -0.438415 2.354620
0.440370 -0.456552 2.297880
0.182754 -0.439138 2.573130
0.171520 -0.627465 2.232440
0.148309 -0.840512 2.169930
0.152001 -0.875339 2.098590
0.311944 -0.442500 2.578810
0.366184 -0.579672 2.250910
0.391857 -0.828600 2.172790
0.395131 -0.863712 2.101460
0.237528 -0.375340 2.572460
0.232749 -0.342934 2.567400
0.208537 -0.181300 2.555920
0.224194 -0.000566 2.486160
0.092286 -0.233365 2.589550
0.048694 -0.408213 2.595900
0.091471 -0.529430 2.479050
0.104040 -0.572708 2.446390
0.386600 -0.240299 2.601880
0.449317 -0.382594 2.524560
0.445552 -0.438487 2.355160
0.441454 -0.456929 2.299440
0.182716 -0.439240 2.573370
0.171402 -0.627300 2.232550
0.148297 -0.840343 2.169980
0.151887 -0.875232 2.098650
0.311678 -0.442326 2.579570
0.366445 -0.579685 2.250530
0.391892 -0.828561 2.172890
0.395100 -0.863706 2.101590
0.237381 -0.375372 2.572700
0.232607 -0.342966 2.567590
0.208111 -0.181262 2.555830
0.223697 -0.000651 2.486310
0.092122 -0.233444 2.589690
0.048637 -0.408230 2.595950
0.087299 -0.535907 2.487900
0.098294 -0.581443 2.458310
0.386395 -0.240370 2.601720
0.449254 -0.382451 2.524190
0.445945 -0.438561 2.355570
0.442344 -0.457237 2.300660
0.182690 -0.439329 2.573570
0.171290 -0.627143 2.232660
0.148300 -0.840185 2.170040
0.151791 -0.875137 2.098740
0.311449 -0.442149 2.580240
0.366659 -0.579721 2.250190
0.391947 -0.828472 2.173080
0.395071 -0.863664 2.101810
0.237242 -0.375405 2.572920
0.232466 -0.342999 2.567760
0.207677 -0.181231 2.555720
0.223278 -0.000719 2.486420
0.091950 -0.233538 2.589800
0.048581 -0.408258 2.596000
0.085580 -0.538650 2.491530
0.096272 -0.584521 2.462380
0.386183 -0.240440 2.601550
0.449114 -0.382354 2.523840
0.446102 -0.438582 2.355820
0.442767 -0.457394 2.301440
0.182669 -0.439432 2.573750
0.171180 -0.626997 2.232780
0.148302 -0.840037 2.170100
0.151705 -0.875050 2.098820
0.311251 -0.441991 2.580790
0.366782 -0.579911 2.249840
0.391982 -0.828437 2.173160
0.395053 -0.863659 2.101910
0.237125 -0.375432 2.573110
0.232344 -0.343025 2.567910
0.207247 -0.181186 2.555550
0.222921 -0.000755 2.486510
0.091785 -0.233626 2.589900
0.048513 -0.408302 2.596060
0.084730 -0.539881 2.493170
0.095162 -0.586018 2.464310
0.385976 -0.240502 2.601370
0.448932 -0.382295 2.523540
0.446223 -0.438635 2.356030
0.443134 -0.457564 2.302070
0.182667 -0.439534 2.573900
0.171076 -0.626876 2.232880
0.148303 -0.839916 2.170150
0.151625 -0.874984 2.098890
0.311093 -0.441844 2.581250
0.366864 -0.580113 2.249530
0.392028 -0.828401 2.173240
0.395045 -0.863658 2.102020
0.237025 -0.375451 2.573270
0.232236 -0.343045 2.568040
0.206702 -0.181072 2.555160
0.222631 -0.000778 2.486570
0.091624 -0.233721 2.589990
0.048437 -0.408347 2.596120
0.084111 -0.540788 2.494380
0.094388 -0.587081 2.465720
0.385774 -0.240555 2.601190
0.448734 -0.382260 2.523280
0.446211 -0.438784 2.356230
0.443370 -0.457769 2.302600
0.182677 -0.439633 2.574030
0.170987 -0.626764 2.232980
0.148309 -0.839800 2.170200
0.151554 -0.874932 2.098970
0.310969 -0.441694 2.581660
0.366928 -0.580289 2.249280
0.392050 -0.828364 2.173320
0.395010 -0.863664 2.102130
0.236933 -0.375467 2.573410
0.232135 -0.343060 2.568150
0.206169 -0.180946 2.554740
0.222381 -0.000798 2.486600
0.091416 -0.233886 2.590060
0.048358 -0.408387 2.596190
0.083658 -0.541449 2.495270
0.093972 -0.587654 2.466580
0.385576 -0.240608 2.601010
0.448541 -0.382249 2.523070
0.445778 -0.438861 2.356380
0.443351 -0.457870 2.303010
0.182689 -0.439728 2.574140
0.170898 -0.626665 2.233080
0.148314 -0.839700 2.170240
0.151491 -0.874892 2.099040
0.310858 -0.441552 2.582030
0.366970 -0.580456 2.249070
0.392068 -0.828333 2.173380
0.394978 -0.863675 2.102230
0.236832 -0.375485 2.573550
0.232016 -0.343079 2.568250
0.205648 -0.180876 2.554410
0.222138 -0.000814 2.486610
0.091170 -0.234072 2.590140
0.048277 -0.408428 2.596250
0.083404 -0.541723 2.495700
0.094060 -0.587321 2.466400
0.385389 -0.240657 2.600840
0.448353 -0.382252 2.522890
0.445210 -0.438914 2.356490
0.443207 -0.457937 2.303340
0.182690 -0.439825 2.574240
0.170819 -0.626577 2.233170
0.148324 -0.839608 2.170300
0.151435 -0.874856 2.099120
0.310750 -0.441435 2.582340
0.367008 -0.580630 2.248870
0.392078 -0.828319 2.173400
0.394943 -0.863698 2.102280
0.236730 -0.375501 2.573660
0.231891 -0.343096 2.568350
0.205154 -0.180801 2.554060
0.221917 -0.000809 2.486610
0.090934 -0.234232 2.590200
0.048195 -0.408449 2.596310
0.083272 -0.541801 2.495940
0.094304 -0.586806 2.466070
0.385197 -0.240712 2.600670
0.448187 -0.382271 2.522760
0.444990 -0.439111 2.356640
0.443215 -0.458114 2.303640
0.182686 -0.439917 2.574320
0.170746 -0.626502 2.233260
0.148332 -0.839529 2.170350
0.151381 -0.874829 2.099200
0.310635 -0.441331 2.582610
0.367051 -0.580889 2.248620
0.392101 -0.828339 2.173400
0.394917 -0.863779 2.102290
0.236644 -0.375513 2.573760
0.231790 -0.343110 2.568410
0.204748 -0.180774 2.553470
0.221749 -0.000800 2.486610
0.090712 -0.234379 2.590250
0.048107 -0.408452 2.596370
0.083273 -0.541619 2.495920
0.094735 -0.585978 2.465460
0.385021 -0.240764 2.600500
0.448018 -0.382303 2.522650
0.444650 -0.439299 2.356760
0.443121 -0.458260 2.303890
0.182682 -0.440002 2.574380
0.170677 -0.626424 2.233350
0.148344 -0.839444 2.170400
0.151330 -0.874812 2.099290
0.310535 -0.441241 2.582840
0.367084 -0.581148 2.248400
0.392124 -0.828353 2.173410
0.394903 -0.863877 2.102340
0.236554 -0.375524 2.573840
0.231679 -0.343121 2.568460
0.204351 -0.180732 2.552820
0.221584 -0.000790 2.486600
0.090505 -0.234507 2.590300
0.048021 -0.408462 2.596420
0.083444 -0.541164 2.495540
0.095408 -0.584815 2.464380
0.384870 -0.240773 2.600400
0.447828 -0.382307 2.522580
0.443871 -0.439461 2.356610
0.442716 -0.458394 2.303930
0.182674 -0.440079 2.574440
0.170610 -0.626358 2.233430
0.148360 -0.839372 2.170460
0.151292 -0.874808 2.099390
0.310414 -0.441155 2.583060
0.367095 -0.581461 2.248170
0.392137 -0.828361 2.173420
0.394881 -0.863968 2.102370
0.236468 -0.375531 2.573910
0.231573 -0.343128 2.568490
0.203982 -0.180701 2.552200
0.221396 -0.000780 2.486550
0.090295 -0.234625 2.590330
0.047937 -0.408472 2.596470
0.089832 -0.531382 2.487090
0.107298 -0.567392 2.449260
0.384731 -0.240774 2.600300
0.447624 -0.382317 2.522530
0.443191 -0.439601 2.356500
0.442330 -0.458510 2.303950
0.182664 -0.440152 2.574490
0.170549 -0.626303 2.233500
0.148374 -0.839310 2.170520
0.151256 -0.874812 2.099490
0.310305 -0.441072 2.583250
0.367103 -0.581762 2.247960
0.392147 -0.828377 2.173410
0.394856 -0.864071 2.102390
0.236411 -0.375538 2.573960
0.231500 -0.343137 2.568510
0.203756 -0.180751 2.551440
0.221259 -0.000777 2.486510
0.090106 -0.234729 2.590360
0.047858 -0.408510 2.596510
0.093307 -0.526324 2.482350
0.112176 -0.560502 2.442870
0.384601 -0.240768 2.600210
0.447430 -0.382330 2.522500
0.442814 -0.440127 2.356770
0.442123 -0.458990 2.304300
0.182663 -0.440219 2.574530
0.170478 -0.626238 2.233590
0.148391 -0.839241 2.170570
0.151225 -0.874817 2.099590
0.310224 -0.441003 2.583410
0.367084 -0.582065 2.247770
0.392154 -0.828397 2.173400
0.394821 -0.864193 2.102400
0.236360 -0.375544 2.573990
0.231429 -0.343144 2.568520
0.203537 -0.180766 2.550650
0.221138 -0.000737 2.486470
0.089962 -0.234798 2.590380
0.047792 -0.408528 2.596530
0.095133 -0.523443 2.479640
0.114483 -0.557020 2.439630
0.384480 -0.240756 2.600120
0.447256 -0.382340 2.522490
0.442588 -0.440679 2.357090
0.442011 -0.459519 2.304670
0.182660 -0.440267 2.574570
0.170405 -0.626183 2.233680
0.148407 -0.839184 2.170620
0.151195 -0.874831 2.099680
0.310154 -0.440946 2.583530
0.367071 -0.582352 2.247580
0.392159 -0.828424 2.173370
0.394783 -0.864326 2.102390
0.236314 -0.375557 2.574020
0.231359 -0.343157 2.568510
0.203326 -0.180778 2.549920
0.221024 -0.000697 2.486420
0.089834 -0.234855 2.590400
0.047705 -0.408600 2.596550
0.090665 -0.533172 2.489420
0.104384 -0.577632 2.460470
0.384370 -0.240742 2.600050
0.447102 -0.382352 2.522490
0.442587 -0.441348 2.357500
0.442077 -0.460175 2.305130
0.182661 -0.440320 2.574590
0.170344 -0.626140 2.233750
0.148420 -0.839137 2.170660
0.151167 -0.874850 2.099770
0.310103 -0.440918 2.583630
0.367046 -0.582647 2.247380
0.392163 -0.828460 2.173330
0.394745 -0.864473 2.102380
0.236261 -0.375586 2.574040
0.231279 -0.343187 2.568500
0.203101 -0.180812 2.549360
0.220890 -0.000666 2.486370
0.089670 -0.234966 2.590400
0.047611 -0.408715 2.596590
0.089083 -0.536725 2.492450
0.101608 -0.583337 2.465450
0.384266 -0.240729 2.599970
0.446961 -0.382366 2.522500
0.442639 -0.441952 2.357870
0.442173 -0.460795 2.305540
0.182659 -0.440394 2.574620
0.170283 -0.626096 2.233820
0.148432 -0.839091 2.170690
0.151148 -0.874860 2.099830
0.310059 -0.440911 2.583720
0.367031 -0.582867 2.247250
0.392169 -0.828498 2.173300
0.394718 -0.864605 2.102370
0.236207 -0.375622 2.574060
0.231195 -0.343224 2.568470
0.202907 -0.180856 2.548870
0.220773 -0.000643 2.486320
0.089518 -0.235081 2.590380
0.047524 -0.408832 2.596610
0.088019 -0.539071 2.494340
0.100429 -0.585902 2.467760
0.384162 -0.240719 2.599910
0.446793 -0.382394 2.522510
0.442740 -0.442506 2.358200
0.442313 -0.461381 2.305920
0.182655 -0.440466 2.574640
0.170225 -0.626056 2.233880
0.148444 -0.839048 2.170720
0.151132 -0.874870 2.099890
0.310014 -0.440919 2.583790
0.367027 -0.583093 2.247090
0.392172 -0.828543 2.173240
0.394690 -0.864736 2.102330
0.236137 -0.375668 2.574080
0.231094 -0.343270 2.568440
0.202732 -0.180905 2.548470
0.220669 -0.000634 2.486270
0.089369 -0.235193 2.590370
0.047419 -0.408983 2.596640
0.095342 -0.532522 2.468110
0.111234 -0.574758 2.429520
0.384060 -0.240714 2.599840
0.446645 -0.382426 2.522530
0.408750 -0.469900 2.363770
0.399621 -0.496224 2.313240
0.182634 -0.440540 2.574660
0.170195 -0.626039 2.233930
0.148452 -0.839024 2.170740
0.151116 -0.874892 2.099940
0.309961 -0.440945 2.583860
0.367027 -0.583332 2.246890
0.392173 -0.828585 2.173160
0.394661 -0.864852 2.102280
0.236063 -0.375717 2.574090
0.230985 -0.343322 2.568410
0.202558 -0.180966 2.548140
0.220567 -0.000632 2.486210
0.089196 -0.235343 2.590350
0.047305 -0.409161 2.596670
0.097320 -0.530297 2.460530
0.114816 -0.569780 2.416140
0.383975 -0.240712 2.599780
0.446495 -0.382482 2.522560
0.420675 -0.465989 2.363880
0.406890 -0.495348 2.313960
0.182604 -0.440615 2.574680
0.170169 -0.626024 2.233970
0.148462 -0.839002 2.170760
0.151107 -0.874910 2.099980
0.309911 -0.440979 2.583900
0.366989 -0.583599 2.246670
0.392164 -0.828665 2.173030
0.394620 -0.865011 2.102180
0.235999 -0.375760 2.574090
0.230889 -0.343370 2.568360
0.202442 -0.181050 2.547800
0.220471 -0.000637 2.486130
0.089032 -0.235487 2.590340
0.047198 -0.409333 2.596710
0.095608 -0.531805 2.465190
0.111395 -0.572206 2.426220
0.383899 -0.240710 2.599740
0.446361 -0.382538 2.522580
0.430892 -0.461535 2.363580
0.416791 -0.491739 2.313990
0.182576 -0.440682 2.574690
0.170136 -0.626018 2.234010
0.148471 -0.838988 2.170770
0.151102 -0.874938 2.100020
0.309869 -0.441015 2.583940
0.366973 -0.583817 2.246430
0.392155 -0.828746 2.172910
0.394581 -0.865169 2.102090
0.235936 -0.375803 2.574080
0.230795 -0.343418 2.568310
0.202341 -0.181129 2.547500
0.220384 -0.000645 2.486060
0.088881 -0.235623 2.590320
0.047105 -0.409477 2.596740
0.093804 -0.533314 2.470620
0.108479 -0.574405 2.435450
0.383816 -0.240705 2.599700
0.446247 -0.382602 2.522610
0.438736 -0.459282 2.363830
0.426655 -0.489035 2.314380
0.182547 -0.440744 2.574700
0.170105 -0.626015 2.234040
0.148478 -0.838977 2.170780
0.151097 -0.874966 2.100050
0.309830 -0.441053 2.583980
0.366961 -0.584015 2.246210
0.392144 -0.828823 2.172790
0.394544 -0.865318 2.102000
0.235872 -0.375863 2.574070
0.230702 -0.343476 2.568250
0.202247 -0.181197 2.547240
0.220303 -0.000655 2.485980
0.088746 -0.235745 2.590300
0.047019 -0.409604 2.596760
0.092309 -0.534807 2.475890
0.106420 -0.576446 2.443130
0.383739 -0.240700 2.599660
0.446140 -0.382682 2.522640
0.442433 -0.457164 2.363600
0.432423 -0.485905 2.314100
0.182519 -0.440828 2.574710
0.170082 -0.626041 2.234040
0.148482 -0.838988 2.170780
0.151076 -0.875064 2.100090
0.309792 -0.441108 2.584010
0.366968 -0.584189 2.246000
0.392110 -0.828883 2.172680
0.394486 -0.865439 2.101920
0.235813 -0.375920 2.574060
0.230617 -0.343531 2.568200
0.202191 -0.181271 2.547010
0.220254 -0.000660 2.485930
0.088631 -0.235848 2.590290
0.046943 -0.409716 2.596770
0.091154 -0.535975 2.480010
0.104992 -0.577936 2.448490
0.383669 -0.240700 2.599620
0.446032 -0.382785 2.522680
0.444939 -0.455576 2.363380
0.436851 -0.483216 2.313760
0.182492 -0.440906 2.574710
0.170058 -0.626036 2.234050
0.148489 -0.838978 2.170790
0.151069 -0.875091 2.100110
0.309757 -0.441165 2.584040
0.366977 -0.584293 2.245880
0.392055 -0.828893 2.172600
0.394412 -0.865500 2.101870
0.235762 -0.375978 2.574050
0.230549 -0.343590 2.568140
0.202224 -0.181395 2.546750
0.220217 -0.000665 2.485890
0.088533 -0.235940 2.590270
0.046874 -0.409814 2.596790
0.090314 -0.536810 2.483040
0.104037 -0.578945 2.452120
0.383608 -0.240709 2.599580
0.445910 -0.382954 2.522730
0.446841 -0.454660 2.363290
0.440548 -0.481344 2.313560
0.182466 -0.440983 2.574720
0.170032 -0.626023 2.234060
0.148496 -0.838959 2.170800
0.151061 -0.875111 2.100130
0.309725 -0.441225 2.584060
0.366987 -0.584399 2.245760
0.391992 -0.828867 2.172520
0.394335 -0.865528 2.101830
0.235715 -0.376033 2.574030
0.230487 -0.343646 2.568080
0.202274 -0.181537 2.546550
0.220188 -0.000670 2.485860
0.088447 -0.236020 2.590260
0.046789 -0.409982 2.596820
0.090457 -0.534350 2.482560
0.104931 -0.573444 2.449250
0.383552 -0.240718 2.599530
0.445788 -0.383177 2.522800
0.447928 -0.453962 2.363180
0.442754 -0.479880 2.313330
0.182439 -0.441055 2.574730
0.170008 -0.626009 2.234070
0.148505 -0.838939 2.170800
0.151054 -0.875126 2.100160
0.309697 -0.441282 2.584080
0.366989 -0.584548 2.245630
0.391911 -0.828827 2.172440
0.394238 -0.865537 2.101780
0.235676 -0.376081 2.574020
0.230436 -0.343697 2.568030
0.202433 -0.181807 2.546390
0.220172 -0.000683 2.485810
0.088373 -0.236090 2.590240
0.046718 -0.410145 2.596830
0.087212 -0.538706 2.489020
0.099753 -0.581045 2.459050
0.383508 -0.240744 2.599460
0.445670 -0.383406 2.522860
0.448660 -0.453400 2.363070
0.444347 -0.478718 2.313120
0.182414 -0.441115 2.574730
0.169994 -0.625988 2.234070
0.148513 -0.838919 2.170810
0.151047 -0.875137 2.100170
0.309673 -0.441337 2.584090
0.367007 -0.584640 2.245530
0.391826 -0.828774 2.172360
0.394129 -0.865524 2.101730
0.235637 -0.376131 2.574000
0.230388 -0.343753 2.567980
0.202607 -0.182086 2.546250
0.220151 -0.000734 2.485700
0.088306 -0.236157 2.590220
0.046645 -0.410335 2.596840
0.086133 -0.540167 2.491340
0.098363 -0.583107 2.461890
0.383471 -0.240800 2.599370
0.445561 -0.383743 2.522910
0.449098 -0.452911 2.362900
0.445491 -0.477736 2.312880
0.182381 -0.441182 2.574720
0.169991 -0.625951 2.234050
0.148521 -0.838899 2.170820
0.151039 -0.875145 2.100190
0.309644 -0.441413 2.584110
0.367033 -0.584699 2.245450
0.391741 -0.828711 2.172300
0.394014 -0.865496 2.101690
0.235602 -0.376179 2.573990
0.230345 -0.343807 2.567930
0.202784 -0.182358 2.546130
0.220126 -0.000789 2.485580
0.088250 -0.236218 2.590210
0.046582 -0.410516 2.596830
0.085554 -0.540965 2.492690
0.097635 -0.584177 2.463490
0.383436 -0.240878 2.599260
0.445460 -0.384063 2.522960
0.449308 -0.452498 2.362720
0.446301 -0.476946 2.312660
0.182349 -0.441244 2.574720
0.169984 -0.625924 2.234030
0.148528 -0.838881 2.170830
0.151030 -0.875153 2.100210
0.309618 -0.441490 2.584120
0.367059 -0.584747 2.245380
0.391698 -0.828686 2.172250
0.393947 -0.865496 2.101670
0.235570 -0.376224 2.573970
0.230308 -0.343859 2.567890
0.202959 -0.182623 2.546020
0.220115 -0.000857 2.485410
0.088211 -0.236256 2.590200
0.046529 -0.410665 2.596830
0.085149 -0.541526 2.493650
0.097132 -0.584940 2.464620
0.383421 -0.240936 2.599180
0.445361 -0.384394 2.523000
0.449161 -0.452137 2.362500
0.446779 -0.476302 2.312450
0.182319 -0.441302 2.574720
0.169978 -0.625896 2.234010
0.148535 -0.838863 2.170830
0.151022 -0.875159 2.100220
0.309595 -0.441564 2.584140
0.367082 -0.584811 2.245330
0.391667 -0.828671 2.172220
0.393894 -0.865503 2.101650
0.235545 -0.376327 2.573940
0.230284 -0.343963 2.567820
0.203157 -0.182893 2.545910
0.220109 -0.000914 2.485250
0.088182 -0.236285 2.590190
0.046506 -0.410955 2.596740
0.087447 -0.537030 2.487850
0.102034 -0.575761 2.452490
0.383411 -0.240998 2.599100
0.445283 -0.384718 2.523030
0.448943 -0.451893 2.362300
0.447103 -0.475816 2.312280
0.182296 -0.441434 2.574710
0.169974 -0.625867 2.234000
0.148544 -0.838852 2.170840
0.151016 -0.875170 2.100240
0.309569 -0.441691 2.584150
0.367098 -0.584870 2.245270
0.391633 -0.828647 2.172200
0.393840 -0.865497 2.101640
0.235529 -0.376461 2.573910
0.230267 -0.344090 2.567750
0.203326 -0.183131 2.545810
0.220112 -0.000963 2.485100
0.088157 -0.236314 2.590180
0.046496 -0.411240 2.596640
0.087720 -0.536401 2.486680
0.102617 -0.574590 2.450390
0.383402 -0.241081 2.598990
0.445214 -0.385031 2.523050
0.448454 -0.451712 2.362100
0.447193 -0.475399 2.312100
0.182287 -0.441609 2.574690
0.169973 -0.625842 2.233990
0.148553 -0.838842 2.170840
0.151010 -0.875181 2.100250
0.309555 -0.441836 2.584160
0.367081 -0.584996 2.245170
0.391604 -0.828628 2.172180
0.393788 -0.865494 2.101630
0.235524 -0.376603 2.573860
0.230261 -0.344225 2.567670
0.203473 -0.183348 2.545710
0.220118 -0.001013 2.484940
0.088142 -0.236344 2.590170
0.046491 -0.411511 2.596540
0.092603 -0.530551 2.479480
0.110265 -0.565727 2.439560
0.383401 -0.241173 2.598860
0.445150 -0.385340 2.523070
0.447971 -0.451625 2.361910
0.447205 -0.475085 2.311950
0.182302 -0.441791 2.574660
0.169967 -0.625815 2.233980
0.148562 -0.838834 2.170850
0.151004 -0.875193 2.100270
0.309554 -0.441983 2.584160
0.367047 -0.585144 2.245080
0.391569 -0.828599 2.172150
0.393729 -0.865480 2.101620
0.235524 -0.376709 2.573820
0.230261 -0.344341 2.567590
0.203618 -0.183560 2.545630
0.220128 -0.001094 2.484760
0.088133 -0.236369 2.590150
0.046487 -0.411720 2.596450
0.093019 -0.530911 2.479280
0.110174 -0.568185 2.441090
0.383406 -0.241274 2.598700
0.445093 -0.385593 2.523080
0.447488 -0.451709 2.361830
0.447173 -0.474919 2.311860
0.182312 -0.441908 2.574630
0.169935 -0.625697 2.234000
0.148571 -0.838827 2.170850
0.150998 -0.875205 2.100290
0.309558 -0.442098 2.584150
0.367008 -0.585267 2.245020
0.391530 -0.828554 2.172120
0.393663 -0.865451 2.101610
0.235528 -0.376817 2.573760
0.230270 -0.344467 2.567500
0.203814 -0.183795 2.545470
0.220137 -0.001220 2.484480
0.088128 -0.236392 2.590130
0.046498 -0.411965 2.596330
0.093479 -0.530297 2.478220
0.110755 -0.567538 2.439810
0.383413 -0.241372 2.598540
0.445040 -0.385814 2.523100
0.447210 -0.451778 2.361770
0.447198 -0.474797 2.311800
0.182324 -0.442018 2.574600
0.169886 -0.625514 2.234040
0.148590 -0.838820 2.170870
0.150996 -0.875227 2.100320
0.309563 -0.442214 2.584140
0.366969 -0.585353 2.244970
0.391494 -0.828517 2.172090
0.393602 -0.865433 2.101590
0.235535 -0.376918 2.573710
0.230282 -0.344586 2.567410
0.203996 -0.184012 2.545330
0.220145 -0.001371 2.484210
0.088128 -0.236425 2.590110
0.046506 -0.412203 2.596210
0.093808 -0.529791 2.477320
0.111151 -0.567008 2.438790
0.383420 -0.241487 2.598370
0.444996 -0.386038 2.523080
0.446892 -0.452002 2.361700
0.447159 -0.474776 2.311740
0.182336 -0.442114 2.574570
0.169826 -0.625307 2.234080
0.148604 -0.838802 2.170890
0.150987 -0.875237 2.100350
0.309571 -0.442322 2.584120
0.366932 -0.585427 2.244930
0.391457 -0.828481 2.172050
0.393540 -0.865415 2.101570
0.235544 -0.377014 2.573660
0.230296 -0.344699 2.567320
0.204140 -0.184216 2.545190
0.220156 -0.001523 2.483950
0.088134 -0.236460 2.590080
0.046510 -0.412374 2.596120
0.093748 -0.529957 2.477120
0.110483 -0.568024 2.439310
0.383433 -0.241599 2.598210
0.444958 -0.386242 2.523050
0.447098 -0.452667 2.361780
0.447476 -0.475110 2.311780
0.182352 -0.442204 2.574550
0.169800 -0.625195 2.234090
0.148619 -0.838784 2.170910
0.150977 -0.875247 2.100390
0.309586 -0.442426 2.584100
0.366870 -0.585519 2.244890
0.391399 -0.828437 2.172010
0.393453 -0.865392 2.101540
0.235556 -0.377117 2.573610
0.230310 -0.344816 2.567240
0.204246 -0.184387 2.545090
0.220178 -0.001692 2.483680
0.088144 -0.236500 2.590050
0.046516 -0.412524 2.596040
0.093506 -0.530386 2.477210
0.109576 -0.569344 2.440260
0.383448 -0.241687 2.598080
0.444921 -0.386454 2.523000
0.447232 -0.453293 2.361810
0.447702 -0.475448 2.311790
0.182375 -0.442312 2.574520
0.169781 -0.625095 2.234110
0.148631 -0.838768 2.170940
0.150968 -0.875259 2.100440
0.309605 -0.442532 2.584070
0.366774 -0.585655 2.244830
0.391353 -0.828412 2.171970
0.393387 -0.865384 2.101520
0.235569 -0.377215 2.573550
0.230326 -0.344926 2.567160
0.204333 -0.184530 2.544980
0.220199 -0.001840 2.483450
0.088156 -0.236542 2.590010
0.046520 -0.412680 2.595960
0.093178 -0.530959 2.477460
0.108684 -0.570653 2.441250
0.383462 -0.241766 2.597980
0.444890 -0.386648 2.522940
0.447304 -0.453979 2.361860
0.447858 -0.475876 2.311820
0.182400 -0.442417 2.574480
0.169759 -0.625021 2.234120
0.148644 -0.838749 2.170980
0.150957 -0.875272 2.100510
0.309626 -0.442630 2.584050
0.366525 -0.585912 2.244800
0.391315 -0.828393 2.171930
0.393331 -0.865382 2.101490
0.235582 -0.377307 2.573500
0.230342 -0.345027 2.567080
0.204398 -0.184652 2.544890
0.220223 -0.001968 2.483240
0.088170 -0.236583 2.589970
0.046523 -0.412804 2.595900
0.093425 -0.530450 2.476890
0.108960 -0.569838 2.440580
0.383478 -0.241837 2.597880
0.444853 -0.386849 2.522860
0.447381 -0.454582 2.361870
0.448002 -0.476282 2.311840
0.182425 -0.442517 2.574450
0.169738 -0.624967 2.234140
0.148657 -0.838732 2.171020
0.150948 -0.875285 2.100570
0.309649 -0.442716 2.584030
0.366079 -0.586326 2.244800
0.391277 -0.828374 2.171870
0.393279 -0.865380 2.101450
0.235607 -0.377393 2.573440
0.230376 -0.345124 2.566980
0.204530 -0.184762 2.544640
0.220248 -0.002070 2.483060
0.088185 -0.236622 2.589940
0.046523 -0.412928 2.595830
0.092516 -0.532531 2.478760
0.107237 -0.573452 2.444240
0.383494 -0.241901 2.597800
0.444820 -0.387037 2.522780
0.447517 -0.455162 2.361900
0.448188 -0.476717 2.311860
0.182456 -0.442612 2.574410
0.169728 -0.624946 2.234140
0.148676 -0.838727 2.171060
0.150948 -0.875327 2.100640
0.309678 -0.442791 2.584010
0.365407 -0.587148 2.244640
0.391278 -0.828363 2.171860
0.393269 -0.865387 2.101450
0.235639 -0.377474 2.573380
0.230415 -0.345214 2.566890
0.204653 -0.184856 2.544390
0.220281 -0.002166 2.482880
0.088199 -0.236656 2.589900
0.046528 -0.413054 2.595740
0.092084 -0.533516 2.479520
0.106503 -0.574924 2.445600
0.383520 -0.241977 2.597700
0.444791 -0.387247 2.522690
0.447750 -0.455687 2.361900
0.448454 -0.477134 2.311870
0.182495 -0.442705 2.574360
0.169731 -0.624936 2.234140
0.148695 -0.838721 2.171090
0.150947 -0.875367 2.100710
0.309731 -0.442871 2.584010
0.364807 -0.587911 2.244490
0.391279 -0.828348 2.171840
0.393257 -0.865388 2.101440
0.235673 -0.377534 2.573330
0.230460 -0.345289 2.566800
0.204861 -0.185021 2.544160
0.220336 -0.002257 2.482690
0.088207 -0.236664 2.589880
0.046535 -0.413122 2.595680
0.091932 -0.531047 2.476080
0.106367 -0.569800 2.438940
0.383549 -0.242050 2.597610
0.444761 -0.387449 2.522610
0.425693 -0.465364 2.326730
0.429189 -0.490754 2.254910
0.182527 -0.442771 2.574330
0.169743 -0.624930 2.234120
0.148717 -0.838711 2.171130
0.150945 -0.875397 2.100780
0.309786 -0.442942 2.584000
0.364346 -0.588508 2.244350
0.391281 -0.828323 2.171840
0.393246 -0.865384 2.101440
0.235698 -0.377564 2.573290
0.230493 -0.345332 2.566730
0.205010 -0.185139 2.543950
0.220399 -0.002323 2.482520
0.088215 -0.236664 2.589860
0.046543 -0.413156 2.595650
0.091386 -0.531712 2.476930
0.105449 -0.571020 2.440620
0.383583 -0.242116 2.597530
0.444729 -0.387622 2.522550
0.415159 -0.469993 2.309650
0.416864 -0.500118 2.215550
0.182545 -0.442805 2.574320
0.169755 -0.624930 2.234110
0.148737 -0.838703 2.171170
0.150943 -0.875430 2.100840
0.309831 -0.442984 2.584000
0.364005 -0.588897 2.244250
0.391280 -0.828297 2.171830
0.393234 -0.865379 2.101440
0.235715 -0.377579 2.573250
0.230515 -0.345358 2.566670
0.205077 -0.185224 2.543840
0.220481 -0.002409 2.482330
0.088218 -0.236665 2.589840
0.046548 -0.413183 2.595620
0.095930 -0.529903 2.472130
0.113903 -0.567795 2.432080
0.383616 -0.242177 2.597460
0.444695 -0.387739 2.522510
0.410542 -0.471961 2.302110
0.412976 -0.502921 2.203300
0.182558 -0.442828 2.574300
0.169766 -0.624933 2.234090
0.148756 -0.838695 2.171200
0.150942 -0.875453 2.100900
0.309874 -0.443012 2.584000
0.363731 -0.589191 2.244170
0.391248 -0.828190 2.171830
0.393184 -0.865304 2.101470
0.235733 -0.377586 2.573220
0.230537 -0.345376 2.566610
0.205140 -0.185309 2.543730
0.220571 -0.002475 2.482160
0.088220 -0.236669 2.589820
0.046552 -0.413196 2.595600
0.092885 -0.534115 2.477710
0.107561 -0.576298 2.443700
0.383650 -0.242235 2.597390
0.444670 -0.387823 2.522490
0.405592 -0.475711 2.298680
0.410686 -0.504435 2.196010
0.182570 -0.442844 2.574290
0.169771 -0.624924 2.234090
0.148772 -0.838683 2.171220
0.150942 -0.875468 2.100930
0.309920 -0.443032 2.584000
0.363526 -0.589378 2.244120
0.391159 -0.827930 2.171880
0.393076 -0.865093 2.101540
0.235752 -0.377587 2.573190
0.230560 -0.345388 2.566560
0.205205 -0.185391 2.543630
0.220659 -0.002514 2.482000
0.088223 -0.236673 2.589800
0.046556 -0.413202 2.595580
0.091389 -0.535909 2.480210
0.105125 -0.579146 2.447800
0.383684 -0.242288 2.597330
0.444648 -0.387895 2.522470
0.403624 -0.476823 2.295800
0.410496 -0.504191 2.194880
0.182580 -0.442855 2.574280
0.169777 -0.624910 2.234080
0.148787 -0.838673 2.171240
0.150942 -0.875481 2.100970
0.309969 -0.443047 2.584010
0.363369 -0.589496 2.244080
0.391065 -0.827662 2.171940
0.392964 -0.864877 2.101620
0.235767 -0.377586 2.573170
0.230576 -0.345398 2.566530
0.205228 -0.185496 2.543610
0.220715 -0.002562 2.481880
0.088224 -0.236677 2.589780
0.046561 -0.413210 2.595550
0.090640 -0.537035 2.481770
0.104058 -0.580707 2.450070
0.383716 -0.242340 2.597270
0.444625 -0.387976 2.522440
0.402996 -0.477224 2.294490
0.411893 -0.502840 2.198350
0.182589 -0.442863 2.574270
0.169785 -0.624891 2.234070
0.148804 -0.838663 2.171260
0.150944 -0.875489 2.100990
0.310016 -0.443058 2.584020
0.363246 -0.589577 2.244050
0.390983 -0.827440 2.172010
0.392859 -0.864669 2.101700
0.235778 -0.377585 2.573150
0.230588 -0.345407 2.566500
0.205236 -0.185593 2.543610
0.220777 -0.002639 2.481730
0.088220 -0.236695 2.589760
0.046562 -0.413228 2.595530
0.090004 -0.537941 2.482990
0.103261 -0.581808 2.451630
0.383746 -0.242389 2.597220
0.444606 -0.388057 2.522410
0.402766 -0.477531 2.294640
0.413828 -0.501409 2.203320
0.182594 -0.442869 2.574270
0.169792 -0.624817 2.234130
0.148821 -0.838656 2.171270
0.150947 -0.875496 2.101010
0.310056 -0.443072 2.584020
0.363156 -0.589609 2.244030
0.390895 -0.827013 2.172230
0.392742 -0.864251 2.101940
0.235788 -0.377583 2.573130
0.230599 -0.345415 2.566470
0.205265 -0.185750 2.543650
0.220839 -0.002714 2.481580
0.088216 -0.236712 2.589730
0.046559 -0.413250 2.595520
0.089577 -0.538544 2.483850
0.102763 -0.582506 2.452660
0.383775 -0.242437 2.597160
0.444579 -0.388142 2.522380
0.403632 -0.476869 2.295570
0.415314 -0.500274 2.207260
0.182598 -0.442874 2.574260
0.169797 -0.624747 2.234190
0.148839 -0.838650 2.171290
0.150950 -0.875502 2.101020
0.310092 -0.443084 2.584020
0.363081 -0.589636 2.244010
0.390831 -0.826778 2.172340
0.392656 -0.864019 2.102070
0.235798 -0.377584 2.573110
0.230611 -0.345424 2.566450
0.205290 -0.185894 2.543690
0.220895 -0.002784 2.481440
0.088215 -0.236732 2.589710
0.046546 -0.413301 2.595530
0.089273 -0.538958 2.484420
0.102422 -0.582993 2.453340
0.383802 -0.242484 2.597110
0.444553 -0.388222 2.522360
0.405507 -0.475711 2.296980
0.416517 -0.499591 2.210330
0.182602 -0.442879 2.574260
0.169800 -0.624696 2.234240
0.148855 -0.838639 2.171290
0.150952 -0.875504 2.101030
0.310128 -0.443098 2.584020
0.363022 -0.589656 2.244000
0.390795 -0.826658 2.172390
0.392606 -0.863903 2.102130
0.235811 -0.377587 2.573100
0.230624 -0.345435 2.566430
0.205306 -0.185950 2.543690
0.220955 -0.002840 2.481310
0.088219 -0.236753 2.589680
0.046520 -0.413398 2.595520
0.088983 -0.539468 2.485040
0.102146 -0.583434 2.453940
0.383826 -0.242525 2.597070
0.444527 -0.388302 2.522330
0.406627 -0.475289 2.298520
0.417448 -0.499099 2.212750
0.182608 -0.442884 2.574260
0.169805 -0.624642 2.234280
0.148871 -0.838627 2.171300
0.150955 -0.875506 2.101040
0.310164 -0.443113 2.584020
0.362977 -0.589663 2.244000
0.390761 -0.826549 2.172430
0.392564 -0.863806 2.102180
0.235826 -0.377596 2.573080
0.230640 -0.345450 2.566410
0.205322 -0.185992 2.543670
0.221013 -0.002890 2.481200
0.088227 -0.236783 2.589640
0.046511 -0.413454 2.595500
0.091611 -0.534263 2.480810
0.107915 -0.571883 2.444410
0.383846 -0.242562 2.597030
0.444495 -0.388394 2.522310
0.408038 -0.474664 2.299890
0.418174 -0.498736 2.214630
0.182617 -0.442894 2.574250
0.169805 -0.624605 2.234310
0.148884 -0.838617 2.171300
0.150958 -0.875509 2.101050
0.310199 -0.443132 2.584020
0.362943 -0.589677 2.243990
0.390747 -0.826494 2.172430
0.392543 -0.863759 2.102190
0.235840 -0.377603 2.573070
0.230654 -0.345462 2.566390
0.205332 -0.186025 2.543670
0.221072 -0.002943 2.481090
0.088236 -0.236815 2.589600
0.046502 -0.413501 2.595470
0.091053 -0.536770 2.484050
0.106783 -0.576716 2.450520
0.383869 -0.242602 2.597000
0.444469 -0.388492 2.522290
0.409539 -0.473866 2.301040
0.418704 -0.498464 2.216020
0.182625 -0.442902 2.574250
0.169827 -0.624550 2.234340
0.148901 -0.838600 2.171310
0.150962 -0.875507 2.101050
0.310234 -0.443151 2.584030
0.362917 -0.589688 2.243990
0.390741 -0.826452 2.172420
0.392530 -0.863724 2.102190
0.235863 -0.377616 2.573050
0.230679 -0.345480 2.566360
0.205357 -0.186055 2.543660
0.221112 -0.002968 2.481030
0.088249 -0.236840 2.589560
0.046493 -0.413539 2.595450
0.090495 -0.538982 2.486830
0.105713 -0.580664 2.455310
0.383888 -0.242635 2.596970
0.444444 -0.388586 2.522270
0.410864 -0.473098 2.301960
0.419057 -0.498240 2.217210
0.182640 -0.442915 2.574240
0.169870 -0.624476 2.234350
0.148918 -0.838580 2.171310
0.150967 -0.875505 2.101060
0.310271 -0.443171 2.584040
0.362890 -0.589708 2.243990
0.390771 -0.826493 2.172350
0.392556 -0.863781 2.102130
0.235891 -0.377631 2.573040
0.230709 -0.345501 2.566340
0.205386 -0.186081 2.543640
0.221147 -0.002988 2.480980
0.088262 -0.236864 2.589530
0.046470 -0.413614 2.595440
0.090085 -0.540486 2.488540
0.065310 -0.575344 2.485240
0.383904 -0.242663 2.596950
0.444425 -0.388678 2.522260
0.411721 -0.472643 2.302690
0.419230 -0.498096 2.217930
0.182658 -0.442930 2.574240
0.169937 -0.624401 2.234350
0.148933 -0.838567 2.171320
0.150973 -0.875506 2.101070
0.310310 -0.443193 2.584040
0.362874 -0.589724 2.243980
0.390798 -0.826549 2.172280
0.392580 -0.863853 2.102070
0.235918 -0.377651 2.573020
0.230737 -0.345526 2.566320
0.205406 -0.186101 2.543620
0.221179 -0.003003 2.480940
0.088273 -0.236887 2.589500
0.046442 -0.413690 2.595430
0.090024 -0.540701 2.488790
0.076707 -0.575589 2.473960
0.383919 -0.242689 2.596930
0.444408 -0.388771 2.522240
0.412585 -0.472171 2.303250
0.419475 -0.497715 2.218640
0.182677 -0.442948 2.574230
0.170006 -0.624327 2.234340
0.148949 -0.838556 2.171320
0.150978 -0.875507 2.101070
0.310350 -0.443222 2.584050
0.362861 -0.589750 2.243970
0.390824 -0.826619 2.172210
0.392601 -0.863936 2.102010
0.235945 -0.377669 2.573010
0.230767 -0.345550 2.566290
0.205468 -0.186153 2.543610
0.221213 -0.003017 2.480910
0.088284 -0.236909 2.589480
0.046412 -0.413772 2.595420
0.090037 -0.540707 2.488740
0.086717 -0.575889 2.464750
0.383934 -0.242715 2.596910
0.444402 -0.388860 2.522220
0.416913 -0.469375 2.306660
0.419645 -0.497331 2.219210
0.182692 -0.442963 2.574230
0.170097 -0.624245 2.234330
0.148960 -0.838549 2.171330
0.150982 -0.875510 2.101080
0.310388 -0.443251 2.584060
0.362860 -0.589766 2.243950
0.390843 -0.826682 2.172140
0.392617 -0.864012 2.101950
0.235977 -0.377692 2.572990
0.230806 -0.345582 2.566270
0.205582 -0.186246 2.543600
0.221251 -0.003033 2.480880
0.088299 -0.236936 2.589450
0.046418 -0.413920 2.595350
0.090062 -0.540699 2.488360
0.090221 -0.576267 2.461170
0.383944 -0.242740 2.596890
0.444429 -0.388972 2.522200
0.417918 -0.468601 2.307180
0.419764 -0.497030 2.219720
0.182708 -0.442979 2.574230
0.170188 -0.624162 2.234300
0.148972 -0.838537 2.171330
0.150985 -0.875510 2.101080
0.310425 -0.443281 2.584060
0.362876 -0.589785 2.243940
0.390846 -0.826736 2.172080
0.392616 -0.864075 2.101900
0.236019 -0.377734 2.572980
0.230852 -0.345628 2.566250
0.205692 -0.186328 2.543580
0.221290 -0.003049 2.480860
0.088315 -0.236967 2.589420
0.046414 -0.414036 2.595300
0.090059 -0.540644 2.488000
0.095060 -0.577029 2.456630
0.383953 -0.242764 2.596870
0.444461 -0.389115 2.522180
0.434810 -0.461444 2.341800
0.419651 -0.496919 2.220010
0.182735 -0.443016 2.574230
0.170267 -0.624104 2.234280
0.148985 -0.838519 2.171340
0.150988 -0.875507 2.101090
0.310470 -0.443328 2.584070
0.362905 -0.589803 2.243930
0.390837 -0.826826 2.171990
0.392603 -0.864177 2.101810
0.236068 -0.377795 2.572960
0.230904 -0.345688 2.566230
0.205800 -0.186408 2.543560
0.221325 -0.003061 2.480830
0.088334 -0.237003 2.589390
0.046408 -0.414090 2.595280
0.090033 -0.540645 2.487890
0.097922 -0.577740 2.454420
0.383961 -0.242787 2.596850
0.444510 -0.389283 2.522170
0.442727 -0.458421 2.357300
0.419492 -0.496847 2.220240
0.182772 -0.443072 2.574230
0.170336 -0.624056 2.234250
0.149001 -0.838492 2.171340
0.150994 -0.875499 2.101100
0.310522 -0.443404 2.584090
0.362937 -0.589820 2.243920
0.390853 -0.826953 2.171910
0.392614 -0.864319 2.101740
0.236167 -0.377858 2.572960
0.231051 -0.345753 2.566200
0.206910 -0.186417 2.543320
0.221382 -0.003054 2.480830
0.088354 -0.237037 2.589360
0.046404 -0.414128 2.595260
0.089990 -0.540649 2.487810
0.099746 -0.578299 2.453080
0.383967 -0.242806 2.596830
0.444555 -0.389441 2.522150
0.439373 -0.459727 2.343240
0.419323 -0.496852 2.220320
0.182817 -0.443126 2.574240
0.170400 -0.624015 2.234220
0.149014 -0.838468 2.171350
0.150998 -0.875495 2.101110
0.310584 -0.443470 2.584130
0.362967 -0.589832 2.243910
0.390881 -0.827092 2.171830
0.392643 -0.864501 2.101680
0.236273 -0.377914 2.572950
0.231207 -0.345814 2.566180
0.207869 -0.186457 2.543110
0.221541 -0.002997 2.480910
0.088386 -0.237072 2.589330
0.046400 -0.414155 2.595250
0.090069 -0.540274 2.487370
0.101577 -0.578313 2.451620
0.383977 -0.242825 2.596820
0.444602 -0.389595 2.522130
0.435801 -0.461025 2.332090
0.418985 -0.496930 2.220250
0.182867 -0.443172 2.574250
0.170481 -0.623952 2.234190
0.149028 -0.838435 2.171360
0.151003 -0.875488 2.101130
0.310653 -0.443530 2.584170
0.362988 -0.589849 2.243900
0.391061 -0.827345 2.172000
0.392841 -0.864818 2.101890
0.236379 -0.377980 2.572950
0.231353 -0.345879 2.566160
0.208407 -0.186424 2.542930
0.221696 -0.002937 2.480980
0.088419 -0.237106 2.589290
0.046397 -0.414174 2.595240
0.100482 -0.530521 2.457370
0.118963 -0.568114 2.412390
0.383989 -0.242841 2.596810
0.444643 -0.389736 2.522100
0.419830 -0.473879 2.359080
0.418475 -0.497218 2.219940
0.182925 -0.443229 2.574260
0.170590 -0.623904 2.234150
0.149041 -0.838402 2.171370
0.151009 -0.875480 2.101140
0.310726 -0.443612 2.584230
0.363011 -0.589877 2.243900
0.391239 -0.827601 2.172160
0.393044 -0.865142 2.102100
0.236497 -0.378063 2.572950
0.231501 -0.345950 2.566140
0.208795 -0.186389 2.542800
0.221853 -0.002860 2.481050
0.088454 -0.237135 2.589250
0.046394 -0.414191 2.595240
0.098546 -0.531626 2.460700
0.115996 -0.572338 2.421740
0.384005 -0.242857 2.596810
0.444675 -0.389872 2.522060
0.416748 -0.474330 2.334790
0.417736 -0.497817 2.219200
0.183012 -0.443313 2.574280
0.170740 -0.624522 2.233960
0.149020 -0.838714 2.171370
0.150976 -0.875912 2.101170
0.310812 -0.443711 2.584300
0.363032 -0.589906 2.243890
0.391407 -0.827890 2.172300
0.393236 -0.865493 2.102280
0.236611 -0.378144 2.572950
0.231642 -0.346019 2.566120
0.209086 -0.186357 2.542690
0.221985 -0.002814 2.481090
0.088485 -0.237163 2.589230
0.046391 -0.414204 2.595230
0.098477 -0.528551 2.458390
0.116289 -0.567608 2.418750
0.384022 -0.242873 2.596800
0.444702 -0.389997 2.522030
0.416277 -0.473744 2.323600
0.417221 -0.498284 2.218620
0.183100 -0.443401 2.574290
0.170862 -0.625127 2.233790
0.148988 -0.839035 2.171390
0.150930 -0.876353 2.101230
0.310898 -0.443809 2.584370
0.363040 -0.589938 2.243880
0.391557 -0.828152 2.172420
0.393404 -0.865810 2.102430
0.236721 -0.378223 2.572960
0.231773 -0.346085 2.566110
0.209274 -0.186337 2.542620
0.222116 -0.002764 2.481150
0.088517 -0.237192 2.589200
0.046387 -0.414215 2.595230
0.095326 -0.530690 2.465090
0.111364 -0.571558 2.429880
0.384027 -0.242880 2.596800
0.444731 -0.390093 2.522000
0.414756 -0.473611 2.314540
0.416771 -0.498757 2.218020
0.183192 -0.443488 2.574310
0.170960 -0.625710 2.233620
0.148948 -0.839359 2.171400
0.150877 -0.876771 2.101260
0.310982 -0.443895 2.584430
0.363044 -0.589972 2.243870
0.391688 -0.828389 2.172530
0.393548 -0.866084 2.102560
0.236818 -0.378292 2.572960
0.231888 -0.346143 2.566100
0.209407 -0.186327 2.542570
0.222209 -0.002727 2.481190
0.088546 -0.237227 2.589170
0.046381 -0.414247 2.595230
0.093057 -0.532587 2.470220
0.108293 -0.574196 2.436840
0.384031 -0.242885 2.596800
0.444744 -0.390140 2.521990
0.439029 -0.464081 2.338460
0.416513 -0.499056 2.217660
0.183272 -0.443566 2.574320
0.171010 -0.626047 2.233530
0.148927 -0.839530 2.171420
0.150848 -0.877001 2.101300
0.311058 -0.443972 2.584480
0.363036 -0.590026 2.243870
0.391791 -0.828620 2.172590
0.393660 -0.866338 2.102640
0.236912 -0.378350 2.572960
0.231994 -0.346191 2.566090
0.209503 -0.186317 2.542540
0.222288 -0.002704 2.481210
0.088575 -0.237264 2.589140
0.046373 -0.414270 2.595230
0.091505 -0.533952 2.474080
0.106364 -0.575838 2.441490
0.384033 -0.242882 2.596800
0.444754 -0.390176 2.521980
0.439290 -0.463100 2.334830
0.416308 -0.499313 2.217380
0.183357 -0.443633 2.574340
0.171041 -0.626254 2.233460
0.148917 -0.839627 2.171430
0.150832 -0.877139 2.101330
0.311147 -0.444024 2.584540
0.363015 -0.590091 2.243860
0.391866 -0.828799 2.172620
0.393742 -0.866536 2.102680
0.236997 -0.378402 2.572970
0.232085 -0.346233 2.566080
0.209556 -0.186297 2.542520
0.222354 -0.002684 2.481230
0.088603 -0.237301 2.589110
0.046360 -0.414332 2.595260
0.090402 -0.535343 2.477430
0.105048 -0.577335 2.445190
0.384033 -0.242877 2.596790
0.444762 -0.390203 2.521970
0.437827 -0.462803 2.330380
0.416126 -0.499537 2.217110
0.183436 -0.443695 2.574350
0.171061 -0.626379 2.233420
0.148911 -0.839686 2.171450
0.150823 -0.877222 2.101360
0.311232 -0.444069 2.584590
0.362992 -0.590155 2.243860
0.391946 -0.828977 2.172650
0.393826 -0.866718 2.102710
0.237045 -0.378429 2.572970
0.232140 -0.346255 2.566070
0.209564 -0.186264 2.542510
0.222413 -0.002667 2.481250
0.088626 -0.237336 2.589090
0.046344 -0.414407 2.595290
0.089396 -0.536972 2.480670
0.103811 -0.579117 2.448750
0.384033 -0.242871 2.596790
0.444766 -0.390224 2.521970
0.445804 -0.460356 2.344200
0.416035 -0.499693 2.216940
0.183475 -0.443724 2.574360
0.171070 -0.626470 2.233390
0.148906 -0.839722 2.171460
0.150816 -0.877277 2.101380
0.311291 -0.444099 2.584630
0.362968 -0.590220 2.243860
0.392020 -0.829143 2.172660
0.393902 -0.866884 2.102730
0.237086 -0.378450 2.572970
0.232184 -0.346272 2.566070
0.209542 -0.186224 2.542490
0.222472 -0.002651 2.481280
0.088641 -0.237360 2.589080
0.046330 -0.414485 2.595320
0.088681 -0.538450 2.483320
0.102925 -0.580737 2.451630
0.384032 -0.242864 2.596790
0.444765 -0.390238 2.521970
0.438523 -0.461873 2.332580
0.415962 -0.499862 2.216740
0.183507 -0.443747 2.574360
0.171073 -0.626537 2.233370
0.148904 -0.839746 2.171470
0.150811 -0.877317 2.101400
0.311345 -0.444123 2.584670
0.362943 -0.590280 2.243870
0.392085 -0.829289 2.172670
0.393968 -0.867032 2.102740
0.237116 -0.378464 2.572970
0.232218 -0.346283 2.566060
0.209483 -0.186191 2.542520
0.222526 -0.002638 2.481300
0.088651 -0.237390 2.589060
0.046317 -0.414537 2.595340
0.088070 -0.539672 2.485440
0.102153 -0.582109 2.453950
0.384030 -0.242859 2.596790
0.444747 -0.390240 2.522000
0.443672 -0.461280 2.345340
0.415922 -0.499988 2.216610
0.183530 -0.443762 2.574370
0.171071 -0.626586 2.233350
0.148903 -0.839762 2.171480
0.150809 -0.877341 2.101410
0.311389 -0.444135 2.584690
0.362915 -0.590344 2.243860
0.392144 -0.829420 2.172670
0.394027 -0.867153 2.102740
0.237141 -0.378474 2.572970
0.232244 -0.346291 2.566060
0.209319 -0.186128 2.542580
0.222573 -0.002626 2.481330
0.088659 -0.237417 2.589050
0.046303 -0.414600 2.595380
0.087531 -0.541067 2.487590
0.101441 -0.583776 2.456400
0.384027 -0.242853 2.596790
0.444728 -0.390252 2.522020
0.446550 -0.460642 2.352460
0.415912 -0.500128 2.216410
0.183550 -0.443774 2.574370
0.171022 -0.626665 2.233290
0.148901 -0.839791 2.171490
0.150805 -0.877374 2.101420
0.311431 -0.444144 2.584720
0.362888 -0.590399 2.243850
0.392195 -0.829537 2.172670
0.394077 -0.867257 2.102740
0.237162 -0.378487 2.572970
0.232263 -0.346302 2.566060
0.209092 -0.186078 2.542680
0.222608 -0.002621 2.481350
0.088663 -0.237448 2.589040
0.046287 -0.414665 2.595410
0.087156 -0.542094 2.489120
0.100954 -0.584969 2.458090
0.384023 -0.242847 2.596800
0.444712 -0.390268 2.522050
0.448319 -0.459916 2.356750
0.415808 -0.500254 2.216360
0.183571 -0.443790 2.574370
0.170967 -0.626734 2.233230
0.148899 -0.839817 2.171500
0.150803 -0.877400 2.101430
0.311465 -0.444156 2.584740
0.362870 -0.590440 2.243860
0.392232 -0.829600 2.172670
0.394112 -0.867312 2.102740
