0.210716 -0.017721 2.001680
0.207513 0.022261 2.047080
0.198780 0.286763 2.080740
0.210826 0.515825 2.109540
0.059809 0.278575 2.043700
-0.026193 0.069784 2.001060
0.003310 -0.079006 1.899480
0.015134 -0.128022 1.868750
0.338931 0.275023 2.041980
0.413505 0.120529 2.021410
0.368047 0.320169 1.901250
0.352770 0.392985 1.846120
0.154813 -0.075755 1.966090
0.129720 -0.466758 1.935630
0.137204 -0.720237 1.919180
0.138771 -0.748689 1.844500
0.274158 -0.081605 1.998930
0.337078 -0.489845 1.981410
0.354507 -0.758944 1.986980
0.316382 -0.811688 1.975940
0.211828 -0.016787 2.000810
0.209190 0.023410 2.046300
0.202716 0.289333 2.080930
0.212240 0.518048 2.109690
0.060831 0.279079 2.043400
-0.024486 0.070343 2.001070
0.005824 -0.078255 1.898990
0.017642 -0.127242 1.868280
0.339452 0.276641 2.042090
0.415702 0.121577 2.016490
0.370004 0.322069 1.895610
0.353564 0.393872 1.842900
0.155465 -0.075004 1.965730
0.131256 -0.466516 1.935670
0.138821 -0.720487 1.919210
0.139793 -0.749238 1.844910
0.275143 -0.080695 1.997670
0.337772 -0.488778 1.981990
0.354505 -0.758709 1.986970
0.317602 -0.812297 1.975880
0.212879 -0.015981 2.000050
0.210798 0.024412 2.045620
0.206194 0.291423 2.081060
0.213415 0.519973 2.109720
0.061881 0.279625 2.043260
-0.022857 0.070886 2.001360
0.008765 -0.077360 1.898910
0.020844 -0.126252 1.868220
0.340017 0.277801 2.042080
0.417542 0.122016 2.012300
0.371546 0.323390 1.891100
0.354252 0.394470 1.840500
0.156070 -0.074303 1.965450
0.132628 -0.466335 1.935740
0.140331 -0.720740 1.919280
0.140765 -0.749710 1.845260
0.276039 -0.079955 1.996510
0.338360 -0.487922 1.982550
0.354487 -0.758524 1.987030
0.318558 -0.812841 1.975900
0.213964 -0.015216 1.999360
0.212487 0.025359 2.045020
0.209797 0.293209 2.081190
0.214556 0.521690 2.109640
0.062945 0.280152 2.043300
-0.020732 0.071292 2.001910
0.011490 -0.076627 1.898910
0.023655 -0.125445 1.868160
0.340621 0.278575 2.041980
0.420051 0.122219 2.007470
0.373222 0.324567 1.886770
0.355122 0.394948 1.838500
0.156698 -0.073601 1.965230
0.133962 -0.466249 1.935880
0.142174 -0.721155 1.919520
0.142066 -0.750283 1.845700
0.276859 -0.079290 1.995460
0.338842 -0.487248 1.983060
0.354460 -0.758385 1.987180
0.319233 -0.813256 1.975920
0.215054 -0.014563 1.998750
0.214209 0.026159 2.044490
0.213450 0.294661 2.081400
0.215698 0.523197 2.109380
0.064046 0.280612 2.043490
-0.018731 0.071607 2.002650
0.013958 -0.075978 1.899090
0.026193 -0.124724 1.868270
0.341640 0.278877 2.041660
0.422982 0.122027 2.002480
0.374962 0.325433 1.882820
0.356226 0.395265 1.836780
0.157297 -0.072963 1.965080
0.135189 -0.466136 1.936050
0.143671 -0.721464 1.919740
0.143094 -0.750699 1.846040
0.277677 -0.078761 1.994460
0.339248 -0.486675 1.983530
0.354415 -0.758281 1.987350
0.319772 -0.813625 1.975970
0.216004 -0.013985 1.998220
0.215723 0.026869 2.044040
0.216736 0.296092 2.081640
0.216654 0.524759 2.108950
0.065199 0.281059 2.043880
-0.016522 0.071818 2.003550
0.016058 -0.075466 1.899320
0.028231 -0.124168 1.868400
0.342694 0.278956 2.041260
0.425651 0.121982 1.997770
0.376502 0.326248 1.879330
0.357307 0.395612 1.835310
0.157811 -0.072386 1.964970
0.136241 -0.466071 1.936220
0.144883 -0.721692 1.919930
0.143902 -0.751000 1.846300
0.278400 -0.078203 1.993420
0.339600 -0.486214 1.983960
0.354370 -0.758201 1.987530
0.320262 -0.813983 1.976040
0.217008 -0.013492 1.997690
0.217310 0.027511 2.043600
0.220270 0.297828 2.081840
0.217822 0.526754 2.108180
0.066374 0.281399 2.044370
-0.014579 0.072005 2.004470
0.018081 -0.074940 1.899640
0.030244 -0.123576 1.868610
0.343687 0.278886 2.040830
0.428832 0.122530 1.992640
0.378203 0.327309 1.875850
0.358685 0.396221 1.833770
0.158317 -0.071864 1.964890
0.137192 -0.466020 1.936400
0.145833 -0.721845 1.920100
0.144518 -0.751207 1.846500
0.279149 -0.077720 1.992380
0.339935 -0.485785 1.984360
0.354356 -0.758130 1.987720
0.320693 -0.814274 1.976110
0.218013 -0.013118 1.997220
0.218880 0.028008 2.043220
0.223171 0.299131 2.081970
0.218836 0.528369 2.107470
0.067531 0.281642 2.044930
-0.012603 0.072142 2.005770
0.019837 -0.074402 1.900020
0.031938 -0.122958 1.868820
0.344729 0.278609 2.040220
0.433526 0.124217 1.986210
0.380398 0.328950 1.872040
0.360642 0.397455 1.831900
0.158857 -0.071420 1.964890
0.138052 -0.465964 1.936590
0.146576 -0.721947 1.920240
0.144963 -0.751348 1.846660
0.279871 -0.077328 1.991420
0.340236 -0.485428 1.984720
0.354360 -0.758059 1.987910
0.321147 -0.814552 1.976210
0.218898 -0.012799 1.996820
0.220274 0.028444 2.042900
0.225537 0.300360 2.082160
0.219657 0.529961 2.106780
0.068646 0.281811 2.045550
-0.010777 0.072173 2.007240
0.021426 -0.073926 1.900510
0.033454 -0.122400 1.869130
0.345649 0.278410 2.039560
0.437825 0.126607 1.980230
0.382605 0.331048 1.868270
0.362764 0.399267 1.829810
0.159359 -0.071018 1.964920
0.138857 -0.465908 1.936800
0.147172 -0.722010 1.920360
0.145287 -0.751443 1.846770
0.280539 -0.076894 1.990470
0.340509 -0.485090 1.985050
0.354371 -0.757988 1.988090
0.321564 -0.814790 1.976320
0.219655 -0.012515 1.996470
0.221480 0.028859 2.042630
0.227468 0.301662 2.082320
0.220380 0.531748 2.106070
0.069804 0.281936 2.046290
-0.009076 0.072162 2.008860
0.023353 -0.073370 1.901260
0.035459 -0.121696 1.869690
0.346456 0.278272 2.038890
0.441541 0.129330 1.974930
0.384710 0.333470 1.864670
0.364894 0.401553 1.827590
0.159808 -0.070646 1.964970
0.139608 -0.465865 1.937040
0.147646 -0.722045 1.920470
0.145519 -0.751507 1.846870
0.281098 -0.076450 1.989600
0.340774 -0.484751 1.985360
0.354381 -0.757924 1.988270
0.321921 -0.814989 1.976420
0.220293 -0.012284 1.996180
0.222555 0.029217 2.042400
0.229052 0.302837 2.082440
0.220959 0.533386 2.105430
0.071011 0.281992 2.047200
-0.007471 0.072157 2.010810
0.025185 -0.072714 1.902090
0.037381 -0.120849 1.870300
0.347335 0.278131 2.037960
0.444143 0.131546 1.970210
0.386472 0.335738 1.861110
0.366762 0.403805 1.825130
0.160204 -0.070317 1.965030
0.140262 -0.465816 1.937270
0.148442 -0.722094 1.920760
0.145864 -0.751564 1.847060
0.281566 -0.076069 1.988850
0.341016 -0.484444 1.985630
0.354380 -0.757879 1.988440
0.322197 -0.815164 1.976500
0.220834 -0.012085 1.995930
0.223500 0.029538 2.042200
0.230329 0.303849 2.082530
0.221449 0.534826 2.104840
0.072196 0.282038 2.048310
-0.005871 0.072184 2.013050
0.026877 -0.072063 1.903080
0.039097 -0.120028 1.871040
0.348091 0.278032 2.037050
0.446212 0.134327 1.964470
0.388007 0.338498 1.856920
0.368449 0.406660 1.821900
0.160557 -0.070018 1.965110
0.140882 -0.465729 1.937530
0.149100 -0.722109 1.921020
0.146104 -0.751593 1.847220
0.281951 -0.075703 1.988170
0.341242 -0.484152 1.985880
0.354374 -0.757866 1.988640
0.322389 -0.815309 1.976580
0.221284 -0.011927 1.995720
0.224345 0.029815 2.042030
0.231582 0.305007 2.082600
0.221943 0.536376 2.104250
0.073478 0.282071 2.049740
-0.004469 0.072119 2.015040
0.028298 -0.071578 1.904060
0.040483 -0.119415 1.871780
0.348813 0.277897 2.036010
0.447886 0.138140 1.956210
0.389281 0.342091 1.851470
0.369856 0.410456 1.817390
0.160858 -0.069760 1.965220
0.141430 -0.465613 1.937790
0.149639 -0.722099 1.921240
0.146253 -0.751604 1.847350
0.282277 -0.075343 1.987420
0.341446 -0.483899 1.986100
0.354366 -0.757865 1.988840
0.322535 -0.815444 1.976680
0.221664 -0.011805 1.995530
0.225102 0.030045 2.041880
0.232654 0.306091 2.082700
0.222455 0.537822 2.103680
0.074703 0.282125 2.051260
-0.003150 0.072035 2.017150
0.029814 -0.071040 1.905190
0.042017 -0.118714 1.872660
0.349471 0.277866 2.034840
0.449620 0.144914 1.943740
0.389745 0.347766 1.845190
0.370173 0.416484 1.812390
0.161118 -0.069541 1.965340
0.141924 -0.465455 1.938050
0.150081 -0.722069 1.921420
0.146342 -0.751598 1.847470
0.282555 -0.075008 1.986630
0.341625 -0.483675 1.986280
0.354356 -0.757891 1.989050
0.322629 -0.815568 1.976780
0.221962 -0.011715 1.995370
0.225764 0.030234 2.041740
0.233519 0.307050 2.082770
0.222872 0.539091 2.103180
0.075863 0.282105 2.052930
-0.002015 0.071979 2.019340
0.031244 -0.070470 1.906420
0.043482 -0.117968 1.873650
0.350080 0.277782 2.033450
0.450728 0.148834 1.936140
0.390056 0.352152 1.840150
0.370336 0.421206 1.808270
0.161315 -0.069359 1.965470
0.142338 -0.465251 1.938320
0.150412 -0.722013 1.921560
0.146343 -0.751554 1.847580
0.282717 -0.074708 1.985800
0.341778 -0.483477 1.986420
0.354351 -0.757955 1.989290
0.322661 -0.815687 1.976910
0.222204 -0.011645 1.995220
0.226357 0.030393 2.041610
0.234263 0.307932 2.082850
0.223203 0.540215 2.102770
0.076891 0.282052 2.054600
-0.001105 0.071888 2.021260
0.032504 -0.070061 1.907760
0.044767 -0.117422 1.874790
0.350483 0.277883 2.032080
0.451122 0.152079 1.930330
0.373880 0.318810 1.930110
0.361835 0.352307 1.966240
0.161477 -0.069202 1.965600
0.142673 -0.464979 1.938590
0.150664 -0.721952 1.921670
0.146234 -0.751473 1.847710
0.282789 -0.074413 1.984970
0.341907 -0.483339 1.986530
0.354345 -0.758041 1.989520
0.322635 -0.815802 1.977060
0.222385 -0.011590 1.995080
0.226853 0.030525 2.041490
0.234888 0.308725 2.082920
0.223402 0.541182 2.102460
0.077756 0.281975 2.056150
-0.000372 0.071768 2.022940
0.033520 -0.069871 1.909260
0.045774 -0.117149 1.876180
0.350695 0.278062 2.030850
0.451030 0.154833 1.925690
0.369090 0.310600 1.955870
0.357331 0.319697 2.043770
0.161595 -0.069056 1.965720
0.142929 -0.464683 1.938850
0.150846 -0.721888 1.921740
0.146010 -0.751353 1.847820
0.282695 -0.074105 1.984110
0.342006 -0.483211 1.986610
0.354345 -0.758144 1.989750
0.322561 -0.815899 1.977200
0.222519 -0.011551 1.994930
0.227298 0.030637 2.041360
0.235478 0.309586 2.083020
0.223544 0.542179 2.102190
0.078489 0.281895 2.057600
0.000259 0.071693 2.024410
0.034269 -0.069731 1.910640
0.046472 -0.116947 1.877450
0.350780 0.278268 2.029190
0.450767 0.156639 1.922210
0.365836 0.304036 1.973780
0.355435 0.305098 2.077250
0.161664 -0.068928 1.965850
0.143116 -0.464403 1.939090
0.150982 -0.721824 1.921790
0.145607 -0.751196 1.847930
0.282431 -0.073791 1.983080
0.342090 -0.483060 1.986640
0.354345 -0.758259 1.989970
0.322381 -0.815964 1.977350
0.222589 -0.011561 1.994710
0.227670 0.030706 2.041210
0.235985 0.310367 2.083130
0.223618 0.543067 2.101960
0.079095 0.281805 2.058930
0.000745 0.071595 2.025620
0.034830 -0.069651 1.911850
0.046973 -0.116818 1.878570
0.350583 0.278542 2.027460
0.449896 0.163173 1.913240
0.363625 0.300457 1.984430
0.354075 0.296567 2.097630
0.161692 -0.068829 1.965970
0.143230 -0.464044 1.939310
0.151073 -0.721747 1.921820
0.145004 -0.750986 1.848020
0.281942 -0.073527 1.981900
0.342152 -0.482908 1.986640
0.354338 -0.758392 1.990170
0.321992 -0.815979 1.977520
0.222584 -0.011600 1.994420
0.227974 0.030755 2.041040
0.236368 0.311056 2.083250
0.223653 0.543866 2.101760
0.079569 0.281707 2.060120
0.001120 0.071496 2.026610
0.035269 -0.069631 1.912980
0.047355 -0.116763 1.879660
0.349886 0.278815 2.025430
0.445193 0.164175 1.907650
0.332889 0.282929 1.978990
0.332844 0.285451 2.090740
0.161689 -0.068740 1.966080
0.143207 -0.463511 1.939500
0.151135 -0.721676 1.921850
0.144251 -0.750773 1.848130
0.281171 -0.073212 1.980530
0.342158 -0.482691 1.986550
0.354299 -0.758557 1.990370
0.321075 -0.815845 1.977770
0.222473 -0.011744 1.994000
0.228266 0.030754 2.040820
0.236658 0.311667 2.083370
0.223671 0.544586 2.101590
0.079960 0.281606 2.061300
0.001396 0.071413 2.027450
0.035507 -0.069704 1.914130
0.047495 -0.116838 1.880840
0.348526 0.279086 2.022270
0.439887 0.163188 1.903470
0.322821 0.277348 1.976550
0.321076 0.282020 2.079720
0.161647 -0.068673 1.966200
0.143058 -0.462862 1.939640
0.151120 -0.721578 1.921850
0.142881 -0.750495 1.848250
0.280132 -0.073049 1.978710
0.342118 -0.482481 1.986390
0.354245 -0.758733 1.990560
0.319733 -0.815532 1.978130
0.222116 -0.012125 1.993270
0.228518 0.030639 2.040450
0.236878 0.312170 2.083470
0.223659 0.545191 2.101440
0.080242 0.281497 2.062400
0.001578 0.071361 2.028160
0.035228 -0.070037 1.915670
0.046848 -0.117338 1.882700
0.346303 0.278930 2.018160
0.433952 0.160786 1.899740
0.318165 0.274782 1.974070
0.315059 0.282124 2.068270
0.161517 -0.068659 1.966350
0.142777 -0.462184 1.939730
0.150979 -0.721423 1.921820
0.140965 -0.750153 1.848330
0.278504 -0.073088 1.976170
0.342034 -0.482288 1.986140
0.354170 -0.758915 1.990740
0.318089 -0.815086 1.978600
0.221458 -0.012720 1.992240
0.228696 0.030406 2.039910
0.237026 0.312600 2.083570
0.223558 0.545735 2.101270
0.080399 0.281387 2.063410
-0.001647 0.073498 2.034220
0.034944 -0.067990 1.918330
0.046832 -0.114894 1.885080
0.343363 0.277924 2.012780
0.431958 0.160540 1.897120
0.314314 0.270923 1.972750
0.310006 0.279693 2.061010
0.161231 -0.068719 1.966510
0.142175 -0.461140 1.939680
0.150476 -0.721133 1.921680
0.138068 -0.749674 1.848350
0.276676 -0.073252 1.973500
0.341894 -0.482115 1.985800
0.354084 -0.759108 1.990910
0.316491 -0.814632 1.979030
0.220589 -0.013480 1.991010
0.228778 0.030048 2.039190
0.237119 0.312968 2.083650
0.223325 0.546250 2.101070
0.080372 0.281236 2.064440
-0.002481 0.073826 2.036100
0.034678 -0.067422 1.919660
0.046590 -0.114219 1.886280
0.340703 0.276998 2.008320
0.430529 0.160414 1.895010
0.311733 0.267814 1.971280
0.306418 0.277873 2.054980
0.160791 -0.068863 1.966650
0.141431 -0.460130 1.939560
0.149650 -0.720769 1.921450
0.134896 -0.749206 1.848290
0.274869 -0.073558 1.970910
0.341670 -0.481935 1.985310
0.353990 -0.759302 1.991060
0.314921 -0.814142 1.979410
0.219636 -0.014356 1.989740
0.228752 0.029538 2.038330
0.237161 0.313240 2.083700
0.222879 0.546708 2.100710
0.080255 0.281079 2.065330
-0.004061 0.074595 2.038610
0.034045 -0.066344 1.921380
0.045554 -0.112042 1.888730
0.338400 0.276464 2.005040
0.425419 0.157908 1.891670
0.313844 0.268721 1.968690
0.306270 0.279355 2.049270
0.160297 -0.069059 1.966790
0.140515 -0.459103 1.939350
0.148666 -0.720372 1.921170
0.132023 -0.748784 1.848190
0.273241 -0.073969 1.968670
0.341239 -0.481648 1.984490
0.353894 -0.759489 1.991190
0.313560 -0.813705 1.979750
0.218521 -0.015246 1.988390
0.228534 0.028957 2.037300
0.237118 0.313493 2.083720
0.222290 0.547149 2.100270
0.080055 0.280916 2.066100
-0.004831 0.074901 2.039850
0.033435 -0.065787 1.922600
0.044937 -0.111325 1.889890
0.336418 0.275998 2.002500
0.423051 0.157451 1.888940
0.313357 0.267905 1.967660
0.305088 0.279344 2.045770
0.159658 -0.069326 1.966890
0.139572 -0.458162 1.939090
0.147748 -0.720027 1.920930
0.129717 -0.748474 1.848130
0.271534 -0.074343 1.966500
0.340658 -0.481380 1.983430
0.353802 -0.759665 1.991310
0.312254 -0.813211 1.980000
0.217357 -0.016156 1.987030
0.228181 0.028305 2.036140
0.236967 0.313753 2.083670
0.221493 0.547595 2.099700
0.079756 0.280729 2.066810
-0.005308 0.075092 2.040640
0.033141 -0.065271 1.923260
0.044645 -0.110638 1.890480
0.334684 0.275705 2.000500
0.421694 0.157200 1.887460
0.312455 0.267151 1.965960
0.303613 0.279339 2.042220
0.158935 -0.069642 1.966950
0.138529 -0.457182 1.938700
0.146738 -0.719663 1.920660
0.127628 -0.748183 1.848040
0.269998 -0.074768 1.964590
0.340013 -0.481115 1.982230
0.353714 -0.759831 1.991410
0.311179 -0.812796 1.980200
0.216249 -0.017002 1.985760
0.227748 0.027651 2.034990
0.236738 0.314007 2.083600
0.220510 0.548023 2.099050
0.079428 0.280546 2.067420
-0.005652 0.075196 2.041170
0.032731 -0.064975 1.923800
0.043910 -0.110213 1.891000
0.333246 0.275520 1.999030
0.420720 0.157121 1.886310
0.311299 0.266328 1.964230
0.302176 0.279197 2.039310
0.158194 -0.069970 1.966970
0.137547 -0.456321 1.938290
0.145799 -0.719330 1.920400
0.125950 -0.747945 1.847960
0.268648 -0.075183 1.962930
0.339311 -0.480812 1.980910
0.353636 -0.759992 1.991500
0.310305 -0.812454 1.980360
0.215215 -0.017789 1.984570
0.227261 0.027009 2.033860
0.236398 0.314278 2.083490
0.219561 0.548433 2.098410
0.079080 0.280377 2.067920
-0.005844 0.075099 2.041250
0.032285 -0.064881 1.924180
0.043299 -0.110111 1.891330
0.331924 0.275460 1.997900
0.419012 0.156601 1.885340
0.311841 0.268310 1.961490
0.301971 0.280852 2.036140
0.157453 -0.070304 1.966920
0.136588 -0.455505 1.937850
0.144894 -0.719019 1.920150
0.124533 -0.747741 1.847890
0.267498 -0.075574 1.961530
0.338589 -0.480489 1.979550
0.353562 -0.760146 1.991570
0.309566 -0.812152 1.980470
0.214290 -0.018601 1.983440
0.226779 0.026305 2.032710
0.236035 0.314506 2.083340
0.218621 0.548768 2.097600
0.078627 0.280123 2.068370
-0.005932 0.074824 2.040950
0.031762 -0.064959 1.924470
0.042571 -0.110276 1.891590
0.330736 0.275339 1.996890
0.416391 0.155364 1.884400
0.312542 0.270441 1.958400
0.302034 0.282611 2.033040
0.156711 -0.070723 1.966800
0.135718 -0.454811 1.937420
0.144094 -0.718754 1.919950
0.123352 -0.747578 1.847830
0.266526 -0.076065 1.960250
0.337952 -0.480212 1.978320
0.353492 -0.760288 1.991620
0.308975 -0.811915 1.980560
0.213480 -0.019302 1.982450
0.226319 0.025682 2.031670
0.235631 0.314747 2.083150
0.217594 0.549106 2.096770
0.078107 0.279887 2.068750
-0.005897 0.074426 2.040270
0.031220 -0.065195 1.924700
0.041805 -0.110693 1.891810
0.329566 0.275302 1.996050
0.415139 0.155442 1.883250
0.312356 0.270737 1.957390
0.301658 0.283038 2.031630
0.155999 -0.071128 1.966640
0.134987 -0.454259 1.937030
0.143368 -0.718523 1.919780
0.122353 -0.747444 1.847800
0.265707 -0.076498 1.959190
0.337326 -0.480032 1.977170
0.353421 -0.760422 1.991670
0.308481 -0.811717 1.980620
0.212733 -0.019971 1.981510
0.225865 0.025093 2.030660
0.235131 0.315046 2.082840
0.216650 0.549478 2.095990
0.077592 0.279694 2.069060
-0.006025 0.074391 2.040220
0.031066 -0.064704 1.924730
0.041779 -0.109955 1.891580
0.328166 0.275196 1.995180
0.415029 0.157177 1.881390
0.309313 0.266414 1.957380
0.300196 0.281618 2.030720
0.155334 -0.071526 1.966450
0.134370 -0.453846 1.936700
0.142754 -0.718331 1.919640
0.121515 -0.747336 1.847790
0.264973 -0.076914 1.958240
0.336771 -0.479910 1.976160
0.353355 -0.760544 1.991700
0.308086 -0.811560 1.980670
0.212073 -0.020538 1.980680
0.225446 0.024599 2.029740
0.234581 0.315407 2.082440
0.215570 0.549912 2.095180
0.077028 0.279541 2.069340
-0.006050 0.074301 2.040030
0.030998 -0.064361 1.924570
0.041840 -0.109410 1.891080
0.326844 0.275033 1.994280
0.415306 0.158721 1.879950
0.306453 0.262917 1.956590
0.298566 0.280073 2.029660
0.154687 -0.071905 1.966220
0.133860 -0.453524 1.936410
0.142247 -0.718176 1.919530
0.120815 -0.747251 1.847790
0.264330 -0.077287 1.957410
0.336309 -0.479820 1.975300
0.353294 -0.760654 1.991730
0.307635 -0.811330 1.980700
0.211498 -0.021009 1.979940
0.225071 0.024193 2.028910
0.234058 0.315801 2.082000
0.214528 0.550372 2.094430
0.076490 0.279423 2.069570
-0.005780 0.073922 2.039380
0.030985 -0.064185 1.924230
0.042087 -0.108989 1.889780
0.325631 0.274904 1.993470
0.415949 0.160774 1.878360
0.303220 0.259107 1.955570
0.296476 0.277927 2.028570
0.154102 -0.072250 1.965990
0.133423 -0.453267 1.936160
0.141830 -0.718051 1.919440
0.120241 -0.747185 1.847790
0.263731 -0.077586 1.956640
0.335914 -0.479744 1.974580
0.353237 -0.760755 1.991750
0.307230 -0.811111 1.980720
0.210991 -0.021440 1.979240
0.224740 0.023835 2.028130
0.233568 0.316233 2.081530
0.213486 0.550871 2.093660
0.076010 0.279326 2.069760
-0.005380 0.073445 2.038590
0.030892 -0.064186 1.924050
0.042018 -0.108968 1.889360
0.324513 0.274829 1.992710
0.416877 0.163213 1.876730
0.299679 0.254914 1.954330
0.293888 0.275077 2.027390
0.153573 -0.072592 1.965740
0.133052 -0.453051 1.935910
0.141476 -0.717945 1.919370
0.119746 -0.747129 1.847810
0.263186 -0.077844 1.955880
0.335576 -0.479685 1.973980
0.353186 -0.760848 1.991770
0.306882 -0.810918 1.980740
0.210546 -0.021865 1.978560
0.224453 0.023500 2.027400
0.233133 0.316652 2.081090
0.212567 0.551345 2.092940
0.075596 0.279245 2.069900
-0.004807 0.072934 2.037780
0.030756 -0.064275 1.923830
0.041833 -0.109094 1.888970
0.323483 0.274756 1.992000
0.417962 0.165703 1.875240
0.296814 0.251550 1.953080
0.291432 0.272313 2.026200
0.153106 -0.072942 1.965480
0.132748 -0.452896 1.935710
0.141190 -0.717877 1.919330
0.119324 -0.747106 1.847850
0.262700 -0.078081 1.955170
0.335297 -0.479627 1.973480
0.353138 -0.760932 1.991790
0.306580 -0.810744 1.980750
0.210165 -0.022273 1.977940
0.224216 0.023192 2.026740
0.232768 0.317040 2.080690
0.211773 0.551780 2.092310
0.075244 0.279184 2.070010
-0.004166 0.072463 2.037070
0.030614 -0.064419 1.923660
0.041593 -0.109324 1.888670
0.322499 0.274712 1.991290
0.419146 0.168201 1.873910
0.293030 0.247728 1.950460
0.288152 0.268924 2.024120
0.152708 -0.073268 1.965220
0.132495 -0.452778 1.935530
0.140956 -0.717827 1.919310
0.118960 -0.747096 1.847900
0.262271 -0.078308 1.954520
0.335071 -0.479581 1.973060
0.353090 -0.761009 1.991800
0.306332 -0.810605 1.980770
0.209861 -0.022615 1.977370
0.224043 0.022958 2.026130
0.232423 0.317738 2.080130
0.211006 0.552509 2.091560
0.074948 0.279134 2.070090
-0.002976 0.071661 2.035970
0.030382 -0.064834 1.923340
0.041107 -0.109950 1.888270
0.321693 0.274738 1.990530
0.419901 0.169892 1.872840
0.291079 0.245941 1.949000
0.286063 0.266917 2.022700
0.152372 -0.073562 1.964970
0.132287 -0.452690 1.935380
0.140757 -0.717792 1.919290
0.118612 -0.747099 1.847960
0.261924 -0.078482 1.953920
0.334888 -0.479549 1.972710
0.353041 -0.761078 1.991810
0.306125 -0.810493 1.980790
0.209627 -0.022908 1.976840
0.223925 0.022775 2.025570
0.232161 0.318620 2.079550
0.210295 0.553427 2.090720
0.074706 0.279095 2.070140
-0.001797 0.070973 2.035000
0.030154 -0.065277 1.923050
0.040593 -0.110627 1.887930
0.321011 0.274765 1.989770
0.420614 0.171374 1.871870
0.289458 0.244464 1.947510
0.284182 0.265071 2.021260
0.152099 -0.073828 1.964710
0.132122 -0.452635 1.935250
0.140590 -0.717768 1.919280
0.118297 -0.747110 1.848040
0.261651 -0.078619 1.953390
0.334745 -0.479521 1.972400
0.352990 -0.761144 1.991810
0.305944 -0.810401 1.980810
0.209487 -0.023235 1.976270
0.223891 0.022595 2.024980
0.232058 0.319701 2.078900
0.209706 0.554509 2.089790
0.074524 0.279061 2.070170
-0.000744 0.070413 2.034180
0.029933 -0.065736 1.922800
0.040079 -0.111334 1.887690
0.320452 0.274773 1.989030
0.421751 0.173349 1.870580
0.288335 0.243358 1.946310
0.282728 0.263544 2.020020
0.151898 -0.074101 1.964430
0.131989 -0.452602 1.935130
0.140449 -0.717755 1.919280
0.118010 -0.747132 1.848110
0.261474 -0.078796 1.952800
0.334644 -0.479506 1.972130
0.352942 -0.761181 1.991790
0.305818 -0.810332 1.980840
0.209420 -0.023528 1.975720
0.223930 0.022459 2.024390
0.232271 0.321199 2.078120
0.209248 0.555915 2.088750
0.074409 0.279046 2.070190
0.000310 0.069887 2.033410
0.029734 -0.066241 1.922560
0.039583 -0.112088 1.887490
0.320029 0.274819 1.988370
0.422369 0.174472 1.869820
0.287643 0.242771 1.945400
0.281762 0.262598 2.019110
0.151753 -0.074343 1.964170
0.131883 -0.452582 1.935040
0.140337 -0.717748 1.919280
0.117768 -0.747156 1.848190
0.261374 -0.078953 1.952170
0.334589 -0.479474 1.971880
0.352894 -0.761211 1.991770
0.305714 -0.810276 1.980880
0.209488 -0.023877 1.975110
0.224087 0.022305 2.023780
0.232552 0.322551 2.077460
0.209039 0.557230 2.087680
0.074336 0.279028 2.070190
0.001498 0.069430 2.032650
0.029611 -0.066731 1.922340
0.039198 -0.112794 1.887330
0.319743 0.274832 1.987610
0.422892 0.175173 1.869220
0.287643 0.243350 1.944040
0.281172 0.262173 2.018230
0.151704 -0.074615 1.963880
0.131803 -0.452570 1.934960
0.140250 -0.717753 1.919290
0.117556 -0.747197 1.848280
0.261431 -0.079194 1.951450
0.334598 -0.479473 1.971630
0.352838 -0.761232 1.991730
0.305632 -0.810235 1.980920
0.209589 -0.024183 1.974560
0.224284 0.022180 2.023200
0.232924 0.323802 2.076920
0.208952 0.558438 2.086670
0.074311 0.279027 2.070170
0.003343 0.068857 2.031610
0.029188 -0.067703 1.922210
0.038012 -0.114389 1.887490
0.319592 0.274794 1.986740
0.423541 0.175761 1.868590
0.288190 0.244181 1.942770
0.280875 0.261938 2.017430
0.151690 -0.074861 1.963610
0.131750 -0.452564 1.934890
0.140196 -0.717764 1.919310
0.117403 -0.747246 1.848370
0.261524 -0.079400 1.950720
0.334653 -0.479468 1.971380
0.352774 -0.761244 1.991680
0.305567 -0.810206 1.980960
0.209736 -0.024437 1.974040
0.224553 0.022101 2.022640
0.233515 0.325166 2.076420
0.208957 0.559682 2.085690
0.074336 0.279045 2.070140
0.005243 0.068322 2.030670
0.028702 -0.068779 1.922150
0.036666 -0.116121 1.887800
0.319597 0.274773 1.985790
0.420939 0.172846 1.867030
0.299225 0.257968 1.941880
0.284925 0.267109 2.016410
0.151707 -0.075078 1.963370
0.131722 -0.452562 1.934830
0.140164 -0.717780 1.919330
0.117278 -0.747295 1.848470
0.261677 -0.079560 1.949970
0.334748 -0.479477 1.971130
0.352709 -0.761252 1.991620
0.305513 -0.810183 1.981000
0.209927 -0.024624 1.973560
0.224915 0.022095 2.022070
0.234203 0.326553 2.075910
0.209037 0.560935 2.084730
0.074423 0.279085 2.070130
0.007326 0.067959 2.029870
0.028227 -0.069848 1.922240
0.035274 -0.117863 1.888370
0.319738 0.274934 1.984800
0.418104 0.169829 1.865870
0.306828 0.268229 1.940390
0.289477 0.273326 2.014950
0.151774 -0.075256 1.963140
0.131719 -0.452570 1.934780
0.140150 -0.717804 1.919370
0.117158 -0.747356 1.848600
0.261864 -0.079647 1.949300
0.334874 -0.479487 1.970890
0.352644 -0.761252 1.991560
0.305465 -0.810162 1.981050
0.210148 -0.024772 1.973110
0.225348 0.022143 2.021500
0.235144 0.328196 2.075320
0.209297 0.562421 2.083620
0.074616 0.279171 2.070150
0.009272 0.067773 2.029340
0.028091 -0.070620 1.922350
0.034644 -0.119010 1.888810
0.319921 0.275102 1.983870
0.415369 0.167008 1.864920
0.311365 0.275221 1.938230
0.293351 0.279241 2.012830
0.151873 -0.075411 1.962930
0.131737 -0.452580 1.934730
0.140166 -0.717842 1.919430
0.117057 -0.747424 1.848750
0.262069 -0.079690 1.948680
0.335037 -0.479491 1.970640
0.352578 -0.761249 1.991490
0.305419 -0.810142 1.981100
0.210415 -0.024922 1.972670
0.225831 0.022191 2.020960
0.236020 0.329612 2.074850
0.209648 0.563749 2.082520
0.074969 0.279321 2.070230
0.011034 0.067684 2.029050
0.028206 -0.071224 1.922440
0.034429 -0.119787 1.889100
0.320107 0.275255 1.983060
0.413242 0.164945 1.864100
0.313809 0.279800 1.936100
0.296045 0.284041 2.010530
0.152039 -0.075590 1.962730
0.131783 -0.452596 1.934690
0.140213 -0.717897 1.919520
0.116969 -0.747507 1.848930
0.262301 -0.079722 1.948070
0.335230 -0.479474 1.970380
0.352510 -0.761242 1.991410
0.305374 -0.810123 1.981150
0.210688 -0.025050 1.972280
0.226371 0.022260 2.020430
0.237032 0.331006 2.074390
0.209985 0.564814 2.081610
0.075506 0.279538 2.070440
0.012904 0.067657 2.029110
0.033355 -0.070189 1.921050
0.041908 -0.117579 1.887000
0.320350 0.275417 1.982160
0.411522 0.163203 1.863400
0.315206 0.283375 1.933240
0.298083 0.288218 2.007740
0.152250 -0.075784 1.962590
0.131886 -0.452629 1.934650
0.140312 -0.717972 1.919640
0.116887 -0.747606 1.849160
0.262558 -0.079713 1.947410
0.335490 -0.479399 1.970090
0.352437 -0.761232 1.991330
0.305324 -0.810102 1.981210
0.211003 -0.025189 1.971900
0.226985 0.022318 2.019920
0.237942 0.332177 2.074000
0.210330 0.565695 2.080810
0.076270 0.279827 2.070820
0.015231 0.067571 2.029600
0.040011 -0.068307 1.919180
0.051147 -0.114061 1.884060
0.320620 0.275611 1.981190
0.410150 0.161956 1.862630
0.315656 0.285689 1.930640
0.299346 0.291280 2.005340
0.152554 -0.076033 1.962480
0.132041 -0.452683 1.934630
0.140453 -0.718073 1.919800
0.116789 -0.747733 1.849450
0.262846 -0.079709 1.946720
0.335769 -0.479367 1.969800
0.352367 -0.761220 1.991260
0.305269 -0.810075 1.981270
0.211319 -0.025321 1.971560
0.227670 0.022376 2.019420
0.238847 0.333195 2.073650
0.210680 0.566442 2.080070
0.077279 0.280118 2.071490
0.017969 0.067428 2.030730
0.045927 -0.066314 1.917580
0.058695 -0.110660 1.881500
0.320956 0.275808 1.979940
0.409921 0.162830 1.859900
0.311615 0.279356 1.931540
0.299361 0.291375 2.004760
0.152934 -0.076328 1.962470
0.132226 -0.452750 1.934640
0.140643 -0.718189 1.919980
0.116656 -0.747878 1.849810
0.263130 -0.079706 1.946050
0.336046 -0.479346 1.969520
0.352298 -0.761206 1.991180
0.305212 -0.810047 1.981330
0.211646 -0.025456 1.971250
0.228434 0.022426 2.018940
0.239943 0.334217 2.073250
0.211169 0.567223 2.079210
0.078532 0.280412 2.072430
0.021081 0.067555 2.033060
0.049678 -0.065062 1.917260
0.062853 -0.108793 1.880750
0.321287 0.276063 1.978570
0.410436 0.165526 1.855720
0.306474 0.269587 1.933670
0.298259 0.288887 2.005010
0.153393 -0.076676 1.962550
0.132437 -0.452818 1.934660
0.140844 -0.718314 1.920180
0.116456 -0.748042 1.850230
0.263399 -0.079705 1.945410
0.336320 -0.479337 1.969250
0.352234 -0.761191 1.991100
0.305151 -0.810015 1.981400
0.211958 -0.025585 1.970980
0.229231 0.022466 2.018480
0.241045 0.335102 2.072850
0.211583 0.567837 2.078490
0.079871 0.280663 2.073690
0.023828 0.067648 2.035450
0.051388 -0.068093 1.923500
0.063178 -0.114155 1.890900
0.321597 0.276326 1.977060
0.411077 0.168190 1.851790
0.302727 0.261870 1.935190
0.296735 0.285288 2.005540
0.153899 -0.077079 1.962740
0.132651 -0.452889 1.934700
0.141044 -0.718437 1.920380
0.116161 -0.748218 1.850740
0.263646 -0.079718 1.944780
0.336581 -0.479336 1.969000
0.352174 -0.761176 1.991030
0.305084 -0.809976 1.981470
0.212302 -0.025719 1.970750
0.230165 0.022507 2.018030
0.242421 0.336058 2.072390
0.212024 0.568244 2.077820
0.081340 0.280963 2.075200
0.026282 0.067728 2.038260
0.052286 -0.069710 1.927460
0.062977 -0.116664 1.896320
0.321895 0.276548 1.975200
0.409783 0.168788 1.848310
0.292830 0.245946 1.935670
0.285602 0.266795 2.006160
0.154557 -0.077567 1.963140
0.132890 -0.452934 1.934770
0.141247 -0.718562 1.920590
0.115762 -0.748407 1.851320
0.263894 -0.079734 1.944150
0.336853 -0.479339 1.968740
0.352119 -0.761163 1.990960
0.304984 -0.809911 1.981570
0.212692 -0.025881 1.970530
0.231208 0.022517 2.017580
0.243804 0.336879 2.071890
0.212454 0.568579 2.077120
0.082853 0.281243 2.076820
0.028555 0.067759 2.041170
0.052579 -0.070843 1.930540
0.062190 -0.118300 1.900160
0.322231 0.276850 1.973100
0.408735 0.168988 1.845650
0.289564 0.242195 1.934830
0.282971 0.263240 2.005660
0.155305 -0.078118 1.963640
0.133124 -0.452978 1.934860
0.141466 -0.718682 1.920800
0.115305 -0.748589 1.851950
0.264141 -0.079772 1.943550
0.337112 -0.479352 1.968490
0.352068 -0.761150 1.990900
0.304862 -0.809827 1.981680
0.213065 -0.026041 1.970340
0.232221 0.022513 2.017170
0.245108 0.337576 2.071450
0.212829 0.568871 2.076470
0.084491 0.281569 2.078750
0.030661 0.067794 2.043700
0.052288 -0.071990 1.933560
0.060575 -0.119937 1.903830
0.322514 0.277131 1.971260
0.407866 0.169047 1.843630
0.287669 0.239935 1.934360
0.281279 0.260959 2.005300
0.156057 -0.078707 1.964280
0.133367 -0.453033 1.934980
0.141688 -0.718808 1.921030
0.114772 -0.748781 1.852650
0.264363 -0.079831 1.942930
0.337367 -0.479368 1.968240
0.352019 -0.761137 1.990840
0.304733 -0.809738 1.981800
0.213439 -0.026233 1.970170
0.233175 0.022468 2.016810
0.246239 0.338123 2.071080
0.213226 0.569093 2.075780
0.085990 0.281798 2.080480
0.032572 0.067832 2.045850
0.051570 -0.072922 1.936120
0.058394 -0.121239 1.906830
0.322715 0.277354 1.969660
0.407178 0.169130 1.841950
0.286683 0.239473 1.933420
0.280165 0.259789 2.004720
0.156787 -0.079304 1.964970
0.133595 -0.453089 1.935110
0.141894 -0.718944 1.921270
0.114198 -0.748989 1.853380
0.264554 -0.079929 1.942310
0.337607 -0.479395 1.968000
0.351976 -0.761126 1.990780
0.304620 -0.809660 1.981910
0.213790 -0.026415 1.970030
0.234115 0.022520 2.016530
0.254407 0.362485 2.075780
0.213605 0.569252 2.075110
0.087254 0.282026 2.082070
0.034145 0.067863 2.047570
0.050802 -0.073797 1.938480
0.056408 -0.122407 1.909480
0.322866 0.277506 1.968240
0.406647 0.169157 1.840600
0.287167 0.242272 1.931160
0.279550 0.259522 2.003940
0.157466 -0.079871 1.965670
0.133816 -0.453151 1.935260
0.142082 -0.719078 1.921500
0.113626 -0.749191 1.854070
0.264721 -0.080021 1.941740
0.337826 -0.479410 1.967750
0.351936 -0.761116 1.990730
0.304511 -0.809586 1.982020
0.214148 -0.026500 1.969920
0.234925 0.022899 2.016400
0.258128 0.373441 2.077820
0.214014 0.569388 2.074390
0.088330 0.282201 2.083440
0.035791 0.068370 2.049790
0.049842 -0.074021 1.940560
0.054282 -0.122680 1.911580
0.326716 0.279338 1.969380
0.402672 0.169993 1.838590
0.297840 0.252898 1.938360
0.283511 0.263094 2.007170
0.158016 -0.080326 1.966290
0.134032 -0.453208 1.935420
0.142275 -0.719231 1.921750
0.113439 -0.749331 1.854450
0.264947 -0.080030 1.941100
0.338037 -0.479442 1.967490
0.351900 -0.761107 1.990690
0.304400 -0.809511 1.982130
0.214486 -0.026537 1.969830
0.235693 0.023461 2.016340
0.260164 0.379537 2.078960
0.214461 0.569532 2.073550
0.089184 0.282335 2.084510
0.036998 0.068783 2.051450
0.049015 -0.074108 1.942170
0.052567 -0.122760 1.913110
0.330030 0.280880 1.970650
0.399842 0.171923 1.836340
0.301729 0.254124 1.943110
0.285761 0.263493 2.010350
0.158446 -0.080672 1.966830
0.134247 -0.453303 1.935610
0.142447 -0.719392 1.922010
0.113312 -0.749466 1.854760
0.265173 -0.080010 1.940510
0.338225 -0.479492 1.967240
0.351867 -0.761099 1.990650
0.304292 -0.809437 1.982240
0.214804 -0.026562 1.969760
0.236364 0.024010 2.016320
0.261410 0.383293 2.079640
0.214925 0.569564 2.072710
0.089858 0.282427 2.085350
0.037869 0.069108 2.052660
0.048486 -0.074065 1.943220
0.051429 -0.122645 1.914020
0.332290 0.281852 1.971440
0.397451 0.172096 1.835500
0.308092 0.262978 1.944070
0.290364 0.269351 2.011820
0.158794 -0.080950 1.967280
0.134443 -0.453402 1.935810
0.142608 -0.719552 1.922260
0.113219 -0.749593 1.855050
0.265386 -0.080001 1.939990
0.338403 -0.479546 1.967000
0.351836 -0.761092 1.990610
0.304190 -0.809368 1.982340
0.215119 -0.026572 1.969690
0.236973 0.024561 2.016320
0.262288 0.385856 2.080100
0.215366 0.569553 2.071940
0.090397 0.282494 2.085980
0.038481 0.069336 2.053510
0.048055 -0.073996 1.944010
0.050533 -0.122489 1.914640
0.333905 0.282511 1.971970
0.395870 0.172383 1.834720
0.311142 0.266541 1.944990
0.293471 0.272793 2.013120
0.159076 -0.081172 1.967670
0.134625 -0.453498 1.936000
0.142750 -0.719699 1.922490
0.113151 -0.749707 1.855290
0.265627 -0.079992 1.939470
0.338562 -0.479598 1.966780
0.351808 -0.761085 1.990570
0.304095 -0.809302 1.982450
0.215408 -0.026581 1.969630
0.237498 0.025059 2.016320
0.262894 0.387708 2.080430
0.215835 0.569496 2.071130
0.090824 0.282540 2.086430
0.038901 0.069492 2.054130
0.047770 -0.073691 1.944390
0.049897 -0.121736 1.914480
0.334882 0.282898 1.972210
0.394871 0.172508 1.834180
0.313005 0.268863 1.945250
0.295677 0.275406 2.013720
0.159303 -0.081349 1.967980
0.134792 -0.453601 1.936180
0.142874 -0.719834 1.922700
0.113091 -0.749812 1.855500
0.265843 -0.079991 1.939020
0.338706 -0.479651 1.966580
0.351781 -0.761078 1.990540
0.304001 -0.809238 1.982540
0.215687 -0.026582 1.969570
0.237988 0.025541 2.016320
0.263244 0.388928 2.080600
0.216369 0.569485 2.070280
0.091162 0.282595 2.086760
0.039174 0.069624 2.054580
0.047548 -0.073315 1.944600
0.049471 -0.120906 1.914140
0.335571 0.283130 1.972280
0.394191 0.172482 1.833740
0.314468 0.270760 1.944700
0.297583 0.277688 2.013720
0.159487 -0.081485 1.968240
0.134953 -0.453701 1.936360
0.142988 -0.719955 1.922890
0.113035 -0.749907 1.855690
0.266046 -0.079991 1.938620
0.338838 -0.479701 1.966390
0.351752 -0.761071 1.990500
0.303911 -0.809179 1.982640
0.215956 -0.026572 1.969500
0.238421 0.026000 2.016310
0.263376 0.389586 2.080640
0.216909 0.569467 2.069540
0.091439 0.282638 2.086980
0.039348 0.069723 2.054870
0.047396 -0.072900 1.944600
0.049245 -0.120038 1.913520
0.336087 0.283287 1.972310
0.393691 0.172310 1.833480
0.315589 0.272625 1.943410
0.299306 0.280027 2.013260
0.159629 -0.081583 1.968430
0.135099 -0.453800 1.936520
0.143088 -0.720062 1.923050
0.112997 -0.749990 1.855860
0.266241 -0.079989 1.938270
0.338955 -0.479750 1.966210
0.351723 -0.761062 1.990450
0.303820 -0.809116 1.982730
0.216194 -0.026595 1.969420
0.238846 0.026399 2.016270
0.263281 0.389776 2.080570
0.217382 0.569448 2.068900
0.091662 0.282673 2.087120
0.039286 0.069783 2.054870
0.048515 -0.070559 1.942080
0.051722 -0.115697 1.908250
0.335686 0.282957 1.971110
0.394198 0.171469 1.833470
0.314756 0.273603 1.938740
0.300092 0.281799 2.011600
0.159743 -0.081665 1.968580
0.135228 -0.453891 1.936670
0.143176 -0.720157 1.923200
0.112876 -0.750085 1.856080
0.266401 -0.080009 1.937950
0.339059 -0.479793 1.966050
0.351693 -0.761053 1.990400
0.303734 -0.809058 1.982810
0.216417 -0.026639 1.969340
0.239222 0.026736 2.016210
0.263016 0.389639 2.080400
0.217859 0.569517 2.068320
0.091830 0.282717 2.087180
0.039069 0.069844 2.054650
0.049584 -0.068519 1.939750
0.053870 -0.112322 1.904020
0.334634 0.282398 1.969160
0.395409 0.170427 1.833660
0.313887 0.273847 1.934680
0.300625 0.283091 2.009830
0.159835 -0.081730 1.968690
0.135342 -0.453975 1.936810
0.143253 -0.720237 1.923330
0.112734 -0.750171 1.856290
0.266544 -0.080050 1.937670
0.339154 -0.479846 1.965900
0.351664 -0.761042 1.990350
0.303655 -0.809002 1.982880
0.216624 -0.026684 1.969240
0.239505 0.027011 2.016170
0.262648 0.389270 2.080190
0.218303 0.569584 2.067790
0.091937 0.282756 2.087100
0.038455 0.069780 2.053500
0.049999 -0.067492 1.938010
0.054726 -0.110819 1.901450
0.333969 0.282018 1.968010
0.396121 0.169697 1.833790
0.313619 0.274092 1.932640
0.301127 0.284064 2.008710
0.159900 -0.081779 1.968760
0.135438 -0.454039 1.936920
0.143324 -0.720304 1.923440
0.112662 -0.750233 1.856440
0.266677 -0.080094 1.937410
0.339235 -0.479890 1.965750
0.351634 -0.761029 1.990300
0.303591 -0.808957 1.982940
0.216850 -0.026778 1.969090
0.239753 0.027227 2.016100
0.262219 0.388792 2.079940
0.218715 0.569700 2.067360
0.091986 0.282791 2.086730
0.037468 0.069632 2.051580
0.049821 -0.067017 1.936700
0.054745 -0.110146 1.899780
0.332715 0.281285 1.966290
0.397280 0.168774 1.834020
0.312922 0.273590 1.930500
0.301326 0.284586 2.007490
0.159987 -0.081841 1.968760
0.135521 -0.454097 1.937010
0.143388 -0.720360 1.923530
0.112591 -0.750285 1.856570
0.266794 -0.080143 1.937190
0.339304 -0.479923 1.965600
0.351593 -0.760993 1.990210
0.303545 -0.808921 1.983010
0.217067 -0.026849 1.968930
0.239938 0.027425 2.016040
0.261759 0.388276 2.079660
0.219072 0.569790 2.066990
0.091943 0.282837 2.086160
0.036455 0.069520 2.049630
0.049009 -0.066930 1.935630
0.053685 -0.110188 1.898570
0.332174 0.280978 1.965580
0.397668 0.168330 1.834100
0.312865 0.273543 1.929670
0.301644 0.285024 2.006980
0.160068 -0.081884 1.968710
0.135591 -0.454148 1.937080
0.143443 -0.720407 1.923600
0.112563 -0.750322 1.856640
0.266912 -0.080186 1.936990
0.339365 -0.479950 1.965450
0.351541 -0.760946 1.990100
0.303506 -0.808891 1.983070
0.217269 -0.026918 1.968740
0.240078 0.027596 2.015970
0.261231 0.387722 2.079320
0.219382 0.569869 2.066680
0.091795 0.282902 2.085410
0.035177 0.069405 2.047410
0.048297 -0.067061 1.934800
0.052791 -0.110583 1.897790
0.331755 0.280740 1.965080
0.397899 0.167958 1.834170
0.312976 0.273467 1.929210
0.301979 0.285386 2.006610
0.160144 -0.081916 1.968590
0.135645 -0.454192 1.937130
0.143488 -0.720444 1.923660
0.112548 -0.750349 1.856700
0.267023 -0.080232 1.936800
0.339418 -0.479976 1.965310
0.351490 -0.760898 1.989980
0.303474 -0.808866 1.983120
0.217454 -0.026937 1.968520
0.240170 0.027801 2.015870
0.260679 0.387211 2.078960
0.219658 0.569971 2.066410
0.091590 0.282992 2.084530
0.033908 0.069286 2.045260
0.047493 -0.067374 1.934090
0.051747 -0.111296 1.897290
0.331481 0.280612 1.964840
0.397873 0.167695 1.834270
0.313356 0.273460 1.929330
0.302553 0.285784 2.006580
0.160209 -0.081891 1.968360
0.135688 -0.454227 1.937170
0.143520 -0.720470 1.923700
0.112560 -0.750371 1.856730
0.267128 -0.080255 1.936620
0.339456 -0.480002 1.965150
0.351440 -0.760848 1.989860
0.303449 -0.808845 1.983170
0.217608 -0.027001 1.968240
0.240253 0.027971 2.015730
0.259950 0.386715 2.078580
0.219899 0.570061 2.066170
0.091325 0.283108 2.083570
0.032726 0.069190 2.043260
0.045816 -0.068178 1.933590
0.049232 -0.112961 1.897450
0.330334 0.279993 1.963930
0.397483 0.165983 1.834840
0.313424 0.273487 1.928980
0.302864 0.286187 2.005910
0.160266 -0.081867 1.968070
0.135715 -0.454254 1.937190
0.143547 -0.720497 1.923740
0.112543 -0.750392 1.856770
0.267207 -0.080315 1.936400
0.339478 -0.480020 1.964970
0.351393 -0.760797 1.989750
0.303428 -0.808827 1.983220
0.217742 -0.027170 1.967820
0.240315 0.028091 2.015510
0.259170 0.386263 2.078200
0.220180 0.570232 2.065900
0.091014 0.283209 2.082580
0.031552 0.069015 2.041180
0.043542 -0.069547 1.933410
0.045798 -0.115558 1.898380
0.328481 0.279247 1.962610
0.396536 0.163633 1.835730
0.314355 0.274310 1.927980
0.303740 0.287185 2.004710
0.160332 -0.081868 1.967640
0.135732 -0.454267 1.937210
0.143564 -0.720516 1.923770
0.112505 -0.750413 1.856820
0.267260 -0.080419 1.936140
0.339467 -0.480028 1.964750
0.351339 -0.760699 1.989570
0.303424 -0.808805 1.983280
0.217800 -0.027256 1.967390
0.240191 0.028249 2.015290
0.258227 0.385834 2.077800
0.220402 0.570384 2.065660
0.090636 0.283257 2.081610
0.030531 0.068974 2.039570
0.042255 -0.070107 1.932810
0.044263 -0.116515 1.898220
0.328076 0.279433 1.963720
0.392224 0.163204 1.836570
0.322553 0.276809 1.935120
0.307920 0.288960 2.007160
0.160310 -0.081842 1.967180
0.135737 -0.454273 1.937210
0.143564 -0.720532 1.923800
0.112548 -0.750427 1.856810
0.267286 -0.080500 1.935820
0.339427 -0.480025 1.964500
0.351289 -0.760604 1.989390
0.303425 -0.808787 1.983340
0.217837 -0.027332 1.966980
0.240023 0.028401 2.015060
0.257105 0.385426 2.077350
0.220577 0.570446 2.065430
0.090217 0.283271 2.080670
0.029597 0.069037 2.038240
0.040724 -0.070736 1.932430
0.042378 -0.117596 1.898360
0.327901 0.279729 1.965060
0.383514 0.161652 1.837950
0.340418 0.284046 1.939490
0.318992 0.293900 2.009110
0.160262 -0.081822 1.966640
0.135719 -0.454267 1.937180
0.143512 -0.720543 1.923810
0.112569 -0.750433 1.856770
0.267310 -0.080586 1.935510
0.339370 -0.480036 1.964230
0.351240 -0.760511 1.989220
0.303425 -0.808769 1.983400
0.217838 -0.027391 1.966570
0.239760 0.028564 2.014800
0.255600 0.384958 2.076820
0.220721 0.570526 2.065220
0.089786 0.283280 2.079830
0.025461 0.072864 2.040560
0.039734 -0.069178 1.932830
0.041783 -0.116077 1.899020
0.328006 0.280164 1.966780
0.375524 0.160210 1.839470
0.352089 0.289269 1.940720
0.329131 0.298676 2.009930
0.160133 -0.081795 1.966020
0.135680 -0.454257 1.937130
0.143443 -0.720556 1.923830
0.112606 -0.750439 1.856720
0.267327 -0.080672 1.935210
0.339275 -0.480054 1.963930
0.351195 -0.760424 1.989050
0.303425 -0.808752 1.983440
0.217773 -0.027447 1.966130
0.239357 0.028735 2.014480
0.253851 0.384506 2.076050
0.220802 0.570578 2.065010
0.089341 0.283267 2.079100
0.023179 0.074667 2.041250
0.038976 -0.068440 1.933040
0.041266 -0.115461 1.899480
0.328221 0.280578 1.968430
0.368278 0.158901 1.840680
0.357807 0.291798 1.941080
0.337283 0.302516 2.009870
0.159890 -0.081823 1.965390
0.135619 -0.454244 1.937060
0.143321 -0.720544 1.923840
0.112632 -0.750423 1.856660
0.267304 -0.080793 1.934850
0.339100 -0.480120 1.963550
0.351155 -0.760344 1.988900
0.303426 -0.808737 1.983480
0.217679 -0.027468 1.965720
0.238862 0.028947 2.014150
0.251777 0.384127 2.075150
0.220814 0.570799 2.064760
0.088914 0.283261 2.078520
0.020371 0.077617 2.044030
0.038098 -0.066175 1.933750
0.040919 -0.112948 1.900240
0.328690 0.281321 1.970490
0.362534 0.158400 1.841840
0.362122 0.293917 1.941110
0.343717 0.305837 2.009630
0.159634 -0.081843 1.964810
0.135541 -0.454234 1.936960
0.143188 -0.720527 1.923840
0.112674 -0.750401 1.856570
0.267275 -0.080904 1.934510
0.338802 -0.480314 1.963080
0.351111 -0.760268 1.988740
0.303424 -0.808723 1.983530
0.217528 -0.027443 1.965330
0.238186 0.029207 2.013800
0.249285 0.383595 2.074210
0.220742 0.571140 2.064470
0.088403 0.283235 2.078100
0.018201 0.080139 2.046760
0.037061 -0.063880 1.934790
0.040333 -0.110489 1.901280
0.329575 0.281936 1.973170
0.355371 0.159025 1.842180
0.364618 0.295306 1.941250
0.346992 0.307820 2.009630
0.159312 -0.081851 1.964270
0.135427 -0.454214 1.936820
0.143029 -0.720508 1.923850
0.112747 -0.750373 1.856450
0.267236 -0.081009 1.934170
0.338363 -0.480600 1.962520
0.351064 -0.760198 1.988590
0.303421 -0.808712 1.983560
0.217305 -0.027401 1.964960
0.237383 0.029463 2.013460
0.246807 0.382987 2.073270
0.220654 0.571471 2.064220
0.087851 0.283188 2.077840
0.017113 0.081185 2.047800
0.036202 -0.062781 1.935500
0.039726 -0.109382 1.902060
0.330339 0.282345 1.975390
0.349804 0.159490 1.842410
0.366420 0.296364 1.941210
0.349438 0.309274 2.009560
0.158904 -0.081875 1.963770
0.135269 -0.454207 1.936660
0.142853 -0.720491 1.923850
0.112809 -0.750349 1.856340
0.267160 -0.081127 1.933840
0.337836 -0.480988 1.961910
0.351004 -0.760129 1.988440
0.303416 -0.808704 1.983590
0.216996 -0.027352 1.964590
0.236447 0.029703 2.013120
0.244185 0.382357 2.072330
0.220493 0.571865 2.063900
0.087246 0.283183 2.077780
0.016385 0.081862 2.048470
0.035245 -0.062093 1.936360
0.038877 -0.108725 1.903120
0.330959 0.282559 1.977220
0.345177 0.159757 1.842630
0.367729 0.297181 1.940910
0.351359 0.310387 2.009360
0.158451 -0.081912 1.963330
0.135068 -0.454231 1.936470
0.142575 -0.720462 1.923840
0.112827 -0.750321 1.856230
0.267019 -0.081273 1.933490
0.337128 -0.481686 1.961200
0.350872 -0.760033 1.988230
0.303411 -0.808707 1.983610
0.216599 -0.027300 1.964250
0.235430 0.029915 2.012810
0.241784 0.381752 2.071480
0.220314 0.572233 2.063590
0.086450 0.283242 2.078030
0.014468 0.084103 2.055090
0.033972 -0.058580 1.938530
0.038017 -0.104543 1.904840
0.331528 0.282584 1.978780
0.341416 0.159973 1.842720
0.368676 0.297753 1.940470
0.352861 0.311196 2.009120
0.157867 -0.082008 1.962950
0.134711 -0.454351 1.936250
0.142196 -0.720428 1.923820
0.112803 -0.750291 1.856110
0.266829 -0.081445 1.933140
0.336343 -0.482506 1.960500
0.350622 -0.759907 1.987960
0.303382 -0.808718 1.983640
0.216098 -0.027226 1.963940
0.234368 0.030103 2.012540
0.239596 0.381056 2.070750
0.220124 0.572468 2.063180
0.085469 0.283342 2.078690
0.014171 0.084389 2.056790
0.032879 -0.057611 1.939490
0.036826 -0.103402 1.905730
0.332038 0.282523 1.980190
0.338313 0.160363 1.842670
0.369301 0.298149 1.940040
0.353960 0.311778 2.008950
0.157177 -0.082119 1.962660
0.134250 -0.454501 1.936020
0.141749 -0.720389 1.923800
0.112738 -0.750258 1.855980
0.266566 -0.081639 1.932770
0.335453 -0.483475 1.959790
0.350263 -0.759779 1.987640
0.302850 -0.808464 1.983620
0.215504 -0.027111 1.963670
0.233297 0.030301 2.012310
0.237700 0.380458 2.070110
0.219959 0.572694 2.062810
0.084508 0.283456 2.079550
0.014372 0.084118 2.057850
0.031709 -0.057299 1.940520
0.035290 -0.103124 1.906900
0.332480 0.282392 1.981310
0.335969 0.160583 1.842660
0.369727 0.298392 1.939490
0.354840 0.312198 2.008710
0.156424 -0.082228 1.962470
0.133770 -0.454637 1.935810
0.141129 -0.720330 1.923770
0.112555 -0.750207 1.855830
0.266237 -0.081836 1.932390
0.334474 -0.484590 1.959090
0.349817 -0.759662 1.987310
0.301845 -0.807942 1.983530
0.214753 -0.026935 1.963450
0.232146 0.030527 2.012140
0.236155 0.379985 2.069550
0.219532 0.572639 2.062350
0.083531 0.283497 2.080730
0.014617 0.084296 2.061690
0.030676 -0.055508 1.941930
0.034149 -0.100867 1.907920
0.333202 0.282137 1.982590
0.333959 0.160940 1.842660
0.370172 0.298538 1.938990
0.355722 0.312492 2.008440
0.155448 -0.082342 1.962420
0.133232 -0.454816 1.935610
0.140473 -0.720271 1.923740
0.112339 -0.750154 1.855670
0.265803 -0.082058 1.932000
0.333446 -0.485650 1.958430
0.349384 -0.759572 1.987000
0.300699 -0.807321 1.983420
0.213984 -0.026759 1.963270
0.231085 0.030730 2.011990
0.234807 0.379534 2.068960
0.219096 0.572541 2.061940
0.082734 0.283430 2.081830
0.015442 0.083711 2.062990
0.029776 -0.055013 1.942700
0.032853 -0.100234 1.908600
0.333833 0.281892 1.983620
0.332387 0.161238 1.842670
0.370580 0.298610 1.938370
0.356562 0.312699 2.008070
0.154505 -0.082449 1.962440
0.132663 -0.454997 1.935450
0.139763 -0.720197 1.923700
0.112035 -0.750084 1.855500
0.265286 -0.082311 1.931600
0.332462 -0.486593 1.957830
0.348957 -0.759502 1.986710
0.299441 -0.806610 1.983290
0.213202 -0.026604 1.963130
0.230113 0.030891 2.011880
0.233726 0.379167 2.068460
0.218280 0.571924 2.061200
0.082129 0.283181 2.082890
0.016852 0.083770 2.066320
0.028723 -0.053442 1.943970
0.031331 -0.098139 1.909480
0.334399 0.281652 1.984480
0.331030 0.161588 1.842630
0.370938 0.298627 1.937740
0.357319 0.312832 2.007680
0.153573 -0.082573 1.962550
0.131969 -0.455227 1.935300
0.139081 -0.720127 1.923690
0.111686 -0.750014 1.855360
0.264672 -0.082610 1.931190
0.331564 -0.487392 1.957300
0.348419 -0.759429 1.986400
0.298140 -0.805942 1.983220
0.212398 -0.026450 1.963050
0.229201 0.031026 2.011800
0.232760 0.378786 2.068010
0.217619 0.571207 2.060460
0.081671 0.282954 2.083980
0.018206 0.084429 2.070480
0.029446 -0.050053 1.945260
0.032544 -0.093250 1.909840
0.334936 0.281391 1.985200
0.329978 0.161804 1.842650
0.371527 0.298588 1.936730
0.358380 0.312907 2.006930
0.152595 -0.082708 1.962780
0.131271 -0.455452 1.935200
0.138442 -0.720059 1.923700
0.111304 -0.749941 1.855240
0.263988 -0.082938 1.930760
0.330562 -0.488322 1.956760
0.347890 -0.759379 1.986120
0.296954 -0.805364 1.983180
0.211631 -0.026296 1.963000
0.228404 0.031145 2.011750
0.232033 0.378489 2.067660
0.217196 0.570801 2.059860
0.081442 0.282791 2.084930
0.019266 0.084854 2.073490
0.030298 -0.047119 1.946240
0.033872 -0.089093 1.909970
0.335528 0.281078 1.985840
0.329191 0.161956 1.842680
0.372403 0.298494 1.935440
0.359765 0.312920 2.005900
0.151678 -0.082824 1.963080
0.130557 -0.455645 1.935120
0.137767 -0.719975 1.923720
0.110851 -0.749851 1.855150
0.263253 -0.083249 1.930340
0.329625 -0.489135 1.956260
0.347255 -0.759312 1.985810
0.295922 -0.804934 1.983170
0.210932 -0.026141 1.962980
0.227730 0.031252 2.011730
0.231486 0.378253 2.067370
0.217091 0.570702 2.059410
0.081415 0.282724 2.085890
0.020113 0.085092 2.075640
0.030872 -0.045137 1.947110
0.034650 -0.086488 1.910260
0.336154 0.280746 1.986430
0.328566 0.162086 1.842720
0.373372 0.298362 1.934150
0.361206 0.312877 2.004840
0.150867 -0.082905 1.963420
0.129900 -0.455830 1.935060
0.137106 -0.719873 1.923780
0.110356 -0.749741 1.855090
0.262551 -0.083520 1.929970
0.328774 -0.489850 1.955800
0.346639 -0.759267 1.985530
0.294986 -0.804571 1.983160
0.210330 -0.026009 1.962990
0.227168 0.031341 2.011710
0.231054 0.378066 2.067120
0.217050 0.570660 2.059020
0.081557 0.282659 2.086880
0.021109 0.085746 2.078430
0.031580 -0.042698 1.948290
0.035499 -0.083494 1.910800
0.337008 0.280384 1.987060
0.328050 0.162227 1.842780
0.374623 0.298209 1.932800
0.362924 0.312803 2.003710
0.150172 -0.082991 1.963770
0.129264 -0.456026 1.935040
0.136346 -0.719779 1.923900
0.109742 -0.749636 1.855100
0.261923 -0.083774 1.929640
0.327812 -0.491160 1.955310
0.345958 -0.759213 1.985230
0.294116 -0.804275 1.983150
0.209817 -0.025892 1.963000
0.226706 0.031416 2.011710
0.230721 0.377917 2.066910
0.217056 0.570629 2.058720
0.081805 0.282606 2.087780
0.021907 0.086113 2.080340
0.032209 -0.040990 1.949270
0.036197 -0.081482 1.911280
0.337819 0.280059 1.987580
0.327582 0.162410 1.842820
0.375580 0.298052 1.931810
0.364241 0.312702 2.002900
0.149590 -0.083063 1.964090
0.128691 -0.456213 1.935030
0.135565 -0.719742 1.924090
0.109060 -0.749583 1.855180
0.261369 -0.083998 1.929340
0.327017 -0.492240 1.954900
0.345341 -0.759169 1.984960
0.293365 -0.804032 1.983140
0.209388 -0.025797 1.963020
0.226334 0.031476 2.011710
0.230472 0.377796 2.066730
0.217183 0.570630 2.058450
0.082236 0.282544 2.088610
0.022626 0.086346 2.081510
0.032737 -0.039823 1.949950
0.036724 -0.080154 1.911610
0.338771 0.279729 1.988010
0.327192 0.162556 1.842860
0.376658 0.297847 1.930790
0.365637 0.312546 2.002050
0.149116 -0.083129 1.964390
0.128173 -0.456390 1.935030
0.134832 -0.719730 1.924290
0.108376 -0.749555 1.855290
0.260896 -0.084196 1.929090
0.326355 -0.493045 1.954530
0.344800 -0.759133 1.984740
0.292725 -0.803828 1.983130
0.209030 -0.025718 1.963040
0.226038 0.031525 2.011710
0.230310 0.377713 2.066540
0.217373 0.570632 2.058220
0.082761 0.282479 2.089380
0.023710 0.086499 2.082050
0.033077 -0.039107 1.950370
0.037003 -0.079340 1.911810
0.339688 0.279427 1.988340
0.326890 0.162666 1.842900
0.377795 0.297635 1.929750
0.367041 0.312376 2.001160
0.148726 -0.083192 1.964660
0.127711 -0.456551 1.935030
0.134192 -0.719726 1.924470
0.107738 -0.749538 1.855410
0.260478 -0.084385 1.928860
0.325811 -0.493663 1.954210
0.344330 -0.759101 1.984540
0.292180 -0.803655 1.983110
0.208735 -0.025653 1.963060
0.225803 0.031565 2.011710
0.230209 0.377645 2.066350
0.217794 0.570715 2.058000
0.083439 0.282439 2.090040
0.024678 0.086603 2.082340
0.033321 -0.038615 1.950730
0.037197 -0.078787 1.912020
0.340550 0.279151 1.988570
0.326672 0.162742 1.842930
0.379018 0.297426 1.928650
0.368482 0.312203 2.000210
0.148417 -0.083248 1.964900
0.127315 -0.456689 1.935040
0.133623 -0.719723 1.924650
0.107142 -0.749522 1.855540
0.260123 -0.084549 1.928660
0.325373 -0.494134 1.953950
0.343919 -0.759072 1.984370
0.291781 -0.803551 1.983110
0.208493 -0.025601 1.963080
0.225613 0.031596 2.011710
0.230160 0.377586 2.066150
0.218488 0.570786 2.057760
0.084260 0.282434 2.090590
0.025877 0.086583 2.081830
0.033528 -0.038376 1.951020
0.037315 -0.078669 1.912280
0.341617 0.278862 1.988730
0.326490 0.162806 1.842960
0.380464 0.297181 1.927450
0.370112 0.311990 1.999150
0.148171 -0.083299 1.965110
0.126979 -0.456813 1.935060
0.133140 -0.719728 1.924830
0.106641 -0.749516 1.855680
0.259828 -0.084702 1.928480
0.325030 -0.494484 1.953730
0.343553 -0.759046 1.984220
0.291449 -0.803473 1.983100
0.208297 -0.025563 1.963090
0.225470 0.031618 2.011710
0.230246 0.377528 2.065870
0.219384 0.570902 2.057520
0.085243 0.282464 2.091100
0.027047 0.086531 2.080890
0.033843 -0.038330 1.951230
0.037584 -0.078809 1.912520
0.342767 0.278512 1.988760
0.326338 0.162839 1.842970
0.381858 0.296851 1.926300
0.371645 0.311687 1.998130
0.147968 -0.083371 1.965330
0.126689 -0.456932 1.935080
0.132732 -0.719735 1.924990
0.106188 -0.749515 1.855820
0.259567 -0.084862 1.928300
0.324753 -0.494755 1.953550
0.343235 -0.759022 1.984090
0.291177 -0.803414 1.983100
0.208140 -0.025534 1.963110
0.225364 0.031635 2.011710
0.230462 0.377466 2.065490
0.220907 0.570947 2.056890
0.086455 0.282513 2.091560
0.028205 0.086489 2.079700
0.034190 -0.038437 1.951410
0.037880 -0.079182 1.912780
0.343898 0.278209 1.988740
0.326247 0.162855 1.842990
0.383801 0.296559 1.924690
0.373701 0.311419 1.996640
0.147813 -0.083444 1.965540
0.126445 -0.457044 1.935100
0.132394 -0.719744 1.925130
0.105793 -0.749518 1.855950
0.259349 -0.085008 1.928140
0.324534 -0.494964 1.953410
0.342963 -0.759000 1.983980
0.290953 -0.803371 1.983100
0.208026 -0.025511 1.963120
0.225291 0.031648 2.011700
0.230821 0.377415 2.064970
0.222886 0.571135 2.056040
0.087636 0.282571 2.091940
0.029160 0.086394 2.078630
0.034613 -0.038666 1.951540
0.038269 -0.079693 1.913030
0.345020 0.277915 1.988630
0.326180 0.162869 1.843000
0.385659 0.296278 1.923140
0.375641 0.311157 1.995200
0.147702 -0.083516 1.965730
0.126231 -0.457174 1.935130
0.132119 -0.719754 1.925250
0.105452 -0.749523 1.856070
0.259179 -0.085140 1.927980
0.324357 -0.495206 1.953290
0.342743 -0.758987 1.983890
0.290761 -0.803333 1.983090
0.207936 -0.025496 1.963130
0.225238 0.031657 2.011700
0.231265 0.377373 2.064470
0.224569 0.571299 2.055300
0.088876 0.282642 2.092270
0.030184 0.087077 2.078920
0.035857 -0.038480 1.952770
0.039596 -0.079797 1.914510
0.346039 0.277645 1.988440
0.326133 0.162871 1.842990
0.387334 0.296014 1.921700
0.377373 0.310909 1.993850
0.147622 -0.083589 1.965920
0.126053 -0.457293 1.935160
0.131893 -0.719763 1.925360
0.105145 -0.749529 1.856180
0.259034 -0.085264 1.927830
0.324219 -0.495409 1.953190
0.342583 -0.758985 1.983830
0.290594 -0.803293 1.983090
0.207870 -0.025481 1.963130
0.225201 0.031665 2.011690
0.231832 0.377339 2.064010
0.226064 0.571463 2.054570
0.090058 0.282710 2.092540
0.031337 0.088291 2.079950
0.037413 -0.037990 1.954460
0.041256 -0.079578 1.916460
0.346956 0.277427 1.988240
0.326099 0.162871 1.842980
0.388873 0.295795 1.920380
0.405521 0.328301 1.959520
0.147567 -0.083652 1.966090
0.125909 -0.457410 1.935180
0.131718 -0.719781 1.925450
0.104895 -0.749548 1.856280
0.258916 -0.085372 1.927670
0.324126 -0.495556 1.953110
0.342455 -0.758984 1.983790
0.290451 -0.803255 1.983080
0.207828 -0.025466 1.963130
0.225203 0.031680 2.011670
0.232477 0.377285 2.063550
0.227602 0.571715 2.053870
0.091141 0.282830 2.092810
0.032415 0.089770 2.081350
0.038618 -0.037323 1.956050
0.042426 -0.079135 1.918180
0.347743 0.277253 1.988020
0.326075 0.162867 1.842970
0.390161 0.295618 1.919250
0.415043 0.334103 1.947920
0.147564 -0.083691 1.966240
0.125802 -0.457514 1.935190
0.131586 -0.719803 1.925530
0.104689 -0.749574 1.856390
0.258856 -0.085464 1.927490
0.324070 -0.495646 1.953050
0.342360 -0.758986 1.983750
0.290373 -0.803254 1.983080
0.207838 -0.025418 1.963110
0.225288 0.031733 2.011600
0.233172 0.377255 2.063060
0.229004 0.572049 2.053220
0.092203 0.283006 2.093030
0.033231 0.090380 2.081660
0.039388 -0.037165 1.956840
0.043131 -0.079154 1.919090
0.348474 0.277138 1.987830
0.326078 0.162874 1.842940
0.391363 0.295515 1.918250
0.420938 0.337664 1.940910
0.147642 -0.083688 1.966380
0.125731 -0.457593 1.935200
0.131499 -0.719824 1.925600
0.104548 -0.749597 1.856470
0.258872 -0.085523 1.927270
0.324050 -0.495719 1.953000
0.342288 -0.758986 1.983730
0.290500 -0.803500 1.983110
0.207931 -0.025351 1.963060
0.225472 0.031799 2.011480
0.233817 0.377221 2.062610
0.230149 0.572351 2.052700
0.093150 0.283171 2.093180
0.033945 0.090721 2.081590
0.040007 -0.037182 1.957330
0.043702 -0.079342 1.919700
0.349096 0.277072 1.987660
0.326200 0.162889 1.842890
0.392392 0.295479 1.917440
0.424695 0.339974 1.936460
0.147826 -0.083661 1.966490
0.125692 -0.457659 1.935200
0.131443 -0.719839 1.925660
0.104451 -0.749613 1.856550
0.259014 -0.085571 1.926970
0.324112 -0.495767 1.952950
0.342242 -0.758985 1.983710
0.290835 -0.803895 1.983150
0.208244 -0.025261 1.962920
0.225856 0.031879 2.011280
0.234437 0.377193 2.062190
0.231071 0.572590 2.052270
0.094034 0.283334 2.093170
0.035919 0.089724 2.078410
0.040584 -0.038543 1.957440
0.043945 -0.081502 1.920270
0.349646 0.277030 1.987490
0.326540 0.162882 1.842800
0.393198 0.295464 1.916850
0.427299 0.341551 1.933370
0.148285 -0.083624 1.966570
0.125691 -0.457722 1.935200
0.131418 -0.719847 1.925730
0.104394 -0.749619 1.856620
0.259477 -0.085629 1.926500
0.324377 -0.495746 1.952880
0.342249 -0.758980 1.983690
0.291383 -0.804302 1.983200
0.208700 -0.025169 1.962700
0.226350 0.031961 2.011000
0.235057 0.377194 2.061780
0.231865 0.572827 2.051870
0.094826 0.283484 2.093010
0.040158 0.081907 2.063210
0.040884 -0.046499 1.955770
0.043055 -0.092262 1.920450
0.350132 0.277010 1.987350
0.327597 0.162851 1.842620
0.393639 0.295439 1.916580
0.428200 0.342711 1.932390
0.148885 -0.083579 1.966530
0.125742 -0.457784 1.935180
0.131465 -0.719856 1.925810
0.104415 -0.749626 1.856690
0.260095 -0.085677 1.925990
0.325024 -0.495637 1.952820
0.342330 -0.758974 1.983660
0.292133 -0.804776 1.983190
0.209339 -0.025053 1.962390
0.226968 0.032042 2.010670
0.235709 0.377150 2.061420
0.232714 0.572632 2.051220
0.095445 0.283584 2.092750
0.042361 0.077721 2.054920
0.041250 -0.051863 1.953010
0.042675 -0.098488 1.918710
0.350566 0.277007 1.987220
0.329402 0.162998 1.842200
0.393789 0.295394 1.916860
0.426037 0.343058 1.935180
0.149603 -0.083530 1.966390
0.125944 -0.457849 1.935140
0.131744 -0.719919 1.925940
0.104709 -0.749686 1.856800
0.261006 -0.085693 1.925390
0.326203 -0.495280 1.952810
0.342469 -0.758960 1.983620
0.293004 -0.805271 1.983120
0.210397 -0.024954 1.961870
0.227909 0.032106 2.010170
0.236560 0.377121 2.060990
0.233384 0.572448 2.050610
0.095932 0.283561 2.092170
0.043433 0.075190 2.049800
0.041450 -0.055467 1.949160
0.042316 -0.102355 1.915350
0.350929 0.277014 1.987120
0.331690 0.163077 1.841820
0.393720 0.295343 1.917480
0.422659 0.342956 1.939290
0.150799 -0.083510 1.965860
0.126492 -0.457997 1.935000
0.132260 -0.719943 1.926010
0.105376 -0.749704 1.856820
0.262326 -0.085680 1.924720
0.328061 -0.494821 1.952900
0.342642 -0.758940 1.983580
0.293917 -0.805766 1.982980
0.212359 -0.024848 1.960980
0.229402 0.032168 2.009460
0.237577 0.377126 2.060580
0.233987 0.572412 2.049820
0.096260 0.283360 2.090410
0.043415 0.072832 2.044150
0.041529 -0.058262 1.941860
0.042047 -0.104928 1.907560
0.351238 0.277028 1.987020
0.337520 0.162923 1.841370
0.392917 0.295213 1.919210
0.416009 0.342278 1.946440
0.153075 -0.083455 1.964470
0.127693 -0.458217 1.934610
0.133286 -0.719857 1.925840
0.106957 -0.749580 1.856460
0.264857 -0.085525 1.923970
0.330438 -0.494026 1.953110
0.342931 -0.758903 1.983490
0.294937 -0.806227 1.982700
0.214545 -0.024830 1.959950
0.230998 0.032142 2.008690
0.238869 0.377093 2.060220
0.234475 0.572402 2.049140
0.095985 0.282736 2.086210
0.042395 0.070493 2.035900
0.042049 -0.061956 1.935360
0.042572 -0.108638 1.901680
0.351453 0.277020 1.986820
0.345146 0.161987 1.840900
0.391334 0.294898 1.921380
0.407808 0.341230 1.953430
0.155566 -0.083452 1.962760
0.129433 -0.458587 1.934030
0.134815 -0.719690 1.925520
0.109467 -0.749346 1.855800
0.267375 -0.085378 1.923300
0.333160 -0.492799 1.953420
0.343501 -0.758767 1.983230
0.296190 -0.806577 1.982290
0.216699 -0.024939 1.958880
0.232521 0.032001 2.007940
0.240675 0.377021 2.059990
0.234856 0.572381 2.048490
0.095504 0.281724 2.079690
0.041088 0.069055 2.028910
0.043305 -0.064643 1.928740
0.044299 -0.111307 1.895320
0.351619 0.277016 1.986580
0.353184 0.160377 1.841250
0.389810 0.294637 1.923310
0.401232 0.340616 1.958340
0.157993 -0.083562 1.960750
0.131731 -0.459072 1.933260
0.136542 -0.719447 1.925070
0.112532 -0.749005 1.854870
0.269601 -0.085258 1.922760
0.336138 -0.490991 1.953780
0.344282 -0.758455 1.982740
0.298214 -0.807039 1.981240
0.219146 -0.025282 1.957660
0.234184 0.031724 2.007150
0.242395 0.377038 2.059940
0.235144 0.572382 2.047860
0.095120 0.281122 2.072290
0.039235 0.068346 2.022070
0.044977 -0.066689 1.922580
0.046836 -0.113370 1.889350
0.351635 0.277078 1.985900
0.362811 0.157164 1.843200
0.388259 0.294467 1.924730
0.371574 0.337133 1.951280
0.160996 -0.083884 1.958000
0.134642 -0.459816 1.932210
0.138203 -0.719226 1.924630
0.115387 -0.748715 1.853990
0.272006 -0.085146 1.922380
0.338695 -0.489505 1.954120
0.345303 -0.757947 1.982020
0.300957 -0.807541 1.979550
0.221662 -0.025954 1.956380
0.236076 0.031196 2.006280
0.244102 0.377076 2.060040
0.235481 0.572021 2.046910
0.094888 0.281045 2.065420
0.036959 0.068130 2.015960
0.047241 -0.067869 1.916430
0.050608 -0.114425 1.883010
0.351178 0.276895 1.983530
0.376978 0.149892 1.848360
0.386161 0.293996 1.925600
0.351971 0.334030 1.944940
0.163925 -0.084455 1.955190
0.137660 -0.460682 1.931070
0.141002 -0.719193 1.923900
0.119083 -0.748685 1.852930
0.274238 -0.085166 1.922120
0.341088 -0.487878 1.954440
0.346907 -0.757157 1.980770
0.304637 -0.807927 1.976800
0.224148 -0.026794 1.955110
0.238088 0.030542 2.005370
0.245700 0.377211 2.060210
0.235755 0.571677 2.046070
0.094836 0.280896 2.057320
0.034415 0.068283 2.009400
0.049827 -0.068547 1.910110
0.054930 -0.114931 1.876560
0.349852 0.275616 1.977260
0.393525 0.140295 1.855100
0.383005 0.292772 1.925310
0.337847 0.330703 1.938270
0.166987 -0.085166 1.952050
0.141351 -0.462061 1.929560
0.143834 -0.719331 1.923200
0.122332 -0.748834 1.852050
0.276424 -0.085252 1.922060
0.343104 -0.486420 1.954700
0.348781 -0.756147 1.979150
0.310164 -0.808888 1.973450
0.226353 -0.027598 1.953930
0.239885 0.029936 2.004520
0.247429 0.377607 2.060370
0.236020 0.571322 2.045260
0.094896 0.280736 2.050060
0.031767 0.068547 2.002530
0.052483 -0.068863 1.903700
0.059334 -0.115047 1.870120
0.348893 0.274642 1.972450
0.409060 0.132403 1.865920
0.380402 0.291722 1.924770
0.329460 0.328665 1.933860
0.169719 -0.085769 1.948920
0.145397 -0.463932 1.927950
0.146921 -0.719812 1.922530
0.125968 -0.749361 1.851180
0.278408 -0.085372 1.922150
0.345116 -0.484845 1.955020
0.350658 -0.755120 1.977490
0.314752 -0.809574 1.970780
0.228322 -0.028178 1.952910
0.241444 0.029506 2.003780
0.248963 0.378053 2.060520
0.236300 0.570983 2.044540
0.094859 0.280679 2.043840
0.028973 0.068947 1.995880
0.054832 -0.069040 1.898200
0.063248 -0.115107 1.864840
0.348332 0.273953 1.969100
0.418870 0.128042 1.874020
0.378393 0.290866 1.924210
0.324170 0.327337 1.930890
0.172284 -0.085989 1.945640
0.149080 -0.465934 1.926400
0.149737 -0.720476 1.921940
0.129520 -0.750113 1.850370
0.280572 -0.085393 1.922580
0.346918 -0.483428 1.955380
0.352301 -0.754211 1.975970
0.318757 -0.810239 1.968660
0.229968 -0.028573 1.952030
0.242633 0.029234 2.003190
0.250379 0.378687 2.060660
0.236572 0.570756 2.043930
0.094999 0.280877 2.037700
0.026580 0.069311 1.990110
0.056577 -0.068598 1.892030
0.066271 -0.114414 1.858790
0.348137 0.273480 1.966940
0.424314 0.125203 1.879580
0.377061 0.290182 1.923750
0.320831 0.326352 1.928690
0.174446 -0.085893 1.942380
0.152335 -0.467768 1.925040
0.152620 -0.721432 1.921460
0.133607 -0.751254 1.849570
0.282605 -0.085360 1.923220
0.348464 -0.482171 1.955730
0.353704 -0.753461 1.974640
0.322812 -0.811099 1.966860
0.231528 -0.028778 1.951230
0.243633 0.029082 2.002690
0.251561 0.379268 2.060810
0.237162 0.570251 2.043140
0.095174 0.281039 2.032270
0.024456 0.069430 1.984490
0.058501 -0.067818 1.885440
0.069561 -0.113241 1.852130
0.348235 0.273057 1.965480
0.428374 0.122836 1.885920
0.376206 0.289563 1.923430
0.319202 0.325429 1.926900
0.176422 -0.085587 1.939070
0.155026 -0.469372 1.923920
0.155056 -0.722365 1.921080
0.137420 -0.752396 1.848860
0.284806 -0.085192 1.924140
0.349830 -0.481030 1.956100
0.354972 -0.752830 1.973420
0.325952 -0.811748 1.965550
0.232946 -0.028754 1.950530
0.244445 0.029071 2.002290
0.252656 0.379922 2.061010
0.237765 0.569832 2.042450
0.095387 0.281126 2.027280
0.022803 0.069473 1.979720
0.060124 -0.066915 1.879360
0.072322 -0.111942 1.845970
0.348846 0.272584 1.964510
0.431319 0.121282 1.890150
0.375692 0.288971 1.923240
0.319315 0.324481 1.925630
0.177998 -0.085069 1.936050
0.157228 -0.470637 1.922990
0.157042 -0.723194 1.920750
0.140908 -0.753434 1.848180
0.286947 -0.084859 1.925270
0.350994 -0.480132 1.956470
0.356355 -0.752056 1.972150
0.341669 -0.791659 1.920030
0.234195 -0.028471 1.949870
0.245086 0.029209 2.001930
0.253672 0.380658 2.061240
0.238287 0.569587 2.041920
0.095533 0.281109 2.023040
0.021384 0.069848 1.975660
0.061405 -0.065767 1.874200
0.074526 -0.110459 1.840810
0.350395 0.272109 1.964380
0.433624 0.120374 1.894970
0.375520 0.288392 1.923260
0.321159 0.323638 1.925240
0.179110 -0.084230 1.933040
0.158956 -0.471594 1.922230
0.158661 -0.723906 1.920450
0.144116 -0.754335 1.847520
0.288770 -0.084436 1.926350
0.352041 -0.479265 1.956850
0.357837 -0.750943 1.970750
0.351975 -0.778207 1.892640
0.235266 -0.028145 1.949340
0.245578 0.029381 2.001640
0.254492 0.381376 2.061450
0.239089 0.569025 2.041360
0.095641 0.280962 2.019340
0.020119 0.070131 1.972230
0.062613 -0.064436 1.869430
0.076636 -0.108697 1.835900
0.352233 0.271645 1.964890
0.436019 0.120405 1.898680
0.375551 0.287861 1.923450
0.323682 0.323035 1.925490
0.179970 -0.083499 1.930560
0.160366 -0.472381 1.921580
0.160063 -0.724561 1.920170
0.147042 -0.755139 1.846900
0.290520 -0.084082 1.927610
0.352910 -0.478535 1.957200
0.359245 -0.749653 1.969390
0.356522 -0.772634 1.881690
0.236637 -0.027599 1.948870
0.246125 0.029685 2.001390
0.255135 0.382002 2.061630
0.239855 0.568541 2.040890
0.095684 0.280754 2.016220
0.018961 0.070360 1.969110
0.063698 -0.062913 1.864770
0.078565 -0.106654 1.830980
0.354365 0.271228 1.965930
0.437964 0.120740 1.901530
0.375856 0.287324 1.923830
0.326721 0.322585 1.926240
0.180912 -0.082809 1.928470
0.161449 -0.472983 1.921070
0.161140 -0.725090 1.919930
0.149420 -0.755766 1.846370
0.293053 -0.083710 1.929450
0.353647 -0.477950 1.957530
0.360512 -0.748344 1.968180
0.359379 -0.769341 1.874980
0.238023 -0.027001 1.948500
0.246620 0.030026 2.001200
0.255616 0.382534 2.061800
0.240520 0.568098 2.040490
0.095665 0.280413 2.013450
0.017983 0.070757 1.966280
0.064317 -0.061760 1.861220
0.079710 -0.105258 1.827470
0.356424 0.270994 1.967540
0.439279 0.120992 1.903380
0.376361 0.286876 1.924490
0.329801 0.322416 1.927450
0.181863 -0.082197 1.926650
0.162276 -0.473447 1.920670
0.161994 -0.725520 1.919720
0.151465 -0.756259 1.845910
0.295508 -0.083380 1.931280
0.354293 -0.477504 1.957840
0.361610 -0.747069 1.967100
0.361451 -0.766910 1.870790
0.239171 -0.026453 1.948210
0.247004 0.030369 2.001050
0.255945 0.383087 2.061950
0.241059 0.567487 2.040000
0.095592 0.279923 2.010960
0.017170 0.071024 1.963810
0.064837 -0.060864 1.858330
0.080652 -0.104187 1.824670
0.358436 0.270912 1.969510
0.440472 0.121898 1.905120
0.377107 0.286506 1.925410
0.332861 0.322439 1.928970
0.182602 -0.081688 1.925200
0.162908 -0.473797 1.920340
0.162682 -0.725860 1.919530
0.156340 -0.778154 1.875580
0.297379 -0.083134 1.932720
0.354874 -0.477129 1.958150
0.362455 -0.746035 1.966250
0.362718 -0.765515 1.869620
0.240118 -0.025755 1.947930
0.247275 0.030930 2.000870
0.256068 0.383892 2.062050
0.241374 0.566919 2.039530
0.095434 0.279362 2.008760
0.016461 0.071359 1.961750
0.065133 -0.060130 1.856100
0.081254 -0.103359 1.822570
0.360503 0.271198 1.972230
0.441213 0.123105 1.906430
0.378195 0.286349 1.926830
0.335976 0.322803 1.930970
0.183116 -0.081102 1.923790
0.163384 -0.474047 1.920090
0.163243 -0.726122 1.919340
0.159743 -0.774939 1.869470
0.298766 -0.082832 1.933860
0.355434 -0.476730 1.958450
0.363099 -0.745205 1.965600
0.363397 -0.765099 1.870810
0.240858 -0.025132 1.947710
0.247447 0.031525 2.000720
0.255692 0.385134 2.062130
0.241521 0.566328 2.039110
0.095242 0.278774 2.006870
0.015754 0.071796 1.960000
0.065231 -0.059478 1.854340
0.081589 -0.102666 1.820960
0.362066 0.271476 1.974400
0.441801 0.124331 1.907390
0.379228 0.286268 1.928180
0.338523 0.323183 1.932720
0.183472 -0.080608 1.922660
0.163743 -0.474227 1.919890
0.163706 -0.726321 1.919160
0.160312 -0.783454 1.881780
0.299782 -0.082596 1.934720
0.355945 -0.476339 1.958740
0.363593 -0.744526 1.965070
0.363566 -0.765304 1.873190
0.241417 -0.024529 1.947500
0.247507 0.032214 2.000550
0.254990 0.386676 2.062170
0.241558 0.565952 2.038760
0.095035 0.278240 2.005300
0.015094 0.072098 1.958540
0.065307 -0.058963 1.852930
0.081867 -0.102119 1.819690
0.363282 0.271948 1.976300
0.442129 0.125699 1.908150
0.380260 0.286387 1.929510
0.340695 0.323733 1.934310
0.183671 -0.080121 1.921660
0.164017 -0.474353 1.919730
0.164081 -0.726475 1.918990
0.160550 -0.787868 1.888120
0.300515 -0.082398 1.935370
0.356394 -0.475968 1.959000
0.363964 -0.743999 1.964680
0.363462 -0.765866 1.875940
0.241829 -0.023945 1.947330
0.247474 0.032935 2.000380
0.254234 0.388055 2.062150
0.241457 0.565574 2.038340
0.094797 0.277755 2.004030
0.014493 0.072300 1.957360
0.065318 -0.058544 1.851780
0.082044 -0.101672 1.818660
0.364184 0.272418 1.977870
0.442289 0.127004 1.908690
0.381213 0.286589 1.930750
0.342463 0.324292 1.935690
0.183772 -0.079703 1.920850
0.164230 -0.474441 1.919590
0.164384 -0.726595 1.918840
0.160754 -0.790398 1.891670
0.301039 -0.082207 1.935890
0.356775 -0.475616 1.959240
0.364248 -0.743581 1.964370
0.363253 -0.766515 1.878500
0.242100 -0.023429 1.947180
0.247353 0.033624 2.000210
0.253487 0.389239 2.062060
0.241097 0.565183 2.037840
0.094561 0.277316 2.003020
0.013928 0.072440 1.956420
0.065295 -0.058187 1.850840
0.082162 -0.101286 1.817830
0.364802 0.272798 1.979090
0.442342 0.128184 1.909000
0.382017 0.286803 1.931830
0.343826 0.324785 1.936820
0.183747 -0.079322 1.920150
0.164394 -0.474503 1.919470
0.164626 -0.726688 1.918700
0.160936 -0.792052 1.893960
0.301395 -0.082051 1.936280
0.357089 -0.475304 1.959440
0.364466 -0.743246 1.964140
0.363017 -0.767128 1.880650
0.242298 -0.022996 1.947050
0.247223 0.034206 2.000070
0.252750 0.390086 2.062000
0.240534 0.564712 2.037220
0.094313 0.276911 2.002220
0.013434 0.072513 1.955690
0.065269 -0.057907 1.850120
0.082255 -0.100980 1.817180
0.365174 0.273142 1.980070
0.442171 0.129351 1.909050
0.382663 0.287142 1.932920
0.344691 0.325171 1.937590
0.183720 -0.079031 1.919610
0.164520 -0.474548 1.919380
0.164823 -0.726762 1.918570
0.161027 -0.793214 1.895570
0.301654 -0.081922 1.936600
0.357344 -0.475041 1.959610
0.364629 -0.742983 1.963950
0.362777 -0.767672 1.882390
0.242380 -0.022591 1.946930
0.247001 0.034769 1.999920
0.251985 0.390813 2.061920
0.239702 0.564285 2.036520
0.094049 0.276563 2.001600
0.012882 0.072633 1.955200
0.065201 -0.057645 1.849600
0.082291 -0.100700 1.816730
0.365370 0.273405 1.980810
0.441860 0.130374 1.908920
0.383105 0.287348 1.933630
0.345378 0.325520 1.938260
0.183600 -0.078772 1.919150
0.164618 -0.474574 1.919290
0.164981 -0.726822 1.918450
0.161096 -0.793930 1.896500
0.301784 -0.081782 1.936850
0.357550 -0.474802 1.959750
0.364752 -0.742776 1.963810
0.362544 -0.768137 1.883770
0.242312 -0.022197 1.946790
0.246646 0.035303 1.999750
0.251182 0.391402 2.061820
0.238412 0.563983 2.035670
0.093773 0.276254 2.001140
0.012389 0.072715 1.954850
0.065072 -0.057465 1.849240
0.082243 -0.100512 1.816430
0.365208 0.273656 1.981440
0.441378 0.131605 1.908440
0.383063 0.287593 1.934260
0.345635 0.325805 1.938720
0.183376 -0.078543 1.918760
0.164691 -0.474590 1.919210
0.165108 -0.726869 1.918340
0.161070 -0.794251 1.896880
0.301636 -0.081531 1.937040
0.357709 -0.474586 1.959860
0.364835 -0.742632 1.963710
0.362279 -0.768578 1.884900
0.242096 -0.021796 1.946640
0.246182 0.035814 1.999580
0.250198 0.391886 2.061730
0.237207 0.563774 2.034960
0.093450 0.275968 2.000800
0.011882 0.072701 1.954690
0.064906 -0.057332 1.848980
0.082142 -0.100366 1.816210
0.364792 0.273829 1.981870
0.440806 0.132631 1.907830
0.383011 0.287723 1.934680
0.345682 0.326038 1.939100
0.183060 -0.078340 1.918420
0.164741 -0.474598 1.919140
0.165211 -0.726904 1.918230
0.160976 -0.794273 1.896850
0.301232 -0.081173 1.937170
0.357829 -0.474381 1.959960
0.364889 -0.742528 1.963640
0.361942 -0.769005 1.885840
0.241771 -0.021456 1.946490
0.245704 0.036231 1.999410
0.249331 0.392252 2.061640
0.235946 0.563528 2.034260
0.093128 0.275710 2.000580
0.011269 0.072572 1.954770
0.064722 -0.057227 1.848820
0.082021 -0.100240 1.816080
0.364217 0.273922 1.982040
0.440262 0.133502 1.907020
0.382807 0.287800 1.934990
0.345497 0.326208 1.939360
0.182648 -0.078186 1.918170
0.164764 -0.474584 1.919070
0.165275 -0.726910 1.918120
0.160952 -0.794114 1.896660
0.300621 -0.080839 1.937220
0.357920 -0.474202 1.960040
0.364914 -0.742449 1.963590
0.361538 -0.769396 1.886620
0.241274 -0.021128 1.946330
0.245178 0.036591 1.999250
0.248536 0.392506 2.061570
0.234724 0.563377 2.033650
0.092746 0.275511 2.000510
0.010438 0.072291 1.955340
0.064279 -0.057223 1.848940
0.081195 -0.100273 1.816530
0.363411 0.273965 1.981900
0.439536 0.134309 1.905770
0.382423 0.287829 1.935180
0.345067 0.326326 1.939500
0.182032 -0.078035 1.918000
0.164707 -0.474510 1.918980
0.164996 -0.726698 1.917850
0.157047 -0.768930 1.862150
0.299755 -0.080475 1.937160
0.357972 -0.474037 1.960090
0.364910 -0.742385 1.963550
0.361056 -0.769742 1.887260
0.240511 -0.020761 1.946150
0.244595 0.036920 1.999080
0.247780 0.392652 2.061530
0.233283 0.563381 2.033110
0.092095 0.275359 2.000790
0.009180 0.071878 1.956970
0.063376 -0.057245 1.849520
0.079404 -0.100296 1.817750
0.362267 0.274025 1.981250
0.438620 0.134979 1.904300
0.381860 0.287832 1.935220
0.344407 0.326413 1.939470
0.181091 -0.077853 1.917940
0.164482 -0.474325 1.918870
0.164319 -0.726231 1.917430
0.153363 -0.755268 1.844110
0.298474 -0.079969 1.936880
0.357979 -0.473873 1.960110
0.364873 -0.742340 1.963520
0.360368 -0.770097 1.887850
0.239463 -0.020516 1.945940
0.243951 0.037135 1.998910
0.247117 0.392698 2.061480
0.231710 0.563443 2.032650
0.091289 0.275213 2.001440
0.008060 0.071384 1.958920
0.062143 -0.057519 1.850620
0.078015 -0.100584 1.818940
0.360763 0.274104 1.980130
0.436835 0.135774 1.901440
0.380998 0.287823 1.935050
0.343403 0.326490 1.939230
0.179835 -0.077719 1.918070
0.164024 -0.474003 1.918740
0.163272 -0.725459 1.916920
0.151096 -0.748758 1.835940
0.296707 -0.079630 1.936370
0.357934 -0.473741 1.960100
0.364750 -0.742373 1.963560
0.359345 -0.770628 1.888530
0.238041 -0.020309 1.945710
0.243222 0.037291 1.998710
0.246481 0.392655 2.061420
0.230117 0.563588 2.032260
0.090215 0.275182 2.002700
0.007209 0.070886 1.961010
0.060419 -0.058198 1.852430
0.074377 -0.102216 1.822610
0.358269 0.273825 1.977790
0.434812 0.137019 1.896170
0.379509 0.287714 1.934320
0.341731 0.326469 1.938390
0.178271 -0.077578 1.918330
0.162673 -0.473051 1.918590
0.161961 -0.724493 1.916330
0.149377 -0.744750 1.831020
0.294365 -0.079237 1.935640
0.357799 -0.473590 1.960030
0.364299 -0.742557 1.963780
0.341940 -0.793762 1.935220
0.236066 -0.020355 1.945400
0.242273 0.037283 1.998450
0.245895 0.392548 2.061350
0.228628 0.563828 2.031930
0.089106 0.275280 2.004400
0.006616 0.070365 1.963530
0.058774 -0.058889 1.854490
0.072515 -0.103012 1.824690
0.355449 0.273441 1.974860
0.431483 0.137736 1.889860
0.377536 0.287503 1.933030
0.339576 0.326342 1.937000
0.176067 -0.077637 1.919030
0.160915 -0.471847 1.918470
0.160618 -0.723517 1.915730
0.147688 -0.742061 1.827940
0.291118 -0.079064 1.934320
0.357552 -0.473440 1.959890
0.363706 -0.742836 1.964140
0.329157 -0.806996 1.964070
0.233915 -0.020546 1.945090
0.241322 0.037179 1.998170
0.245394 0.392418 2.061280
0.227084 0.564161 2.031710
0.087829 0.275592 2.006920
0.006198 0.070033 1.967680
0.056363 -0.059553 1.857460
0.069841 -0.103750 1.827390
0.352620 0.273031 1.971580
0.428495 0.137951 1.884770
0.370025 0.286943 1.925320
0.335367 0.326145 1.932890
0.173570 -0.077808 1.920000
0.158968 -0.470512 1.918390
0.159458 -0.722657 1.915260
0.145661 -0.740596 1.826760
0.287778 -0.079032 1.932730
0.357117 -0.473363 1.959640
0.362689 -0.743553 1.964940
0.323067 -0.812223 1.975480
0.231581 -0.020800 1.944720
0.240278 0.037000 1.997830
0.244948 0.392233 2.061200
0.225615 0.564538 2.031590
0.086584 0.275886 2.009830
0.006159 0.069742 1.971690
0.053952 -0.060224 1.860480
0.067126 -0.104472 1.830060
0.350013 0.272892 1.968740
0.422657 0.144677 1.866560
0.366071 0.286805 1.922800
0.330882 0.326087 1.930180
0.170879 -0.077948 1.921170
0.155653 -0.467918 1.918180
0.158381 -0.721844 1.914850
0.143395 -0.740139 1.827180
0.284256 -0.078987 1.930820
0.356329 -0.473234 1.959190
0.361144 -0.744599 1.966090
0.319066 -0.815381 1.982380
0.229529 -0.021171 1.944390
0.239334 0.036726 1.997500
0.244634 0.391980 2.061100
0.224450 0.564827 2.031520
0.085594 0.276217 2.012600
0.006426 0.069666 1.975530
0.051746 -0.060785 1.863560
0.064603 -0.105083 1.832770
0.347965 0.272835 1.966470
0.415687 0.147316 1.855110
0.354327 0.285018 1.917960
0.323197 0.325091 1.926560
0.168477 -0.078194 1.922330
0.152479 -0.465351 1.918070
0.157339 -0.721103 1.914540
0.141071 -0.740407 1.828680
0.281471 -0.079126 1.929160
0.355015 -0.473051 1.958490
0.359234 -0.745903 1.967480
0.315742 -0.817246 1.986500
0.227685 -0.021605 1.944090
0.238521 0.036400 1.997180
0.244426 0.391651 2.061000
0.223524 0.565062 2.031490
0.084829 0.276577 2.015510
0.006922 0.069678 1.978920
0.049675 -0.061539 1.867020
0.062121 -0.105978 1.836040
0.345790 0.272664 1.964130
0.412078 0.148274 1.849460
0.348663 0.283969 1.915370
0.316082 0.323824 1.923140
0.166397 -0.078436 1.923430
0.149858 -0.463307 1.918070
0.156294 -0.720403 1.914290
0.138619 -0.741053 1.830750
0.279068 -0.079345 1.927650
0.353379 -0.472958 1.957660
0.357442 -0.747200 1.968830
0.312570 -0.817434 1.987750
0.226168 -0.021993 1.943850
0.237873 0.036097 1.996900
0.244352 0.391293 2.060910
0.222798 0.565256 2.031470
0.084382 0.276995 2.018200
0.007747 0.069928 1.982380
0.047753 -0.061986 1.870180
0.059710 -0.106523 1.838960
0.344140 0.272768 1.962170
0.409881 0.148997 1.845920
0.342853 0.282716 1.913290
0.310744 0.322822 1.920850
0.164638 -0.078630 1.924460
0.147749 -0.461708 1.918100
0.155402 -0.719819 1.914120
0.136480 -0.741832 1.832860
0.277185 -0.079548 1.926410
0.351785 -0.472905 1.956860
0.355858 -0.748333 1.970040
0.309997 -0.816536 1.987170
0.224914 -0.022345 1.943660
0.237340 0.035805 1.996650
0.244349 0.390900 2.060800
0.222288 0.565381 2.031440
0.084254 0.277660 2.020980
0.008625 0.070324 1.985590
0.046111 -0.062112 1.872820
0.057616 -0.106682 1.841320
0.342837 0.272881 1.960580
0.407758 0.149080 1.843670
0.340075 0.282332 1.911880
0.307642 0.322437 1.919140
0.163237 -0.078768 1.925320
0.146081 -0.460411 1.918160
0.154597 -0.719314 1.914010
0.134624 -0.742583 1.834800
0.275722 -0.079729 1.925440
0.350255 -0.472881 1.956120
0.354570 -0.749252 1.971040
0.308208 -0.815192 1.985750
0.223907 -0.022650 1.943520
0.236923 0.035540 1.996430
0.244502 0.390417 2.060670
0.221912 0.565484 2.031410
0.084288 0.278431 2.023620
0.009486 0.070703 1.988180
0.044778 -0.062210 1.875170
0.055866 -0.106819 1.843450
0.341863 0.273005 1.959260
0.406556 0.149213 1.842160
0.337519 0.281788 1.910770
0.304682 0.321872 1.917700
0.162047 -0.078885 1.926150
0.144809 -0.459416 1.918230
0.153845 -0.718894 1.913960
0.132975 -0.743306 1.836570
0.274610 -0.079897 1.924690
0.348887 -0.472900 1.955470
0.353518 -0.750017 1.971890
0.307009 -0.813772 1.983980
0.223102 -0.022892 1.943420
0.236595 0.035317 1.996250
0.244806 0.389915 2.060460
0.221642 0.565636 2.031360
0.084467 0.279229 2.025900
0.010252 0.071049 1.990200
0.043738 -0.062233 1.877110
0.054474 -0.106869 1.845200
0.341153 0.273125 1.958250
0.405396 0.148586 1.842080
0.336010 0.281611 1.909810
0.302808 0.321661 1.916470
0.161034 -0.078937 1.926970
0.143827 -0.458626 1.918300
0.153202 -0.718549 1.913940
0.131691 -0.743899 1.838000
0.273743 -0.080022 1.924080
0.347705 -0.472929 1.954920
0.352650 -0.750664 1.972600
0.306232 -0.812494 1.982200
0.222486 -0.023085 1.943350
0.236351 0.035126 1.996110
0.245917 0.389070 2.059970
0.221608 0.565799 2.031270
0.084746 0.279943 2.027680
0.010922 0.071353 1.991750
0.043072 -0.062274 1.878890
0.053554 -0.106953 1.846850
0.340673 0.273232 1.957370
0.405609 0.148564 1.842060
0.335294 0.281682 1.909000
0.301717 0.321667 1.915460
0.160224 -0.078964 1.927810
0.143086 -0.458021 1.918380
0.152664 -0.718271 1.913960
0.130695 -0.744381 1.839150
0.273102 -0.080120 1.923620
0.346720 -0.472958 1.954480
0.351942 -0.751208 1.973220
0.305713 -0.811469 1.980850
0.222049 -0.023235 1.943320
0.236191 0.034957 1.996000
0.247461 0.388025 2.059400
0.222277 0.565679 2.030970
0.085098 0.280564 2.029050
0.011511 0.071633 1.992960
0.042629 -0.062420 1.880820
0.052886 -0.107203 1.848840
0.340423 0.273324 1.956610
0.406343 0.146992 1.844530
0.334543 0.281554 1.907700
0.300498 0.321476 1.914100
0.159642 -0.078983 1.928590
0.142521 -0.457550 1.918460
0.152213 -0.718046 1.913980
0.129942 -0.744760 1.840040
0.272652 -0.080198 1.923280
0.345899 -0.472990 1.954140
0.351329 -0.751672 1.973740
0.305426 -0.810735 1.979740
0.221736 -0.023337 1.943300
0.236087 0.034840 1.995920
0.249231 0.387292 2.058650
0.223487 0.566070 2.030810
0.085535 0.281110 2.030080
0.011988 0.071871 1.993870
0.042210 -0.062572 1.882480
0.052235 -0.107468 1.850600
0.340394 0.273440 1.955950
0.408402 0.145476 1.848000
0.334093 0.281460 1.906940
0.299698 0.321315 1.913040
0.159230 -0.078946 1.929290
0.142085 -0.457154 1.918550
0.151838 -0.717865 1.914010
0.129390 -0.745052 1.840710
0.272334 -0.080250 1.923040
0.345217 -0.473004 1.953880
0.350837 -0.752063 1.974200
0.305315 -0.810196 1.978850
0.221525 -0.023414 1.943310
0.236041 0.034737 1.995860
0.250807 0.386675 2.057990
0.225371 0.566413 2.030580
0.086030 0.281626 2.030840
0.012380 0.072093 1.994560
0.041847 -0.062697 1.883910
0.051651 -0.107707 1.852150
0.340871 0.273618 1.955240
0.410323 0.143267 1.852090
0.334022 0.281377 1.905930
0.299236 0.321154 1.911730
0.158985 -0.078877 1.929970
0.141741 -0.456738 1.918680
0.151529 -0.717719 1.914060
0.128989 -0.745280 1.841250
0.272157 -0.080316 1.922890
0.344675 -0.473020 1.953690
0.350449 -0.752378 1.974580
0.305343 -0.809838 1.978210
0.221408 -0.023476 1.943370
0.236058 0.034644 1.995840
0.252267 0.386168 2.057390
0.228241 0.567026 2.030290
0.086671 0.282152 2.031340
0.012697 0.072276 1.995060
0.041667 -0.062717 1.884880
0.051349 -0.107777 1.853140
0.342056 0.273632 1.954550
0.413146 0.139522 1.858360
0.334439 0.281089 1.904720
0.299215 0.320780 1.910240
0.158868 -0.078797 1.930590
0.141505 -0.456393 1.918840
0.151296 -0.717620 1.914140
0.128743 -0.745498 1.841740
0.272170 -0.080405 1.922840
0.344270 -0.473044 1.953580
0.350159 -0.752636 1.974890
0.305510 -0.809604 1.977700
0.221575 -0.023437 1.943640
0.236303 0.034596 1.995940
0.254390 0.385649 2.056900
0.232188 0.567369 2.029990
0.087471 0.282696 2.031560
0.012952 0.072453 1.995450
0.041599 -0.062677 1.885660
0.051202 -0.107772 1.853920
0.344981 0.273129 1.954200
0.416856 0.133532 1.867470
0.335734 0.280327 1.903420
0.299955 0.319967 1.908710
0.158916 -0.078647 1.931160
0.141373 -0.456084 1.919030
0.151107 -0.717554 1.914250
0.128665 -0.745703 1.842150
0.272799 -0.080493 1.923260
0.343957 -0.473060 1.953520
0.349940 -0.752842 1.975140
0.305730 -0.809438 1.977290
0.222106 -0.023174 1.944170
0.236718 0.034668 1.996200
0.256475 0.385224 2.056570
0.237014 0.567622 2.029690
0.088537 0.283276 2.031420
0.013176 0.072649 1.995740
0.041572 -0.062609 1.886320
0.051115 -0.107733 1.854580
0.352596 0.271293 1.954970
0.420431 0.127128 1.874980
0.339238 0.278714 1.902590
0.302635 0.318361 1.907610
0.159072 -0.078428 1.931680
0.141364 -0.455822 1.919300
0.150939 -0.717526 1.914380
0.128827 -0.745942 1.842540
0.274116 -0.080537 1.924230
0.343727 -0.473074 1.953500
0.349777 -0.753008 1.975350
0.306036 -0.809348 1.976970
0.223194 -0.022575 1.945040
0.237412 0.034939 1.996670
0.258186 0.384928 2.056320
0.241370 0.568098 2.029280
0.089996 0.283836 2.030810
0.013398 0.072981 1.995980
0.041584 -0.062471 1.886960
0.051083 -0.107627 1.855260
0.359426 0.270447 1.956740
0.425634 0.118005 1.895680
0.342918 0.276855 1.901850
0.305649 0.316484 1.906600
0.159548 -0.078019 1.932200
0.141535 -0.455656 1.919730
0.150796 -0.717589 1.914620
0.129313 -0.746316 1.843000
0.276432 -0.080343 1.926040
0.343576 -0.473306 1.953680
0.349665 -0.753141 1.975520
0.306372 -0.809291 1.976720
0.225144 -0.021350 1.946530
0.238515 0.035600 1.997550
0.259545 0.384720 2.056160
0.246542 0.568422 2.029170
0.091600 0.284359 2.029860
0.013632 0.073656 1.996180
0.041607 -0.062229 1.887740
0.051062 -0.107440 1.856160
0.367420 0.269985 1.959850
0.431538 0.111798 1.916450
0.347689 0.274586 1.901660
0.309841 0.314172 1.906140
0.160404 -0.077366 1.932690
0.141900 -0.455585 1.920300
0.150670 -0.717727 1.914960
0.130142 -0.746784 1.843510
0.280308 -0.079869 1.929420
0.343491 -0.473536 1.953940
0.349597 -0.753254 1.975680
0.306788 -0.809283 1.976550
0.227775 -0.019597 1.948560
0.239911 0.036720 1.998910
0.260601 0.384639 2.056100
0.250919 0.568996 2.029190
0.093436 0.284989 2.028500
0.013878 0.074479 1.996320
0.041821 -0.061866 1.888490
0.051311 -0.107118 1.857060
0.375257 0.270009 1.964930
0.438345 0.100431 1.953110
0.451161 0.228042 2.071780
0.412735 0.267198 2.075750
0.161835 -0.076326 1.933200
0.142468 -0.455656 1.921060
0.150559 -0.717926 1.915400
0.131452 -0.747331 1.844060
0.284975 -0.079181 1.933800
0.343487 -0.473769 1.954300
0.349567 -0.753351 1.975850
0.307248 -0.809303 1.976430
0.231513 -0.017261 1.951370
0.241835 0.038369 2.000920
0.261258 0.384654 2.056130
0.255267 0.569950 2.029250
0.095450 0.285754 2.026830
0.014249 0.075540 1.996340
0.042397 -0.061244 1.889190
0.052052 -0.106491 1.857900
0.380971 0.270303 1.969220
0.440654 0.098307 1.970200
0.497426 0.199616 2.157900
0.458616 0.238608 2.161500
0.164799 -0.074667 1.933910
0.143127 -0.455788 1.921880
0.150464 -0.718172 1.915890
0.132896 -0.747888 1.844600
0.291303 -0.078042 1.939680
0.343585 -0.474000 1.954800
0.349580 -0.753436 1.976010
0.307739 -0.809342 1.976350
0.235486 -0.015251 1.954370
0.243903 0.040009 2.003240
0.261710 0.384755 2.056260
0.258955 0.571237 2.029430
0.097367 0.286503 2.025090
0.014589 0.076581 1.996320
0.043150 -0.060522 1.889850
0.053058 -0.105738 1.858710
0.385257 0.270368 1.973490
0.446419 0.083757 2.007420
0.532227 0.158474 2.239420
0.493418 0.197358 2.242930
0.168753 -0.073078 1.934700
0.143968 -0.456081 1.922870
0.150372 -0.718518 1.916550
0.134538 -0.748506 1.845240
0.297494 -0.077435 1.945770
0.343850 -0.474347 1.955520
0.349675 -0.753509 1.976210
0.308279 -0.809363 1.976270
0.239009 -0.014021 1.957030
0.245748 0.041255 2.005420
0.261977 0.384967 2.056460
0.262623 0.572791 2.029810
0.099025 0.287154 2.023440
0.014899 0.077438 1.996250
0.044088 -0.059798 1.890420
0.054351 -0.104958 1.859440
0.388480 0.269350 1.977300
0.448833 0.075938 2.026620
0.546517 0.143961 2.271640
0.507664 0.182802 2.275080
0.172609 -0.072125 1.935330
0.145616 -0.458336 1.924840
0.150318 -0.718978 1.917410
0.136351 -0.749189 1.846010
0.302919 -0.077981 1.951490
0.344442 -0.475192 1.956720
0.349837 -0.753569 1.976440
0.308859 -0.809384 1.976210
0.241934 -0.013589 1.959310
0.247225 0.042033 2.007320
0.261961 0.385365 2.056740
0.266436 0.574238 2.030360
0.100609 0.287748 2.021740
0.015188 0.078154 1.996160
0.045021 -0.059153 1.890920
0.055622 -0.104277 1.860090
0.392317 0.262169 1.981030
0.449253 0.067005 2.047470
0.552075 0.132722 2.293960
0.513349 0.171578 2.297410
0.176008 -0.071896 1.935830
0.147025 -0.460420 1.926610
0.150283 -0.719605 1.918520
0.138223 -0.749974 1.846950
0.307359 -0.079805 1.956600
0.345685 -0.477956 1.958950
0.350055 -0.753621 1.976680
0.309479 -0.809417 1.976170
0.247586 -0.011363 1.964120
0.247729 0.043961 2.010290
0.261735 0.385914 2.057050
0.271981 0.575799 2.031730
0.102064 0.288377 2.020120
0.015537 0.078720 1.996020
0.045759 -0.058711 1.891290
0.056552 -0.103848 1.860560
0.406755 0.310325 2.068300
0.444537 0.083406 2.066410
0.547655 0.126676 2.304400
0.526939 0.157208 2.327840
0.183110 -0.070709 1.938750
0.148204 -0.462340 1.928220
0.151221 -0.721702 1.921380
0.152951 -0.775668 1.881770
0.313014 -0.079731 1.962480
0.346922 -0.480746 1.961150
0.350421 -0.753661 1.976960
0.310429 -0.809513 1.976120
0.252840 -0.009920 1.968390
0.248590 0.045535 2.013140
0.261441 0.386486 2.057320
0.278658 0.576943 2.033320
0.104006 0.289038 2.018100
0.015893 0.079228 1.995880
0.046420 -0.058342 1.891620
0.057355 -0.103509 1.860970
0.408346 0.320903 2.101810
0.443179 0.085079 2.073730
0.534548 0.126884 2.300390
0.503180 0.161613 2.313050
0.191271 -0.070004 1.942050
0.149316 -0.464214 1.929830
0.152570 -0.724277 1.924770
0.158942 -0.787373 1.896710
0.317839 -0.079553 1.967760
0.348099 -0.483291 1.963170
0.350891 -0.753680 1.977230
0.311911 -0.809778 1.976100
0.257385 -0.008670 1.971820
0.249723 0.047070 2.015720
0.261046 0.387232 2.057420
0.284413 0.578028 2.034990
0.105647 0.289667 2.016360
0.016262 0.079723 1.995740
0.049600 -0.056705 1.891740
0.059752 -0.102420 1.861110
0.410065 0.326625 2.116230
0.441145 0.086213 2.076120
0.521384 0.127999 2.290160
0.484350 0.165228 2.295910
0.197763 -0.069427 1.944510
0.150375 -0.465992 1.931490
0.153848 -0.726466 1.927700
0.161884 -0.793196 1.904280
0.322308 -0.078928 1.972430
0.349102 -0.485161 1.964880
0.351551 -0.753710 1.977520
0.313321 -0.809990 1.976100
0.261045 -0.007490 1.974520
0.250924 0.048642 2.018040
0.260584 0.388193 2.057390
0.292287 0.579240 2.037620
0.107646 0.290505 2.014420
0.016781 0.080468 1.995640
0.051672 -0.055451 1.891860
0.062576 -0.100905 1.861200
0.410235 0.321936 2.119300
0.440390 0.085071 2.077130
0.513451 0.125493 2.281340
0.474345 0.163613 2.284250
0.202421 -0.068870 1.946100
0.151482 -0.467599 1.933240
0.156019 -0.729459 1.931620
0.163555 -0.796589 1.908670
0.326156 -0.078089 1.976750
0.350040 -0.486350 1.966470
0.352286 -0.753736 1.977790
0.314951 -0.810297 1.976150
0.264414 -0.006173 1.976950
0.252433 0.050440 2.020330
0.260120 0.389354 2.057260
0.299535 0.580482 2.040430
0.109587 0.291345 2.012570
0.017425 0.081301 1.995570
0.054101 -0.053918 1.891830
0.066032 -0.098933 1.861040
0.410185 0.315395 2.118110
0.439947 0.083108 2.076060
0.508108 0.123604 2.274060
0.468107 0.162322 2.275820
0.206216 -0.068292 1.947250
0.153065 -0.469246 1.935530
0.157830 -0.731883 1.934700
0.163907 -0.798628 1.911180
0.329869 -0.076828 1.981130
0.351061 -0.487235 1.968130
0.353022 -0.753764 1.978050
0.316738 -0.810718 1.976250
0.267445 -0.004800 1.979110
0.254105 0.052338 2.022460
0.259707 0.390746 2.056950
0.308127 0.581505 2.043880
0.111940 0.292504 2.010550
0.018419 0.082595 1.995490
0.057096 -0.051885 1.891720
0.070240 -0.096349 1.860770
0.409482 0.307928 2.111640
0.439750 0.081011 2.073850
0.504548 0.122448 2.268300
0.464145 0.161553 2.269690
0.209510 -0.067611 1.948190
0.154997 -0.470967 1.938250
0.160224 -0.734119 1.937730
0.161676 -0.798375 1.911540
0.333146 -0.075357 1.985190
0.352136 -0.487738 1.969960
0.353848 -0.753823 1.978320
0.319168 -0.811466 1.976470
0.270600 -0.003118 1.981460
0.256317 0.054565 2.024800
0.259649 0.392141 2.056470
0.315722 0.582066 2.047220
0.114476 0.293977 2.008580
0.019754 0.084396 1.995530
0.060142 -0.049640 1.891710
0.074307 -0.093653 1.860650
0.409586 0.304176 2.106900
0.439978 0.079707 2.071750
0.502499 0.122242 2.264250
0.461869 0.161541 2.265550
0.212609 -0.066749 1.949290
0.157020 -0.472731 1.941220
0.162885 -0.736204 1.940790
0.159407 -0.796973 1.910910
0.336336 -0.073505 1.989340
0.353580 -0.488077 1.972330
0.355351 -0.753879 1.978780
0.322762 -0.812402 1.976620
