0.124296 -0.038317 1.874590
0.129324 0.013519 1.878650
0.134593 0.275804 1.872710
0.061080 0.442802 1.810200
-0.015340 0.161764 1.963870
-0.028571 -0.037581 1.932510
-0.001390 -0.243572 1.881200
-0.011175 -0.316400 1.879140
0.236588 0.163666 1.793530
0.230069 0.037469 1.689010
0.167198 0.172359 1.738300
0.139519 0.207178 1.759990
0.079232 -0.105978 1.894150
0.118756 -0.501774 1.917380
0.157823 -0.729124 1.940750
0.119680 -0.758444 1.885780
0.165890 -0.095449 1.847530
0.255338 -0.460763 1.782320
0.298913 -0.662301 1.746820
0.262313 -0.692656 1.692870
0.128934 -0.038169 1.869600
0.133530 0.013444 1.874370
0.137708 0.274640 1.871350
0.069139 0.442954 1.805780
-0.013953 0.160799 1.958250
-0.026466 -0.041693 1.927610
0.002070 -0.246997 1.874850
-0.010346 -0.313648 1.873390
0.243475 0.164133 1.792130
0.239364 0.037837 1.686740
0.176266 0.172052 1.737360
0.148539 0.206864 1.758970
0.082756 -0.106916 1.886570
0.119753 -0.502483 1.912940
0.157603 -0.728183 1.938740
0.120809 -0.757398 1.882800
0.172165 -0.095342 1.843890
0.260377 -0.462644 1.780600
0.299114 -0.665513 1.749650
0.263576 -0.695401 1.694810
0.134690 -0.038832 1.863440
0.139247 0.012702 1.869040
0.142963 0.273411 1.868460
0.076837 0.442719 1.801440
-0.010495 0.160173 1.950120
-0.024088 -0.044816 1.922910
0.004364 -0.249328 1.870390
-0.007850 -0.310802 1.866650
0.250935 0.164237 1.789910
0.253093 0.040193 1.679760
0.188090 0.172597 1.734270
0.160325 0.207386 1.755810
0.087098 -0.108539 1.878770
0.121771 -0.503880 1.907470
0.157532 -0.727065 1.936510
0.122082 -0.756168 1.879660
0.179068 -0.095994 1.839190
0.265341 -0.464924 1.778990
0.298977 -0.669232 1.752880
0.264542 -0.698652 1.697090
0.141172 -0.039833 1.856630
0.146009 0.011685 1.863370
0.149967 0.272422 1.864900
0.086870 0.442214 1.795760
-0.004199 0.159732 1.939110
-0.020681 -0.047383 1.917430
0.006071 -0.251164 1.866750
-0.003064 -0.319760 1.856590
0.260237 0.164344 1.785680
0.269386 0.042472 1.671240
0.202246 0.173278 1.729380
0.174455 0.208038 1.750850
0.092089 -0.110162 1.870890
0.124373 -0.505409 1.901280
0.157686 -0.725937 1.934000
0.123520 -0.754923 1.876330
0.186583 -0.097117 1.833270
0.269458 -0.467132 1.777810
0.298913 -0.672659 1.755750
0.265440 -0.701721 1.699160
0.148928 -0.040066 1.848520
0.154519 0.011347 1.856520
0.159730 0.272098 1.859400
0.096102 0.441781 1.790580
0.000611 0.159048 1.931040
-0.015973 -0.049785 1.910730
0.007865 -0.253045 1.863020
0.001198 -0.326093 1.847770
0.269327 0.164513 1.780710
0.285168 0.044724 1.663090
0.216572 0.174172 1.723560
0.188764 0.208902 1.744990
0.097987 -0.110302 1.862200
0.127708 -0.505708 1.893580
0.158125 -0.724777 1.930910
0.125080 -0.753685 1.872610
0.195466 -0.098550 1.825610
0.272657 -0.468755 1.776940
0.299057 -0.675233 1.758380
0.266317 -0.704071 1.701160
0.156098 -0.040115 1.841190
0.162566 0.011215 1.850380
0.169270 0.272272 1.853760
0.104151 0.441620 1.785790
0.006424 0.159150 1.923040
-0.009470 -0.050785 1.902450
0.009912 -0.254345 1.859050
0.004708 -0.329845 1.840940
0.277990 0.164845 1.775590
0.297430 0.047086 1.655900
0.229029 0.175482 1.717510
0.201209 0.210189 1.738900
0.103779 -0.110231 1.854610
0.130808 -0.504717 1.885240
0.158994 -0.723104 1.926240
0.127011 -0.751964 1.867470
0.203017 -0.099577 1.818660
0.275574 -0.470168 1.776160
0.299365 -0.677307 1.760720
0.267241 -0.706021 1.703040
0.163584 -0.039879 1.833730
0.170792 0.011286 1.844310
0.177810 0.272420 1.848290
0.112054 0.441574 1.780930
0.013794 0.160249 1.914660
-0.001992 -0.050173 1.893820
0.017509 -0.253747 1.849270
0.003176 -0.311851 1.834530
0.287962 0.165577 1.769260
0.307503 0.049461 1.648790
0.240241 0.177179 1.710850
0.212412 0.211867 1.732220
0.110475 -0.109765 1.846750
0.133740 -0.503315 1.878100
0.160360 -0.721302 1.921130
0.129250 -0.750133 1.862060
0.210762 -0.100254 1.811280
0.278413 -0.471567 1.775480
0.299989 -0.679246 1.763360
0.268430 -0.707897 1.705290
0.170532 -0.039315 1.826980
0.178486 0.011619 1.838830
0.185671 0.272532 1.842940
0.120362 0.441996 1.775880
0.020585 0.161938 1.907970
0.005395 -0.048454 1.886190
0.023666 -0.251931 1.839240
0.012257 -0.315815 1.823000
0.296625 0.166249 1.763300
0.321622 0.052493 1.641020
0.252664 0.179131 1.703270
0.224831 0.213805 1.724640
0.116834 -0.109050 1.840000
0.136579 -0.502083 1.871900
0.161705 -0.719872 1.916710
0.131132 -0.748709 1.857580
0.217834 -0.100500 1.804200
0.280875 -0.472652 1.774890
0.300885 -0.680693 1.765840
0.269761 -0.709322 1.707510
0.176555 -0.038854 1.821020
0.185305 0.011848 1.833940
0.193386 0.272457 1.837400
0.128402 0.442383 1.770730
0.027865 0.163716 1.901520
0.012503 -0.046504 1.879100
0.029037 -0.250345 1.831430
0.021216 -0.319066 1.813280
0.304153 0.166293 1.757770
0.335433 0.054613 1.634240
0.264530 0.180587 1.695940
0.236694 0.215252 1.717320
0.122428 -0.108291 1.834120
0.139749 -0.500116 1.865830
0.163276 -0.718574 1.912550
0.133063 -0.747417 1.853440
0.223717 -0.100725 1.798000
0.283169 -0.473410 1.774330
0.302010 -0.681624 1.768110
0.271239 -0.710244 1.709600
0.182240 -0.038461 1.815370
0.191862 0.012010 1.829090
0.201384 0.272117 1.831000
0.136011 0.442839 1.765800
0.034106 0.164889 1.896360
0.018898 -0.045059 1.873060
0.036977 -0.248363 1.821680
0.024052 -0.307444 1.807810
0.311190 0.166346 1.752210
0.344637 0.055302 1.629590
0.273917 0.181332 1.689840
0.246080 0.215993 1.711230
0.127789 -0.107572 1.828730
0.144495 -0.497181 1.859120
0.165132 -0.717418 1.908560
0.135066 -0.746288 1.849590
0.228955 -0.101009 1.792250
0.285786 -0.473846 1.773670
0.303457 -0.682080 1.770180
0.272925 -0.710708 1.711550
0.187761 -0.038025 1.809850
0.198181 0.012267 1.824270
0.208888 0.272185 1.824770
0.143387 0.443476 1.760950
0.042066 0.166058 1.890370
0.026113 -0.043616 1.867110
0.043542 -0.246842 1.813610
0.032383 -0.300209 1.801070
0.318113 0.166460 1.746450
0.350355 0.055267 1.626180
0.280924 0.181537 1.684950
0.253085 0.216196 1.706350
0.133059 -0.106734 1.823620
0.148670 -0.494574 1.853790
0.166857 -0.716554 1.904930
0.136839 -0.745437 1.846100
0.234009 -0.101203 1.786460
0.288846 -0.473821 1.772660
0.305025 -0.682044 1.771890
0.274643 -0.710685 1.713170
0.193442 -0.037579 1.804210
0.204787 0.012560 1.819150
0.217502 0.272481 1.817970
0.152546 0.443603 1.754190
0.049897 0.167243 1.885010
0.032803 -0.042185 1.862110
0.044164 -0.210431 1.807300
0.043186 -0.268450 1.794950
0.324400 0.165850 1.740680
0.355378 0.054399 1.622520
0.287093 0.181179 1.680150
0.259253 0.215841 1.701550
0.138398 -0.105864 1.818590
0.152738 -0.491943 1.848910
0.168602 -0.715572 1.901330
0.138481 -0.744467 1.842720
0.239037 -0.101170 1.780490
0.292251 -0.473266 1.771170
0.306793 -0.681522 1.773140
0.276409 -0.710196 1.714380
0.198518 -0.037248 1.799290
0.210701 0.012770 1.814620
0.225308 0.272778 1.812070
0.160749 0.443292 1.748020
0.059809 0.168684 1.878750
0.039961 -0.040546 1.857120
0.053697 -0.214293 1.797330
0.050055 -0.265887 1.788770
0.330289 0.165274 1.735220
0.358953 0.053122 1.619240
0.291967 0.180583 1.675970
0.264126 0.215248 1.697380
0.143191 -0.105087 1.814290
0.156479 -0.489305 1.844450
0.170617 -0.714351 1.897490
0.140319 -0.743250 1.839080
0.243415 -0.101070 1.775270
0.295789 -0.472397 1.769170
0.308995 -0.680596 1.773900
0.278515 -0.709317 1.715150
0.203867 -0.037303 1.794420
0.216726 0.012625 1.810110
0.232259 0.272793 1.806770
0.170751 0.442942 1.740510
0.069435 0.170098 1.872890
0.046568 -0.038938 1.852760
0.059992 -0.218714 1.791410
0.061681 -0.286332 1.774580
0.336354 0.164232 1.729530
0.361495 0.050963 1.615510
0.296066 0.179572 1.671950
0.268224 0.214241 1.693370
0.148484 -0.104677 1.810030
0.159769 -0.487417 1.840650
0.173029 -0.712768 1.893010
0.142474 -0.741670 1.834800
0.248033 -0.101185 1.770020
0.299590 -0.471873 1.766790
0.311140 -0.679932 1.774320
0.280489 -0.708697 1.715600
0.209437 -0.037588 1.789620
0.223090 0.012297 1.805370
0.240914 0.272826 1.800390
0.180338 0.442882 1.733550
0.077250 0.171191 1.868310
0.053243 -0.037567 1.848930
0.064545 -0.223137 1.787590
0.067033 -0.293558 1.768270
0.342108 0.163096 1.724150
0.363390 0.048547 1.611530
0.299566 0.178385 1.667960
0.271724 0.213059 1.689390
0.153920 -0.104511 1.805950
0.162813 -0.485597 1.836860
0.175562 -0.710117 1.886720
0.144681 -0.739014 1.828690
0.252579 -0.101416 1.765100
0.303550 -0.471854 1.764150
0.313290 -0.679573 1.774460
0.282399 -0.708364 1.715820
0.214278 -0.037745 1.785500
0.228535 0.012113 1.801200
0.247370 0.272791 1.795260
0.187620 0.442651 1.728150
0.083978 0.171590 1.864680
0.059667 -0.036925 1.845820
0.068566 -0.227782 1.784750
0.070529 -0.297987 1.764340
0.347420 0.161536 1.718190
0.365401 0.045270 1.606710
0.303064 0.176592 1.663480
0.275222 0.211271 1.684910
0.158822 -0.104207 1.802520
0.165688 -0.483370 1.832390
0.177479 -0.707706 1.880520
0.146089 -0.736642 1.822860
0.256662 -0.101555 1.760710
0.307922 -0.471659 1.760970
0.315597 -0.679053 1.774180
0.284220 -0.707912 1.715760
0.218616 -0.037678 1.781910
0.233396 0.012185 1.797320
0.253206 0.272839 1.790190
0.193391 0.442578 1.723620
0.091072 0.171950 1.861450
0.065701 -0.036311 1.843460
0.071458 -0.230967 1.783040
0.073201 -0.301438 1.761740
0.351747 0.160365 1.713040
0.367059 0.042647 1.602150
0.305996 0.174966 1.659030
0.278155 0.209650 1.680470
0.163358 -0.103804 1.799680
0.168008 -0.481019 1.827600
0.178531 -0.705438 1.874040
0.146561 -0.734413 1.816760
0.260255 -0.101407 1.756800
0.311752 -0.471228 1.758060
0.317778 -0.678359 1.773630
0.285820 -0.707338 1.715520
0.222753 -0.037413 1.778620
0.238049 0.012488 1.793470
0.259324 0.272913 1.784660
0.198190 0.442518 1.719520
0.097624 0.172246 1.858720
0.071453 -0.035800 1.841680
0.076417 -0.226809 1.784200
0.076419 -0.295218 1.763460
0.355842 0.159231 1.707560
0.368500 0.040017 1.597380
0.308731 0.173220 1.654460
0.280891 0.207908 1.675910
0.167637 -0.103276 1.797320
0.169640 -0.478715 1.822900
0.178628 -0.704059 1.868280
0.146047 -0.733049 1.811360
0.263572 -0.101061 1.753250
0.315516 -0.470383 1.755210
0.320066 -0.677294 1.772710
0.287405 -0.706463 1.715040
0.226609 -0.036992 1.775710
0.242239 0.012946 1.789870
0.264591 0.272923 1.779670
0.202570 0.442133 1.715270
0.103807 0.172538 1.856340
0.077210 -0.035332 1.840420
0.080104 -0.229102 1.783620
0.078037 -0.295664 1.762830
0.359660 0.158371 1.702430
0.369448 0.037665 1.593570
0.310921 0.171538 1.650320
0.283083 0.206230 1.671770
0.171553 -0.102662 1.795420
0.170698 -0.476830 1.818740
0.177052 -0.702640 1.861080
0.143708 -0.731644 1.804460
0.266752 -0.100613 1.749980
0.318641 -0.469492 1.752760
0.322260 -0.676124 1.771670
0.288905 -0.705483 1.714460
0.230174 -0.036431 1.773120
0.246045 0.013530 1.786430
0.269698 0.272785 1.774880
0.207162 0.441785 1.710500
0.109105 0.172855 1.854370
0.082548 -0.034884 1.839570
0.082204 -0.204413 1.795600
0.077942 -0.269192 1.773760
0.363536 0.157218 1.696770
0.370065 0.034916 1.589620
0.312934 0.169587 1.646150
0.285097 0.204281 1.667600
0.175027 -0.102016 1.793910
0.171347 -0.475445 1.815320
0.174844 -0.701339 1.854380
0.140708 -0.730353 1.798050
0.269675 -0.100074 1.747020
0.321081 -0.468626 1.750780
0.324183 -0.674945 1.770630
0.290169 -0.704477 1.713870
0.233120 -0.035843 1.771020
0.249122 0.014168 1.783380
0.274083 0.272710 1.770430
0.210591 0.441592 1.706650
0.113388 0.173271 1.853020
0.087362 -0.034359 1.839100
0.085615 -0.211669 1.795610
0.080560 -0.275489 1.774070
0.366525 0.156379 1.692140
0.370696 0.032928 1.585730
0.314700 0.167995 1.642090
0.286864 0.202692 1.663540
0.177959 -0.101402 1.792790
0.171721 -0.474412 1.812550
0.172419 -0.700027 1.848240
0.137543 -0.729074 1.792260
0.271999 -0.099534 1.744670
0.322995 -0.467842 1.749130
0.325779 -0.673862 1.769670
0.291172 -0.703551 1.713340
0.235872 -0.035307 1.769110
0.252028 0.014747 1.780230
0.279592 0.272199 1.765020
0.213785 0.441469 1.702830
0.117486 0.173803 1.851960
0.091610 -0.033739 1.839020
0.087789 -0.217786 1.795260
0.082327 -0.282266 1.773730
0.368867 0.155669 1.688100
0.371329 0.031281 1.582140
0.316183 0.166543 1.638180
0.288348 0.201241 1.659630
0.180672 -0.100792 1.791890
0.171908 -0.473683 1.810250
0.170532 -0.698981 1.843560
0.135014 -0.728063 1.787920
0.273995 -0.099089 1.742650
0.324516 -0.467115 1.747750
0.327179 -0.672839 1.768720
0.291998 -0.702667 1.712820
0.238213 -0.034949 1.767500
0.254402 0.015136 1.777330
0.283898 0.271728 1.760590
0.216365 0.441310 1.699510
0.121217 0.174290 1.851090
0.095282 -0.033186 1.839160
0.089302 -0.222653 1.794910
0.083626 -0.286883 1.773690
0.370869 0.154993 1.684370
0.371634 0.029857 1.578760
0.317517 0.165268 1.634960
0.289682 0.199968 1.656410
0.183003 -0.100328 1.791190
0.172003 -0.473193 1.808390
0.169161 -0.698130 1.839890
0.133116 -0.727253 1.784590
0.275644 -0.098774 1.741000
0.325641 -0.466594 1.746670
0.328295 -0.672072 1.767920
0.292611 -0.702008 1.712410
0.240178 -0.034691 1.766170
0.256282 0.015415 1.774750
0.287165 0.271312 1.757170
0.218407 0.441201 1.696620
0.124439 0.174692 1.850400
0.098764 -0.032734 1.839370
0.090438 -0.226427 1.794640
0.084770 -0.291264 1.773790
0.372685 0.154517 1.680970
0.371585 0.029184 1.574570
0.318628 0.164368 1.632190
0.290794 0.199069 1.653640
0.184980 -0.099968 1.790640
0.172027 -0.473185 1.806740
0.168180 -0.697427 1.837000
0.131707 -0.726594 1.782010
0.277014 -0.098541 1.739640
0.326539 -0.466011 1.745670
0.329244 -0.671255 1.767130
0.293109 -0.701274 1.711980
0.241891 -0.034481 1.765020
0.257884 0.015653 1.772370
0.290463 0.271039 1.753910
0.220388 0.441269 1.693770
0.127981 0.175214 1.849790
0.101858 -0.032190 1.839650
0.091322 -0.228886 1.794590
0.085639 -0.294564 1.773960
0.374145 0.154248 1.678040
0.371470 0.029207 1.570180
0.319147 0.163893 1.628310
0.291312 0.198596 1.649770
0.186803 -0.099596 1.790210
0.172013 -0.473412 1.805370
0.167515 -0.696641 1.834580
0.130644 -0.725868 1.779930
0.278119 -0.098360 1.738540
0.327190 -0.465525 1.744860
0.330025 -0.670561 1.766410
0.293470 -0.700641 1.711600
0.243255 -0.034336 1.764120
0.259096 0.015816 1.770340
0.293059 0.270769 1.751280
0.222303 0.441373 1.691000
0.131330 0.175745 1.849300
0.104628 -0.031624 1.840150
0.091981 -0.230516 1.794670
0.086367 -0.296912 1.774320
0.375529 0.154184 1.675010
0.371125 0.029271 1.566520
0.319383 0.163517 1.624920
0.291548 0.198222 1.646370
0.188307 -0.099277 1.789880
0.172010 -0.473836 1.804200
0.167040 -0.696018 1.832780
0.129819 -0.725295 1.778430
0.278960 -0.098225 1.737710
0.327688 -0.465089 1.744170
0.330661 -0.669955 1.765750
0.293714 -0.700081 1.711260
0.244319 -0.034234 1.763420
0.259996 0.015943 1.768610
0.295339 0.270660 1.748850
0.223920 0.441525 1.688650
0.135221 0.176596 1.848530
0.107372 -0.030768 1.840760
0.092461 -0.231486 1.794770
0.086912 -0.298650 1.774680
0.376604 0.154285 1.672260
0.370858 0.030693 1.561190
0.319115 0.163493 1.621180
0.291279 0.198198 1.642630
0.189578 -0.098968 1.789650
0.171995 -0.474383 1.803280
0.166659 -0.695529 1.831430
0.129122 -0.724838 1.777330
0.279586 -0.098123 1.737080
0.328073 -0.464549 1.743450
0.331211 -0.669283 1.765060
0.293868 -0.699438 1.710910
0.245192 -0.034156 1.762840
0.260699 0.016054 1.767030
0.297497 0.270637 1.746280
0.225331 0.441662 1.686560
0.138809 0.177357 1.847720
0.110018 -0.029920 1.841560
0.093012 -0.232266 1.795960
0.087447 -0.299216 1.775450
0.377549 0.154762 1.669480
0.370608 0.033243 1.555270
0.318420 0.163861 1.617380
0.290584 0.198567 1.638830
0.190678 -0.098664 1.789500
0.171987 -0.474691 1.802610
0.166319 -0.695080 1.830380
0.128461 -0.724403 1.776500
0.280063 -0.098041 1.736590
0.328329 -0.464033 1.742780
0.331659 -0.668672 1.764380
0.293937 -0.698851 1.710560
0.245920 -0.034073 1.762350
0.261245 0.016186 1.765580
0.299386 0.270659 1.743710
0.226454 0.441781 1.684780
0.141871 0.177991 1.847020
0.112392 -0.029141 1.842460
0.094028 -0.232902 1.797580
0.087819 -0.300226 1.776010
0.378446 0.155596 1.666310
0.370385 0.035912 1.549650
0.317310 0.164619 1.612990
0.290740 0.202637 1.631020
0.191678 -0.098318 1.789420
0.171971 -0.474858 1.802140
0.166025 -0.694704 1.829600
0.127812 -0.724009 1.775930
0.280431 -0.097967 1.736210
0.328458 -0.463471 1.742150
0.332043 -0.668095 1.763690
0.293934 -0.698302 1.710210
0.246506 -0.034002 1.761960
0.261651 0.016314 1.764280
0.301161 0.270750 1.740960
0.227306 0.441905 1.683290
0.144469 0.178445 1.846490
0.114517 -0.028493 1.843520
0.094949 -0.233285 1.799100
0.088366 -0.300192 1.777840
0.379259 0.156684 1.662680
0.370252 0.038722 1.543970
0.316004 0.165853 1.607830
0.290690 0.206942 1.622830
0.192540 -0.097993 1.789420
0.171948 -0.474944 1.801800
0.165731 -0.694439 1.829060
0.126994 -0.723705 1.775670
0.280705 -0.097905 1.735910
0.328450 -0.462522 1.741350
0.332356 -0.667578 1.763040
0.293859 -0.697809 1.709920
0.246994 -0.033926 1.761630
0.261950 0.016467 1.763060
0.302651 0.270938 1.738210
0.227934 0.441993 1.682090
0.146945 0.178900 1.846090
0.116454 -0.027821 1.844650
0.095930 -0.233356 1.800620
0.088927 -0.300175 1.779690
0.379963 0.157977 1.659160
0.370119 0.041668 1.538690
0.314522 0.167600 1.602310
0.290216 0.211120 1.615320
0.193344 -0.097650 1.789480
0.171898 -0.474951 1.801570
0.165414 -0.694187 1.828700
0.126026 -0.723398 1.775700
0.280910 -0.097838 1.735670
0.328358 -0.461615 1.740640
0.332617 -0.667064 1.762360
0.293711 -0.697319 1.709620
0.247383 -0.033859 1.761360
0.262145 0.016616 1.762010
0.303791 0.271192 1.735880
0.228422 0.442099 1.681090
0.149076 0.179254 1.845840
0.118135 -0.027230 1.845860
0.097181 -0.232058 1.805080
0.089726 -0.297769 1.783960
0.380403 0.159161 1.656280
0.369894 0.044269 1.534450
0.312886 0.169397 1.597280
0.289253 0.214296 1.609670
0.194078 -0.097299 1.789610
0.171795 -0.474831 1.801460
0.164920 -0.693979 1.828600
0.124683 -0.723188 1.776210
0.281059 -0.097772 1.735470
0.328240 -0.460831 1.740040
0.332829 -0.666605 1.761720
0.293525 -0.696875 1.709340
0.247697 -0.033789 1.761150
0.262263 0.016781 1.761090
0.304788 0.271577 1.733740
0.228808 0.442228 1.680250
0.150760 0.179534 1.845710
0.119575 -0.026705 1.847140
0.098272 -0.230771 1.808820
0.090442 -0.294457 1.789100
0.380587 0.160208 1.653960
0.369678 0.045787 1.531890
0.311365 0.170566 1.593640
0.288260 0.215991 1.606280
0.194747 -0.096916 1.789820
0.171603 -0.474524 1.801540
0.164041 -0.693628 1.828800
0.122836 -0.722809 1.777130
0.281158 -0.097686 1.735310
0.327934 -0.459511 1.739300
0.333003 -0.666142 1.761060
0.293295 -0.696422 1.709040
0.247954 -0.033710 1.760980
0.262315 0.016964 1.760270
0.305496 0.271964 1.731950
0.229101 0.442353 1.679540
0.152458 0.179959 1.845680
0.120901 -0.025992 1.848510
0.099233 -0.229226 1.812330
0.090796 -0.291875 1.792690
0.380525 0.161059 1.652010
0.369394 0.046922 1.529920
0.309997 0.171589 1.590560
0.287366 0.217255 1.603680
0.195509 -0.096250 1.790230
0.171303 -0.473944 1.801900
0.162798 -0.693310 1.829470
0.120538 -0.722521 1.778690
0.281213 -0.097589 1.735180
0.327607 -0.458257 1.738640
0.333135 -0.665702 1.760420
0.293010 -0.695980 1.708770
0.248170 -0.033612 1.760830
0.262308 0.017181 1.759520
0.305955 0.272380 1.730410
0.229312 0.442467 1.678990
0.153763 0.180304 1.845710
0.121990 -0.025373 1.849800
0.100092 -0.228811 1.815010
0.090981 -0.285715 1.797490
0.380164 0.161807 1.650320
0.369030 0.047756 1.528430
0.308845 0.172486 1.588040
0.286668 0.218228 1.601750
0.196267 -0.095457 1.790710
0.170918 -0.473173 1.802570
0.161157 -0.693071 1.830830
0.117912 -0.722378 1.781000
0.281221 -0.097468 1.735050
0.327292 -0.457180 1.738100
0.333238 -0.665296 1.759820
0.292705 -0.695570 1.708520
0.248340 -0.033522 1.760710
0.262251 0.017389 1.758860
0.306226 0.272813 1.729080
0.229427 0.442584 1.678540
0.154942 0.180751 1.845770
0.122955 -0.024635 1.851060
0.100775 -0.228353 1.817040
0.091160 -0.281004 1.801030
0.379579 0.162441 1.648930
0.368383 0.048452 1.527240
0.307780 0.173342 1.585960
0.286016 0.219061 1.600280
0.196903 -0.094763 1.791160
0.170485 -0.472264 1.803550
0.159058 -0.693097 1.833250
0.114977 -0.722570 1.784320
0.281143 -0.097291 1.734930
0.326967 -0.456244 1.737650
0.333317 -0.664895 1.759220
0.292380 -0.695166 1.708270
0.248475 -0.033422 1.760610
0.262142 0.017610 1.758270
0.306335 0.273207 1.728020
0.229458 0.442705 1.678190
0.155778 0.181093 1.845870
0.123720 -0.024026 1.852240
0.101298 -0.228036 1.818580
0.091196 -0.277852 1.803350
0.378823 0.162949 1.647760
0.367010 0.049123 1.526130
0.306674 0.174232 1.584170
0.285282 0.219880 1.599110
0.197414 -0.094154 1.791590
0.169960 -0.471173 1.804900
0.156913 -0.693156 1.836040
0.112260 -0.722773 1.787750
0.280999 -0.097042 1.734810
0.326597 -0.455442 1.737330
0.333389 -0.664511 1.758650
0.292069 -0.694781 1.708040
0.248563 -0.033330 1.760540
0.261963 0.017828 1.757760
0.306226 0.273628 1.727220
0.229360 0.442842 1.677920
0.156403 0.181389 1.845970
0.124257 -0.023505 1.853220
0.101486 -0.227792 1.820870
0.091089 -0.277847 1.805100
0.377924 0.163437 1.646890
0.364716 0.049982 1.525220
0.305336 0.175299 1.582580
0.284131 0.220944 1.598160
0.197795 -0.093645 1.792030
0.169324 -0.470068 1.806520
0.154196 -0.693542 1.839610
0.109206 -0.723297 1.791710
0.280763 -0.096770 1.734710
0.326226 -0.454789 1.737110
0.333453 -0.664175 1.758150
0.291796 -0.694447 1.707830
0.248601 -0.033191 1.760500
0.261665 0.018117 1.757320
0.305753 0.274209 1.726620
0.228782 0.443244 1.677940
0.156749 0.182203 1.846640
0.124521 -0.022603 1.854410
0.101376 -0.227230 1.822480
0.090628 -0.280370 1.806360
0.376706 0.164112 1.646430
0.360809 0.051591 1.524720
0.302087 0.176719 1.581130
0.278659 0.222451 1.597640
0.198042 -0.093177 1.792540
0.168537 -0.469017 1.808410
0.151106 -0.694211 1.843460
0.105931 -0.724080 1.795780
0.280428 -0.096421 1.734600
0.325818 -0.454208 1.736970
0.333503 -0.663890 1.757720
0.291543 -0.694160 1.707660
0.248555 -0.032973 1.760510
0.261231 0.018481 1.756980
0.305051 0.274905 1.726310
0.227677 0.443858 1.678300
0.156116 0.183109 1.848110
0.124382 -0.021919 1.855700
0.099992 -0.225875 1.825450
0.090427 -0.280526 1.807560
0.375353 0.164884 1.646390
0.357250 0.053143 1.524780
0.281642 0.193824 1.579220
0.253828 0.243682 1.598430
0.198114 -0.092786 1.793170
0.167630 -0.468108 1.810420
0.148309 -0.694915 1.846860
0.103176 -0.724838 1.799150
0.279956 -0.095994 1.734540
0.325391 -0.453773 1.736910
0.333539 -0.663654 1.757370
0.291330 -0.693917 1.707510
0.248264 -0.032630 1.760670
0.260418 0.018972 1.756810
0.303486 0.275990 1.726600
0.225678 0.444803 1.679420
0.154207 0.184156 1.850560
0.123635 -0.021266 1.857350
0.098126 -0.225405 1.827310
0.089640 -0.281548 1.808660
0.373674 0.165679 1.646820
0.353911 0.054623 1.525170
0.272534 0.200908 1.578300
0.244209 0.251247 1.598460
0.197926 -0.092446 1.793980
0.166502 -0.467357 1.812550
0.145548 -0.695850 1.850130
0.100574 -0.725787 1.802270
0.279126 -0.095448 1.734650
0.324954 -0.453419 1.736900
0.333561 -0.663491 1.757110
0.291157 -0.693745 1.707400
0.247265 -0.031541 1.761370
0.258601 0.020196 1.757170
0.298838 0.277910 1.728840
0.222145 0.446193 1.682110
0.151302 0.185419 1.853500
0.121148 -0.020166 1.860280
0.096042 -0.224806 1.828930
0.088868 -0.282256 1.809490
0.371933 0.168548 1.648830
0.350205 0.057840 1.527810
0.267788 0.202848 1.577050
0.238717 0.251578 1.596440
0.197292 -0.091981 1.795160
0.165153 -0.466728 1.814710
0.142788 -0.696938 1.853150
0.098262 -0.726837 1.804880
0.277863 -0.094458 1.735100
0.324418 -0.453007 1.736960
0.333579 -0.663365 1.756910
0.291049 -0.693618 1.707310
0.245655 -0.030469 1.762440
0.255992 0.021374 1.758020
0.292959 0.279653 1.732160
0.217714 0.447865 1.686200
0.148351 0.186573 1.855970
0.118430 -0.019110 1.862860
0.094236 -0.224274 1.830150
0.087558 -0.283021 1.810370
0.368584 0.171019 1.651930
0.346720 0.060417 1.530300
0.264269 0.203759 1.576220
0.235009 0.250668 1.594870
0.196133 -0.091592 1.796620
0.163691 -0.466300 1.816790
0.140351 -0.697944 1.855650
0.096178 -0.727827 1.807070
0.276173 -0.093413 1.735830
0.323826 -0.452609 1.737110
0.333567 -0.663259 1.756760
0.290922 -0.693503 1.707230
0.242648 -0.029132 1.764420
0.251967 0.022732 1.759860
0.286737 0.281192 1.736640
0.212051 0.449419 1.691460
0.143984 0.187581 1.858750
0.114864 -0.018316 1.865290
0.091915 -0.223909 1.831220
0.086018 -0.283860 1.811130
0.364300 0.173289 1.655980
0.342900 0.062623 1.533620
0.259168 0.203625 1.579430
0.229903 0.249268 1.598460
0.193222 -0.091105 1.799110
0.161858 -0.466074 1.818950
0.137973 -0.699007 1.857850
0.094201 -0.728836 1.808930
0.273366 -0.092073 1.737260
0.323002 -0.451982 1.737460
0.333535 -0.663187 1.756650
0.290798 -0.693419 1.707170
0.237979 -0.027952 1.767450
0.246164 0.023883 1.762950
0.278220 0.282432 1.743480
0.205043 0.450421 1.697850
0.137950 0.188118 1.862000
0.109058 -0.017913 1.868090
0.087392 -0.223849 1.832660
0.083508 -0.285025 1.812270
0.357396 0.174751 1.661120
0.338307 0.063758 1.537760
0.248882 0.192366 1.587530
0.217910 0.231015 1.608400
0.188985 -0.090663 1.802200
0.159078 -0.466312 1.821480
0.135566 -0.700120 1.859840
0.092088 -0.729915 1.810670
0.269221 -0.090762 1.739550
0.321969 -0.451441 1.738040
0.333392 -0.663172 1.756660
0.290551 -0.693392 1.707220
0.230751 -0.027011 1.772190
0.238446 0.024699 1.767570
0.270943 0.283034 1.749790
0.197515 0.451229 1.705010
0.129303 0.188091 1.866620
0.100667 -0.018100 1.871590
0.080940 -0.224220 1.834280
0.079764 -0.286450 1.813660
0.347367 0.174913 1.667340
0.333384 0.062905 1.543620
0.245126 0.189069 1.590150
0.213709 0.224833 1.611510
0.181905 -0.089668 1.806700
0.155818 -0.466779 1.824080
0.133061 -0.701388 1.861760
0.089715 -0.731167 1.812440
0.262003 -0.089621 1.744040
0.320182 -0.450763 1.739150
0.332981 -0.663226 1.756870
0.289978 -0.693418 1.707520
0.222904 -0.026720 1.777250
0.229903 0.024896 1.772840
0.260777 0.283152 1.758230
0.186944 0.450640 1.714270
0.116077 0.186694 1.873350
0.090252 -0.019654 1.875660
0.074505 -0.225454 1.835450
0.075040 -0.288632 1.815120
0.338418 0.174586 1.673010
0.321739 0.059770 1.553700
0.243230 0.187635 1.592640
0.214638 0.223621 1.615120
0.174329 -0.089356 1.811010
0.152437 -0.467255 1.826670
0.130746 -0.702596 1.863530
0.087601 -0.732345 1.814020
0.254957 -0.088907 1.748740
0.317469 -0.450046 1.740860
0.332039 -0.663310 1.757440
0.288976 -0.693457 1.708070
0.211763 -0.026440 1.784690
0.219200 0.025044 1.780030
0.252831 0.283069 1.765420
0.174477 0.450008 1.725140
0.103601 0.185514 1.880040
0.078189 -0.021135 1.879840
0.067359 -0.226650 1.836660
0.068264 -0.290817 1.817170
0.327934 0.173363 1.680420
0.311820 0.057217 1.562630
0.241980 0.186463 1.596980
0.216915 0.223765 1.621890
0.162163 -0.088295 1.817810
0.148279 -0.467535 1.829620
0.128716 -0.703809 1.865360
0.085786 -0.733490 1.815610
0.243485 -0.088704 1.756780
0.312873 -0.448721 1.743470
0.330461 -0.663457 1.758420
0.287454 -0.693522 1.708930
0.202461 -0.026503 1.790650
0.209791 0.024950 1.786170
0.243754 0.283089 1.773150
0.164909 0.449956 1.733810
0.091146 0.183576 1.886500
0.067278 -0.023310 1.883820
0.059482 -0.228535 1.838010
0.055124 -0.305153 1.818150
0.318045 0.172397 1.687680
0.301962 0.055570 1.570750
0.240776 0.186080 1.602560
0.218917 0.225688 1.629770
0.152290 -0.088229 1.823080
0.143213 -0.467728 1.833260
0.126509 -0.705433 1.868050
0.083854 -0.735022 1.817970
0.234898 -0.088576 1.762590
0.308011 -0.447582 1.746350
0.327902 -0.663740 1.760050
0.285136 -0.693699 1.710290
0.193226 -0.027803 1.796560
0.200450 0.023901 1.792380
0.234023 0.283524 1.781530
0.155416 0.450121 1.742230
0.079829 0.180631 1.892320
0.057011 -0.026481 1.887720
0.038736 -0.224118 1.848030
0.041446 -0.298484 1.825740
0.308229 0.171456 1.695070
0.290509 0.054035 1.579460
0.238023 0.185759 1.611400
0.218105 0.227543 1.641330
0.142683 -0.089426 1.828090
0.137506 -0.467568 1.837560
0.124475 -0.707207 1.871550
0.082087 -0.736707 1.821090
0.227227 -0.089312 1.767900
0.302039 -0.447009 1.750110
0.324704 -0.664180 1.762050
0.282261 -0.694016 1.711960
0.183518 -0.029510 1.802990
0.190647 0.022516 1.799290
0.224212 0.283876 1.790880
0.146500 0.450483 1.750720
0.070368 0.178726 1.897690
0.044565 -0.028724 1.892980
0.029207 -0.222107 1.852700
0.032383 -0.293997 1.830550
0.297548 0.170855 1.703300
0.279983 0.053675 1.587150
0.236024 0.186885 1.619260
0.218552 0.231284 1.649860
0.133430 -0.090685 1.833180
0.131553 -0.466840 1.842440
0.122869 -0.708662 1.875370
0.080662 -0.738082 1.824620
0.217763 -0.090942 1.774340
0.295779 -0.446509 1.753970
0.321131 -0.664698 1.764360
0.278941 -0.694391 1.713950
0.174526 -0.030783 1.809340
0.181389 0.021453 1.806460
0.213460 0.283929 1.802140
0.137430 0.451348 1.759820
0.060128 0.176790 1.904000
0.032357 -0.030803 1.899460
0.022817 -0.221221 1.856100
0.027006 -0.292413 1.833310
0.288360 0.170872 1.710890
0.270143 0.053771 1.594820
0.233207 0.188494 1.627790
0.217520 0.234940 1.658010
0.124107 -0.091666 1.838490
0.125275 -0.465259 1.847970
0.121364 -0.709772 1.879360
0.079345 -0.739102 1.828290
0.209829 -0.092062 1.780140
0.289340 -0.446900 1.758080
0.316232 -0.665236 1.767350
0.274361 -0.694755 1.716570
0.166278 -0.032417 1.815360
0.173088 0.020088 1.813300
0.204172 0.284069 1.812010
0.129118 0.452307 1.768350
0.050772 0.175309 1.910240
0.021546 -0.032263 1.906210
0.017031 -0.221290 1.859820
0.021596 -0.290818 1.837140
0.278977 0.171336 1.719120
0.260131 0.055014 1.602170
0.228677 0.190805 1.637230
0.213699 0.239053 1.667130
0.115798 -0.093287 1.843330
0.119640 -0.464142 1.853600
0.119511 -0.711059 1.884440
0.077686 -0.740292 1.833070
0.202440 -0.093118 1.785800
0.281362 -0.447871 1.763660
0.311580 -0.665824 1.770380
0.269968 -0.695187 1.719270
0.158208 -0.033545 1.821510
0.164913 0.019095 1.820470
0.194137 0.283804 1.821960
0.118225 0.453456 1.778900
0.043278 0.174825 1.915610
0.010850 -0.032252 1.914130
0.011321 -0.221911 1.864280
0.016814 -0.289678 1.841640
0.271083 0.172169 1.726630
0.251624 0.056472 1.609030
0.223390 0.193168 1.646800
0.208480 0.242550 1.676260
0.108303 -0.094231 1.847890
0.113947 -0.464496 1.860570
0.117323 -0.712892 1.891610
0.075714 -0.742035 1.839940
0.194590 -0.093773 1.792290
0.273742 -0.449575 1.769360
0.306860 -0.666572 1.773600
0.265489 -0.695803 1.722190
0.150472 -0.034311 1.827730
0.157062 0.018403 1.827880
0.183422 0.283620 1.831890
0.108004 0.454162 1.788550
0.034389 0.175304 1.923130
0.003547 -0.032010 1.919730
0.006507 -0.224994 1.869200
0.012850 -0.286178 1.846270
0.263365 0.172990 1.734480
0.241292 0.058328 1.616890
0.215620 0.195691 1.656730
0.199171 0.245792 1.685790
0.101152 -0.095020 1.852730
0.107034 -0.468218 1.870670
0.115508 -0.714981 1.900260
0.074063 -0.744083 1.848450
0.187321 -0.094114 1.798590
0.266299 -0.451376 1.775220
0.302377 -0.667394 1.776690
0.261153 -0.696538 1.725070
0.143057 -0.035397 1.833970
0.149555 0.017379 1.835380
0.172225 0.283337 1.841340
0.097828 0.454378 1.797550
0.025933 0.174722 1.929870
-0.006426 -0.032322 1.927260
-0.013533 -0.222861 1.889020
-0.004526 -0.277885 1.864750
0.254922 0.173802 1.743460
0.233766 0.060103 1.623590
0.207851 0.197932 1.665740
0.164220 0.221847 1.700810
0.094817 -0.096056 1.857390
0.102266 -0.470892 1.878170
0.113998 -0.717060 1.908950
0.072812 -0.746154 1.856910
0.180110 -0.094819 1.805200
0.260975 -0.452757 1.779780
0.298403 -0.668311 1.779590
0.257423 -0.697398 1.727730
0.135968 -0.035575 1.840240
0.142660 0.017113 1.842550
0.163144 0.282892 1.848420
0.087196 0.454153 1.806430
0.010890 0.174878 1.943250
-0.015107 -0.032542 1.933570
-0.017613 -0.225570 1.893980
-0.020675 -0.277284 1.880790
0.246708 0.173938 1.752320
0.228269 0.061132 1.629600
0.201074 0.199235 1.674050
0.139909 0.194576 1.707520
0.088283 -0.096560 1.862670
0.097567 -0.473506 1.885420
0.112571 -0.718666 1.915950
0.071553 -0.747802 1.863840
0.173308 -0.094801 1.811890
0.255870 -0.454265 1.784270
0.294796 -0.669235 1.782360
0.253953 -0.698320 1.730350
0.128971 -0.035721 1.846820
0.135992 0.016885 1.849790
0.155161 0.282523 1.854470
0.077647 0.453953 1.813690
-0.000654 0.176066 1.953530
-0.024092 -0.031773 1.939740
-0.032029 -0.227241 1.905120
-0.027592 -0.278916 1.889050
0.239092 0.173970 1.760390
0.218302 0.060295 1.640430
0.192332 0.199356 1.684460
0.142342 0.212029 1.720170
0.081587 -0.097022 1.868440
0.093639 -0.476505 1.892040
0.110847 -0.720313 1.922010
0.069975 -0.749509 1.869850
0.166379 -0.094908 1.819420
0.251460 -0.455743 1.788260
0.291584 -0.670143 1.784870
0.250850 -0.699258 1.732760
0.122595 -0.035971 1.853110
0.129869 0.016571 1.856770
0.147510 0.282147 1.860420
0.070284 0.453851 1.819270
-0.009941 0.176099 1.960660
-0.031977 -0.031899 1.944830
-0.036524 -0.230391 1.910620
-0.032855 -0.277257 1.891160
0.231801 0.173925 1.768240
0.211288 0.060037 1.648560
0.184646 0.199424 1.693250
0.143761 0.224022 1.728230
0.075114 -0.097792 1.874310
0.090304 -0.479001 1.897360
0.109158 -0.721734 1.926700
0.068553 -0.750948 1.874340
0.160449 -0.095137 1.826230
0.247793 -0.456756 1.791920
0.288680 -0.670881 1.787050
0.248213 -0.700009 1.734740
0.115373 -0.036012 1.860210
0.122612 0.016416 1.864770
0.136353 0.281452 1.868180
0.063203 0.453502 1.824640
-0.018982 0.174947 1.966810
-0.040303 -0.033195 1.949910
-0.045052 -0.231201 1.917030
-0.038618 -0.281020 1.897980
0.225948 0.173932 1.775200
0.203554 0.059292 1.657700
0.176842 0.199199 1.701810
0.143353 0.231444 1.734410
0.066737 -0.099056 1.881990
0.086745 -0.481607 1.902450
0.107116 -0.722953 1.930740
0.066945 -0.752181 1.878040
0.154965 -0.095330 1.832660
0.244001 -0.457708 1.795870
0.286048 -0.671473 1.788990
0.245984 -0.700627 1.736390
0.109349 -0.035891 1.866190
0.116700 0.016426 1.871270
0.128497 0.280989 1.873460
0.056657 0.452866 1.829480
-0.024839 0.174367 1.970540
-0.047195 -0.033927 1.953630
-0.050990 -0.231457 1.921360
-0.043152 -0.284165 1.903440
0.220409 0.173931 1.782170
0.198669 0.058640 1.665180
0.170629 0.198783 1.709130
0.142826 0.236066 1.739160
0.060430 -0.099779 1.887900
0.082942 -0.483492 1.907140
0.105280 -0.724066 1.934000
0.065588 -0.753297 1.880950
0.149796 -0.095300 1.838870
0.239850 -0.458633 1.800230
0.283354 -0.671832 1.790670
0.243829 -0.701044 1.737740
0.103089 -0.035773 1.872580
0.110431 0.016388 1.878210
0.120339 0.280204 1.879140
0.051279 0.452250 1.833520
-0.033597 0.172103 1.974730
-0.054603 -0.036128 1.957270
-0.055290 -0.231493 1.924430
-0.047513 -0.287108 1.908230
0.215050 0.173719 1.789960
0.195017 0.057360 1.673800
0.165461 0.197830 1.716930
0.142672 0.239101 1.744460
0.053569 -0.100605 1.894330
0.078322 -0.485016 1.911790
0.103332 -0.724989 1.936790
0.064352 -0.754194 1.883220
0.144738 -0.095514 1.845340
0.235987 -0.459538 1.804260
0.280775 -0.672130 1.792120
0.242017 -0.701395 1.738750
0.097696 -0.035641 1.878280
0.105006 0.016322 1.884500
0.113165 0.279150 1.884850
0.046852 0.451648 1.837120
-0.041616 0.169756 1.978200
-0.062513 -0.038626 1.961240
-0.059707 -0.231524 1.927820
-0.052262 -0.290077 1.913120
0.209974 0.173408 1.797140
0.191990 0.055140 1.683250
0.161006 0.196235 1.725000
0.142467 0.240566 1.750550
0.048094 -0.101390 1.899610
0.074314 -0.486132 1.915550
0.100886 -0.726015 1.939430
0.062748 -0.755177 1.885310
0.140137 -0.095583 1.851270
0.232478 -0.460591 1.807860
0.278367 -0.672299 1.793350
0.240368 -0.701626 1.739570
0.092860 -0.035489 1.883610
0.100142 0.016246 1.890420
0.107016 0.278008 1.890250
0.043117 0.451080 1.840350
-0.048168 0.168035 1.980800
-0.069067 -0.040449 1.964400
-0.065056 -0.237572 1.932060
-0.058655 -0.301712 1.919210
0.205026 0.172672 1.804980
0.190484 0.053640 1.690850
0.157562 0.194776 1.732240
0.142022 0.241050 1.756760
0.043535 -0.102032 1.904220
0.070114 -0.486776 1.919060
0.098345 -0.726982 1.941750
0.061176 -0.756084 1.887030
0.135643 -0.095707 1.857120
0.229301 -0.461698 1.811210
0.276007 -0.672502 1.794500
0.238878 -0.701865 1.740240
0.088745 -0.035548 1.888360
0.096003 0.016008 1.895780
0.101869 0.277062 1.895220
0.039799 0.450639 1.843710
-0.055173 0.166499 1.983580
-0.074314 -0.041902 1.966890
-0.068928 -0.242200 1.935290
-0.065555 -0.310421 1.924890
0.200761 0.171902 1.812270
0.189894 0.051959 1.698520
0.154907 0.193131 1.739340
0.141435 0.240341 1.763690
0.039594 -0.102908 1.908340
0.065832 -0.487228 1.922130
0.095875 -0.727815 1.943640
0.059667 -0.756873 1.888370
0.131800 -0.095934 1.862350
0.226664 -0.462763 1.814130
0.273886 -0.672971 1.795660
0.237594 -0.702285 1.740890
0.085446 -0.035606 1.892300
0.092706 0.015787 1.900310
0.097838 0.276243 1.899520
0.037309 0.450273 1.846440
-0.060537 0.165286 1.985580
-0.078388 -0.043076 1.968720
-0.071699 -0.245652 1.937540
-0.070880 -0.316110 1.929070
0.197418 0.171297 1.818640
0.189635 0.051144 1.704200
0.152866 0.192016 1.745150
0.140870 0.240224 1.767720
0.036342 -0.103578 1.911720
0.062042 -0.487612 1.924630
0.093678 -0.728518 1.945100
0.058357 -0.757538 1.889360
0.128808 -0.096175 1.866640
0.224176 -0.463879 1.817010
0.271984 -0.673521 1.796870
0.236496 -0.702754 1.741550
0.082356 -0.035594 1.896080
0.089581 0.015634 1.904870
0.093539 0.275482 1.904600
0.035149 0.449976 1.849090
-0.064845 0.164357 1.987150
-0.081768 -0.044018 1.970280
-0.074447 -0.248517 1.939620
-0.075704 -0.320116 1.932900
0.194832 0.170745 1.823630
0.189489 0.050446 1.708810
0.151341 0.190970 1.750270
0.140294 0.239783 1.771470
0.033352 -0.104022 1.914770
0.058692 -0.488268 1.926840
0.091612 -0.729132 1.946260
0.057064 -0.758131 1.890130
0.126133 -0.096325 1.870680
0.221732 -0.464939 1.820030
0.270245 -0.674068 1.798140
0.235479 -0.703228 1.742290
0.079837 -0.035771 1.899260
0.087096 0.015354 1.908710
0.090372 0.274991 1.908440
0.033376 0.449809 1.851580
-0.068161 0.163761 1.988320
-0.084786 -0.044670 1.971710
-0.077334 -0.250727 1.941640
-0.082151 -0.328544 1.937070
0.192490 0.170224 1.828340
0.189485 0.049795 1.713340
0.150145 0.189938 1.755320
0.139607 0.239007 1.775470
0.030880 -0.104586 1.917320
0.055881 -0.489016 1.928700
0.089807 -0.729762 1.947230
0.055935 -0.758740 1.890750
0.123909 -0.096480 1.874230
0.218977 -0.466447 1.823670
0.268073 -0.674988 1.800300
0.234119 -0.704070 1.743760
0.077663 -0.036295 1.902120
0.084972 0.014782 1.912220
0.087433 0.274639 1.912030
0.031793 0.449838 1.854240
-0.071243 0.163352 1.989400
-0.087448 -0.045140 1.972950
-0.079497 -0.252232 1.943090
-0.086563 -0.333505 1.939640
0.190235 0.169646 1.832540
0.189701 0.049292 1.717150
0.149390 0.188942 1.760080
0.139009 0.237953 1.779640
0.028826 -0.105340 1.919450
0.053115 -0.490861 1.930730
0.088169 -0.730312 1.947990
0.054878 -0.759289 1.891210
0.122037 -0.096811 1.877520
0.216327 -0.467755 1.827180
0.265162 -0.676346 1.803580
0.232037 -0.705395 1.746340
0.075813 -0.036805 1.904630
0.083114 0.014229 1.915490
0.084239 0.274462 1.915760
0.030588 0.449963 1.856580
-0.074309 0.163164 1.990440
-0.090021 -0.045405 1.974040
-0.081987 -0.253350 1.944640
-0.090685 -0.335988 1.941700
0.188444 0.169182 1.836130
0.190079 0.048778 1.720840
0.149008 0.187967 1.764680
0.138560 0.236732 1.783920
0.027078 -0.106128 1.921290
0.050941 -0.492890 1.932490
0.086730 -0.730788 1.948600
0.053959 -0.759768 1.891550
0.120530 -0.097054 1.880380
0.213841 -0.468937 1.830510
0.261771 -0.677652 1.807430
0.229443 -0.706721 1.749560
0.074237 -0.037421 1.906880
0.081535 0.013576 1.918580
0.081377 0.274438 1.919340
0.029585 0.450206 1.858860
-0.077148 0.163133 1.991320
-0.092486 -0.045512 1.974980
-0.085144 -0.254112 1.946450
-0.093940 -0.337360 1.943130
0.186827 0.168873 1.839650
0.190200 0.048611 1.724100
0.148584 0.187333 1.768770
0.137922 0.235777 1.787900
0.025555 -0.107034 1.922890
0.049288 -0.494835 1.933940
0.085549 -0.731211 1.949090
0.053253 -0.760178 1.891810
0.119318 -0.097338 1.882930
0.211564 -0.470019 1.833700
0.258269 -0.678788 1.811290
0.226712 -0.707887 1.752850
0.072922 -0.038033 1.908850
0.080221 0.012929 1.921460
0.078852 0.274564 1.922650
0.028871 0.450612 1.861220
-0.079858 0.163175 1.992070
-0.094753 -0.045552 1.975770
-0.090093 -0.254591 1.948400
-0.096993 -0.337366 1.944170
0.185440 0.168914 1.843220
0.190436 0.048897 1.727360
0.148242 0.187091 1.772410
0.137251 0.235210 1.791460
0.024274 -0.107916 1.924220
0.048084 -0.496461 1.935020
0.084570 -0.731571 1.949480
0.052717 -0.760516 1.891970
0.118351 -0.097623 1.885260
0.209634 -0.470950 1.836590
0.254790 -0.679812 1.815020
0.223981 -0.708939 1.756060
0.071842 -0.038677 1.910600
0.079181 0.012251 1.924140
0.076764 0.274708 1.925560
0.028364 0.450978 1.863540
-0.082016 0.163247 1.992640
-0.096749 -0.045532 1.976400
-0.094176 -0.254806 1.949760
-0.099370 -0.336856 1.944760
0.184379 0.168956 1.846300
0.191161 0.049024 1.730870
0.148212 0.186797 1.775850
0.136818 0.234580 1.794820
0.023195 -0.108819 1.925370
0.047139 -0.497963 1.935850
0.083750 -0.731877 1.949790
0.052287 -0.760800 1.892090
0.117621 -0.097936 1.887310
0.207999 -0.471639 1.839150
0.251785 -0.680712 1.818150
0.221553 -0.709871 1.758850
0.070871 -0.039339 1.912210
0.078243 0.011546 1.926760
0.074633 0.274850 1.928440
0.028019 0.451375 1.865750
-0.084036 0.163331 1.993150
-0.098883 -0.045475 1.976920
-0.097506 -0.254882 1.950610
-0.101334 -0.335755 1.944920
0.183416 0.169026 1.849300
0.191860 0.049223 1.734150
0.148194 0.186615 1.778940
0.136367 0.234077 1.797860
0.022241 -0.109716 1.926390
0.046425 -0.499197 1.936460
0.083047 -0.732122 1.950040
0.051946 -0.761024 1.892160
0.117015 -0.098267 1.889180
0.206613 -0.472247 1.841410
0.249316 -0.681546 1.820830
0.219567 -0.710726 1.761250
0.070041 -0.039954 1.913640
0.077449 0.010867 1.929290
0.072270 0.275015 1.931570
0.027815 0.451799 1.867880
-0.085754 0.163406 1.993550
-0.100908 -0.045408 1.977280
-0.099991 -0.254889 1.951050
-0.102822 -0.334696 1.944620
0.182685 0.169117 1.851710
0.192661 0.049329 1.737110
0.148318 0.186442 1.781700
0.136070 0.233613 1.800580
0.021456 -0.110508 1.927230
0.045820 -0.500239 1.936910
0.082412 -0.732322 1.950220
0.051643 -0.761209 1.892190
0.116553 -0.098585 1.890790
0.205494 -0.472798 1.843330
0.247377 -0.682209 1.822950
0.217980 -0.711404 1.763180
0.069356 -0.040452 1.914850
0.076829 0.010308 1.931610
0.070326 0.275184 1.934240
0.027667 0.452379 1.870260
-0.087243 0.163506 1.993870
-0.102729 -0.045304 1.977470
-0.101831 -0.254817 1.951150
-0.103941 -0.333647 1.943860
0.182099 0.169284 1.853800
0.194645 0.049185 1.741030
0.148861 0.186184 1.784540
0.136098 0.233094 1.803230
0.020819 -0.111156 1.927910
0.045327 -0.501102 1.937230
0.081691 -0.732490 1.950370
0.051289 -0.761373 1.892170
0.116203 -0.098845 1.892120
0.204634 -0.473245 1.844920
0.246005 -0.682686 1.824470
0.216876 -0.711888 1.764570
0.068804 -0.040881 1.915850
0.076370 0.009821 1.933670
0.068862 0.275314 1.936260
0.027594 0.452911 1.872450
-0.088515 0.163583 1.994090
-0.104261 -0.045229 1.977520
-0.103226 -0.254720 1.950970
-0.104716 -0.332730 1.942410
0.181681 0.169404 1.855780
0.196975 0.048866 1.744960
0.149638 0.185862 1.787340
0.136334 0.232541 1.805810
0.020304 -0.111703 1.928450
0.044874 -0.501840 1.937460
0.080967 -0.732638 1.950460
0.050943 -0.761518 1.892110
0.115941 -0.099109 1.893280
0.203977 -0.473656 1.846210
0.245005 -0.683031 1.825600
0.216107 -0.712235 1.765580
0.068365 -0.041246 1.916670
0.076037 0.009402 1.935470
0.067782 0.275408 1.937770
0.027595 0.453389 1.874440
-0.089585 0.163658 1.994190
-0.105588 -0.045150 1.977420
-0.104140 -0.254500 1.950120
-0.104406 -0.332488 1.938790
0.181349 0.169439 1.857990
0.200504 0.048498 1.749400
0.150993 0.185454 1.790530
0.137035 0.231894 1.808750
0.019897 -0.112152 1.928870
0.044475 -0.502447 1.937590
0.080246 -0.732737 1.950520
0.050633 -0.761624 1.892010
0.115748 -0.099359 1.894300
0.203467 -0.474008 1.847250
0.244284 -0.683277 1.826430
0.215592 -0.712477 1.766290
0.067963 -0.041595 1.917400
0.075734 0.008990 1.937160
0.066772 0.275463 1.939170
0.027603 0.453827 1.876330
-0.090549 0.163706 1.994200
-0.106863 -0.045098 1.977080
-0.104460 -0.254193 1.948470
-0.103553 -0.332851 1.934880
0.181125 0.169435 1.860070
0.203766 0.048141 1.753250
0.152506 0.185027 1.793610
0.137929 0.231249 1.811630
0.019531 -0.112551 1.929210
0.044129 -0.502976 1.937640
0.079565 -0.732813 1.950530
0.050352 -0.761709 1.891870
0.115577 -0.099641 1.895230
0.203061 -0.474361 1.848110
0.243758 -0.683449 1.827040
0.215230 -0.712647 1.766810
0.067648 -0.041880 1.917980
0.075535 0.008640 1.938640
0.066019 0.275521 1.940290
0.027612 0.454238 1.878140
-0.091430 0.163755 1.994120
-0.108058 -0.045041 1.976480
-0.109018 -0.235602 1.940010
-0.103196 -0.301996 1.927590
0.181012 0.169428 1.861940
0.206998 0.047799 1.756700
0.154251 0.184578 1.796670
0.139086 0.230598 1.814530
0.019238 -0.112878 1.929460
0.043814 -0.503444 1.937630
0.078945 -0.732877 1.950510
0.050105 -0.761781 1.891700
0.115458 -0.099893 1.896010
0.202721 -0.474786 1.848860
0.243369 -0.683575 1.827490
0.214974 -0.712771 1.767190
0.067397 -0.042124 1.918450
0.075399 0.008324 1.939960
0.065396 0.275555 1.941240
0.027682 0.454667 1.879960
-0.092256 0.163777 1.993910
-0.109210 -0.045016 1.975520
-0.111180 -0.226476 1.935770
-0.102787 -0.289655 1.924300
0.181013 0.169436 1.863790
0.211599 0.047617 1.760610
0.156719 0.184124 1.800100
0.140873 0.229928 1.817790
0.018996 -0.113157 1.929640
0.043530 -0.503860 1.937560
0.078335 -0.732926 1.950440
0.049874 -0.761838 1.891470
0.115387 -0.100138 1.896680
0.202488 -0.475296 1.849480
0.243084 -0.683669 1.827840
0.214824 -0.712863 1.767480
0.067194 -0.042333 1.918830
0.075304 0.008037 1.941150
0.064839 0.275586 1.942150
0.027778 0.455000 1.881540
-0.093105 0.163738 1.993580
-0.110227 -0.045086 1.974230
-0.112465 -0.221177 1.932950
-0.102392 -0.282958 1.922020
0.181093 0.169416 1.865630
0.216837 0.047780 1.764280
0.159579 0.183778 1.803500
0.143018 0.229354 1.821060
0.018791 -0.113395 1.929770
0.043271 -0.504235 1.937420
0.077779 -0.732963 1.950350
0.049682 -0.761881 1.891200
0.115346 -0.100382 1.897260
0.202318 -0.476012 1.850000
0.242881 -0.683761 1.828110
0.214808 -0.712964 1.767710
0.067022 -0.042516 1.919150
0.075212 0.007774 1.942230
0.064133 0.275565 1.943060
0.027865 0.455282 1.883170
-0.093929 0.163670 1.993160
-0.111123 -0.045196 1.972630
-0.105848 -0.230275 1.923380
-0.094814 -0.310564 1.912190
0.181249 0.169355 1.867370
0.221628 0.048183 1.767170
0.162444 0.183556 1.806570
0.145232 0.228906 1.824060
0.018609 -0.113608 1.929860
0.043033 -0.504620 1.937200
0.077160 -0.732960 1.950150
0.049458 -0.761888 1.890800
0.115326 -0.100617 1.897760
0.202257 -0.476811 1.850370
0.242759 -0.683879 1.828330
0.214961 -0.713121 1.767870
0.066890 -0.042674 1.919400
0.075161 0.007540 1.943190
0.063506 0.275537 1.943860
0.027958 0.455569 1.884850
-0.094670 0.163587 1.992710
-0.111867 -0.045327 1.970770
-0.106793 -0.226157 1.918370
-0.094968 -0.302566 1.907890
0.181390 0.169295 1.868930
0.225678 0.048809 1.769300
0.165030 0.183509 1.809120
0.147248 0.228647 1.826580
0.018472 -0.113799 1.929890
0.042815 -0.504959 1.936910
0.076549 -0.732920 1.949890
0.049234 -0.761855 1.890310
0.115345 -0.100832 1.898180
0.202276 -0.477580 1.850610
0.242699 -0.684007 1.828510
0.215226 -0.713301 1.767970
0.066788 -0.042810 1.919610
0.075127 0.007330 1.944040
0.062950 0.275491 1.944560
0.028084 0.455775 1.886310
-0.095427 0.163391 1.992070
-0.112460 -0.045617 1.968590
-0.107558 -0.223270 1.915230
-0.095326 -0.296075 1.904890
0.181620 0.169240 1.870430
0.229210 0.049555 1.770950
0.167456 0.183591 1.811330
0.149180 0.228531 1.828790
0.018359 -0.113994 1.929870
0.042594 -0.505304 1.936510
0.075994 -0.732868 1.949600
0.049065 -0.761805 1.889760
0.115401 -0.101041 1.898540
0.202410 -0.478343 1.850740
0.242706 -0.684168 1.828650
0.215664 -0.713535 1.768000
0.066715 -0.042930 1.919770
0.075111 0.007140 1.944800
0.062294 0.275385 1.945240
0.028223 0.455931 1.887590
-0.096125 0.163113 1.991330
-0.112885 -0.046013 1.966200
-0.108150 -0.221216 1.913170
-0.095639 -0.291266 1.902810
0.181936 0.169197 1.871840
0.231838 0.050223 1.772100
0.169529 0.183740 1.813140
0.150885 0.228513 1.830660
0.018297 -0.114227 1.929740
0.042415 -0.505709 1.935920
0.075534 -0.732824 1.949300
0.048972 -0.761756 1.889170
0.115532 -0.101259 1.898870
0.202754 -0.479247 1.850680
0.242837 -0.684447 1.828750
0.216355 -0.713919 1.767940
0.066671 -0.043041 1.919890
0.075114 0.006966 1.945460
0.061638 0.275252 1.945830
0.028377 0.456056 1.888660
-0.096766 0.162776 1.990540
-0.113164 -0.046464 1.963810
-0.102251 -0.233520 1.906800
-0.092672 -0.298830 1.899030
0.182278 0.169182 1.873160
0.233947 0.050895 1.772970
0.171322 0.183966 1.814650
0.152387 0.228594 1.832240
0.018313 -0.114514 1.929470
0.042345 -0.506176 1.935190
0.075162 -0.732781 1.949020
0.048954 -0.761705 1.888580
0.115754 -0.101486 1.899160
0.203294 -0.480248 1.850450
0.243246 -0.684868 1.828780
0.217522 -0.714460 1.767730
0.066659 -0.043148 1.919980
0.075143 0.006803 1.946050
0.060954 0.275093 1.946390
0.028566 0.456153 1.889530
-0.097341 0.162396 1.989740
-0.113301 -0.046942 1.961530
-0.101977 -0.232426 1.904480
-0.092454 -0.296251 1.896950
0.182601 0.169179 1.874270
0.235634 0.051469 1.773630
0.172852 0.184197 1.815870
0.153681 0.228708 1.833510
0.018450 -0.114860 1.929040
0.042371 -0.506638 1.934350
0.074860 -0.732740 1.948730
0.048989 -0.761651 1.887990
0.116123 -0.101726 1.899430
0.204150 -0.481323 1.849920
0.244171 -0.685430 1.828760
0.219356 -0.715100 1.767420
0.066684 -0.043258 1.920040
0.075193 0.006652 1.946550
0.060295 0.274917 1.946880
0.028761 0.456227 1.890250
-0.097786 0.162046 1.988840
-0.113319 -0.047338 1.959300
-0.098919 -0.239287 1.900790
-0.090209 -0.302662 1.893620
0.182910 0.169175 1.875170
0.237103 0.051989 1.774160
0.174216 0.184428 1.816860
0.154842 0.228840 1.834540
0.018708 -0.115205 1.928450
0.042517 -0.507172 1.933380
0.074630 -0.732708 1.948460
0.049096 -0.761606 1.887390
0.116626 -0.101983 1.899640
0.205270 -0.482325 1.849170
0.246370 -0.686017 1.828430
0.222692 -0.715659 1.766700
0.066769 -0.043379 1.920060
0.075278 0.006513 1.946960
0.059733 0.274753 1.947270
0.028959 0.456256 1.890800
-0.098111 0.161718 1.987940
-0.113272 -0.047670 1.957330
-0.096882 -0.243949 1.898500
-0.088539 -0.307455 1.891050
0.183243 0.169197 1.875930
0.238275 0.052416 1.774580
0.175397 0.184654 1.817660
0.155867 0.228991 1.835370
0.019094 -0.115548 1.927730
0.042711 -0.507605 1.932380
0.074444 -0.732680 1.948180
0.049244 -0.761564 1.886800
0.117294 -0.102235 1.899780
0.206760 -0.483187 1.848150
0.249036 -0.686469 1.827920
0.226297 -0.716017 1.765830
0.066980 -0.043508 1.920010
0.075424 0.006397 1.947300
0.059302 0.274624 1.947560
0.029169 0.456261 1.891240
-0.098295 0.161395 1.986970
-0.113136 -0.047961 1.955540
-0.095521 -0.247188 1.896970
-0.087037 -0.316459 1.886790
0.183640 0.169252 1.876630
0.239316 0.052832 1.774920
0.176485 0.184907 1.818320
0.156830 0.229181 1.836060
0.019648 -0.115867 1.926870
0.042998 -0.508003 1.931330
0.074298 -0.732637 1.947870
0.049453 -0.761500 1.886160
0.118173 -0.102439 1.899820
0.208325 -0.483834 1.847070
0.251930 -0.686728 1.827050
0.229931 -0.716143 1.764630
0.067388 -0.043624 1.919840
0.075688 0.006297 1.947560
0.059047 0.274524 1.947750
0.029391 0.456233 1.891580
-0.098341 0.161035 1.985960
-0.112944 -0.048261 1.953960
-0.094566 -0.249562 1.895950
-0.086260 -0.321575 1.884260
0.184135 0.169290 1.877180
0.240499 0.053260 1.775150
0.177626 0.185165 1.818830
0.157853 0.229383 1.836600
0.020367 -0.116092 1.925860
0.043318 -0.508055 1.930070
0.074215 -0.732597 1.947540
0.049738 -0.761434 1.885510
0.119274 -0.102609 1.899700
0.210355 -0.484271 1.845630
0.254833 -0.686826 1.825800
0.233321 -0.716098 1.763100
0.068011 -0.043716 1.919530
0.076069 0.006209 1.947750
0.058860 0.274437 1.947890
0.029708 0.456164 1.891810
-0.098268 0.160692 1.984970
-0.112540 -0.048548 1.952400
-0.093863 -0.251313 1.895270
-0.085472 -0.326072 1.882370
0.184997 0.169371 1.877680
0.241654 0.053586 1.775310
0.178825 0.185410 1.819220
0.158980 0.229594 1.837010
0.021246 -0.116247 1.924740
0.043661 -0.508060 1.928840
0.074172 -0.732541 1.947150
0.050072 -0.761347 1.884810
0.120666 -0.102771 1.899410
0.212605 -0.484558 1.843940
0.257937 -0.686803 1.824020
0.236751 -0.715935 1.761120
0.068904 -0.043780 1.919040
0.076638 0.006130 1.947840
0.058741 0.274353 1.947970
0.030436 0.455995 1.891780
-0.097913 0.160352 1.983760
-0.111772 -0.048816 1.950840
-0.093277 -0.252642 1.894860
-0.084999 -0.328807 1.881230
0.186341 0.169490 1.878050
0.243899 0.053915 1.775680
0.180578 0.185705 1.819510
0.160628 0.229873 1.837250
0.022347 -0.116312 1.923440
0.044059 -0.508077 1.927670
0.074193 -0.732485 1.946740
0.050494 -0.761262 1.884100
0.122239 -0.102920 1.898950
0.214786 -0.484728 1.842140
0.261000 -0.686685 1.821870
0.240040 -0.715691 1.758810
0.070332 -0.043762 1.918180
0.077697 0.006088 1.947690
0.058891 0.274171 1.947860
0.031738 0.455662 1.891310
-0.097280 0.160083 1.982400
-0.110749 -0.049003 1.949340
-0.092795 -0.253634 1.894640
-0.084691 -0.330560 1.880510
0.188440 0.169539 1.878180
0.246525 0.054020 1.775840
0.182687 0.185929 1.819560
0.162677 0.230107 1.837220
0.023777 -0.116264 1.921890
0.044510 -0.508054 1.926570
0.074276 -0.732415 1.946280
0.050984 -0.761159 1.883370
0.124266 -0.103057 1.898170
0.217316 -0.484763 1.839880
0.264122 -0.686494 1.819160
0.243304 -0.715393 1.755980
0.072560 -0.043669 1.916800
0.079695 0.006078 1.947040
0.060160 0.273686 1.946970
0.033855 0.455030 1.889970
-0.095894 0.160036 1.980710
-0.108856 -0.048961 1.947750
-0.094892 -0.221652 1.903000
-0.087767 -0.292378 1.889450
0.191611 0.169519 1.877690
0.249919 0.053797 1.775690
0.185414 0.186014 1.819270
0.165384 0.230224 1.836800
0.025676 -0.116090 1.920060
0.045019 -0.507983 1.925540
0.074400 -0.732336 1.945800
0.051452 -0.761058 1.882690
0.126922 -0.103202 1.896930
0.220060 -0.484757 1.837250
0.267164 -0.686335 1.816070
0.246337 -0.715160 1.752890
0.075358 -0.043516 1.915020
0.082508 0.006107 1.945900
0.062614 0.273060 1.945370
0.036949 0.454108 1.887530
-0.093903 0.160035 1.978830
-0.106816 -0.048897 1.946420
-0.089893 -0.227410 1.904780
-0.085536 -0.303106 1.888840
0.195289 0.169385 1.876440
0.253613 0.053254 1.775140
0.188508 0.185919 1.818580
0.168491 0.230177 1.835950
0.027902 -0.115818 1.918100
0.045681 -0.507776 1.924450
0.074583 -0.732260 1.945330
0.051900 -0.760970 1.882080
0.129960 -0.103329 1.895290
0.223233 -0.484632 1.834120
0.270083 -0.686181 1.811710
0.249088 -0.714954 1.748650
0.079078 -0.043338 1.912610
0.086704 0.006170 1.943930
0.068116 0.272432 1.942130
0.041202 0.453017 1.883850
-0.090280 0.160171 1.976310
-0.103802 -0.048734 1.945200
-0.085676 -0.233944 1.905690
-0.083557 -0.309993 1.888930
0.199992 0.169152 1.874060
0.257021 0.052333 1.773840
0.191812 0.185573 1.817320
0.171907 0.229896 1.834500
0.030716 -0.115433 1.915820
0.046520 -0.507463 1.923300
0.074847 -0.732167 1.944850
0.052346 -0.760872 1.881540
0.133516 -0.103477 1.893130
0.226527 -0.484525 1.830550
0.272933 -0.686100 1.806560
0.251641 -0.714841 1.743700
0.083447 -0.043044 1.909750
0.092005 0.006399 1.941160
0.076050 0.271951 1.937170
0.045449 0.451945 1.879690
-0.086314 0.160398 1.974050
-0.100642 -0.048499 1.944310
-0.082198 -0.239420 1.906210
-0.080545 -0.317726 1.889180
0.206231 0.168413 1.869970
0.261478 0.050929 1.770400
0.196079 0.184957 1.814590
0.176341 0.229364 1.831550
0.033966 -0.115033 1.913380
0.047629 -0.506884 1.922050
0.075216 -0.732097 1.944350
0.052770 -0.760814 1.881070
0.137392 -0.103516 1.890580
0.229520 -0.484388 1.826830
0.275363 -0.686013 1.801140
0.253633 -0.714760 1.738570
0.087807 -0.042601 1.906720
0.097202 0.006768 1.938130
0.082389 0.271507 1.932670
0.050109 0.450796 1.874720
-0.081685 0.160670 1.971950
-0.096540 -0.048223 1.943720
-0.079043 -0.243824 1.906570
-0.078110 -0.322577 1.889700
0.212536 0.167881 1.865130
0.265675 0.049547 1.766080
0.200518 0.184290 1.811060
0.180979 0.228798 1.827810
0.037424 -0.114491 1.910890
0.049321 -0.505713 1.920460
0.075858 -0.731947 1.943780
0.053302 -0.760705 1.880620
0.141466 -0.103418 1.887610
0.232501 -0.484149 1.822700
0.277982 -0.685756 1.794750
0.255634 -0.714550 1.732580
0.093049 -0.041995 1.903110
0.104021 0.007263 1.934100
0.094779 0.270819 1.925700
0.056615 0.449735 1.867710
-0.075436 0.161097 1.969840
-0.091145 -0.047800 1.943390
-0.076586 -0.246971 1.906850
-0.076259 -0.325667 1.890130
0.219860 0.167270 1.858640
0.270012 0.048094 1.758930
0.205452 0.183535 1.805820
0.186161 0.228159 1.822480
0.041311 -0.113853 1.908240
0.051848 -0.503653 1.918410
0.076794 -0.731631 1.943090
0.053889 -0.760478 1.880170
0.145956 -0.103194 1.884020
0.235709 -0.483827 1.817980
0.280378 -0.685484 1.787860
0.257224 -0.714310 1.726150
0.099201 -0.041482 1.898700
0.111639 0.007635 1.929250
0.104493 0.270360 1.919880
0.063282 0.449002 1.860700
-0.067219 0.161336 1.967370
-0.084889 -0.047518 1.943050
-0.073830 -0.249666 1.906930
-0.074523 -0.327928 1.890550
0.227812 0.166218 1.850610
0.275035 0.046263 1.749690
0.211183 0.182396 1.798960
0.192137 0.227136 1.815660
0.046249 -0.113296 1.905080
0.055007 -0.501239 1.916110
0.078049 -0.731218 1.942310
0.054544 -0.760196 1.879740
0.151516 -0.103017 1.879030
0.238793 -0.483582 1.813080
0.282519 -0.685331 1.781860
0.258494 -0.714184 1.720620
0.106190 -0.040571 1.893540
0.120372 0.008375 1.923410
0.115936 0.270108 1.913170
0.070361 0.448451 1.853040
-0.056686 0.162209 1.964900
-0.076682 -0.046635 1.942580
-0.071101 -0.251412 1.906990
-0.072327 -0.329606 1.891030
0.235459 0.165131 1.841210
0.279865 0.044304 1.739400
0.217121 0.181002 1.790770
0.198328 0.225858 1.807600
0.052346 -0.112324 1.901410
0.058499 -0.498750 1.913690
0.079750 -0.730732 1.941390
0.055252 -0.759880 1.879330
0.157450 -0.102321 1.872940
0.241588 -0.483209 1.808380
0.284223 -0.685095 1.776620
0.263197 -0.724191 1.733120
0.114040 -0.039321 1.887400
0.129879 0.009522 1.916260
0.128790 0.270131 1.904180
0.077871 0.448299 1.845630
-0.042130 0.164131 1.961130
-0.066396 -0.044779 1.941650
-0.065648 -0.252171 1.906750
-0.067638 -0.327190 1.892120
0.243079 0.164377 1.831930
0.282992 0.042524 1.729270
0.222398 0.179689 1.782190
0.204006 0.224687 1.799220
0.059691 -0.110861 1.897020
0.062923 -0.495864 1.910760
0.082347 -0.729923 1.940100
0.056464 -0.759316 1.878730
0.163631 -0.101240 1.866150
0.244664 -0.482815 1.803110
0.285444 -0.685009 1.772740
0.262943 -0.723005 1.725660
0.121755 -0.038311 1.880930
0.138668 0.010511 1.908770
0.139038 0.270477 1.895770
0.085178 0.448148 1.838330
-0.029900 0.165188 1.957780
-0.055863 -0.043538 1.940670
-0.059046 -0.251945 1.906310
-0.061079 -0.323537 1.892910
0.250811 0.164207 1.822750
0.283998 0.042053 1.716540
0.226669 0.179286 1.771750
0.208820 0.224455 1.789070
0.067273 -0.109565 1.892290
0.068361 -0.493215 1.907450
0.085414 -0.729060 1.938590
0.058007 -0.758677 1.877970
0.169912 -0.100252 1.858920
0.247836 -0.482521 1.798120
0.286333 -0.685034 1.770040
0.262338 -0.721868 1.719920
0.128875 -0.037331 1.874820
0.146743 0.011376 1.901680
0.149421 0.270784 1.888320
0.093398 0.448148 1.830820
-0.017388 0.166340 1.954330
-0.045093 -0.042142 1.939270
-0.051180 -0.250396 1.905290
-0.053435 -0.319047 1.893200
0.258574 0.164306 1.813160
0.284259 0.041935 1.704160
0.230486 0.179151 1.761240
0.215781 0.224778 1.771970
0.074256 -0.108163 1.887740
0.074695 -0.489776 1.903350
0.089716 -0.727459 1.936280
0.060454 -0.757327 1.876610
0.175770 -0.099216 1.851760
0.251506 -0.481905 1.793410
0.286989 -0.684987 1.768140
0.261504 -0.720497 1.715680
0.136231 -0.036490 1.868330
0.155016 0.012110 1.894160
0.160099 0.271350 1.880910
0.100993 0.448034 1.823370
-0.004505 0.167372 1.950060
-0.033116 -0.040825 1.936770
-0.041034 -0.247526 1.903530
-0.040684 -0.313259 1.892360
0.266741 0.164872 1.802360
0.284419 0.041670 1.693180
0.234048 0.179112 1.750560
0.221370 0.225114 1.757810
0.081447 -0.106707 1.882870
0.081564 -0.485947 1.898770
0.094895 -0.725501 1.933520
0.063688 -0.755535 1.874840
0.181830 -0.098309 1.844090
0.255580 -0.481363 1.789350
0.287684 -0.684969 1.766640
0.261029 -0.719397 1.712600
0.144070 -0.035822 1.861210
0.163734 0.012809 1.885700
0.172038 0.272430 1.871630
0.109283 0.447888 1.815500
0.005808 0.167846 1.946220
-0.022282 -0.040156 1.934170
-0.018866 -0.246970 1.896830
-0.025081 -0.311296 1.888990
0.274027 0.165423 1.791990
0.286027 0.041685 1.682690
0.234692 0.182641 1.704620
0.219144 0.229769 1.709540
0.088754 -0.105339 1.877740
0.090268 -0.481318 1.893070
0.099819 -0.723615 1.930590
0.066951 -0.753723 1.872800
0.188449 -0.097643 1.835840
0.261611 -0.480266 1.785020
0.288860 -0.684777 1.765400
0.261069 -0.718273 1.710420
0.151911 -0.035094 1.854270
0.172257 0.013501 1.877420
0.183685 0.272948 1.862830
0.118102 0.448157 1.807600
0.018554 0.169623 1.941020
-0.011615 -0.038213 1.931270
-0.003585 -0.244869 1.892210
-0.012258 -0.308660 1.885410
0.281936 0.165566 1.781340
0.287301 0.041392 1.672580
0.235435 0.183012 1.691240
0.218736 0.230314 1.693590
0.096279 -0.103764 1.872530
0.098581 -0.476362 1.887210
0.105621 -0.721560 1.927080
0.071200 -0.751618 1.870150
0.194944 -0.097100 1.828060
0.268833 -0.478430 1.780450
0.290613 -0.684168 1.764290
0.261429 -0.716773 1.708610
0.159411 -0.034339 1.847820
0.180184 0.014217 1.869740
0.194805 0.273425 1.854740
0.126003 0.448061 1.800370
0.028783 0.170820 1.936540
-0.000991 -0.036789 1.927690
0.010821 -0.243358 1.886850
0.000035 -0.306972 1.880620
0.290992 0.165876 1.770830
0.288095 0.041605 1.662780
0.235785 0.183305 1.681830
0.218866 0.230751 1.684510
0.103123 -0.102401 1.867820
0.105395 -0.472738 1.882130
0.111140 -0.719611 1.923210
0.075632 -0.749494 1.866890
0.201388 -0.096794 1.820640
0.276399 -0.476334 1.776070
0.293435 -0.683063 1.763240
0.262499 -0.714891 1.707070
0.166969 -0.033854 1.841240
0.188184 0.014721 1.861580
0.206525 0.273699 1.845430
0.132558 0.447951 1.794240
0.040149 0.172265 1.930770
0.011221 -0.035160 1.922760
0.020877 -0.242186 1.882720
0.015461 -0.314529 1.871820
0.298197 0.165260 1.761080
0.289356 0.041238 1.652630
0.252273 0.188113 1.659850
0.230384 0.234518 1.670510
0.110545 -0.101166 1.862830
0.111969 -0.469947 1.877300
0.116266 -0.717647 1.919160
0.079771 -0.747380 1.863450
0.207484 -0.096682 1.813530
0.282973 -0.474084 1.772520
0.298075 -0.681066 1.762090
0.264832 -0.712250 1.705720
0.175685 -0.033731 1.833850
0.196746 0.014986 1.852650
0.216254 0.273891 1.836600
0.138814 0.447491 1.787860
0.049285 0.173138 1.926400
0.025233 -0.034380 1.916900
0.030541 -0.241663 1.878300
0.028857 -0.317452 1.864880
0.304600 0.164524 1.752760
0.290873 0.041136 1.643340
0.264128 0.191003 1.648020
0.242870 0.237844 1.660720
0.119597 -0.100429 1.857000
0.117861 -0.468378 1.872950
0.120498 -0.716277 1.915370
0.083196 -0.745892 1.860220
0.215172 -0.096919 1.805390
0.289273 -0.471159 1.768920
0.304028 -0.677882 1.760680
0.268515 -0.708521 1.704400
0.185006 -0.034043 1.826150
0.205881 0.014918 1.842970
0.227027 0.273894 1.825860
0.144523 0.446711 1.781580
0.064082 0.173910 1.919010
0.036973 -0.033479 1.912150
0.039734 -0.240942 1.874000
0.038469 -0.319141 1.860010
0.310982 0.163935 1.744160
0.292943 0.041461 1.633540
0.270150 0.192499 1.640920
0.253734 0.240556 1.653140
0.130430 -0.100088 1.850320
0.123841 -0.467894 1.868710
0.123976 -0.715562 1.911980
0.085848 -0.745087 1.857480
0.222668 -0.097037 1.797910
0.295229 -0.467520 1.765080
0.310555 -0.673680 1.759010
0.272935 -0.703952 1.703180
0.192570 -0.034264 1.820150
0.213253 0.014904 1.834960
0.236653 0.273647 1.816230
0.149519 0.445662 1.775520
0.077628 0.174025 1.912620
0.050694 -0.033353 1.907020
0.049834 -0.240837 1.869370
0.048154 -0.322091 1.855250
0.317312 0.163016 1.735580
0.294578 0.041111 1.625670
0.275317 0.193296 1.635630
0.269877 0.242645 1.645880
0.139077 -0.099831 1.845490
0.130187 -0.468035 1.864500
0.127075 -0.715205 1.908590
0.088114 -0.744638 1.854830
0.228631 -0.097093 1.791980
0.299799 -0.464943 1.761970
0.316402 -0.670479 1.757280
0.277015 -0.700518 1.702080
0.199921 -0.034361 1.814460
0.220064 0.015029 1.827250
0.244500 0.273375 1.807720
0.154015 0.444450 1.769400
0.090693 0.173962 1.906580
0.061358 -0.033158 1.903310
0.056816 -0.240653 1.866140
0.053312 -0.323516 1.852720
0.323676 0.162168 1.727070
0.296054 0.040719 1.618660
0.279648 0.193828 1.630950
0.280170 0.243924 1.638940
0.147653 -0.099708 1.841260
0.136196 -0.468350 1.860600
0.129922 -0.714961 1.904920
0.090122 -0.744343 1.851970
0.234671 -0.097017 1.785970
0.303932 -0.463020 1.758780
0.321462 -0.668191 1.755680
0.280639 -0.698075 1.701180
0.206472 -0.034648 1.809480
0.226159 0.014940 1.820100
0.252542 0.272807 1.798600
0.157632 0.443313 1.764310
0.103048 0.173767 1.900880
0.070442 -0.032913 1.900740
0.063192 -0.240375 1.863380
0.058374 -0.322079 1.850820
0.329219 0.161084 1.718360
0.297598 0.040100 1.610890
0.283426 0.194011 1.626350
0.287275 0.244436 1.632330
0.155293 -0.099829 1.837950
0.141224 -0.468714 1.857210
0.132255 -0.714756 1.901120
0.091581 -0.744129 1.849130
0.239861 -0.097157 1.780620
0.308079 -0.461674 1.755250
0.325665 -0.666673 1.754200
0.283550 -0.696462 1.700470
0.212166 -0.034591 1.805270
0.231329 0.015147 1.813870
0.259351 0.272277 1.790790
0.160443 0.442204 1.760110
0.112468 0.174596 1.897170
0.079830 -0.031838 1.899040
0.069728 -0.239378 1.861300
0.064975 -0.316255 1.848550
0.334024 0.160151 1.710400
0.299216 0.039457 1.603740
0.286816 0.193955 1.621480
0.292423 0.244554 1.625370
0.161787 -0.099716 1.835460
0.145708 -0.468805 1.854040
0.134381 -0.714258 1.896700
0.092770 -0.743707 1.845810
0.244255 -0.097130 1.776010
0.311802 -0.460538 1.751580
0.329151 -0.665432 1.752650
0.285904 -0.695193 1.699780
0.217029 -0.034489 1.801780
0.235762 0.015381 1.808450
0.266000 0.271819 1.783000
0.163652 0.440571 1.755290
0.119442 0.175233 1.895040
0.087832 -0.030960 1.898590
0.074741 -0.238529 1.860080
0.068792 -0.313549 1.847230
0.338149 0.159090 1.702520
0.300219 0.038495 1.597420
0.291944 0.192730 1.616190
0.296995 0.243991 1.621290
0.167164 -0.099571 1.833680
0.149358 -0.468817 1.851370
0.136353 -0.713353 1.891970
0.093700 -0.742971 1.842310
0.247959 -0.097173 1.772150
0.314945 -0.459211 1.747670
0.332371 -0.664027 1.750610
0.287976 -0.693906 1.698860
0.221546 -0.034323 1.798580
0.239702 0.015653 1.803490
0.270939 0.271495 1.776870
0.166298 0.439200 1.751160
0.126575 0.176016 1.893550
0.095378 -0.029943 1.898840
0.082785 -0.235152 1.861890
0.073496 -0.308846 1.847220
0.341329 0.158144 1.694880
0.300797 0.037605 1.590840
0.295274 0.192025 1.612510
0.329257 0.216406 1.604510
0.172750 -0.099271 1.832060
0.152390 -0.468699 1.849100
0.138453 -0.712431 1.887580
0.094596 -0.742262 1.839310
0.251342 -0.097118 1.768600
0.317310 -0.458082 1.744330
0.335014 -0.662791 1.748480
0.289497 -0.692860 1.698020
0.225619 -0.034095 1.795620
0.243428 0.015984 1.798900
0.275823 0.271397 1.769640
0.168403 0.438015 1.747650
0.135231 0.176539 1.891740
0.102726 -0.028978 1.899920
0.090282 -0.234152 1.862600
0.077963 -0.305999 1.846830
0.343870 0.156999 1.687020
0.300602 0.036658 1.583800
0.298445 0.191128 1.608560
0.345116 0.204158 1.593860
0.177616 -0.098940 1.830860
0.155103 -0.468354 1.847070
0.140436 -0.711652 1.883600
0.095332 -0.741698 1.836770
0.254463 -0.097073 1.765090
0.319489 -0.455608 1.740120
0.337333 -0.660347 1.745760
0.290740 -0.690884 1.696880
0.229039 -0.033889 1.793020
0.246689 0.016311 1.794830
0.280155 0.271698 1.761570
0.170054 0.436942 1.744600
0.142424 0.176943 1.890240
0.116808 -0.022031 1.914160
0.100657 -0.228135 1.865730
0.085006 -0.299552 1.847960
0.345694 0.156117 1.679570
0.299658 0.036010 1.577180
0.301093 0.190316 1.604180
0.353953 0.197793 1.586360
0.181612 -0.098591 1.830030
0.157489 -0.467950 1.845330
0.142808 -0.710840 1.879550
0.096310 -0.741132 1.834230
0.257110 -0.097166 1.761910
0.320929 -0.452939 1.736460
0.339042 -0.657794 1.743100
0.291535 -0.688769 1.695740
0.232746 -0.033406 1.789980
0.250511 0.017005 1.790150
0.285611 0.272969 1.750400
0.171414 0.436169 1.742080
0.148648 0.177131 1.888910
0.124001 -0.018410 1.921380
0.107416 -0.224256 1.867940
0.090734 -0.294522 1.849140
0.346937 0.155507 1.673050
0.298327 0.035596 1.571570
0.303201 0.189606 1.599850
0.359521 0.193942 1.580920
0.185372 -0.098078 1.829430
0.160060 -0.467580 1.843630
0.146654 -0.708874 1.873660
0.098426 -0.739595 1.830100
0.260087 -0.097294 1.757980
0.321770 -0.451130 1.733920
0.340411 -0.655736 1.740800
0.292124 -0.687071 1.694780
0.235987 -0.033119 1.787110
0.253769 0.017508 1.786020
0.289166 0.274296 1.742070
0.172376 0.435568 1.740130
0.156296 0.176755 1.885470
0.128965 -0.015890 1.926100
0.113044 -0.221201 1.870230
0.096097 -0.290293 1.850710
0.347686 0.155169 1.667610
0.297078 0.035211 1.567420
0.304808 0.188927 1.595980
0.363180 0.191427 1.576810
0.188661 -0.097776 1.829000
0.162477 -0.467316 1.842190
0.153684 -0.705201 1.865590
0.103673 -0.736336 1.823540
0.262956 -0.097641 1.753780
0.322273 -0.449941 1.732080
0.341466 -0.654309 1.738880
0.292555 -0.685893 1.693980
0.240016 -0.033550 1.783080
0.257527 0.017482 1.781200
0.291960 0.275686 1.735160
0.173077 0.435035 1.738510
0.163367 0.175249 1.881010
0.132083 -0.014611 1.928550
0.117950 -0.219426 1.872730
0.101110 -0.287331 1.852660
0.348187 0.155087 1.663140
0.295421 0.035257 1.563830
0.305607 0.188660 1.591550
0.364625 0.190639 1.572350
0.193150 -0.098167 1.827780
0.165486 -0.468001 1.840880
0.158758 -0.702690 1.860190
0.107825 -0.733964 1.818870
0.266468 -0.098387 1.748610
0.322534 -0.449131 1.730680
0.342182 -0.653345 1.737370
0.292821 -0.685074 1.693340
0.243893 -0.034261 1.778860
0.261058 0.017195 1.776520
0.293989 0.276792 1.729680
0.173587 0.434511 1.737010
0.168540 0.173827 1.877310
0.148972 -0.026977 1.902360
0.123591 -0.226281 1.875060
0.106151 -0.289135 1.854300
0.348477 0.155181 1.659520
0.293531 0.035587 1.560910
0.254972 0.174169 1.599990
0.266150 0.199483 1.604370
0.197676 -0.098947 1.826190
0.168184 -0.468875 1.839950
0.162557 -0.700762 1.856540
0.111123 -0.732076 1.815600
0.270032 -0.099360 1.743130
0.322316 -0.448793 1.729370
0.342760 -0.652863 1.736040
0.293032 -0.684613 1.692780
0.247370 -0.035168 1.774710
0.264092 0.016733 1.772250
0.295306 0.277670 1.725470
0.173925 0.434044 1.735650
0.173087 0.172222 1.872750
0.170455 -0.038024 1.858920
0.128541 -0.228617 1.877840
0.111393 -0.289849 1.856700
0.348586 0.155365 1.656480
0.291535 0.036063 1.558500
0.236250 0.168896 1.603380
0.207361 0.205664 1.625620
0.202108 -0.100121 1.824220
0.170694 -0.469891 1.839340
0.165363 -0.699311 1.854130
0.113699 -0.730613 1.813390
0.273378 -0.100482 1.737640
0.321571 -0.448932 1.728120
0.343164 -0.652757 1.734750
0.293145 -0.684442 1.692130
0.250154 -0.036067 1.771040
0.266479 0.016224 1.768600
0.296064 0.278352 1.722200
0.174098 0.433609 1.734330
0.177052 0.170789 1.867920
0.182843 -0.029071 1.827330
0.134037 -0.225403 1.879650
0.120314 -0.285362 1.860970
0.348435 0.155567 1.653610
0.288997 0.036683 1.556250
0.225406 0.165955 1.605410
0.185087 0.207968 1.633700
0.205994 -0.101403 1.822210
0.173172 -0.470395 1.838990
0.167454 -0.698214 1.852520
0.115622 -0.729509 1.811950
0.276040 -0.101492 1.732790
0.320501 -0.449372 1.726820
0.343419 -0.652860 1.733550
0.293153 -0.684456 1.691480
0.252285 -0.036752 1.767910
0.268293 0.015821 1.765530
0.296393 0.278886 1.719570
0.174112 0.433209 1.733050
0.179954 0.169888 1.863990
0.187808 -0.025985 1.815240
0.138334 -0.222243 1.881430
0.129377 -0.283215 1.873800
0.348074 0.155829 1.650980
0.286634 0.037228 1.554390
0.218578 0.164092 1.606600
0.171540 0.209157 1.638260
0.209099 -0.102526 1.820410
0.175420 -0.470512 1.838870
0.169102 -0.697442 1.851490
0.117148 -0.728739 1.811060
0.278053 -0.102253 1.728560
0.319156 -0.450247 1.725430
0.343568 -0.653281 1.732390
0.293070 -0.684763 1.690800
0.253674 -0.037208 1.765830
0.269492 0.015544 1.763460
0.296471 0.279265 1.717670
0.173979 0.432828 1.731930
0.182318 0.169096 1.860420
0.190122 -0.022972 1.808530
0.141507 -0.219464 1.882770
0.134048 -0.282166 1.880710
0.347518 0.156105 1.648530
0.284577 0.037596 1.552900
0.213486 0.162603 1.607780
0.162751 0.209809 1.641640
0.211213 -0.103295 1.819360
0.177324 -0.470464 1.838870
0.170609 -0.696754 1.850850
0.118566 -0.728050 1.810550
0.279249 -0.102814 1.725860
0.317397 -0.450443 1.723590
0.343590 -0.653220 1.731400
0.292902 -0.684668 1.690200
0.254606 -0.037494 1.764430
0.270303 0.015372 1.762030
0.296236 0.279581 1.716170
0.173703 0.432505 1.730930
0.184119 0.168744 1.857500
0.188764 -0.028449 1.813040
0.143336 -0.218995 1.884030
0.136839 -0.282021 1.884980
0.346785 0.156358 1.646290
0.282544 0.037905 1.551620
0.209956 0.161571 1.608450
0.159356 0.209775 1.643610
0.212700 -0.103805 1.818750
0.178935 -0.470322 1.838940
0.172030 -0.696156 1.850520
0.119915 -0.727456 1.810340
0.280015 -0.103219 1.724030
0.315163 -0.455082 1.720550
0.343859 -0.656316 1.730320
0.313806 -0.711130 1.720090
0.255250 -0.037679 1.763450
0.270859 0.015269 1.761010
0.295376 0.279856 1.714800
0.173184 0.432228 1.729930
0.185376 0.168588 1.855230
0.186124 -0.033009 1.820150
0.144716 -0.219208 1.885240
0.138625 -0.283045 1.888050
0.345912 0.156615 1.644290
0.280657 0.038162 1.550530
0.207413 0.160828 1.608980
0.160657 0.209249 1.644180
0.213775 -0.104172 1.818380
0.180353 -0.470065 1.839010
0.173626 -0.695632 1.850390
0.121458 -0.726962 1.810360
0.280517 -0.103524 1.722730
0.313345 -0.459665 1.718120
0.344178 -0.659879 1.729530
0.310583 -0.713979 1.715000
0.255694 -0.037785 1.762730
0.271228 0.015226 1.760250
0.294172 0.280183 1.713630
0.172461 0.432069 1.728990
0.186241 0.168586 1.853520
0.183469 -0.035911 1.826690
0.145646 -0.219630 1.886270
0.139632 -0.284121 1.890190
0.344843 0.156870 1.642470
0.277476 0.038726 1.549660
0.205379 0.160324 1.609460
0.161465 0.208702 1.644480
0.214569 -0.104441 1.818170
0.181559 -0.470105 1.839050
0.175496 -0.695153 1.850350
0.123243 -0.726532 1.810480
0.280794 -0.103767 1.721770
0.312060 -0.463214 1.716420
0.344659 -0.663219 1.728280
0.318824 -0.724104 1.735160
0.255945 -0.037789 1.762190
0.271417 0.015263 1.759660
0.292833 0.280507 1.712680
0.171545 0.431984 1.728130
0.186819 0.168634 1.852240
0.181097 -0.037741 1.832010
0.146208 -0.221127 1.887610
0.140160 -0.284708 1.891860
0.343547 0.157168 1.640840
0.274014 0.039358 1.549080
0.203898 0.160072 1.609930
0.163849 0.208318 1.644420
0.215161 -0.104636 1.818100
0.182739 -0.470464 1.839070
0.179656 -0.694608 1.849920
0.127173 -0.726071 1.810360
0.280838 -0.103965 1.721040
0.311054 -0.464241 1.714760
0.344717 -0.664129 1.727640
0.304911 -0.710058 1.711960
0.256011 -0.037721 1.761800
0.271425 0.015358 1.759220
0.291298 0.280844 1.711920
0.170478 0.431975 1.727380
0.187110 0.168656 1.851190
0.179047 -0.039081 1.836170
0.146514 -0.222783 1.888860
0.140286 -0.285183 1.893130
0.341682 0.157456 1.639270
0.270439 0.039795 1.548670
0.202878 0.160002 1.610390
0.167195 0.208022 1.644140
0.215567 -0.104836 1.818260
0.183756 -0.470858 1.839090
0.191448 -0.697674 1.849490
0.138590 -0.729228 1.810470
0.280570 -0.104181 1.720480
0.310064 -0.464096 1.712730
0.344587 -0.664173 1.726920
0.296039 -0.699075 1.697670
0.255768 -0.037394 1.761400
0.271149 0.015659 1.758770
0.289844 0.281186 1.711320
0.169456 0.432028 1.726770
0.187103 0.168602 1.850310
0.176824 -0.040189 1.839470
0.146471 -0.227341 1.890310
0.140093 -0.285672 1.894000
0.339147 0.157751 1.637890
0.266312 0.040196 1.548520
0.202127 0.160125 1.610890
0.170197 0.207926 1.643920
0.215824 -0.104917 1.818390
0.186386 -0.474132 1.839140
0.201026 -0.700523 1.849560
0.144356 -0.730838 1.810730
0.279812 -0.104363 1.719810
0.309265 -0.463635 1.711140
0.344320 -0.663852 1.726290
0.292783 -0.695405 1.692780
0.254705 -0.036115 1.761060
0.270200 0.016643 1.758360
0.288323 0.281593 1.710960
0.168453 0.432171 1.726340
0.186669 0.168593 1.849650
0.173949 -0.040661 1.843460
0.146340 -0.230793 1.891320
0.139914 -0.285977 1.894620
0.335550 0.158113 1.636870
0.260229 0.041241 1.548540
0.201256 0.160668 1.611490
0.171871 0.208130 1.643830
0.215687 -0.104617 1.818910
0.188896 -0.477844 1.839530
0.210045 -0.703540 1.850850
0.150380 -0.732770 1.811720
0.278259 -0.104441 1.718990
0.308588 -0.462860 1.709740
0.343846 -0.663167 1.725710
0.289540 -0.691681 1.688460
0.252697 -0.033995 1.760750
0.268375 0.018349 1.758000
0.286469 0.282209 1.710850
0.167440 0.432540 1.726140
0.185530 0.168731 1.849180
0.168580 -0.040377 1.848620
0.146180 -0.233627 1.892090
0.139597 -0.286290 1.895070
0.331236 0.158636 1.636350
0.254392 0.042405 1.548670
0.200318 0.161519 1.612170
0.173056 0.208431 1.643780
0.214858 -0.103757 1.819780
0.190986 -0.481256 1.840180
0.218076 -0.706421 1.852890
0.156525 -0.734906 1.813340
0.275528 -0.104270 1.717930
0.307002 -0.475781 1.712110
0.349537 -0.674365 1.731290
0.293489 -0.684539 1.688460
0.250058 -0.031753 1.760630
0.265921 0.020290 1.757860
0.284195 0.283380 1.711280
0.167795 0.436092 1.728080
0.183568 0.169049 1.848960
0.163994 -0.039836 1.852270
0.145850 -0.235718 1.892420
0.137493 -0.292665 1.891910
0.327000 0.159668 1.636380
0.249799 0.043828 1.548910
0.199759 0.167023 1.610950
0.178402 0.214678 1.638370
0.212956 -0.102266 1.820820
0.192521 -0.483522 1.840760
0.224108 -0.708220 1.854800
0.161953 -0.736539 1.815030
0.271953 -0.103903 1.717020
0.304711 -0.471603 1.708470
0.347419 -0.669942 1.729920
0.292000 -0.681947 1.686610
0.245869 -0.028192 1.760990
0.261983 0.023451 1.758430
0.280504 0.285826 1.714130
0.172869 0.444115 1.732610
0.178096 0.182297 1.849130
0.151216 -0.023054 1.854500
0.142891 -0.232500 1.890190
0.134231 -0.291102 1.887020
0.323233 0.161310 1.636800
0.246865 0.045332 1.548920
0.203267 0.178362 1.604430
0.190856 0.229033 1.623640
0.208605 -0.097743 1.821780
0.193575 -0.484279 1.841230
0.228691 -0.709310 1.856530
0.191752 -0.753294 1.838650
0.266314 -0.101957 1.716630
0.303018 -0.467270 1.705480
0.345171 -0.665328 1.728420
0.290760 -0.680122 1.685270
0.240165 -0.024649 1.762160
0.256328 0.027013 1.760260
0.272775 0.294541 1.727050
0.186994 0.459282 1.741920
0.174028 0.192114 1.850130
0.145160 -0.013391 1.856070
0.139629 -0.227004 1.886970
0.130152 -0.286063 1.884320
0.318083 0.165207 1.637980
0.246854 0.047984 1.547300
0.209988 0.186424 1.598160
0.211026 0.243378 1.607060
0.202772 -0.092359 1.822150
0.194503 -0.484124 1.841760
0.231973 -0.709998 1.857990
0.206861 -0.761622 1.850750
0.258208 -0.098283 1.717510
0.301467 -0.462244 1.702890
0.343071 -0.661183 1.727020
0.289498 -0.678752 1.684320
0.233834 -0.021744 1.764150
0.250141 0.030277 1.763160
0.267005 0.304326 1.740850
0.193607 0.466175 1.746820
0.171571 0.198865 1.852040
0.139816 -0.003617 1.855730
0.136231 -0.220897 1.883800
0.127486 -0.282799 1.882380
0.312910 0.170031 1.639600
0.271058 0.051786 1.541700
0.227056 0.192866 1.589620
0.236288 0.249140 1.594100
0.197005 -0.087424 1.822010
0.195043 -0.483044 1.842270
0.234178 -0.710438 1.859070
0.215327 -0.766305 1.857620
0.248793 -0.093465 1.720390
0.299859 -0.457591 1.701090
0.341459 -0.658371 1.726040
0.288207 -0.677911 1.683790
0.228247 -0.019993 1.765990
0.244930 0.032579 1.765900
0.264081 0.314953 1.753200
0.197967 0.470335 1.750620
0.167108 0.203440 1.854100
0.135967 0.000191 1.855560
0.133625 -0.218001 1.881890
0.125403 -0.281361 1.881350
0.309147 0.173628 1.641040
0.316403 0.048973 1.548220
0.259768 0.193988 1.586650
0.258440 0.248678 1.591500
0.190926 -0.083938 1.821690
0.194858 -0.481968 1.842490
0.235642 -0.710719 1.859880
0.220504 -0.769184 1.861810
0.242570 -0.090802 1.722210
0.298326 -0.454650 1.700100
0.340074 -0.656471 1.725380
0.287015 -0.677505 1.683370
0.223328 -0.019148 1.767830
0.240391 0.034004 1.768810
0.263624 0.322654 1.765190
0.202559 0.473565 1.755630
0.162436 0.205270 1.855750
0.131458 0.001411 1.854130
0.108506 -0.208322 1.894230
0.111666 -0.277148 1.890860
0.306900 0.175739 1.642550
0.359094 0.039286 1.563400
0.296030 0.188223 1.593220
0.287614 0.240760 1.599590
0.184264 -0.081976 1.821450
0.193273 -0.480343 1.842170
0.236590 -0.710863 1.860530
0.224078 -0.771143 1.864630
0.238180 -0.089459 1.723410
0.296870 -0.452586 1.699580
0.338876 -0.655273 1.724960
0.285869 -0.677532 1.683010
0.219456 -0.018720 1.769420
0.236755 0.034888 1.771580
0.265001 0.327273 1.775340
0.206408 0.475703 1.760260
0.157314 0.205211 1.857300
0.128644 0.004915 1.854220
0.100426 -0.198391 1.892970
0.096193 -0.258087 1.885530
0.305922 0.176708 1.646000
0.396165 0.022967 1.588340
0.307108 0.169985 1.599810
0.287036 0.211022 1.608170
0.178301 -0.080865 1.821140
0.189824 -0.477984 1.841290
0.237056 -0.710816 1.861060
0.226469 -0.772491 1.866650
0.235048 -0.088702 1.724260
0.295245 -0.452045 1.699520
0.337943 -0.654504 1.724690
0.285075 -0.677762 1.682580
0.216349 -0.018849 1.770690
0.233203 0.034199 1.774500
0.262734 0.294743 1.792930
0.209665 0.476811 1.765040
0.151160 0.202861 1.858050
0.126343 0.007065 1.854100
0.092994 -0.188253 1.887640
0.088562 -0.250275 1.881550
0.308150 0.175246 1.654210
0.420693 0.008347 1.609600
0.312527 0.155564 1.605160
0.283277 0.192297 1.612760
0.173018 -0.080899 1.820160
0.185949 -0.476454 1.840120
0.237005 -0.710523 1.861460
0.227524 -0.773136 1.867820
0.232665 -0.088533 1.724930
0.293328 -0.452690 1.699980
0.337053 -0.654251 1.724560
0.284618 -0.678661 1.681850
0.213896 -0.019385 1.771720
0.230351 0.032384 1.777580
0.261978 0.278241 1.800860
0.212511 0.477280 1.769420
0.144981 0.199424 1.858520
0.115041 -0.004593 1.837530
0.088244 -0.178959 1.876430
0.082208 -0.239623 1.869110
0.313658 0.171491 1.665370
0.435799 -0.001798 1.626530
0.315904 0.142298 1.614240
0.280294 0.178336 1.620590
0.168053 -0.082702 1.818390
0.181778 -0.475650 1.838360
0.236415 -0.709919 1.861550
0.227239 -0.773010 1.867990
0.230921 -0.088648 1.725450
0.291183 -0.454989 1.700970
0.336147 -0.654899 1.724640
0.284823 -0.680838 1.680690
0.211978 -0.020463 1.772440
0.228313 0.029411 1.780490
0.261639 0.268654 1.804870
0.214880 0.476843 1.773250
0.138987 0.195225 1.858550
0.098539 -0.003296 1.860980
0.080899 -0.177040 1.877460
0.074661 -0.239067 1.868480
0.321352 0.166152 1.676400
0.444501 -0.008577 1.639490
0.318059 0.131031 1.625520
0.278203 0.167617 1.630470
0.163794 -0.086422 1.815020
0.173424 -0.472992 1.834450
0.235412 -0.709105 1.861270
0.225930 -0.772295 1.867230
0.229712 -0.089180 1.725850
0.289276 -0.458465 1.702600
0.335338 -0.656659 1.724930
0.285971 -0.684225 1.679080
0.210537 -0.021838 1.772910
0.227050 0.026122 1.783170
0.261571 0.262519 1.807260
0.217206 0.475839 1.776740
0.134550 0.192079 1.858330
0.091901 -0.003742 1.865590
0.074340 -0.178221 1.866070
0.069260 -0.241252 1.860760
0.330929 0.161084 1.687100
0.449241 -0.013109 1.650030
0.319462 0.122628 1.636720
0.252519 0.123553 1.604950
0.160691 -0.090053 1.811460
0.166131 -0.470521 1.830470
0.233889 -0.707744 1.860250
0.223752 -0.770831 1.865400
0.229000 -0.090109 1.726200
0.288109 -0.472260 1.711500
0.337094 -0.667317 1.727960
0.295531 -0.662308 1.694540
0.209536 -0.023895 1.772900
0.226350 0.023342 1.785350
0.261887 0.266574 1.808920
0.218900 0.475557 1.779090
0.129502 0.188295 1.857730
0.080981 -0.010683 1.866010
0.059915 -0.203981 1.856220
0.058255 -0.269568 1.847720
0.342283 0.156429 1.697600
0.452660 -0.017146 1.661800
0.290806 0.093737 1.612200
0.237256 0.107001 1.592570
0.158418 -0.095039 1.805630
0.160741 -0.469313 1.826650
0.231630 -0.706008 1.858340
0.220768 -0.768924 1.862640
0.229200 -0.091868 1.726460
0.287695 -0.481754 1.717970
0.339280 -0.675813 1.730680
0.308078 -0.628156 1.705120
0.209063 -0.026270 1.772340
0.226022 0.021048 1.787030
0.261663 0.272250 1.809410
0.221857 0.475359 1.781580
0.124288 0.184748 1.856690
0.073735 -0.016070 1.865400
0.052612 -0.211985 1.848870
0.052534 -0.278521 1.839590
0.352683 0.153574 1.706640
0.454318 -0.019968 1.670430
0.276787 0.078426 1.597850
0.231554 0.098693 1.582370
0.157443 -0.099817 1.798300
0.167539 -0.482579 1.813010
0.229442 -0.699600 1.857940
0.212920 -0.755329 1.852510
0.230941 -0.094473 1.726510
0.287834 -0.488180 1.722210
0.340918 -0.682328 1.732530
0.310525 -0.623957 1.710570
0.209336 -0.028744 1.771020
0.226047 0.019255 1.788160
0.261264 0.278000 1.809260
0.225846 0.475197 1.783960
0.119377 0.181730 1.855170
0.068434 -0.020533 1.863380
0.043774 -0.229303 1.826890
0.046280 -0.295009 1.823010
0.361019 0.151987 1.714080
0.455218 -0.021894 1.677610
0.269571 0.062068 1.584410
0.235293 0.092383 1.570130
0.157895 -0.103460 1.789970
0.171723 -0.489803 1.804820
0.225361 -0.695320 1.855250
0.209615 -0.751268 1.848030
0.234863 -0.097434 1.726080
0.288423 -0.492359 1.724770
0.341622 -0.687074 1.733760
0.311634 -0.623606 1.714810
0.210712 -0.031282 1.768630
0.226457 0.017755 1.788810
0.260842 0.282594 1.808880
0.231229 0.475001 1.786020
0.114505 0.178964 1.852290
0.063940 -0.024989 1.858000
0.039531 -0.237724 1.815770
0.041678 -0.304575 1.809700
0.369017 0.151503 1.721130
0.455987 -0.023164 1.684520
0.268972 0.053975 1.577430
0.254415 0.092292 1.556870
0.159869 -0.105972 1.780790
0.174612 -0.494222 1.798820
0.221652 -0.692133 1.852000
0.207368 -0.748804 1.844980
0.241313 -0.100374 1.724980
0.289165 -0.495298 1.726510
0.342070 -0.690487 1.734660
0.310882 -0.627264 1.718760
0.212836 -0.033169 1.765750
0.227171 0.016635 1.789090
0.260499 0.286061 1.808420
0.237795 0.475116 1.788020
0.110086 0.176932 1.848320
0.060285 -0.028473 1.849520
0.036247 -0.242653 1.805360
0.037436 -0.309825 1.796870
0.378092 0.153579 1.729620
0.456532 -0.024246 1.690520
0.274693 0.049645 1.571350
0.280201 0.095552 1.546430
0.162198 -0.106974 1.772960
0.176333 -0.496919 1.793170
0.217886 -0.689209 1.847620
0.201311 -0.745297 1.836410
0.248256 -0.102279 1.723760
0.290198 -0.497249 1.727800
0.342340 -0.692739 1.735250
0.308702 -0.632660 1.721470
0.215625 -0.034704 1.762420
0.228320 0.015682 1.788940
0.260235 0.288632 1.807980
0.243314 0.475020 1.789590
0.106010 0.175254 1.842460
0.057200 -0.031137 1.837710
0.033475 -0.245239 1.793600
0.033004 -0.312102 1.782040
0.384707 0.155777 1.736220
0.457191 -0.025306 1.696460
0.292391 0.050041 1.564250
0.291721 0.096663 1.540940
0.164955 -0.107243 1.765660
0.177232 -0.498589 1.788230
0.214479 -0.687123 1.842650
0.194128 -0.742224 1.826890
0.254840 -0.103621 1.722630
0.291461 -0.498574 1.728670
0.342471 -0.694419 1.735650
0.307345 -0.636339 1.723610
0.218901 -0.035562 1.758930
0.229854 0.015053 1.788380
0.259985 0.290624 1.807520
0.249947 0.475292 1.790750
0.103003 0.174173 1.835760
0.055096 -0.032613 1.823880
0.031553 -0.245326 1.778590
0.029118 -0.312805 1.766510
0.390873 0.158675 1.742550
0.458311 -0.027088 1.702750
0.310365 0.051576 1.561310
0.306698 0.099366 1.539680
0.168022 -0.106740 1.759220
0.177607 -0.499288 1.783760
0.211195 -0.685591 1.837190
0.189510 -0.740598 1.819700
0.261139 -0.104232 1.721610
0.293580 -0.499138 1.729320
0.342491 -0.695644 1.735940
0.306609 -0.638619 1.725040
