0.069273 -0.380662 2.250410
0.057762 -0.330480 2.293950
0.048095 -0.042426 2.287430
0.050502 0.141519 2.276410
-0.118180 -0.146998 2.261030
-0.164990 -0.349419 2.189300
-0.155611 -0.460890 2.044890
-0.174231 -0.489795 1.997630
0.221368 -0.140141 2.332470
0.284636 -0.366775 2.321610
0.299039 -0.485584 2.146360
0.320163 -0.500079 2.094580
-0.009842 -0.458154 2.224650
-0.097129 -0.599588 1.948470
-0.127891 -0.863501 2.007820
-0.111524 -0.896717 1.930100
0.157443 -0.456089 2.254470
0.243732 -0.621768 1.991960
0.194086 -0.899384 2.015220
0.210200 -0.932599 1.937490
0.069193 -0.380612 2.250420
0.057657 -0.330441 2.293970
0.047951 -0.042409 2.287550
0.050506 0.141559 2.276500
-0.118229 -0.147019 2.261080
-0.165087 -0.349393 2.189370
-0.155706 -0.460870 2.044970
-0.173838 -0.489861 1.997490
0.221350 -0.140163 2.332690
0.284475 -0.366841 2.321770
0.300273 -0.485115 2.149940
0.321775 -0.503050 2.099870
-0.009913 -0.458126 2.224650
-0.097211 -0.599576 1.948480
-0.127707 -0.863507 2.007880
-0.111325 -0.896722 1.930160
0.157390 -0.456057 2.254460
0.243742 -0.621787 1.992030
0.193925 -0.899433 2.015120
0.210068 -0.932642 1.937400
0.069118 -0.380566 2.250420
0.057560 -0.330405 2.293980
0.047821 -0.042388 2.287670
0.050509 0.141604 2.276590
-0.118273 -0.147040 2.261140
-0.165179 -0.349367 2.189440
-0.155791 -0.460848 2.045040
-0.173557 -0.489912 1.997390
0.221351 -0.140197 2.332890
0.284264 -0.366949 2.322010
0.301502 -0.484803 2.152980
0.323827 -0.505696 2.104610
-0.009979 -0.458100 2.224650
-0.097294 -0.599551 1.948490
-0.127607 -0.863514 2.007890
-0.111213 -0.896727 1.930180
0.157340 -0.456031 2.254460
0.243734 -0.621811 1.992100
0.193783 -0.899496 2.015020
0.209951 -0.932698 1.937310
0.069048 -0.380523 2.250440
0.057469 -0.330371 2.294000
0.047707 -0.042368 2.287780
0.050512 0.141644 2.276660
-0.118314 -0.147062 2.261190
-0.165264 -0.349342 2.189500
-0.155864 -0.460826 2.045100
-0.173345 -0.489952 1.997320
0.221358 -0.140238 2.333060
0.284002 -0.367093 2.322480
0.303365 -0.484685 2.156590
0.327847 -0.507604 2.110170
-0.010042 -0.458077 2.224650
-0.097372 -0.599528 1.948500
-0.127512 -0.863519 2.007920
-0.111111 -0.896732 1.930200
0.157293 -0.456007 2.254450
0.243661 -0.621855 1.992170
0.193706 -0.899558 2.014970
0.209891 -0.932756 1.937260
0.068979 -0.380483 2.250450
0.057380 -0.330339 2.294030
0.047601 -0.042343 2.287880
0.050516 0.141682 2.276720
-0.118352 -0.147083 2.261230
-0.165340 -0.349319 2.189560
-0.155927 -0.460806 2.045160
-0.173193 -0.489985 1.997270
0.221375 -0.140292 2.333220
0.283707 -0.367282 2.323130
0.305606 -0.484648 2.161450
0.330270 -0.509007 2.115020
-0.010105 -0.458056 2.224650
-0.097440 -0.599500 1.948500
-0.127428 -0.863522 2.007920
-0.111020 -0.896734 1.930210
0.157248 -0.455987 2.254460
0.243581 -0.621899 1.992250
0.193645 -0.899607 2.014940
0.209844 -0.932800 1.937240
0.068913 -0.380443 2.250470
0.057293 -0.330306 2.294050
0.047505 -0.042326 2.287970
0.050525 0.141701 2.276760
-0.118388 -0.147104 2.261280
-0.165410 -0.349299 2.189610
-0.155984 -0.460788 2.045210
-0.173081 -0.490024 1.997250
0.221415 -0.140364 2.333430
0.283383 -0.367509 2.324100
0.307811 -0.485133 2.166040
0.332398 -0.510364 2.119260
-0.010164 -0.458036 2.224650
-0.097505 -0.599467 1.948510
-0.127371 -0.863527 2.007910
-0.110955 -0.896738 1.930200
0.157205 -0.455967 2.254460
0.243497 -0.621942 1.992330
0.193611 -0.899653 2.014980
0.209828 -0.932844 1.937280
0.068848 -0.380405 2.250480
0.057206 -0.330275 2.294070
0.047419 -0.042308 2.288050
0.050536 0.141717 2.276790
-0.118419 -0.147122 2.261320
-0.165484 -0.349261 2.189670
-0.156032 -0.460760 2.045270
-0.173009 -0.490055 1.997250
0.221464 -0.140454 2.333620
0.283035 -0.367775 2.325210
0.309969 -0.485872 2.170020
0.334769 -0.511823 2.123270
-0.010225 -0.458015 2.224660
-0.097557 -0.599433 1.948510
-0.127346 -0.863533 2.007870
-0.110921 -0.896742 1.930160
0.157160 -0.455951 2.254470
0.243434 -0.621985 1.992400
0.193569 -0.899693 2.015010
0.209801 -0.932882 1.937320
0.068782 -0.380371 2.250500
0.057119 -0.330246 2.294090
0.047339 -0.042291 2.288120
0.050547 0.141732 2.276820
-0.118445 -0.147137 2.261350
-0.165544 -0.349225 2.189720
-0.156082 -0.460733 2.045320
-0.172926 -0.490084 1.997250
0.221514 -0.140554 2.333810
0.282614 -0.368077 2.326640
0.311743 -0.486491 2.173290
0.337168 -0.513607 2.127380
-0.010284 -0.457996 2.224660
-0.097587 -0.599420 1.948510
-0.127346 -0.863546 2.007840
-0.110910 -0.896754 1.930140
0.157105 -0.455943 2.254470
0.243314 -0.622067 1.992500
0.193502 -0.899753 2.015070
0.209753 -0.932938 1.937370
0.068719 -0.380340 2.250510
0.057035 -0.330219 2.294120
0.047264 -0.042274 2.288180
0.050563 0.141744 2.276840
-0.118469 -0.147152 2.261370
-0.165600 -0.349195 2.189750
-0.156119 -0.460719 2.045360
-0.172854 -0.490117 1.997250
0.221561 -0.140657 2.333980
0.282079 -0.368397 2.328340
0.313566 -0.487179 2.177180
0.339153 -0.514958 2.131510
-0.010342 -0.457979 2.224660
-0.097610 -0.599409 1.948510
-0.127394 -0.863562 2.007800
-0.110942 -0.896767 1.930110
0.157050 -0.455938 2.254480
0.243186 -0.622148 1.992590
0.193438 -0.899813 2.015120
0.209709 -0.932995 1.937430
0.068663 -0.380317 2.250520
0.056961 -0.330200 2.294140
0.047204 -0.042261 2.288230
0.050584 0.141749 2.276830
-0.118489 -0.147165 2.261390
-0.165648 -0.349172 2.189770
-0.156147 -0.460712 2.045390
-0.172782 -0.490162 1.997250
0.221591 -0.140773 2.334120
0.281613 -0.368705 2.329850
0.314911 -0.487765 2.180000
0.340791 -0.515988 2.134650
-0.010393 -0.457965 2.224660
-0.097629 -0.599400 1.948510
-0.127449 -0.863578 2.007750
-0.110983 -0.896781 1.930070
0.156995 -0.455940 2.254500
0.243064 -0.622220 1.992680
0.193365 -0.899865 2.015190
0.209655 -0.933044 1.937490
0.068611 -0.380297 2.250540
0.056890 -0.330182 2.294150
0.047153 -0.042251 2.288270
0.050605 0.141754 2.276820
-0.118505 -0.147178 2.261410
-0.165693 -0.349150 2.189780
-0.156167 -0.460705 2.045410
-0.172759 -0.490192 1.997260
0.221616 -0.140902 2.334250
0.281196 -0.368995 2.331260
0.315875 -0.488306 2.181990
0.341869 -0.516739 2.136700
-0.010443 -0.457953 2.224660
-0.097645 -0.599387 1.948500
-0.127528 -0.863585 2.007690
-0.111044 -0.896787 1.930020
0.156941 -0.455945 2.254520
0.242974 -0.622281 1.992760
0.193151 -0.899902 2.015270
0.209478 -0.933078 1.937570
0.068563 -0.380278 2.250550
0.056824 -0.330165 2.294170
0.047109 -0.042244 2.288310
0.050625 0.141758 2.276800
-0.118520 -0.147190 2.261420
-0.165736 -0.349131 2.189780
-0.156179 -0.460699 2.045420
-0.174120 -0.490506 1.998110
0.221630 -0.141029 2.334360
0.280848 -0.369236 2.332480
0.316618 -0.488682 2.183420
0.342568 -0.517170 2.137990
-0.010481 -0.457941 2.224660
-0.097605 -0.599473 1.948530
-0.127841 -0.863711 2.007700
-0.111324 -0.896907 1.930030
0.156889 -0.455949 2.254540
0.242907 -0.622330 1.992840
0.192693 -0.899898 2.015350
0.209078 -0.933075 1.937660
0.068516 -0.380261 2.250560
0.056758 -0.330149 2.294190
0.047065 -0.042240 2.288330
0.050648 0.141754 2.276750
-0.118532 -0.147202 2.261430
-0.165775 -0.349113 2.189780
-0.156189 -0.460691 2.045430
-0.175218 -0.490732 1.998730
0.221641 -0.141169 2.334480
0.280586 -0.369445 2.333470
0.317152 -0.488958 2.184450
0.343387 -0.517452 2.139150
-0.010519 -0.457929 2.224660
-0.097573 -0.599539 1.948550
-0.128092 -0.863804 2.007710
-0.111542 -0.896994 1.930050
0.156835 -0.455955 2.254570
0.242847 -0.622377 1.992920
0.191954 -0.899833 2.015480
0.208417 -0.933014 1.937790
0.068471 -0.380246 2.250580
0.056695 -0.330135 2.294200
0.047026 -0.042237 2.288350
0.050672 0.141749 2.276690
-0.118543 -0.147214 2.261430
-0.165813 -0.349096 2.189780
-0.156197 -0.460685 2.045440
-0.175988 -0.490892 1.999150
0.221636 -0.141320 2.334580
0.280422 -0.369610 2.334170
0.317806 -0.489084 2.185020
0.345667 -0.519745 2.140570
-0.010554 -0.457918 2.224650
-0.097540 -0.599605 1.948570
-0.128338 -0.863908 2.007710
-0.111755 -0.897092 1.930050
0.156781 -0.455964 2.254600
0.242810 -0.622439 1.993030
0.190963 -0.899743 2.015600
0.207513 -0.932929 1.937910
0.068430 -0.380233 2.250590
0.056636 -0.330124 2.294220
0.046990 -0.042238 2.288370
0.050696 0.141742 2.276620
-0.118554 -0.147226 2.261440
-0.165851 -0.349080 2.189780
-0.156205 -0.460680 2.045440
-0.176541 -0.491023 1.999440
0.221627 -0.141468 2.334680
0.280360 -0.369712 2.334560
0.325991 -0.490973 2.175470
0.353890 -0.525579 2.134560
-0.010585 -0.457909 2.224650
-0.097530 -0.599631 1.948580
-0.128513 -0.863974 2.007680
-0.111901 -0.897152 1.930030
0.156731 -0.455976 2.254630
0.242818 -0.622525 1.993180
0.189702 -0.899610 2.015710
0.206342 -0.932802 1.938030
0.068386 -0.380221 2.250600
0.056574 -0.330113 2.294230
0.046956 -0.042240 2.288390
0.050717 0.141731 2.276560
-0.118565 -0.147237 2.261440
-0.165891 -0.349061 2.189770
-0.156210 -0.460677 2.045450
-0.176881 -0.491118 1.999640
0.221609 -0.141617 2.334780
0.281045 -0.369712 2.334610
0.345570 -0.472303 2.134760
0.376450 -0.504844 2.095250
-0.010620 -0.457899 2.224640
-0.097521 -0.599651 1.948580
-0.128686 -0.864028 2.007650
-0.112045 -0.897203 1.930010
0.156672 -0.455990 2.254670
0.242675 -0.622730 1.993400
0.188884 -0.899693 2.015890
0.205592 -0.932882 1.938230
0.068334 -0.380207 2.250620
0.056501 -0.330102 2.294250
0.046918 -0.042246 2.288400
0.050737 0.141718 2.276490
-0.118574 -0.147247 2.261440
-0.165931 -0.349040 2.189760
-0.156214 -0.460673 2.045450
-0.177081 -0.491168 1.999750
0.221583 -0.141773 2.334910
0.283582 -0.368173 2.333080
0.354350 -0.452192 2.118980
0.391401 -0.473768 2.062080
-0.010662 -0.457886 2.224630
-0.097508 -0.599677 1.948580
-0.128927 -0.864086 2.007640
-0.112242 -0.897255 1.930000
0.156604 -0.456004 2.254720
0.242358 -0.623055 1.993680
0.188282 -0.899865 2.016130
0.205049 -0.933048 1.938470
0.068230 -0.380186 2.250640
0.056362 -0.330088 2.294270
0.046829 -0.042266 2.288430
0.050812 0.141704 2.276440
-0.118583 -0.147257 2.261440
-0.165977 -0.349014 2.189750
-0.156219 -0.460669 2.045450
-0.176809 -0.491154 1.999620
0.221562 -0.141936 2.335080
0.288297 -0.360771 2.328990
0.353519 -0.418454 2.130150
0.394892 -0.415336 2.038610
-0.010769 -0.457855 2.224600
-0.097487 -0.599719 1.948580
-0.129302 -0.864152 2.007630
-0.112553 -0.897316 1.930010
0.156496 -0.456025 2.254770
0.241919 -0.623461 1.994000
0.187803 -0.900105 2.016360
0.204626 -0.933280 1.938710
0.068071 -0.380141 2.250660
0.056149 -0.330055 2.294290
0.046697 -0.042291 2.288470
0.050904 0.141712 2.276410
-0.118590 -0.147265 2.261440
-0.166050 -0.348951 2.189740
-0.156225 -0.460657 2.045460
-0.176548 -0.491101 1.999520
0.221594 -0.142123 2.335390
0.292913 -0.351428 2.324290
0.355325 -0.385787 2.136630
0.392368 -0.355173 2.022860
-0.010952 -0.457786 2.224580
-0.097471 -0.599748 1.948580
-0.129759 -0.864259 2.007530
-0.112912 -0.897411 1.929930
0.156366 -0.456043 2.254820
0.241353 -0.623955 1.994360
0.187471 -0.900444 2.016590
0.204357 -0.933616 1.938950
0.067890 -0.380074 2.250700
0.055893 -0.330003 2.294330
0.046552 -0.042310 2.288520
0.051070 0.141721 2.276390
-0.118598 -0.147271 2.261440
-0.166139 -0.348864 2.189720
-0.156231 -0.460641 2.045480
-0.176389 -0.491010 1.999440
0.221905 -0.142384 2.336200
0.297530 -0.341128 2.318300
0.351247 -0.342228 2.133760
0.382014 -0.289810 2.026270
-0.011178 -0.457686 2.224560
-0.097402 -0.599859 1.948610
-0.130521 -0.864500 2.007430
-0.113497 -0.897623 1.929860
0.156237 -0.456059 2.254880
0.240745 -0.624507 1.994740
0.187283 -0.900906 2.016830
0.204258 -0.934085 1.939220
0.067719 -0.380020 2.250730
0.055643 -0.329963 2.294360
0.046383 -0.042334 2.288590
0.051199 0.141714 2.276410
-0.118604 -0.147278 2.261450
-0.166228 -0.348776 2.189700
-0.156235 -0.460625 2.045500
-0.176010 -0.490841 1.999240
0.222177 -0.142584 2.336960
0.305870 -0.327982 2.299970
0.354412 -0.266333 2.094160
0.374204 -0.206874 2.010110
-0.011380 -0.457604 2.224540
-0.097333 -0.599978 1.948630
-0.131238 -0.864724 2.007340
-0.114046 -0.897819 1.929810
0.156117 -0.456082 2.254920
0.240208 -0.625012 1.995060
0.187143 -0.901361 2.017070
0.204207 -0.934548 1.939490
0.067563 -0.379969 2.250760
0.055417 -0.329928 2.294390
0.046216 -0.042361 2.288690
0.051434 0.141670 2.276500
-0.118611 -0.147284 2.261450
-0.166311 -0.348687 2.189680
-0.156238 -0.460606 2.045510
-0.175603 -0.490667 1.999050
0.222588 -0.142836 2.337750
0.310389 -0.320874 2.286600
0.351358 -0.195138 2.068440
0.359688 -0.131885 2.019750
-0.011570 -0.457528 2.224520
-0.097264 -0.600084 1.948650
-0.131925 -0.864930 2.007240
-0.114582 -0.898001 1.929740
0.156018 -0.456110 2.254960
0.239731 -0.625457 1.995330
0.186791 -0.901732 2.017430
0.203952 -0.934904 1.939860
0.067414 -0.379920 2.250790
0.055217 -0.329902 2.294440
0.046025 -0.042384 2.288870
0.051677 0.141623 2.276650
-0.118617 -0.147288 2.261460
-0.166388 -0.348600 2.189670
-0.156238 -0.460589 2.045530
-0.173783 -0.490477 1.998530
0.223011 -0.143103 2.338340
0.320902 -0.299555 2.248370
0.347616 -0.158659 2.061550
0.342010 -0.078434 2.038130
-0.011751 -0.457454 2.224500
-0.097183 -0.600230 1.948690
-0.132735 -0.865192 2.007140
-0.115277 -0.898241 1.929670
0.155928 -0.456141 2.255000
0.239335 -0.625802 1.995520
0.186511 -0.902039 2.017700
0.203740 -0.935196 1.940140
0.067277 -0.379873 2.250830
0.055048 -0.329878 2.294490
0.045852 -0.042396 2.289100
0.051999 0.141585 2.276910
-0.118621 -0.147292 2.261470
-0.166458 -0.348496 2.189660
-0.156238 -0.460556 2.045570
-0.168957 -0.489754 1.997520
0.223355 -0.143304 2.338730
0.324953 -0.291475 2.233580
0.341504 -0.150379 2.073120
0.324434 -0.066407 2.070330
-0.011919 -0.457381 2.224490
-0.097101 -0.600354 1.948730
-0.133259 -0.865375 2.007090
-0.115743 -0.898411 1.929630
0.155846 -0.456169 2.255040
0.238992 -0.626093 1.995680
0.186334 -0.902331 2.017880
0.203604 -0.935474 1.940330
0.067168 -0.379808 2.250880
0.054933 -0.329843 2.294540
0.045696 -0.042395 2.289360
0.052337 0.141571 2.277240
-0.118641 -0.147228 2.261590
-0.166504 -0.348353 2.189680
-0.156249 -0.460500 2.045640
-0.165547 -0.489156 1.996900
0.223890 -0.143509 2.338940
0.329100 -0.286586 2.218420
0.333776 -0.125481 2.078040
0.308256 -0.039538 2.088180
-0.012060 -0.457299 2.224520
-0.097062 -0.600386 1.948750
-0.133582 -0.865472 2.006960
-0.116067 -0.898503 1.929480
0.155804 -0.456184 2.255060
0.238685 -0.626361 1.995800
0.186201 -0.902623 2.018060
0.203474 -0.935757 1.940500
0.067123 -0.379700 2.250970
0.054893 -0.329774 2.294650
0.045640 -0.042377 2.289720
0.052627 0.141600 2.277620
-0.118581 -0.147059 2.261830
-0.166537 -0.348192 2.189720
-0.156256 -0.460408 2.045730
-0.169760 -0.489121 1.999450
0.224546 -0.143694 2.338940
0.332757 -0.283896 2.208270
0.321466 -0.117457 2.095090
0.296867 -0.028061 2.100750
-0.012137 -0.457168 2.224620
-0.097015 -0.600274 1.948840
-0.133840 -0.865565 2.006600
-0.116375 -0.898591 1.929080
0.155800 -0.456181 2.255080
0.238387 -0.626605 1.995900
0.186148 -0.902958 2.018200
0.203394 -0.936076 1.940640
0.067147 -0.379432 2.251120
0.054936 -0.329610 2.294820
0.045658 -0.042336 2.290250
0.052861 0.141655 2.278040
-0.118510 -0.146880 2.262100
-0.166490 -0.347939 2.189810
-0.156320 -0.460258 2.045890
-0.169886 -0.489319 2.000000
0.225094 -0.143708 2.338800
0.334914 -0.280654 2.201040
0.286510 -0.066774 2.132570
0.268745 0.006540 2.136220
-0.012159 -0.456928 2.224710
-0.096955 -0.600194 1.948980
-0.134059 -0.865718 2.006260
-0.116675 -0.898749 1.928700
0.155907 -0.456019 2.255120
0.238090 -0.626788 1.996040
0.186235 -0.903412 2.018240
0.203412 -0.936489 1.940670
0.067317 -0.378815 2.251360
0.055142 -0.329228 2.295110
0.045735 -0.042268 2.290880
0.053070 0.141725 2.278430
-0.118468 -0.146559 2.262500
-0.166383 -0.347611 2.189950
-0.156405 -0.460034 2.046090
-0.170021 -0.489522 2.000500
0.225181 -0.142791 2.338190
0.336856 -0.276934 2.195250
0.266143 -0.035664 2.152840
0.245244 0.020809 2.174870
-0.012037 -0.456414 2.224860
-0.096818 -0.600138 1.949310
-0.134368 -0.866056 2.005800
-0.117168 -0.899116 1.928150
0.156296 -0.455138 2.255180
0.237770 -0.626858 1.996280
0.186607 -0.904111 2.017980
0.203612 -0.937119 1.940410
0.067615 -0.377891 2.251610
0.055536 -0.328641 2.295440
0.045881 -0.042196 2.291540
0.053302 0.141820 2.278820
-0.118440 -0.146152 2.262980
-0.166113 -0.347114 2.190180
-0.156690 -0.459578 2.046350
-0.170023 -0.489786 2.001000
0.224331 -0.141499 2.336340
0.328410 -0.222840 2.174510
0.241606 0.009065 2.164210
0.219403 0.055344 2.193240
-0.011754 -0.455516 2.224960
-0.096612 -0.600193 1.949860
-0.134828 -0.866708 2.005200
-0.117989 -0.899848 1.927400
0.156886 -0.453539 2.255220
0.237580 -0.626457 1.996470
0.186834 -0.904336 2.017710
0.203666 -0.937317 1.940130
0.067918 -0.377003 2.251830
0.055957 -0.328064 2.295760
0.046009 -0.042118 2.292210
0.053541 0.141918 2.279190
-0.118383 -0.145793 2.263430
-0.165798 -0.346613 2.190420
-0.154793 -0.458042 2.046510
-0.158470 -0.489090 2.001660
0.222347 -0.140044 2.333690
0.323045 -0.193333 2.164720
0.232510 0.023706 2.169790
0.205553 0.060982 2.206280
-0.011363 -0.454512 2.225020
-0.096388 -0.600267 1.950460
-0.135225 -0.867419 2.004590
-0.118771 -0.900632 1.926650
0.157449 -0.451742 2.255160
0.237487 -0.625800 1.996650
0.186990 -0.904426 2.017400
0.203634 -0.937382 1.939770
0.068240 -0.376149 2.252010
0.056446 -0.327477 2.296060
0.046185 -0.042044 2.292860
0.053758 0.142004 2.279510
-0.118288 -0.145361 2.263960
-0.165466 -0.346078 2.190680
-0.155001 -0.457173 2.046660
-0.156988 -0.489118 2.001950
0.217638 -0.136394 2.329810
0.321055 -0.181990 2.160470
0.224510 0.030595 2.173630
0.196136 0.062341 2.215310
-0.010877 -0.453462 2.225070
-0.096272 -0.600192 1.950980
-0.135420 -0.868037 2.003870
-0.119344 -0.901285 1.925790
0.157993 -0.449652 2.255080
0.237436 -0.624930 1.996880
0.187158 -0.904443 2.016950
0.203544 -0.937369 1.939230
0.068530 -0.375443 2.252150
0.056905 -0.326972 2.296320
0.046516 -0.041949 2.293540
0.053946 0.142075 2.279790
-0.118172 -0.144979 2.264440
-0.165165 -0.345611 2.190890
-0.153539 -0.455590 2.046530
-0.154876 -0.488745 2.001850
0.213231 -0.133543 2.326840
0.319286 -0.175161 2.158480
0.216578 0.027850 2.177690
0.188593 0.059468 2.222770
-0.010422 -0.452550 2.225110
-0.096149 -0.600162 1.951510
-0.135671 -0.868674 2.003190
-0.119969 -0.901958 1.924980
0.158347 -0.447832 2.254930
0.237419 -0.624106 1.997090
0.187280 -0.904415 2.016510
0.203411 -0.937308 1.938690
0.068767 -0.374913 2.252250
0.057325 -0.326557 2.296530
0.046847 -0.041840 2.294160
0.054096 0.142103 2.280010
-0.118041 -0.144661 2.264860
-0.164890 -0.345207 2.191080
-0.153192 -0.454906 2.046550
-0.185286 -0.471404 2.015520
0.209800 -0.131892 2.324400
0.317526 -0.174082 2.159760
0.212429 0.019428 2.179510
0.184128 0.054003 2.227190
-0.010026 -0.451808 2.225150
-0.096096 -0.600028 1.951900
-0.135749 -0.869100 2.002590
-0.120355 -0.902385 1.924290
0.158585 -0.446407 2.254800
0.237443 -0.623283 1.997250
0.187384 -0.904319 2.016080
0.203250 -0.937175 1.938160
0.069015 -0.374446 2.252330
0.057808 -0.326155 2.296730
0.047239 -0.041726 2.294690
0.054193 0.142131 2.280200
-0.117903 -0.144407 2.265210
-0.164653 -0.344859 2.191250
-0.153027 -0.454384 2.046570
-0.191342 -0.468240 2.017430
0.206067 -0.129704 2.321850
0.316152 -0.177477 2.163070
0.210717 0.010130 2.180440
0.181813 0.047327 2.229640
-0.009503 -0.451060 2.225210
-0.095983 -0.599948 1.952410
-0.135924 -0.869673 2.001900
-0.120918 -0.902981 1.923480
0.158766 -0.445111 2.254690
0.237418 -0.622578 1.997430
0.187496 -0.904252 2.015640
0.203075 -0.937081 1.937610
0.069229 -0.374066 2.252390
0.058241 -0.325811 2.296890
0.047737 -0.041531 2.295200
0.054253 0.142154 2.280340
-0.117769 -0.144215 2.265500
-0.164453 -0.344572 2.191380
-0.152948 -0.453992 2.046600
-0.195139 -0.466788 2.017550
0.203129 -0.129067 2.319830
0.314983 -0.182490 2.166680
0.209170 0.005929 2.181470
0.180591 0.040816 2.230980
-0.009045 -0.450433 2.225270
-0.095955 -0.599677 1.952800
-0.135898 -0.869999 2.001220
-0.121204 -0.903289 1.922740
0.158855 -0.444087 2.254610
0.237375 -0.621993 1.997600
0.187605 -0.904200 2.015220
0.202913 -0.937010 1.937090
0.069410 -0.373752 2.252440
0.058624 -0.325517 2.297030
0.048109 -0.041389 2.295570
0.054300 0.142170 2.280440
-0.117642 -0.144071 2.265730
-0.164288 -0.344339 2.191490
-0.153270 -0.453718 2.046700
-0.191078 -0.470721 2.012110
0.201027 -0.129094 2.318110
0.314098 -0.187374 2.169680
0.209239 -0.001189 2.181640
0.180292 0.030371 2.228830
-0.008655 -0.449897 2.225320
-0.095951 -0.599369 1.953130
-0.135824 -0.870250 2.000570
-0.121426 -0.903518 1.922050
0.158896 -0.443271 2.254540
0.237317 -0.621503 1.997760
0.187717 -0.904160 2.014810
0.202762 -0.936958 1.936600
0.069553 -0.373508 2.252480
0.059037 -0.325254 2.297160
0.048433 -0.041257 2.295870
0.054240 0.142166 2.280540
-0.117520 -0.143968 2.265920
-0.164152 -0.344145 2.191590
-0.153841 -0.453558 2.046850
-0.186314 -0.475069 2.007620
0.198811 -0.127950 2.315540
0.313410 -0.191572 2.171960
0.209523 -0.005904 2.181820
0.179653 0.026183 2.228300
-0.008324 -0.449471 2.225370
-0.095955 -0.599069 1.953430
-0.135733 -0.870456 1.999950
-0.121699 -0.903704 1.921380
0.158846 -0.442590 2.254520
0.237230 -0.621059 1.997950
0.187482 -0.904038 2.014340
0.201841 -0.936770 1.935880
0.069678 -0.373311 2.252520
0.059513 -0.325004 2.297290
0.048684 -0.041123 2.296090
0.054156 0.142155 2.280620
-0.117407 -0.143896 2.266080
-0.164038 -0.343984 2.191670
-0.154430 -0.453475 2.047020
-0.182451 -0.478518 2.004520
0.195581 -0.123991 2.310820
0.312902 -0.194774 2.173550
0.209289 -0.008605 2.182310
0.178826 0.023541 2.227810
-0.008003 -0.449130 2.225440
-0.095979 -0.598731 1.953700
-0.135587 -0.870624 1.999290
-0.122034 -0.903853 1.920620
0.158766 -0.441969 2.254550
0.237137 -0.620622 1.998200
0.187233 -0.903927 2.013820
0.200713 -0.936606 1.935020
0.069783 -0.373154 2.252550
0.059913 -0.324799 2.297400
0.048955 -0.040933 2.296280
0.054057 0.142152 2.280690
-0.117306 -0.143849 2.266210
-0.163946 -0.343847 2.191750
-0.155144 -0.453457 2.047220
-0.179464 -0.480946 2.002340
0.193601 -0.122043 2.308230
0.312558 -0.197208 2.174670
0.211947 -0.041788 2.179000
0.189329 0.005012 2.208320
-0.007721 -0.448852 2.225510
-0.096019 -0.598364 1.953940
-0.135370 -0.870749 1.998600
-0.122255 -0.903954 1.919900
0.158671 -0.441461 2.254580
0.236987 -0.620305 1.998460
0.187001 -0.903906 2.013360
0.199762 -0.936587 1.934290
0.069876 -0.373025 2.252570
0.060270 -0.324613 2.297500
0.049394 -0.040536 2.296460
0.053918 0.142153 2.280740
-0.117216 -0.143817 2.266320
-0.163870 -0.343732 2.191810
-0.156026 -0.453478 2.047420
-0.176877 -0.482868 2.000760
0.192374 -0.120937 2.306660
0.312265 -0.198893 2.175390
0.212743 -0.051301 2.177960
0.192377 -0.001068 2.202080
-0.007474 -0.448621 2.225580
-0.096075 -0.597952 1.954160
-0.135124 -0.870815 1.997930
-0.122412 -0.903997 1.919210
0.158567 -0.441033 2.254630
0.236819 -0.620040 1.998710
0.186707 -0.903908 2.012860
0.198825 -0.936606 1.933580
0.069948 -0.372941 2.252590
0.060591 -0.324472 2.297580
0.049890 -0.040070 2.296630
0.053758 0.142158 2.280760
-0.117133 -0.143798 2.266410
-0.163813 -0.343631 2.191870
-0.156875 -0.453530 2.047620
-0.175084 -0.484106 1.999690
0.191398 -0.120935 2.305200
0.312011 -0.200115 2.175880
0.212984 -0.056380 2.177510
0.193816 -0.004039 2.198470
-0.007268 -0.448442 2.225650
-0.096175 -0.597421 1.954320
-0.134793 -0.870772 1.997210
-0.122494 -0.903942 1.918510
0.158455 -0.440725 2.254670
0.236653 -0.619839 1.998930
0.186493 -0.903918 2.012490
0.198090 -0.936634 1.933050
0.070008 -0.372876 2.252610
0.061059 -0.324327 2.297690
0.050353 -0.039617 2.296780
0.053583 0.142167 2.280770
-0.117063 -0.143791 2.266490
-0.163772 -0.343538 2.191940
-0.157852 -0.453629 2.047870
-0.173576 -0.485050 1.998960
0.190210 -0.116904 2.300930
0.311757 -0.201089 2.176200
0.209741 -0.051358 2.179610
0.192881 -0.001308 2.196350
-0.007092 -0.448307 2.225750
-0.096273 -0.596883 1.954490
-0.134559 -0.870701 1.996510
-0.122859 -0.903837 1.917710
0.158322 -0.440452 2.254710
0.236490 -0.619671 1.999140
0.186242 -0.903931 2.012140
0.196946 -0.936685 1.932470
0.070085 -0.372794 2.252640
0.061634 -0.324112 2.297830
0.051051 -0.039014 2.296990
0.053389 0.142183 2.280760
-0.117002 -0.143792 2.266570
-0.163746 -0.343458 2.192000
-0.158714 -0.453731 2.048110
-0.172432 -0.485734 1.998480
0.189240 -0.111526 2.296930
0.311293 -0.201988 2.176470
0.206131 -0.044739 2.181480
0.190890 0.003010 2.195250
-0.006901 -0.448175 2.225890
-0.096369 -0.596311 1.954670
-0.134348 -0.870620 1.995700
-0.123336 -0.903719 1.916750
0.158098 -0.439998 2.254780
0.236262 -0.619459 1.999470
0.186005 -0.903991 2.011670
0.195865 -0.936803 1.931770
0.070332 -0.372474 2.252760
0.062924 -0.323488 2.298110
0.051791 -0.038365 2.297190
0.053185 0.142212 2.280720
-0.116952 -0.143800 2.266640
-0.163739 -0.343389 2.192060
-0.159420 -0.453833 2.048310
-0.171541 -0.486239 1.998170
0.188009 -0.087824 2.284730
0.310844 -0.202860 2.176530
0.204422 -0.042111 2.182170
0.188795 0.007237 2.194670
-0.006602 -0.447986 2.226130
-0.096436 -0.595686 1.954960
-0.134164 -0.870575 1.994700
-0.124355 -0.903643 1.915410
0.157966 -0.438888 2.254920
0.235941 -0.619110 2.000060
0.185836 -0.904149 2.010960
0.194441 -0.937073 1.930730
0.070675 -0.372041 2.252920
0.064489 -0.322701 2.298430
0.052870 -0.037543 2.297380
0.052962 0.142233 2.280660
-0.116909 -0.143813 2.266710
-0.163743 -0.343340 2.192120
-0.160008 -0.453935 2.048470
-0.170863 -0.486585 1.997940
0.188168 -0.077227 2.277670
0.310412 -0.203645 2.176490
0.203009 -0.039721 2.182650
0.186805 0.011002 2.194480
-0.006283 -0.447799 2.226400
-0.096486 -0.595104 1.955270
-0.134005 -0.870553 1.993670
-0.125526 -0.903605 1.914030
0.157908 -0.437724 2.255080
0.235608 -0.618763 2.000680
0.185765 -0.904367 2.010150
0.193130 -0.937403 1.929670
0.071083 -0.371548 2.253090
0.066036 -0.321859 2.298730
0.054391 -0.036383 2.297420
0.052705 0.142249 2.280580
-0.116868 -0.143832 2.266780
-0.163760 -0.343295 2.192180
-0.160470 -0.454023 2.048600
-0.170345 -0.486830 1.997800
0.188157 -0.071545 2.274000
0.309742 -0.204478 2.176420
0.201843 -0.037624 2.182830
0.185031 0.014164 2.194350
-0.005890 -0.447592 2.226740
-0.096508 -0.594524 1.955610
-0.133923 -0.870588 1.992360
-0.126803 -0.903651 1.912410
0.157892 -0.436522 2.255230
0.235273 -0.618429 2.001300
0.185725 -0.904614 2.009330
0.192001 -0.937743 1.928690
0.071510 -0.371052 2.253270
0.067390 -0.321109 2.298990
0.055698 -0.035399 2.297420
0.052390 0.142276 2.280420
-0.116833 -0.143858 2.266840
-0.163781 -0.343258 2.192230
-0.160785 -0.454080 2.048700
-0.169910 -0.487002 1.997730
0.188077 -0.067936 2.271730
0.308842 -0.205376 2.176370
0.200705 -0.035411 2.182660
0.183256 0.017182 2.194120
-0.005461 -0.447398 2.227130
-0.096509 -0.594000 1.955980
-0.133871 -0.870659 1.991100
-0.127964 -0.903742 1.910910
0.157926 -0.435392 2.255360
0.234948 -0.618124 2.001890
0.185739 -0.904880 2.008520
0.191081 -0.938073 1.927820
0.071996 -0.370503 2.253470
0.068609 -0.320393 2.299220
0.056810 -0.034555 2.297370
0.052048 0.142322 2.280240
-0.116803 -0.143891 2.266900
-0.163803 -0.343230 2.192290
-0.161051 -0.454129 2.048770
-0.169535 -0.487124 1.997710
0.187994 -0.065385 2.270130
0.308064 -0.206134 2.176300
0.199831 -0.033030 2.181910
0.181843 0.019994 2.193550
-0.004960 -0.447192 2.227570
-0.096487 -0.593493 1.956400
-0.133853 -0.870762 1.989800
-0.129023 -0.903868 1.909460
0.158043 -0.434243 2.255520
0.234611 -0.617815 2.002500
0.185874 -0.905188 2.007680
0.190422 -0.938399 1.927030
0.072444 -0.370007 2.253660
0.069617 -0.319801 2.299410
0.057699 -0.033889 2.297320
0.051507 0.142348 2.279970
-0.116775 -0.143931 2.266960
-0.163827 -0.343206 2.192340
-0.161263 -0.454172 2.048830
-0.169212 -0.487198 1.997720
0.187982 -0.063662 2.269020
0.307371 -0.206837 2.176180
0.199175 -0.030943 2.181000
0.180739 0.022279 2.192950
-0.004480 -0.447013 2.228010
-0.096453 -0.593038 1.956800
-0.133873 -0.870863 1.988600
-0.129986 -0.903989 1.908170
0.158168 -0.433262 2.255660
0.234314 -0.617551 2.003020
0.185948 -0.905438 2.007000
0.189819 -0.938674 1.926380
0.072845 -0.369573 2.253830
0.070432 -0.319324 2.299560
0.058336 -0.033418 2.297270
0.051004 0.142382 2.279680
-0.116750 -0.143983 2.267020
-0.163853 -0.343188 2.192400
-0.161442 -0.454212 2.048890
-0.168928 -0.487244 1.997770
0.187968 -0.062676 2.268350
0.306772 -0.207445 2.176070
0.196384 -0.025685 2.180480
0.177091 0.027904 2.193190
-0.003997 -0.446863 2.228470
-0.096406 -0.592609 1.957200
-0.133921 -0.870958 1.987480
-0.130857 -0.904102 1.907000
0.158292 -0.432437 2.255770
0.234038 -0.617329 2.003470
0.186013 -0.905671 2.006390
0.189294 -0.938926 1.925820
0.073189 -0.369207 2.253970
0.071077 -0.318946 2.299680
0.058850 -0.033040 2.297210
0.050555 0.142408 2.279400
-0.116730 -0.144045 2.267080
-0.163884 -0.343173 2.192460
-0.161603 -0.454253 2.048940
-0.168684 -0.487262 1.997820
0.187955 -0.062347 2.268090
0.306046 -0.208179 2.176090
0.195646 -0.024289 2.180090
0.176064 0.029429 2.193060
-0.003563 -0.446752 2.228900
-0.096366 -0.592215 1.957570
-0.133953 -0.871028 1.986470
-0.131564 -0.904183 1.906000
0.158393 -0.431774 2.255850
0.233803 -0.617148 2.003840
0.186061 -0.905876 2.005870
0.188844 -0.939146 1.925350
0.073469 -0.368910 2.254100
0.071540 -0.318679 2.299780
0.058615 -0.033140 2.297050
0.050157 0.142416 2.279120
-0.116713 -0.144116 2.267150
-0.163925 -0.343198 2.192520
-0.161735 -0.454295 2.048960
-0.168512 -0.487284 1.997850
0.187955 -0.062647 2.268020
0.305423 -0.209374 2.176070
0.193977 -0.021961 2.179760
0.173940 0.031850 2.193200
-0.003170 -0.446678 2.229320
-0.096322 -0.591887 1.957920
-0.134012 -0.871113 1.985570
-0.132211 -0.904281 1.905120
0.158483 -0.431240 2.255910
0.233593 -0.617006 2.004160
0.186099 -0.906068 2.005400
0.188440 -0.939353 1.924940
0.073715 -0.368651 2.254230
0.071917 -0.318466 2.299860
0.058229 -0.033390 2.296890
0.049808 0.142431 2.278850
-0.116699 -0.144195 2.267210
-0.163977 -0.343236 2.192580
-0.161852 -0.454346 2.048980
-0.168295 -0.487306 1.997900
0.187867 -0.062562 2.267880
0.304634 -0.211256 2.176200
0.192753 -0.020895 2.179840
0.172665 0.032895 2.193540
-0.002757 -0.446627 2.229760
-0.096170 -0.591695 1.958320
-0.134310 -0.871308 1.984730
-0.133172 -0.904523 1.904260
0.158567 -0.430782 2.255970
0.233405 -0.616884 2.004450
0.186139 -0.906251 2.004980
0.188073 -0.939547 1.924570
0.073933 -0.368424 2.254340
0.072216 -0.318300 2.299930
0.057781 -0.033716 2.296730
0.049509 0.142435 2.278600
-0.116686 -0.144283 2.267270
-0.164029 -0.343277 2.192650
-0.161947 -0.454393 2.048990
-0.168111 -0.487328 1.997950
0.187753 -0.062621 2.267860
0.303878 -0.212889 2.176350
0.200168 -0.052743 2.170340
0.175967 0.015183 2.189330
-0.002364 -0.446588 2.230160
-0.096012 -0.591548 1.958710
-0.134633 -0.871504 1.983980
-0.134068 -0.904760 1.903510
0.158654 -0.430370 2.256030
0.233229 -0.616773 2.004710
0.186192 -0.906429 2.004570
0.187768 -0.939728 1.924230
0.074121 -0.368230 2.254440
0.072466 -0.318163 2.299990
0.057577 -0.033855 2.296630
0.049249 0.142442 2.278380
-0.116676 -0.144375 2.267340
-0.164081 -0.343322 2.192710
-0.162029 -0.454446 2.049000
-0.167944 -0.487345 1.998000
0.187654 -0.063108 2.267810
0.303291 -0.214168 2.176390
0.202444 -0.067875 2.166440
0.177649 0.002057 2.186620
-0.002024 -0.446560 2.230520
-0.095865 -0.591436 1.959060
-0.134829 -0.871648 1.983470
-0.134710 -0.904940 1.903010
0.158732 -0.430026 2.256070
0.233055 -0.616695 2.004960
0.186254 -0.906624 2.004190
0.187496 -0.939922 1.923930
0.074291 -0.368057 2.254540
0.072682 -0.318049 2.300040
0.057488 -0.033982 2.296540
0.049026 0.142460 2.278180
-0.116664 -0.144472 2.267410
-0.164130 -0.343367 2.192760
-0.162095 -0.454493 2.049010
-0.167820 -0.487365 1.998050
0.187562 -0.063603 2.267790
0.302516 -0.215954 2.176540
0.203865 -0.076206 2.164240
0.179116 -0.007624 2.184570
-0.001721 -0.446537 2.230840
-0.095721 -0.591341 1.959380
-0.135011 -0.871772 1.983030
-0.135269 -0.905091 1.902590
0.158803 -0.429730 2.256120
0.232867 -0.616642 2.005190
0.186363 -0.906845 2.003840
0.187300 -0.940122 1.923670
0.074444 -0.367899 2.254630
0.072869 -0.317950 2.300090
0.057418 -0.034099 2.296460
0.048858 0.142485 2.278040
-0.116668 -0.144518 2.267490
-0.164177 -0.343406 2.192810
-0.162150 -0.454536 2.049020
-0.167734 -0.487386 1.998110
0.187488 -0.064127 2.267750
0.301492 -0.217519 2.176600
0.204637 -0.080754 2.162980
0.180049 -0.013714 2.183260
-0.001456 -0.446513 2.231130
-0.095599 -0.591237 1.959660
-0.135154 -0.871868 1.982640
-0.135722 -0.905205 1.902230
0.158868 -0.429475 2.256160
0.232664 -0.616614 2.005430
0.186496 -0.907091 2.003500
0.187139 -0.940339 1.923430
0.074575 -0.367762 2.254710
0.073026 -0.317869 2.300140
0.057372 -0.034205 2.296400
0.048722 0.142504 2.277910
-0.116674 -0.144557 2.267570
-0.164217 -0.343445 2.192860
-0.162194 -0.454565 2.049020
-0.167544 -0.487341 1.998140
0.187447 -0.064718 2.267700
0.300787 -0.218666 2.176510
0.205166 -0.083946 2.162070
0.180649 -0.017998 2.182350
-0.001233 -0.446493 2.231390
-0.095485 -0.591142 1.959910
-0.135267 -0.871940 1.982330
-0.136089 -0.905289 1.901950
0.158922 -0.429264 2.256190
0.232480 -0.616595 2.005640
0.186603 -0.907316 2.003190
0.186982 -0.940543 1.923200
0.074689 -0.367649 2.254780
0.073151 -0.317805 2.300170
0.057428 -0.034276 2.296320
0.048610 0.142528 2.277800
-0.116681 -0.144591 2.267650
-0.164256 -0.343481 2.192910
-0.162239 -0.454597 2.049030
-0.167309 -0.487269 1.998170
0.187445 -0.066766 2.267820
0.299914 -0.220082 2.176310
0.205569 -0.086202 2.161470
0.181179 -0.021118 2.181690
-0.001046 -0.446478 2.231620
-0.095391 -0.591046 1.960120
-0.135358 -0.871999 1.982030
-0.136362 -0.905353 1.901700
0.158965 -0.429096 2.256220
0.232307 -0.616591 2.005830
0.186818 -0.907585 2.002870
0.186937 -0.940763 1.922990
0.074786 -0.367560 2.254850
0.073247 -0.317757 2.300200
0.057744 -0.034283 2.296250
0.048517 0.142553 2.277710
-0.116688 -0.144620 2.267730
-0.164292 -0.343519 2.192950
-0.162277 -0.454636 2.049040
-0.167080 -0.487194 1.998190
0.187481 -0.071461 2.268300
0.299100 -0.221400 2.176120
0.205837 -0.087583 2.161070
0.181578 -0.023389 2.181160
-0.000897 -0.446467 2.231800
-0.095250 -0.591039 1.960350
-0.135574 -0.872134 1.981730
-0.136730 -0.905490 1.901460
0.158993 -0.428974 2.256250
0.232140 -0.616606 2.006000
0.187017 -0.907843 2.002590
0.186928 -0.940978 1.922810
0.074875 -0.367488 2.254910
0.073338 -0.317719 2.300230
0.058443 -0.034181 2.296150
0.048444 0.142574 2.277630
-0.116696 -0.144648 2.267800
-0.164324 -0.343547 2.193000
-0.162310 -0.454666 2.049050
-0.166877 -0.487118 1.998220
0.187519 -0.075232 2.268670
0.298310 -0.222382 2.175970
0.205898 -0.087823 2.160920
0.181837 -0.024949 2.180790
-0.000773 -0.446459 2.231970
-0.095119 -0.591047 1.960560
-0.135742 -0.872265 1.981470
-0.137010 -0.905619 1.901260
0.159015 -0.428881 2.256270
0.231987 -0.616626 2.006150
0.187199 -0.908073 2.002360
0.186934 -0.941172 1.922660
0.074958 -0.367430 2.254960
0.073447 -0.317686 2.300260
0.059721 -0.033752 2.296110
0.048386 0.142589 2.277570
-0.116703 -0.144680 2.267870
-0.164356 -0.343567 2.193050
-0.162334 -0.454687 2.049060
-0.166683 -0.487027 1.998260
0.187514 -0.077581 2.268750
0.297632 -0.223179 2.175830
0.205869 -0.087373 2.160950
0.182029 -0.026090 2.180520
-0.000668 -0.446456 2.232110
-0.094998 -0.591060 1.960750
-0.135898 -0.872381 1.981240
-0.137276 -0.905736 1.901090
0.159032 -0.428807 2.256290
0.231843 -0.616651 2.006280
0.187440 -0.908329 2.002110
0.186982 -0.941385 1.922490
0.075033 -0.367381 2.255010
0.073550 -0.317657 2.300290
0.060958 -0.033345 2.296030
0.048341 0.142614 2.277530
-0.116709 -0.144710 2.267940
-0.164386 -0.343576 2.193100
-0.162361 -0.454708 2.049080
-0.166446 -0.486906 1.998320
0.187530 -0.079368 2.268800
0.296803 -0.223770 2.175670
0.205713 -0.085840 2.161170
0.182185 -0.026871 2.180300
-0.000586 -0.446451 2.232230
-0.094802 -0.591200 1.961000
-0.136182 -0.872611 1.981010
-0.137678 -0.905973 1.900920
0.159044 -0.428748 2.256300
0.231690 -0.616689 2.006410
0.187718 -0.908611 2.001860
0.187072 -0.941626 1.922320
0.075099 -0.367342 2.255050
0.073643 -0.317637 2.300320
0.061761 -0.033233 2.296000
0.048305 0.142637 2.277500
-0.116713 -0.144739 2.268010
-0.164416 -0.343579 2.193160
-0.162368 -0.454728 2.049110
-0.166172 -0.486759 1.998380
0.187592 -0.080963 2.268800
0.296083 -0.224442 2.175530
0.205701 -0.084805 2.161230
0.182331 -0.027455 2.180120
-0.000519 -0.446448 2.232330
-0.094674 -0.591252 1.961170
-0.136359 -0.872741 1.980830
-0.137939 -0.906103 1.900790
0.159054 -0.428701 2.256320
0.231540 -0.616733 2.006530
0.188118 -0.908946 2.001560
0.187268 -0.941919 1.922100
0.075163 -0.367306 2.255100
0.073741 -0.317616 2.300350
0.062496 -0.033106 2.295960
0.048276 0.142663 2.277480
-0.116717 -0.144767 2.268070
-0.164443 -0.343574 2.193210
-0.162370 -0.454744 2.049150
-0.165933 -0.486626 1.998460
0.187627 -0.081925 2.268800
0.295429 -0.225147 2.175420
0.205764 -0.083972 2.161280
0.182477 -0.027874 2.179960
-0.000464 -0.446446 2.232420
-0.094488 -0.591405 1.961380
-0.136574 -0.872946 1.980660
-0.138240 -0.906311 1.900680
0.159062 -0.428661 2.256330
0.231403 -0.616777 2.006640
0.188520 -0.909272 2.001270
0.187482 -0.942211 1.921890
0.075222 -0.367271 2.255140
0.073847 -0.317594 2.300370
0.063087 -0.033036 2.295920
0.048252 0.142688 2.277470
-0.116721 -0.144797 2.268130
-0.164475 -0.343561 2.193270
-0.162365 -0.454758 2.049190
-0.165673 -0.486470 1.998530
0.187633 -0.082416 2.268760
0.294855 -0.225800 2.175330
0.205842 -0.083250 2.161350
0.182616 -0.028163 2.179830
-0.000416 -0.446442 2.232500
-0.094360 -0.591495 1.961550
-0.136740 -0.873102 1.980500
-0.138493 -0.906473 1.900570
0.159067 -0.428622 2.256350
0.231268 -0.616826 2.006750
0.188940 -0.909596 2.001010
0.187700 -0.942498 1.921710
0.075289 -0.367230 2.255180
0.073976 -0.317564 2.300410
0.063689 -0.032983 2.295930
0.048234 0.142713 2.277460
-0.116722 -0.144828 2.268190
-0.164506 -0.343544 2.193340
-0.162357 -0.454768 2.049240
-0.165433 -0.486320 1.998610
0.187645 -0.082715 2.268700
0.294226 -0.226242 2.175290
0.205829 -0.082244 2.161420
0.182733 -0.028255 2.179700
-0.000374 -0.446433 2.232580
-0.094267 -0.591541 1.961670
-0.136816 -0.873234 1.980320
-0.138635 -0.906593 1.900450
0.159071 -0.428579 2.256360
0.231154 -0.616858 2.006850
0.189314 -0.909867 2.000770
0.187895 -0.942741 1.921530
0.075365 -0.367183 2.255230
0.074135 -0.317523 2.300440
0.064310 -0.032909 2.295950
0.048220 0.142738 2.277450
-0.116721 -0.144862 2.268260
-0.164536 -0.343523 2.193400
-0.162344 -0.454783 2.049300
-0.165202 -0.486175 1.998690
0.187554 -0.082553 2.268580
0.293667 -0.226631 2.175270
0.205843 -0.081396 2.161500
0.182850 -0.028264 2.179600
-0.000330 -0.446422 2.232650
-0.094191 -0.591572 1.961780
-0.136885 -0.873356 1.980130
-0.138767 -0.906705 1.900310
0.159075 -0.428524 2.256390
0.231027 -0.616894 2.006970
0.189741 -0.910168 2.000510
0.188140 -0.943017 1.921330
0.075439 -0.367140 2.255270
0.074294 -0.317482 2.300480
0.064874 -0.032832 2.295940
0.048209 0.142767 2.277450
-0.116719 -0.144899 2.268320
-0.164566 -0.343500 2.193460
-0.162316 -0.454810 2.049380
-0.164891 -0.486033 1.998790
0.187488 -0.082392 2.268470
0.293184 -0.226982 2.175280
0.205877 -0.080722 2.161560
0.182967 -0.028224 2.179510
-0.000291 -0.446411 2.232710
-0.094131 -0.591592 1.961870
-0.136950 -0.873465 1.979940
-0.138888 -0.906804 1.900180
0.159079 -0.428475 2.256410
0.230905 -0.616935 2.007080
0.190094 -0.910435 2.000280
0.188344 -0.943269 1.921150
0.075512 -0.367098 2.255310
0.074461 -0.317438 2.300520
0.065413 -0.032746 2.295950
0.048199 0.142788 2.277450
-0.116715 -0.144939 2.268380
-0.164594 -0.343476 2.193510
-0.162282 -0.454833 2.049460
-0.164736 -0.485954 1.998870
0.187417 -0.082019 2.268320
0.292742 -0.227314 2.175310
0.205909 -0.080199 2.161600
0.183076 -0.028156 2.179420
-0.000256 -0.446399 2.232770
-0.094084 -0.591600 1.961940
-0.137012 -0.873557 1.979750
-0.139007 -0.906888 1.900030
0.159081 -0.428427 2.256420
0.230791 -0.616973 2.007180
0.190334 -0.910654 2.000070
0.188464 -0.943483 1.920970
0.075586 -0.367054 2.255350
0.074638 -0.317388 2.300550
0.065943 -0.032655 2.295960
0.048192 0.142807 2.277460
-0.116711 -0.144978 2.268430
-0.164621 -0.343438 2.193580
-0.162249 -0.454848 2.049550
-0.164616 -0.485882 1.998960
0.187361 -0.081534 2.268110
0.292336 -0.227651 2.175360
0.205950 -0.079813 2.161620
0.183184 -0.028080 2.179340
-0.000224 -0.446386 2.232830
-0.094047 -0.591599 1.962000
-0.137081 -0.873628 1.979580
-0.139136 -0.906953 1.899900
0.159083 -0.428380 2.256440
0.230678 -0.617010 2.007290
0.190544 -0.910863 1.999840
0.188563 -0.943692 1.920780
0.075656 -0.367016 2.255390
0.074792 -0.317346 2.300590
0.066399 -0.032574 2.295970
0.048187 0.142835 2.277470
-0.116705 -0.145014 2.268490
-0.164645 -0.343403 2.193650
-0.162217 -0.454851 2.049620
-0.164538 -0.485833 1.999040
0.187337 -0.081433 2.268040
0.292033 -0.227949 2.175410
0.205984 -0.079542 2.161640
0.183281 -0.028013 2.179270
-0.000196 -0.446373 2.232880
-0.094014 -0.591590 1.962060
-0.137150 -0.873678 1.979420
-0.139247 -0.906999 1.899780
0.159085 -0.428338 2.256460
0.230570 -0.617055 2.007390
0.190729 -0.911061 1.999630
0.188665 -0.943898 1.920590
0.075723 -0.366981 2.255430
0.074930 -0.317313 2.300620
0.066821 -0.032543 2.296030
0.048182 0.142860 2.277490
-0.116695 -0.145052 2.268540
-0.164666 -0.343369 2.193710
-0.162187 -0.454850 2.049680
-0.164503 -0.485787 1.999110
0.187325 -0.081369 2.267990
0.291788 -0.228207 2.175450
0.205997 -0.079334 2.161570
0.183361 -0.027942 2.179140
-0.000170 -0.446361 2.232930
-0.093987 -0.591577 1.962100
-0.137216 -0.873720 1.979280
-0.139341 -0.907034 1.899680
0.159085 -0.428300 2.256480
0.230464 -0.617102 2.007490
0.190882 -0.911241 1.999450
0.188758 -0.944087 1.920420
0.075792 -0.366946 2.255480
0.075071 -0.317283 2.300660
0.067243 -0.032522 2.296110
0.048180 0.142887 2.277520
-0.116683 -0.145089 2.268590
-0.164685 -0.343336 2.193770
-0.162156 -0.454858 2.049760
-0.164414 -0.485734 1.999190
0.187323 -0.081338 2.267970
0.291589 -0.228429 2.175480
0.206046 -0.079147 2.161500
0.183473 -0.027843 2.179000
-0.000145 -0.446347 2.232970
-0.093941 -0.591580 1.962150
-0.137344 -0.873779 1.979140
-0.139500 -0.907086 1.899570
0.159086 -0.428263 2.256510
0.230363 -0.617142 2.007590
0.191028 -0.911402 1.999290
0.188853 -0.944257 1.920270
0.075862 -0.366913 2.255520
0.075235 -0.317252 2.300700
0.067579 -0.032515 2.296190
0.048185 0.142919 2.277560
-0.116670 -0.145128 2.268640
-0.164701 -0.343305 2.193820
-0.162121 -0.454864 2.049830
-0.165346 -0.485742 1.999600
0.187294 -0.080807 2.267780
0.291443 -0.228624 2.175510
0.206170 -0.078963 2.161420
0.183646 -0.027713 2.178870
-0.000117 -0.446335 2.233010
-0.093905 -0.591573 1.962200
-0.137460 -0.873820 1.979010
-0.139685 -0.907123 1.899450
0.159087 -0.428223 2.256530
0.230267 -0.617181 2.007680
0.191098 -0.911518 1.999170
0.188865 -0.944389 1.920160
0.075940 -0.366856 2.255570
0.075401 -0.317205 2.300750
0.067848 -0.032512 2.296270
0.048209 0.142952 2.277640
-0.116653 -0.145158 2.268690
-0.164716 -0.343275 2.193870
-0.162083 -0.454870 2.049900
-0.165832 -0.485727 1.999850
0.187300 -0.080130 2.267550
0.291330 -0.228791 2.175530
0.206213 -0.078858 2.161410
0.183739 -0.027637 2.178810
-0.000086 -0.446313 2.233050
-0.093878 -0.591553 1.962240
-0.137545 -0.873846 1.978890
-0.139833 -0.907145 1.899350
0.159090 -0.428159 2.256580
0.230168 -0.617207 2.007800
0.191165 -0.911630 1.999050
0.188872 -0.944513 1.920030
0.076023 -0.366804 2.255620
0.075557 -0.317171 2.300800
0.068006 -0.032565 2.296350
0.048254 0.142957 2.277710
-0.116634 -0.145188 2.268740
-0.164727 -0.343244 2.193920
-0.162048 -0.454874 2.049960
-0.166285 -0.485713 2.000080
0.187341 -0.079165 2.267390
0.291246 -0.228939 2.175550
0.206247 -0.078783 2.161410
0.183816 -0.027576 2.178770
-0.000044 -0.446299 2.233090
-0.093837 -0.591554 1.962280
-0.137694 -0.873895 1.978760
-0.140064 -0.907191 1.899240
0.159103 -0.428098 2.256630
0.230073 -0.617226 2.007910
0.191219 -0.911728 1.998920
0.188873 -0.944623 1.919910
0.076103 -0.366754 2.255670
0.075708 -0.317141 2.300850
0.068126 -0.032632 2.296440
0.048302 0.142962 2.277780
-0.116608 -0.145220 2.268790
-0.164736 -0.343213 2.193970
-0.162016 -0.454878 2.050030
-0.166772 -0.485723 2.000320
0.187404 -0.078282 2.267210
0.291215 -0.229055 2.175540
0.206270 -0.078731 2.161410
0.183873 -0.027533 2.178730
-0.000000 -0.446287 2.233120
-0.093801 -0.591553 1.962320
-0.137824 -0.873935 1.978660
-0.140277 -0.907230 1.899150
0.159117 -0.428039 2.256690
0.229982 -0.617243 2.008020
0.191293 -0.911820 1.998820
0.188895 -0.944720 1.919820
0.076168 -0.366723 2.255720
0.075771 -0.317128 2.300880
0.068220 -0.032698 2.296520
0.048355 0.142966 2.277850
-0.116578 -0.145253 2.268840
-0.164740 -0.343181 2.194020
-0.161999 -0.454882 2.050090
-0.167117 -0.485733 2.000500
0.188263 -0.083230 2.269870
0.291208 -0.229164 2.175530
0.206295 -0.078699 2.161420
0.183927 -0.027498 2.178710
0.000028 -0.446279 2.233140
-0.093780 -0.591551 1.962340
-0.137896 -0.873961 1.978590
-0.140340 -0.907249 1.899100
0.159122 -0.428008 2.256750
0.229901 -0.617262 2.008110
0.191377 -0.911901 1.998750
0.189087 -0.944838 1.919730
0.076223 -0.366696 2.255760
0.075835 -0.317114 2.300910
0.068014 -0.032907 2.296560
0.048419 0.142984 2.277950
-0.116545 -0.145251 2.268910
-0.164743 -0.343150 2.194060
-0.161986 -0.454879 2.050140
-0.167276 -0.485726 2.000590
0.188403 -0.083800 2.270240
0.291217 -0.229265 2.175520
0.206323 -0.078680 2.161440
0.183978 -0.027466 2.178700
0.000053 -0.446272 2.233160
-0.093764 -0.591545 1.962360
-0.137931 -0.873980 1.978520
-0.140390 -0.907264 1.899050
0.159126 -0.427982 2.256820
0.229826 -0.617279 2.008200
0.191464 -0.911978 1.998680
0.189180 -0.944930 1.919660
0.076268 -0.366676 2.255800
0.075879 -0.317108 2.300930
0.067496 -0.033274 2.296560
0.048490 0.143007 2.278040
-0.116511 -0.145245 2.268990
-0.164744 -0.343120 2.194110
-0.161975 -0.454879 2.050190
-0.167402 -0.485711 2.000660
0.188504 -0.084144 2.270550
0.291254 -0.229403 2.175510
0.206371 -0.078696 2.161490
0.184037 -0.027447 2.178700
0.000077 -0.446267 2.233180
-0.093735 -0.591550 1.962390
-0.137980 -0.874005 1.978470
-0.140442 -0.907283 1.899020
0.159128 -0.427961 2.256880
0.229761 -0.617295 2.008280
0.191543 -0.912047 1.998630
0.189270 -0.945015 1.919600
0.076306 -0.366659 2.255830
0.075929 -0.317102 2.300960
0.066949 -0.033615 2.296550
0.048580 0.143049 2.278170
-0.116475 -0.145235 2.269070
-0.164736 -0.343082 2.194160
-0.161971 -0.454877 2.050260
-0.167493 -0.485692 2.000710
0.188632 -0.084029 2.270400
0.291368 -0.229543 2.175450
0.206428 -0.078792 2.161720
0.184101 -0.027446 2.178760
0.000097 -0.446263 2.233210
-0.093691 -0.591566 1.962430
-0.138049 -0.874043 1.978420
-0.140550 -0.907324 1.898980
0.159130 -0.427943 2.256940
0.229704 -0.617310 2.008350
0.191604 -0.912104 1.998580
0.189313 -0.945077 1.919560
0.076341 -0.366645 2.255870
0.075971 -0.317100 2.300980
0.066035 -0.034172 2.296530
0.048691 0.143080 2.278300
-0.116439 -0.145222 2.269140
-0.164726 -0.343047 2.194210
-0.161968 -0.454875 2.050310
-0.167584 -0.485657 2.000760
0.188754 -0.083380 2.269980
0.291592 -0.229726 2.175330
0.206510 -0.078943 2.161960
0.184177 -0.027467 2.178840
0.000119 -0.446262 2.233240
-0.093658 -0.591574 1.962460
-0.138078 -0.874069 1.978380
-0.140604 -0.907349 1.898950
0.159135 -0.427925 2.257000
0.229657 -0.617319 2.008420
0.191623 -0.912137 1.998550
0.189300 -0.945125 1.919530
0.076371 -0.366633 2.255900
0.076006 -0.317101 2.301010
0.065191 -0.034675 2.296510
0.048808 0.143115 2.278440
-0.116403 -0.145214 2.269210
-0.164713 -0.343018 2.194250
-0.161969 -0.454875 2.050370
-0.167653 -0.485623 2.000800
0.188892 -0.082546 2.269510
0.291819 -0.229929 2.175210
0.206616 -0.079120 2.162230
0.184266 -0.027502 2.178930
0.000139 -0.446266 2.233280
-0.093618 -0.591595 1.962520
-0.138116 -0.874109 1.978330
-0.140675 -0.907392 1.898910
0.159140 -0.427910 2.257050
0.229614 -0.617331 2.008480
0.191651 -0.912171 1.998530
0.189310 -0.945166 1.919510
0.076396 -0.366626 2.255940
0.076026 -0.317108 2.301030
0.064197 -0.035290 2.296530
0.048948 0.143175 2.278620
-0.116369 -0.145207 2.269280
-0.164698 -0.342994 2.194300
-0.161974 -0.454870 2.050410
-0.167678 -0.485582 2.000810
0.188949 -0.081080 2.269420
0.292042 -0.230120 2.175090
0.207112 -0.079162 2.162540
0.184607 -0.027456 2.179070
0.000159 -0.446275 2.233330
-0.093580 -0.591616 1.962570
-0.138145 -0.874143 1.978290
-0.140718 -0.907424 1.898880
0.159145 -0.427899 2.257100
0.229573 -0.617347 2.008540
0.191645 -0.912200 1.998510
0.189284 -0.945206 1.919490
0.076418 -0.366620 2.255970
0.076041 -0.317117 2.301060
0.063424 -0.035755 2.296560
0.049095 0.143240 2.278800
-0.116333 -0.145201 2.269340
-0.164683 -0.342972 2.194340
-0.161982 -0.454866 2.050450
-0.167688 -0.485534 2.000820
0.189003 -0.079764 2.269350
0.292257 -0.230308 2.174970
0.207636 -0.079203 2.162920
0.184978 -0.027413 2.179260
0.000177 -0.446287 2.233390
-0.093552 -0.591617 1.962610
-0.138161 -0.874164 1.978250
-0.140746 -0.907441 1.898860
0.159149 -0.427889 2.257140
0.229535 -0.617365 2.008590
0.191616 -0.912229 1.998490
0.189231 -0.945245 1.919470
0.076439 -0.366616 2.256010
0.076055 -0.317127 2.301080
0.062797 -0.036108 2.296590
0.049241 0.143303 2.278970
-0.116298 -0.145195 2.269400
-0.164666 -0.342951 2.194380
-0.162069 -0.454853 2.050500
-0.167608 -0.485530 2.000850
0.188889 -0.078098 2.269260
0.292449 -0.230474 2.174870
0.208029 -0.079279 2.163340
0.185277 -0.027397 2.179480
0.000206 -0.446307 2.233460
-0.093533 -0.591607 1.962660
-0.138167 -0.874180 1.978210
-0.140764 -0.907455 1.898830
0.159154 -0.427879 2.257180
0.229502 -0.617379 2.008640
0.191590 -0.912253 1.998480
0.189177 -0.945280 1.919460
0.076463 -0.366606 2.256050
0.076073 -0.317134 2.301110
0.062419 -0.036312 2.296640
0.049389 0.143374 2.279130
-0.116265 -0.145160 2.269480
-0.164643 -0.342932 2.194430
-0.162143 -0.454835 2.050540
-0.167595 -0.485525 2.000870
0.188851 -0.076553 2.269070
0.292627 -0.230624 2.174780
0.208254 -0.079408 2.163740
0.185475 -0.027418 2.179700
0.000234 -0.446323 2.233540
-0.093513 -0.591583 1.962710
-0.138165 -0.874188 1.978160
-0.140781 -0.907461 1.898800
0.159161 -0.427866 2.257220
0.229470 -0.617391 2.008690
0.191554 -0.912276 1.998460
0.189097 -0.945314 1.919440
0.076487 -0.366593 2.256090
0.076091 -0.317140 2.301140
0.062081 -0.036518 2.296700
0.049520 0.143445 2.279280
-0.116233 -0.145123 2.269570
-0.164620 -0.342914 2.194470
-0.162174 -0.454824 2.050570
-0.167593 -0.485521 2.000890
0.188833 -0.075139 2.268850
0.292825 -0.230741 2.174660
0.208425 -0.079515 2.164080
0.185642 -0.027438 2.179900
0.000263 -0.446336 2.233630
-0.093504 -0.591531 1.962760
-0.138137 -0.874182 1.978100
-0.140781 -0.907456 1.898760
0.159170 -0.427847 2.257250
0.229447 -0.617395 2.008740
0.191641 -0.912320 1.998450
0.189127 -0.945356 1.919430
0.076510 -0.366567 2.256140
0.076111 -0.317141 2.301180
0.061812 -0.036682 2.296770
0.049667 0.143552 2.279440
-0.116211 -0.144989 2.269730
-0.164598 -0.342898 2.194500
-0.162203 -0.454814 2.050600
-0.167593 -0.485516 2.000900
0.188814 -0.073837 2.268600
0.292987 -0.230843 2.174560
0.208561 -0.079609 2.164370
0.185788 -0.027458 2.180080
0.000290 -0.446339 2.233720
-0.093495 -0.591465 1.962830
-0.138132 -0.874171 1.978040
-0.140804 -0.907444 1.898730
0.159183 -0.427813 2.257290
0.229422 -0.617395 2.008780
0.191654 -0.912338 1.998440
0.189114 -0.945378 1.919420
0.076531 -0.366540 2.256200
0.076131 -0.317142 2.301210
0.061588 -0.036828 2.296830
0.049812 0.143659 2.279590
-0.116190 -0.144885 2.269880
-0.164577 -0.342883 2.194540
-0.162230 -0.454805 2.050630
-0.167590 -0.485510 2.000910
0.188787 -0.072697 2.268320
0.293118 -0.230942 2.174480
0.208678 -0.079701 2.164640
0.185924 -0.027484 2.180260
0.000315 -0.446342 2.233820
-0.093494 -0.591388 1.962890
-0.138131 -0.874156 1.977980
-0.140836 -0.907426 1.898680
0.159195 -0.427778 2.257330
0.229395 -0.617395 2.008830
0.191667 -0.912355 1.998430
0.189101 -0.945399 1.919420
0.076551 -0.366514 2.256250
0.076150 -0.317144 2.301250
0.061392 -0.036965 2.296890
0.049955 0.143770 2.279730
-0.116166 -0.144790 2.270020
-0.164557 -0.342868 2.194580
-0.162253 -0.454797 2.050660
-0.167573 -0.485497 2.000910
0.188777 -0.071743 2.268080
0.293235 -0.231043 2.174410
0.208974 -0.079771 2.165240
0.186197 -0.027489 2.180660
0.000340 -0.446347 2.233930
-0.093493 -0.591313 1.962960
-0.138142 -0.874140 1.977920
-0.140885 -0.907405 1.898630
0.159208 -0.427744 2.257360
0.229365 -0.617399 2.008880
0.191704 -0.912384 1.998440
0.189100 -0.945423 1.919420
0.076573 -0.366480 2.256300
0.076172 -0.317140 2.301290
0.061267 -0.037052 2.296940
0.050086 0.143890 2.279880
-0.116143 -0.144702 2.270150
-0.164539 -0.342854 2.194610
-0.162264 -0.454786 2.050670
-0.167560 -0.485483 2.000920
0.188772 -0.070935 2.267850
0.293341 -0.231125 2.174350
0.209179 -0.079841 2.165750
0.186415 -0.027502 2.181020
0.000366 -0.446348 2.234030
-0.093487 -0.591241 1.963040
-0.138164 -0.874122 1.977860
-0.140955 -0.907381 1.898570
0.159223 -0.427694 2.257400
0.229321 -0.617403 2.008940
0.191764 -0.912425 1.998430
0.189110 -0.945456 1.919420
0.076593 -0.366449 2.256360
0.076194 -0.317138 2.301330
0.061169 -0.037129 2.296980
0.050199 0.143995 2.280010
-0.116118 -0.144633 2.270260
-0.164521 -0.342838 2.194640
-0.162323 -0.454776 2.050710
-0.167507 -0.485488 2.000940
0.188751 -0.070290 2.267670
0.293420 -0.231192 2.174300
0.209321 -0.079894 2.166140
0.186588 -0.027512 2.181320
0.000392 -0.446349 2.234130
-0.093488 -0.591156 1.963110
-0.138176 -0.874098 1.977790
-0.141008 -0.907351 1.898510
0.159237 -0.427644 2.257430
0.229277 -0.617406 2.009000
0.191816 -0.912463 1.998430
0.189117 -0.945486 1.919420
0.076612 -0.366417 2.256410
0.076215 -0.317136 2.301370
0.061095 -0.037186 2.297020
0.050299 0.144089 2.280140
-0.116095 -0.144575 2.270360
-0.164505 -0.342823 2.194670
-0.162376 -0.454771 2.050750
-0.167493 -0.485487 2.000950
0.188741 -0.069750 2.267500
0.293535 -0.231256 2.174230
0.209416 -0.079975 2.166510
0.186730 -0.027543 2.181610
0.000417 -0.446351 2.234240
-0.093495 -0.591042 1.963180
-0.138184 -0.874057 1.977720
-0.141059 -0.907305 1.898450
0.159252 -0.427592 2.257460
0.229238 -0.617401 2.009040
0.191865 -0.912490 1.998430
0.189123 -0.945505 1.919420
0.076631 -0.366387 2.256460
0.076224 -0.317134 2.301400
0.061045 -0.037220 2.297050
0.050390 0.144172 2.280260
-0.116061 -0.144528 2.270450
-0.164490 -0.342809 2.194700
-0.162475 -0.454765 2.050790
-0.167423 -0.485492 2.000970
0.188601 -0.069139 2.267710
0.293702 -0.231319 2.174110
0.209483 -0.080073 2.166840
0.186848 -0.027592 2.181880
0.000443 -0.446353 2.234330
-0.093464 -0.591009 1.963260
-0.138217 -0.874062 1.977660
-0.141107 -0.907305 1.898400
0.159266 -0.427538 2.257480
0.229201 -0.617393 2.009080
0.191911 -0.912514 1.998430
0.189148 -0.945528 1.919420
0.076649 -0.366359 2.256510
0.076234 -0.317132 2.301430
0.061005 -0.037250 2.297080
0.050459 0.144235 2.280360
-0.116028 -0.144491 2.270530
-0.164476 -0.342795 2.194720
-0.162571 -0.454756 2.050840
-0.167374 -0.485498 2.000990
0.188469 -0.068649 2.267840
0.293813 -0.231370 2.174030
0.209557 -0.080143 2.167200
0.186976 -0.027624 2.182190
0.000470 -0.446355 2.234430
-0.093430 -0.590982 1.963340
-0.138251 -0.874071 1.977600
-0.141158 -0.907310 1.898350
0.159280 -0.427486 2.257510
0.229170 -0.617380 2.009110
0.192286 -0.912584 1.998430
0.189467 -0.945599 1.919430
0.076666 -0.366334 2.256550
0.076245 -0.317130 2.301470
0.060989 -0.037264 2.297110
0.050519 0.144290 2.280440
-0.115994 -0.144461 2.270600
-0.164462 -0.342782 2.194750
-0.162654 -0.454746 2.050870
-0.167349 -0.485502 2.001000
0.188364 -0.068272 2.267920
0.293897 -0.231425 2.173960
0.209619 -0.080214 2.167520
0.187091 -0.027662 2.182480
0.000496 -0.446359 2.234520
-0.093395 -0.590959 1.963420
-0.138289 -0.874082 1.977530
-0.141215 -0.907318 1.898300
0.159293 -0.427438 2.257530
0.229144 -0.617366 2.009140
0.193020 -0.912696 1.998500
0.190106 -0.945712 1.919510
0.076684 -0.366311 2.256600
0.076259 -0.317129 2.301500
0.061009 -0.037253 2.297140
0.050570 0.144339 2.280510
-0.115960 -0.144436 2.270660
-0.164447 -0.342766 2.194770
-0.162727 -0.454740 2.050910
-0.167331 -0.485503 2.001010
0.188281 -0.067978 2.267960
0.294008 -0.231491 2.173880
0.209660 -0.080292 2.167740
0.187181 -0.027711 2.182690
0.000524 -0.446363 2.234620
-0.093352 -0.590926 1.963490
-0.138344 -0.874077 1.977470
-0.141299 -0.907309 1.898240
0.159305 -0.427392 2.257550
0.229121 -0.617352 2.009160
0.193351 -0.912741 1.998560
0.190370 -0.945759 1.919570
0.076703 -0.366288 2.256640
0.076288 -0.317126 2.301540
0.061039 -0.037246 2.297180
0.050612 0.144381 2.280570
-0.115927 -0.144415 2.270710
-0.164432 -0.342751 2.194800
-0.162776 -0.454733 2.050940
-0.167340 -0.485510 2.001030
0.188281 -0.067763 2.267760
0.294045 -0.231545 2.173850
0.209676 -0.080334 2.167870
0.187236 -0.027745 2.182850
0.000550 -0.446366 2.234710
-0.093319 -0.590885 1.963560
-0.138386 -0.874068 1.977400
-0.141402 -0.907294 1.898170
0.159317 -0.427348 2.257560
0.229100 -0.617341 2.009180
0.193527 -0.912771 1.998590
0.190490 -0.945787 1.919590
0.076718 -0.366273 2.256690
0.076315 -0.317127 2.301580
0.061097 -0.037223 2.297220
0.050648 0.144417 2.280620
-0.115897 -0.144401 2.270760
-0.164419 -0.342736 2.194820
-0.162823 -0.454716 2.050970
-0.167374 -0.485519 2.001060
0.188273 -0.067607 2.267600
0.294092 -0.231612 2.173820
0.209654 -0.080421 2.167990
0.187269 -0.027798 2.182980
0.000571 -0.446378 2.234810
-0.093288 -0.590845 1.963620
-0.138442 -0.874054 1.977330
-0.141525 -0.907274 1.898100
0.159324 -0.427318 2.257580
0.229082 -0.617335 2.009200
0.193653 -0.912796 1.998610
0.190576 -0.945811 1.919610
0.076731 -0.366261 2.256730
0.076339 -0.317130 2.301610
0.061128 -0.037219 2.297250
0.050679 0.144448 2.280660
-0.115871 -0.144390 2.270800
-0.164406 -0.342721 2.194850
-0.162865 -0.454698 2.050980
-0.167426 -0.485525 2.001090
0.188267 -0.067500 2.267430
0.294089 -0.231624 2.173800
0.209578 -0.080418 2.168080
0.187273 -0.027801 2.183080
0.000589 -0.446391 2.234910
-0.093260 -0.590806 1.963680
-0.138507 -0.874040 1.977240
-0.141660 -0.907253 1.898010
0.159329 -0.427292 2.257590
0.229067 -0.617330 2.009220
0.193723 -0.912812 1.998630
0.190583 -0.945831 1.919640
0.076749 -0.366248 2.256780
0.076376 -0.317137 2.301660
0.061195 -0.037237 2.297330
0.050706 0.144473 2.280700
-0.115846 -0.144382 2.270840
-0.164394 -0.342692 2.194880
-0.162904 -0.454671 2.051010
-0.167487 -0.485521 2.001130
0.188262 -0.067379 2.267250
0.294073 -0.231637 2.173800
0.209511 -0.080416 2.168140
0.187274 -0.027803 2.183160
0.000615 -0.446406 2.235020
-0.093241 -0.590741 1.963740
-0.138565 -0.874010 1.977130
-0.141789 -0.907214 1.897910
0.159336 -0.427264 2.257600
0.229049 -0.617327 2.009240
0.193809 -0.912836 1.998640
0.190625 -0.945850 1.919660
0.076771 -0.366233 2.256830
0.076426 -0.317142 2.301720
0.061329 -0.037227 2.297450
0.050727 0.144492 2.280720
-0.115824 -0.144377 2.270870
-0.164385 -0.342658 2.194920
-0.162926 -0.454644 2.051040
-0.167598 -0.485503 2.001190
0.188252 -0.067220 2.267000
0.293985 -0.231613 2.173820
0.209401 -0.080350 2.168160
0.187261 -0.027780 2.183220
0.000641 -0.446422 2.235120
-0.093215 -0.590707 1.963810
-0.138667 -0.874007 1.977030
-0.141995 -0.907205 1.897790
0.159346 -0.427232 2.257600
0.229038 -0.617318 2.009260
0.193885 -0.912852 1.998630
0.190657 -0.945863 1.919660
0.076793 -0.366221 2.256880
0.076478 -0.317145 2.301780
0.061496 -0.037189 2.297550
0.050745 0.144508 2.280740
-0.115806 -0.144377 2.270900
-0.164378 -0.342626 2.194950
-0.162917 -0.454581 2.051050
-0.167996 -0.485476 2.001330
0.188241 -0.067072 2.266750
0.293952 -0.231604 2.173810
0.209335 -0.080314 2.168180
0.187257 -0.027766 2.183270
0.000665 -0.446443 2.235230
-0.093189 -0.590678 1.963880
-0.138763 -0.874007 1.976920
-0.142191 -0.907201 1.897680
0.159355 -0.427204 2.257610
0.229029 -0.617311 2.009270
0.193932 -0.912863 1.998630
0.190672 -0.945874 1.919660
0.076814 -0.366211 2.256920
0.076532 -0.317152 2.301830
0.061674 -0.037157 2.297660
0.050761 0.144513 2.280760
-0.115789 -0.144378 2.270930
-0.164374 -0.342600 2.194980
-0.162907 -0.454522 2.051050
-0.168299 -0.485452 2.001430
0.188277 -0.067034 2.266450
0.293802 -0.231528 2.173830
0.209197 -0.080174 2.168180
0.187224 -0.027703 2.183320
0.000685 -0.446465 2.235330
-0.093176 -0.590643 1.963940
-0.138832 -0.873997 1.976830
-0.142345 -0.907187 1.897580
0.159362 -0.427182 2.257620
0.229025 -0.617300 2.009280
0.193967 -0.912868 1.998630
0.190676 -0.945878 1.919660
0.076838 -0.366197 2.256970
0.076601 -0.317149 2.301890
0.062146 -0.036985 2.297860
0.050775 0.144516 2.280770
-0.115774 -0.144381 2.270960
-0.164372 -0.342576 2.195010
-0.162906 -0.454476 2.051060
-0.167972 -0.485229 2.001350
0.188312 -0.067010 2.266180
0.293103 -0.230692 2.173970
0.208495 -0.079175 2.168100
0.186941 -0.027217 2.183370
0.000703 -0.446483 2.235420
-0.093171 -0.590604 1.964000
-0.138888 -0.873988 1.976730
-0.142477 -0.907171 1.897490
0.159369 -0.427154 2.257630
0.229022 -0.617285 2.009290
0.193999 -0.912871 1.998620
0.190681 -0.945881 1.919660
0.076859 -0.366187 2.257020
0.076663 -0.317154 2.301950
0.062439 -0.036922 2.298000
0.050788 0.144511 2.280780
-0.115761 -0.144385 2.270980
-0.164375 -0.342558 2.195030
-0.162906 -0.454442 2.051070
-0.167572 -0.484985 2.001250
0.188348 -0.067003 2.265920
0.292748 -0.230264 2.174070
0.208139 -0.078644 2.168050
0.186791 -0.026927 2.183410
0.000716 -0.446505 2.235510
-0.093165 -0.590568 1.964060
-0.138983 -0.873984 1.976570
-0.142661 -0.907162 1.897330
0.159376 -0.427133 2.257630
0.229022 -0.617271 2.009290
0.194026 -0.912871 1.998620
0.190685 -0.945883 1.919660
0.076881 -0.366179 2.257070
0.076728 -0.317161 2.302010
0.062732 -0.036889 2.298150
0.050804 0.144495 2.280780
-0.115748 -0.144391 2.271000
-0.164379 -0.342540 2.195060
-0.162931 -0.454419 2.051080
-0.167072 -0.484755 2.001160
0.188404 -0.067019 2.265640
0.292604 -0.230029 2.174060
0.207955 -0.078374 2.168020
0.186713 -0.026765 2.183440
0.000728 -0.446527 2.235590
-0.093156 -0.590537 1.964110
-0.139095 -0.873983 1.976390
-0.142869 -0.907155 1.897160
0.159382 -0.427114 2.257630
0.229022 -0.617259 2.009300
0.194053 -0.912871 1.998610
0.190687 -0.945885 1.919660
0.076900 -0.366172 2.257110
0.076788 -0.317172 2.302070
0.063002 -0.036885 2.298300
0.050833 0.144424 2.280790
-0.115736 -0.144400 2.271020
-0.164384 -0.342525 2.195080
-0.162957 -0.454402 2.051110
-0.166548 -0.484533 2.001080
0.188450 -0.067027 2.265430
0.292500 -0.229886 2.174070
0.207827 -0.078202 2.168020
0.186653 -0.026651 2.183490
0.000736 -0.446551 2.235680
-0.093151 -0.590507 1.964150
-0.139211 -0.873982 1.976210
-0.143070 -0.907149 1.896980
0.159386 -0.427098 2.257630
0.229023 -0.617248 2.009300
0.194091 -0.912871 1.998600
0.190691 -0.945886 1.919660
0.076925 -0.366158 2.257160
0.076861 -0.317169 2.302130
0.063360 -0.036816 2.298430
0.050855 0.144366 2.280790
-0.115726 -0.144411 2.271040
-0.164391 -0.342507 2.195110
-0.162985 -0.454386 2.051130
-0.166046 -0.484326 2.001020
0.188481 -0.067024 2.265230
0.292425 -0.229784 2.174080
0.207739 -0.078067 2.168050
0.186614 -0.026550 2.183560
0.000746 -0.446568 2.235760
-0.093123 -0.590511 1.964230
-0.139413 -0.874043 1.976000
-0.143378 -0.907213 1.896780
0.159393 -0.427072 2.257640
0.229023 -0.617232 2.009310
0.194101 -0.912868 1.998600
0.190657 -0.945879 1.919650
0.076943 -0.366148 2.257200
0.076919 -0.317171 2.302180
0.063567 -0.036790 2.298510
0.050875 0.144302 2.280790
-0.115718 -0.144424 2.271070
-0.164399 -0.342490 2.195130
-0.163018 -0.454380 2.051170
-0.165594 -0.484157 2.000970
0.188540 -0.067123 2.264960
0.292371 -0.229702 2.174090
0.207676 -0.077959 2.168040
0.186586 -0.026469 2.183580
0.000750 -0.446586 2.235830
-0.093116 -0.590513 1.964300
-0.139527 -0.874098 1.975830
-0.143575 -0.907268 1.896610
0.159396 -0.427054 2.257640
0.229027 -0.617214 2.009320
0.194066 -0.912844 1.998590
0.190532 -0.945845 1.919650
0.076958 -0.366140 2.257240
0.076970 -0.317171 2.302230
0.063759 -0.036727 2.298590
0.050893 0.144233 2.280790
-0.115710 -0.144436 2.271090
-0.164407 -0.342476 2.195160
-0.163038 -0.454377 2.051200
-0.165251 -0.484057 2.000960
0.188576 -0.067234 2.264750
0.292331 -0.229637 2.174090
0.207649 -0.077842 2.167950
0.186573 -0.026381 2.183560
0.000752 -0.446603 2.235900
-0.093116 -0.590509 1.964360
-0.139617 -0.874142 1.975680
-0.143727 -0.907312 1.896470
0.159397 -0.427039 2.257640
0.229031 -0.617196 2.009320
0.193988 -0.912809 1.998580
0.190353 -0.945799 1.919640
0.076972 -0.366133 2.257280
0.077016 -0.317174 2.302280
0.063894 -0.036702 2.298640
0.050909 0.144165 2.280790
-0.115701 -0.144453 2.271110
-0.164415 -0.342462 2.195180
-0.163059 -0.454382 2.051240
-0.164924 -0.483979 2.000950
0.188602 -0.067355 2.264570
0.292484 -0.229309 2.173940
0.208549 -0.076760 2.165800
0.187002 -0.025743 2.182590
0.000753 -0.446618 2.235960
-0.093122 -0.590491 1.964420
-0.139675 -0.874161 1.975560
-0.143833 -0.907329 1.896370
0.159396 -0.427026 2.257650
0.229035 -0.617178 2.009330
0.193898 -0.912771 1.998550
0.190162 -0.945750 1.919620
0.076987 -0.366126 2.257320
0.077059 -0.317176 2.302320
0.064006 -0.036683 2.298690
0.050917 0.144110 2.280790
-0.115693 -0.144469 2.271130
-0.164422 -0.342449 2.195210
-0.163078 -0.454388 2.051280
-0.164635 -0.483922 2.000950
0.188611 -0.067414 2.264460
0.292656 -0.228925 2.173790
0.209117 -0.075906 2.164340
0.187317 -0.025164 2.181820
0.000758 -0.446633 2.236030
-0.093105 -0.590528 1.964520
-0.139832 -0.874247 1.975420
-0.144051 -0.907418 1.896240
0.159397 -0.427010 2.257650
0.229042 -0.617152 2.009330
0.193780 -0.912715 1.998530
0.189946 -0.945684 1.919600
0.077005 -0.366117 2.257360
0.077104 -0.317173 2.302360
0.064141 -0.036631 2.298720
0.050920 0.144060 2.280790
-0.115680 -0.144498 2.271150
-0.164428 -0.342443 2.195230
-0.163093 -0.454392 2.051300
-0.164756 -0.484001 2.001040
0.188611 -0.067445 2.264390
0.292801 -0.228562 2.173670
0.209328 -0.075472 2.164060
0.187449 -0.024826 2.181680
0.000767 -0.446645 2.236090
-0.093100 -0.590524 1.964590
-0.139958 -0.874273 1.975310
-0.144223 -0.907443 1.896140
0.159399 -0.426991 2.257660
0.229046 -0.617130 2.009340
0.193636 -0.912659 1.998500
0.189714 -0.945621 1.919580
0.077019 -0.366122 2.257400
0.077113 -0.317176 2.302400
0.064362 -0.036495 2.298750
0.050918 0.144008 2.280790
-0.115666 -0.144530 2.271180
-0.164435 -0.342438 2.195250
-0.163101 -0.454400 2.051330
-0.164839 -0.484068 2.001100
0.188142 -0.072169 2.266920
0.292941 -0.228208 2.173560
0.209480 -0.075112 2.163890
0.187553 -0.024524 2.181580
0.000771 -0.446658 2.236150
-0.093072 -0.590578 1.964690
-0.140154 -0.874357 1.975210
-0.144323 -0.907496 1.896070
0.159394 -0.426987 2.257660
0.229048 -0.617118 2.009340
0.193495 -0.912610 1.998490
0.189623 -0.945588 1.919570
0.077034 -0.366131 2.257430
0.077119 -0.317181 2.302430
0.064569 -0.036360 2.298770
0.050910 0.143961 2.280790
-0.115652 -0.144563 2.271210
-0.164442 -0.342434 2.195270
-0.163100 -0.454408 2.051360
-0.165018 -0.484156 2.001190
0.187627 -0.074494 2.268480
0.293063 -0.227897 2.173460
0.209589 -0.074821 2.163790
0.187635 -0.024262 2.181520
0.000776 -0.446671 2.236200
-0.093042 -0.590633 1.964790
-0.140362 -0.874441 1.975120
-0.144420 -0.907549 1.896020
0.159388 -0.426986 2.257670
0.229051 -0.617108 2.009350
0.193328 -0.912558 1.998460
0.189532 -0.945554 1.919550
0.077051 -0.366139 2.257470
0.077129 -0.317182 2.302460
0.064781 -0.036217 2.298770
0.050898 0.143916 2.280790
-0.115639 -0.144597 2.271240
-0.164449 -0.342434 2.195290
-0.163098 -0.454421 2.051390
-0.164965 -0.484231 2.001240
0.187279 -0.075647 2.269270
0.293286 -0.227429 2.173210
0.209660 -0.074607 2.163700
0.187695 -0.024003 2.181480
0.000785 -0.446682 2.236250
-0.093021 -0.590672 1.964880
-0.140536 -0.874511 1.975020
-0.144508 -0.907596 1.895960
0.159384 -0.426982 2.257680
0.229053 -0.617094 2.009360
0.193182 -0.912513 1.998430
0.189446 -0.945523 1.919530
0.077070 -0.366146 2.257500
0.077141 -0.317182 2.302490
0.064972 -0.036061 2.298750
0.050881 0.143871 2.280790
-0.115630 -0.144642 2.271270
-0.164456 -0.342436 2.195310
-0.163088 -0.454436 2.051410
-0.164718 -0.484295 2.001270
0.187058 -0.076315 2.269740
0.293347 -0.226709 2.173040
0.209487 -0.074115 2.163820
0.187629 -0.023592 2.181490
0.000797 -0.446693 2.236300
-0.093012 -0.590693 1.964960
-0.140648 -0.874556 1.974950
-0.144565 -0.907629 1.895910
0.159382 -0.426975 2.257690
0.229053 -0.617080 2.009370
0.193056 -0.912476 1.998400
0.189367 -0.945498 1.919510
0.077090 -0.366153 2.257530
0.077152 -0.317181 2.302510
0.065134 -0.035909 2.298720
0.050859 0.143819 2.280780
-0.115622 -0.144689 2.271300
-0.164464 -0.342441 2.195320
-0.163073 -0.454455 2.051430
-0.164215 -0.484403 2.001310
0.186886 -0.076793 2.270080
0.293385 -0.226048 2.172900
0.209247 -0.073698 2.163880
0.187517 -0.023221 2.181480
0.000809 -0.446702 2.236350
-0.093011 -0.590701 1.965020
-0.140726 -0.874588 1.974890
-0.144602 -0.907651 1.895870
0.159381 -0.426969 2.257700
0.229054 -0.617067 2.009380
0.192979 -0.912453 1.998360
0.189321 -0.945483 1.919500
0.077117 -0.366150 2.257580
0.077176 -0.317168 2.302550
0.065281 -0.035758 2.298690
0.050835 0.143761 2.280780
-0.115617 -0.144752 2.271340
-0.164473 -0.342449 2.195340
-0.163054 -0.454477 2.051460
-0.163965 -0.484568 2.001380
0.186759 -0.077048 2.270250
0.293463 -0.225385 2.172660
0.208948 -0.073354 2.163990
0.187371 -0.022898 2.181480
0.000824 -0.446707 2.236400
-0.093010 -0.590706 1.965090
-0.140804 -0.874615 1.974840
-0.144649 -0.907673 1.895840
0.159390 -0.426942 2.257740
0.229055 -0.617025 2.009410
0.192918 -0.912423 1.998320
0.189277 -0.945460 1.919460
0.077145 -0.366141 2.257620
0.077199 -0.317152 2.302580
0.065341 -0.035685 2.298680
0.050808 0.143704 2.280780
-0.115614 -0.144818 2.271380
-0.164482 -0.342465 2.195360
-0.163044 -0.454498 2.051470
-0.163725 -0.484730 2.001440
0.186655 -0.077127 2.270330
0.293520 -0.224816 2.172450
0.208655 -0.073063 2.164020
0.187213 -0.022601 2.181440
0.000838 -0.446711 2.236440
-0.093008 -0.590701 1.965140
-0.140877 -0.874629 1.974780
-0.144696 -0.907685 1.895800
0.159405 -0.426904 2.257790
0.229066 -0.616964 2.009440
0.192860 -0.912384 1.998270
0.189233 -0.945429 1.919420
0.077171 -0.366128 2.257670
0.077231 -0.317132 2.302620
0.065352 -0.035626 2.298660
0.050782 0.143652 2.280790
-0.115613 -0.144888 2.271420
-0.164491 -0.342481 2.195380
-0.163031 -0.454520 2.051490
-0.163571 -0.484836 2.001470
0.186643 -0.077029 2.270040
0.293552 -0.224342 2.172260
0.208264 -0.072809 2.164280
0.187020 -0.022336 2.181520
0.000853 -0.446712 2.236490
-0.092977 -0.590728 1.965220
-0.141050 -0.874676 1.974720
-0.144885 -0.907736 1.895750
0.159423 -0.426860 2.257840
0.229074 -0.616900 2.009490
0.192824 -0.912351 1.998200
0.189192 -0.945402 1.919360
0.077193 -0.366116 2.257720
0.077258 -0.317113 2.302660
0.065330 -0.035584 2.298650
0.050752 0.143602 2.280800
-0.115616 -0.144953 2.271470
-0.164502 -0.342497 2.195400
-0.163018 -0.454542 2.051510
-0.163651 -0.485011 2.001550
0.186652 -0.076854 2.269680
0.293575 -0.223904 2.172110
0.207849 -0.072550 2.164710
0.186809 -0.022063 2.181690
0.000865 -0.446713 2.236530
-0.092960 -0.590728 1.965270
-0.141210 -0.874682 1.974670
-0.145069 -0.907743 1.895710
0.159440 -0.426816 2.257890
0.229079 -0.616843 2.009530
0.192793 -0.912325 1.998120
0.189151 -0.945381 1.919290
0.077224 -0.366069 2.257780
0.077310 -0.317040 2.302720
0.065413 -0.035356 2.298590
0.050721 0.143563 2.280810
-0.115623 -0.145018 2.271510
-0.164513 -0.342515 2.195420
-0.163006 -0.454564 2.051520
-0.163748 -0.485168 2.001620
0.186640 -0.076532 2.269240
0.293585 -0.223520 2.171990
0.207608 -0.072318 2.164880
0.186661 -0.021800 2.181740
0.000879 -0.446691 2.236580
-0.092935 -0.590719 1.965340
-0.141387 -0.874688 1.974590
-0.145277 -0.907754 1.895650
0.159458 -0.426719 2.257970
0.229076 -0.616755 2.009620
0.192783 -0.912300 1.998000
0.189123 -0.945363 1.919180
0.077255 -0.366019 2.257840
0.077363 -0.316963 2.302780
0.065490 -0.035135 2.298540
0.050618 0.143527 2.280820
-0.115633 -0.145082 2.271560
-0.164525 -0.342536 2.195440
-0.162995 -0.454588 2.051540
-0.163840 -0.485296 2.001680
0.186636 -0.076150 2.268800
0.293573 -0.223170 2.171930
0.207394 -0.072093 2.164950
0.186515 -0.021530 2.181750
0.000892 -0.446665 2.236630
-0.092892 -0.590759 1.965450
-0.141640 -0.874764 1.974500
-0.145572 -0.907843 1.895570
0.159475 -0.426620 2.258050
0.229073 -0.616663 2.009700
0.192783 -0.912274 1.997860
0.189101 -0.945344 1.919060
0.077278 -0.365974 2.257900
0.077400 -0.316903 2.302830
0.065482 -0.035037 2.298500
0.050505 0.143495 2.280830
-0.115654 -0.145145 2.271620
-0.164546 -0.342585 2.195480
-0.162983 -0.454615 2.051560
-0.163933 -0.485456 2.001740
0.186583 -0.075662 2.268390
0.293687 -0.222774 2.171810
0.207210 -0.071939 2.165000
0.186380 -0.021322 2.181740
0.000902 -0.446637 2.236690
-0.092864 -0.590775 1.965550
-0.141859 -0.874810 1.974420
-0.145834 -0.907899 1.895500
0.159488 -0.426534 2.258110
0.229067 -0.616591 2.009780
0.192816 -0.912265 1.997730
0.189106 -0.945340 1.918950
0.077296 -0.365933 2.257950
0.077424 -0.316858 2.302870
0.065321 -0.035034 2.298470
0.050264 0.143445 2.280840
-0.115680 -0.145206 2.271690
-0.164574 -0.342648 2.195520
-0.162968 -0.454645 2.051570
-0.164106 -0.485631 2.001810
0.186524 -0.075354 2.268150
0.293804 -0.222436 2.171730
0.207058 -0.071816 2.165020
0.186260 -0.021140 2.181720
0.000910 -0.446609 2.236750
-0.092839 -0.590791 1.965650
-0.142002 -0.874849 1.974370
-0.146012 -0.907945 1.895460
0.159496 -0.426455 2.258180
0.229060 -0.616522 2.009850
0.192834 -0.912253 1.997630
0.189101 -0.945333 1.918860
0.077313 -0.365893 2.258000
0.077441 -0.316816 2.302910
0.065141 -0.035053 2.298430
0.050021 0.143391 2.280850
-0.115708 -0.145268 2.271760
-0.164604 -0.342721 2.195570
-0.162952 -0.454686 2.051590
-0.164253 -0.485777 2.001860
0.186426 -0.075000 2.267980
0.293877 -0.222174 2.171720
0.206926 -0.071703 2.165020
0.186149 -0.020968 2.181680
0.000922 -0.446579 2.236790
-0.092822 -0.590790 1.965720
-0.142111 -0.874868 1.974330
-0.146134 -0.907968 1.895430
0.159506 -0.426380 2.258240
0.229059 -0.616443 2.009920
0.192913 -0.912239 1.997470
0.189158 -0.945325 1.918720
0.077331 -0.365847 2.258060
0.077457 -0.316771 2.302950
0.065016 -0.035038 2.298420
0.049792 0.143347 2.280880
-0.115740 -0.145329 2.271830
-0.164641 -0.342819 2.195620
-0.162939 -0.454727 2.051600
-0.164392 -0.485907 2.001890
0.186289 -0.074574 2.267870
0.293930 -0.221958 2.171760
0.206787 -0.071603 2.164960
0.186034 -0.020809 2.181610
0.000938 -0.446543 2.236840
-0.092818 -0.590755 1.965790
-0.142171 -0.874871 1.974300
-0.146203 -0.907976 1.895400
0.159518 -0.426299 2.258320
0.229053 -0.616368 2.010000
0.193015 -0.912237 1.997290
0.189240 -0.945328 1.918550
0.077348 -0.365803 2.258110
0.077469 -0.316731 2.303000
0.064834 -0.035065 2.298430
0.049570 0.143306 2.280920
-0.115776 -0.145390 2.271910
-0.164678 -0.342934 2.195680
-0.162933 -0.454773 2.051610
-0.164465 -0.485989 2.001900
0.186160 -0.074152 2.267800
0.293969 -0.221763 2.171880
0.206659 -0.071524 2.164910
0.185924 -0.020671 2.181550
0.000955 -0.446507 2.236880
-0.092798 -0.590743 1.965850
-0.142262 -0.874880 1.974250
-0.146301 -0.907988 1.895370
0.159529 -0.426224 2.258380
0.229048 -0.616297 2.010080
0.193016 -0.912218 1.997190
0.189227 -0.945311 1.918460
0.077363 -0.365768 2.258160
0.077472 -0.316704 2.303030
0.064596 -0.035150 2.298450
0.049361 0.143268 2.280950
-0.115815 -0.145450 2.271990
-0.164724 -0.343066 2.195740
-0.162924 -0.454823 2.051610
-0.164544 -0.486057 2.001900
0.185952 -0.073617 2.267950
0.293981 -0.221576 2.172120
0.206541 -0.071448 2.164840
0.185820 -0.020539 2.181480
0.000975 -0.446479 2.236920
-0.092787 -0.590695 1.965900
-0.142303 -0.874870 1.974220
-0.146341 -0.907980 1.895350
0.159541 -0.426161 2.258450
0.229058 -0.616220 2.010150
0.192927 -0.912160 1.997050
0.189145 -0.945258 1.918330
0.077376 -0.365741 2.258210
0.077471 -0.316684 2.303070
0.064345 -0.035257 2.298470
0.049061 0.143227 2.281010
-0.115857 -0.145513 2.272080
-0.164772 -0.343222 2.195810
-0.162916 -0.454873 2.051620
-0.164581 -0.486112 2.001890
0.185786 -0.073217 2.268120
0.293989 -0.221411 2.172420
0.206450 -0.071383 2.164770
0.185733 -0.020419 2.181410
0.000992 -0.446456 2.236960
-0.092776 -0.590644 1.965940
-0.142328 -0.874855 1.974190
-0.146361 -0.907965 1.895320
0.159553 -0.426111 2.258510
0.229067 -0.616153 2.010200
0.192817 -0.912101 1.996900
0.189048 -0.945203 1.918200
0.077388 -0.365708 2.258260
0.077468 -0.316665 2.303110
0.063912 -0.035540 2.298480
0.048671 0.143187 2.281080
-0.115907 -0.145586 2.272170
-0.164820 -0.343381 2.195890
-0.162898 -0.454953 2.051630
-0.164573 -0.486161 2.001880
0.185552 -0.072341 2.268420
0.294003 -0.221253 2.172780
0.206388 -0.071319 2.164710
0.185668 -0.020303 2.181350
0.001016 -0.446432 2.237000
-0.092774 -0.590565 1.965980
-0.142333 -0.874824 1.974160
-0.146360 -0.907935 1.895290
0.159573 -0.426044 2.258570
0.229080 -0.616077 2.010270
0.192684 -0.912035 1.996740
0.188924 -0.945141 1.918040
0.077401 -0.365674 2.258310
0.077461 -0.316648 2.303140
0.063502 -0.035827 2.298490
0.048084 0.143164 2.281210
-0.115956 -0.145658 2.272270
-0.164866 -0.343533 2.195960
-0.162881 -0.455034 2.051650
-0.164554 -0.486204 2.001870
0.185329 -0.071623 2.268820
0.294007 -0.221130 2.173190
0.206345 -0.071267 2.164660
0.185617 -0.020203 2.181290
0.001046 -0.446406 2.237050
-0.092738 -0.590566 1.966060
-0.142376 -0.874842 1.974120
-0.146386 -0.907948 1.895270
0.159595 -0.425969 2.258640
0.229092 -0.616003 2.010340
0.192650 -0.911999 1.996630
0.188902 -0.945108 1.917940
0.077414 -0.365642 2.258360
0.077432 -0.316632 2.303180
0.063081 -0.036135 2.298500
0.047572 0.143125 2.281280
-0.116013 -0.145731 2.272380
-0.164908 -0.343676 2.196030
-0.162869 -0.455119 2.051670
-0.165240 -0.486504 2.002020
0.184859 -0.070501 2.270370
0.294008 -0.220994 2.173710
0.206303 -0.071224 2.164630
0.185565 -0.020112 2.181250
0.001080 -0.446381 2.237090
-0.092698 -0.590578 1.966140
-0.142431 -0.874866 1.974090
-0.146398 -0.907961 1.895250
0.159624 -0.425886 2.258710
0.229104 -0.615922 2.010420
0.192623 -0.911963 1.996520
0.188925 -0.945069 1.917820
0.077421 -0.365607 2.258410
0.077390 -0.316619 2.303230
0.062573 -0.036584 2.298560
0.047185 0.143037 2.281330
-0.116075 -0.145804 2.272490
-0.164953 -0.343843 2.196100
-0.162848 -0.455219 2.051690
-0.165966 -0.486787 2.002140
0.184480 -0.069571 2.271710
0.293988 -0.220883 2.174270
0.206255 -0.071191 2.164620
0.185509 -0.020035 2.181230
0.001108 -0.446359 2.237120
-0.092663 -0.590586 1.966210
-0.142479 -0.874886 1.974060
-0.146406 -0.907971 1.895230
0.159646 -0.425800 2.258790
0.229121 -0.615826 2.010490
0.192577 -0.911912 1.996400
0.188928 -0.945019 1.917710
0.077427 -0.365567 2.258460
0.077352 -0.316607 2.303270
0.062057 -0.037065 2.298650
0.046863 0.142941 2.281340
-0.116138 -0.145876 2.272610
-0.164994 -0.344021 2.196170
-0.162831 -0.455311 2.051700
-0.166507 -0.487019 2.002220
0.184318 -0.068897 2.272580
0.293849 -0.219648 2.174860
0.205305 -0.070402 2.164980
0.184929 -0.019471 2.181410
0.001137 -0.446338 2.237160
-0.092592 -0.590683 1.966340
-0.142555 -0.874972 1.974030
-0.146427 -0.908039 1.895210
0.159680 -0.425700 2.258870
0.229136 -0.615721 2.010580
0.192503 -0.911848 1.996260
0.188905 -0.944957 1.917580
0.077434 -0.365528 2.258510
0.077309 -0.316599 2.303320
0.061585 -0.037526 2.298750
0.046503 0.142783 2.281330
-0.116214 -0.145967 2.272740
-0.165037 -0.344227 2.196250
-0.162819 -0.455403 2.051710
-0.167323 -0.487364 2.002360
0.184211 -0.068417 2.273370
0.293739 -0.218857 2.175400
0.204684 -0.069899 2.165230
0.184501 -0.019053 2.181550
0.001166 -0.446321 2.237180
-0.092565 -0.590737 1.966440
-0.142569 -0.875030 1.974000
-0.146384 -0.908103 1.895180
0.159722 -0.425600 2.258970
0.229153 -0.615609 2.010660
0.192376 -0.911760 1.996100
0.188851 -0.944877 1.917430
0.077443 -0.365482 2.258570
0.077267 -0.316588 2.303370
0.061191 -0.037903 2.298870
0.046147 0.142609 2.281310
-0.116291 -0.146065 2.272860
-0.165076 -0.344427 2.196320
-0.162809 -0.455496 2.051710
-0.168001 -0.487648 2.002470
0.184140 -0.068048 2.274010
0.293619 -0.218205 2.175930
0.204160 -0.069479 2.165490
0.184112 -0.018675 2.181700
0.001197 -0.446305 2.237200
-0.092535 -0.590845 1.966560
-0.142588 -0.875123 1.973990
-0.146347 -0.908198 1.895170
0.159778 -0.425478 2.259090
0.229170 -0.615471 2.010770
0.192236 -0.911657 1.995940
0.188785 -0.944781 1.917280
0.077451 -0.365436 2.258630
0.077223 -0.316578 2.303420
0.060851 -0.038238 2.298990
0.045792 0.142437 2.281280
-0.116372 -0.146175 2.272990
-0.165097 -0.344622 2.196390
-0.162813 -0.455597 2.051710
-0.168504 -0.487929 2.002560
0.184112 -0.067819 2.274600
0.293504 -0.217664 2.176420
0.204018 -0.069079 2.165680
0.183981 -0.018158 2.181880
0.001226 -0.446290 2.237220
-0.092511 -0.590939 1.966660
-0.142620 -0.875200 1.973990
-0.146327 -0.908270 1.895180
0.159835 -0.425357 2.259230
0.229183 -0.615334 2.010880
0.192089 -0.911552 1.995770
0.188718 -0.944684 1.917130
0.077458 -0.365388 2.258680
0.077179 -0.316563 2.303470
0.060693 -0.038385 2.299040
0.045386 0.142313 2.281250
-0.116449 -0.146281 2.273120
-0.165113 -0.344806 2.196450
-0.162820 -0.455690 2.051710
-0.168736 -0.488044 2.002590
0.184112 -0.067696 2.275100
0.293381 -0.217285 2.176870
0.203948 -0.068742 2.165880
0.183906 -0.017707 2.182090
0.001254 -0.446271 2.237230
-0.092445 -0.591098 1.966800
-0.142786 -0.875347 1.973990
-0.146389 -0.908386 1.895180
0.159874 -0.425238 2.259340
0.229194 -0.615206 2.010980
0.191923 -0.911446 1.995610
0.188637 -0.944587 1.916990
0.077465 -0.365343 2.258730
0.077006 -0.316537 2.303540
0.060627 -0.038447 2.299100
0.045066 0.142232 2.281200
-0.116520 -0.146382 2.273230
-0.165123 -0.344983 2.196510
-0.162830 -0.455783 2.051710
-0.168913 -0.488136 2.002600
0.183488 -0.071135 2.281020
0.293259 -0.216998 2.177270
0.203923 -0.068445 2.166080
0.183864 -0.017297 2.182300
0.001285 -0.446247 2.237240
-0.092418 -0.591172 1.966870
-0.142846 -0.875421 1.973980
-0.146251 -0.908482 1.895180
0.159904 -0.425131 2.259440
0.229197 -0.615083 2.011070
0.191776 -0.911344 1.995450
0.188701 -0.944483 1.916830
0.077472 -0.365300 2.258780
0.076935 -0.316519 2.303590
0.060583 -0.038475 2.299150
0.044754 0.142153 2.281160
-0.116591 -0.146486 2.273350
-0.165130 -0.345146 2.196560
-0.162831 -0.455864 2.051700
-0.169061 -0.488205 2.002600
0.183409 -0.071659 2.282150
0.293160 -0.216780 2.177640
0.203933 -0.068189 2.166270
0.183847 -0.016938 2.182510
0.001314 -0.446225 2.237240
-0.092387 -0.591258 1.966950
-0.142924 -0.875504 1.973990
-0.146230 -0.908550 1.895190
0.159931 -0.425032 2.259530
0.229203 -0.614956 2.011150
0.191605 -0.911225 1.995280
0.188661 -0.944376 1.916680
0.077479 -0.365257 2.258820
0.076884 -0.316503 2.303640
0.060554 -0.038476 2.299210
0.044512 0.142068 2.281110
-0.116657 -0.146586 2.273460
-0.165131 -0.345311 2.196610
-0.162838 -0.455951 2.051690
-0.169157 -0.488254 2.002590
0.183433 -0.071975 2.282850
0.293075 -0.216616 2.177970
0.203978 -0.067958 2.166450
0.183859 -0.016612 2.182710
0.001342 -0.446204 2.237240
-0.092372 -0.591309 1.967000
-0.142978 -0.875554 1.974070
-0.146205 -0.908596 1.895270
0.159963 -0.424940 2.259620
0.229207 -0.614840 2.011220
0.191457 -0.911118 1.995120
0.188605 -0.944274 1.916540
0.077481 -0.365232 2.258850
0.076816 -0.316492 2.303680
0.060541 -0.038450 2.299260
0.044343 0.141986 2.281060
-0.116720 -0.146681 2.273560
-0.165130 -0.345462 2.196650
-0.162844 -0.456031 2.051690
-0.169185 -0.488298 2.002560
0.183404 -0.071924 2.283580
0.292997 -0.216516 2.178280
0.203969 -0.067826 2.166510
0.183826 -0.016428 2.182780
0.001362 -0.446192 2.237240
-0.092358 -0.591390 1.967060
-0.143005 -0.875629 1.974190
-0.146107 -0.908675 1.895420
0.159979 -0.424881 2.259680
0.229217 -0.614742 2.011270
0.191310 -0.911008 1.995010
0.188573 -0.944178 1.916430
0.077483 -0.365212 2.258880
0.076758 -0.316485 2.303710
0.060518 -0.038407 2.299320
0.044190 0.141911 2.281010
-0.116776 -0.146771 2.273650
-0.165124 -0.345602 2.196700
-0.162848 -0.456103 2.051680
-0.169183 -0.488321 2.002520
0.183404 -0.071963 2.284030
0.292931 -0.216448 2.178550
0.203929 -0.067742 2.166570
0.183761 -0.016294 2.182830
0.001381 -0.446184 2.237240
-0.092349 -0.591466 1.967100
-0.143023 -0.875699 1.974350
-0.146008 -0.908748 1.895600
0.159993 -0.424836 2.259730
0.229222 -0.614667 2.011310
0.191241 -0.910941 1.994910
0.188585 -0.944108 1.916330
0.077483 -0.365196 2.258900
0.076713 -0.316483 2.303740
0.060434 -0.038401 2.299390
0.044085 0.141838 2.280960
-0.116827 -0.146854 2.273730
-0.165118 -0.345730 2.196740
-0.162846 -0.456168 2.051680
-0.169153 -0.488325 2.002460
0.183576 -0.071909 2.284100
0.292888 -0.216409 2.178780
0.199813 -0.046998 2.176690
0.181327 -0.005274 2.188090
0.001398 -0.446180 2.237230
-0.092343 -0.591524 1.967140
-0.143013 -0.875756 1.974510
-0.145912 -0.908805 1.895770
0.160010 -0.424802 2.259770
0.229231 -0.614605 2.011330
0.191190 -0.910884 1.994830
0.188588 -0.944045 1.916250
0.077483 -0.365182 2.258920
0.076671 -0.316483 2.303770
0.060339 -0.038388 2.299470
0.044020 0.141781 2.280920
-0.116875 -0.146926 2.273810
-0.165114 -0.345847 2.196780
-0.162842 -0.456226 2.051670
-0.169146 -0.488334 2.002430
0.183806 -0.071789 2.283970
0.292853 -0.216383 2.179000
0.198969 -0.038245 2.180740
0.180303 0.002253 2.191510
0.001410 -0.446176 2.237230
-0.092346 -0.591565 1.967160
-0.142965 -0.875803 1.974650
-0.145784 -0.908852 1.895930
0.160024 -0.424776 2.259800
0.229240 -0.614553 2.011350
0.191165 -0.910838 1.994760
0.188611 -0.943992 1.916170
0.077479 -0.365170 2.258940
0.076632 -0.316481 2.303800
0.060216 -0.038344 2.299560
0.043972 0.141729 2.280890
-0.116917 -0.146991 2.273880
-0.165113 -0.345953 2.196820
-0.162835 -0.456283 2.051670
-0.169167 -0.488343 2.002410
0.184143 -0.071683 2.283530
0.292826 -0.216370 2.179190
0.198479 -0.034093 2.182740
0.179618 0.006881 2.193680
0.001418 -0.446174 2.237220
-0.092351 -0.591602 1.967170
-0.142922 -0.875845 1.974770
-0.145682 -0.908893 1.896070
0.160036 -0.424755 2.259820
0.229249 -0.614511 2.011370
0.191157 -0.910802 1.994700
0.188639 -0.943950 1.916110
0.077476 -0.365159 2.258960
0.076596 -0.316480 2.303820
0.060087 -0.038303 2.299630
0.043939 0.141683 2.280850
-0.116956 -0.147050 2.273940
-0.165112 -0.346048 2.196850
-0.162826 -0.456337 2.051670
-0.169111 -0.488321 2.002350
0.184450 -0.071444 2.283070
0.293078 -0.216583 2.179260
0.198078 -0.031268 2.184050
0.178993 0.010500 2.195300
0.001427 -0.446174 2.237220
-0.092353 -0.591626 1.967180
-0.142879 -0.875872 1.974870
-0.145590 -0.908920 1.896190
0.160050 -0.424736 2.259840
0.229258 -0.614472 2.011380
0.191150 -0.910770 1.994660
0.188662 -0.943911 1.916060
0.077472 -0.365151 2.258970
0.076560 -0.316482 2.303840
0.059955 -0.038275 2.299700
0.043906 0.141655 2.280820
-0.116993 -0.147106 2.274000
-0.165111 -0.346135 2.196890
-0.162821 -0.456388 2.051670
-0.169030 -0.488299 2.002290
0.184721 -0.071159 2.282530
0.293368 -0.216970 2.179350
0.201816 -0.050901 2.174560
0.179736 0.006430 2.193280
0.001433 -0.446175 2.237210
-0.092366 -0.591640 1.967190
-0.142799 -0.875884 1.974970
-0.145464 -0.908929 1.896290
0.160058 -0.424724 2.259850
0.229265 -0.614447 2.011380
0.191149 -0.910748 1.994630
0.188682 -0.943884 1.916030
0.077470 -0.365143 2.258980
0.076532 -0.316479 2.303850
0.059858 -0.038219 2.299730
0.043885 0.141654 2.280770
-0.117023 -0.147149 2.274050
-0.165109 -0.346208 2.196920
-0.162808 -0.456439 2.051670
-0.168861 -0.488263 2.002210
0.184946 -0.070897 2.282050
0.293665 -0.217534 2.179430
0.199147 -0.041612 2.176460
0.178284 0.011684 2.194570
0.001443 -0.446174 2.237200
-0.092377 -0.591651 1.967190
-0.142735 -0.875897 1.975040
-0.145358 -0.908941 1.896380
0.160068 -0.424713 2.259850
0.229269 -0.614430 2.011380
0.191165 -0.910736 1.994600
0.188721 -0.943868 1.915990
0.077467 -0.365136 2.258990
0.076504 -0.316476 2.303860
0.059733 -0.038148 2.299750
0.043876 0.141666 2.280720
-0.117050 -0.147187 2.274090
-0.165107 -0.346273 2.196950
-0.162794 -0.456489 2.051680
-0.168247 -0.488150 2.002060
0.185139 -0.070630 2.281640
0.293935 -0.218029 2.179490
0.199506 -0.056802 2.174340
0.178177 0.005013 2.193700
0.001451 -0.446173 2.237200
-0.092380 -0.591679 1.967200
-0.142710 -0.875924 1.975100
-0.145305 -0.908967 1.896440
0.160078 -0.424703 2.259860
0.229271 -0.614419 2.011380
0.191193 -0.910733 1.994580
0.188772 -0.943861 1.915970
0.077465 -0.365124 2.259000
0.076475 -0.316468 2.303870
0.059624 -0.038071 2.299770
0.043870 0.141683 2.280670
-0.117074 -0.147222 2.274130
-0.165105 -0.346332 2.196970
-0.162783 -0.456545 2.051690
-0.167458 -0.487962 2.001870
0.185329 -0.070416 2.281420
0.294075 -0.218062 2.179410
0.198495 -0.043401 2.179930
0.177606 0.009536 2.195740
0.001459 -0.446173 2.237190
-0.092385 -0.591691 1.967210
-0.142680 -0.875938 1.975150
-0.145240 -0.908981 1.896500
0.160092 -0.424691 2.259850
0.229269 -0.614412 2.011390
0.191208 -0.910733 1.994570
0.188812 -0.943861 1.915950
0.077463 -0.365113 2.259000
0.076447 -0.316463 2.303880
0.059440 -0.038058 2.299800
0.043901 0.141697 2.280590
-0.117096 -0.147253 2.274170
-0.165102 -0.346383 2.196990
-0.162768 -0.456593 2.051700
-0.167201 -0.487914 2.001800
0.185681 -0.070178 2.281100
0.294191 -0.218147 2.179350
0.199091 -0.038071 2.182250
0.179595 0.015670 2.196750
0.001467 -0.446173 2.237190
-0.092394 -0.591696 1.967210
-0.142668 -0.875945 1.975170
-0.145211 -0.908988 1.896530
0.160107 -0.424682 2.259850
0.229268 -0.614409 2.011390
0.191220 -0.910734 1.994560
0.188841 -0.943861 1.915940
0.077462 -0.365103 2.259010
0.076409 -0.316459 2.303890
0.059340 -0.038035 2.299820
0.043943 0.141709 2.280510
-0.117113 -0.147280 2.274200
-0.165099 -0.346425 2.197020
-0.162754 -0.456635 2.051710
-0.167115 -0.487873 2.001750
0.185876 -0.070068 2.281000
0.294363 -0.218203 2.179180
0.199452 -0.032195 2.184220
0.180421 0.019589 2.197240
0.001476 -0.446174 2.237180
-0.092398 -0.591709 1.967210
-0.142798 -0.875962 1.975190
-0.145253 -0.909000 1.896550
0.160124 -0.424674 2.259840
0.229268 -0.614408 2.011390
0.191260 -0.910748 1.994550
0.188939 -0.943877 1.915930
0.077462 -0.365099 2.259010
0.076371 -0.316462 2.303890
0.059252 -0.038023 2.299840
0.044002 0.141722 2.280410
-0.117128 -0.147305 2.274230
-0.165096 -0.346462 2.197030
-0.162736 -0.456668 2.051710
-0.167057 -0.487821 2.001700
0.186036 -0.069987 2.280960
0.294539 -0.218326 2.179000
0.199522 -0.028232 2.185560
0.180949 0.022667 2.197580
0.001488 -0.446178 2.237170
-0.092408 -0.591701 1.967190
-0.142850 -0.875944 1.975210
-0.145254 -0.908988 1.896570
0.160142 -0.424672 2.259840
0.229269 -0.614411 2.011390
0.191300 -0.910760 1.994560
0.189041 -0.943891 1.915950
0.077461 -0.365097 2.259010
0.076329 -0.316479 2.303900
0.059169 -0.038022 2.299860
0.044081 0.141734 2.280290
-0.117139 -0.147326 2.274250
-0.165093 -0.346494 2.197050
-0.162711 -0.456696 2.051710
-0.167071 -0.487766 2.001660
0.186165 -0.069892 2.280950
0.294718 -0.218529 2.178800
0.199594 -0.025883 2.186260
0.181354 0.024844 2.197690
0.001512 -0.446197 2.237140
-0.092413 -0.591712 1.967180
-0.142899 -0.875938 1.975260
-0.145254 -0.908982 1.896610
0.160157 -0.424680 2.259820
0.229270 -0.614422 2.011380
0.191396 -0.910788 1.994610
0.189221 -0.943919 1.916000
0.077460 -0.365098 2.259010
0.076281 -0.316500 2.303900
0.059029 -0.038052 2.299860
0.044170 0.141759 2.280160
-0.117147 -0.147343 2.274270
-0.165089 -0.346524 2.197060
-0.162685 -0.456723 2.051710
-0.167105 -0.487709 2.001620
0.186298 -0.069811 2.280940
0.294927 -0.218840 2.178590
0.199644 -0.024250 2.186770
0.181665 0.026524 2.197760
0.001535 -0.446220 2.237110
-0.092413 -0.591739 1.967160
-0.142963 -0.875943 1.975320
-0.145269 -0.908984 1.896660
0.160173 -0.424694 2.259810
0.229274 -0.614440 2.011370
0.191499 -0.910822 1.994660
0.189399 -0.943953 1.916070
0.077459 -0.365100 2.259010
0.076233 -0.316523 2.303890
0.058847 -0.038117 2.299840
0.044312 0.141802 2.280010
-0.117153 -0.147360 2.274290
-0.165087 -0.346546 2.197070
-0.162668 -0.456754 2.051720
-0.167062 -0.487651 2.001570
0.186430 -0.069727 2.280930
0.295263 -0.219143 2.178250
0.199664 -0.023334 2.187120
0.181845 0.027448 2.197830
0.001560 -0.446244 2.237080
-0.092419 -0.591751 1.967150
-0.143010 -0.875935 1.975380
-0.145276 -0.908976 1.896700
0.160196 -0.424714 2.259780
0.229283 -0.614462 2.011350
0.191584 -0.910846 1.994720
0.189547 -0.943976 1.916140
0.077458 -0.365102 2.259010
0.076181 -0.316549 2.303890
0.058687 -0.038207 2.299830
0.044475 0.141851 2.279850
-0.117156 -0.147373 2.274300
-0.165084 -0.346566 2.197080
-0.162653 -0.456786 2.051730
-0.167077 -0.487623 2.001550
0.186588 -0.069561 2.280990
0.295438 -0.219282 2.178050
0.199658 -0.023008 2.187400
0.181981 0.028043 2.197870
0.001586 -0.446269 2.237050
-0.092432 -0.591748 1.967120
-0.143007 -0.875912 1.975420
-0.145217 -0.908944 1.896760
0.160218 -0.424736 2.259750
0.229289 -0.614487 2.011330
0.191614 -0.910860 1.994770
0.189618 -0.943987 1.916190
0.077456 -0.365108 2.259010
0.076129 -0.316581 2.303880
0.058554 -0.038293 2.299810
0.044665 0.141883 2.279700
-0.117156 -0.147385 2.274310
-0.165080 -0.346584 2.197090
-0.162636 -0.456818 2.051740
-0.167111 -0.487597 2.001530
0.187025 -0.069853 2.281040
0.295689 -0.219463 2.177780
0.203424 -0.053755 2.176560
0.184124 0.014418 2.192080
0.001609 -0.446295 2.237020
-0.092452 -0.591727 1.967070
-0.142986 -0.875874 1.975470
-0.145132 -0.908889 1.896820
0.160244 -0.424781 2.259710
0.229297 -0.614528 2.011300
0.191613 -0.910874 1.994840
0.189660 -0.943996 1.916250
0.077456 -0.365112 2.259010
0.076097 -0.316605 2.303880
0.058465 -0.038386 2.299790
0.044862 0.141912 2.279540
-0.117151 -0.147396 2.274320
-0.165073 -0.346603 2.197100
-0.162623 -0.456854 2.051740
-0.167132 -0.487575 2.001510
0.187840 -0.070208 2.280730
0.295903 -0.219610 2.177540
0.203658 -0.052148 2.176530
0.184551 0.013607 2.191270
0.001633 -0.446321 2.236990
-0.092471 -0.591700 1.967010
-0.142953 -0.875834 1.975510
-0.145064 -0.908840 1.896860
0.160277 -0.424830 2.259680
0.229304 -0.614572 2.011260
0.191624 -0.910889 1.994910
0.189695 -0.944007 1.916320
0.077457 -0.365116 2.259010
0.076081 -0.316623 2.303870
0.058423 -0.038507 2.299770
0.045198 0.141804 2.279310
-0.117138 -0.147409 2.274320
-0.165065 -0.346620 2.197100
-0.162609 -0.456889 2.051750
-0.167163 -0.487554 2.001490
0.189548 -0.070866 2.279330
0.296136 -0.219732 2.177300
0.202975 -0.045557 2.178400
0.184697 0.014373 2.191000
0.001654 -0.446346 2.236960
-0.092497 -0.591670 1.966960
-0.142895 -0.875793 1.975540
-0.145013 -0.908802 1.896890
0.160319 -0.424883 2.259640
0.229312 -0.614611 2.011220
0.191633 -0.910900 1.994990
0.189699 -0.944014 1.916410
0.077458 -0.365119 2.259010
0.076069 -0.316640 2.303870
0.058452 -0.038627 2.299760
0.045678 0.141717 2.279060
-0.117120 -0.147422 2.274320
-0.165056 -0.346635 2.197110
-0.162590 -0.456923 2.051760
-0.167309 -0.487532 2.001490
0.190468 -0.071064 2.278600
0.296363 -0.219842 2.177070
0.202180 -0.040032 2.179990
0.184670 0.015557 2.190940
0.001674 -0.446369 2.236930
-0.092525 -0.591632 1.966910
-0.142824 -0.875748 1.975570
-0.144947 -0.908756 1.896910
0.160361 -0.424933 2.259610
0.229320 -0.614649 2.011190
0.191636 -0.910910 1.995060
0.189701 -0.944020 1.916470
0.077457 -0.365129 2.259000
0.076060 -0.316670 2.303870
0.058562 -0.038822 2.299740
0.046234 0.141541 2.278780
-0.117094 -0.147436 2.274320
-0.165049 -0.346647 2.197110
-0.162566 -0.456957 2.051770
-0.167501 -0.487521 2.001500
0.191356 -0.071338 2.277850
0.296716 -0.220002 2.176770
0.201794 -0.037348 2.180550
0.184524 0.017219 2.190930
0.001677 -0.446405 2.236890
-0.092593 -0.591551 1.966790
-0.142680 -0.875648 1.975620
-0.144824 -0.908660 1.896960
0.160396 -0.425022 2.259570
0.229332 -0.614698 2.011140
0.191626 -0.910913 1.995150
0.189678 -0.944018 1.916570
0.077457 -0.365146 2.259000
0.076053 -0.316706 2.303860
0.058680 -0.039031 2.299670
0.046771 0.141361 2.278490
-0.117059 -0.147451 2.274310
-0.165039 -0.346659 2.197110
-0.162540 -0.456992 2.051770
-0.168246 -0.487469 2.001570
0.192111 -0.071614 2.277170
0.297158 -0.220076 2.176420
0.201457 -0.035108 2.181050
0.184345 0.018863 2.191020
0.001676 -0.446452 2.236850
-0.092663 -0.591471 1.966660
-0.142541 -0.875544 1.975680
-0.144708 -0.908562 1.897020
0.160437 -0.425130 2.259530
0.229341 -0.614750 2.011070
0.191572 -0.910911 1.995230
0.189597 -0.944010 1.916660
0.077458 -0.365166 2.258990
0.076049 -0.316742 2.303840
0.058808 -0.039214 2.299580
0.047252 0.141194 2.278230
-0.117016 -0.147466 2.274300
-0.165030 -0.346670 2.197110
-0.162494 -0.457030 2.051770
-0.169421 -0.487415 2.001760
0.192678 -0.071737 2.276640
0.297556 -0.220143 2.176100
0.205207 -0.051771 2.177800
0.186244 0.010881 2.189100
0.001672 -0.446501 2.236810
-0.092698 -0.591444 1.966580
-0.142436 -0.875491 1.975730
-0.144623 -0.908512 1.897070
0.160481 -0.425243 2.259490
0.229353 -0.614804 2.011010
0.191543 -0.910911 1.995300
0.189549 -0.944006 1.916730
0.077463 -0.365181 2.258980
0.076050 -0.316769 2.303830
0.058948 -0.039362 2.299460
0.047718 0.141062 2.278000
-0.116966 -0.147479 2.274290
-0.165019 -0.346677 2.197110
-0.162450 -0.457060 2.051780
-0.170484 -0.487388 2.001980
0.193049 -0.071775 2.276310
0.297947 -0.220191 2.175810
0.206816 -0.061732 2.175630
0.187508 0.003838 2.187330
0.001680 -0.446538 2.236770
-0.092729 -0.591415 1.966510
-0.142330 -0.875443 1.975760
-0.144530 -0.908466 1.897100
0.160530 -0.425341 2.259450
0.229369 -0.614856 2.010950
0.191510 -0.910914 1.995350
0.189501 -0.944007 1.916790
0.077471 -0.365197 2.258970
0.076054 -0.316794 2.303810
0.059087 -0.039494 2.299300
0.048137 0.140953 2.277790
-0.116899 -0.147487 2.274270
-0.165008 -0.346683 2.197110
-0.162392 -0.457087 2.051780
-0.171267 -0.487414 2.002160
0.193319 -0.071796 2.276050
0.298359 -0.220264 2.175490
0.207769 -0.068009 2.174060
0.188489 -0.001943 2.185770
0.001691 -0.446570 2.236730
-0.092769 -0.591370 1.966440
-0.142186 -0.875378 1.975790
-0.144396 -0.908404 1.897130
0.160581 -0.425431 2.259420
0.229389 -0.614907 2.010900
0.191399 -0.910903 1.995450
0.189371 -0.943993 1.916890
0.077479 -0.365216 2.258960
0.076056 -0.316826 2.303790
0.059172 -0.039640 2.299150
0.048547 0.140853 2.277600
-0.116827 -0.147496 2.274240
-0.164991 -0.346686 2.197110
-0.162341 -0.457111 2.051790
-0.172205 -0.487497 2.002450
0.193522 -0.071783 2.275850
0.298813 -0.220506 2.175140
0.208935 -0.072290 2.172260
0.191844 -0.009463 2.181150
0.001702 -0.446605 2.236690
-0.092817 -0.591319 1.966350
-0.142020 -0.875303 1.975830
-0.144240 -0.908332 1.897170
0.160633 -0.425523 2.259380
0.229411 -0.614961 2.010840
0.191272 -0.910890 1.995550
0.189223 -0.943977 1.917000
0.077488 -0.365237 2.258940
0.076060 -0.316860 2.303770
0.059244 -0.039808 2.299000
0.048907 0.140764 2.277440
-0.116749 -0.147503 2.274210
-0.164974 -0.346688 2.197110
-0.162286 -0.457133 2.051790
-0.172940 -0.487540 2.002660
0.193673 -0.071772 2.275700
0.299211 -0.221198 2.174990
0.207683 -0.044709 2.159760
0.193472 0.000591 2.174080
0.001712 -0.446645 2.236650
-0.092871 -0.591261 1.966260
-0.141856 -0.875223 1.975860
-0.144088 -0.908255 1.897210
0.160682 -0.425610 2.259340
0.229439 -0.615008 2.010780
0.191155 -0.910869 1.995650
0.189085 -0.943952 1.917110
0.077499 -0.365258 2.258920
0.076066 -0.316893 2.303740
0.059284 -0.039941 2.298860
0.049269 0.140707 2.277270
-0.116669 -0.147509 2.274190
-0.164946 -0.346691 2.197100
-0.161251 -0.456949 2.051640
-0.166752 -0.488744 2.003530
0.193793 -0.071669 2.275560
0.299560 -0.222718 2.175200
0.206952 -0.032291 2.154110
0.194412 0.009221 2.168740
0.001728 -0.446687 2.236610
-0.092901 -0.591238 1.966200
-0.141713 -0.875177 1.975900
-0.143960 -0.908211 1.897250
0.160746 -0.425692 2.259290
0.229465 -0.615057 2.010720
0.191042 -0.910851 1.995750
0.188946 -0.943931 1.917220
