0.134796 0.028899 1.847910
0.124953 0.074570 1.887400
0.119199 0.330582 1.868940
0.132923 0.572531 1.913330
-0.033296 0.326439 1.859680
-0.108537 0.066324 1.824200
-0.121470 -0.164831 1.748260
-0.119391 -0.252102 1.729530
0.292977 0.321428 1.922030
0.324683 0.075824 1.939830
0.323761 -0.114569 1.977450
0.346621 -0.170781 2.001200
0.067330 -0.046943 1.822690
0.032866 -0.458128 1.830630
0.028943 -0.701546 1.855290
0.042467 -0.734990 1.761860
0.210152 -0.045545 1.856510
0.255637 -0.448264 1.854000
0.282896 -0.695787 1.864280
0.302063 -0.734087 1.778050
0.128197 0.027880 1.849430
0.118135 0.073843 1.888130
0.112472 0.330573 1.869910
0.125821 0.572551 1.913330
-0.039065 0.325262 1.858550
-0.112036 0.064812 1.808240
-0.114577 -0.163718 1.721670
-0.110530 -0.249895 1.697000
0.286325 0.320809 1.923610
0.319500 0.075359 1.938180
0.317441 -0.115583 1.973530
0.339767 -0.171967 1.996410
0.060881 -0.047879 1.824280
0.029268 -0.457710 1.831650
0.027248 -0.701355 1.856030
0.041626 -0.735180 1.763520
0.203525 -0.046544 1.858320
0.251843 -0.449784 1.855930
0.280594 -0.696456 1.864420
0.300920 -0.734219 1.778020
0.122816 0.027082 1.850730
0.112373 0.073261 1.888800
0.105837 0.330822 1.871110
0.119327 0.572821 1.913210
-0.044506 0.324268 1.857440
-0.114592 0.064199 1.795140
-0.108290 -0.161415 1.698590
-0.100960 -0.246042 1.668570
0.279223 0.320520 1.925110
0.314587 0.075152 1.937750
0.312181 -0.116218 1.970990
0.334047 -0.172768 1.993330
0.055884 -0.048524 1.825510
0.025761 -0.457035 1.832770
0.025767 -0.701014 1.856650
0.040972 -0.735199 1.764980
0.198134 -0.047302 1.859860
0.247601 -0.451701 1.857680
0.277907 -0.697465 1.864530
0.299491 -0.734559 1.778000
0.118590 0.026480 1.851810
0.107757 0.072845 1.889380
0.099732 0.331327 1.872280
0.113849 0.573289 1.913210
-0.049999 0.323415 1.856430
-0.116767 0.064215 1.784220
-0.102263 -0.158341 1.679100
-0.088831 -0.240449 1.643590
0.271468 0.320546 1.926300
0.309974 0.075317 1.939530
0.307300 -0.116885 1.968670
0.329937 -0.173382 1.991010
0.052139 -0.048979 1.826470
0.022331 -0.455871 1.833970
0.024109 -0.700253 1.857260
0.040234 -0.734896 1.766390
0.193926 -0.047799 1.861160
0.243123 -0.453843 1.859050
0.274583 -0.698903 1.864520
0.297518 -0.735208 1.777940
0.115408 0.026100 1.852690
0.104211 0.072629 1.889860
0.094754 0.332034 1.873270
0.108754 0.574025 1.913400
-0.055057 0.322676 1.855460
-0.118394 0.064429 1.775830
-0.096171 -0.154244 1.662580
-0.078004 -0.233529 1.624940
0.265336 0.320762 1.927390
0.305630 0.076531 1.942790
0.303296 -0.116948 1.965630
0.326563 -0.173668 1.988540
0.049373 -0.049271 1.827220
0.018205 -0.453502 1.835400
0.022398 -0.699139 1.857870
0.039473 -0.734300 1.767760
0.190793 -0.048084 1.862250
0.239068 -0.455602 1.859980
0.271483 -0.700163 1.864420
0.295472 -0.735884 1.777850
0.112975 0.025873 1.853420
0.101453 0.072546 1.890270
0.090167 0.332956 1.874240
0.102968 0.575145 1.913600
-0.061905 0.321429 1.854480
-0.119811 0.064350 1.768620
-0.089122 -0.150374 1.647780
-0.067417 -0.226362 1.610130
0.259762 0.321148 1.928310
0.301641 0.077350 1.945800
0.300785 -0.117102 1.963710
0.324215 -0.173945 1.986810
0.047291 -0.049471 1.827820
0.014215 -0.450978 1.836760
0.020627 -0.697944 1.858550
0.038536 -0.733564 1.769170
0.188532 -0.048233 1.863100
0.235273 -0.456922 1.860600
0.268536 -0.701150 1.864180
0.293241 -0.736512 1.777670
0.110972 0.025775 1.854080
0.099104 0.072577 1.890670
0.085764 0.333914 1.875180
0.098356 0.576121 1.913770
-0.068021 0.320129 1.853620
-0.120862 0.064226 1.763100
-0.083466 -0.147015 1.637780
-0.058318 -0.218309 1.599690
0.255081 0.321532 1.929140
0.298091 0.077587 1.948590
0.299019 -0.117405 1.962170
0.322463 -0.174303 1.985400
0.045669 -0.049594 1.828320
0.010732 -0.448483 1.837920
0.018862 -0.696872 1.859380
0.037481 -0.732848 1.770670
0.186776 -0.048277 1.863850
0.231931 -0.457889 1.861050
0.266116 -0.701861 1.864000
0.291202 -0.737038 1.777540
0.109280 0.025791 1.854690
0.097078 0.072731 1.891050
0.081806 0.335129 1.876090
0.094044 0.577384 1.913880
-0.073449 0.319375 1.853070
-0.121588 0.064346 1.759100
-0.079231 -0.144263 1.631050
-0.051577 -0.211821 1.593140
0.250202 0.321743 1.929850
0.294798 0.077630 1.950840
0.297536 -0.117775 1.960600
0.320958 -0.174705 1.984050
0.044359 -0.049653 1.828740
0.007776 -0.446460 1.838990
0.017251 -0.695969 1.860280
0.036430 -0.732206 1.772160
0.185319 -0.048191 1.864580
0.228934 -0.458646 1.861400
0.263938 -0.702448 1.863860
0.289204 -0.737535 1.777430
0.107811 0.025885 1.855260
0.095242 0.072985 1.891430
0.077433 0.336958 1.877060
0.089199 0.579288 1.914030
-0.077578 0.318979 1.852770
-0.122087 0.064502 1.756310
-0.075745 -0.141872 1.626600
-0.046420 -0.206823 1.589250
0.245082 0.321910 1.930330
0.291711 0.078258 1.952690
0.295955 -0.117663 1.958640
0.319436 -0.174817 1.982530
0.043309 -0.049662 1.829100
0.005408 -0.444808 1.839880
0.015738 -0.695083 1.861130
0.035375 -0.731519 1.773490
0.184053 -0.047953 1.865320
0.226332 -0.459183 1.861680
0.261812 -0.702911 1.863830
0.287150 -0.737983 1.777400
0.106386 0.026131 1.855860
0.093439 0.073450 1.891850
0.073047 0.339411 1.878040
0.083986 0.581925 1.914140
-0.081624 0.319032 1.852750
-0.122454 0.064654 1.754350
-0.073008 -0.139926 1.624020
-0.042592 -0.203014 1.587570
0.240811 0.321979 1.930570
0.288868 0.079036 1.953980
0.294515 -0.117281 1.956720
0.318035 -0.174748 1.981030
0.042317 -0.049587 1.829470
0.003318 -0.443229 1.840690
0.014425 -0.694317 1.861900
0.034346 -0.730884 1.774650
0.182909 -0.047543 1.866100
0.223921 -0.459423 1.861900
0.259965 -0.703186 1.863860
0.285168 -0.738319 1.777420
0.105022 0.026478 1.856470
0.091741 0.074021 1.892280
0.069500 0.341513 1.878830
0.079745 0.584158 1.914170
-0.084684 0.319105 1.852830
-0.122732 0.064808 1.752960
-0.070617 -0.137826 1.623910
-0.039647 -0.199991 1.588430
0.237350 0.321964 1.930690
0.286305 0.079832 1.954790
0.293234 -0.116763 1.954930
0.316753 -0.174561 1.979590
0.041422 -0.049466 1.829820
0.001452 -0.441733 1.841410
0.013271 -0.693658 1.862600
0.033381 -0.730315 1.775670
0.181772 -0.046920 1.866990
0.221701 -0.459447 1.862070
0.258301 -0.703422 1.863940
0.283282 -0.738642 1.777480
0.103715 0.026859 1.857080
0.090184 0.074612 1.892700
0.066801 0.343185 1.879420
0.076334 0.585964 1.914070
-0.087025 0.319237 1.852950
-0.122961 0.065018 1.752080
-0.068529 -0.136305 1.627330
-0.036925 -0.198706 1.594600
0.234469 0.321960 1.930730
0.283881 0.080602 1.955170
0.292093 -0.116236 1.953510
0.315575 -0.174314 1.978360
0.040551 -0.049310 1.830180
-0.000133 -0.440500 1.842010
0.012307 -0.693111 1.863210
0.032538 -0.729831 1.776520
0.180641 -0.046209 1.867930
0.219878 -0.459368 1.862230
0.256882 -0.703621 1.864060
0.281579 -0.738944 1.777580
0.102431 0.027197 1.857690
0.088748 0.075151 1.893080
0.064651 0.344560 1.879850
0.073387 0.587490 1.913890
-0.088843 0.319391 1.853110
-0.123363 0.065249 1.752010
-0.067696 -0.138424 1.637700
-0.035740 -0.202744 1.611140
0.231802 0.321967 1.930610
0.281828 0.081226 1.955310
0.291160 -0.115790 1.952410
0.314554 -0.174074 1.977320
0.039611 -0.049137 1.830640
-0.001378 -0.439623 1.842520
0.011513 -0.692673 1.863730
0.031798 -0.729435 1.777220
0.179525 -0.045532 1.868810
0.218326 -0.459283 1.862420
0.255625 -0.703805 1.864230
0.279995 -0.739240 1.777720
0.100976 0.027473 1.858340
0.087263 0.075617 1.893470
0.062731 0.345620 1.880210
0.070561 0.588675 1.913650
-0.090728 0.319410 1.853470
-0.124973 0.065032 1.754300
-0.072329 -0.142897 1.653690
-0.037769 -0.207190 1.625650
0.229390 0.322034 1.930330
0.280258 0.081631 1.955310
0.290450 -0.115484 1.951540
0.313711 -0.173895 1.976430
0.038383 -0.048995 1.831290
-0.002323 -0.439023 1.842910
0.010872 -0.692320 1.864160
0.031101 -0.729100 1.777780
0.178363 -0.044936 1.869610
0.217038 -0.459208 1.862610
0.254357 -0.703994 1.864500
0.278321 -0.739552 1.777940
0.099411 0.027588 1.859090
0.085825 0.075940 1.893890
0.061187 0.346375 1.880490
0.068116 0.589506 1.913510
-0.092657 0.319151 1.853950
-0.136243 0.064291 1.762150
-0.104639 -0.127743 1.679980
-0.062509 -0.194779 1.649120
0.227322 0.321953 1.929910
0.279281 0.081703 1.955260
0.291583 -0.115649 1.946280
0.313753 -0.173993 1.973030
0.036754 -0.049038 1.832350
-0.003019 -0.438631 1.843210
0.010373 -0.692066 1.864490
0.030477 -0.728859 1.778230
0.177203 -0.044501 1.870370
0.215921 -0.459345 1.862850
0.253025 -0.704212 1.864880
0.276546 -0.739899 1.778240
0.097370 0.027273 1.860140
0.084108 0.075954 1.894490
0.059637 0.346857 1.880800
0.065822 0.589972 1.913460
-0.095773 0.317320 1.854510
-0.176749 0.070558 1.768740
-0.151540 -0.105195 1.681880
-0.112180 -0.159060 1.654710
0.225584 0.321694 1.929360
0.283844 0.076420 1.949140
0.309633 -0.140213 1.911430
0.320644 -0.217606 1.921430
0.034078 -0.049757 1.834310
-0.003531 -0.438401 1.843430
0.009984 -0.691880 1.864750
0.029902 -0.728688 1.778570
0.175887 -0.044433 1.871170
0.214980 -0.459764 1.863130
0.251642 -0.704777 1.865430
0.274700 -0.740525 1.778660
0.095127 0.026783 1.861370
0.082234 0.075768 1.895220
0.058039 0.346940 1.881250
0.063492 0.589956 1.913460
-0.103645 0.310727 1.854210
-0.226996 0.093746 1.752230
-0.198548 -0.065857 1.648850
-0.155095 -0.107553 1.614830
0.224279 0.321242 1.928780
0.296622 0.071138 1.937380
0.356590 -0.136859 1.862760
0.362865 -0.214785 1.845560
0.030537 -0.051045 1.836880
-0.003918 -0.438257 1.843590
0.009628 -0.691717 1.864860
0.029287 -0.728521 1.778670
0.174552 -0.044653 1.871950
0.214292 -0.460163 1.863340
0.250589 -0.705277 1.865920
0.273161 -0.741096 1.779050
0.092874 0.026338 1.862700
0.080309 0.075542 1.896060
0.056334 0.346722 1.881900
0.060878 0.589559 1.913130
-0.109748 0.306051 1.853770
-0.261223 0.145408 1.731340
-0.237553 0.005165 1.590600
-0.187680 -0.029594 1.536670
0.223344 0.320643 1.928200
0.335903 0.076786 1.906400
0.428613 -0.094396 1.789820
0.458910 -0.132136 1.730350
0.027119 -0.052242 1.839370
-0.004174 -0.438136 1.843630
0.009002 -0.691301 1.864250
0.028274 -0.728075 1.777880
0.173311 -0.045013 1.872710
0.214204 -0.460186 1.863260
0.250303 -0.705340 1.866040
0.272512 -0.741275 1.779170
0.090860 0.025774 1.864180
0.078523 0.075162 1.897070
0.054656 0.346219 1.882760
0.058325 0.588769 1.912070
-0.113519 0.303330 1.853490
-0.279673 0.210286 1.711900
-0.277197 0.107312 1.523870
-0.232704 0.087859 1.466390
0.222573 0.319956 1.927730
0.370156 0.089901 1.880040
0.498682 -0.001516 1.696910
0.522412 -0.013302 1.625960
0.024562 -0.053225 1.841430
-0.003846 -0.437777 1.842850
0.008379 -0.690623 1.862520
0.027311 -0.727398 1.775990
0.171963 -0.045822 1.873930
0.223226 -0.452913 1.858750
0.264819 -0.700917 1.859220
0.277719 -0.739630 1.776200
0.089095 0.024886 1.866090
0.076808 0.074444 1.898450
0.052809 0.345195 1.884040
0.055489 0.586554 1.907580
-0.115874 0.301609 1.853290
-0.285553 0.239790 1.704070
-0.303779 0.232908 1.460850
-0.271833 0.255082 1.403300
0.222115 0.317605 1.927830
0.399522 0.140836 1.854790
0.518072 0.166361 1.662210
0.542332 0.181306 1.588320
0.022730 -0.054191 1.843230
-0.001426 -0.435999 1.840180
0.007480 -0.688582 1.857950
0.026345 -0.725423 1.771410
0.170606 -0.047911 1.876830
0.241622 -0.438197 1.849100
0.291309 -0.690859 1.845150
0.274444 -0.752269 1.822370
0.087806 0.024102 1.868050
0.075481 0.073832 1.899780
0.051317 0.344298 1.885180
0.051449 0.581631 1.891440
-0.117442 0.300449 1.853150
-0.304419 0.310006 1.658530
-0.279891 0.402030 1.430870
-0.243666 0.450865 1.392290
0.222187 0.315074 1.928600
0.431401 0.209799 1.843600
0.504173 0.366576 1.641790
0.504526 0.410737 1.585180
0.021486 -0.054966 1.844630
0.003886 -0.432881 1.835610
0.006802 -0.686272 1.852150
0.025869 -0.723232 1.765750
0.169989 -0.050395 1.881140
0.261635 -0.425754 1.839530
0.313562 -0.681882 1.832960
0.319008 -0.729620 1.776530
0.086986 0.023711 1.869760
0.074558 0.073507 1.900810
0.050155 0.343589 1.886040
0.047218 0.574300 1.864750
-0.118572 0.299741 1.852980
-0.311839 0.378984 1.653500
-0.263436 0.535795 1.516250
-0.226354 0.584399 1.499920
0.222542 0.313331 1.929620
0.450309 0.309761 1.836170
0.428904 0.515797 1.730280
0.397920 0.571522 1.708630
0.020716 -0.055455 1.845610
0.010543 -0.429432 1.830060
0.006638 -0.684202 1.846030
0.026113 -0.721273 1.759810
0.170051 -0.052196 1.885390
0.273706 -0.418783 1.833700
0.328110 -0.675778 1.824990
0.346251 -0.716741 1.753500
0.086930 0.025309 1.871510
0.074105 0.077020 1.901760
0.041522 0.375394 1.882770
0.043905 0.572981 1.842330
-0.119489 0.300360 1.852350
-0.309661 0.452820 1.664640
-0.216390 0.636231 1.643310
-0.175304 0.689284 1.651350
0.224340 0.316098 1.932090
0.447824 0.402914 1.842860
0.339455 0.604837 1.833600
0.294184 0.656320 1.834650
0.020417 -0.055358 1.846250
0.030665 -0.406721 1.814680
0.007445 -0.682047 1.839350
0.027469 -0.719428 1.753460
0.171682 -0.051262 1.889540
0.282540 -0.411747 1.829120
0.338705 -0.672425 1.819680
0.365669 -0.709457 1.736260
0.088493 0.033357 1.871700
0.074771 0.087087 1.900170
0.038059 0.389771 1.880450
0.042216 0.572657 1.828300
-0.119078 0.304089 1.851200
-0.300046 0.488695 1.695870
-0.201432 0.653768 1.757330
-0.165874 0.703527 1.784760
0.226256 0.334914 1.936220
0.427639 0.474814 1.860180
0.277876 0.662040 1.906130
0.226417 0.702858 1.926590
0.023222 -0.046719 1.843930
0.039293 -0.391043 1.806440
0.008498 -0.680469 1.833380
0.029043 -0.717956 1.747580
0.174987 -0.044396 1.892030
0.287285 -0.405662 1.825570
0.346049 -0.670342 1.816040
0.375754 -0.705826 1.727860
0.090338 0.043240 1.869750
0.075590 0.097556 1.896750
0.036018 0.397630 1.878560
0.040764 0.572170 1.819960
-0.118460 0.309961 1.850310
-0.294954 0.521128 1.722440
-0.199590 0.682431 1.806670
-0.162167 0.737373 1.843210
0.227055 0.349852 1.939050
0.403823 0.545878 1.874940
0.276431 0.709771 1.924620
0.230964 0.753458 1.945670
0.026024 -0.037209 1.840610
0.043141 -0.379716 1.800230
0.009582 -0.679438 1.828600
0.030517 -0.716943 1.742800
0.178916 -0.034694 1.890840
0.290338 -0.401505 1.823080
0.352169 -0.668167 1.812910
0.355297 -0.732166 1.802570
0.090965 0.049894 1.867130
0.075732 0.103700 1.893320
0.034210 0.389030 1.872410
0.039777 0.571815 1.814910
-0.119182 0.318804 1.850690
-0.290916 0.536154 1.739840
-0.239743 0.711613 1.782250
-0.207231 0.789729 1.825100
0.226413 0.361615 1.941110
0.384387 0.563608 1.882960
0.312809 0.741084 1.891230
0.282773 0.795871 1.899340
0.027623 -0.031248 1.838220
0.045484 -0.375677 1.795960
0.010523 -0.678696 1.824830
0.031635 -0.716211 1.739020
0.179668 -0.025879 1.883900
0.292475 -0.398139 1.820860
0.357551 -0.665631 1.810010
0.376849 -0.712370 1.757740
0.090491 0.055902 1.863250
0.075406 0.108230 1.889770
0.033339 0.382434 1.868810
0.036433 0.573345 1.815220
-0.120668 0.336914 1.857330
-0.265588 0.555969 1.770810
-0.260319 0.739880 1.761850
-0.254664 0.813373 1.777580
0.222522 0.375306 1.944070
0.351700 0.595652 1.891570
0.343413 0.771926 1.864990
0.340872 0.837236 1.862830
0.028318 -0.026057 1.835700
0.046371 -0.374293 1.792060
0.011732 -0.677904 1.821040
0.032703 -0.715329 1.735100
0.176324 -0.014533 1.870560
0.294133 -0.393713 1.817450
0.361607 -0.663089 1.807550
0.384257 -0.700891 1.735320
0.088905 0.062428 1.858320
0.073918 0.113726 1.885750
0.027764 0.397853 1.871880
0.029184 0.578353 1.824860
-0.122829 0.356607 1.866560
-0.250611 0.566964 1.783470
-0.275351 0.773288 1.756190
-0.288289 0.840513 1.741900
0.217136 0.388596 1.947240
0.338556 0.599893 1.893430
0.359759 0.780490 1.847080
0.376633 0.852817 1.837440
0.028003 -0.019166 1.831930
0.045878 -0.374690 1.788150
0.012858 -0.677121 1.817660
0.033480 -0.714274 1.731400
0.172546 -0.005298 1.860110
0.294806 -0.388700 1.812840
0.364634 -0.660567 1.805390
0.387604 -0.693886 1.723130
0.086916 0.067897 1.853310
0.072192 0.118321 1.882290
0.024881 0.406815 1.873700
0.024266 0.581826 1.832210
-0.124264 0.366188 1.871120
-0.245794 0.570023 1.789500
-0.280108 0.774126 1.732310
-0.295778 0.841472 1.705680
0.213674 0.395803 1.948550
0.334787 0.583080 1.896480
0.376995 0.771831 1.828530
0.408612 0.834408 1.802920
0.026774 -0.012716 1.827440
0.044223 -0.376374 1.784320
0.013621 -0.676409 1.814970
0.033830 -0.713268 1.728360
0.169593 0.000573 1.852920
0.294028 -0.383315 1.806490
0.367258 -0.657856 1.803010
0.389860 -0.689050 1.714920
0.084996 0.071640 1.848810
0.070503 0.121488 1.878890
0.023512 0.395147 1.866400
0.021054 0.583617 1.835090
-0.125571 0.371241 1.873330
-0.277229 0.534509 1.789050
-0.282015 0.733380 1.720200
-0.287131 0.803596 1.687360
0.211449 0.400118 1.948780
0.351501 0.563085 1.906700
0.372149 0.741342 1.818160
0.373844 0.801064 1.795160
0.025462 -0.008608 1.823670
0.040766 -0.378465 1.779830
0.014070 -0.675728 1.812740
0.033807 -0.712442 1.725880
0.167624 0.003969 1.848020
0.292137 -0.378477 1.798990
0.369955 -0.654425 1.799000
0.391581 -0.685320 1.707740
0.080116 0.101367 1.834060
0.065459 0.143236 1.866350
0.018975 0.399338 1.857120
0.015572 0.588447 1.833540
-0.126822 0.374446 1.874530
-0.296662 0.519050 1.793600
-0.230994 0.688397 1.776170
-0.191394 0.728514 1.774580
0.211026 0.403210 1.948370
0.362266 0.549070 1.913360
0.290150 0.704356 1.872790
0.292407 0.764837 1.830320
0.013451 0.020543 1.809030
0.027745 -0.347852 1.766440
0.014163 -0.671090 1.809030
0.032866 -0.707475 1.721830
0.173137 0.017435 1.841180
0.287761 -0.371882 1.790680
0.372612 -0.648329 1.791190
0.392583 -0.680464 1.699160
0.074486 0.127985 1.823430
0.060343 0.165128 1.855900
0.016578 0.402374 1.850930
0.011495 0.592576 1.831340
-0.132090 0.374581 1.871710
-0.304432 0.512372 1.798700
-0.171772 0.636408 1.853860
-0.126149 0.692519 1.840030
0.212062 0.405280 1.947340
0.365338 0.541420 1.918650
0.216443 0.632819 1.924070
0.193834 0.692315 1.891000
0.000258 0.045594 1.797520
0.022087 -0.335989 1.761340
0.013421 -0.668164 1.806120
0.031357 -0.704182 1.718600
0.177708 0.033177 1.834510
0.281738 -0.365144 1.784510
0.374429 -0.643993 1.785590
0.393335 -0.677149 1.693560
0.071988 0.138896 1.818850
0.057919 0.175349 1.851030
0.015007 0.405350 1.846480
0.008720 0.595360 1.827440
-0.137567 0.375424 1.866870
-0.308550 0.508944 1.801460
-0.140878 0.610052 1.903820
-0.076945 0.669438 1.903520
0.225965 0.416962 1.936830
0.371345 0.542603 1.921580
0.172506 0.590068 1.957190
0.143303 0.648963 1.926510
-0.005209 0.055396 1.792880
0.019195 -0.330361 1.758740
0.012640 -0.666423 1.804280
0.029517 -0.702124 1.716420
0.180105 0.042596 1.829810
0.277976 -0.361462 1.780950
0.375753 -0.641717 1.782550
0.393845 -0.675364 1.690380
0.070679 0.145098 1.816050
0.056674 0.181050 1.848220
0.014198 0.408581 1.843080
0.007038 0.597465 1.823160
-0.140797 0.375533 1.862900
-0.304473 0.522798 1.793120
-0.150626 0.656990 1.916740
-0.068547 0.691806 1.929330
0.231823 0.424186 1.928200
0.358183 0.567912 1.894650
0.166988 0.645062 1.951700
0.123688 0.665171 1.935270
-0.007982 0.061179 1.790030
0.017351 -0.326691 1.756970
0.012029 -0.665109 1.803240
0.027876 -0.700564 1.715210
0.181433 0.047917 1.827090
0.273482 -0.357639 1.777690
0.376580 -0.640370 1.780720
0.394054 -0.674241 1.688210
0.070252 0.125947 1.810390
0.056123 0.178751 1.845750
0.013761 0.412625 1.841590
0.006046 0.598808 1.821090
-0.142856 0.375194 1.859750
-0.300173 0.531882 1.783600
-0.239545 0.721898 1.798620
-0.198391 0.770989 1.831880
0.225617 0.423312 1.916310
0.342736 0.572141 1.874260
0.203155 0.707026 1.905240
0.153409 0.734721 1.897090
-0.002335 0.046310 1.783100
0.016832 -0.327745 1.756590
0.011430 -0.665051 1.802900
0.026225 -0.700625 1.714850
0.175639 0.041801 1.820920
0.270909 -0.355284 1.775190
0.377129 -0.639412 1.779370
0.393695 -0.673586 1.686720
0.069858 0.114334 1.807840
0.055766 0.173519 1.844800
0.013552 0.416468 1.841240
0.005298 0.599687 1.820140
-0.144101 0.375906 1.858220
-0.286915 0.549118 1.778380
-0.249453 0.754588 1.790060
-0.236079 0.820075 1.797360
0.218670 0.422261 1.909000
0.318395 0.596207 1.853750
0.234935 0.777314 1.859880
0.222007 0.841874 1.841860
0.001358 0.036533 1.779890
0.017201 -0.333624 1.756800
0.010961 -0.665398 1.802960
0.024897 -0.701050 1.714880
0.169051 0.035964 1.816120
0.269143 -0.353987 1.772590
0.377189 -0.638853 1.778140
0.392485 -0.673454 1.685590
0.068812 0.108718 1.806280
0.054956 0.168571 1.844560
0.013483 0.419464 1.841330
0.004785 0.600336 1.819520
-0.145165 0.378365 1.857520
-0.279166 0.561357 1.778430
-0.272099 0.789327 1.748870
-0.276589 0.865675 1.739750
0.211210 0.422981 1.906670
0.305668 0.611452 1.847790
0.286924 0.842024 1.803910
0.279535 0.909764 1.791970
0.002714 0.032163 1.778260
0.017559 -0.339724 1.756970
0.010563 -0.665979 1.803240
0.023945 -0.701623 1.715120
0.161973 0.032328 1.812130
0.267408 -0.353643 1.769260
0.376170 -0.638442 1.776190
0.390513 -0.673338 1.684090
0.067849 0.105375 1.805140
0.053929 0.164468 1.844470
0.013372 0.421755 1.841480
0.004410 0.600789 1.819040
-0.146061 0.380366 1.857210
-0.278603 0.565345 1.778800
-0.279858 0.800963 1.732490
-0.286492 0.877982 1.719130
0.205840 0.423302 1.905900
0.301647 0.616923 1.846310
0.299730 0.862607 1.785370
0.294065 0.932668 1.773610
0.003401 0.029412 1.777170
0.016907 -0.344782 1.756490
0.010018 -0.666488 1.803540
0.022969 -0.702129 1.715380
0.156866 0.029909 1.809400
0.264678 -0.353810 1.764340
0.373781 -0.638290 1.772890
0.387390 -0.673439 1.681640
0.067016 0.103110 1.804300
0.052753 0.161044 1.844440
0.013151 0.423414 1.841490
0.004356 0.600908 1.817820
-0.147074 0.381304 1.856580
-0.305537 0.548708 1.780310
-0.264784 0.743331 1.743500
-0.275421 0.835481 1.716490
0.202045 0.423327 1.905760
0.315183 0.601244 1.857420
0.282142 0.794881 1.814210
0.256084 0.867213 1.804850
0.003671 0.027455 1.776310
0.015003 -0.346961 1.755650
0.009055 -0.667011 1.804000
0.021791 -0.702619 1.715810
0.153379 0.028170 1.807660
0.261292 -0.354461 1.758430
0.366117 -0.634076 1.761580
0.379624 -0.669783 1.672380
0.050809 0.140639 1.802790
0.035468 0.186193 1.841850
0.002790 0.427058 1.837550
0.000790 0.600871 1.813160
-0.154837 0.381520 1.852750
-0.313224 0.547836 1.780590
-0.214372 0.703846 1.799700
-0.209603 0.776813 1.767710
0.201264 0.424201 1.904950
0.322139 0.594083 1.862830
0.187754 0.697372 1.886440
0.169213 0.774949 1.864900
-0.018583 0.055570 1.770500
0.009390 -0.341858 1.753680
0.007437 -0.664127 1.804700
0.019928 -0.699621 1.716460
0.155255 0.054149 1.808960
0.252549 -0.351181 1.749920
0.359360 -0.630397 1.751320
0.372380 -0.666249 1.663110
0.047960 0.144346 1.801370
0.032303 0.188252 1.840460
-0.002462 0.428717 1.834380
-0.002041 0.600796 1.809230
-0.162460 0.379213 1.845200
-0.316126 0.541152 1.777910
-0.196327 0.659398 1.838350
-0.164946 0.715107 1.825370
0.200537 0.424943 1.902800
0.326254 0.587996 1.863190
0.170157 0.654419 1.909380
0.121236 0.701385 1.909660
-0.022015 0.058501 1.769090
0.005507 -0.338066 1.752410
0.005577 -0.661313 1.805960
0.017798 -0.696784 1.717700
0.154490 0.057731 1.808320
0.246822 -0.348684 1.744360
0.350035 -0.619777 1.733430
0.351462 -0.679468 1.712180
0.046331 0.145420 1.799960
0.030507 0.188690 1.839270
-0.006089 0.429781 1.832220
-0.005319 0.600730 1.806400
-0.166677 0.377249 1.840160
-0.312910 0.528400 1.758590
-0.186725 0.633312 1.858680
-0.151109 0.692203 1.842210
0.199725 0.425860 1.896630
0.325046 0.582905 1.849090
0.142478 0.607976 1.939970
0.098138 0.666329 1.930790
-0.024195 0.059503 1.768040
0.002787 -0.335297 1.751620
0.003817 -0.658991 1.807200
0.015310 -0.694326 1.718960
0.153982 0.060278 1.807840
0.242873 -0.346453 1.740140
0.344928 -0.611740 1.721070
0.339512 -0.683978 1.739020
0.047038 0.138771 1.797720
0.031397 0.182731 1.838000
-0.007755 0.430461 1.831400
-0.011650 0.599501 1.805780
-0.168488 0.375550 1.836620
-0.306755 0.517619 1.742220
-0.237069 0.682603 1.774330
-0.180882 0.715438 1.789240
0.192187 0.413134 1.882690
0.310410 0.565325 1.819580
0.168993 0.675639 1.881900
0.121030 0.711694 1.909380
-0.024204 0.055726 1.766280
0.000949 -0.333294 1.751080
0.002476 -0.657277 1.808100
0.013278 -0.692433 1.719860
0.153499 0.058650 1.806400
0.239810 -0.343343 1.735650
0.342790 -0.605500 1.712330
0.334809 -0.684971 1.747810
0.047707 0.109338 1.793130
0.032613 0.161732 1.836610
-0.009046 0.430847 1.831250
-0.016073 0.598807 1.807280
-0.169501 0.374307 1.834420
-0.301518 0.515006 1.735770
-0.263206 0.688771 1.728600
-0.252020 0.745410 1.708650
0.184473 0.406107 1.877270
0.304107 0.558004 1.807340
0.182232 0.709622 1.817540
0.149162 0.773522 1.812140
-0.018876 0.034584 1.763190
0.000967 -0.340751 1.750070
0.001456 -0.659346 1.809620
0.011925 -0.694433 1.721290
0.142779 0.036568 1.798420
0.239274 -0.341140 1.730290
0.341790 -0.600926 1.706130
0.331947 -0.684965 1.753100
0.047631 0.097930 1.791330
0.032988 0.151246 1.836150
-0.009936 0.430927 1.831790
-0.019336 0.598221 1.809270
-0.170271 0.373839 1.833500
-0.286519 0.537370 1.747810
-0.293454 0.732704 1.655680
-0.295569 0.791905 1.625420
0.178381 0.403932 1.877020
0.292018 0.568187 1.806020
0.225077 0.766485 1.738570
0.202653 0.826289 1.723500
-0.016360 0.024572 1.761900
0.001462 -0.346237 1.749040
0.000993 -0.661126 1.810270
0.011356 -0.696142 1.721880
0.137236 0.027217 1.794450
0.239709 -0.339437 1.725480
0.341412 -0.597473 1.701520
0.331164 -0.683034 1.753730
0.047517 0.092700 1.790370
0.033151 0.145803 1.835960
-0.009945 0.430934 1.832730
-0.021418 0.597852 1.810630
-0.170605 0.373649 1.833370
-0.285770 0.544617 1.752500
-0.300481 0.746187 1.634690
-0.304309 0.807967 1.601810
0.173837 0.404159 1.879860
0.289095 0.581378 1.814550
0.251707 0.796843 1.704200
0.245000 0.865081 1.671170
-0.015116 0.019587 1.761200
0.001731 -0.349773 1.747910
0.000672 -0.662449 1.810420
0.011106 -0.697443 1.721990
0.134211 0.022470 1.792350
0.240413 -0.338284 1.721740
0.341026 -0.595173 1.698120
0.331082 -0.679376 1.747820
0.047402 0.089291 1.789700
0.033200 0.142434 1.835820
-0.010063 0.430933 1.833040
-0.022581 0.597560 1.810840
-0.170833 0.373458 1.833460
-0.313994 0.528094 1.757380
-0.322366 0.722502 1.671700
-0.310741 0.794846 1.615550
0.171019 0.404997 1.882850
0.308314 0.575152 1.837010
0.268348 0.763444 1.740050
0.257424 0.844730 1.688880
-0.014321 0.016358 1.760750
0.001835 -0.352370 1.746990
0.000251 -0.663399 1.810400
0.010792 -0.698381 1.721960
0.132354 0.019527 1.791050
0.241016 -0.337659 1.719080
0.340718 -0.593919 1.695500
0.330425 -0.678277 1.730960
0.047353 0.086880 1.789180
0.033192 0.140183 1.835610
-0.010365 0.429835 1.830270
-0.021894 0.596116 1.805200
-0.170952 0.373157 1.833130
-0.331844 0.516696 1.758120
-0.294494 0.703792 1.732120
-0.280465 0.772025 1.695780
0.169630 0.405199 1.884220
0.317212 0.571853 1.847110
0.222009 0.734359 1.820600
0.206946 0.805002 1.774110
-0.013782 0.014168 1.760410
0.001225 -0.352082 1.746170
-0.000049 -0.663813 1.810470
0.010588 -0.698827 1.722030
0.131129 0.017529 1.790140
0.241201 -0.337751 1.717320
0.340293 -0.595310 1.692260
0.327078 -0.682334 1.710100
0.049760 0.095629 1.787890
0.034672 0.143236 1.833730
-0.007459 0.427830 1.823550
-0.017988 0.594974 1.798780
-0.168543 0.371845 1.829420
-0.336771 0.514121 1.759070
-0.266243 0.683594 1.795980
-0.236959 0.744613 1.788750
0.175694 0.410520 1.883130
0.321525 0.570444 1.852250
0.190383 0.686946 1.884140
0.167504 0.753117 1.848150
-0.013864 0.016621 1.759450
0.000632 -0.350826 1.745700
-0.000174 -0.663829 1.811310
0.010756 -0.698952 1.723020
0.136737 0.022732 1.792050
0.240469 -0.338554 1.716710
0.337906 -0.600030 1.687880
0.323901 -0.685159 1.699970
0.051594 0.102732 1.786990
0.036097 0.147311 1.831550
-0.005260 0.425305 1.816430
-0.013252 0.593200 1.782970
-0.165997 0.366933 1.821420
-0.337814 0.510167 1.759210
-0.226635 0.642679 1.857570
-0.191674 0.701425 1.862120
0.182300 0.415735 1.879900
0.324398 0.569824 1.854630
0.167913 0.645500 1.939460
0.131189 0.697925 1.921060
-0.014052 0.019486 1.758690
0.000465 -0.350650 1.746020
-0.000310 -0.664841 1.814460
0.011272 -0.700373 1.726600
0.142632 0.028271 1.793860
0.237750 -0.343052 1.718510
0.331222 -0.608608 1.683550
0.318928 -0.689439 1.691380
0.053092 0.108623 1.786180
0.037824 0.151886 1.829190
-0.003563 0.423540 1.811500
-0.011577 0.592466 1.776820
-0.164182 0.363057 1.815180
-0.333580 0.504184 1.752640
-0.214667 0.633509 1.860530
-0.178661 0.690114 1.882970
0.193585 0.423506 1.871770
0.327069 0.575392 1.845070
0.158631 0.630213 1.956480
0.119399 0.680585 1.944130
-0.014200 0.022433 1.757940
0.000374 -0.350394 1.746570
-0.000334 -0.665722 1.817840
0.011345 -0.701576 1.730130
0.147048 0.032374 1.795010
0.233971 -0.346695 1.721530
0.321236 -0.616742 1.680860
0.311033 -0.693984 1.684560
0.054654 0.110719 1.784910
0.039857 0.154063 1.826410
-0.002136 0.422314 1.807490
-0.010176 0.591986 1.770460
-0.160993 0.359801 1.809040
-0.324621 0.494151 1.731220
-0.239567 0.659162 1.782900
-0.222762 0.723213 1.792100
0.198449 0.416750 1.860270
0.323169 0.575091 1.818100
0.183509 0.693729 1.877210
0.135144 0.724133 1.890830
-0.012835 0.023416 1.756100
0.000349 -0.350091 1.747170
-0.000177 -0.666374 1.820370
0.011442 -0.702424 1.732660
0.149969 0.034152 1.795380
0.230816 -0.349393 1.724040
0.311116 -0.622074 1.679050
0.291074 -0.699696 1.680010
0.057505 0.107590 1.781190
0.042437 0.152899 1.822360
-0.001008 0.421483 1.804630
-0.008846 0.591562 1.766430
-0.158699 0.357654 1.804860
-0.318314 0.491337 1.716400
-0.271422 0.678070 1.709470
-0.252528 0.733915 1.738900
0.200832 0.412283 1.853720
0.323356 0.573162 1.799270
0.205972 0.728854 1.810690
0.170695 0.787061 1.798310
-0.009843 0.020773 1.753240
0.002458 -0.358358 1.748530
0.000430 -0.671318 1.824350
0.011874 -0.707504 1.736560
0.152599 0.030893 1.791820
0.227858 -0.354264 1.725760
0.299550 -0.624865 1.676920
0.270344 -0.701456 1.675530
0.059779 0.104566 1.778080
0.044533 0.151557 1.818930
0.000343 0.420946 1.802150
-0.005526 0.591246 1.762870
-0.156509 0.356787 1.801680
-0.309690 0.497539 1.704890
-0.291968 0.697698 1.660120
-0.294535 0.763027 1.654720
0.202439 0.410491 1.850470
0.323661 0.574188 1.788710
0.246198 0.775851 1.728250
0.217051 0.837371 1.715680
-0.007307 0.018479 1.750920
0.004354 -0.364720 1.748930
0.000744 -0.673335 1.825300
0.012234 -0.709645 1.737490
0.154369 0.027811 1.788470
0.225186 -0.358391 1.726380
0.287508 -0.625788 1.672830
0.259948 -0.702198 1.671890
0.061852 0.102300 1.775010
0.046743 0.150407 1.815110
0.004121 0.420345 1.797480
0.004123 0.589293 1.756060
-0.152860 0.357922 1.798560
-0.300538 0.506489 1.699480
-0.308183 0.710530 1.627880
-0.317857 0.777051 1.608000
0.203851 0.409710 1.848410
0.324741 0.576997 1.782020
0.262945 0.796775 1.689410
0.238110 0.861382 1.671020
-0.004881 0.016917 1.748520
0.006038 -0.369226 1.748630
0.001114 -0.674739 1.825390
0.012766 -0.711199 1.737550
0.155652 0.025352 1.785280
0.222763 -0.361968 1.725300
0.276868 -0.624785 1.665000
0.251342 -0.701951 1.666940
0.064937 0.100224 1.770640
0.051007 0.149304 1.808290
0.016274 0.418512 1.784200
0.026588 0.580339 1.731880
-0.145671 0.361122 1.793800
-0.294967 0.512244 1.697100
-0.315925 0.716596 1.611230
-0.327745 0.783073 1.587230
0.208124 0.409165 1.846150
0.333177 0.581376 1.778520
0.269490 0.804986 1.670280
0.243128 0.867770 1.650160
-0.001733 0.015631 1.745260
0.007633 -0.372890 1.747790
0.001704 -0.675659 1.824090
0.013615 -0.712364 1.736320
0.157284 0.022998 1.781430
0.220196 -0.365970 1.719380
0.267768 -0.618355 1.647440
0.243804 -0.698694 1.656870
0.070169 0.098502 1.763570
0.058370 0.148385 1.796810
0.031467 0.413297 1.764940
0.047638 0.568007 1.700610
-0.133689 0.365123 1.784590
-0.291561 0.515806 1.695970
-0.312583 0.724911 1.605580
-0.318575 0.794011 1.583380
0.220475 0.409556 1.839730
0.352574 0.583600 1.779920
0.263847 0.789127 1.669950
0.223646 0.837975 1.653350
0.003180 0.014694 1.740010
0.009400 -0.375857 1.746220
0.002404 -0.676244 1.822250
0.014572 -0.713292 1.734660
0.160457 0.020471 1.775760
0.218453 -0.369479 1.705590
0.269178 -0.634681 1.620430
0.270881 -0.697419 1.560960
0.081781 0.105363 1.745120
0.069469 0.153550 1.775260
0.038508 0.408301 1.743970
0.055708 0.562158 1.680720
-0.110234 0.367930 1.763900
-0.288164 0.519702 1.696230
-0.193745 0.690743 1.682850
-0.211678 0.764287 1.637610
0.253925 0.407710 1.819620
0.366021 0.584660 1.781240
0.246144 0.741221 1.728220
0.200850 0.791372 1.702540
0.015974 0.022777 1.722190
0.017864 -0.362025 1.731710
0.003910 -0.672927 1.817620
0.016194 -0.710543 1.730390
0.175476 0.024498 1.759090
0.218349 -0.362094 1.683840
0.267766 -0.608811 1.591850
0.263499 -0.680555 1.549460
0.100536 0.150728 1.716890
0.092150 0.191497 1.741330
0.074623 0.398305 1.704790
0.064107 0.559180 1.662920
-0.100122 0.380226 1.747760
-0.283312 0.523306 1.696450
-0.134515 0.654253 1.713890
-0.123682 0.717047 1.687260
0.288737 0.422475 1.796840
0.384143 0.592976 1.781070
0.220146 0.676744 1.786720
0.175030 0.722803 1.764680
0.014852 0.059782 1.701250
0.022917 -0.354069 1.723010
0.005645 -0.669665 1.813410
0.017497 -0.708508 1.726990
0.206509 0.065977 1.730860
0.222498 -0.346611 1.661960
0.270346 -0.580525 1.563590
0.278961 -0.633577 1.485540
0.108796 0.156959 1.702500
0.101491 0.198529 1.725500
0.086917 0.395025 1.691030
0.068027 0.560004 1.649290
-0.092377 0.388124 1.735850
-0.269703 0.522273 1.688060
-0.084337 0.624288 1.747440
-0.076084 0.689415 1.716800
0.303184 0.426670 1.781500
0.401316 0.593688 1.764170
0.220137 0.633944 1.825580
0.171204 0.682461 1.800850
0.022055 0.066255 1.686130
0.028654 -0.351107 1.715120
0.007634 -0.668356 1.809940
0.018976 -0.707527 1.723660
0.215421 0.067529 1.712090
0.226865 -0.335511 1.644530
0.281497 -0.591168 1.534270
0.296583 -0.634712 1.437490
0.114092 0.165691 1.692550
0.106881 0.203971 1.716340
0.093333 0.393159 1.683360
0.070551 0.559946 1.642200
-0.087964 0.394108 1.727020
-0.230002 0.538402 1.663090
-0.056695 0.631180 1.752080
-0.046724 0.683902 1.728180
0.310907 0.428365 1.765120
0.411405 0.591188 1.724280
0.227689 0.612916 1.838140
0.173116 0.662436 1.814680
0.024795 0.071032 1.677810
0.035480 -0.348064 1.705200
0.013801 -0.665868 1.801120
0.023418 -0.704881 1.714660
0.230824 0.096278 1.689190
0.233906 -0.326125 1.622120
0.289201 -0.571236 1.513440
0.291301 -0.627113 1.437850
0.127335 0.125871 1.670270
0.120292 0.170552 1.695350
0.097823 0.393363 1.678340
0.074226 0.561824 1.638100
-0.067454 0.385795 1.710260
-0.207969 0.527661 1.624640
-0.104590 0.670768 1.668490
-0.071671 0.716550 1.684940
0.303901 0.407145 1.736360
0.415820 0.578302 1.675200
0.270541 0.676679 1.759520
0.219049 0.709131 1.783940
0.047305 0.040227 1.653850
0.043944 -0.351888 1.693290
0.021277 -0.665093 1.790540
0.029189 -0.703418 1.703540
0.227191 0.048664 1.669900
0.246259 -0.330757 1.585410
0.313452 -0.618244 1.477240
0.316110 -0.659868 1.393760
0.134409 0.098139 1.658440
0.126833 0.150923 1.686370
0.101506 0.396317 1.677070
0.079533 0.566203 1.638050
-0.058989 0.383534 1.703640
-0.196220 0.524839 1.609210
-0.101509 0.699069 1.626270
-0.086055 0.763417 1.623540
0.300015 0.397694 1.724290
0.416644 0.572489 1.652160
0.463972 0.721355 1.647070
0.499356 0.781343 1.629400
0.060049 0.020852 1.641780
0.053448 -0.384525 1.676990
0.028464 -0.662889 1.778110
0.035066 -0.700453 1.690290
0.225115 0.022951 1.655350
0.254738 -0.339323 1.559720
0.327516 -0.639266 1.452470
0.331393 -0.675899 1.364050
0.138360 0.088492 1.652120
0.131351 0.142534 1.681500
0.113244 0.404816 1.680970
0.086643 0.571234 1.640570
-0.051886 0.384511 1.700970
-0.177943 0.532053 1.606310
-0.240640 0.722879 1.552940
-0.284551 0.776652 1.539840
0.299121 0.393838 1.717620
0.416913 0.571120 1.640010
0.537357 0.754628 1.589360
0.576459 0.810620 1.582860
0.066260 0.013900 1.635180
0.057166 -0.394880 1.668000
0.032721 -0.661394 1.769870
0.038129 -0.698402 1.681530
0.223738 0.011925 1.647210
0.262265 -0.344428 1.540240
0.334407 -0.649562 1.437380
0.338500 -0.683519 1.346520
0.141439 0.083476 1.647390
0.135159 0.138220 1.677840
0.123635 0.412416 1.684010
0.095397 0.575974 1.642590
-0.044873 0.388398 1.702500
-0.166510 0.541088 1.611870
-0.328727 0.736619 1.523110
-0.370091 0.788393 1.509110
0.299688 0.392489 1.713230
0.417198 0.573128 1.632950
0.579551 0.778692 1.557230
0.629576 0.840426 1.546940
0.070718 0.010327 1.630150
0.059127 -0.400458 1.661140
0.035604 -0.659176 1.761160
0.039540 -0.695521 1.672150
0.223750 0.006619 1.641270
0.268231 -0.346739 1.526360
0.338284 -0.655159 1.428560
0.342342 -0.687468 1.336210
0.145514 0.082000 1.642250
0.139837 0.136112 1.674720
0.130913 0.417091 1.684500
0.104479 0.579474 1.641780
-0.039656 0.391740 1.704810
-0.164150 0.546534 1.623470
-0.370806 0.737453 1.520790
-0.426791 0.785134 1.507710
0.303384 0.394652 1.710270
0.426472 0.579544 1.629780
0.606871 0.789561 1.539090
0.658889 0.848575 1.532510
0.075493 0.008939 1.625050
0.060522 -0.403285 1.654370
0.037038 -0.655435 1.751280
0.039032 -0.691061 1.661600
0.224832 0.004969 1.634530
0.272480 -0.348267 1.516880
0.340713 -0.659139 1.422450
0.344200 -0.690402 1.329290
0.150482 0.082823 1.635660
0.145523 0.135686 1.670740
0.138163 0.421246 1.681230
0.113867 0.581747 1.635930
-0.034540 0.393201 1.705120
-0.169094 0.543644 1.639390
-0.208550 0.742329 1.559660
-0.187573 0.801269 1.547320
0.311274 0.397870 1.705660
0.441391 0.582617 1.628430
0.627226 0.792459 1.532400
0.679716 0.846760 1.529400
0.080079 0.008562 1.620000
0.061201 -0.404355 1.648620
0.037851 -0.649806 1.739680
0.037977 -0.685129 1.649890
0.227715 0.005979 1.625410
0.275820 -0.349826 1.510140
0.341372 -0.662289 1.418820
0.343624 -0.693220 1.325720
0.156640 0.084211 1.626580
0.153268 0.135980 1.664050
0.150070 0.424300 1.669500
0.122142 0.583128 1.627050
-0.025089 0.392125 1.701070
-0.173110 0.541137 1.649200
-0.095004 0.698356 1.647490
-0.082563 0.756386 1.625900
0.321427 0.399524 1.694530
0.456355 0.584298 1.626340
0.637158 0.785465 1.541660
0.692117 0.840152 1.537790
0.084976 0.008579 1.613930
0.061623 -0.403327 1.642520
0.038140 -0.645845 1.731970
0.036882 -0.681150 1.642270
0.231897 0.007962 1.614560
0.278451 -0.351319 1.505450
0.340548 -0.664996 1.417320
0.341029 -0.696274 1.325000
0.164264 0.094468 1.612990
0.161769 0.141827 1.654310
0.157284 0.425538 1.657680
0.126784 0.583991 1.621310
-0.020294 0.391400 1.697700
-0.173954 0.539957 1.654710
-0.030449 0.670057 1.689110
0.022584 0.717549 1.686550
0.342205 0.403631 1.674480
0.463612 0.585529 1.624540
0.344721 0.681972 1.685700
0.326338 0.723609 1.688560
0.089100 0.013775 1.604410
0.069091 -0.387575 1.624940
0.038411 -0.641515 1.724690
0.035630 -0.676826 1.635140
0.242233 0.016862 1.599290
0.280475 -0.351362 1.502410
0.338066 -0.665702 1.418280
0.336408 -0.697319 1.327120
0.171209 0.110256 1.600940
0.169541 0.153116 1.644690
0.160782 0.426922 1.649620
0.130808 0.585235 1.616330
-0.017044 0.391031 1.694530
-0.171909 0.535451 1.655610
0.056141 0.646058 1.754430
0.120630 0.691869 1.754950
0.358385 0.410510 1.659150
0.467984 0.586228 1.621760
0.332210 0.671813 1.703930
0.277124 0.701965 1.721010
0.092705 0.023412 1.593080
0.075548 -0.370193 1.610970
0.039194 -0.636804 1.717880
0.034824 -0.672167 1.628570
0.255431 0.031807 1.586110
0.282405 -0.349459 1.501160
0.333701 -0.662478 1.422400
0.329840 -0.694530 1.332350
0.174943 0.118963 1.594220
0.174145 0.160583 1.638740
0.162606 0.428625 1.643420
0.133966 0.586984 1.612730
-0.014735 0.391119 1.691330
-0.156499 0.537178 1.645000
0.018134 0.648896 1.734380
0.100477 0.690676 1.748220
0.366035 0.414158 1.650260
0.470196 0.585821 1.610830
0.289896 0.645888 1.741420
0.198086 0.667969 1.767250
0.094881 0.030080 1.585520
0.078730 -0.362367 1.604360
0.040033 -0.634008 1.713560
0.034580 -0.669464 1.624460
0.262628 0.040170 1.578540
0.283850 -0.346842 1.501160
0.328550 -0.658298 1.430020
0.322830 -0.691070 1.340920
0.182835 0.099708 1.577810
0.181335 0.152169 1.627960
0.165724 0.430624 1.638810
0.136945 0.589245 1.610540
0.006275 0.380106 1.661590
-0.148221 0.531135 1.610250
-0.032942 0.673147 1.685850
0.014583 0.701215 1.722520
0.364073 0.409711 1.638890
0.467832 0.575571 1.581830
0.294040 0.649768 1.740850
0.202409 0.669593 1.768690
0.102784 0.021830 1.572000
0.080620 -0.358739 1.600300
0.040920 -0.632104 1.710430
0.035177 -0.667443 1.621290
0.265064 0.032729 1.565380
0.284742 -0.344904 1.501550
0.322566 -0.661856 1.445290
0.316556 -0.699686 1.357650
0.185682 0.089895 1.570650
0.184564 0.144321 1.621650
0.168665 0.427293 1.634740
0.143079 0.591128 1.613040
0.014851 0.376143 1.649430
-0.143759 0.527475 1.593210
-0.087044 0.713700 1.627270
-0.084571 0.780823 1.627260
0.360493 0.405295 1.632280
0.467007 0.570575 1.567890
0.526544 0.726335 1.547830
0.561642 0.783378 1.526540
0.106875 0.016636 1.564940
0.080058 -0.369849 1.598000
0.041831 -0.630756 1.707960
0.036083 -0.665973 1.618730
0.264063 0.025310 1.557150
0.286378 -0.354984 1.503930
0.316114 -0.671031 1.465930
0.310548 -0.708701 1.377610
0.186989 0.084027 1.566880
0.186189 0.138841 1.618240
0.171289 0.429085 1.634180
0.149309 0.597422 1.617330
0.019045 0.374686 1.644120
-0.140868 0.526414 1.585890
-0.142824 0.745433 1.575490
-0.139366 0.811596 1.585170
0.356809 0.401600 1.629210
0.466821 0.567859 1.560630
0.553766 0.730959 1.521650
0.578818 0.783909 1.507860
0.109299 0.013229 1.560690
0.079122 -0.379194 1.596960
0.043219 -0.629567 1.705150
0.037630 -0.664623 1.615770
0.262492 0.019902 1.552450
0.287532 -0.362733 1.506060
0.311313 -0.678064 1.486430
0.306091 -0.715270 1.397450
0.187558 0.080402 1.564810
0.186914 0.134657 1.616460
0.174818 0.424521 1.635180
0.154068 0.598614 1.621850
0.022008 0.375338 1.642600
-0.138720 0.535357 1.587750
-0.264463 0.738677 1.542350
-0.304888 0.800952 1.539140
0.354004 0.398848 1.630010
0.466948 0.566378 1.557010
0.624290 0.756539 1.474740
0.680515 0.818114 1.451200
0.110818 0.011069 1.557950
0.077981 -0.386039 1.595690
0.044441 -0.628378 1.701710
0.039043 -0.663251 1.612190
0.260852 0.016097 1.549850
0.288466 -0.368187 1.507870
0.309284 -0.682353 1.503820
0.304281 -0.719074 1.414490
0.187598 0.078580 1.564090
0.187331 0.132447 1.615740
0.177719 0.425555 1.638860
0.157403 0.599972 1.624320
0.021472 0.381412 1.650760
-0.141772 0.544563 1.597560
-0.331618 0.727526 1.536340
-0.405065 0.780438 1.526940
0.352343 0.397077 1.636140
0.469217 0.568223 1.564970
0.644333 0.766119 1.472740
0.690316 0.825814 1.465930
0.111846 0.009912 1.556080
0.076920 -0.389976 1.593600
0.045126 -0.626851 1.696580
0.039963 -0.661527 1.607000
0.259434 0.013690 1.548490
0.289261 -0.371879 1.509510
0.309166 -0.684307 1.519660
0.304354 -0.720514 1.430220
0.187104 0.077687 1.564590
0.187328 0.130877 1.615910
0.180048 0.426729 1.641960
0.160068 0.600573 1.625000
0.020095 0.385693 1.657940
-0.151958 0.534738 1.619260
-0.296712 0.729097 1.539240
-0.313783 0.790957 1.524460
0.351849 0.396010 1.642840
0.475554 0.567319 1.576880
0.663284 0.765380 1.481940
0.714029 0.821403 1.477380
0.112471 0.009002 1.554970
0.075974 -0.392600 1.591630
0.044776 -0.624757 1.690000
0.039990 -0.659281 1.600450
0.258073 0.011917 1.548080
0.290389 -0.375663 1.512140
0.309831 -0.685211 1.532390
0.305282 -0.720969 1.442960
0.186319 0.077454 1.565840
0.186993 0.129812 1.616730
0.181442 0.427400 1.643780
0.162520 0.600089 1.623800
0.018885 0.387579 1.662560
-0.163556 0.520122 1.634940
-0.231824 0.727170 1.570030
-0.224524 0.794332 1.562670
0.351906 0.395130 1.648010
0.482098 0.564120 1.585540
0.677332 0.759150 1.492060
0.734666 0.813805 1.484580
0.112765 0.008269 1.554500
0.075174 -0.394333 1.590010
0.044226 -0.623159 1.685090
0.039772 -0.657602 1.595610
0.256884 0.010533 1.548420
0.291869 -0.379584 1.516080
0.310775 -0.685801 1.541450
0.306473 -0.721226 1.452060
0.185585 0.077535 1.567310
0.186561 0.129107 1.617840
0.182321 0.427599 1.644530
0.164395 0.598595 1.621110
0.018149 0.387664 1.664880
-0.169234 0.513481 1.642140
-0.097542 0.679110 1.651590
-0.099833 0.750278 1.628690
0.352144 0.393836 1.651430
0.486636 0.560794 1.590510
0.675339 0.747145 1.509510
0.730616 0.799897 1.501800
0.112871 0.007666 1.554440
0.074682 -0.395099 1.588490
0.043723 -0.621976 1.681710
0.039604 -0.656398 1.592310
0.256115 0.009333 1.549360
0.293221 -0.381712 1.520110
0.312158 -0.686200 1.548590
0.308187 -0.721362 1.459290
0.184767 0.078374 1.569150
0.185968 0.128907 1.619220
0.182515 0.427426 1.644850
0.165510 0.597690 1.619820
0.015694 0.384638 1.666070
-0.172289 0.509940 1.646130
-0.035982 0.648307 1.696090
0.001685 0.709711 1.690110
0.352540 0.392839 1.653540
0.488713 0.558505 1.593310
0.381675 0.669818 1.648310
0.369071 0.715539 1.650340
0.112638 0.007287 1.554750
0.074784 -0.394036 1.586860
0.043358 -0.621165 1.679480
0.039506 -0.655593 1.590150
0.256083 0.008852 1.551070
0.294503 -0.359266 1.533120
0.313519 -0.684864 1.553670
0.309694 -0.721264 1.464320
0.183844 0.079556 1.571080
0.185141 0.129087 1.620790
0.181572 0.426890 1.644780
0.166002 0.596921 1.618920
0.011871 0.379074 1.665750
-0.174250 0.507424 1.648110
-0.006539 0.627021 1.722720
0.040460 0.669499 1.747340
0.352811 0.392140 1.654900
0.489055 0.556096 1.594710
0.349139 0.655304 1.677010
0.313365 0.679989 1.697590
0.111942 0.007232 1.555460
0.075286 -0.392011 1.585830
0.043298 -0.620695 1.678170
0.039633 -0.655104 1.588870
0.256213 0.008650 1.552860
0.294988 -0.348970 1.538880
0.314896 -0.683345 1.557510
0.311185 -0.721000 1.468150
0.182648 0.080176 1.573160
0.183990 0.129152 1.622780
0.179693 0.427100 1.645320
0.163861 0.597618 1.622700
0.008770 0.374958 1.665530
-0.175982 0.507463 1.644080
-0.039941 0.650248 1.707450
0.002464 0.660537 1.733840
0.350937 0.390272 1.655450
0.485971 0.552709 1.593560
0.315096 0.652014 1.689720
0.263877 0.660497 1.720340
0.110700 0.006881 1.556900
0.075823 -0.390097 1.585820
0.044432 -0.621154 1.679120
0.040941 -0.655605 1.589880
0.256065 0.008358 1.554810
0.295283 -0.353143 1.544350
0.316305 -0.683222 1.560000
0.312724 -0.720921 1.470640
0.177705 0.077880 1.578160
0.178920 0.126940 1.628270
0.170928 0.429511 1.651300
0.157522 0.600316 1.631720
0.004565 0.371547 1.666620
-0.177266 0.508653 1.637900
-0.081779 0.678937 1.673000
-0.073352 0.734949 1.677080
0.341744 0.385155 1.656310
0.479626 0.550015 1.590870
0.280681 0.645148 1.707180
0.273747 0.693300 1.716380
0.106649 0.004055 1.561490
0.075021 -0.391505 1.591760
0.047776 -0.624200 1.685120
0.044200 -0.658648 1.595820
0.252099 0.005789 1.559080
0.295187 -0.359654 1.548230
0.317677 -0.683786 1.561840
0.313997 -0.721337 1.472480
0.171455 0.075044 1.584120
0.172537 0.124198 1.635290
0.159517 0.432427 1.661610
0.146610 0.603910 1.646570
-0.006675 0.368972 1.676250
-0.178251 0.511157 1.634100
-0.141765 0.719553 1.635280
-0.127408 0.775218 1.647440
0.330975 0.380832 1.659640
0.466999 0.549291 1.590330
0.273786 0.654195 1.710600
0.236811 0.692416 1.738180
0.101202 0.000694 1.567540
0.073432 -0.394042 1.598780
0.051021 -0.628504 1.693560
0.046394 -0.662838 1.604100
0.246613 0.003058 1.563940
0.294891 -0.364897 1.550410
0.318631 -0.684349 1.563110
0.314657 -0.721634 1.473800
0.162737 0.073276 1.592950
0.163864 0.122475 1.645380
0.148459 0.434495 1.673810
0.136003 0.605984 1.660290
-0.024987 0.372227 1.699250
-0.181977 0.520944 1.638750
-0.189642 0.751072 1.588170
-0.191148 0.820521 1.577420
0.317934 0.378995 1.670010
0.447960 0.553528 1.600940
0.492796 0.715911 1.592180
0.532760 0.772921 1.578160
0.093299 -0.001809 1.576230
0.070851 -0.396706 1.606120
0.053087 -0.632308 1.701320
0.047425 -0.666614 1.611890
0.238448 0.001310 1.571300
0.293904 -0.367412 1.551900
0.319206 -0.684636 1.563960
0.315047 -0.721771 1.474730
0.151502 0.073072 1.605090
0.152968 0.122138 1.658220
0.137664 0.435168 1.685910
0.126698 0.606390 1.671260
-0.039185 0.375040 1.717680
-0.189047 0.529694 1.647670
-0.206270 0.762017 1.573490
-0.212999 0.836210 1.553690
0.307559 0.378007 1.682170
0.437112 0.557274 1.611860
0.539108 0.730786 1.573960
0.574380 0.788866 1.563400
0.081856 -0.003007 1.588870
0.066904 -0.398646 1.613470
0.053973 -0.635659 1.708010
0.047546 -0.670004 1.618710
0.228063 0.000399 1.581700
0.292119 -0.369723 1.553260
0.319427 -0.684822 1.564610
0.315018 -0.721846 1.475360
0.140767 0.074612 1.617950
0.142897 0.123199 1.670590
0.128852 0.434369 1.694800
0.118386 0.605211 1.678600
-0.052003 0.376493 1.732540
-0.212755 0.524557 1.667780
-0.215276 0.761525 1.572230
-0.214409 0.831682 1.554420
0.300076 0.377905 1.694190
0.431239 0.558718 1.622020
0.591455 0.741980 1.553620
0.650429 0.803954 1.532810
0.070432 -0.002831 1.602070
0.061839 -0.398540 1.620240
0.052972 -0.638835 1.714670
0.045887 -0.673292 1.625590
0.218101 0.000493 1.594220
0.287139 -0.373402 1.556120
0.318722 -0.685071 1.565030
0.313734 -0.721863 1.475770
0.132867 0.076892 1.629100
0.135269 0.124858 1.680960
0.122443 0.432867 1.701020
0.110017 0.603136 1.683350
-0.059084 0.376851 1.740590
-0.232144 0.516161 1.682310
-0.185220 0.710479 1.638820
-0.163815 0.774822 1.624520
0.294732 0.377938 1.704040
0.428089 0.559206 1.629460
0.337624 0.695173 1.667660
0.328654 0.746213 1.671900
0.061563 -0.001639 1.613210
0.052885 -0.390968 1.629650
0.050272 -0.641565 1.721300
0.043009 -0.676088 1.632250
0.210633 0.001998 1.607670
0.278128 -0.377254 1.562510
0.316941 -0.685157 1.565420
0.311437 -0.721637 1.476190
0.117340 0.110890 1.655980
0.119465 0.152549 1.704380
0.116019 0.430389 1.704990
0.105056 0.602132 1.686350
-0.071815 0.369342 1.748580
-0.239223 0.516638 1.693460
-0.121117 0.667383 1.714250
-0.093674 0.725105 1.698810
0.291605 0.377463 1.710910
0.404925 0.562781 1.657440
0.288010 0.686301 1.705610
0.273443 0.735308 1.710650
0.035866 0.031012 1.638900
0.041934 -0.360997 1.642390
0.046088 -0.643841 1.728920
0.038500 -0.678688 1.640120
0.207487 0.026307 1.639760
0.248864 -0.354458 1.583430
0.311808 -0.675871 1.565050
0.305414 -0.711537 1.475920
0.110410 0.120548 1.667900
0.112400 0.160640 1.714690
0.107539 0.426103 1.709080
0.097054 0.602269 1.692710
-0.079095 0.364107 1.752410
-0.249303 0.509454 1.702110
-0.107373 0.625852 1.760100
-0.054665 0.670848 1.760770
0.288274 0.378118 1.717080
0.396889 0.562012 1.667110
0.237564 0.671806 1.738160
0.182619 0.709457 1.765780
0.026066 0.040513 1.651560
0.036956 -0.350940 1.649350
0.039593 -0.647888 1.741170
0.032376 -0.683019 1.652330
0.204525 0.033563 1.653090
0.234816 -0.343440 1.594460
0.307267 -0.670591 1.566190
0.300584 -0.705951 1.477150
0.105493 0.125003 1.676030
0.106796 0.164485 1.722670
0.096624 0.421947 1.715370
0.091067 0.604300 1.699560
-0.084526 0.359383 1.754440
-0.255224 0.505675 1.706720
-0.098270 0.605953 1.787990
-0.041791 0.652604 1.784440
0.284919 0.378959 1.722640
0.391771 0.561112 1.672540
0.223495 0.664727 1.749980
0.145429 0.700007 1.787830
0.019810 0.044843 1.660150
0.033187 -0.344080 1.655740
0.033679 -0.652997 1.755680
0.027189 -0.688260 1.666660
0.201675 0.036811 1.662110
0.226686 -0.339327 1.602740
0.302604 -0.667118 1.568170
0.295997 -0.702343 1.479130
0.090047 0.096387 1.694480
0.092147 0.146896 1.740330
0.085950 0.420248 1.725440
0.055714 0.602288 1.727760
-0.090637 0.355586 1.757160
-0.259822 0.504329 1.709590
-0.144196 0.643648 1.775460
-0.108703 0.664535 1.783980
0.252125 0.371220 1.740750
0.386305 0.558664 1.675010
0.204789 0.678474 1.746830
0.162285 0.735917 1.759120
0.009610 0.017530 1.680330
0.022453 -0.359305 1.685890
0.027041 -0.663217 1.776800
0.022367 -0.698898 1.687810
0.178619 0.015915 1.681240
0.218490 -0.353838 1.619030
0.299027 -0.668641 1.569720
0.292915 -0.703710 1.480690
0.081274 0.079272 1.704960
0.081676 0.132270 1.752760
0.058588 0.421278 1.753920
0.038387 0.601333 1.742950
-0.099510 0.352723 1.762270
-0.264853 0.503599 1.710920
-0.240426 0.685851 1.728080
-0.207803 0.723490 1.748810
0.232183 0.368874 1.753240
0.377428 0.554654 1.675630
0.220487 0.709100 1.710750
0.181925 0.772841 1.716730
0.005322 0.002965 1.690410
0.011503 -0.387541 1.714930
0.022114 -0.669791 1.790560
0.018179 -0.705231 1.701290
0.166104 0.004275 1.691490
0.214534 -0.363528 1.628320
0.294675 -0.671871 1.572180
0.289072 -0.706608 1.483050
0.074939 0.070909 1.713630
0.073489 0.124248 1.763550
0.043632 0.422878 1.771440
0.025429 0.601659 1.759050
-0.115229 0.355292 1.776340
-0.270592 0.505597 1.712030
-0.293602 0.702431 1.707610
-0.308980 0.754392 1.699930
0.214688 0.370182 1.769210
0.359257 0.554963 1.681910
0.261535 0.747453 1.654180
0.235352 0.816723 1.646150
0.002185 -0.004418 1.698220
0.005898 -0.400493 1.728450
0.018908 -0.674084 1.799680
0.015449 -0.709427 1.710320
0.157374 -0.001713 1.700110
0.211337 -0.369133 1.635100
0.288201 -0.675397 1.575890
0.283301 -0.709906 1.486610
0.069143 0.066450 1.722490
0.065635 0.119797 1.774370
0.030789 0.424948 1.787150
0.016395 0.602011 1.771570
-0.128241 0.360192 1.790700
-0.277535 0.511507 1.715400
-0.355340 0.732532 1.664700
-0.386319 0.797127 1.648390
0.201679 0.373109 1.786780
0.342710 0.557546 1.692530
0.298737 0.765785 1.611740
0.295412 0.838431 1.580800
-0.000680 -0.008577 1.705980
0.002111 -0.406743 1.736490
0.016270 -0.677083 1.806310
0.013441 -0.712305 1.716820
0.150039 -0.004687 1.708880
0.208146 -0.372920 1.641070
0.280171 -0.678074 1.580300
0.276546 -0.712380 1.490730
0.062814 0.065722 1.733420
0.058043 0.118669 1.785490
0.022832 0.426045 1.796650
0.010204 0.602132 1.779400
-0.141039 0.366798 1.806490
-0.289168 0.518548 1.722380
-0.388472 0.735650 1.647240
-0.417164 0.804447 1.627720
0.194620 0.378085 1.805260
0.333973 0.557239 1.703530
0.310332 0.771917 1.595930
0.313098 0.844539 1.556950
-0.004494 -0.010236 1.716110
-0.000772 -0.410693 1.742230
0.014430 -0.679159 1.810810
0.012124 -0.714330 1.721240
0.143386 -0.005204 1.719480
0.203915 -0.377036 1.647870
0.271680 -0.679627 1.585130
0.269442 -0.713938 1.495310
0.057083 0.066075 1.744450
0.051671 0.118448 1.795780
0.016988 0.426231 1.803270
0.005711 0.602001 1.784240
-0.150257 0.369177 1.817220
-0.321028 0.507620 1.741420
-0.382949 0.700942 1.651970
-0.410237 0.783870 1.622490
0.190513 0.380437 1.816090
0.337323 0.542331 1.728970
0.314792 0.763891 1.594060
0.312971 0.828981 1.554560
-0.008481 -0.011262 1.726510
-0.003330 -0.413308 1.746640
0.012840 -0.680607 1.814020
0.010917 -0.715769 1.724420
0.137312 -0.005233 1.733200
0.196133 -0.384255 1.658670
0.261961 -0.681347 1.591630
0.260566 -0.715842 1.501820
0.051350 0.066505 1.755370
0.045675 0.118476 1.805310
0.012137 0.425684 1.807960
0.000844 0.600685 1.786380
-0.156392 0.369751 1.824120
-0.345226 0.487174 1.757390
-0.387685 0.680322 1.679550
-0.401800 0.758835 1.643800
0.187439 0.381499 1.823320
0.340318 0.534183 1.741810
0.279404 0.718651 1.689470
0.263176 0.782641 1.655460
-0.013683 -0.012301 1.738790
-0.006176 -0.414687 1.750240
0.011583 -0.681558 1.816270
0.010005 -0.716764 1.726690
0.131762 -0.005440 1.746820
0.189488 -0.389717 1.668750
0.252227 -0.683271 1.600280
0.251391 -0.718126 1.510690
0.046837 0.068925 1.765960
0.040939 0.119942 1.813860
0.007250 0.424017 1.811260
-0.007742 0.594385 1.782840
-0.160257 0.369567 1.828620
-0.357033 0.465296 1.768720
-0.331111 0.650761 1.737000
-0.292344 0.692374 1.738610
0.185398 0.382198 1.828170
0.341604 0.529303 1.750610
0.241647 0.682311 1.751550
0.212321 0.696238 1.756750
-0.018915 -0.010167 1.752210
-0.018507 -0.381100 1.756060
0.010385 -0.682036 1.817760
0.009155 -0.717386 1.728270
0.129302 -0.003574 1.759740
0.182991 -0.391482 1.681210
0.244467 -0.683616 1.609390
0.243961 -0.718886 1.520130
0.041542 0.076978 1.778140
0.036303 0.125047 1.822050
0.003604 0.422311 1.812820
-0.013490 0.590088 1.780570
-0.163351 0.367327 1.832000
-0.355489 0.480358 1.779440
-0.257820 0.651487 1.794240
-0.231615 0.681156 1.793760
0.184079 0.382611 1.831500
0.341276 0.526757 1.756640
0.202249 0.644999 1.817420
0.172897 0.652317 1.823590
-0.026762 -0.002452 1.767570
-0.024257 -0.364252 1.758480
0.009168 -0.681973 1.818550
0.008239 -0.717638 1.729260
0.127615 0.004240 1.775300
0.176657 -0.386943 1.696760
0.225490 -0.642381 1.639150
0.207142 -0.699755 1.588100
0.037651 0.082785 1.787490
0.032347 0.130151 1.829150
0.000704 0.420859 1.813670
-0.018168 0.586566 1.778520
-0.166309 0.363063 1.834110
-0.358494 0.459598 1.776480
-0.227545 0.624519 1.824750
-0.187953 0.669689 1.831720
0.183159 0.382968 1.833850
0.340473 0.525188 1.760640
0.182988 0.630007 1.846490
0.156675 0.632843 1.851670
-0.032916 0.002133 1.779500
-0.027283 -0.356274 1.760140
0.008094 -0.681645 1.818910
0.007443 -0.717709 1.729890
0.126649 0.009492 1.785730
0.172974 -0.384245 1.707490
0.217346 -0.618750 1.662880
0.192773 -0.692174 1.626180
0.035133 0.085811 1.794530
0.029773 0.133321 1.834410
-0.001107 0.419925 1.814470
-0.024227 0.583156 1.777330
-0.168288 0.359369 1.835230
-0.357506 0.472188 1.769650
-0.220102 0.631487 1.826770
-0.164109 0.696526 1.845480
0.182277 0.382996 1.835590
0.337089 0.525872 1.762270
0.180605 0.642381 1.837530
0.157943 0.644397 1.842430
-0.037136 0.004364 1.788020
-0.029269 -0.351285 1.761660
0.007171 -0.681175 1.819030
0.006817 -0.717679 1.730290
0.125834 0.012247 1.793530
0.171022 -0.382104 1.716600
0.214594 -0.610504 1.675100
0.186348 -0.689579 1.647380
0.032401 0.085464 1.802920
0.026730 0.134226 1.840670
-0.005950 0.418640 1.817780
-0.028420 0.581907 1.779110
-0.170520 0.356542 1.836190
-0.357330 0.477101 1.763610
-0.287753 0.668463 1.756670
-0.229180 0.723808 1.786990
0.179643 0.382619 1.837350
0.332362 0.527685 1.760880
0.217320 0.692208 1.750340
0.177922 0.716220 1.783410
-0.039728 0.003778 1.795980
-0.030887 -0.354448 1.766020
0.006278 -0.680526 1.818880
0.006239 -0.717438 1.730410
0.123801 0.012174 1.802280
0.170643 -0.382532 1.724790
0.214640 -0.607571 1.684850
0.183091 -0.688780 1.661470
0.030273 0.084245 1.809860
0.024039 0.134259 1.846370
-0.011164 0.418247 1.823010
-0.033307 0.586278 1.790570
-0.172838 0.354716 1.837470
-0.356788 0.480601 1.758970
-0.340979 0.670037 1.700150
-0.310778 0.735100 1.706510
0.175410 0.382738 1.840690
0.321840 0.533524 1.756090
0.222749 0.717677 1.723330
0.195990 0.773452 1.722330
-0.041278 0.002728 1.801760
-0.031565 -0.360916 1.770420
0.005327 -0.679725 1.818460
0.005658 -0.716976 1.730220
0.121693 0.011153 1.809640
0.171021 -0.383800 1.731300
0.218297 -0.610927 1.694900
0.182824 -0.689914 1.672640
0.028610 0.083204 1.815700
0.021538 0.134163 1.852190
-0.016597 0.420321 1.832400
-0.036291 0.593740 1.806260
-0.175109 0.353876 1.839540
-0.356148 0.483221 1.755550
-0.390428 0.668840 1.651430
-0.392849 0.731402 1.626530
0.169793 0.385014 1.848420
0.309901 0.542052 1.751580
0.247933 0.750338 1.672090
0.230835 0.825257 1.652260
-0.042231 0.001880 1.806050
-0.031509 -0.366205 1.773500
0.004422 -0.678891 1.817950
0.005205 -0.716340 1.729870
0.119705 0.010340 1.815690
0.171924 -0.385153 1.736660
0.224659 -0.619142 1.705490
0.185711 -0.693252 1.682170
0.027417 0.082594 1.820690
0.019605 0.134376 1.857780
-0.020411 0.423481 1.841800
-0.037302 0.600296 1.820060
-0.177828 0.354620 1.843310
-0.355865 0.484614 1.753310
-0.434645 0.654519 1.607980
-0.440998 0.717566 1.577100
0.165551 0.387471 1.856230
0.304405 0.545716 1.749680
0.262122 0.761144 1.643420
0.251732 0.841119 1.610490
-0.042730 0.001330 1.809530
-0.031129 -0.370219 1.775770
0.003556 -0.678091 1.817480
0.004731 -0.715648 1.729480
0.118081 0.009869 1.820530
0.173293 -0.386797 1.741780
0.229462 -0.626349 1.714340
0.189463 -0.697085 1.689920
0.026654 0.081890 1.824670
0.018331 0.134398 1.862170
-0.022569 0.425911 1.848140
-0.036997 0.604999 1.829910
-0.180151 0.355717 1.847300
-0.364807 0.457203 1.755950
-0.421372 0.616242 1.622720
-0.420081 0.673603 1.592780
0.162865 0.388827 1.862120
0.309091 0.521937 1.755780
0.289782 0.704538 1.635780
0.283326 0.792497 1.588100
-0.042804 0.000528 1.812520
-0.030519 -0.374272 1.778080
0.002749 -0.677391 1.817190
0.004260 -0.715031 1.729250
0.116842 0.009317 1.824300
0.175348 -0.390295 1.747790
0.233622 -0.634620 1.726180
0.194041 -0.702053 1.698620
0.026156 0.081082 1.827880
0.017431 0.134273 1.865530
-0.023849 0.427612 1.852260
-0.036277 0.608268 1.836570
-0.181751 0.356708 1.850440
-0.369607 0.441923 1.758330
-0.406281 0.604111 1.631850
-0.371098 0.630116 1.633880
0.161224 0.389024 1.866900
0.318703 0.498941 1.761970
0.297608 0.676713 1.636190
0.279474 0.745042 1.598560
-0.042582 -0.000509 1.815200
-0.029867 -0.378928 1.780840
0.002008 -0.676895 1.817220
0.003887 -0.714625 1.729270
0.115829 0.008647 1.827320
0.178363 -0.396902 1.756910
0.238683 -0.646873 1.746700
0.200656 -0.710259 1.712240
0.025916 0.080349 1.830420
0.016866 0.134130 1.868060
-0.024603 0.428782 1.855010
-0.029049 0.612413 1.842200
-0.182780 0.357475 1.852790
-0.372329 0.433430 1.760410
-0.337507 0.604147 1.689350
-0.304565 0.637671 1.681940
0.160564 0.388257 1.870880
0.323974 0.488038 1.765500
0.251025 0.649565 1.705200
0.204361 0.700415 1.698400
-0.042216 -0.001405 1.817410
-0.029450 -0.380714 1.783080
0.001229 -0.676499 1.817470
0.003516 -0.714293 1.729460
0.115133 0.007861 1.829860
0.180905 -0.401881 1.765610
0.241334 -0.656016 1.765100
0.222376 -0.726302 1.778350
0.026144 0.080069 1.832530
0.016860 0.134313 1.870060
-0.023887 0.430270 1.856910
-0.023626 0.614839 1.845230
-0.183046 0.357938 1.854740
-0.374219 0.428431 1.763300
-0.279064 0.605136 1.747020
-0.234035 0.647864 1.752410
0.160464 0.387249 1.873800
0.327401 0.482463 1.769470
0.225117 0.625448 1.766770
0.184077 0.656012 1.762310
-0.041664 -0.001606 1.819080
-0.028438 -0.376104 1.787140
0.000436 -0.676222 1.817890
0.003083 -0.714053 1.729820
0.115170 0.007437 1.832630
0.183058 -0.405018 1.774160
0.243302 -0.668654 1.795900
0.243948 -0.717115 1.750200
0.026715 0.080318 1.834320
0.017288 0.134904 1.871640
-0.021794 0.431907 1.857910
-0.020377 0.616097 1.847040
-0.182750 0.358329 1.856400
-0.374343 0.427268 1.770020
-0.219163 0.614619 1.820150
-0.175249 0.661801 1.832230
0.161797 0.385395 1.876520
0.331836 0.484524 1.781980
0.194655 0.615637 1.832360
0.156712 0.634474 1.831940
-0.040978 -0.001091 1.820520
-0.027682 -0.372125 1.790030
-0.000331 -0.676019 1.818380
0.002672 -0.713876 1.730240
0.115515 0.007349 1.834900
0.184601 -0.406602 1.782550
0.240862 -0.679054 1.829310
0.250161 -0.720141 1.762340
0.027783 0.081301 1.836030
0.018149 0.135978 1.872930
-0.019597 0.433170 1.858410
-0.017379 0.616806 1.848110
-0.181611 0.358635 1.857920
-0.356142 0.471482 1.794960
-0.186813 0.637130 1.863670
-0.152591 0.671536 1.889870
0.164894 0.383790 1.879390
0.336149 0.496859 1.799030
0.183471 0.623809 1.873220
0.148023 0.628705 1.863480
-0.039969 0.000239 1.821790
-0.027104 -0.369014 1.791980
-0.000992 -0.675851 1.818850
0.002359 -0.713726 1.730630
0.116369 0.007727 1.837090
0.185798 -0.407532 1.790420
0.237181 -0.693180 1.870850
0.253037 -0.723429 1.771470
0.029255 0.082470 1.837530
0.019503 0.137185 1.874030
-0.016070 0.434555 1.859260
-0.014326 0.616795 1.848940
-0.179317 0.359127 1.859460
-0.343221 0.504642 1.809290
-0.203688 0.661108 1.867470
-0.174093 0.714356 1.888980
0.169957 0.382533 1.883090
0.339345 0.513754 1.812160
0.208988 0.666901 1.875840
0.178113 0.708252 1.883420
-0.038822 0.001718 1.822760
-0.026574 -0.366542 1.793230
-0.001532 -0.675701 1.819210
0.002159 -0.713581 1.730930
0.117725 0.008147 1.839060
0.187329 -0.409317 1.799450
0.234672 -0.707300 1.905780
0.250856 -0.735754 1.797880
0.031544 0.083323 1.839110
0.021566 0.138040 1.875390
-0.011406 0.436233 1.862040
-0.010193 0.616801 1.853510
-0.176235 0.360012 1.861300
-0.336839 0.519045 1.814040
-0.251598 0.698318 1.840680
-0.229585 0.757989 1.853220
0.176192 0.383421 1.888750
0.341132 0.524608 1.819770
0.260187 0.710957 1.841670
0.216228 0.750993 1.876320
-0.036302 0.002592 1.823560
-0.023866 -0.369984 1.793060
-0.001981 -0.675533 1.819420
0.002041 -0.713406 1.731100
0.119487 0.008433 1.840880
0.191682 -0.422408 1.817000
0.231059 -0.718722 1.934790
0.244539 -0.750160 1.832310
0.035540 0.083894 1.841190
0.025529 0.138358 1.877970
-0.002106 0.439665 1.873880
-0.004630 0.617104 1.863570
-0.170609 0.362212 1.865430
-0.324552 0.535794 1.817520
-0.275898 0.732094 1.827550
-0.284137 0.790375 1.826710
0.183511 0.386765 1.898760
0.339128 0.539927 1.830270
0.294549 0.743952 1.824990
0.290054 0.806527 1.823690
-0.031776 0.003132 1.824100
-0.020779 -0.373883 1.792300
-0.002302 -0.675314 1.819530
0.002107 -0.712963 1.731170
0.122313 0.008647 1.842840
0.194199 -0.429236 1.827130
0.229753 -0.725618 1.953860
0.242124 -0.758367 1.855570
0.040823 0.084778 1.843720
0.030702 0.138835 1.881590
0.004665 0.441873 1.883280
0.001892 0.617991 1.876700
-0.158065 0.370588 1.879710
-0.311991 0.552501 1.823950
-0.310430 0.760462 1.797950
-0.343280 0.818819 1.773350
0.195599 0.394662 1.920540
0.337222 0.558331 1.846310
0.319801 0.775725 1.790080
0.322679 0.853077 1.766350
-0.025573 0.004057 1.824430
-0.017454 -0.377286 1.791170
-0.002510 -0.675088 1.819550
0.002454 -0.712364 1.731100
0.126352 0.009152 1.845170
0.196526 -0.433282 1.836160
0.229099 -0.730704 1.969910
0.240827 -0.764415 1.875760
0.048339 0.086089 1.847340
0.037943 0.139523 1.886840
0.010732 0.443220 1.891830
0.007759 0.618439 1.886640
-0.148008 0.377308 1.892300
-0.306195 0.560207 1.828520
-0.328114 0.769594 1.780640
-0.364821 0.829050 1.752950
0.204356 0.398215 1.935420
0.341461 0.565622 1.862130
0.340703 0.774637 1.774200
0.341733 0.859303 1.747610
-0.016986 0.005492 1.825230
-0.013920 -0.380206 1.789870
-0.002584 -0.674814 1.819430
0.003098 -0.711634 1.730800
0.132795 0.009974 1.848570
0.199918 -0.437022 1.847440
0.228795 -0.733908 1.980320
0.240256 -0.767947 1.888130
0.057479 0.087525 1.851940
0.046394 0.140179 1.892920
0.016305 0.443342 1.898230
0.014681 0.617923 1.892540
-0.140689 0.380643 1.901830
-0.303570 0.545116 1.847240
-0.330079 0.740184 1.777370
-0.369363 0.820201 1.743400
0.214028 0.399348 1.948420
0.367747 0.555150 1.890040
0.347022 0.743567 1.793570
0.343254 0.833503 1.757470
-0.007411 0.006662 1.827040
-0.008871 -0.383780 1.788410
-0.002389 -0.674507 1.819050
0.004272 -0.710882 1.730160
0.142260 0.010779 1.853640
0.203897 -0.440827 1.859940
0.228521 -0.736163 1.987320
0.239911 -0.770331 1.896090
0.068065 0.088993 1.857980
0.056012 0.140767 1.899920
0.022838 0.441778 1.903260
0.023420 0.614587 1.894340
-0.133229 0.381848 1.909910
-0.303375 0.529256 1.862460
-0.270839 0.708245 1.823100
-0.240901 0.732333 1.812910
0.224605 0.396790 1.959000
0.388097 0.544286 1.910370
0.315158 0.714276 1.861830
0.270378 0.765997 1.853700
0.004260 0.008495 1.831810
-0.002573 -0.385206 1.787080
-0.001355 -0.673769 1.817270
0.006589 -0.709709 1.728090
0.153694 0.010924 1.860380
0.207103 -0.442874 1.870240
0.228270 -0.737888 1.992350
0.239642 -0.772181 1.901640
0.084369 0.096642 1.868180
0.070356 0.146123 1.909530
0.032434 0.439581 1.906740
0.041799 0.607987 1.889360
-0.124185 0.379370 1.916670
-0.299806 0.516237 1.878950
-0.192166 0.668832 1.874600
-0.165110 0.718865 1.858320
0.239891 0.389801 1.967450
0.397595 0.541799 1.929530
0.283202 0.686101 1.934810
0.237496 0.736986 1.919480
0.017019 0.014648 1.840980
0.013981 -0.374868 1.787550
0.001428 -0.671827 1.812490
0.010713 -0.707539 1.723300
0.176820 0.018394 1.872940
0.210716 -0.441315 1.879300
0.228108 -0.739204 1.995960
0.239447 -0.773577 1.905630
0.098655 0.106976 1.878210
0.083110 0.153210 1.918200
0.045533 0.434082 1.909440
0.051055 0.602318 1.885600
-0.114226 0.373557 1.922160
-0.295080 0.503330 1.890930
-0.142521 0.626665 1.918100
-0.107338 0.679941 1.915970
0.268567 0.380037 1.977090
0.389219 0.552765 1.959750
0.224620 0.650626 2.015610
0.171558 0.693707 2.005230
0.024435 0.020097 1.847720
0.024426 -0.370319 1.788990
0.004418 -0.670232 1.808120
0.014852 -0.705894 1.719050
0.205714 0.030179 1.889280
0.215119 -0.436926 1.888030
0.227930 -0.740148 1.998330
0.239281 -0.774651 1.908490
0.107516 0.112604 1.885410
0.092090 0.157656 1.925190
0.053699 0.430297 1.912310
0.057863 0.597396 1.882570
-0.105955 0.367915 1.926270
-0.290539 0.490643 1.895410
-0.120473 0.604121 1.937250
-0.082216 0.663682 1.938660
0.285944 0.379020 1.981440
0.409066 0.542299 1.965140
0.239255 0.622252 2.025530
0.163170 0.669851 2.032460
0.030982 0.023743 1.855090
0.036378 -0.374831 1.794230
0.007436 -0.669034 1.804460
0.018317 -0.704758 1.715670
0.217580 0.034291 1.896420
0.219892 -0.431826 1.896030
0.227622 -0.740610 2.000010
0.238969 -0.775329 1.910580
0.121159 0.116636 1.897200
0.109188 0.160948 1.939180
0.081568 0.423904 1.929970
0.062842 0.594127 1.881430
-0.096262 0.360318 1.930520
-0.280015 0.482496 1.891560
-0.116152 0.619260 1.924180
-0.077728 0.686657 1.926760
0.294866 0.378572 1.983820
0.417751 0.538225 1.964650
0.256082 0.638836 2.007080
0.182506 0.672315 2.022350
0.039504 0.026020 1.864290
0.044661 -0.378525 1.798830
0.009855 -0.668280 1.801840
0.020707 -0.703991 1.713280
0.230280 0.036796 1.906080
0.225643 -0.428220 1.905160
0.227459 -0.741130 2.001490
0.238601 -0.775993 1.912330
0.130186 0.116502 1.905560
0.118819 0.161333 1.947390
0.091791 0.421567 1.936410
0.070393 0.589791 1.888990
-0.086331 0.355506 1.935450
-0.264383 0.478596 1.879190
-0.147616 0.646079 1.873350
-0.103594 0.705413 1.882120
0.300533 0.378360 1.985320
0.424723 0.542704 1.949740
0.289152 0.685182 1.964740
0.251956 0.724086 1.973460
0.050154 0.025901 1.876060
0.051312 -0.382502 1.803610
0.012433 -0.667947 1.799790
0.022819 -0.703682 1.711500
0.237779 0.035992 1.912990
0.234681 -0.428551 1.919880
0.227328 -0.742234 2.003390
0.237963 -0.777543 1.914720
0.144018 0.103687 1.919810
0.132076 0.153076 1.960110
0.100476 0.420274 1.943570
0.092980 0.592375 1.916850
-0.076680 0.353524 1.941370
-0.243646 0.479750 1.866250
-0.179326 0.665310 1.825920
-0.163923 0.733034 1.818730
0.304307 0.378526 1.986510
0.428190 0.546351 1.936680
0.326887 0.713654 1.920530
0.294788 0.766662 1.921860
0.073571 0.011778 1.900180
0.058384 -0.389105 1.809490
0.014826 -0.667820 1.798310
0.024615 -0.703603 1.710220
0.242865 0.030204 1.920040
0.246105 -0.440678 1.942270
0.228719 -0.746033 2.008610
0.238413 -0.781982 1.920470
0.153793 0.094641 1.929840
0.142656 0.145586 1.970660
0.112157 0.420435 1.955030
0.110381 0.596817 1.938500
-0.058714 0.353781 1.951940
-0.223567 0.486478 1.859010
-0.208190 0.685829 1.783440
-0.195796 0.748731 1.770660
0.307007 0.380379 1.989170
0.429203 0.549814 1.927580
0.381376 0.745576 1.857590
0.361227 0.801412 1.855410
0.085473 0.005497 1.911910
0.063634 -0.394102 1.814040
0.016937 -0.667829 1.797300
0.026287 -0.703621 1.709310
0.246642 0.023644 1.927080
0.251693 -0.445763 1.952810
0.231427 -0.751900 2.016290
0.240309 -0.788113 1.928300
0.162289 0.088317 1.938520
0.151703 0.140177 1.980070
0.121949 0.421687 1.965600
0.125376 0.601163 1.956380
-0.044392 0.355147 1.961730
-0.211887 0.490511 1.856580
-0.224895 0.694487 1.759910
-0.220599 0.754906 1.736550
0.309970 0.384815 1.995310
0.430217 0.554220 1.921370
0.417908 0.764181 1.814450
0.402791 0.823479 1.806540
0.095079 0.001714 1.920970
0.068059 -0.398014 1.818090
0.018604 -0.667905 1.796660
0.027715 -0.703725 1.708700
0.250863 0.017834 1.934850
0.257183 -0.448431 1.961760
0.233809 -0.755909 2.021870
0.242316 -0.792283 1.933960
0.169812 0.084207 1.946330
0.159630 0.136694 1.988480
0.130680 0.423520 1.974930
0.138204 0.605265 1.969800
-0.032555 0.356196 1.970830
-0.204992 0.491466 1.856120
-0.231510 0.694792 1.747660
-0.226426 0.747309 1.716840
0.314721 0.390356 2.004050
0.433345 0.557332 1.917290
0.428852 0.763518 1.800180
0.422806 0.830540 1.780290
0.103219 -0.000484 1.928660
0.071890 -0.400878 1.821810
0.019893 -0.668071 1.796280
0.028838 -0.703930 1.708350
0.255662 0.013210 1.943240
0.262362 -0.449355 1.969180
0.236169 -0.758539 2.026580
0.244444 -0.795030 1.938700
0.178517 0.081442 1.955020
0.168495 0.134504 1.997450
0.140725 0.426130 1.984280
0.145393 0.607244 1.977090
-0.023924 0.356990 1.977760
-0.200159 0.489125 1.858510
-0.187452 0.668382 1.758320
-0.155792 0.715920 1.737060
0.322428 0.394203 2.013560
0.465039 0.543600 1.917240
0.426769 0.723380 1.812380
0.410746 0.779526 1.786440
0.112021 -0.001957 1.936970
0.074735 -0.402646 1.824850
0.020806 -0.668223 1.796040
0.029689 -0.704147 1.708140
0.262760 0.009278 1.953340
0.267736 -0.448990 1.976050
0.238798 -0.760777 2.031610
0.247082 -0.797390 1.943810
0.187409 0.080245 1.963880
0.176967 0.133754 2.005480
0.148906 0.427786 1.990430
0.150394 0.608166 1.981830
-0.016372 0.356943 1.983770
-0.197066 0.482112 1.865320
-0.115396 0.646160 1.810910
-0.079397 0.697290 1.797220
0.333321 0.394995 2.022980
0.487892 0.529376 1.920710
0.424735 0.698518 1.819760
0.378992 0.738568 1.804930
0.120550 -0.002409 1.946120
0.077283 -0.402144 1.828920
0.021374 -0.668324 1.795870
0.030223 -0.704349 1.708010
0.272399 0.006316 1.965110
0.273670 -0.446228 1.982570
0.242135 -0.761767 2.037590
0.250586 -0.798573 1.949930
0.194324 0.081035 1.970920
0.183382 0.134566 2.011230
0.154518 0.429016 1.994070
0.154117 0.608371 1.984690
-0.008253 0.355811 1.989380
-0.183078 0.466963 1.893120
-0.053786 0.623688 1.875360
-0.013953 0.674953 1.869790
0.343489 0.392889 2.030480
0.498314 0.523089 1.922900
0.395450 0.671818 1.864940
0.354725 0.715592 1.835780
0.126188 -0.001547 1.952680
0.079625 -0.394933 1.837640
0.021578 -0.668323 1.795830
0.030413 -0.704450 1.708000
0.281852 0.006580 1.976280
0.283778 -0.434616 1.991380
0.247076 -0.757268 2.043770
0.255749 -0.794372 1.956170
0.201165 0.083029 1.977060
0.190175 0.136614 2.015710
0.163830 0.429715 1.995490
0.158613 0.607464 1.985010
-0.000286 0.353778 1.993980
-0.175480 0.459925 1.910670
-0.015879 0.592771 1.957230
0.032903 0.638380 1.969240
0.351123 0.389755 2.035500
0.504714 0.519082 1.927060
0.369068 0.653230 1.917800
0.324132 0.696005 1.887550
0.131077 0.000070 1.957950
0.081090 -0.389131 1.845360
0.020639 -0.667923 1.796560
0.029563 -0.704369 1.708780
0.290581 0.008351 1.986140
0.289954 -0.427198 1.997550
0.253330 -0.747956 2.059270
0.262315 -0.785715 1.971780
0.206753 0.084775 1.981840
0.195921 0.138206 2.018750
0.174991 0.425648 1.995180
0.197728 0.595916 1.987300
0.006574 0.351579 1.997080
-0.169288 0.454259 1.926850
-0.015588 0.584462 1.996710
0.029100 0.627230 2.021240
0.357708 0.386443 2.038770
0.509505 0.515822 1.935630
0.353027 0.637229 1.980350
0.307443 0.680484 1.946920
0.135155 0.001494 1.961990
0.083375 -0.385661 1.855430
0.017262 -0.667960 1.801000
0.026281 -0.705044 1.713460
0.297158 0.009622 1.993890
0.293772 -0.422924 2.002520
0.256370 -0.744216 2.066950
0.265553 -0.782349 1.979590
0.211525 0.086719 1.985830
0.200804 0.139757 2.020830
0.182335 0.422064 1.995010
0.209748 0.592514 1.988460
0.011673 0.349614 1.999290
-0.164388 0.456318 1.940960
-0.015492 0.599332 2.015260
0.026277 0.647472 2.037390
0.363078 0.384497 2.040920
0.506702 0.522009 1.953940
0.340503 0.638891 2.021230
0.297033 0.678512 1.979810
0.138240 0.002611 1.964970
0.088678 -0.385619 1.870870
0.011237 -0.675087 1.818690
0.020267 -0.713378 1.731870
0.303396 0.011662 2.000650
0.296337 -0.420242 2.006900
0.258147 -0.742418 2.071490
0.267421 -0.780786 1.984230
0.216065 0.088927 1.989670
0.206467 0.141535 2.023550
0.195970 0.419904 2.002690
0.222597 0.591934 1.994020
0.015192 0.348536 2.001240
-0.161985 0.458119 1.948780
-0.062158 0.633286 1.987870
-0.007400 0.695766 2.005470
0.368481 0.383455 2.042410
0.505182 0.527729 1.964380
0.346522 0.653181 2.040780
0.297371 0.685182 2.003630
0.140763 0.003777 1.967620
0.097232 -0.388857 1.889640
0.009555 -0.689574 1.845770
0.018067 -0.727359 1.757980
0.307639 0.013041 2.004830
0.298579 -0.421393 2.013740
0.259182 -0.743642 2.075660
0.268321 -0.781781 1.988230
0.219048 0.090205 1.992280
0.210120 0.142503 2.025440
0.200753 0.418538 2.006610
0.224895 0.587898 1.991970
0.018139 0.348504 2.003840
-0.161058 0.463070 1.954910
-0.081512 0.675071 1.964120
-0.037906 0.737605 1.964380
0.372172 0.383342 2.043850
0.504621 0.535099 1.971620
0.386542 0.699256 2.022620
0.332349 0.755233 2.024350
0.142968 0.004746 1.970160
0.105115 -0.399793 1.906710
0.013356 -0.708856 1.877520
0.022064 -0.771291 1.828830
0.310430 0.013752 2.007410
0.299979 -0.428027 2.021670
0.259094 -0.750626 2.079820
0.267748 -0.788243 1.992150
