-0.052270 -0.458673 2.618400
-0.065923 -0.426543 2.669450
-0.092563 -0.167998 2.750650
-0.099419 0.025405 2.759430
-0.243878 -0.270484 2.684420
-0.304235 -0.454176 2.571020
-0.219059 -0.515835 2.419660
-0.189807 -0.547018 2.359000
0.081132 -0.269286 2.741580
0.160999 -0.478500 2.656130
0.279173 -0.596462 2.570760
0.319603 -0.600081 2.610230
-0.125362 -0.529321 2.575830
-0.186172 -0.522339 2.265030
-0.147023 -0.723428 2.033020
-0.186898 -0.802670 1.959380
0.047281 -0.530263 2.608140
0.100712 -0.584132 2.192360
0.055787 -0.793056 2.013530
0.111451 -0.806548 1.978420
-0.051893 -0.458884 2.619090
-0.065583 -0.426640 2.669970
-0.092560 -0.168052 2.750510
-0.099269 0.025250 2.759030
-0.243929 -0.270468 2.684430
-0.304226 -0.454174 2.571000
-0.217547 -0.516006 2.419040
-0.187716 -0.545618 2.360050
0.081283 -0.269189 2.741670
0.161349 -0.478728 2.656400
0.279194 -0.597245 2.570930
0.317159 -0.619323 2.587070
-0.125044 -0.529856 2.576570
-0.185831 -0.522854 2.265220
-0.145806 -0.724637 2.033960
-0.183948 -0.802313 1.966930
0.047855 -0.530440 2.609120
0.100686 -0.584090 2.192450
0.055526 -0.793804 2.013140
0.111952 -0.805611 1.978690
-0.051552 -0.459073 2.619630
-0.065252 -0.426748 2.670420
-0.092558 -0.168101 2.750380
-0.099108 0.025153 2.758580
-0.243964 -0.270454 2.684430
-0.304226 -0.454181 2.570970
-0.215998 -0.515966 2.418460
-0.185288 -0.543797 2.361150
0.081399 -0.269098 2.741740
0.161148 -0.478851 2.656390
0.279532 -0.597459 2.571530
0.317662 -0.626083 2.577110
-0.124672 -0.530292 2.577130
-0.185660 -0.523134 2.265450
-0.144855 -0.725601 2.034980
-0.181934 -0.801362 1.973460
0.048226 -0.530510 2.609690
0.100671 -0.584043 2.192540
0.055392 -0.794232 2.012830
0.112714 -0.804153 1.979220
-0.051308 -0.459204 2.620040
-0.064994 -0.426828 2.670790
-0.092558 -0.168154 2.750240
-0.098949 0.025063 2.758080
-0.243998 -0.270444 2.684420
-0.304291 -0.454239 2.570870
-0.214464 -0.515782 2.417940
-0.182702 -0.541795 2.362240
0.081475 -0.269023 2.741780
0.161624 -0.478896 2.656800
0.278071 -0.598798 2.570630
0.295302 -0.643075 2.551240
-0.124487 -0.530472 2.577430
-0.185506 -0.523313 2.265580
-0.146373 -0.723902 2.033050
-0.183106 -0.796308 1.975000
0.048367 -0.530461 2.609910
0.100666 -0.583989 2.192630
0.084610 -0.754402 2.012780
0.146360 -0.745353 2.002850
-0.051137 -0.459311 2.620310
-0.064802 -0.426907 2.671040
-0.092560 -0.168209 2.750100
-0.098705 0.024959 2.757380
-0.244026 -0.270436 2.684410
-0.304135 -0.454198 2.570940
-0.213294 -0.515378 2.417440
-0.181073 -0.539854 2.362840
0.081503 -0.268991 2.741790
0.162390 -0.479261 2.657100
0.276576 -0.600507 2.569090
0.283701 -0.652429 2.537120
-0.124440 -0.530461 2.577490
-0.185386 -0.523385 2.265640
-0.146523 -0.723380 2.032530
-0.183161 -0.793388 1.976600
0.048243 -0.530384 2.609670
0.100658 -0.583947 2.192690
0.094217 -0.740870 2.012750
0.160074 -0.718834 2.014360
-0.051083 -0.459350 2.620450
-0.064694 -0.426946 2.671190
-0.092569 -0.168258 2.749960
-0.098459 0.025019 2.756700
-0.244049 -0.270431 2.684390
-0.303628 -0.454006 2.571200
-0.212626 -0.515438 2.417050
-0.180428 -0.539236 2.363140
0.081518 -0.268967 2.741790
0.163500 -0.479842 2.657240
0.276119 -0.601756 2.568310
0.283193 -0.657116 2.530090
-0.125268 -0.529647 2.576750
-0.185164 -0.523375 2.265300
-0.147362 -0.722087 2.030480
-0.183979 -0.790132 1.976780
0.047518 -0.530010 2.608530
0.100653 -0.583906 2.192740
0.098705 -0.732965 2.013650
0.165286 -0.706784 2.020380
-0.051200 -0.459335 2.620350
-0.064654 -0.426978 2.671250
-0.092586 -0.168315 2.749810
-0.098216 0.025091 2.756000
-0.244069 -0.270432 2.684370
-0.303391 -0.453826 2.571310
-0.212097 -0.515512 2.416760
-0.179928 -0.538781 2.363410
0.081513 -0.268946 2.741780
0.168809 -0.480235 2.658250
0.270700 -0.606484 2.564410
0.279311 -0.662321 2.523130
-0.126336 -0.528669 2.575660
-0.184874 -0.523253 2.264670
-0.126546 -0.742927 2.057370
-0.172875 -0.804211 2.007240
0.046220 -0.529451 2.606440
0.100651 -0.583824 2.192820
0.082757 -0.750264 2.019660
0.148631 -0.736593 2.012140
-0.051393 -0.459255 2.620090
-0.064660 -0.426991 2.671220
-0.092609 -0.168384 2.749620
-0.097974 0.025165 2.755200
-0.244089 -0.270436 2.684350
-0.303231 -0.453773 2.571330
-0.211573 -0.515730 2.416370
-0.179544 -0.538460 2.363590
0.081493 -0.268938 2.741740
0.168923 -0.480274 2.657530
0.270134 -0.607690 2.564530
0.286660 -0.662799 2.526910
-0.127364 -0.527653 2.574500
-0.184586 -0.523088 2.263910
-0.128592 -0.740838 2.052430
-0.181379 -0.787935 1.994380
0.045053 -0.528888 2.604330
0.100650 -0.583742 2.192900
0.085748 -0.745535 2.020490
0.150111 -0.734135 2.013460
-0.051660 -0.459068 2.619730
-0.064716 -0.426960 2.671120
-0.092637 -0.168451 2.749430
-0.097692 0.025176 2.754090
-0.244107 -0.270442 2.684330
-0.303150 -0.453846 2.571260
-0.210908 -0.515956 2.415980
-0.179095 -0.538208 2.363770
0.081479 -0.268932 2.741710
0.169284 -0.480361 2.657230
0.269550 -0.608601 2.564240
0.290512 -0.663289 2.527930
-0.128354 -0.526534 2.573340
-0.184382 -0.522919 2.263140
-0.122926 -0.744450 2.056740
-0.179084 -0.784219 2.002670
0.044069 -0.528377 2.602560
0.100655 -0.583617 2.193020
0.085954 -0.743509 2.021690
0.129106 -0.772986 1.996170
-0.051921 -0.458807 2.619360
-0.064798 -0.426885 2.670980
-0.092656 -0.168517 2.749220
-0.097401 0.025225 2.752910
-0.244106 -0.270442 2.684290
-0.303259 -0.454034 2.571150
-0.210530 -0.516022 2.415780
-0.178650 -0.537925 2.363980
0.081558 -0.268923 2.741730
0.169203 -0.480739 2.657120
0.270678 -0.608312 2.564420
0.301175 -0.657673 2.531110
-0.129161 -0.525512 2.572370
-0.184384 -0.522654 2.262480
-0.120607 -0.746031 2.058690
-0.175930 -0.779948 2.002760
0.043335 -0.527926 2.601200
0.100655 -0.583506 2.193120
0.086058 -0.742043 2.022520
0.117640 -0.794276 1.986840
-0.077355 -0.441640 2.594100
-0.085203 -0.415545 2.648520
-0.092672 -0.168588 2.748960
-0.097153 0.025193 2.751710
-0.244012 -0.270464 2.684140
-0.303557 -0.454297 2.570780
-0.210169 -0.515787 2.415350
-0.178179 -0.537136 2.363880
0.081663 -0.268907 2.741770
0.170261 -0.479399 2.658090
0.267556 -0.607684 2.561620
0.299231 -0.655126 2.527680
-0.161562 -0.498550 2.548700
-0.173441 -0.533619 2.241650
-0.112037 -0.753164 2.051840
-0.172390 -0.778707 1.995780
0.012665 -0.512802 2.562880
0.100652 -0.583376 2.193240
0.086141 -0.741127 2.023080
0.113503 -0.801984 1.983580
-0.043637 -0.435739 2.595630
-0.057233 -0.410933 2.649020
-0.092699 -0.168642 2.748620
-0.096927 0.025215 2.750570
-0.243969 -0.270461 2.684010
-0.320949 -0.431032 2.569830
-0.218245 -0.494431 2.413110
-0.186472 -0.510579 2.362410
0.081769 -0.268854 2.741770
0.194031 -0.459177 2.676290
0.258215 -0.600691 2.558360
0.279048 -0.642743 2.520060
-0.113593 -0.499133 2.552210
-0.183851 -0.522936 2.253040
-0.136156 -0.734571 2.050830
-0.174045 -0.774981 1.992170
0.056134 -0.500820 2.566720
0.100653 -0.583258 2.193340
0.084177 -0.740961 2.025260
0.103143 -0.802983 1.975830
-0.024740 -0.433709 2.598220
-0.043994 -0.409109 2.650140
-0.092708 -0.168643 2.748080
-0.096753 0.025195 2.749510
-0.244307 -0.270442 2.683650
-0.361433 -0.419058 2.554280
-0.224275 -0.442275 2.365090
-0.188542 -0.425736 2.359270
0.081917 -0.268751 2.741780
0.221459 -0.406972 2.707270
0.260547 -0.539195 2.565960
0.275267 -0.577903 2.522320
-0.086772 -0.501216 2.555920
-0.187803 -0.513085 2.260350
-0.145665 -0.724346 2.051390
-0.174658 -0.772499 1.990730
0.081346 -0.495157 2.571080
0.100646 -0.582983 2.193950
0.083204 -0.740565 2.026620
0.100195 -0.806398 1.973940
-0.045118 -0.448769 2.611250
-0.056924 -0.417163 2.659190
-0.092625 -0.168644 2.746860
-0.096574 0.025218 2.748280
-0.245033 -0.270328 2.682530
-0.388177 -0.398340 2.546590
-0.311949 -0.318011 2.370270
-0.239874 -0.343968 2.315090
0.082423 -0.267969 2.741930
0.251961 -0.349172 2.718340
0.299037 -0.456342 2.559350
0.317124 -0.487917 2.511010
-0.115609 -0.520408 2.571760
-0.177878 -0.596913 2.194570
-0.114117 -0.786240 2.071940
-0.160101 -0.784576 2.001480
0.052450 -0.517971 2.589520
0.100656 -0.582864 2.194220
0.083330 -0.735973 2.023850
0.095742 -0.806391 1.979000
-0.062363 -0.456692 2.613940
-0.069074 -0.422191 2.662160
-0.091974 -0.168589 2.744250
-0.096348 0.025194 2.746810
-0.240880 -0.268472 2.678800
-0.397194 -0.351222 2.555980
-0.394271 -0.260866 2.369160
-0.290158 -0.250454 2.244900
0.084732 -0.263899 2.742880
0.279284 -0.289435 2.730970
0.366059 -0.352891 2.571060
0.397131 -0.371540 2.522680
-0.145616 -0.526848 2.576700
-0.175298 -0.628298 2.166000
-0.093871 -0.814315 2.077730
-0.150630 -0.790151 2.005110
0.019293 -0.531620 2.589690
0.100663 -0.582766 2.194460
0.083291 -0.733818 2.022650
0.093240 -0.805350 1.983870
-0.067237 -0.458104 2.617240
-0.073503 -0.423096 2.665030
-0.090752 -0.168455 2.741280
-0.094636 0.025822 2.741420
-0.238409 -0.263367 2.674360
-0.417750 -0.288229 2.551740
-0.465347 -0.172377 2.373650
-0.372139 -0.164202 2.263030
0.093243 -0.253621 2.744080
0.301939 -0.236584 2.732420
0.428746 -0.225626 2.585050
0.472502 -0.220919 2.540590
-0.153671 -0.528556 2.580360
-0.173686 -0.643783 2.153850
-0.086107 -0.825994 2.081810
-0.145107 -0.793066 2.007680
0.013412 -0.534815 2.596270
0.100555 -0.582623 2.194740
0.083327 -0.732019 2.021610
0.091846 -0.803590 1.987870
-0.070380 -0.438901 2.613250
-0.077015 -0.413543 2.662990
-0.089226 -0.167594 2.737010
-0.090185 0.027390 2.731900
-0.240804 -0.248073 2.665910
-0.431570 -0.206411 2.542410
-0.464055 -0.087717 2.372780
-0.421623 -0.019831 2.211360
0.107400 -0.231886 2.745780
0.312194 -0.215623 2.734300
0.442249 -0.120880 2.605440
0.496725 -0.080457 2.566760
-0.158970 -0.507999 2.572050
-0.175605 -0.646095 2.143480
-0.115821 -0.801191 2.030970
-0.161550 -0.789530 1.977750
0.015669 -0.519481 2.588520
0.100312 -0.582443 2.195080
0.092646 -0.735071 2.017820
0.090557 -0.803874 1.989500
-0.071471 -0.428253 2.610830
-0.078861 -0.405689 2.661170
-0.086609 -0.165281 2.731170
-0.082715 0.032387 2.714930
-0.244554 -0.233339 2.657940
-0.432974 -0.114251 2.510660
-0.469162 0.035604 2.320680
-0.454704 0.096195 2.225310
0.116285 -0.217582 2.745530
0.349127 -0.149847 2.714530
0.480132 -0.000917 2.535110
0.510697 0.043363 2.504530
-0.160865 -0.497353 2.568030
-0.178333 -0.640183 2.138880
-0.133053 -0.788823 2.005310
-0.173489 -0.787456 1.955280
0.018314 -0.509830 2.583320
0.099795 -0.582252 2.195120
0.098782 -0.730172 2.013210
0.090421 -0.801450 1.991950
-0.071519 -0.420169 2.608580
-0.079327 -0.397055 2.658630
-0.081410 -0.159813 2.722090
-0.074200 0.039203 2.693270
-0.247462 -0.218562 2.650450
-0.430440 -0.041445 2.492830
-0.474762 0.136431 2.331290
-0.475826 0.186732 2.286500
0.123202 -0.205332 2.743390
0.366257 -0.081143 2.698130
0.470757 0.095476 2.570770
0.493034 0.156183 2.537370
-0.161452 -0.489701 2.565270
-0.180886 -0.629062 2.139660
-0.153496 -0.769958 1.981920
-0.177885 -0.790347 1.941010
0.020613 -0.503281 2.579470
0.098486 -0.581682 2.194950
0.102791 -0.726752 2.010470
0.090835 -0.799121 1.993300
-0.070492 -0.413156 2.606010
-0.078264 -0.386746 2.654760
-0.071566 -0.147235 2.701080
-0.064538 0.055652 2.665830
-0.247692 -0.201134 2.641010
-0.426370 -0.018507 2.489000
-0.464087 0.205505 2.373780
-0.477751 0.254888 2.356640
0.128732 -0.194779 2.739190
0.373011 -0.048395 2.692060
0.447416 0.183856 2.616620
0.459473 0.236653 2.603730
-0.160931 -0.483573 2.562620
-0.182772 -0.610616 2.147290
-0.160163 -0.760464 1.975810
-0.156005 -0.787411 1.925670
0.022632 -0.498642 2.577110
0.096884 -0.580313 2.194340
0.103564 -0.728655 2.009580
0.104289 -0.781050 1.963160
-0.068268 -0.406961 2.602950
-0.075624 -0.377485 2.650160
-0.064345 -0.138838 2.685040
-0.057274 0.064747 2.644640
-0.246929 -0.190721 2.634570
-0.423354 -0.008087 2.491430
-0.438661 0.227155 2.447920
-0.455296 0.297506 2.442100
0.133278 -0.185969 2.733150
0.363985 -0.017129 2.698200
0.395927 0.185282 2.682710
0.398183 0.259502 2.678870
-0.159735 -0.479043 2.560420
-0.184136 -0.596729 2.152670
-0.162029 -0.752124 1.977470
-0.143844 -0.784685 1.921040
0.025145 -0.494546 2.575400
0.095300 -0.578605 2.193640
0.104702 -0.727976 2.009240
0.115323 -0.760913 1.946710
-0.066528 -0.402081 2.599970
-0.073759 -0.369838 2.645590
-0.060069 -0.131941 2.668280
-0.051314 0.069497 2.628160
-0.244989 -0.183338 2.627300
-0.419902 -0.007582 2.494720
-0.404179 0.225185 2.516780
-0.412209 0.295681 2.528700
0.137304 -0.180152 2.725330
0.350721 -0.011473 2.703390
0.346193 0.173992 2.739980
0.350545 0.288242 2.739090
-0.158760 -0.475575 2.558720
-0.184782 -0.589318 2.154530
-0.157927 -0.747649 1.984300
-0.132634 -0.783309 1.920680
0.026879 -0.491676 2.574270
0.094300 -0.576678 2.191910
0.105451 -0.727662 2.008940
0.119592 -0.753782 1.939870
-0.063339 -0.398119 2.595540
-0.070718 -0.364192 2.639930
-0.057312 -0.128357 2.656740
-0.046645 0.073850 2.608560
-0.242462 -0.178475 2.619110
-0.415548 -0.018927 2.502960
-0.363492 0.180466 2.584300
-0.356017 0.245963 2.616550
0.141281 -0.176070 2.714440
0.341267 -0.007528 2.705760
0.244558 0.197716 2.804380
0.234936 0.253408 2.817700
-0.156412 -0.472953 2.556290
-0.184838 -0.585017 2.155220
-0.145480 -0.753859 1.999490
-0.119557 -0.788115 1.927240
0.029670 -0.489220 2.572870
0.093430 -0.575068 2.190160
0.105874 -0.727673 2.009140
0.121971 -0.749809 1.935900
-0.060535 -0.395489 2.591640
-0.068168 -0.360440 2.635120
-0.054651 -0.127145 2.646770
-0.044411 0.073222 2.593740
-0.237888 -0.178832 2.606760
-0.405856 -0.046479 2.503090
-0.328115 0.104227 2.609450
-0.302999 0.150459 2.659720
0.144459 -0.175042 2.703390
0.322465 -0.023720 2.704340
0.218946 0.115445 2.803050
0.196936 0.193908 2.841470
-0.154049 -0.471108 2.553860
-0.184625 -0.582003 2.155230
-0.141560 -0.756804 2.001700
-0.096549 -0.805874 1.955690
0.031871 -0.487599 2.571860
0.092729 -0.573883 2.187770
0.105597 -0.730674 2.010360
0.123604 -0.750930 1.934350
-0.053579 -0.386726 2.583940
-0.063469 -0.354512 2.627930
-0.052691 -0.127679 2.638450
-0.044412 0.072190 2.582980
-0.232735 -0.183244 2.594270
-0.400245 -0.064344 2.498920
-0.299857 0.054251 2.625630
-0.287211 0.066730 2.638310
0.146387 -0.174773 2.694560
0.324858 -0.075523 2.680300
0.166545 0.063479 2.809090
0.143614 0.124940 2.851140
-0.147209 -0.465012 2.548690
-0.183092 -0.581575 2.152980
-0.136704 -0.759907 2.004200
-0.092193 -0.807875 1.956100
0.042457 -0.473702 2.567210
0.096116 -0.581359 2.177500
0.101938 -0.753705 2.014990
0.114305 -0.779606 1.946700
-0.048989 -0.380337 2.578690
-0.059562 -0.349576 2.622350
-0.050903 -0.129167 2.631350
-0.045248 0.071552 2.576210
-0.230028 -0.186153 2.586480
-0.395076 -0.075878 2.493170
-0.293295 0.026152 2.614430
-0.256985 0.059707 2.661050
0.148623 -0.166426 2.685650
0.325594 -0.084869 2.674210
0.162470 0.023233 2.775750
0.133173 0.067557 2.818240
-0.142967 -0.461283 2.545540
-0.181504 -0.582304 2.150700
-0.130301 -0.764381 2.008070
-0.089547 -0.809248 1.956410
0.048916 -0.463988 2.563500
0.098447 -0.587154 2.170740
0.100227 -0.765952 2.017050
0.106817 -0.797024 1.953750
-0.046333 -0.376378 2.574730
-0.057073 -0.346189 2.617860
-0.050295 -0.130046 2.625810
-0.047272 0.070379 2.571500
-0.228231 -0.187669 2.581190
-0.390895 -0.080892 2.488280
-0.294021 0.046995 2.569290
-0.264249 0.092006 2.618280
0.150184 -0.163377 2.677940
0.304732 -0.074240 2.669190
0.160754 0.059569 2.749220
0.138354 0.082514 2.782040
-0.140108 -0.458571 2.542790
-0.180147 -0.583830 2.149630
-0.130739 -0.769086 2.011230
-0.085701 -0.808569 1.966110
0.052237 -0.459034 2.560910
0.100196 -0.591720 2.165500
0.099660 -0.773305 2.017610
0.102577 -0.806142 1.956550
-0.044854 -0.373935 2.571910
-0.055615 -0.344014 2.614700
-0.049965 -0.130289 2.622200
-0.049141 0.069331 2.569030
-0.227206 -0.187990 2.577940
-0.379383 -0.065244 2.476580
-0.305560 0.097061 2.519180
-0.279972 0.156064 2.560440
0.151075 -0.161033 2.672690
0.288000 -0.022046 2.661830
0.154635 0.094597 2.724470
0.149869 0.140871 2.744710
-0.138395 -0.456841 2.540950
-0.180695 -0.579726 2.185280
-0.138609 -0.758000 2.024670
-0.112247 -0.786424 1.968900
0.053750 -0.456149 2.558210
0.100863 -0.593373 2.162780
0.100803 -0.776558 2.017460
0.107868 -0.808556 1.953590
-0.043904 -0.372243 2.570020
-0.054666 -0.342415 2.612580
-0.049607 -0.130010 2.619800
-0.050801 0.068886 2.568080
-0.226795 -0.177568 2.575960
-0.365082 -0.015286 2.465810
-0.319292 0.158910 2.476070
-0.299166 0.232357 2.499330
0.149080 -0.152181 2.667360
0.279001 0.018976 2.656150
0.179052 0.157620 2.689870
0.175936 0.206717 2.706370
-0.137283 -0.455561 2.539790
-0.178122 -0.576517 2.211350
-0.142932 -0.750534 2.033080
-0.116266 -0.787543 1.994090
0.054350 -0.454061 2.556090
0.101284 -0.594479 2.160930
0.101416 -0.779188 2.017670
0.111130 -0.810778 1.952250
-0.043770 -0.368667 2.568530
-0.054094 -0.338994 2.610750
-0.049580 -0.128981 2.617780
-0.051665 0.069500 2.568270
-0.229660 -0.156405 2.580830
-0.351583 0.036382 2.463580
-0.330669 0.232353 2.432750
-0.322154 0.309181 2.433660
0.145140 -0.119292 2.666210
0.260266 0.077042 2.648340
0.220342 0.294038 2.652000
0.213030 0.345923 2.662560
-0.136746 -0.452297 2.539890
-0.179306 -0.588811 2.197390
-0.155976 -0.760473 2.030080
-0.115751 -0.789567 2.006990
0.053854 -0.450390 2.554270
0.101559 -0.595229 2.159600
0.101389 -0.779514 2.016970
0.112418 -0.809725 1.949570
-0.044631 -0.364727 2.567350
-0.054725 -0.333957 2.609080
-0.053838 -0.120588 2.613200
-0.051797 0.071267 2.569040
-0.231042 -0.141523 2.585880
-0.342107 0.068276 2.463540
-0.338417 0.305021 2.400500
-0.339173 0.369669 2.401300
0.139521 -0.095750 2.666560
0.247449 0.104220 2.644580
0.257315 0.329345 2.610150
0.258180 0.402401 2.612660
-0.136936 -0.448084 2.540870
-0.178405 -0.589914 2.199640
-0.167555 -0.752839 2.028870
-0.116138 -0.790402 2.013850
0.051652 -0.445686 2.552440
0.101620 -0.595972 2.158700
0.100952 -0.780274 2.016710
0.112578 -0.810010 1.948290
-0.045391 -0.361344 2.566190
-0.055475 -0.329052 2.607380
-0.058711 -0.109041 2.608550
-0.051311 0.074809 2.569670
-0.230680 -0.131109 2.588450
-0.338050 0.080936 2.462570
-0.334145 0.317340 2.404740
-0.336201 0.372111 2.406180
0.136862 -0.084894 2.666560
0.241919 0.117422 2.642110
0.262758 0.324364 2.602660
0.262803 0.397833 2.606320
-0.136490 -0.443708 2.541150
-0.177617 -0.589380 2.200830
-0.165745 -0.752548 2.037060
-0.116217 -0.791139 2.018160
0.049944 -0.441956 2.551090
0.101502 -0.596574 2.158140
0.100373 -0.780410 2.016240
0.112607 -0.809758 1.946990
-0.045756 -0.358632 2.565010
-0.055649 -0.324910 2.605730
-0.058376 -0.098568 2.605760
-0.049735 0.079781 2.569700
-0.229859 -0.124692 2.589220
-0.337933 0.075278 2.460540
-0.312696 0.258354 2.430240
-0.295794 0.322303 2.443770
0.135621 -0.078611 2.666200
0.246178 0.112583 2.632260
0.230893 0.347920 2.602090
0.221250 0.408650 2.610540
-0.135965 -0.440123 2.540980
-0.177372 -0.586119 2.199700
-0.160565 -0.751638 2.043880
-0.122560 -0.786438 2.005340
0.048767 -0.439213 2.549940
0.101347 -0.597049 2.157740
0.099094 -0.780086 2.015530
0.112032 -0.809246 1.945700
-0.046024 -0.356505 2.563750
-0.055796 -0.321798 2.604170
-0.058095 -0.091957 2.604000
-0.048152 0.084975 2.567900
-0.228224 -0.121255 2.587570
-0.345305 0.042507 2.453760
-0.280618 0.260912 2.465120
-0.251158 0.292903 2.500300
0.135574 -0.076261 2.665150
0.270348 0.079947 2.616540
0.218165 0.276355 2.608730
0.189755 0.341763 2.612200
-0.135460 -0.436923 2.539430
-0.176504 -0.579128 2.184680
-0.155724 -0.752483 2.044590
-0.126064 -0.785142 1.985550
0.047976 -0.437363 2.549110
0.100430 -0.595148 2.158380
0.097166 -0.776984 2.016480
0.111036 -0.806113 1.946080
-0.046025 -0.353927 2.560600
-0.055613 -0.318810 2.601260
-0.057829 -0.087901 2.602470
-0.047836 0.089225 2.564830
-0.223671 -0.129084 2.576940
-0.353390 0.014334 2.446490
-0.267268 0.201191 2.473160
-0.231225 0.246276 2.508430
0.141204 -0.093760 2.655100
0.292865 0.048605 2.602840
0.188592 0.210429 2.605720
0.156636 0.288824 2.604960
-0.135086 -0.433533 2.534000
-0.176086 -0.575323 2.176240
-0.152713 -0.752070 2.041510
-0.122125 -0.788848 1.986610
0.047779 -0.435286 2.547350
0.099498 -0.592676 2.159680
0.095215 -0.773685 2.018130
0.109700 -0.802679 1.947320
-0.045750 -0.344033 2.550540
-0.055443 -0.311938 2.593270
-0.058767 -0.085974 2.598260
-0.050348 0.091536 2.555880
-0.219099 -0.145166 2.561330
-0.361092 -0.030764 2.433850
-0.250885 0.117005 2.493220
-0.208886 0.163424 2.537610
0.149217 -0.130602 2.636260
0.308289 -0.019408 2.592770
0.171171 0.132867 2.606640
0.130924 0.200645 2.608330
-0.130540 -0.414085 2.506610
-0.176081 -0.573398 2.170030
-0.149730 -0.753422 2.040310
-0.124486 -0.789014 1.976100
0.048145 -0.431985 2.544730
0.098903 -0.591352 2.160350
0.094046 -0.772468 2.020200
0.108832 -0.801322 1.949110
-0.044917 -0.339808 2.543580
-0.054454 -0.309098 2.586840
-0.055652 -0.091365 2.592200
-0.043752 0.093281 2.552560
-0.215145 -0.156996 2.551200
-0.363034 -0.057952 2.427250
-0.247274 0.065194 2.501730
-0.201663 0.129391 2.548420
0.153740 -0.151939 2.625590
0.315987 -0.062755 2.587960
0.158790 0.059514 2.596230
0.118106 0.134176 2.599690
-0.128708 -0.408405 2.493980
-0.177498 -0.575350 2.157270
-0.145089 -0.760478 2.036150
-0.115771 -0.795649 1.976080
0.048664 -0.430224 2.541940
0.098780 -0.591251 2.160500
0.092909 -0.773115 2.021330
0.086637 -0.808030 1.961830
-0.043814 -0.341049 2.536460
-0.052947 -0.311398 2.579450
-0.051367 -0.101395 2.586040
-0.040974 0.088659 2.545450
-0.209709 -0.176809 2.538490
-0.363723 -0.074798 2.422550
-0.245472 0.041265 2.505200
-0.202597 0.098162 2.554000
0.156082 -0.164909 2.618990
0.319626 -0.078752 2.584740
0.161899 0.046641 2.588060
0.113128 0.108557 2.595340
-0.128137 -0.410316 2.485490
-0.177551 -0.579080 2.148960
-0.141745 -0.768394 2.030690
-0.099701 -0.806002 1.985520
0.049446 -0.431487 2.536770
0.098737 -0.591733 2.160620
0.091575 -0.774946 2.022780
0.078286 -0.810031 1.966360
-0.041872 -0.361136 2.524350
-0.050379 -0.326144 2.568850
-0.048016 -0.108878 2.581690
-0.039720 0.085178 2.540790
-0.207410 -0.185344 2.532850
-0.364339 -0.083936 2.419750
-0.280852 0.073349 2.450530
-0.248297 0.135098 2.487000
0.157485 -0.171977 2.615100
0.322395 -0.075043 2.579900
0.214350 0.095648 2.559720
0.157119 0.131913 2.569020
-0.129332 -0.433094 2.478800
-0.178552 -0.584233 2.144490
-0.139216 -0.774571 2.026170
-0.086643 -0.811553 1.996040
0.050089 -0.455739 2.521230
0.098793 -0.592448 2.160750
0.090211 -0.777261 2.024480
0.067595 -0.814516 1.973210
-0.040710 -0.371259 2.518830
-0.048506 -0.334851 2.563420
-0.045714 -0.113935 2.578950
-0.039224 0.081825 2.537000
-0.206114 -0.189723 2.529590
-0.363814 -0.084336 2.415750
-0.311776 0.093374 2.413510
-0.288125 0.165976 2.433570
0.158757 -0.174694 2.611760
0.323531 -0.065703 2.575160
0.253355 0.169115 2.531920
0.217906 0.234635 2.543050
-0.129157 -0.446837 2.477220
-0.182144 -0.594793 2.136020
-0.134894 -0.785153 2.020710
-0.069631 -0.798861 2.010740
0.050600 -0.465854 2.514430
0.098912 -0.593158 2.160860
0.090336 -0.780343 2.027070
0.059168 -0.814049 1.979020
-0.040345 -0.376161 2.516220
-0.047603 -0.339404 2.560710
-0.044179 -0.117042 2.577380
-0.039004 0.079351 2.534100
-0.207848 -0.185065 2.530600
-0.360828 -0.042648 2.414140
-0.350811 0.175049 2.355910
-0.347722 0.250660 2.346220
0.156500 -0.162056 2.610760
0.308266 0.016033 2.560930
0.319332 0.208166 2.492360
0.285030 0.272645 2.505660
-0.130415 -0.453601 2.480280
-0.184145 -0.600430 2.132990
-0.132844 -0.789962 2.017980
-0.063615 -0.801855 2.015400
0.050445 -0.470274 2.510730
0.100009 -0.596980 2.160660
0.089276 -0.784512 2.027850
0.055119 -0.811326 1.978880
-0.040726 -0.377005 2.515920
-0.047197 -0.340997 2.559460
-0.043117 -0.118722 2.576250
-0.038925 0.078275 2.531870
-0.214895 -0.154968 2.538950
-0.351985 0.021905 2.411170
-0.394466 0.247022 2.297070
-0.405632 0.309691 2.273420
0.148561 -0.129995 2.611000
0.295833 0.074974 2.550830
0.379190 0.301752 2.475290
0.378388 0.356889 2.481510
-0.133049 -0.452588 2.487680
-0.184778 -0.602060 2.135180
-0.132244 -0.791293 2.017060
-0.074127 -0.814163 2.014510
0.048797 -0.469186 2.509170
0.100948 -0.600426 2.160520
0.088306 -0.787912 2.028260
0.051609 -0.811599 1.979730
-0.041623 -0.374901 2.517730
-0.047309 -0.339719 2.560210
-0.042492 -0.117670 2.575300
-0.039035 0.079012 2.528330
-0.217378 -0.137810 2.544000
-0.347073 0.059462 2.409690
-0.417766 0.279369 2.278090
-0.438614 0.325073 2.259010
0.140439 -0.105094 2.610820
0.286907 0.115656 2.544940
0.411006 0.346093 2.483580
0.433966 0.395013 2.488610
-0.134346 -0.447912 2.496230
-0.184353 -0.600218 2.142670
-0.133652 -0.788489 2.018460
-0.107808 -0.809384 1.980870
0.045957 -0.462121 2.509910
0.101557 -0.603015 2.160490
0.086214 -0.791300 2.029230
0.063112 -0.809928 1.975190
-0.042396 -0.371895 2.519810
-0.047548 -0.336770 2.561620
-0.041769 -0.111739 2.573840
-0.039600 0.081693 2.524340
-0.218070 -0.125177 2.547720
-0.346473 0.073377 2.409050
-0.426429 0.276430 2.293400
-0.449258 0.320851 2.274710
0.136789 -0.093862 2.610670
0.284023 0.131547 2.542460
0.412169 0.339365 2.506790
0.438081 0.385073 2.517100
-0.134844 -0.444018 2.501740
-0.180563 -0.592259 2.155600
-0.137807 -0.779066 2.023690
-0.130049 -0.800170 1.963470
0.043915 -0.455223 2.510960
0.101773 -0.602075 2.163270
0.085502 -0.790712 2.034040
0.066911 -0.812025 1.980040
-0.042421 -0.367702 2.521780
-0.047330 -0.331899 2.563130
-0.041327 -0.103170 2.571100
-0.040266 0.089509 2.517710
-0.218459 -0.118457 2.549660
-0.373150 0.060635 2.420150
-0.427584 0.255883 2.342640
-0.444932 0.318061 2.316880
0.135220 -0.087165 2.610650
0.310154 0.109137 2.565020
0.394769 0.312770 2.551290
0.410457 0.377588 2.563570
-0.134524 -0.441296 2.504910
-0.178275 -0.587510 2.162790
-0.139139 -0.773782 2.029560
-0.136950 -0.798301 1.958360
0.044240 -0.446308 2.513100
0.102187 -0.599637 2.166650
0.084934 -0.788313 2.037710
0.080192 -0.809735 1.978570
-0.042215 -0.364396 2.522880
-0.047087 -0.327874 2.563910
-0.041235 -0.096194 2.568550
-0.040086 0.096888 2.512170
-0.218883 -0.114396 2.550660
-0.398200 0.041109 2.432640
-0.421606 0.238301 2.384630
-0.422341 0.303757 2.371760
0.134429 -0.082964 2.610620
0.330310 0.084588 2.578990
0.362552 0.265570 2.584320
0.362744 0.332875 2.597500
-0.134022 -0.439752 2.506150
-0.177092 -0.584488 2.165940
-0.139707 -0.770590 2.033020
-0.141314 -0.796964 1.955070
0.044843 -0.440693 2.514440
0.102547 -0.597462 2.169330
0.084070 -0.785855 2.040240
0.086897 -0.808159 1.977400
-0.041922 -0.362264 2.523130
-0.046855 -0.325103 2.563920
-0.041216 -0.090985 2.566110
-0.039627 0.102560 2.508090
-0.219281 -0.111925 2.550790
-0.416303 0.011010 2.446620
-0.397696 0.202060 2.440220
-0.389981 0.276591 2.435550
0.136389 -0.082807 2.610800
0.348008 0.054257 2.592280
0.322476 0.232352 2.622540
0.306011 0.304037 2.636270
-0.133154 -0.439028 2.505280
-0.176447 -0.582866 2.167650
-0.139941 -0.769042 2.035140
-0.142680 -0.796497 1.954170
0.045537 -0.437530 2.515010
0.102779 -0.597052 2.170220
0.083611 -0.785409 2.041260
0.091399 -0.808717 1.975390
-0.041739 -0.361110 2.522370
-0.046810 -0.323503 2.562930
-0.041118 -0.087756 2.563230
-0.039592 0.105829 2.505270
-0.219463 -0.116395 2.546530
-0.421897 -0.010746 2.454000
-0.356674 0.155744 2.490960
-0.330381 0.228677 2.507370
0.142029 -0.091386 2.609970
0.354073 0.037222 2.599990
0.308435 0.201385 2.649350
0.268293 0.267213 2.665070
-0.132733 -0.439935 2.501060
-0.176215 -0.582282 2.162150
-0.139565 -0.769713 2.036490
-0.118578 -0.812827 1.981180
0.046158 -0.436004 2.514750
0.102955 -0.596692 2.170860
0.083231 -0.785004 2.042000
0.094336 -0.808991 1.974170
-0.041366 -0.360178 2.520580
-0.046814 -0.322335 2.561090
-0.041381 -0.087369 2.559430
-0.039551 0.107098 2.503090
-0.217718 -0.138079 2.534060
-0.415026 -0.038877 2.452970
-0.312180 0.109130 2.515130
-0.293899 0.147766 2.528040
0.150126 -0.108828 2.608500
0.348995 0.017051 2.603840
0.221739 0.160431 2.659160
0.166394 0.221230 2.672640
-0.132001 -0.441339 2.494880
-0.176296 -0.582232 2.156970
-0.139482 -0.770551 2.036670
-0.099658 -0.819207 1.999170
0.047434 -0.435224 2.513500
0.103056 -0.596472 2.171220
0.082978 -0.784815 2.042530
0.081500 -0.816000 1.980850
-0.041010 -0.359098 2.517420
-0.046733 -0.321527 2.558430
-0.040120 -0.089953 2.555530
-0.039476 0.106002 2.501700
-0.214016 -0.157408 2.525190
-0.397083 -0.057994 2.443540
-0.265236 0.068476 2.526350
-0.232778 0.116722 2.557300
0.156381 -0.136394 2.601860
0.341299 0.002403 2.601970
0.167246 0.115930 2.643450
0.109804 0.176890 2.657840
-0.132969 -0.441600 2.483290
-0.178760 -0.585708 2.149950
-0.138866 -0.774333 2.034040
-0.084890 -0.820226 2.009910
0.048503 -0.434405 2.511410
0.103006 -0.596524 2.171140
0.082714 -0.785000 2.042790
0.074682 -0.818665 1.983030
-0.040567 -0.358364 2.514690
-0.046495 -0.321217 2.556090
-0.038629 -0.094074 2.553250
-0.039950 0.101981 2.501730
-0.211919 -0.167270 2.521150
-0.377482 -0.068066 2.428040
-0.226330 0.103717 2.508920
-0.209501 0.144335 2.549370
0.159058 -0.148457 2.598750
0.332546 -0.004298 2.596790
0.170791 0.126918 2.601810
0.095731 0.169258 2.635690
-0.132721 -0.441870 2.474640
-0.180223 -0.588181 2.146690
-0.138672 -0.777088 2.031150
-0.077642 -0.821053 2.017480
0.049453 -0.433981 2.509630
0.102916 -0.596659 2.170900
0.082479 -0.785281 2.042880
0.070264 -0.820348 1.984340
-0.040370 -0.359043 2.512150
-0.046401 -0.322422 2.553770
-0.037546 -0.098678 2.552650
-0.040848 0.097089 2.503070
-0.210676 -0.172895 2.518980
-0.361944 -0.071188 2.412690
-0.251239 0.101070 2.413680
-0.226157 0.161069 2.437650
0.160314 -0.154889 2.597120
0.322547 -0.003026 2.584360
0.198686 0.154834 2.556450
0.178369 0.229357 2.560000
-0.132900 -0.443435 2.468940
-0.181245 -0.590172 2.144800
-0.133438 -0.798126 2.018800
-0.091230 -0.844371 1.972430
0.050149 -0.434378 2.507980
0.102895 -0.596557 2.170820
0.082187 -0.785285 2.043020
0.074596 -0.819662 1.981180
-0.040378 -0.361438 2.510560
-0.046630 -0.325376 2.552360
-0.037864 -0.103437 2.553740
-0.041677 0.091138 2.506660
-0.209790 -0.176575 2.517790
-0.349030 -0.063021 2.397790
-0.271867 0.118886 2.362010
-0.253763 0.188894 2.371750
0.160577 -0.158750 2.596270
0.312845 0.011478 2.564420
0.294378 0.190899 2.497190
0.239202 0.247046 2.506810
-0.132810 -0.446265 2.466410
-0.181987 -0.591641 2.143500
-0.133101 -0.800649 2.016620
-0.088556 -0.841414 1.991200
0.050679 -0.436179 2.507000
0.102871 -0.596467 2.170710
0.081861 -0.785293 2.043080
0.078467 -0.818809 1.978440
-0.040254 -0.363617 2.510240
-0.046702 -0.327920 2.552220
-0.038327 -0.106620 2.556230
-0.042602 0.087333 2.511140
-0.209377 -0.177014 2.519850
-0.342391 -0.054566 2.390000
-0.308946 0.151126 2.278760
-0.304965 0.219984 2.255750
0.157265 -0.155123 2.599310
0.310059 0.027762 2.551480
0.350161 0.247491 2.449250
0.353217 0.309587 2.444270
-0.132099 -0.450143 2.468430
-0.182445 -0.592342 2.145830
-0.135128 -0.795101 2.017160
-0.092430 -0.837667 2.000630
0.051145 -0.437811 2.506610
0.103069 -0.594214 2.172100
0.081340 -0.782752 2.044040
0.083419 -0.813367 1.977330
-0.040376 -0.365852 2.511330
-0.047001 -0.330172 2.553310
-0.039274 -0.108383 2.559560
-0.043320 0.084962 2.514650
-0.210181 -0.172368 2.525940
-0.342041 -0.043438 2.385630
-0.352071 0.170545 2.223570
-0.356058 0.231307 2.187740
0.151411 -0.146679 2.604910
0.310186 0.035314 2.545450
0.415484 0.250553 2.438140
0.442122 0.310811 2.423980
-0.131680 -0.453597 2.473760
-0.182695 -0.592624 2.148100
-0.136849 -0.789332 2.018220
-0.095342 -0.834683 2.006790
0.051270 -0.439589 2.507550
0.103234 -0.592100 2.173350
0.080872 -0.780344 2.044830
0.086862 -0.809237 1.976620
-0.040966 -0.368657 2.514180
-0.047637 -0.332380 2.555620
-0.040459 -0.108920 2.562770
-0.043804 0.083660 2.517500
-0.211421 -0.166937 2.532120
-0.350300 -0.035200 2.384690
-0.382666 0.157190 2.226900
-0.389483 0.208936 2.191970
0.146484 -0.139450 2.609400
0.324219 0.023030 2.548880
0.431978 0.235673 2.453800
0.456336 0.297087 2.442990
-0.131909 -0.457689 2.484860
-0.182498 -0.592556 2.150150
-0.137266 -0.785003 2.020340
-0.096653 -0.832905 2.009980
0.050777 -0.441819 2.509770
0.103205 -0.590633 2.174410
0.080558 -0.778697 2.045450
0.089119 -0.806722 1.976240
-0.041759 -0.371508 2.517400
-0.048377 -0.334375 2.558170
-0.041437 -0.108952 2.565310
-0.044171 0.083116 2.519740
-0.212466 -0.162857 2.536530
-0.386550 -0.043313 2.397380
-0.398311 0.139320 2.250880
-0.397455 0.193052 2.217330
0.143373 -0.134962 2.612370
0.346942 -0.014892 2.567750
0.408739 0.162638 2.506110
0.420683 0.231114 2.496510
-0.132434 -0.460657 2.492990
-0.181988 -0.592372 2.151880
-0.135876 -0.781689 2.023890
-0.089812 -0.823047 2.013930
0.049736 -0.444686 2.512770
0.103127 -0.589466 2.175360
0.080454 -0.777228 2.045760
0.090982 -0.804679 1.975800
-0.042458 -0.373733 2.520050
-0.049067 -0.335898 2.560320
-0.042255 -0.108707 2.567180
-0.044294 0.083119 2.521640
-0.213377 -0.160000 2.539440
-0.420023 -0.068822 2.430460
-0.408473 0.111307 2.301640
-0.393362 0.171188 2.269440
0.141762 -0.133042 2.614200
0.360513 -0.055224 2.588320
0.395106 0.137966 2.534450
0.388613 0.209768 2.528860
-0.132873 -0.462516 2.498060
-0.180730 -0.592599 2.152730
-0.135142 -0.780439 2.025180
-0.086433 -0.819381 2.014870
0.048636 -0.447609 2.515880
0.103053 -0.588681 2.176100
0.080402 -0.775905 2.045710
0.092414 -0.803065 1.975190
-0.043781 -0.376471 2.522470
-0.050201 -0.337740 2.562290
-0.042874 -0.108600 2.568320
-0.044271 0.083178 2.523050
-0.214242 -0.158454 2.541090
-0.436425 -0.084324 2.450260
-0.410846 0.086771 2.350250
-0.388721 0.150178 2.316420
0.141251 -0.135383 2.615470
0.366280 -0.075487 2.600310
0.342570 0.118442 2.577740
0.323926 0.189760 2.571690
-0.134119 -0.464510 2.501430
-0.179415 -0.592935 2.153110
-0.133983 -0.779804 2.026290
-0.084243 -0.817723 2.014220
0.045792 -0.453605 2.519890
0.102951 -0.588175 2.176560
0.080532 -0.774767 2.045280
0.093680 -0.801838 1.974370
-0.045727 -0.379960 2.524220
-0.051840 -0.340276 2.563740
-0.043216 -0.108803 2.568890
-0.044059 0.082913 2.524010
-0.215096 -0.157844 2.541970
-0.443752 -0.089891 2.458310
-0.393162 0.072809 2.402350
-0.360121 0.139383 2.387070
0.141933 -0.142756 2.616240
0.366800 -0.089944 2.609250
0.264087 0.115003 2.617480
0.238990 0.173391 2.614880
-0.136527 -0.467012 2.503400
-0.177604 -0.593660 2.152940
-0.132893 -0.779801 2.026880
-0.082831 -0.817756 2.011160
0.042140 -0.460742 2.522740
0.102853 -0.587906 2.176800
0.080731 -0.774168 2.044620
0.094774 -0.801282 1.973450
-0.047121 -0.382795 2.525210
-0.053077 -0.342603 2.564610
-0.043354 -0.109617 2.568900
-0.043511 0.082341 2.524790
-0.216452 -0.158679 2.541890
-0.447799 -0.093177 2.463820
-0.377604 0.070267 2.434580
-0.335234 0.139183 2.436010
0.143767 -0.153083 2.615930
0.366255 -0.098671 2.614240
0.214155 0.116698 2.639050
0.174168 0.161526 2.642540
-0.138673 -0.469369 2.503760
-0.176208 -0.594387 2.152380
-0.132218 -0.779924 2.026780
-0.081872 -0.818278 2.010090
0.040002 -0.465869 2.524370
0.102674 -0.587768 2.176860
0.081000 -0.773860 2.044060
0.095707 -0.801088 1.972720
-0.049496 -0.387487 2.526530
-0.054977 -0.346414 2.565740
-0.043056 -0.111283 2.568530
-0.042636 0.081277 2.525640
-0.217327 -0.161818 2.540670
-0.442863 -0.088203 2.466040
-0.367195 0.079316 2.448190
-0.327660 0.152927 2.447270
0.145591 -0.160806 2.615730
0.362395 -0.099644 2.616750
0.207202 0.123935 2.636870
0.175254 0.169793 2.638410
-0.141470 -0.472347 2.503640
-0.175249 -0.595168 2.151710
-0.131479 -0.780529 2.026640
-0.081029 -0.819278 2.008550
0.034718 -0.475021 2.527850
0.102479 -0.587718 2.176840
0.081407 -0.773743 2.043540
0.096657 -0.801182 1.972120
-0.051108 -0.390744 2.527360
-0.056343 -0.349290 2.566500
-0.042743 -0.112961 2.568290
-0.041716 0.080085 2.526580
-0.217743 -0.164641 2.539620
-0.429509 -0.072568 2.461450
-0.376939 0.126341 2.434760
-0.359288 0.205047 2.425880
0.146775 -0.165590 2.615590
0.353116 -0.075884 2.610910
0.269179 0.137155 2.603130
0.230037 0.194506 2.611190
-0.143456 -0.474471 2.503350
-0.174677 -0.595656 2.151110
-0.130903 -0.781103 2.026680
-0.100646 -0.817550 1.974820
0.032348 -0.479416 2.529100
0.103060 -0.600942 2.167470
0.081100 -0.787192 2.034490
0.096895 -0.808534 1.967580
-0.052069 -0.392523 2.528010
-0.057321 -0.351169 2.567220
-0.042662 -0.114423 2.568970
-0.040804 0.079054 2.527820
-0.217824 -0.166500 2.539160
-0.405650 -0.034514 2.446630
-0.403221 0.175390 2.408540
-0.409530 0.241851 2.390090
0.147655 -0.167687 2.616300
0.348268 -0.042523 2.600840
0.322746 0.151035 2.578300
0.261694 0.205881 2.598520
-0.144689 -0.475572 2.503250
-0.174325 -0.595832 2.150920
-0.130643 -0.781204 2.026760
-0.110575 -0.814795 1.959830
0.031153 -0.481637 2.529910
0.103321 -0.602509 2.166150
0.081295 -0.788914 2.033330
0.097373 -0.809792 1.966870
-0.052632 -0.393416 2.528710
-0.057883 -0.352161 2.568090
-0.042595 -0.115426 2.571190
-0.040030 0.078532 2.530560
-0.217857 -0.166228 2.540150
-0.394430 -0.012384 2.437400
-0.440731 0.211823 2.370840
-0.460836 0.266748 2.350780
0.149189 -0.166489 2.619660
0.339567 0.002690 2.588500
0.388525 0.204597 2.530930
0.390866 0.266707 2.521000
-0.145441 -0.476036 2.503180
-0.174055 -0.595320 2.150860
-0.130643 -0.781038 2.027010
-0.116193 -0.812340 1.952830
0.030613 -0.482388 2.530660
0.103551 -0.602505 2.165600
0.079860 -0.791247 2.035500
0.097632 -0.815493 1.977140
-0.052710 -0.392532 2.530350
-0.058130 -0.351929 2.569900
-0.042693 -0.115257 2.575110
-0.039604 0.079516 2.535500
-0.218035 -0.163371 2.543080
-0.389338 -0.001518 2.432770
-0.476041 0.218693 2.335190
-0.507531 0.266187 2.312580
0.149722 -0.160453 2.625410
0.336797 0.021494 2.583380
0.456513 0.225400 2.492600
0.470971 0.278907 2.482240
-0.145623 -0.474903 2.503480
-0.173906 -0.594246 2.151040
-0.131247 -0.780404 2.027380
-0.120411 -0.810115 1.948670
0.031700 -0.478902 2.531750
0.103497 -0.592515 2.172020
0.079661 -0.789051 2.038510
0.097567 -0.815663 1.978790
-0.052579 -0.391159 2.531940
-0.058229 -0.351240 2.571760
-0.043843 -0.112046 2.582040
-0.039665 0.082078 2.541850
-0.218204 -0.160144 2.546240
-0.390100 -0.000744 2.429860
-0.490873 0.190482 2.323880
-0.522197 0.245249 2.298980
0.148785 -0.152428 2.631430
0.336776 0.029456 2.580190
0.468415 0.179313 2.495210
0.493869 0.244126 2.479240
-0.145432 -0.473275 2.503900
-0.173644 -0.592085 2.152130
-0.132753 -0.778673 2.028150
-0.124055 -0.807056 1.947030
0.033147 -0.474504 2.532410
0.102917 -0.587261 2.176180
0.079528 -0.786463 2.041240
0.097382 -0.814953 1.979960
-0.052341 -0.389680 2.533280
-0.058140 -0.350321 2.573460
-0.044898 -0.108573 2.587890
-0.041312 0.086154 2.549810
-0.219068 -0.157366 2.550250
-0.399572 -0.016067 2.431070
-0.494821 0.172128 2.325870
-0.517705 0.221236 2.308370
0.147573 -0.146506 2.635460
0.345856 -0.015336 2.584790
0.452802 0.129400 2.512290
0.479202 0.195031 2.495480
-0.145115 -0.471668 2.504260
-0.173313 -0.590293 2.153000
-0.134475 -0.777190 2.028710
-0.127025 -0.804695 1.946640
0.034566 -0.470511 2.532700
0.102407 -0.584020 2.179030
0.079446 -0.783800 2.043500
0.096930 -0.813468 1.980670
-0.052089 -0.388405 2.534330
-0.057953 -0.349468 2.574870
-0.045897 -0.105857 2.592110
-0.043529 0.089317 2.556540
-0.220647 -0.156569 2.554310
-0.417837 -0.055727 2.441660
-0.481933 0.141181 2.349200
-0.496379 0.195932 2.334120
0.146284 -0.142858 2.637970
0.350113 -0.055955 2.596190
0.438902 0.144057 2.527090
0.461602 0.207252 2.514980
-0.144751 -0.470409 2.504560
-0.172808 -0.589351 2.153500
-0.136441 -0.776183 2.028480
-0.115355 -0.813599 1.981570
0.035700 -0.467493 2.532810
0.102174 -0.582183 2.180630
0.079697 -0.783138 2.044000
0.096952 -0.813094 1.979740
-0.051986 -0.387773 2.534980
-0.057841 -0.349008 2.575870
-0.046680 -0.104117 2.594910
-0.045862 0.091297 2.561250
-0.223258 -0.158208 2.558640
-0.433713 -0.088563 2.454690
-0.453378 0.098242 2.389440
-0.457211 0.165872 2.376930
0.144999 -0.141618 2.639240
0.352411 -0.088059 2.606000
0.401338 0.125192 2.551410
0.414813 0.197793 2.544280
-0.144601 -0.469867 2.504710
-0.172241 -0.589075 2.153610
-0.138487 -0.775351 2.024280
-0.105081 -0.821526 2.009130
0.036398 -0.465828 2.532690
0.102386 -0.584056 2.179670
0.079989 -0.782663 2.043780
0.096622 -0.812734 1.977380
-0.052022 -0.387893 2.535490
-0.057873 -0.349188 2.576650
-0.047182 -0.103338 2.596490
-0.047582 0.091897 2.564260
-0.226203 -0.162967 2.562060
-0.441003 -0.107907 2.463600
-0.422607 0.067145 2.427210
-0.403718 0.137831 2.422350
0.142199 -0.144532 2.639170
0.352771 -0.102383 2.610630
0.334602 0.118467 2.577270
0.349419 0.193112 2.570950
-0.144560 -0.470347 2.505040
-0.171679 -0.589220 2.153290
-0.139169 -0.775098 2.021420
-0.100444 -0.825129 2.018740
0.036780 -0.465282 2.532470
0.102962 -0.588589 2.176430
0.080082 -0.783041 2.042460
0.095748 -0.813398 1.973810
-0.052091 -0.388666 2.535860
-0.057917 -0.350110 2.577330
-0.048042 -0.104482 2.597540
-0.049967 0.090037 2.566700
-0.230241 -0.171910 2.564800
-0.444147 -0.121534 2.471050
-0.379458 0.042341 2.461940
-0.344415 0.114232 2.467880
0.138241 -0.154583 2.637250
0.352242 -0.112497 2.614410
0.258985 0.117314 2.598770
0.238124 0.172586 2.602490
-0.144571 -0.471853 2.505070
-0.171220 -0.589510 2.153010
-0.139448 -0.775056 2.019570
-0.097638 -0.827278 2.024060
0.037199 -0.465845 2.532000
0.102999 -0.590251 2.175260
0.081157 -0.782689 2.041240
0.096142 -0.812966 1.971330
-0.052088 -0.389722 2.536240
-0.057948 -0.351365 2.577990
-0.049229 -0.108335 2.597610
-0.053150 0.084958 2.568190
-0.233643 -0.181460 2.566300
-0.439110 -0.144353 2.478360
-0.350848 0.018777 2.481810
-0.295159 0.079380 2.502730
0.135680 -0.167373 2.636480
0.351601 -0.119421 2.616780
0.208747 0.088250 2.611820
0.185459 0.137264 2.614010
-0.144521 -0.473731 2.505150
-0.170875 -0.590208 2.152560
-0.139322 -0.775441 2.018230
-0.094973 -0.829492 2.026130
0.037948 -0.467112 2.531870
0.102999 -0.591542 2.174320
0.083539 -0.782722 2.040330
0.097695 -0.812850 1.969680
-0.052308 -0.390832 2.536690
-0.058234 -0.352808 2.578690
-0.050783 -0.114072 2.597250
-0.056117 0.079844 2.568870
-0.235763 -0.187709 2.567060
-0.435852 -0.155416 2.481450
-0.336328 0.007500 2.490110
-0.276274 0.065936 2.512740
0.134222 -0.175090 2.636170
0.349831 -0.124070 2.617910
0.199639 0.077059 2.611820
0.180280 0.125474 2.609870
-0.144771 -0.475362 2.505200
-0.170984 -0.591453 2.151840
-0.138948 -0.776261 2.017100
-0.094271 -0.832904 2.025090
0.038153 -0.468752 2.532220
0.101105 -0.600734 2.168230
0.107297 -0.792364 2.030660
0.073109 -0.809887 2.003450
-0.052553 -0.391825 2.537210
-0.058532 -0.354161 2.579430
-0.051785 -0.118907 2.597190
-0.058252 0.075989 2.569200
-0.237095 -0.192164 2.567590
-0.414343 -0.132067 2.472770
-0.312928 0.034972 2.483450
-0.256456 0.095310 2.502830
0.133388 -0.179790 2.636120
0.337456 -0.113241 2.611730
0.207346 0.073820 2.599150
0.150430 0.116335 2.616650
-0.145049 -0.476706 2.505240
-0.171335 -0.592386 2.151450
-0.138765 -0.776870 2.016570
-0.110670 -0.821242 1.979250
0.038226 -0.470383 2.533010
0.100156 -0.604371 2.165820
0.116135 -0.794449 2.027080
0.063869 -0.815811 2.018980
-0.053164 -0.393065 2.538120
-0.059240 -0.355800 2.580580
-0.052690 -0.122757 2.597690
-0.059948 0.073017 2.569380
-0.237889 -0.195053 2.567950
-0.400403 -0.109654 2.463710
-0.301601 0.057145 2.461150
-0.259401 0.121808 2.470270
0.132719 -0.182536 2.636260
0.320106 -0.083311 2.598640
0.229746 0.093097 2.566790
0.181842 0.133546 2.578420
-0.145681 -0.477929 2.505530
-0.171739 -0.593260 2.151130
-0.138577 -0.777466 2.016230
-0.120844 -0.813738 1.951180
0.037893 -0.472071 2.534090
0.099780 -0.605922 2.164720
0.120850 -0.794647 2.025440
0.063928 -0.823467 2.025370
-0.054316 -0.394061 2.540350
-0.060369 -0.357144 2.582930
-0.053366 -0.125520 2.598820
-0.060982 0.070903 2.570040
-0.238389 -0.196874 2.568310
-0.387924 -0.081422 2.454180
-0.310403 0.090722 2.421010
-0.272740 0.155244 2.427850
0.132191 -0.183398 2.637020
0.303467 -0.045956 2.587050
0.249541 0.139880 2.532620
0.232925 0.212630 2.520770
-0.146846 -0.478802 2.506750
-0.172306 -0.594037 2.150640
-0.138016 -0.778656 2.016660
-0.124076 -0.811642 1.941970
0.036808 -0.473326 2.536690
0.099475 -0.607276 2.163770
0.123718 -0.795290 2.024220
0.065760 -0.830621 2.027830
-0.055139 -0.394604 2.542560
-0.061257 -0.358049 2.585260
-0.054565 -0.127161 2.601230
-0.061653 0.069532 2.570600
-0.238141 -0.196251 2.569430
-0.380478 -0.063019 2.449510
-0.325786 0.128636 2.384150
-0.302443 0.197542 2.372890
0.132078 -0.179531 2.640200
0.288843 0.010737 2.571820
0.279612 0.200178 2.500490
0.265145 0.271213 2.484050
-0.147482 -0.479255 2.508180
-0.172610 -0.594364 2.150390
-0.137624 -0.779268 2.017150
-0.126190 -0.810113 1.936020
0.036251 -0.473812 2.538780
0.099336 -0.607552 2.163420
0.124788 -0.793973 2.024130
0.103355 -0.822464 1.989150
-0.055717 -0.394000 2.545470
-0.061979 -0.357852 2.588090
-0.056024 -0.127547 2.603830
-0.062166 0.068841 2.571310
-0.237952 -0.189523 2.572520
-0.374965 -0.038203 2.444170
-0.337159 0.152093 2.364620
-0.329004 0.227285 2.336280
0.131594 -0.170525 2.644550
0.282846 0.034992 2.565490
0.294130 0.228715 2.487230
0.291173 0.310216 2.466890
-0.147741 -0.478789 2.510430
-0.172996 -0.594273 2.150100
-0.137372 -0.779484 2.017790
-0.127647 -0.808377 1.933180
0.036161 -0.472857 2.541700
0.099379 -0.608181 2.162990
0.125279 -0.793775 2.023530
0.127094 -0.820784 1.959690
-0.056075 -0.393477 2.547490
-0.062470 -0.357511 2.590120
-0.057865 -0.126334 2.605780
-0.062584 0.069074 2.572260
-0.237653 -0.183056 2.575160
-0.372504 -0.027361 2.441870
-0.341832 0.165158 2.356810
-0.337153 0.240669 2.325440
0.130341 -0.163786 2.646790
0.279248 0.046840 2.562200
0.294970 0.232117 2.491800
0.288657 0.305721 2.482310
-0.147779 -0.478273 2.512320
-0.173431 -0.593907 2.149990
-0.137039 -0.779316 2.018510
-0.110631 -0.817891 1.972970
0.036201 -0.471906 2.543420
0.099817 -0.609075 2.162260
0.122493 -0.795591 2.024230
0.145526 -0.815951 1.955930
-0.056390 -0.392669 2.548870
-0.062960 -0.356651 2.591520
-0.059943 -0.123615 2.606680
-0.062655 0.070340 2.573470
-0.237027 -0.177090 2.576180
-0.371598 -0.021038 2.440910
-0.343737 0.170279 2.370490
-0.324381 0.235882 2.376500
0.129555 -0.157959 2.647590
0.278685 0.052534 2.561230
0.259570 0.221161 2.521460
0.243447 0.293190 2.521260
-0.147754 -0.477477 2.513840
-0.173716 -0.593545 2.149940
-0.136121 -0.779004 2.019700
-0.109931 -0.816127 1.974290
0.036207 -0.470466 2.544580
0.101030 -0.603753 2.165430
0.116822 -0.788564 2.029550
0.147386 -0.811340 1.952910
-0.056617 -0.391866 2.549350
-0.063445 -0.355610 2.591970
-0.063176 -0.119020 2.606050
-0.062916 0.072209 2.574090
-0.236433 -0.173081 2.576150
-0.373849 -0.019304 2.442160
-0.335710 0.160399 2.408760
-0.306887 0.218268 2.426770
0.129181 -0.153780 2.647600
0.288223 0.009855 2.577170
0.243724 0.183227 2.544290
0.229095 0.255335 2.543210
-0.147618 -0.476806 2.514540
-0.173945 -0.593186 2.149890
-0.135535 -0.778740 2.020500
-0.099437 -0.821578 1.995020
0.036468 -0.468648 2.544220
0.101637 -0.599577 2.167610
0.113149 -0.783743 2.032600
0.144575 -0.806961 1.952640
-0.056606 -0.390565 2.548840
-0.063678 -0.354070 2.591400
-0.064907 -0.115406 2.604490
-0.065242 0.075600 2.573710
-0.236135 -0.170769 2.575660
-0.382456 -0.027825 2.448080
-0.322875 0.137201 2.451600
-0.284862 0.195080 2.476200
0.129227 -0.150652 2.647050
0.293551 -0.014368 2.586240
0.213414 0.150660 2.577270
0.198333 0.228481 2.574620
-0.147320 -0.475890 2.514470
-0.174096 -0.592865 2.149870
-0.135424 -0.778592 2.020950
-0.093899 -0.822495 2.004830
0.037032 -0.466690 2.542880
0.102034 -0.596378 2.169300
0.110048 -0.780448 2.035110
0.138029 -0.803877 1.955270
-0.056415 -0.388451 2.546940
-0.063669 -0.351830 2.589480
-0.065765 -0.112680 2.601760
-0.066956 0.078696 2.573260
-0.236039 -0.169470 2.574300
-0.388366 -0.035029 2.452510
-0.312154 0.118788 2.481020
-0.265261 0.171305 2.515220
0.129511 -0.149053 2.644770
0.296545 -0.025524 2.590590
0.199154 0.134984 2.591690
0.164121 0.184514 2.597310
-0.146839 -0.474028 2.512800
-0.174165 -0.592617 2.149770
-0.135629 -0.778492 2.021180
-0.090510 -0.822404 2.010260
0.037646 -0.464632 2.540900
0.102300 -0.594078 2.170510
0.106979 -0.778117 2.037080
0.129453 -0.802230 1.958900
-0.056055 -0.386523 2.544790
-0.063490 -0.349859 2.587300
-0.065863 -0.111181 2.598830
-0.068455 0.080956 2.572650
-0.236050 -0.170041 2.570910
-0.392030 -0.039928 2.455320
-0.308426 0.112611 2.492020
-0.258166 0.163161 2.529780
0.129853 -0.148252 2.642350
0.298134 -0.022128 2.593290
0.192876 0.137516 2.596730
0.180168 0.198832 2.594300
-0.146178 -0.472285 2.510170
-0.174202 -0.592624 2.149420
-0.136216 -0.778918 2.021040
-0.087634 -0.821864 2.013790
0.038264 -0.462919 2.539070
0.102419 -0.592436 2.171380
0.103491 -0.776745 2.039300
0.120909 -0.802252 1.963490
-0.055576 -0.385274 2.542760
-0.063183 -0.348553 2.585210
-0.065685 -0.110325 2.596120
-0.069420 0.082105 2.572060
-0.236041 -0.171560 2.567190
-0.393544 -0.041131 2.456450
-0.307913 0.113348 2.493010
-0.258654 0.165776 2.524980
0.130202 -0.147929 2.640210
0.298783 -0.012110 2.592930
0.218555 0.165588 2.572380
0.189008 0.203281 2.587550
-0.145279 -0.471612 2.507210
-0.174143 -0.592830 2.149100
-0.136872 -0.779586 2.020750
-0.085419 -0.821297 2.016380
0.038862 -0.461734 2.537610
0.102683 -0.604039 2.160230
0.092651 -0.795260 2.032250
0.130039 -0.785416 1.997800
-0.055204 -0.384453 2.541340
-0.062923 -0.347660 2.583700
-0.065463 -0.109826 2.594070
-0.069964 0.082852 2.571550
-0.236121 -0.172856 2.564440
-0.394852 -0.040359 2.456200
-0.330039 0.137127 2.446470
-0.302406 0.207615 2.441310
0.130309 -0.147370 2.638540
0.297776 0.015460 2.586060
0.279815 0.202278 2.548300
0.257900 0.244761 2.558670
-0.144589 -0.471330 2.505480
-0.174160 -0.592981 2.148840
-0.136722 -0.780717 2.021540
-0.081591 -0.819792 2.019760
0.039289 -0.460914 2.536620
0.102688 -0.605029 2.158700
0.089871 -0.797393 2.031870
0.132486 -0.795938 2.006650
-0.055078 -0.383848 2.540610
-0.062835 -0.346982 2.582900
-0.065359 -0.109368 2.592930
-0.070362 0.083403 2.571070
-0.236295 -0.173132 2.562960
-0.395338 -0.037095 2.453270
-0.357883 0.164008 2.391190
-0.339267 0.233530 2.375600
0.129691 -0.145053 2.636450
0.295360 0.038254 2.577960
0.350949 0.257087 2.512320
0.354280 0.304798 2.513840
-0.144326 -0.470975 2.504820
-0.174177 -0.593012 2.148750
-0.135231 -0.781941 2.023820
-0.080162 -0.820320 2.019730
0.039408 -0.460276 2.536030
0.102773 -0.606400 2.157400
0.087897 -0.799468 2.031240
0.137805 -0.798062 2.011940
-0.054993 -0.383405 2.540080
-0.062772 -0.346483 2.582320
-0.065458 -0.108874 2.592140
-0.070633 0.083868 2.570700
-0.236426 -0.172776 2.561780
-0.392946 -0.018174 2.436520
-0.390017 0.197742 2.326340
-0.387377 0.266635 2.299030
0.127360 -0.140508 2.633420
0.293421 0.050515 2.571220
0.411881 0.274993 2.484380
0.444536 0.321363 2.478130
-0.144073 -0.470653 2.504460
-0.174190 -0.593047 2.148700
-0.135034 -0.782275 2.024240
-0.080361 -0.821319 2.019130
0.039431 -0.459738 2.535560
0.102242 -0.604913 2.158750
0.087064 -0.797917 2.032320
0.131785 -0.812372 2.012490
-0.054974 -0.382980 2.539680
-0.062774 -0.345942 2.581880
-0.065802 -0.107908 2.591500
-0.070834 0.084364 2.570420
-0.236480 -0.171551 2.560830
-0.392957 -0.010342 2.428150
-0.415623 0.207043 2.282690
-0.430952 0.261981 2.248260
0.124467 -0.135180 2.630270
0.293060 0.056755 2.567040
0.434737 0.245443 2.481640
0.474050 0.283580 2.474220
-0.143872 -0.470075 2.504540
-0.174159 -0.593063 2.148730
-0.134887 -0.782504 2.024560
-0.081247 -0.822335 2.018120
0.039220 -0.458865 2.535110
0.101295 -0.599128 2.163640
0.087818 -0.791302 2.036400
0.116233 -0.811549 1.994680
-0.054982 -0.382637 2.539380
-0.062820 -0.345419 2.581540
-0.066574 -0.105193 2.590800
-0.070995 0.085745 2.570350
-0.236573 -0.169811 2.560050
-0.395571 -0.008363 2.422710
-0.424325 0.201052 2.274350
-0.440205 0.247309 2.248100
0.122320 -0.131291 2.628010
0.299206 0.053013 2.561450
0.442528 0.230029 2.481440
0.478201 0.268471 2.474970
-0.143724 -0.469536 2.504780
-0.174100 -0.593040 2.148840
-0.134991 -0.782356 2.024490
-0.083046 -0.822872 2.016210
0.038945 -0.458076 2.534770
0.100400 -0.594980 2.167130
0.088593 -0.786650 2.039490
0.108853 -0.811097 1.986080
-0.055004 -0.382360 2.539150
-0.062905 -0.344899 2.581260
-0.067344 -0.102385 2.589730
-0.070889 0.087591 2.570270
-0.236713 -0.167587 2.559140
-0.408251 -0.023468 2.420220
-0.432144 0.161731 2.294660
-0.440255 0.222082 2.265250
0.120862 -0.128672 2.626520
0.308676 0.042170 2.558440
0.445497 0.218421 2.483790
0.475784 0.259742 2.480130
-0.143604 -0.469058 2.505120
-0.174021 -0.593007 2.148950
-0.135034 -0.782324 2.024560
-0.085940 -0.823542 2.012200
0.038673 -0.457400 2.534510
0.099853 -0.591873 2.169890
0.089470 -0.782850 2.041520
0.104864 -0.810260 1.980620
-0.055134 -0.382166 2.538830
-0.063126 -0.344436 2.580820
-0.068074 -0.100018 2.588120
-0.070583 0.089193 2.569810
-0.237106 -0.165826 2.557850
-0.425352 -0.050538 2.429770
-0.434039 0.135559 2.312090
-0.429573 0.200907 2.292560
0.119893 -0.127133 2.625300
0.318714 -0.007270 2.567700
0.420385 0.194689 2.500820
0.450192 0.247630 2.491470
-0.143566 -0.468810 2.505210
-0.173913 -0.593014 2.149040
-0.135071 -0.782296 2.024530
-0.088461 -0.824311 2.008380
0.038304 -0.456958 2.534200
0.099552 -0.590114 2.171420
0.089797 -0.780676 2.042590
0.102165 -0.809782 1.976730
