-0.041931 -0.431793 2.252260
-0.044633 -0.360706 2.257510
-0.044254 -0.004232 2.248700
-0.024325 0.214078 2.258900
-0.202418 -0.113804 2.221200
-0.260828 -0.354522 2.179560
-0.250004 -0.469877 2.006680
-0.247583 -0.512412 1.960100
0.115419 -0.118462 2.306370
0.140644 -0.350626 2.246620
0.197569 -0.467978 2.083960
0.164537 -0.481762 2.029860
-0.134201 -0.502033 2.223080
-0.168731 -0.528571 1.872770
-0.168445 -0.816955 1.921540
-0.145334 -0.857257 1.838270
0.051651 -0.511010 2.278390
0.135357 -0.529486 1.935970
0.139376 -0.829313 1.954670
0.162379 -0.869601 1.871410
-0.041953 -0.431833 2.252260
-0.044669 -0.360756 2.257530
-0.044425 -0.004333 2.248720
-0.024535 0.214114 2.258910
-0.202529 -0.113830 2.221310
-0.260824 -0.354542 2.179580
-0.249810 -0.469771 2.006610
-0.247551 -0.512398 1.960080
0.115334 -0.118537 2.306290
0.140617 -0.350632 2.246590
0.197338 -0.467814 2.083760
0.164565 -0.481703 2.029800
-0.134240 -0.502058 2.223100
-0.168728 -0.528592 1.872780
-0.168386 -0.816970 1.921580
-0.145316 -0.857267 1.838290
0.051632 -0.511064 2.278340
0.135321 -0.529494 1.935930
0.139377 -0.829331 1.954580
0.162346 -0.869621 1.871310
-0.041976 -0.431869 2.252250
-0.044708 -0.360802 2.257560
-0.044602 -0.004431 2.248750
-0.024728 0.214150 2.258930
-0.202643 -0.113854 2.221420
-0.260821 -0.354563 2.179610
-0.249647 -0.469684 2.006560
-0.247521 -0.512385 1.960060
0.115259 -0.118596 2.306210
0.140585 -0.350632 2.246550
0.197187 -0.467688 2.083630
0.164598 -0.481656 2.029760
-0.134282 -0.502081 2.223110
-0.168725 -0.528606 1.872790
-0.168317 -0.816978 1.921620
-0.145293 -0.857272 1.838320
0.051613 -0.511113 2.278300
0.135286 -0.529502 1.935900
0.139377 -0.829351 1.954500
0.162311 -0.869641 1.871220
-0.041999 -0.431901 2.252250
-0.044749 -0.360845 2.257590
-0.044787 -0.004528 2.248780
-0.024924 0.214187 2.258960
-0.202754 -0.113878 2.221530
-0.260819 -0.354586 2.179630
-0.249627 -0.469650 2.006530
-0.247559 -0.512396 1.960050
0.115185 -0.118643 2.306140
0.140551 -0.350631 2.246520
0.201168 -0.467800 2.085740
0.179821 -0.484568 2.034520
-0.134323 -0.502102 2.223120
-0.168722 -0.528617 1.872790
-0.168276 -0.816988 1.921650
-0.145284 -0.857277 1.838330
0.051595 -0.511153 2.278260
0.135250 -0.529508 1.935880
0.139385 -0.829371 1.954420
0.162288 -0.869661 1.871130
-0.042024 -0.431933 2.252240
-0.044792 -0.360887 2.257620
-0.044964 -0.004620 2.248810
-0.025120 0.214210 2.258990
-0.202860 -0.113903 2.221630
-0.260819 -0.354611 2.179660
-0.245957 -0.468165 2.005880
-0.245824 -0.511718 1.959710
0.115117 -0.118677 2.306080
0.140516 -0.350629 2.246480
0.202960 -0.467803 2.086610
0.184295 -0.485648 2.035380
-0.134364 -0.502123 2.223130
-0.168721 -0.528624 1.872800
-0.168244 -0.816994 1.921660
-0.145278 -0.857280 1.838340
0.051576 -0.511191 2.278220
0.135219 -0.529510 1.935850
0.139395 -0.829387 1.954340
0.162268 -0.869676 1.871030
-0.042049 -0.431962 2.252230
-0.044834 -0.360926 2.257650
-0.045128 -0.004703 2.248840
-0.025307 0.214227 2.259020
-0.202957 -0.113928 2.221720
-0.260820 -0.354637 2.179680
-0.243400 -0.467131 2.005410
-0.244363 -0.511147 1.959410
0.115053 -0.118706 2.306030
0.140476 -0.350626 2.246450
0.204264 -0.467671 2.087130
0.187371 -0.486452 2.035660
-0.134404 -0.502143 2.223130
-0.168717 -0.528642 1.872800
-0.168212 -0.817009 1.921680
-0.145271 -0.857289 1.838350
0.051557 -0.511225 2.278190
0.135173 -0.529557 1.935820
0.139408 -0.829437 1.954280
0.162251 -0.869724 1.870960
-0.042073 -0.431991 2.252230
-0.044876 -0.360964 2.257670
-0.045279 -0.004775 2.248860
-0.025476 0.214246 2.259040
-0.203046 -0.113949 2.221810
-0.260822 -0.354665 2.179700
-0.242619 -0.466816 2.005250
-0.243870 -0.510962 1.959290
0.114994 -0.118728 2.305990
0.140438 -0.350622 2.246410
0.204635 -0.467547 2.087220
0.189091 -0.487025 2.035540
-0.134443 -0.502161 2.223140
-0.168715 -0.528655 1.872810
-0.168187 -0.817021 1.921690
-0.145268 -0.857295 1.838350
0.051540 -0.511256 2.278150
0.135132 -0.529596 1.935790
0.139421 -0.829482 1.954210
0.162237 -0.869768 1.870890
-0.042098 -0.432019 2.252220
-0.044918 -0.361001 2.257700
-0.045418 -0.004838 2.248890
-0.025630 0.214258 2.259070
-0.203126 -0.113969 2.221890
-0.260826 -0.354692 2.179720
-0.242280 -0.466682 2.005170
-0.243582 -0.510852 1.959230
0.114940 -0.118756 2.305950
0.140400 -0.350620 2.246380
0.204908 -0.467473 2.087290
0.190354 -0.487536 2.035330
-0.134481 -0.502180 2.223150
-0.168708 -0.528684 1.872810
-0.168158 -0.817044 1.921710
-0.145262 -0.857311 1.838360
0.051523 -0.511286 2.278120
0.135096 -0.529622 1.935770
0.139435 -0.829521 1.954150
0.162224 -0.869805 1.870820
-0.042121 -0.432045 2.252220
-0.044959 -0.361036 2.257730
-0.045540 -0.004897 2.248910
-0.025764 0.214260 2.259090
-0.203200 -0.113985 2.221970
-0.260831 -0.354715 2.179740
-0.242275 -0.466688 2.005150
-0.243398 -0.510786 1.959180
0.114905 -0.118779 2.305920
0.140358 -0.350618 2.246340
0.204775 -0.467319 2.087100
0.191087 -0.487960 2.034850
-0.134521 -0.502198 2.223160
-0.168704 -0.528706 1.872820
-0.168137 -0.817061 1.921730
-0.145260 -0.857321 1.838370
0.051507 -0.511315 2.278100
0.135062 -0.529641 1.935750
0.139444 -0.829550 1.954090
0.162211 -0.869833 1.870750
-0.042144 -0.432068 2.252210
-0.044997 -0.361068 2.257760
-0.045644 -0.004946 2.248930
-0.025880 0.214261 2.259120
-0.203266 -0.113998 2.222040
-0.260838 -0.354737 2.179760
-0.242188 -0.466635 2.005110
-0.243239 -0.510724 1.959140
0.114871 -0.118802 2.305890
0.140314 -0.350615 2.246300
0.204717 -0.467244 2.087000
0.191608 -0.488338 2.034430
-0.134558 -0.502213 2.223160
-0.168700 -0.528721 1.872830
-0.168122 -0.817073 1.921730
-0.145260 -0.857331 1.838380
0.051493 -0.511339 2.278070
0.135033 -0.529654 1.935730
0.139453 -0.829576 1.954030
0.162195 -0.869858 1.870680
-0.042166 -0.432092 2.252210
-0.045034 -0.361099 2.257790
-0.045735 -0.004991 2.248950
-0.025980 0.214246 2.259140
-0.203327 -0.114009 2.222110
-0.260848 -0.354762 2.179780
-0.242425 -0.466719 2.005120
-0.243162 -0.510694 1.959110
0.114836 -0.118823 2.305860
0.140287 -0.350624 2.246270
0.204045 -0.467139 2.086540
0.191569 -0.488705 2.033660
-0.134594 -0.502228 2.223170
-0.168698 -0.528729 1.872830
-0.168110 -0.817081 1.921740
-0.145260 -0.857335 1.838380
0.051479 -0.511362 2.278050
0.135006 -0.529664 1.935710
0.139464 -0.829601 1.953970
0.162183 -0.869881 1.870620
-0.042189 -0.432115 2.252200
-0.045072 -0.361129 2.257810
-0.045812 -0.005029 2.248970
-0.026069 0.214225 2.259160
-0.203383 -0.114019 2.222170
-0.260859 -0.354791 2.179800
-0.243338 -0.467085 2.005240
-0.243311 -0.510759 1.959110
0.114803 -0.118845 2.305830
0.140264 -0.350633 2.246240
0.202419 -0.466952 2.085600
0.190807 -0.489023 2.032510
-0.134635 -0.502244 2.223180
-0.168696 -0.528733 1.872830
-0.168099 -0.817087 1.921740
-0.145260 -0.857339 1.838380
0.051463 -0.511386 2.278020
0.134981 -0.529671 1.935700
0.139471 -0.829623 1.953900
0.162166 -0.869902 1.870540
-0.042213 -0.432138 2.252200
-0.045109 -0.361159 2.257840
-0.045865 -0.005066 2.248990
-0.026140 0.214199 2.259170
-0.203433 -0.114029 2.222220
-0.260874 -0.354828 2.179820
-0.243958 -0.467348 2.005310
-0.243404 -0.510805 1.959100
0.114774 -0.118868 2.305810
0.140244 -0.350643 2.246220
0.200699 -0.466799 2.084660
0.189784 -0.489298 2.031320
-0.134681 -0.502260 2.223180
-0.168691 -0.528744 1.872840
-0.168090 -0.817096 1.921750
-0.145263 -0.857346 1.838380
0.051444 -0.511411 2.278000
0.134960 -0.529673 1.935690
0.139480 -0.829640 1.953840
0.162152 -0.869918 1.870470
-0.042236 -0.432159 2.252200
-0.045144 -0.361187 2.257870
-0.045902 -0.005098 2.249010
-0.026197 0.214177 2.259180
-0.203479 -0.114038 2.222270
-0.260888 -0.354863 2.179840
-0.245234 -0.467866 2.005480
-0.243794 -0.510969 1.959120
0.114752 -0.118886 2.305790
0.140225 -0.350654 2.246190
0.199748 -0.466781 2.084160
0.189100 -0.489569 2.030500
-0.134727 -0.502274 2.223190
-0.168688 -0.528749 1.872840
-0.168084 -0.817101 1.921750
-0.145265 -0.857350 1.838380
0.051426 -0.511435 2.277970
0.134939 -0.529674 1.935670
0.139489 -0.829655 1.953770
0.162139 -0.869931 1.870400
-0.042258 -0.432179 2.252190
-0.045178 -0.361214 2.257900
-0.045930 -0.005127 2.249020
-0.026246 0.214149 2.259180
-0.203522 -0.114046 2.222320
-0.260908 -0.354897 2.179860
-0.246380 -0.468339 2.005650
-0.244211 -0.511147 1.959160
0.114733 -0.118901 2.305770
0.140212 -0.350664 2.246170
0.199156 -0.466775 2.083830
0.188602 -0.489787 2.029860
-0.134773 -0.502290 2.223200
-0.168685 -0.528752 1.872850
-0.168080 -0.817105 1.921750
-0.145272 -0.857354 1.838390
0.051409 -0.511458 2.277950
0.134921 -0.529674 1.935660
0.139495 -0.829671 1.953700
0.162123 -0.869945 1.870320
-0.042281 -0.432201 2.252190
-0.045211 -0.361241 2.257930
-0.045950 -0.005150 2.249040
-0.026285 0.214131 2.259190
-0.203551 -0.114052 2.222350
-0.260924 -0.354859 2.179850
-0.247627 -0.468898 2.005990
-0.244760 -0.511401 1.959300
0.114671 -0.118916 2.305680
0.140229 -0.350670 2.246160
0.198773 -0.466702 2.083580
0.188248 -0.489875 2.029340
-0.134817 -0.502304 2.223220
-0.168683 -0.528749 1.872850
-0.168077 -0.817107 1.921750
-0.145282 -0.857354 1.838380
0.051388 -0.511480 2.277930
0.134903 -0.529670 1.935650
0.139500 -0.829684 1.953620
0.162100 -0.869957 1.870230
-0.042301 -0.432215 2.252190
-0.045243 -0.361259 2.257970
-0.045968 -0.005159 2.249060
-0.026317 0.214126 2.259200
-0.203573 -0.113982 2.222410
-0.264032 -0.350552 2.179070
-0.225763 -0.435579 1.997540
-0.211434 -0.467341 1.944170
0.114612 -0.118921 2.305600
0.151433 -0.345130 2.246420
0.199198 -0.466197 2.083480
0.198352 -0.487936 2.027870
-0.134860 -0.502308 2.223230
-0.168722 -0.528599 1.872880
-0.168069 -0.817056 1.921690
-0.145306 -0.857297 1.838310
0.051367 -0.511493 2.277900
0.134867 -0.529688 1.935630
0.139515 -0.829713 1.953570
0.162090 -0.869984 1.870170
-0.042573 -0.432085 2.252220
-0.045455 -0.361160 2.258070
-0.045989 -0.005141 2.249100
-0.026357 0.214149 2.259260
-0.203681 -0.113596 2.222590
-0.305288 -0.311836 2.170310
-0.209344 -0.381416 2.005110
-0.171263 -0.385720 1.956750
0.114633 -0.118910 2.305580
0.178338 -0.323290 2.241870
0.159522 -0.387929 2.051920
0.132547 -0.393135 1.995340
-0.135577 -0.501879 2.223240
-0.168039 -0.539590 1.874350
-0.171062 -0.824091 1.924810
-0.148598 -0.864404 1.841430
0.051197 -0.511507 2.277900
0.133370 -0.540015 1.936760
0.139236 -0.835868 1.956560
0.161605 -0.876128 1.873140
-0.044858 -0.430483 2.253020
-0.047098 -0.359953 2.258840
-0.046087 -0.005011 2.249230
-0.026405 0.214191 2.259330
-0.205163 -0.112389 2.223700
-0.369142 -0.253077 2.161700
-0.214156 -0.290282 2.024000
-0.158193 -0.289183 1.982470
0.116045 -0.118578 2.306490
0.235634 -0.290500 2.221750
0.132733 -0.311125 2.041410
0.092621 -0.309433 1.995070
-0.141984 -0.499219 2.224920
-0.167462 -0.552148 1.878440
-0.175413 -0.835181 1.929140
-0.153471 -0.875759 1.845790
0.050581 -0.511438 2.278090
0.131245 -0.553825 1.939590
0.138709 -0.846452 1.961200
0.160683 -0.886881 1.877780
-0.047923 -0.427157 2.254610
-0.049499 -0.357252 2.260480
-0.046515 -0.004396 2.250050
-0.026518 0.214295 2.259450
-0.211132 -0.107423 2.229690
-0.423298 -0.162843 2.141260
-0.230559 -0.132824 2.035800
-0.165746 -0.131549 2.002290
0.118972 -0.116622 2.309090
0.308807 -0.222479 2.216310
0.145425 -0.201304 2.052860
0.093381 -0.192643 2.009520
-0.147145 -0.496590 2.226430
-0.167224 -0.560394 1.881500
-0.179027 -0.844519 1.932610
-0.157949 -0.885291 1.849170
0.049560 -0.510894 2.278720
0.129742 -0.562151 1.942270
0.138480 -0.855874 1.963530
0.159719 -0.896357 1.879980
-0.053813 -0.407663 2.267290
-0.054625 -0.341585 2.271620
-0.048552 -0.000774 2.255440
-0.027009 0.214802 2.259900
-0.226192 -0.090562 2.240990
-0.457263 -0.052203 2.120420
-0.256838 0.032992 2.033470
-0.190301 0.031532 2.004360
0.126000 -0.106117 2.317100
0.360351 -0.137123 2.212130
0.203217 -0.051632 2.051720
0.170672 -0.013994 2.015420
-0.155131 -0.486157 2.236300
-0.167072 -0.565489 1.884270
-0.184442 -0.856166 1.931210
-0.164461 -0.897378 1.847520
0.047999 -0.501246 2.286810
0.126512 -0.568572 1.950790
0.140425 -0.868027 1.960720
0.160761 -0.908651 1.877030
-0.059017 -0.375497 2.283230
-0.059471 -0.315468 2.287250
-0.051615 0.004914 2.267790
-0.028160 0.216034 2.261230
-0.245660 -0.055718 2.257070
-0.478199 0.023350 2.149080
-0.308511 0.184799 2.019520
-0.244206 0.209219 2.002750
0.137686 -0.073039 2.332550
0.385971 -0.029123 2.224580
0.273849 0.105711 2.034350
0.226543 0.145648 2.002580
-0.163484 -0.462824 2.249750
-0.167882 -0.566269 1.888780
-0.188746 -0.863909 1.925820
-0.169834 -0.905226 1.841670
0.046274 -0.478093 2.301220
0.122483 -0.571423 1.963930
0.146099 -0.881050 1.949690
0.165139 -0.921529 1.865860
-0.061653 -0.357084 2.291250
-0.062517 -0.297827 2.297300
-0.056996 0.014420 2.286410
-0.030728 0.219806 2.265540
-0.254022 -0.025870 2.272460
-0.463423 0.144466 2.139790
-0.339423 0.305700 1.975210
-0.311168 0.353956 1.947570
0.142873 -0.045359 2.343330
0.375095 0.085761 2.229530
0.362134 0.223546 2.047760
0.346681 0.261961 1.987790
-0.167745 -0.444942 2.257830
-0.168583 -0.565909 1.892360
-0.191725 -0.869660 1.919900
-0.173825 -0.910739 1.835220
0.044930 -0.458160 2.310020
0.119356 -0.568626 1.974490
0.151163 -0.887246 1.939710
0.169059 -0.927401 1.855530
-0.063844 -0.331527 2.299960
-0.065244 -0.274789 2.308360
-0.061367 0.023011 2.300420
-0.036419 0.226579 2.275080
-0.254803 0.026615 2.289470
-0.409240 0.237238 2.131380
-0.378723 0.388434 1.965010
-0.377213 0.432007 1.901900
0.138402 0.002017 2.348010
0.342623 0.187886 2.207440
0.420153 0.340920 2.054590
0.436603 0.376694 2.004530
-0.168756 -0.409625 2.271070
-0.168952 -0.566341 1.895270
-0.196207 -0.877157 1.896660
-0.180651 -0.917626 1.810750
0.042059 -0.425586 2.317750
0.116308 -0.560503 1.985100
0.156274 -0.888651 1.925330
0.172438 -0.928420 1.840450
-0.066372 -0.311916 2.303850
-0.067811 -0.256078 2.314460
-0.063706 0.032303 2.309630
-0.043219 0.235382 2.286420
-0.247430 0.070295 2.295030
-0.358459 0.299161 2.122890
-0.408140 0.467291 1.963920
-0.440357 0.499824 1.919460
0.128677 0.044479 2.343330
0.297358 0.245201 2.198420
0.405859 0.401721 2.104830
0.435521 0.445958 2.068470
-0.170817 -0.379135 2.278160
-0.168878 -0.567062 1.897740
-0.201788 -0.880432 1.869640
-0.188172 -0.920168 1.782940
0.036770 -0.401080 2.318920
0.112708 -0.549035 1.994080
0.160668 -0.886686 1.914100
0.175446 -0.926071 1.828670
-0.067997 -0.301086 2.305700
-0.069340 -0.246059 2.317730
-0.064789 0.037732 2.314820
-0.048300 0.243163 2.296170
-0.245464 0.086365 2.298180
-0.338467 0.318049 2.143380
-0.392849 0.504874 1.977670
-0.420584 0.548456 1.939550
0.124464 0.061175 2.342680
0.270790 0.249699 2.232840
0.367145 0.458704 2.138540
0.369430 0.514272 2.117760
-0.171874 -0.366757 2.281190
-0.168773 -0.567679 1.899480
-0.205291 -0.881987 1.854270
-0.192595 -0.921287 1.767390
0.032010 -0.385154 2.318460
0.110426 -0.542244 1.999800
0.164232 -0.883992 1.904090
0.178050 -0.923054 1.818250
-0.068972 -0.293832 2.306560
-0.070196 -0.239440 2.319680
-0.064239 0.041974 2.317530
-0.051025 0.247931 2.302310
-0.244249 0.095213 2.300510
-0.349687 0.315258 2.173220
-0.321934 0.516580 2.031870
-0.295922 0.559120 2.007120
0.122073 0.070747 2.343630
0.260351 0.245946 2.262920
0.240250 0.464840 2.213510
0.214965 0.515637 2.195960
-0.172607 -0.358992 2.283130
-0.168621 -0.568213 1.900950
-0.207857 -0.882896 1.845000
-0.195570 -0.921991 1.758180
0.029493 -0.376407 2.318250
0.109081 -0.538452 2.002880
0.166079 -0.881850 1.897380
0.179374 -0.920753 1.811340
-0.069848 -0.288981 2.306130
-0.071293 -0.234786 2.320460
-0.080732 0.053991 2.317630
-0.052732 0.250760 2.306370
-0.242387 0.087143 2.303250
-0.357580 0.304843 2.199810
-0.254567 0.518712 2.104950
-0.280053 0.553446 2.056580
0.123372 0.063212 2.353380
0.254806 0.206559 2.316740
0.170305 0.402659 2.284900
0.142985 0.472808 2.252200
-0.173009 -0.354984 2.282280
-0.168626 -0.568296 1.902410
-0.209299 -0.883803 1.839810
-0.197276 -0.922734 1.752900
0.028060 -0.371154 2.317000
0.108183 -0.536343 2.004790
0.166949 -0.881083 1.893500
0.180050 -0.919823 1.807330
-0.070830 -0.285934 2.303110
-0.072670 -0.231738 2.319760
-0.087568 0.058886 2.317630
-0.053753 0.252245 2.309420
-0.246377 0.061170 2.306910
-0.395966 0.221066 2.246860
-0.290275 0.414376 2.184100
-0.306155 0.475252 2.133410
0.129234 0.031078 2.371700
0.242983 0.188055 2.360350
0.104506 0.331190 2.349370
0.061008 0.436885 2.326780
-0.174166 -0.355193 2.270650
-0.169619 -0.566046 1.907940
-0.211693 -0.884929 1.839160
-0.199125 -0.923551 1.752290
0.027499 -0.369730 2.314070
0.107268 -0.535670 2.005610
0.167737 -0.880844 1.890810
0.180733 -0.919468 1.804550
-0.071003 -0.285501 2.297970
-0.073718 -0.230724 2.317640
-0.090496 0.061090 2.317190
-0.052378 0.251593 2.314030
-0.250681 0.016390 2.308680
-0.420453 0.162136 2.283040
-0.299157 0.342516 2.263560
-0.323144 0.376928 2.218650
0.134669 -0.002850 2.386860
0.238678 0.163862 2.402750
0.051075 0.311543 2.399510
0.011199 0.389006 2.363520
-0.170695 -0.366534 2.242110
-0.170745 -0.563868 1.911570
-0.214542 -0.887139 1.872180
-0.199358 -0.925142 1.786480
0.028892 -0.373611 2.310770
0.106599 -0.536513 2.004550
0.168280 -0.880685 1.888920
0.181233 -0.919220 1.802590
-0.070881 -0.296295 2.286170
-0.075014 -0.238608 2.311610
-0.090162 0.057913 2.316180
-0.044093 0.241720 2.322720
-0.253784 -0.012551 2.310330
-0.443663 0.111421 2.301550
-0.326386 0.296811 2.302180
-0.299145 0.343276 2.300030
0.135072 -0.025426 2.394760
0.250263 0.115144 2.432420
0.134649 0.273017 2.435340
0.065949 0.342408 2.406580
-0.170908 -0.378620 2.227480
-0.171785 -0.562313 1.913580
-0.214505 -0.885739 1.904780
-0.197151 -0.922986 1.819570
0.033164 -0.394020 2.298590
0.107699 -0.543485 1.994900
0.167128 -0.882907 1.894050
0.181226 -0.920973 1.807640
-0.070557 -0.303512 2.279290
-0.075591 -0.246098 2.308020
-0.084736 0.046881 2.320740
-0.041410 0.230019 2.336600
-0.257113 -0.027959 2.313850
-0.446520 0.105611 2.299410
-0.344456 0.346583 2.309610
-0.308323 0.396541 2.328000
0.135338 -0.035563 2.399710
0.255205 0.102384 2.442970
0.156962 0.298615 2.459420
0.096434 0.349565 2.437600
-0.171386 -0.385689 2.220670
-0.172733 -0.560987 1.914850
-0.213614 -0.884495 1.922000
-0.195387 -0.921158 1.836670
0.036926 -0.406442 2.289570
0.109903 -0.552916 1.985160
0.167868 -0.887559 1.903650
0.183118 -0.924923 1.817140
-0.070463 -0.308089 2.276210
-0.076109 -0.252870 2.307780
-0.078917 0.033397 2.331190
-0.040655 0.222626 2.345510
-0.259983 -0.033180 2.320860
-0.436847 0.135806 2.292450
-0.394317 0.397382 2.289900
-0.375089 0.474299 2.300410
0.134783 -0.039455 2.405630
0.250841 0.142049 2.431730
0.169438 0.346089 2.485710
0.136837 0.432903 2.479990
-0.172056 -0.390676 2.217680
-0.173544 -0.559932 1.915610
-0.211052 -0.883744 1.931920
-0.192360 -0.919976 1.846460
0.038534 -0.412560 2.285810
0.111018 -0.557621 1.980770
0.167828 -0.890874 1.910130
0.183868 -0.927632 1.823440
-0.069951 -0.308007 2.277760
-0.076517 -0.254721 2.311720
-0.076290 0.027474 2.338090
-0.041717 0.219425 2.357190
-0.258806 -0.000995 2.343440
-0.409723 0.218267 2.279500
-0.444934 0.455653 2.258360
-0.446917 0.527389 2.249910
0.122771 0.013393 2.434960
0.228437 0.194098 2.424050
0.221379 0.465633 2.443630
0.176139 0.527508 2.490730
-0.169866 -0.387215 2.222080
-0.174062 -0.559450 1.916170
-0.207878 -0.884390 1.931150
-0.188154 -0.920305 1.845430
0.038296 -0.412287 2.291250
0.111420 -0.560268 1.979690
0.169027 -0.891460 1.908080
0.186248 -0.927801 1.821300
-0.069114 -0.305375 2.284130
-0.077133 -0.254369 2.320970
-0.075836 0.025253 2.347370
-0.045538 0.222241 2.371100
-0.255877 0.022648 2.357240
-0.392797 0.251921 2.274820
-0.471684 0.482570 2.236960
-0.477927 0.550690 2.233710
0.107872 0.054064 2.456780
0.221256 0.274429 2.412800
0.284150 0.505560 2.404880
0.282494 0.558964 2.399060
-0.165172 -0.379212 2.232930
-0.174489 -0.558904 1.917020
-0.204776 -0.884683 1.920810
-0.183660 -0.920259 1.835060
0.036249 -0.407302 2.302820
0.111535 -0.561779 1.984070
0.170933 -0.889836 1.900770
0.189905 -0.925713 1.814130
-0.067802 -0.298208 2.298260
-0.077350 -0.248866 2.337730
-0.075336 0.030853 2.360580
-0.050034 0.231386 2.384490
-0.253849 0.032433 2.363960
-0.383906 0.273050 2.269710
-0.475455 0.496743 2.215500
-0.481091 0.559003 2.196730
0.100091 0.075117 2.467880
0.219971 0.313784 2.403850
0.297298 0.541648 2.364330
0.314869 0.601183 2.375790
-0.160363 -0.370471 2.246940
-0.174857 -0.558374 1.918100
-0.202029 -0.883228 1.902330
-0.179636 -0.918626 1.816820
0.031711 -0.391748 2.326470
0.112194 -0.561366 1.988100
0.172283 -0.880779 1.888890
0.193122 -0.916401 1.802760
-0.066318 -0.295544 2.311240
-0.077250 -0.246164 2.351870
-0.076884 0.041252 2.374580
-0.052537 0.238124 2.392800
-0.251827 0.036481 2.368490
-0.409058 0.242720 2.267980
-0.413759 0.451649 2.234790
-0.392380 0.524926 2.234860
0.096849 0.084216 2.473960
0.232309 0.263646 2.410530
0.247845 0.487240 2.357620
0.243744 0.558734 2.356440
-0.155883 -0.368544 2.262460
-0.174587 -0.546694 1.949550
-0.199562 -0.882181 1.881620
-0.176248 -0.917525 1.796390
0.030454 -0.385840 2.338640
0.113082 -0.558863 1.993870
0.172968 -0.874182 1.882140
0.195014 -0.909706 1.796360
-0.064644 -0.295936 2.321560
-0.077008 -0.245537 2.362170
-0.078338 0.048122 2.382430
-0.054371 0.243237 2.398230
-0.249094 0.035806 2.371450
-0.434353 0.187151 2.279530
-0.401318 0.380523 2.260710
-0.363126 0.450168 2.271280
0.099440 0.080626 2.479660
0.257924 0.208122 2.432690
0.206546 0.427731 2.374220
0.186140 0.497084 2.361900
-0.152492 -0.372329 2.276650
-0.174871 -0.541133 1.962600
-0.196790 -0.880795 1.871590
-0.172742 -0.916155 1.786540
0.031219 -0.383856 2.347020
0.114650 -0.554824 2.000070
0.172642 -0.870545 1.880120
0.195578 -0.906087 1.794560
-0.063480 -0.297493 2.328990
-0.076828 -0.245988 2.369770
-0.079409 0.053086 2.387730
-0.056174 0.247072 2.402060
-0.248462 0.028411 2.372920
-0.456736 0.116026 2.305720
-0.411521 0.308224 2.288480
-0.357362 0.378883 2.298640
0.108724 0.052516 2.482910
0.270525 0.168621 2.449390
0.189799 0.358887 2.399700
0.171147 0.439296 2.373370
-0.151724 -0.377519 2.287470
-0.174961 -0.538138 1.969440
-0.194965 -0.879548 1.865440
-0.170449 -0.914936 1.780540
0.032547 -0.383765 2.352510
0.116165 -0.551507 2.005270
0.171887 -0.867924 1.879890
0.195534 -0.903462 1.794510
-0.062538 -0.303565 2.336140
-0.076529 -0.249877 2.377210
-0.080119 0.055711 2.391370
-0.059685 0.249480 2.405170
-0.252744 0.001026 2.373370
-0.470582 0.069732 2.326260
-0.390905 0.265718 2.321400
-0.325927 0.334132 2.330930
0.112699 0.013625 2.479560
0.280738 0.108060 2.478420
0.173694 0.306687 2.427040
0.139831 0.378997 2.407890
-0.152542 -0.387233 2.296550
-0.174454 -0.538959 1.954880
-0.193006 -0.877220 1.863090
-0.168378 -0.912751 1.778190
0.035027 -0.387701 2.356590
0.117667 -0.549347 2.009380
0.171762 -0.866232 1.881940
0.195776 -0.901795 1.796780
-0.062443 -0.312081 2.341910
-0.076635 -0.258654 2.384550
-0.082354 0.051677 2.397060
-0.078929 0.234924 2.415790
-0.258657 -0.022117 2.374870
-0.458204 0.102424 2.335710
-0.372287 0.346008 2.329120
-0.334656 0.406494 2.334960
0.114295 -0.004603 2.477750
0.278593 0.093068 2.487940
0.171102 0.295059 2.441950
0.129419 0.370863 2.433370
-0.155801 -0.401893 2.304260
-0.174032 -0.540058 1.944340
-0.188293 -0.873731 1.865940
-0.164267 -0.909460 1.780640
0.037681 -0.394101 2.358600
0.119003 -0.549978 2.015220
0.172013 -0.866307 1.882810
0.196093 -0.901829 1.797670
-0.062896 -0.316280 2.346880
-0.077160 -0.264738 2.390790
-0.087212 0.026682 2.407930
-0.087646 0.219719 2.428220
-0.261409 -0.031860 2.376730
-0.431047 0.152705 2.330340
-0.418352 0.409803 2.306210
-0.405677 0.488447 2.307180
0.115284 -0.011484 2.478120
0.227319 0.150407 2.466970
0.173427 0.385635 2.442370
0.133892 0.464722 2.438590
-0.157749 -0.408208 2.308850
-0.173373 -0.542387 1.934680
-0.185024 -0.871164 1.867830
-0.161545 -0.906997 1.782220
0.039223 -0.397760 2.361050
0.120042 -0.551377 2.021290
0.171912 -0.866646 1.883870
0.195904 -0.902133 1.798720
-0.064852 -0.314344 2.356220
-0.078854 -0.266106 2.399420
-0.091495 0.014730 2.414500
-0.092211 0.210367 2.437210
-0.259499 -0.031301 2.382090
-0.398884 0.192662 2.323300
-0.430344 0.441462 2.295740
-0.446352 0.510249 2.288850
0.102567 0.022346 2.482790
0.203254 0.204758 2.454380
0.205878 0.445943 2.429390
0.189454 0.516607 2.424710
-0.157307 -0.400663 2.318940
-0.172910 -0.544535 1.927900
-0.182769 -0.866038 1.866150
-0.159852 -0.901912 1.780430
0.037324 -0.392574 2.371030
0.120451 -0.552417 2.026020
0.171951 -0.863558 1.883290
0.195605 -0.899003 1.798080
-0.065525 -0.315420 2.365050
-0.080124 -0.268677 2.408750
-0.094359 0.008061 2.419330
-0.094744 0.205115 2.444240
-0.228237 -0.033513 2.394070
-0.359273 0.209502 2.317360
-0.441842 0.464951 2.257650
-0.477837 0.535609 2.238750
0.082103 0.050434 2.487650
0.174065 0.279245 2.429050
0.219941 0.493033 2.408980
0.216565 0.557575 2.405170
-0.152070 -0.397303 2.328790
-0.172668 -0.548168 1.922840
-0.181953 -0.862676 1.865180
-0.159241 -0.898551 1.779440
0.034407 -0.389543 2.379780
0.120509 -0.552949 2.029350
0.172160 -0.859019 1.882060
0.195622 -0.894527 1.796860
-0.066295 -0.316054 2.372300
-0.080983 -0.270085 2.417060
-0.095977 0.007022 2.425590
-0.095172 0.203192 2.450770
-0.230468 -0.023799 2.406490
-0.351786 0.222124 2.312800
-0.446232 0.476867 2.237730
-0.473630 0.537409 2.203940
0.076853 0.056687 2.490770
0.177173 0.277252 2.426910
0.213910 0.503568 2.384500
0.215277 0.563614 2.378270
-0.150623 -0.395599 2.335610
-0.172699 -0.550382 1.921400
-0.181922 -0.859832 1.864130
-0.159751 -0.895544 1.778240
0.032293 -0.388259 2.387140
0.120088 -0.553372 2.031770
0.172027 -0.854817 1.881230
0.194920 -0.890271 1.795900
-0.067035 -0.316685 2.379120
-0.081901 -0.270705 2.424770
-0.096215 0.011288 2.433030
-0.094262 0.209022 2.461400
-0.234317 -0.019301 2.413940
-0.402391 0.170467 2.303740
-0.410427 0.436223 2.242660
-0.399870 0.486917 2.226790
0.083767 0.052515 2.503190
0.201620 0.224212 2.443530
0.177682 0.437668 2.396590
0.151947 0.508917 2.390180
-0.151530 -0.395856 2.342380
-0.176481 -0.545138 1.961930
-0.181425 -0.857775 1.862800
-0.159415 -0.893495 1.776930
0.031610 -0.389174 2.394600
0.119366 -0.553653 2.033390
0.170577 -0.851049 1.880870
0.193243 -0.886510 1.795510
-0.067791 -0.317744 2.384190
-0.082750 -0.271125 2.430120
-0.096220 0.022319 2.439720
-0.093228 0.215565 2.468390
-0.241381 -0.019101 2.418670
-0.437760 0.116533 2.311070
-0.404234 0.353013 2.268980
-0.370549 0.417221 2.272290
0.090357 0.037186 2.515280
0.227604 0.183767 2.471920
0.147628 0.420268 2.417660
0.118513 0.496710 2.409200
-0.154356 -0.398195 2.349260
-0.178652 -0.541759 1.983140
-0.180998 -0.855634 1.861170
-0.158997 -0.891402 1.775400
0.031360 -0.390917 2.399490
0.118155 -0.553638 2.034430
0.168444 -0.848287 1.881240
0.191121 -0.883832 1.795900
-0.068656 -0.318824 2.387960
-0.083652 -0.271480 2.434110
-0.096159 0.029458 2.443620
-0.092220 0.220410 2.472270
-0.250439 -0.020587 2.420960
-0.468262 0.078375 2.319210
-0.363848 0.319767 2.309700
-0.307426 0.350193 2.332290
0.096194 0.016836 2.522760
0.250417 0.150362 2.499900
0.132594 0.343119 2.466750
0.093729 0.421799 2.459030
-0.159194 -0.401478 2.355090
-0.178112 -0.536120 2.010970
-0.181728 -0.853678 1.858790
-0.159551 -0.889543 1.773250
0.031326 -0.393127 2.402780
0.116639 -0.553337 2.034870
0.166262 -0.846098 1.881630
0.189056 -0.881744 1.796300
-0.069605 -0.320161 2.390870
-0.084534 -0.271931 2.437130
-0.096296 0.033952 2.445910
-0.091422 0.223857 2.474470
-0.261330 -0.025511 2.420710
-0.480543 0.063109 2.322950
-0.347806 0.276107 2.354170
-0.288307 0.321458 2.374320
0.099520 -0.000541 2.525490
0.263500 0.116406 2.524190
0.138961 0.290746 2.514860
0.094681 0.375141 2.502520
-0.163626 -0.404842 2.358820
-0.178391 -0.534752 2.019160
-0.182602 -0.852178 1.857010
-0.160250 -0.888126 1.771670
0.031728 -0.397075 2.405370
0.115049 -0.552843 2.034830
0.164207 -0.844439 1.882160
0.187100 -0.880166 1.796860
-0.071018 -0.322528 2.393400
-0.085773 -0.273115 2.439770
-0.096491 0.035735 2.447470
-0.091259 0.224961 2.476170
-0.269679 -0.031807 2.419390
-0.479400 0.058112 2.327240
-0.342742 0.268410 2.372500
-0.291363 0.336087 2.398290
0.101100 -0.010410 2.526560
0.268707 0.104113 2.532880
0.151395 0.283257 2.530500
0.094743 0.354129 2.526140
-0.168046 -0.409194 2.361110
-0.184503 -0.539647 1.992710
-0.183000 -0.850862 1.855900
-0.160543 -0.886879 1.770660
0.031902 -0.402521 2.407400
0.113422 -0.552332 2.034190
0.162415 -0.843156 1.882700
0.185385 -0.878950 1.797420
-0.072374 -0.324231 2.395540
-0.086979 -0.274341 2.442070
-0.098088 0.027323 2.448430
-0.091355 0.221862 2.477780
-0.273261 -0.038191 2.417400
-0.440502 0.063180 2.330750
-0.361489 0.260405 2.355820
-0.331179 0.338559 2.380330
0.107635 -0.004834 2.526390
0.236343 0.157913 2.514470
0.143129 0.304501 2.532760
0.108523 0.417133 2.526720
-0.171276 -0.412307 2.362380
-0.187593 -0.543390 1.974700
-0.184010 -0.849897 1.855590
-0.161581 -0.885916 1.770400
0.031915 -0.406003 2.409510
0.111307 -0.552554 2.032950
0.161246 -0.841994 1.882830
0.184139 -0.877791 1.797550
-0.073091 -0.324812 2.397110
-0.087930 -0.275280 2.443870
-0.096665 0.005795 2.451910
-0.093175 0.214834 2.479590
-0.274127 -0.041575 2.416500
-0.377874 0.148797 2.327380
-0.359057 0.394843 2.353270
-0.345777 0.474864 2.375910
0.083993 0.023013 2.527860
0.203199 0.193919 2.503920
0.187348 0.441154 2.496260
0.181398 0.510128 2.499470
-0.171711 -0.412235 2.361890
-0.188999 -0.546481 1.963120
-0.185150 -0.849218 1.855520
-0.162425 -0.885235 1.770350
0.031003 -0.405922 2.412520
0.108393 -0.553508 2.030720
0.160024 -0.839085 1.882480
0.183138 -0.874874 1.797270
-0.073833 -0.324781 2.398620
-0.088945 -0.275875 2.445570
-0.096833 -0.003250 2.455050
-0.094503 0.208880 2.481590
-0.258937 -0.002386 2.425750
-0.341669 0.214918 2.332080
-0.365586 0.427305 2.324320
-0.365195 0.507673 2.331020
0.064298 0.042798 2.530000
0.161554 0.231063 2.486930
0.198961 0.475015 2.467190
0.207788 0.539392 2.461670
-0.169378 -0.405762 2.358640
-0.189365 -0.548781 1.956860
-0.186497 -0.848608 1.855380
-0.163248 -0.884634 1.770260
0.028024 -0.403388 2.417100
0.105560 -0.554601 2.028500
0.158114 -0.835636 1.882520
0.181726 -0.871462 1.797430
-0.075346 -0.322574 2.400860
-0.090608 -0.275503 2.447830
-0.096988 -0.007856 2.458100
-0.095228 0.205181 2.484280
-0.251824 0.018751 2.430930
-0.328043 0.274410 2.334060
-0.370751 0.475162 2.294250
-0.365933 0.544894 2.277690
0.059038 0.047515 2.531950
0.152731 0.275256 2.469300
0.189406 0.501380 2.433990
0.182501 0.552150 2.422900
-0.168394 -0.396789 2.354130
-0.189386 -0.550359 1.953120
-0.187990 -0.848236 1.855440
-0.163994 -0.884230 1.770340
0.024829 -0.400584 2.421530
0.102767 -0.555762 2.026570
0.156357 -0.832052 1.882440
0.180696 -0.867906 1.797540
-0.076515 -0.321625 2.402360
-0.092034 -0.275376 2.449720
-0.097439 -0.005660 2.464790
-0.096036 0.203187 2.487000
-0.253406 0.017958 2.434670
-0.376267 0.223784 2.336270
-0.365756 0.474101 2.288900
-0.334873 0.525519 2.276170
0.066510 0.017424 2.543770
0.190679 0.207835 2.489120
0.150622 0.442961 2.439610
0.113912 0.504333 2.432670
-0.168709 -0.394490 2.352730
-0.189151 -0.551708 1.950730
-0.190370 -0.848657 1.856870
-0.165518 -0.884474 1.771750
0.023107 -0.400067 2.423560
0.100579 -0.556688 2.025120
0.154927 -0.829886 1.882130
0.179821 -0.865794 1.797390
-0.077498 -0.321321 2.403290
-0.093416 -0.275396 2.451170
-0.106634 0.010673 2.471810
-0.096070 0.203877 2.491020
-0.258986 0.006076 2.437270
-0.420064 0.175306 2.341770
-0.354106 0.426638 2.326690
-0.322092 0.475449 2.329200
0.072878 -0.001136 2.549850
0.206914 0.176814 2.505770
0.126982 0.419475 2.456960
0.080364 0.503739 2.440550
-0.169340 -0.393506 2.351830
-0.188750 -0.552798 1.949240
-0.191179 -0.848646 1.856780
-0.165951 -0.884389 1.771770
0.022014 -0.400513 2.424300
0.098822 -0.557302 2.023850
0.154040 -0.828552 1.881530
0.179303 -0.864459 1.796930
-0.078320 -0.321176 2.403890
-0.094547 -0.275438 2.452240
-0.111656 0.020028 2.475240
-0.098674 0.213489 2.497700
-0.264401 -0.005069 2.438380
-0.449404 0.152920 2.350700
-0.341244 0.384323 2.372460
-0.307351 0.433594 2.378430
0.077744 -0.012093 2.552660
0.231687 0.134568 2.537200
0.128092 0.327994 2.513330
0.073316 0.400827 2.495870
-0.170450 -0.393548 2.351050
-0.188260 -0.553581 1.948350
-0.191803 -0.848673 1.856650
-0.166289 -0.884348 1.771740
0.021438 -0.401670 2.423880
0.097618 -0.557349 2.022780
0.153309 -0.827703 1.881240
0.178849 -0.863602 1.796740
-0.078955 -0.321198 2.404140
-0.095307 -0.275484 2.452890
-0.113497 0.026324 2.476270
-0.098857 0.219858 2.500760
-0.269902 -0.016470 2.437590
-0.477646 0.117476 2.364960
-0.336993 0.331550 2.429760
-0.301317 0.381319 2.437320
0.081040 -0.018913 2.553740
0.251307 0.087748 2.567690
0.132262 0.265639 2.556530
0.090769 0.304183 2.548160
-0.171901 -0.394726 2.350140
-0.187683 -0.554213 1.947950
-0.192313 -0.848821 1.856510
-0.166574 -0.884420 1.771680
0.021660 -0.403501 2.422180
0.096876 -0.556780 2.021780
0.152515 -0.827223 1.881170
0.178310 -0.863076 1.796720
-0.079704 -0.321912 2.403800
-0.096028 -0.275808 2.453240
-0.114562 0.029864 2.476810
-0.098854 0.222988 2.502610
-0.274629 -0.026679 2.436250
-0.487262 0.097810 2.372580
-0.363185 0.270384 2.459160
-0.314969 0.323716 2.487110
0.083439 -0.023750 2.553940
0.253546 0.079471 2.575250
0.142782 0.255275 2.585420
0.091797 0.286916 2.572310
-0.173933 -0.397840 2.349050
-0.187071 -0.554644 1.947950
-0.192949 -0.849134 1.856020
-0.167023 -0.884656 1.771280
0.022545 -0.406579 2.418850
0.096505 -0.556025 2.020920
0.151678 -0.827283 1.881270
0.177660 -0.863054 1.796850
-0.081119 -0.324354 2.402650
-0.097336 -0.277553 2.453100
-0.115021 0.031077 2.476880
-0.097543 0.220553 2.503130
-0.277808 -0.035147 2.435180
-0.465513 0.081868 2.379590
-0.353288 0.290706 2.484950
-0.337865 0.357665 2.497450
0.084997 -0.027105 2.553860
0.240287 0.096404 2.569330
0.134997 0.340606 2.584650
0.067306 0.437372 2.587090
-0.176724 -0.402870 2.347910
-0.186535 -0.554917 1.948060
-0.195073 -0.849274 1.852320
-0.169019 -0.884704 1.767670
0.022617 -0.410723 2.415070
0.096353 -0.555502 2.020390
0.151173 -0.827685 1.881340
0.177265 -0.863364 1.796930
-0.081974 -0.325373 2.402290
-0.098339 -0.279214 2.453110
-0.110517 0.009875 2.477680
-0.096624 0.215993 2.503540
-0.278927 -0.041145 2.435340
-0.419150 0.112729 2.389970
-0.377664 0.320115 2.446610
-0.367962 0.398626 2.474330
0.085294 -0.026222 2.553910
0.193678 0.157844 2.547390
0.143811 0.406379 2.569580
0.080906 0.478484 2.579200
-0.178231 -0.405273 2.346880
-0.186238 -0.555118 1.947920
-0.196714 -0.849472 1.849870
-0.170690 -0.884823 1.765200
0.022503 -0.411970 2.414270
0.096310 -0.555156 2.020160
0.150935 -0.827551 1.881220
0.177085 -0.863182 1.796800
-0.082181 -0.323644 2.403030
-0.098714 -0.279628 2.453490
-0.106075 -0.004165 2.478670
-0.097226 0.209492 2.504720
-0.269412 -0.012109 2.455380
-0.375186 0.175637 2.400520
-0.392307 0.405981 2.415500
-0.393742 0.483295 2.430220
0.061067 0.011753 2.562100
0.170234 0.237185 2.537780
0.173540 0.462019 2.526940
0.153755 0.538028 2.507680
-0.173310 -0.394422 2.346220
-0.185930 -0.555304 1.947910
-0.197560 -0.848196 1.847330
-0.171507 -0.883461 1.762660
0.020266 -0.405970 2.417840
0.096940 -0.554927 2.019310
0.152300 -0.823776 1.880020
0.178499 -0.859207 1.795560
-0.082356 -0.319191 2.405450
-0.098950 -0.278755 2.455290
-0.103843 -0.011565 2.479620
-0.097911 0.203945 2.505990
-0.265503 0.004206 2.466880
-0.349789 0.217124 2.405880
-0.398286 0.435944 2.389690
-0.399764 0.505803 2.381910
0.047886 0.033256 2.566770
0.150101 0.294926 2.520340
0.181726 0.501054 2.475150
0.171101 0.562529 2.452950
-0.170191 -0.385649 2.346980
-0.185499 -0.555558 1.948150
-0.198155 -0.846871 1.845370
-0.172164 -0.882049 1.760680
0.018292 -0.399910 2.421860
0.097483 -0.554790 2.018780
0.153820 -0.819569 1.878750
0.179909 -0.854861 1.794220
-0.082226 -0.317395 2.408140
-0.098572 -0.278697 2.458630
-0.101982 -0.016598 2.482820
-0.098917 0.199261 2.507430
-0.266738 -0.008187 2.477800
-0.367309 0.212658 2.400670
-0.394645 0.439091 2.373440
-0.359306 0.501704 2.356530
0.055561 0.018821 2.574810
0.163981 0.228790 2.511500
0.134482 0.455863 2.464400
0.113331 0.505757 2.443160
-0.169352 -0.383848 2.348000
-0.184958 -0.555865 1.948640
-0.198477 -0.846444 1.844540
-0.172564 -0.881572 1.759820
0.018044 -0.398303 2.425250
0.097946 -0.554725 2.018440
0.155092 -0.816336 1.877580
0.180814 -0.851584 1.792950
-0.083330 -0.317499 2.410460
-0.099251 -0.279305 2.461630
-0.102865 -0.017328 2.485590
-0.099276 0.196575 2.508540
-0.270457 -0.020377 2.483850
-0.394619 0.199516 2.396990
-0.349117 0.442066 2.384180
-0.318323 0.500436 2.370650
0.064238 0.002811 2.579060
0.184638 0.176678 2.522220
0.107124 0.419164 2.473370
0.097665 0.485888 2.435210
-0.176157 -0.390698 2.355160
-0.184460 -0.556110 1.949140
-0.198658 -0.845911 1.843720
-0.172913 -0.880988 1.758950
0.017469 -0.398740 2.426950
0.098301 -0.554590 2.018360
0.155615 -0.815063 1.877080
0.181154 -0.850280 1.792410
-0.084399 -0.317793 2.412480
-0.099996 -0.279758 2.464340
-0.106310 -0.013178 2.489970
-0.099442 0.194994 2.509260
-0.278028 -0.031825 2.486150
-0.429573 0.160130 2.402810
-0.329000 0.380530 2.425270
-0.288607 0.424001 2.431740
0.070280 -0.008644 2.580640
0.199333 0.150060 2.530980
0.112329 0.339577 2.517970
0.086467 0.401284 2.478160
-0.181246 -0.395429 2.360430
-0.183993 -0.556281 1.949770
-0.198760 -0.845388 1.843130
-0.173216 -0.880424 1.758290
0.017226 -0.399519 2.428140
0.098669 -0.554364 2.018480
0.155692 -0.814304 1.876910
0.180873 -0.849522 1.792210
-0.085256 -0.318299 2.414260
-0.100550 -0.280091 2.466550
-0.109477 -0.008231 2.492790
-0.100151 0.194867 2.510420
-0.283329 -0.039171 2.486560
-0.458566 0.125480 2.407100
-0.337638 0.316745 2.445030
-0.288380 0.368397 2.451030
0.074250 -0.017778 2.579600
0.221188 0.112148 2.549690
0.108582 0.288429 2.558110
0.084216 0.335887 2.533670
-0.184488 -0.398937 2.364360
-0.183619 -0.556242 1.950940
-0.198726 -0.844924 1.842860
-0.173412 -0.879985 1.757950
0.017664 -0.400918 2.429270
0.099108 -0.553556 2.018970
0.155319 -0.813851 1.877170
0.179946 -0.849081 1.792460
-0.086120 -0.318854 2.415980
-0.101095 -0.280309 2.468560
-0.111814 -0.004465 2.494500
-0.100869 0.195079 2.511590
-0.287437 -0.044377 2.485960
-0.468072 0.105857 2.410130
-0.331958 0.279017 2.472240
-0.280116 0.325288 2.496710
0.077321 -0.025136 2.576960
0.228298 0.099025 2.555510
0.110280 0.256769 2.590030
0.082097 0.311307 2.555000
-0.187239 -0.401478 2.367650
-0.183496 -0.555845 1.952700
-0.198478 -0.844323 1.843100
-0.173548 -0.879452 1.758020
0.018250 -0.402355 2.430240
0.099563 -0.552303 2.019610
0.154503 -0.813651 1.877970
0.178406 -0.848901 1.793270
-0.089178 -0.321553 2.419300
-0.103343 -0.281549 2.471650
-0.114179 -0.002236 2.495250
-0.101110 0.194783 2.512190
-0.289944 -0.047827 2.485040
-0.457536 0.100056 2.410870
-0.316547 0.309697 2.491010
-0.277885 0.363807 2.515280
0.079151 -0.029761 2.574740
0.225153 0.102150 2.558350
0.107898 0.245419 2.600840
0.078705 0.300568 2.565990
-0.192189 -0.405518 2.372550
-0.183956 -0.554298 1.955930
-0.198191 -0.843288 1.843680
-0.173720 -0.878497 1.758440
0.017997 -0.405159 2.431930
0.099933 -0.551210 2.020180
0.153118 -0.813647 1.879480
0.176283 -0.848920 1.794760
-0.092089 -0.323967 2.422870
-0.105799 -0.282898 2.475050
-0.116033 -0.001452 2.495880
-0.101425 0.194549 2.512900
-0.290969 -0.049864 2.484130
-0.414492 0.138179 2.407700
-0.316968 0.384354 2.473920
-0.278417 0.411496 2.513190
0.080111 -0.032105 2.573230
0.188491 0.155331 2.544750
0.079785 0.293840 2.584030
0.050760 0.348561 2.555570
-0.195299 -0.407998 2.375650
-0.184524 -0.552916 1.958700
-0.197912 -0.842310 1.845010
-0.173924 -0.877572 1.759590
0.016422 -0.408784 2.437160
0.100145 -0.550829 2.020520
0.151882 -0.813012 1.880570
0.174474 -0.848242 1.795800
-0.091488 -0.322835 2.428370
-0.106057 -0.282694 2.479300
-0.115983 -0.004093 2.496990
-0.101812 0.194122 2.513830
-0.288027 -0.051936 2.483100
-0.370734 0.175253 2.407980
-0.339045 0.435468 2.426100
-0.331142 0.502631 2.432590
0.067977 0.007105 2.580140
0.167251 0.242120 2.538580
0.149503 0.447601 2.513300
0.133026 0.508929 2.503350
-0.189584 -0.406529 2.380880
-0.185075 -0.552232 1.961460
-0.197915 -0.840856 1.847090
-0.174209 -0.876118 1.761630
0.018033 -0.397603 2.449860
0.100193 -0.550493 2.021280
0.148828 -0.808829 1.883920
0.171424 -0.844178 1.798440
-0.090423 -0.321427 2.432820
-0.105769 -0.282185 2.482990
-0.115447 -0.007130 2.497990
-0.102269 0.193561 2.514890
-0.284554 -0.053324 2.482170
-0.341336 0.201665 2.409460
-0.354538 0.468473 2.381670
-0.348326 0.528340 2.365140
0.060460 0.030241 2.585100
0.153482 0.293845 2.530220
0.164950 0.480533 2.475780
0.153947 0.537089 2.453340
-0.184369 -0.404724 2.384500
-0.185534 -0.551746 1.963580
-0.198041 -0.839531 1.849820
-0.174532 -0.874781 1.764350
0.018992 -0.391318 2.456660
0.100023 -0.550285 2.022000
0.142939 -0.805399 1.889130
0.166096 -0.841129 1.802490
-0.090360 -0.320581 2.435880
-0.106188 -0.281819 2.485910
-0.116011 -0.008328 2.499900
-0.102640 0.192972 2.515960
-0.275329 -0.047052 2.483540
-0.334091 0.213125 2.408840
-0.350558 0.438741 2.360160
-0.329613 0.505453 2.325580
0.062714 0.024390 2.589490
0.170259 0.242661 2.524460
0.154155 0.482965 2.456980
0.168754 0.537857 2.428030
-0.182635 -0.403409 2.386150
-0.185945 -0.551358 1.965390
-0.198185 -0.838594 1.852360
-0.174606 -0.873807 1.767020
0.017938 -0.389814 2.460600
0.099110 -0.550560 2.022690
0.139327 -0.803725 1.891840
0.162827 -0.839463 1.805110
-0.092763 -0.323192 2.438430
-0.107829 -0.282847 2.488380
-0.116537 -0.008977 2.501160
-0.102744 0.192387 2.517160
-0.272683 -0.046296 2.483840
-0.383693 0.188176 2.403720
-0.315353 0.426166 2.373710
-0.314798 0.483503 2.342550
0.071905 -0.002476 2.591050
0.206408 0.148368 2.535700
0.143753 0.398706 2.486140
0.104247 0.435135 2.481640
-0.185101 -0.405638 2.386920
-0.186480 -0.550845 1.967040
-0.198058 -0.838257 1.854390
-0.174453 -0.873464 1.769130
0.008994 -0.405652 2.462360
0.098123 -0.550851 2.023100
0.136706 -0.803728 1.893560
0.160399 -0.839433 1.806820
-0.095347 -0.325852 2.439280
-0.109632 -0.283841 2.489620
-0.117663 -0.008270 2.501620
-0.101448 0.192366 2.518900
-0.271431 -0.046084 2.483930
-0.418327 0.158132 2.408200
-0.332943 0.345952 2.406770
-0.338364 0.421301 2.354280
0.080193 -0.022974 2.590660
0.222798 0.115331 2.543730
0.149755 0.323780 2.519590
0.111394 0.388803 2.498960
-0.188762 -0.408179 2.386780
-0.187221 -0.549957 1.968700
-0.197925 -0.837874 1.855410
-0.174329 -0.873076 1.770190
0.004341 -0.416467 2.457880
0.097040 -0.550669 2.022750
0.133911 -0.805404 1.895540
0.157706 -0.841080 1.808910
-0.097581 -0.328504 2.438010
-0.111230 -0.284903 2.489460
-0.118644 -0.006552 2.501180
-0.099344 0.194179 2.521570
-0.271387 -0.046549 2.483500
-0.456188 0.119108 2.417480
-0.348454 0.290390 2.434970
-0.313108 0.343621 2.430170
0.084794 -0.036447 2.587730
0.240547 0.071116 2.560480
0.149617 0.280377 2.548810
0.096099 0.317327 2.549440
-0.192866 -0.410668 2.385420
-0.187825 -0.549240 1.969960
-0.197769 -0.837681 1.856280
-0.174205 -0.872880 1.771060
0.003854 -0.423226 2.448820
0.095564 -0.549572 2.021370
0.130755 -0.808985 1.898250
0.154509 -0.844640 1.811840
-0.099693 -0.331378 2.435450
-0.112827 -0.286359 2.488190
-0.119427 -0.004819 2.500410
-0.098190 0.195044 2.522990
-0.272353 -0.047489 2.482520
-0.469467 0.099536 2.422340
-0.360952 0.250230 2.462340
-0.298452 0.301539 2.468900
0.088286 -0.046458 2.583110
0.247069 0.055075 2.565780
0.148746 0.246735 2.579500
0.090917 0.290678 2.570490
-0.196532 -0.412952 2.383700
-0.188287 -0.548676 1.970780
-0.197631 -0.837576 1.856940
-0.174136 -0.872763 1.771700
0.003854 -0.427878 2.440810
0.093989 -0.547624 2.018200
0.128142 -0.812270 1.900700
0.151667 -0.847934 1.814470
-0.101603 -0.334713 2.431920
-0.114501 -0.288415 2.485830
-0.120008 -0.003122 2.499360
-0.094832 0.194027 2.525380
-0.273054 -0.048554 2.480900
-0.461338 0.086375 2.421460
-0.334773 0.301262 2.473990
-0.285605 0.351980 2.489050
0.090325 -0.052171 2.579740
0.238437 0.064685 2.568070
0.148438 0.232732 2.589880
0.101281 0.325743 2.588190
-0.199413 -0.414984 2.381960
-0.188625 -0.548252 1.971360
-0.197583 -0.837475 1.857260
-0.174121 -0.872660 1.772020
0.003719 -0.431043 2.434740
0.092774 -0.546725 2.016090
0.126202 -0.815608 1.902340
0.149619 -0.851215 1.816260
-0.102571 -0.336128 2.429910
-0.115338 -0.289576 2.484300
-0.120286 -0.002239 2.498860
-0.090440 0.190303 2.529390
-0.273645 -0.049252 2.479560
-0.410364 0.141264 2.409930
-0.342000 0.372881 2.455960
-0.296028 0.441850 2.468500
0.090456 -0.044553 2.573090
0.197392 0.164375 2.550920
0.143072 0.405482 2.566630
0.106468 0.459316 2.580140
-0.201139 -0.415811 2.380400
-0.188800 -0.548056 1.971740
-0.198775 -0.837929 1.857920
-0.175834 -0.873195 1.772660
0.003780 -0.432062 2.431580
0.091276 -0.547184 2.015040
0.125154 -0.818253 1.902500
0.148248 -0.853796 1.816480
-0.095277 -0.313922 2.429510
-0.112182 -0.280904 2.483510
-0.120290 -0.001585 2.498570
-0.089004 0.188916 2.533510
-0.271523 -0.000683 2.479110
-0.370758 0.237790 2.403040
-0.349489 0.445410 2.420690
-0.322832 0.531563 2.426840
0.077709 0.019058 2.570410
0.187291 0.248120 2.542430
0.186902 0.458178 2.526730
0.176348 0.528294 2.517370
-0.187658 -0.387230 2.373210
-0.188876 -0.548035 1.972000
-0.199832 -0.837421 1.858140
-0.177122 -0.872645 1.772840
0.010348 -0.397793 2.438530
0.089688 -0.548189 2.014780
0.124092 -0.817726 1.902550
0.147032 -0.853201 1.816370
-0.091868 -0.303757 2.429380
-0.109836 -0.274876 2.483090
-0.120128 -0.000877 2.498500
-0.089195 0.189100 2.539050
-0.268396 0.027660 2.480350
-0.342344 0.276242 2.396450
-0.352049 0.496277 2.369650
-0.339372 0.562318 2.360590
0.063047 0.054872 2.566810
0.173405 0.309701 2.525320
0.200545 0.506211 2.478360
0.198660 0.562454 2.452900
-0.181345 -0.374652 2.370100
-0.188728 -0.548334 1.971610
-0.200924 -0.836821 1.858360
-0.178450 -0.871992 1.773030
0.012379 -0.382567 2.442180
0.088330 -0.549422 2.014850
0.122968 -0.817385 1.902650
0.145704 -0.852743 1.816480
-0.089982 -0.298288 2.429300
-0.108268 -0.270792 2.482860
-0.118609 0.001890 2.499730
-0.089555 0.189381 2.542990
-0.264108 0.029836 2.480290
-0.348413 0.243306 2.391180
-0.336453 0.497642 2.332010
-0.310184 0.541401 2.307960
0.073223 0.041772 2.568150
0.182862 0.245725 2.508000
0.176049 0.454006 2.452400
0.175626 0.511714 2.429640
-0.178326 -0.368562 2.368400
-0.188529 -0.548620 1.971250
-0.201881 -0.836358 1.858560
-0.179475 -0.871517 1.773210
0.013369 -0.376151 2.443680
0.087327 -0.550762 2.014910
0.122373 -0.816674 1.902200
0.145038 -0.851980 1.816100
-0.090956 -0.302438 2.427920
-0.107752 -0.269308 2.482620
-0.116981 0.005219 2.500990
-0.089934 0.189716 2.545780
-0.263204 0.009475 2.479130
-0.375478 0.206015 2.385350
-0.297257 0.440383 2.350680
-0.285425 0.495958 2.324700
0.082125 0.016945 2.569050
0.205027 0.180336 2.511530
0.142695 0.425366 2.461820
0.123387 0.474781 2.440180
-0.184050 -0.379430 2.369950
-0.187821 -0.545850 1.990350
-0.203207 -0.836885 1.858520
-0.180825 -0.872018 1.773150
0.010340 -0.389816 2.438330
0.086836 -0.552067 2.015620
0.123435 -0.819139 1.902480
0.146038 -0.854367 1.816470
-0.092302 -0.307382 2.426480
-0.107469 -0.268486 2.482270
-0.115828 0.008567 2.501770
-0.089071 0.190660 2.547910
-0.266605 -0.015358 2.476070
-0.402013 0.165329 2.383270
-0.282810 0.391895 2.368610
-0.274094 0.460836 2.324950
0.090725 -0.008633 2.569050
0.228352 0.135411 2.513160
0.135790 0.377307 2.469720
0.118675 0.437750 2.434920
-0.188843 -0.387857 2.370900
-0.150025 -0.558099 2.045560
-0.222799 -0.808879 1.813330
-0.200583 -0.843900 1.727710
0.008969 -0.399240 2.434140
0.086940 -0.552832 2.016450
0.125294 -0.821220 1.902190
0.147772 -0.856363 1.816270
-0.093261 -0.313746 2.424540
-0.107221 -0.269365 2.481270
-0.114850 0.011334 2.501990
-0.085970 0.193126 2.548160
-0.269055 -0.031377 2.472370
-0.432621 0.118286 2.387570
-0.312657 0.314453 2.383340
-0.271363 0.369878 2.382520
0.094766 -0.025675 2.564850
0.246379 0.085513 2.521260
0.135146 0.318909 2.497370
0.091660 0.377569 2.483580
-0.191966 -0.395066 2.371100
-0.164700 -0.548441 2.036750
-0.222514 -0.811497 1.813960
-0.200639 -0.846435 1.728150
0.008893 -0.406822 2.430890
0.088490 -0.553023 2.017620
0.127088 -0.823025 1.901950
0.149303 -0.858061 1.816080
-0.093925 -0.321628 2.422810
-0.107057 -0.272815 2.479770
-0.114145 0.013327 2.501670
-0.081276 0.194915 2.546630
-0.270471 -0.041754 2.469100
-0.442814 0.101170 2.388750
-0.323626 0.281234 2.397630
-0.265427 0.334627 2.412690
0.097069 -0.035154 2.561350
0.250591 0.073539 2.522640
0.149655 0.299247 2.518850
0.087577 0.362164 2.502640
-0.194150 -0.403447 2.372210
-0.171608 -0.543902 2.032730
-0.220449 -0.816144 1.817960
-0.198949 -0.851054 1.732000
0.009390 -0.413555 2.428420
0.091204 -0.552866 2.019650
0.128796 -0.825557 1.902830
0.150748 -0.860514 1.816950
-0.095373 -0.331107 2.421820
-0.107582 -0.279844 2.478340
-0.112362 0.013420 2.500210
-0.078886 0.194361 2.545280
-0.270230 -0.050955 2.464950
-0.421588 0.130563 2.377900
-0.313413 0.368246 2.404470
-0.293179 0.431558 2.396350
0.098466 -0.041354 2.557360
0.228967 0.128159 2.505730
0.147170 0.382716 2.521890
0.102801 0.439080 2.521760
-0.196808 -0.412102 2.373830
-0.183764 -0.546050 1.997250
-0.215756 -0.824958 1.830510
-0.194669 -0.859968 1.744480
0.008756 -0.420931 2.427190
0.094277 -0.552863 2.022600
0.131296 -0.827951 1.903400
0.152931 -0.862853 1.817530
-0.094435 -0.334596 2.421970
-0.105854 -0.283630 2.478130
-0.110343 0.011656 2.498280
-0.081679 0.190960 2.543800
-0.269753 -0.056618 2.462230
-0.386644 0.155636 2.363190
-0.342502 0.409123 2.363320
-0.323182 0.471559 2.367730
0.097225 -0.012993 2.538640
0.209768 0.168667 2.481900
0.207946 0.395566 2.483480
0.183525 0.463952 2.480020
-0.195260 -0.416991 2.375080
-0.190091 -0.548059 1.975960
-0.212182 -0.831284 1.840490
-0.193132 -0.866089 1.753610
0.013862 -0.420686 2.430280
0.096786 -0.553031 2.024980
0.136218 -0.827923 1.903030
0.155728 -0.863072 1.817150
-0.093003 -0.338017 2.422670
-0.103649 -0.288065 2.478510
-0.108087 0.007543 2.496530
-0.085199 0.185444 2.542350
-0.267995 -0.060008 2.460140
-0.353153 0.178305 2.345810
-0.362623 0.426534 2.302560
-0.354993 0.490563 2.300370
0.081853 0.005650 2.524700
0.191816 0.208161 2.456830
0.249971 0.401712 2.422210
0.252913 0.462769 2.402960
-0.192446 -0.420705 2.376630
-0.192783 -0.549012 1.966560
-0.209863 -0.835333 1.847160
-0.192211 -0.870092 1.759840
0.015882 -0.421355 2.432310
0.098965 -0.553353 2.027040
0.142944 -0.826976 1.901670
0.160240 -0.862417 1.815820
-0.091606 -0.341715 2.424090
-0.101970 -0.293107 2.479660
-0.105794 0.001682 2.496220
-0.088434 0.179043 2.541470
-0.266065 -0.062256 2.458630
-0.333164 0.180273 2.315970
-0.359536 0.429669 2.214750
-0.350043 0.486111 2.194770
0.078905 0.005175 2.520710
0.185619 0.200596 2.417600
0.268619 0.376418 2.333710
0.269930 0.425659 2.301230
-0.190272 -0.423496 2.378100
-0.194321 -0.549572 1.960970
-0.208517 -0.838032 1.851820
-0.191442 -0.872855 1.764440
0.016926 -0.423234 2.434480
0.100641 -0.553586 2.028610
0.148087 -0.826286 1.900470
0.164607 -0.861792 1.814530
-0.093132 -0.351960 2.429420
-0.103602 -0.302771 2.483910
-0.104351 -0.003569 2.497930
-0.089727 0.176623 2.542440
-0.264246 -0.064431 2.457890
-0.337142 0.116694 2.293400
-0.307728 0.328934 2.144980
-0.276607 0.377513 2.109950
0.079144 -0.039673 2.528870
0.204890 0.124415 2.390910
0.253606 0.310655 2.252980
0.246379 0.362679 2.210400
-0.190309 -0.428108 2.381100
-0.195365 -0.549837 1.957220
-0.207939 -0.839561 1.854830
-0.190809 -0.874469 1.767680
0.010732 -0.437296 2.442860
0.102355 -0.553372 2.030350
0.151430 -0.825440 1.899580
0.168525 -0.860783 1.813530
-0.093320 -0.356956 2.433190
-0.103951 -0.308144 2.487430
-0.102513 -0.007320 2.502550
-0.089838 0.175240 2.545230
-0.268899 -0.089224 2.461120
-0.345255 0.069659 2.252210
-0.249511 0.248982 2.063660
-0.220373 0.298989 2.037790
0.080157 -0.101924 2.538980
0.223636 0.061604 2.356680
0.227895 0.225497 2.184160
0.215454 0.277417 2.142810
-0.190359 -0.431357 2.383070
-0.195754 -0.550105 1.954810
-0.206964 -0.840827 1.857430
-0.189518 -0.875837 1.770610
0.010863 -0.440699 2.449970
0.104018 -0.552756 2.031890
0.152988 -0.824563 1.899690
0.170203 -0.859849 1.813670
-0.093895 -0.360639 2.437810
-0.105141 -0.312541 2.492430
-0.104162 -0.010184 2.511690
-0.090342 0.176936 2.550380
-0.272792 -0.091743 2.462450
-0.364925 0.003100 2.211720
-0.214168 0.105321 2.025260
-0.183612 0.152988 1.999250
0.077683 -0.116058 2.542400
0.233596 -0.083835 2.378190
0.209937 0.087298 2.163870
0.184478 0.161678 2.094920
-0.193421 -0.434994 2.390040
-0.195009 -0.550225 1.955260
-0.205732 -0.840944 1.859140
-0.187699 -0.875806 1.772580
0.011209 -0.442774 2.454770
0.105668 -0.551724 2.033220
0.153849 -0.823506 1.900070
0.171330 -0.858788 1.814050
-0.092318 -0.393595 2.450420
-0.106041 -0.324928 2.500360
-0.106452 -0.002904 2.520460
-0.089293 0.182110 2.556820
-0.270736 -0.096226 2.463440
-0.388490 -0.079867 2.189450
-0.212068 -0.020744 2.017890
-0.166944 0.011217 1.984120
0.075638 -0.123834 2.545040
0.235501 -0.173562 2.357120
0.187386 -0.029015 2.094270
0.150609 0.026784 2.051650
-0.190465 -0.458482 2.404580
-0.193636 -0.551077 1.957370
-0.204445 -0.841204 1.860350
-0.185667 -0.876045 1.774000
0.010373 -0.475211 2.465500
0.107113 -0.550587 2.034120
0.154379 -0.822967 1.900260
0.172105 -0.858311 1.814210
-0.090056 -0.420095 2.461250
-0.103736 -0.355256 2.514550
-0.106735 -0.002093 2.523850
-0.090214 0.186506 2.561180
-0.265977 -0.099974 2.464330
-0.400820 -0.157180 2.186800
-0.238027 -0.161104 2.029240
-0.184923 -0.152827 1.992530
0.074117 -0.129394 2.545650
0.208474 -0.259546 2.362980
0.207531 -0.176625 2.133480
0.181276 -0.139851 2.081760
-0.183136 -0.492705 2.427380
-0.192543 -0.551921 1.959010
-0.202163 -0.840400 1.861220
-0.182813 -0.875281 1.775060
0.009891 -0.491416 2.471270
0.108342 -0.549567 2.034650
0.154515 -0.822328 1.900480
0.172522 -0.857794 1.814400
-0.090121 -0.441940 2.473630
-0.103435 -0.372555 2.523980
-0.106383 -0.003650 2.525330
-0.091067 0.188669 2.563220
-0.257309 -0.115958 2.457380
-0.399852 -0.234468 2.205740
-0.223292 -0.272617 2.046790
-0.167497 -0.266430 2.013670
0.072899 -0.136716 2.541030
0.185444 -0.312032 2.401730
0.190532 -0.254895 2.176100
0.166877 -0.308024 2.094320
-0.181307 -0.514912 2.445730
-0.191268 -0.553024 1.962710
-0.199241 -0.838077 1.861340
-0.179508 -0.873311 1.775410
0.005455 -0.521658 2.489310
0.109273 -0.548789 2.035010
0.153894 -0.819830 1.900640
0.172403 -0.855778 1.814640
-0.090444 -0.456850 2.479570
-0.103123 -0.386688 2.529030
-0.104391 -0.010767 2.523180
-0.091915 0.189305 2.563770
-0.250355 -0.132434 2.448910
-0.385318 -0.316765 2.231570
-0.251132 -0.362631 2.067830
-0.183593 -0.376904 2.018200
0.076195 -0.156187 2.523690
0.156897 -0.366889 2.408490
0.161821 -0.392378 2.188810
0.154503 -0.396648 2.124930
-0.181559 -0.528468 2.454200
-0.190855 -0.556937 1.966690
-0.196523 -0.836844 1.860290
-0.176842 -0.872467 1.774630
0.004083 -0.538226 2.495510
0.110040 -0.548097 2.035190
0.153153 -0.818249 1.900760
0.171911 -0.854524 1.814810
-0.087090 -0.471650 2.468970
-0.099630 -0.403198 2.519790
-0.099263 -0.028399 2.512220
-0.092887 0.185056 2.559820
-0.245354 -0.148437 2.440460
-0.364824 -0.353885 2.288470
-0.288919 -0.443863 2.115370
-0.250264 -0.468653 2.067130
0.079352 -0.171141 2.511940
0.123167 -0.419380 2.419460
0.171611 -0.496958 2.227290
0.166930 -0.576015 2.144720
-0.182454 -0.540165 2.448140
-0.189804 -0.541299 1.989310
-0.193905 -0.834414 1.862690
-0.174138 -0.870284 1.777090
0.017131 -0.558574 2.467740
0.111356 -0.542792 2.038960
0.150633 -0.819076 1.903200
0.169705 -0.855462 1.817270
-0.084818 -0.480529 2.459350
-0.097146 -0.413625 2.510910
-0.095091 -0.041618 2.502500
-0.093210 0.172569 2.545300
-0.242176 -0.163036 2.432390
-0.340974 -0.404057 2.334140
-0.300642 -0.505389 2.156840
-0.277754 -0.541305 2.105720
0.079637 -0.184077 2.501810
0.109302 -0.436422 2.424460
0.161851 -0.569589 2.239270
0.165349 -0.638571 2.139100
-0.183598 -0.547934 2.436900
-0.189448 -0.536035 1.998100
-0.191543 -0.833141 1.864960
-0.171704 -0.869200 1.779420
0.023020 -0.566976 2.454180
0.112175 -0.539373 2.041410
0.146421 -0.820968 1.906950
0.165794 -0.857453 1.821060
-0.084498 -0.486435 2.447530
-0.096418 -0.420902 2.499710
-0.091960 -0.051417 2.492650
-0.092546 0.162784 2.530200
-0.240159 -0.171299 2.427320
-0.313256 -0.432926 2.364400
-0.299060 -0.552340 2.186410
-0.290038 -0.627949 2.126710
0.079464 -0.190976 2.496210
0.089425 -0.454731 2.430080
0.156571 -0.586718 2.244640
0.105533 -0.542529 1.985710
-0.186790 -0.552062 2.416980
-0.189135 -0.534107 2.002120
-0.189550 -0.833675 1.867720
-0.169567 -0.869935 1.782320
0.024723 -0.571782 2.446090
0.112642 -0.537389 2.042840
0.142125 -0.823334 1.910700
0.161827 -0.859891 1.824870
-0.083462 -0.488763 2.436110
-0.095302 -0.424264 2.488410
-0.089305 -0.057344 2.483320
-0.091575 0.157428 2.518890
-0.238357 -0.176375 2.423350
-0.296749 -0.431771 2.373540
-0.290809 -0.559591 2.202470
-0.289452 -0.633847 2.145360
0.079399 -0.195264 2.492660
0.076968 -0.398638 2.371210
0.125380 -0.542390 2.191350
0.099788 -0.543308 1.968760
-0.185747 -0.552795 2.397230
-0.188873 -0.532896 2.005030
-0.187822 -0.835583 1.871540
-0.167523 -0.872089 1.786350
0.025552 -0.573699 2.440310
0.112937 -0.536028 2.043840
0.138476 -0.825680 1.914300
0.158623 -0.862278 1.828540
-0.080850 -0.487538 2.426620
-0.093094 -0.423910 2.479050
-0.087445 -0.059690 2.476050
-0.088274 0.155951 2.506940
-0.237119 -0.179084 2.420220
-0.278647 -0.428005 2.383350
-0.289102 -0.551810 2.210720
-0.288196 -0.627024 2.159010
0.079090 -0.197619 2.489900
0.064663 -0.421683 2.396890
0.123160 -0.562279 2.208760
0.088754 -0.553071 1.937300
-0.182048 -0.551307 2.384490
-0.188654 -0.532294 2.007010
-0.186363 -0.837780 1.875360
-0.165769 -0.874460 1.790320
0.026852 -0.571177 2.435350
0.113131 -0.535061 2.044550
0.135727 -0.827694 1.917120
0.156229 -0.864316 1.831440
-0.078370 -0.484867 2.419820
-0.090988 -0.421477 2.472020
-0.086217 -0.058705 2.469290
-0.085861 0.157460 2.498220
-0.236029 -0.177966 2.416630
-0.268551 -0.422772 2.387420
-0.288444 -0.564645 2.223850
-0.281466 -0.610357 2.165760
0.078256 -0.196275 2.487340
0.062913 -0.419821 2.406970
0.121840 -0.551664 2.216750
0.087877 -0.525229 1.924890
-0.178712 -0.549361 2.377110
-0.188507 -0.532236 2.008040
-0.185321 -0.839604 1.878370
-0.164476 -0.876420 1.793440
0.028007 -0.565251 2.431140
0.113261 -0.534365 2.045070
0.133801 -0.829291 1.919100
0.154575 -0.865951 1.833510
-0.076504 -0.481070 2.415030
-0.089407 -0.417406 2.466860
-0.085697 -0.054912 2.463460
-0.083111 0.163443 2.489430
-0.235224 -0.172624 2.412550
-0.265404 -0.411048 2.384000
-0.281083 -0.536038 2.214220
-0.274172 -0.588169 2.165370
0.076932 -0.189502 2.484450
0.072805 -0.369870 2.372960
0.099067 -0.464215 2.127240
0.091786 -0.494553 1.931180
-0.176134 -0.546811 2.372700
-0.188409 -0.532621 2.008300
-0.184497 -0.841233 1.880930
-0.163465 -0.878147 1.796070
0.028538 -0.557806 2.428120
0.113348 -0.533860 2.045450
0.132338 -0.830590 1.920550
0.153307 -0.867292 1.835040
-0.075194 -0.477486 2.412040
-0.088275 -0.413315 2.463580
-0.085802 -0.049254 2.459320
-0.081745 0.170614 2.482360
-0.234487 -0.165589 2.408900
-0.266860 -0.399470 2.378420
-0.280075 -0.507023 2.199610
-0.270020 -0.563479 2.158910
0.076243 -0.179530 2.481290
0.082670 -0.335723 2.349880
0.089526 -0.434744 2.097040
0.094692 -0.480503 1.938600
-0.174047 -0.544247 2.370300
-0.188362 -0.533338 2.007880
-0.183918 -0.842566 1.882890
-0.162784 -0.879535 1.798060
0.028635 -0.551531 2.426430
0.113403 -0.533486 2.045730
0.131245 -0.831519 1.921430
0.152329 -0.868255 1.835970
-0.074438 -0.473321 2.410060
-0.087610 -0.408497 2.461400
-0.086176 -0.042479 2.456470
-0.081287 0.177701 2.477230
-0.234180 -0.159651 2.406260
-0.270351 -0.390224 2.372890
-0.281741 -0.482793 2.185220
-0.282735 -0.517093 2.134900
0.076099 -0.171803 2.478700
0.100107 -0.351184 2.401350
0.170291 -0.454305 2.232700
0.188132 -0.494319 2.177350
-0.172509 -0.541120 2.369190
-0.188283 -0.534310 2.006860
-0.183378 -0.843821 1.884610
-0.162212 -0.880817 1.799760
0.028338 -0.546200 2.425480
0.113443 -0.533213 2.045930
0.130480 -0.832196 1.921920
0.151627 -0.868961 1.836490
-0.074059 -0.469938 2.408980
-0.087176 -0.404602 2.460190
-0.086519 -0.037329 2.454520
-0.081114 0.182699 2.474030
-0.234354 -0.155079 2.404410
-0.278481 -0.381281 2.365250
-0.285613 -0.464986 2.172710
-0.294366 -0.501242 2.128230
0.076330 -0.165989 2.476020
0.115272 -0.355457 2.417090
0.171117 -0.440932 2.229640
0.195408 -0.487590 2.206120
-0.171547 -0.538378 2.369080
-0.188120 -0.535453 2.004990
-0.182908 -0.844855 1.885980
-0.161811 -0.881856 1.801080
0.028031 -0.542461 2.424980
0.113472 -0.533011 2.046080
0.129907 -0.832737 1.922140
0.151035 -0.869544 1.836720
-0.073929 -0.467596 2.408440
-0.086861 -0.401821 2.459590
-0.086765 -0.034151 2.452730
-0.081147 0.185790 2.471870
-0.234684 -0.151999 2.403110
-0.286163 -0.375685 2.359700
-0.289325 -0.455716 2.165850
-0.303806 -0.488901 2.118810
0.076616 -0.162408 2.472900
0.125859 -0.363114 2.426600
0.187986 -0.452961 2.254150
0.208923 -0.489888 2.240050
-0.171201 -0.536481 2.369950
-0.187647 -0.537387 2.001950
-0.182469 -0.845928 1.887040
-0.161574 -0.882944 1.802080
0.027751 -0.540033 2.424720
0.113500 -0.532860 2.046190
0.129529 -0.833160 1.922090
0.150515 -0.870022 1.836620
-0.073950 -0.466087 2.408150
-0.086661 -0.400029 2.459160
-0.087032 -0.032199 2.450900
-0.081247 0.187529 2.470250
-0.235288 -0.150194 2.402080
-0.296208 -0.372680 2.354490
-0.293575 -0.451146 2.160960
-0.307114 -0.482520 2.112910
0.077057 -0.160895 2.469010
0.138242 -0.372328 2.426330
0.201290 -0.471322 2.261790
0.219844 -0.498380 2.255910
-0.171467 -0.535419 2.371570
-0.187173 -0.539410 1.997930
-0.182000 -0.846776 1.887680
-0.161368 -0.883804 1.802660
0.027579 -0.538579 2.424450
0.113529 -0.532757 2.046270
0.129315 -0.833518 1.921830
0.150045 -0.870455 1.836290
