0.113070 -0.434880 2.421090
0.113356 -0.392161 2.477450
0.129432 -0.086565 2.536290
0.131785 0.101135 2.530870
-0.018315 -0.182620 2.507320
-0.040653 -0.392327 2.419710
-0.020623 -0.580669 2.210800
-0.025765 -0.648838 2.175090
0.304903 -0.196215 2.523430
0.326045 -0.420702 2.412150
0.335721 -0.606075 2.200500
0.364620 -0.678645 2.078100
0.022575 -0.493586 2.399450
0.038145 -0.618483 2.124330
-0.124058 -0.802690 2.207570
-0.060244 -0.808641 2.128070
0.196274 -0.513001 2.392990
0.370524 -0.581243 2.144540
0.324571 -0.817009 2.123900
0.364902 -0.823773 2.054720
0.113133 -0.434129 2.421370
0.113447 -0.391468 2.477640
0.129714 -0.086603 2.536350
0.131943 0.100998 2.530860
-0.018344 -0.182648 2.507330
-0.040670 -0.392212 2.419850
-0.020732 -0.580403 2.210970
-0.025743 -0.648569 2.175390
0.304904 -0.196224 2.523550
0.325880 -0.421316 2.412150
0.335668 -0.606296 2.200410
0.364621 -0.678596 2.078050
0.022787 -0.492836 2.399650
0.037624 -0.618177 2.125270
-0.124060 -0.802692 2.207540
-0.060407 -0.808487 2.127900
0.196085 -0.512261 2.393290
0.370011 -0.581132 2.145170
0.326792 -0.817337 2.119910
0.365559 -0.824678 2.053390
0.113180 -0.433561 2.421590
0.113518 -0.390928 2.477780
0.129977 -0.086637 2.536410
0.132098 0.100862 2.530870
-0.018365 -0.182671 2.507350
-0.040688 -0.392062 2.420000
-0.020888 -0.580060 2.211130
-0.025688 -0.648277 2.175760
0.304906 -0.196236 2.523660
0.325921 -0.420567 2.413080
0.335645 -0.605478 2.201350
0.364624 -0.678566 2.077990
0.022948 -0.492264 2.399790
0.037272 -0.617956 2.125960
-0.124062 -0.802695 2.207500
-0.060509 -0.808393 2.127790
0.195938 -0.511694 2.393530
0.369639 -0.581045 2.145650
0.328763 -0.817914 2.116830
0.366169 -0.825371 2.051980
0.113214 -0.433123 2.421750
0.113573 -0.390504 2.477900
0.130213 -0.086669 2.536460
0.132242 0.100716 2.530880
-0.018382 -0.182693 2.507370
-0.040694 -0.392001 2.420100
-0.020986 -0.579877 2.211220
-0.025645 -0.648123 2.175990
0.304911 -0.196251 2.523770
0.325914 -0.419722 2.414100
0.335600 -0.604615 2.202380
0.364625 -0.678543 2.077940
0.023069 -0.491825 2.399900
0.037131 -0.617829 2.126470
-0.124067 -0.802705 2.207460
-0.060566 -0.808356 2.127710
0.195823 -0.511257 2.393700
0.369364 -0.580981 2.146000
0.330026 -0.818381 2.115060
0.366510 -0.825808 2.051170
0.113241 -0.432788 2.421870
0.113616 -0.390172 2.477990
0.130425 -0.086699 2.536510
0.132380 0.100589 2.530900
-0.018394 -0.182712 2.507380
-0.040698 -0.391948 2.420190
-0.021047 -0.579741 2.211300
-0.025622 -0.647996 2.176140
0.304920 -0.196267 2.523880
0.325920 -0.418831 2.415170
0.335561 -0.603734 2.203430
0.364628 -0.678526 2.077890
0.023162 -0.491487 2.399980
0.037386 -0.617741 2.126810
-0.124074 -0.802715 2.207420
-0.060611 -0.808330 2.127650
0.195732 -0.510920 2.393840
0.369164 -0.580930 2.146270
0.330745 -0.818693 2.114150
0.366668 -0.826103 2.050810
0.113260 -0.432531 2.421960
0.113649 -0.389912 2.478060
0.130611 -0.086728 2.536560
0.132502 0.100474 2.530930
-0.018406 -0.182729 2.507400
-0.040703 -0.391885 2.420280
-0.021111 -0.579594 2.211390
-0.025595 -0.647868 2.176290
0.304933 -0.196282 2.523990
0.325914 -0.418460 2.415650
0.335541 -0.603351 2.203910
0.364630 -0.678511 2.077840
0.023233 -0.491228 2.400040
0.037790 -0.617727 2.127030
-0.124085 -0.802728 2.207370
-0.060627 -0.808342 2.127610
0.195664 -0.510661 2.393940
0.369017 -0.580892 2.146470
0.331217 -0.819090 2.113750
0.366717 -0.826347 2.050580
0.113275 -0.432335 2.422030
0.113675 -0.389708 2.478120
0.130773 -0.086753 2.536600
0.132600 0.100390 2.530940
-0.018415 -0.182744 2.507420
-0.040707 -0.391829 2.420360
-0.021164 -0.579476 2.211460
-0.025576 -0.647766 2.176410
0.304947 -0.196297 2.524090
0.325913 -0.418254 2.415930
0.335532 -0.603127 2.204180
0.364635 -0.678498 2.077790
0.023287 -0.491030 2.400080
0.038264 -0.617756 2.127140
-0.124096 -0.802740 2.207330
-0.060625 -0.808386 2.127590
0.195610 -0.510461 2.394020
0.368909 -0.580865 2.146630
0.331527 -0.819528 2.113610
0.366721 -0.826531 2.050420
0.113286 -0.432184 2.422090
0.113696 -0.389547 2.478160
0.130918 -0.086773 2.536640
0.132684 0.100327 2.530950
-0.018423 -0.182758 2.507440
-0.040699 -0.391809 2.420400
-0.021191 -0.579415 2.211500
-0.025562 -0.647709 2.176470
0.304959 -0.196309 2.524190
0.325400 -0.418873 2.415450
0.335376 -0.603646 2.203730
0.364640 -0.678485 2.077740
0.023329 -0.490878 2.400110
0.038751 -0.617846 2.127210
-0.124108 -0.802754 2.207280
-0.060621 -0.808432 2.127570
0.195569 -0.510304 2.394080
0.368831 -0.580847 2.146740
0.331734 -0.819954 2.113580
0.366719 -0.826666 2.050290
0.113295 -0.432066 2.422130
0.113713 -0.389417 2.478190
0.131048 -0.086790 2.536680
0.132744 0.100317 2.530950
-0.018429 -0.182771 2.507460
-0.040648 -0.391829 2.420450
-0.021210 -0.579372 2.211520
-0.025529 -0.647680 2.176520
0.304971 -0.196319 2.524300
0.324904 -0.419569 2.414870
0.335218 -0.604283 2.203170
0.364644 -0.678478 2.077690
0.023362 -0.490759 2.400140
0.039412 -0.617939 2.127210
-0.124128 -0.802762 2.207230
-0.060617 -0.808477 2.127560
0.195537 -0.510177 2.394130
0.368776 -0.580839 2.146830
0.331698 -0.820515 2.114130
0.366536 -0.826758 2.050400
0.113303 -0.431977 2.422160
0.113727 -0.389316 2.478220
0.131161 -0.086804 2.536710
0.132790 0.100314 2.530940
-0.018433 -0.182783 2.507480
-0.040543 -0.392204 2.420340
-0.021207 -0.579604 2.211350
-0.025451 -0.647929 2.176340
0.304974 -0.196331 2.524380
0.324488 -0.420281 2.414250
0.335083 -0.604970 2.202540
0.364646 -0.678472 2.077650
0.023390 -0.490667 2.400150
0.040082 -0.618039 2.127160
-0.124144 -0.802764 2.207190
-0.060608 -0.808523 2.127560
0.195512 -0.510078 2.394160
0.368735 -0.580829 2.146900
0.331754 -0.820911 2.114430
0.366450 -0.826789 2.050400
0.113310 -0.431910 2.422180
0.113739 -0.389236 2.478240
0.131266 -0.086816 2.536740
0.132827 0.100329 2.530930
-0.018436 -0.182793 2.507500
-0.040517 -0.392294 2.420320
-0.021193 -0.579669 2.211340
-0.025441 -0.647976 2.176290
0.304976 -0.196344 2.524470
0.324381 -0.420391 2.414140
0.335044 -0.605099 2.202440
0.364649 -0.678466 2.077610
0.023414 -0.490597 2.400160
0.040718 -0.618167 2.127110
-0.124160 -0.802764 2.207140
-0.060585 -0.808577 2.127560
0.195493 -0.510002 2.394190
0.368701 -0.580825 2.146950
0.331783 -0.821294 2.114730
0.366367 -0.826799 2.050390
0.113315 -0.431855 2.422190
0.113749 -0.389170 2.478250
0.131359 -0.086828 2.536770
0.132862 0.100319 2.530900
-0.018440 -0.182802 2.507510
-0.040503 -0.392352 2.420310
-0.021180 -0.579728 2.211330
-0.025442 -0.648009 2.176220
0.304978 -0.196358 2.524530
0.324429 -0.420216 2.414240
0.335043 -0.605069 2.202590
0.364649 -0.678487 2.077580
0.023433 -0.490541 2.400170
0.041652 -0.618309 2.127040
-0.124160 -0.802771 2.207110
-0.060556 -0.808636 2.127560
0.195477 -0.509938 2.394210
0.368677 -0.580823 2.146980
0.315336 -0.818662 2.145310
0.361754 -0.826171 2.058460
0.113320 -0.431811 2.422210
0.113759 -0.389115 2.478260
0.131446 -0.086839 2.536800
0.132890 0.100318 2.530870
-0.018444 -0.182811 2.507520
-0.040499 -0.392396 2.420300
-0.021167 -0.579781 2.211330
-0.025453 -0.648033 2.176150
0.304980 -0.196373 2.524580
0.324432 -0.420221 2.414220
0.335036 -0.605134 2.202600
0.364650 -0.678515 2.077550
0.023450 -0.490495 2.400170
0.042487 -0.618411 2.126970
-0.124151 -0.802775 2.207070
-0.060519 -0.808692 2.127560
0.195464 -0.509885 2.394230
0.368658 -0.580821 2.147010
0.317591 -0.820025 2.142650
0.361316 -0.826004 2.058950
0.113324 -0.431776 2.422210
0.113767 -0.389069 2.478270
0.131525 -0.086849 2.536820
0.132910 0.100310 2.530830
-0.018447 -0.182820 2.507540
-0.040498 -0.392442 2.420270
-0.021149 -0.579851 2.211330
-0.025472 -0.648068 2.176060
0.304972 -0.196386 2.524630
0.324438 -0.420263 2.414150
0.335032 -0.605238 2.202560
0.364648 -0.678540 2.077530
0.023466 -0.490457 2.400170
0.043235 -0.618502 2.126900
-0.124139 -0.802778 2.207040
-0.060482 -0.808747 2.127550
0.195453 -0.509839 2.394240
0.368647 -0.580820 2.147030
0.319561 -0.821023 2.140490
0.360875 -0.825900 2.059590
0.113328 -0.431746 2.422220
0.113774 -0.389030 2.478280
0.131590 -0.086858 2.536840
0.132920 0.100296 2.530790
-0.018455 -0.182832 2.507550
-0.040499 -0.392509 2.420220
-0.021117 -0.579961 2.211310
-0.025499 -0.648130 2.175930
0.304963 -0.196399 2.524670
0.324445 -0.420352 2.414040
0.335034 -0.605390 2.202490
0.364649 -0.678557 2.077510
0.023481 -0.490423 2.400160
0.043666 -0.618579 2.126840
-0.124128 -0.802784 2.207020
-0.060443 -0.808808 2.127550
0.195443 -0.509798 2.394250
0.368641 -0.580819 2.147050
0.320890 -0.821630 2.139070
0.360512 -0.825836 2.060160
0.113329 -0.431718 2.422220
0.113780 -0.388994 2.478280
0.131643 -0.086869 2.536860
0.132924 0.100280 2.530750
-0.018464 -0.182844 2.507570
-0.040510 -0.392534 2.420190
-0.021105 -0.580004 2.211310
-0.025526 -0.648146 2.175850
0.304955 -0.196410 2.524700
0.324464 -0.420747 2.413650
0.335050 -0.605869 2.202110
0.364650 -0.678568 2.077490
0.023494 -0.490392 2.400160
0.043987 -0.618636 2.126790
-0.124092 -0.802791 2.206980
-0.060354 -0.808894 2.127560
0.195432 -0.509760 2.394260
0.368639 -0.580816 2.147070
0.322191 -0.822066 2.137480
0.360241 -0.825786 2.060580
0.113330 -0.431692 2.422220
0.113784 -0.388961 2.478290
0.131688 -0.086878 2.536870
0.132925 0.100273 2.530690
-0.018474 -0.182856 2.507590
-0.040526 -0.392542 2.420170
-0.021097 -0.580031 2.211310
-0.025553 -0.648147 2.175800
0.304944 -0.196420 2.524730
0.324477 -0.421194 2.413210
0.335079 -0.606354 2.201670
0.364652 -0.678572 2.077480
0.023505 -0.490364 2.400150
0.044190 -0.618675 2.126760
-0.124048 -0.802795 2.206950
-0.060279 -0.808975 2.127560
0.195421 -0.509723 2.394260
0.368641 -0.580809 2.147080
0.323226 -0.822316 2.136080
0.360038 -0.825745 2.060900
0.113329 -0.431661 2.422220
0.113787 -0.388922 2.478290
0.131725 -0.086884 2.536890
0.132926 0.100293 2.530620
-0.018489 -0.182868 2.507610
-0.040542 -0.392562 2.420150
-0.021097 -0.580050 2.211290
-0.025566 -0.648158 2.175770
0.304935 -0.196427 2.524750
0.324467 -0.421623 2.412800
0.335090 -0.606829 2.201270
0.364653 -0.678575 2.077470
0.023515 -0.490333 2.400140
0.044336 -0.618697 2.126730
-0.124006 -0.802787 2.206920
-0.060212 -0.809037 2.127560
0.195406 -0.509682 2.394260
0.368644 -0.580800 2.147100
0.325129 -0.841865 2.120480
0.343787 -0.872553 2.034510
0.113329 -0.431629 2.422220
0.113791 -0.388883 2.478290
0.131762 -0.086888 2.536900
0.132924 0.100314 2.530550
-0.018505 -0.182881 2.507630
-0.040568 -0.392562 2.420130
-0.021112 -0.580037 2.211250
-0.025577 -0.648162 2.175750
0.304927 -0.196434 2.524770
0.324441 -0.421662 2.412730
0.335083 -0.606916 2.201220
0.364654 -0.678577 2.077470
0.023525 -0.490303 2.400140
0.044445 -0.618715 2.126720
-0.123966 -0.802772 2.206890
-0.060168 -0.809077 2.127550
0.195393 -0.509641 2.394250
0.368644 -0.580790 2.147110
0.326446 -0.853987 2.110700
0.337079 -0.892613 2.023020
0.113327 -0.431595 2.422230
0.113794 -0.388842 2.478290
0.131795 -0.086892 2.536910
0.132921 0.100335 2.530490
-0.018524 -0.182890 2.507650
-0.040589 -0.392574 2.420100
-0.021118 -0.580045 2.211230
-0.025589 -0.648170 2.175730
0.304917 -0.196440 2.524790
0.324304 -0.421898 2.412420
0.335051 -0.607187 2.200980
0.364655 -0.678580 2.077460
0.023533 -0.490274 2.400130
0.044510 -0.618734 2.126710
-0.123929 -0.802755 2.206860
-0.060086 -0.809143 2.127570
0.195378 -0.509596 2.394250
0.368645 -0.580786 2.147120
0.326685 -0.860788 2.106470
0.333046 -0.902988 2.018400
0.113325 -0.431561 2.422230
0.113796 -0.388802 2.478300
0.131824 -0.086896 2.536920
0.132899 0.100372 2.530400
-0.018544 -0.182898 2.507660
-0.040660 -0.392542 2.420070
-0.021161 -0.580008 2.211200
-0.025610 -0.648162 2.175730
0.304904 -0.196446 2.524800
0.324164 -0.422169 2.412060
0.335021 -0.607486 2.200680
0.364657 -0.678581 2.077450
0.023541 -0.490246 2.400130
0.044555 -0.618742 2.126700
-0.123886 -0.802728 2.206830
-0.060026 -0.809188 2.127570
0.195361 -0.509549 2.394250
0.368645 -0.580783 2.147120
0.331387 -0.849073 2.101600
0.356274 -0.861357 2.027000
0.113322 -0.431506 2.422230
0.113797 -0.388748 2.478310
0.131852 -0.086899 2.536930
0.132878 0.100410 2.530320
-0.018565 -0.182905 2.507680
-0.040754 -0.392471 2.420040
-0.021207 -0.579961 2.211190
-0.025640 -0.648138 2.175740
0.304894 -0.196451 2.524820
0.324158 -0.421864 2.412190
0.335017 -0.607277 2.200870
0.364659 -0.678581 2.077450
0.023550 -0.490206 2.400130
0.044549 -0.618756 2.126700
-0.123846 -0.802699 2.206800
-0.059850 -0.809282 2.127650
0.195340 -0.509485 2.394250
0.368645 -0.580780 2.147130
0.331741 -0.852495 2.099310
0.350986 -0.873437 2.023440
0.113320 -0.431439 2.422240
0.113800 -0.388686 2.478310
0.131876 -0.086902 2.536930
0.132849 0.100445 2.530250
-0.018589 -0.182912 2.507700
-0.040856 -0.392384 2.420000
-0.021259 -0.579902 2.211170
-0.025672 -0.648108 2.175760
0.304884 -0.196454 2.524840
0.323879 -0.422153 2.411940
0.334941 -0.607513 2.200670
0.364660 -0.678581 2.077440
0.023562 -0.490158 2.400130
0.044521 -0.618768 2.126700
-0.123807 -0.802674 2.206780
-0.059750 -0.809344 2.127680
0.195319 -0.509401 2.394250
0.368646 -0.580778 2.147130
0.331715 -0.855606 2.098090
0.347655 -0.880301 2.022390
0.113319 -0.431371 2.422240
0.113803 -0.388623 2.478320
0.131899 -0.086903 2.536940
0.132811 0.100482 2.530160
-0.018614 -0.182919 2.507720
-0.040982 -0.392257 2.419960
-0.021320 -0.579827 2.211170
-0.025714 -0.648058 2.175780
0.304871 -0.196458 2.524850
0.323973 -0.421187 2.412740
0.334947 -0.606656 2.201540
0.364661 -0.678581 2.077440
0.023574 -0.490109 2.400120
0.044527 -0.618770 2.126700
-0.123759 -0.802642 2.206750
-0.059670 -0.809394 2.127700
0.195298 -0.509316 2.394250
0.368646 -0.580776 2.147140
0.331489 -0.858349 2.097350
0.344625 -0.886132 2.021510
0.113317 -0.431300 2.422250
0.113806 -0.388558 2.478320
0.131920 -0.086904 2.536950
0.132764 0.100555 2.530070
-0.018640 -0.182928 2.507730
-0.041109 -0.392125 2.419920
-0.021384 -0.579746 2.211160
-0.025756 -0.648004 2.175810
0.304858 -0.196462 2.524860
0.323844 -0.421081 2.412810
0.334922 -0.606564 2.201640
0.364662 -0.678580 2.077430
0.023588 -0.490058 2.400120
0.044530 -0.618769 2.126700
-0.123711 -0.802597 2.206720
-0.059606 -0.809430 2.127720
0.195276 -0.509223 2.394260
0.368646 -0.580774 2.147140
0.329744 -0.841602 2.106880
0.356407 -0.851211 2.040840
0.113316 -0.431208 2.422260
0.113809 -0.388481 2.478330
0.131939 -0.086904 2.536960
0.132714 0.100646 2.529980
-0.018671 -0.182936 2.507750
-0.041223 -0.391989 2.419870
-0.021438 -0.579672 2.211170
-0.025800 -0.647946 2.175830
0.304847 -0.196465 2.524870
0.323731 -0.421012 2.412850
0.334895 -0.606504 2.201710
0.364662 -0.678580 2.077430
0.023602 -0.490000 2.400120
0.044518 -0.618750 2.126700
-0.123675 -0.802553 2.206700
-0.059564 -0.809455 2.127730
0.195251 -0.509110 2.394270
0.368645 -0.580775 2.147140
0.330454 -0.833831 2.107380
0.367015 -0.833077 2.045300
0.113312 -0.431113 2.422270
0.113811 -0.388401 2.478340
0.131957 -0.086904 2.536960
0.132666 0.100736 2.529900
-0.018701 -0.182941 2.507770
-0.041352 -0.391823 2.419830
-0.021508 -0.579575 2.211180
-0.025849 -0.647869 2.175870
0.304828 -0.196470 2.524880
0.323535 -0.421935 2.411890
0.334830 -0.607427 2.200770
0.364662 -0.678579 2.077430
0.023616 -0.489938 2.400110
0.044458 -0.618732 2.126700
-0.123653 -0.802496 2.206660
-0.059536 -0.809470 2.127730
0.195214 -0.508982 2.394280
0.368643 -0.580777 2.147150
0.331034 -0.829030 2.108140
0.371127 -0.824923 2.047580
0.113308 -0.431012 2.422280
0.113813 -0.388317 2.478350
0.131975 -0.086904 2.536970
0.132619 0.100821 2.529820
-0.018738 -0.182941 2.507790
-0.041405 -0.391749 2.419820
-0.021545 -0.579527 2.211190
-0.025876 -0.647828 2.175890
0.304808 -0.196474 2.524890
0.323438 -0.422533 2.411270
0.334807 -0.608030 2.200160
0.364662 -0.678578 2.077430
0.023630 -0.489869 2.400110
0.044400 -0.618711 2.126720
-0.123633 -0.802436 2.206630
-0.059514 -0.809481 2.127740
0.195177 -0.508852 2.394300
0.368641 -0.580781 2.147150
0.331083 -0.825588 2.109980
0.373046 -0.820015 2.049720
0.113304 -0.430911 2.422290
0.113816 -0.388235 2.478360
0.131992 -0.086905 2.536970
0.132564 0.100931 2.529730
-0.018772 -0.182944 2.507810
-0.041433 -0.391716 2.419800
-0.021570 -0.579507 2.211180
-0.025888 -0.647813 2.175890
0.304787 -0.196479 2.524890
0.323619 -0.422178 2.411590
0.334864 -0.607734 2.200490
0.364664 -0.678580 2.077420
0.023646 -0.489797 2.400110
0.041414 -0.617309 2.126070
-0.123615 -0.802371 2.206600
-0.059497 -0.809487 2.127740
0.195138 -0.508719 2.394310
0.368638 -0.580790 2.147150
0.331112 -0.823333 2.111260
0.374308 -0.816684 2.051190
0.113301 -0.430791 2.422310
0.113819 -0.388141 2.478370
0.132009 -0.086905 2.536980
0.132512 0.101039 2.529640
-0.018808 -0.182944 2.507830
-0.041440 -0.391718 2.419760
-0.021588 -0.579517 2.211160
-0.025897 -0.647822 2.175880
0.304773 -0.196483 2.524900
0.324071 -0.420994 2.412500
0.335013 -0.606750 2.201470
0.364668 -0.678587 2.077410
0.023668 -0.489702 2.400110
0.040475 -0.616712 2.125840
-0.123600 -0.802311 2.206570
-0.059483 -0.809493 2.127740
0.195098 -0.508585 2.394330
0.368634 -0.580799 2.147150
0.331047 -0.821759 2.112370
0.374810 -0.814633 2.052400
0.113299 -0.430668 2.422320
0.113823 -0.388044 2.478380
0.132026 -0.086906 2.536980
0.132454 0.101142 2.529540
-0.018843 -0.182945 2.507850
-0.041437 -0.391750 2.419710
-0.021601 -0.579551 2.211140
-0.025907 -0.647850 2.175850
0.304759 -0.196486 2.524910
0.324685 -0.419487 2.413740
0.335181 -0.605518 2.202830
0.364669 -0.678599 2.077410
0.023694 -0.489595 2.400100
0.039944 -0.616375 2.125720
-0.123590 -0.802254 2.206530
-0.059473 -0.809498 2.127740
0.195058 -0.508450 2.394340
0.368627 -0.580814 2.147150
0.331259 -0.820702 2.112530
0.375357 -0.814098 2.051870
0.113299 -0.430549 2.422330
0.113827 -0.387951 2.478390
0.132043 -0.086907 2.536980
0.132399 0.101221 2.529460
-0.018871 -0.182947 2.507860
-0.041423 -0.391800 2.419650
-0.021604 -0.579603 2.211100
-0.025918 -0.647890 2.175800
0.304746 -0.196488 2.524920
0.325236 -0.418130 2.414850
0.335322 -0.604387 2.204080
0.364669 -0.678610 2.077410
0.023726 -0.489485 2.400090
0.039558 -0.616123 2.125630
-0.123577 -0.802205 2.206510
-0.059466 -0.809502 2.127740
0.195023 -0.508320 2.394350
0.368624 -0.580820 2.147150
0.329164 -0.835498 2.110410
0.348297 -0.868521 2.034450
0.113309 -0.430418 2.422350
0.113839 -0.387848 2.478400
0.132060 -0.086908 2.536990
0.132353 0.101299 2.529380
-0.018895 -0.182948 2.507870
-0.041392 -0.391886 2.419570
-0.021566 -0.579695 2.211050
-0.025937 -0.647949 2.175700
0.304733 -0.196490 2.524920
0.325255 -0.419607 2.413090
0.335384 -0.605937 2.202500
0.364672 -0.678627 2.077400
0.023778 -0.489360 2.400080
0.039292 -0.615939 2.125570
-0.123532 -0.802139 2.206480
-0.059449 -0.809499 2.127730
0.194996 -0.508167 2.394380
0.368621 -0.580826 2.147150
0.328941 -0.835709 2.111170
0.350989 -0.860085 2.038550
0.113321 -0.430288 2.422360
0.113851 -0.387746 2.478410
0.132076 -0.086910 2.536990
0.132310 0.101350 2.529310
-0.018919 -0.182949 2.507880
-0.041354 -0.391985 2.419490
-0.021518 -0.579805 2.210990
-0.025957 -0.648016 2.175580
0.304722 -0.196492 2.524930
0.325382 -0.419220 2.413240
0.335422 -0.605664 2.202760
0.364675 -0.678644 2.077390
0.023831 -0.489234 2.400070
0.038485 -0.615597 2.125450
-0.123491 -0.802088 2.206450
-0.059432 -0.809497 2.127710
0.194972 -0.508019 2.394400
0.368616 -0.580832 2.147150
0.313074 -0.824612 2.144750
0.348752 -0.843981 2.059870
0.113332 -0.430163 2.422370
0.113864 -0.387648 2.478420
0.132091 -0.086911 2.536990
0.132272 0.101390 2.529250
-0.018944 -0.182951 2.507890
-0.041329 -0.392034 2.419440
-0.021484 -0.579873 2.210970
-0.025977 -0.648046 2.175500
0.304708 -0.196497 2.524930
0.325536 -0.418687 2.413550
0.335466 -0.605231 2.203190
0.364678 -0.678662 2.077370
0.023884 -0.489112 2.400060
0.038230 -0.615440 2.125400
-0.123452 -0.802047 2.206420
-0.059412 -0.809495 2.127700
0.194948 -0.507878 2.394420
0.368613 -0.580836 2.147150
0.305942 -0.819560 2.159780
0.348126 -0.835964 2.069370
0.113344 -0.430035 2.422380
0.113877 -0.387545 2.478430
0.132106 -0.086913 2.537000
0.132238 0.101431 2.529210
-0.018967 -0.182953 2.507900
-0.041295 -0.392099 2.419380
-0.021438 -0.579958 2.210940
-0.025996 -0.648086 2.175400
0.304694 -0.196501 2.524930
0.325027 -0.420723 2.411320
0.335358 -0.607158 2.201070
0.364680 -0.678675 2.077360
0.023938 -0.488991 2.400040
0.038042 -0.615334 2.125370
-0.123426 -0.802015 2.206390
-0.059397 -0.809494 2.127700
0.194921 -0.507716 2.394440
0.368609 -0.580842 2.147150
0.305782 -0.818070 2.161740
0.348671 -0.831654 2.073020
0.113361 -0.429902 2.422390
0.113893 -0.387441 2.478430
0.132120 -0.086914 2.537000
0.132216 0.101464 2.529170
-0.018985 -0.182955 2.507910
-0.041280 -0.392118 2.419340
-0.021409 -0.579999 2.210940
-0.026019 -0.648084 2.175330
0.304682 -0.196504 2.524930
0.324641 -0.422390 2.409480
0.335274 -0.608730 2.199270
0.364682 -0.678680 2.077350
0.024002 -0.488861 2.400020
0.038081 -0.615272 2.125390
-0.123402 -0.801986 2.206370
-0.059383 -0.809493 2.127690
0.194900 -0.507549 2.394460
0.368605 -0.580853 2.147150
0.308049 -0.817588 2.159070
0.349306 -0.828568 2.075240
0.113379 -0.429775 2.422400
0.113910 -0.387338 2.478440
0.132134 -0.086915 2.537000
0.132203 0.101480 2.529150
-0.019002 -0.182957 2.507910
-0.041268 -0.392125 2.419320
-0.021379 -0.580024 2.210950
-0.026044 -0.648062 2.175270
0.304670 -0.196509 2.524930
0.324263 -0.424292 2.407510
0.335182 -0.610526 2.197290
0.364683 -0.678683 2.077350
0.024069 -0.488731 2.399990
0.038206 -0.615248 2.125430
-0.123383 -0.801969 2.206350
-0.059372 -0.809497 2.127680
0.194882 -0.507387 2.394490
0.368603 -0.580860 2.147150
0.307489 -0.817139 2.160830
0.350042 -0.826299 2.076460
0.113398 -0.429641 2.422410
0.113926 -0.387233 2.478440
0.132148 -0.086916 2.537000
0.132194 0.101484 2.529140
-0.019018 -0.182959 2.507910
-0.041267 -0.392107 2.419300
-0.021353 -0.580037 2.210960
-0.026083 -0.648020 2.175220
0.304665 -0.196511 2.524940
0.324416 -0.423829 2.407830
0.335210 -0.610096 2.197610
0.364683 -0.678685 2.077340
0.024135 -0.488600 2.399970
0.038388 -0.615248 2.125480
-0.123343 -0.801965 2.206330
-0.059359 -0.809497 2.127650
0.194866 -0.507231 2.394510
0.368600 -0.580867 2.147150
0.309192 -0.817106 2.159150
0.350928 -0.824586 2.076850
0.113418 -0.429511 2.422420
0.113941 -0.387129 2.478450
0.132162 -0.086917 2.537000
0.132190 0.101491 2.529120
-0.019030 -0.182959 2.507910
-0.041271 -0.392065 2.419280
-0.021335 -0.580032 2.210990
-0.026116 -0.647964 2.175190
0.304662 -0.196512 2.524940
0.324847 -0.422586 2.408970
0.335302 -0.608965 2.198750
0.364683 -0.678689 2.077340
0.024200 -0.488470 2.399940
0.038774 -0.615345 2.125620
-0.123315 -0.801960 2.206310
-0.059334 -0.809504 2.127640
0.194850 -0.507080 2.394530
0.368597 -0.580875 2.147150
0.312913 -0.817911 2.153170
0.351976 -0.823265 2.076550
0.113436 -0.429387 2.422420
0.113954 -0.387029 2.478450
0.132176 -0.086918 2.537000
0.132188 0.101497 2.529110
-0.019040 -0.182959 2.507910
-0.041271 -0.391999 2.419270
-0.021315 -0.580015 2.211030
-0.026149 -0.647898 2.175170
0.304660 -0.196513 2.524940
0.325069 -0.422115 2.409470
0.335362 -0.608509 2.199230
0.364684 -0.678698 2.077330
0.024261 -0.488346 2.399920
0.039278 -0.615499 2.125800
-0.123292 -0.801958 2.206300
-0.059311 -0.809514 2.127630
0.194834 -0.506940 2.394550
0.368593 -0.580884 2.147150
0.319625 -0.843556 2.127140
0.339475 -0.872976 2.041590
0.113454 -0.429267 2.422430
0.113968 -0.386931 2.478450
0.132191 -0.086920 2.537000
0.132188 0.101502 2.529110
-0.019052 -0.182958 2.507900
-0.041267 -0.391955 2.419260
-0.021297 -0.580009 2.211060
-0.026174 -0.647853 2.175150
0.304659 -0.196514 2.524940
0.325612 -0.420052 2.411290
0.335526 -0.606598 2.201120
0.364688 -0.678714 2.077310
0.024321 -0.488225 2.399900
0.038531 -0.615153 2.125690
-0.123269 -0.801958 2.206280
-0.059284 -0.809526 2.127630
0.194819 -0.506810 2.394570
0.368590 -0.580894 2.147150
0.329196 -0.839917 2.108610
0.358970 -0.855502 2.031270
0.113472 -0.429154 2.422430
0.113982 -0.386837 2.478450
0.132206 -0.086919 2.537000
0.132200 0.101523 2.529110
-0.019061 -0.182957 2.507900
-0.041317 -0.391805 2.419260
-0.021294 -0.579945 2.211140
-0.026238 -0.647728 2.175170
0.304658 -0.196515 2.524950
0.326142 -0.418219 2.412990
0.335679 -0.604865 2.202860
0.364691 -0.678728 2.077300
0.024382 -0.488109 2.399880
0.037903 -0.614931 2.125660
-0.123242 -0.801947 2.206270
-0.059257 -0.809530 2.127620
0.194804 -0.506685 2.394590
0.368587 -0.580900 2.147150
0.332403 -0.838747 2.103500
0.365547 -0.844303 2.032680
0.113489 -0.429047 2.422440
0.113995 -0.386747 2.478460
0.132219 -0.086919 2.537000
0.132215 0.101515 2.529100
-0.019068 -0.182956 2.507890
-0.041376 -0.391578 2.419300
-0.021301 -0.579828 2.211290
-0.026313 -0.647546 2.175230
0.304658 -0.196515 2.524950
0.326660 -0.416685 2.414480
0.335838 -0.603400 2.204380
0.364694 -0.678747 2.077280
0.024442 -0.487997 2.399860
0.037645 -0.614880 2.125690
-0.123213 -0.801936 2.206250
-0.059238 -0.809535 2.127620
0.194790 -0.506570 2.394610
0.368585 -0.580903 2.147150
0.333648 -0.846724 2.098730
0.355371 -0.868483 2.024920
0.113505 -0.428946 2.422450
0.114006 -0.386660 2.478460
0.132237 -0.086919 2.537000
0.132231 0.101504 2.529100
-0.019073 -0.182953 2.507890
-0.041433 -0.391350 2.419340
-0.021310 -0.579711 2.211430
-0.026384 -0.647367 2.175280
0.304660 -0.196516 2.524950
0.327068 -0.415417 2.415730
0.335951 -0.602212 2.205710
0.364695 -0.678792 2.077250
0.024498 -0.487889 2.399850
0.037603 -0.614870 2.125740
-0.123185 -0.801921 2.206240
-0.059207 -0.809539 2.127610
0.194776 -0.506463 2.394630
0.368584 -0.580905 2.147150
0.320058 -0.843676 2.120580
0.356015 -0.846566 2.047360
0.113520 -0.428844 2.422460
0.114016 -0.386571 2.478460
0.132254 -0.086917 2.537000
0.132248 0.101498 2.529100
-0.019077 -0.182950 2.507880
-0.041460 -0.391208 2.419340
-0.021311 -0.579647 2.211510
-0.026431 -0.647257 2.175310
0.304665 -0.196518 2.524950
0.327402 -0.414363 2.416750
0.336044 -0.601229 2.206810
0.364697 -0.678845 2.077220
0.024550 -0.487783 2.399840
0.037673 -0.614888 2.125820
-0.123146 -0.801893 2.206220
-0.059164 -0.809552 2.127610
0.194762 -0.506364 2.394650
0.368584 -0.580907 2.147150
0.318769 -0.837215 2.125650
0.357157 -0.835437 2.057220
0.113533 -0.428750 2.422460
0.114025 -0.386487 2.478470
0.132276 -0.086912 2.537000
0.132277 0.101500 2.529090
-0.019079 -0.182945 2.507870
-0.041481 -0.391079 2.419350
-0.021325 -0.579577 2.211580
-0.026460 -0.647161 2.175340
0.304670 -0.196520 2.524960
0.327681 -0.413544 2.417550
0.336114 -0.600463 2.207670
0.364695 -0.678894 2.077190
0.024601 -0.487679 2.399830
0.037787 -0.614917 2.125900
-0.123102 -0.801856 2.206200
-0.059118 -0.809562 2.127610
0.194740 -0.506280 2.394660
0.368584 -0.580908 2.147150
0.320727 -0.846562 2.117830
0.346637 -0.867002 2.037310
0.113544 -0.428664 2.422470
0.114035 -0.386407 2.478470
0.132302 -0.086902 2.536990
0.132353 0.101601 2.529020
-0.019079 -0.182941 2.507860
-0.041501 -0.390951 2.419360
-0.021331 -0.579499 2.211650
-0.026492 -0.647051 2.175370
0.304675 -0.196522 2.524960
0.327898 -0.412874 2.418200
0.336166 -0.599833 2.208390
0.364693 -0.678942 2.077170
0.024649 -0.487583 2.399830
0.037913 -0.614961 2.126000
-0.123045 -0.801774 2.206190
-0.059083 -0.809558 2.127610
0.194718 -0.506204 2.394670
0.368584 -0.580909 2.147150
0.323275 -0.840328 2.116670
0.355990 -0.847717 2.042000
0.113556 -0.428582 2.422470
0.114044 -0.386331 2.478470
0.132329 -0.086891 2.536990
0.132417 0.101627 2.528980
-0.019079 -0.182936 2.507840
-0.041522 -0.390829 2.419370
-0.021338 -0.579420 2.211720
-0.026524 -0.646942 2.175400
0.304685 -0.196528 2.524950
0.328066 -0.412347 2.418710
0.336196 -0.599339 2.208960
0.364688 -0.678978 2.077160
0.024696 -0.487491 2.399830
0.038474 -0.614883 2.126100
-0.123025 -0.801732 2.206170
-0.059066 -0.809559 2.127600
0.194699 -0.506136 2.394680
0.368584 -0.580910 2.147150
0.312231 -0.825946 2.145260
0.355763 -0.833139 2.058520
0.113568 -0.428505 2.422480
0.114052 -0.386256 2.478480
0.132365 -0.086872 2.536990
0.132534 0.101785 2.528890
-0.019073 -0.182935 2.507820
-0.041517 -0.390778 2.419370
-0.021332 -0.579389 2.211760
-0.026536 -0.646895 2.175410
0.304705 -0.196532 2.524960
0.328210 -0.411854 2.419180
0.336218 -0.598870 2.209480
0.364684 -0.679002 2.077150
0.024743 -0.487400 2.399830
0.039019 -0.614802 2.126200
-0.123010 -0.801681 2.206150
-0.059048 -0.809557 2.127600
0.194679 -0.506072 2.394680
0.368584 -0.580911 2.147150
0.317566 -0.820445 2.136780
0.360130 -0.826879 2.058650
0.113581 -0.428437 2.422490
0.114061 -0.386188 2.478480
0.132400 -0.086853 2.536990
0.132663 0.101924 2.528790
-0.019065 -0.182933 2.507800
-0.041505 -0.390732 2.419380
-0.021319 -0.579360 2.211800
-0.026545 -0.646851 2.175420
0.304717 -0.196536 2.524960
0.328040 -0.411951 2.419200
0.336145 -0.598878 2.209550
0.364680 -0.679022 2.077140
0.024796 -0.487313 2.399830
0.039489 -0.614803 2.126320
-0.122999 -0.801639 2.206130
-0.059035 -0.809555 2.127600
0.194661 -0.506016 2.394690
0.368584 -0.580911 2.147150
0.322207 -0.817577 2.129640
0.363115 -0.823057 2.058100
0.113595 -0.428374 2.422490
0.114071 -0.386124 2.478480
0.132433 -0.086834 2.536980
0.132803 0.102055 2.528710
-0.019051 -0.182937 2.507760
-0.041465 -0.390959 2.419330
-0.021284 -0.579520 2.211760
-0.026550 -0.646970 2.175330
0.304727 -0.196539 2.524970
0.327569 -0.412991 2.418410
0.335948 -0.599757 2.208810
0.364675 -0.679038 2.077140
0.024856 -0.487230 2.399820
0.039794 -0.614896 2.126450
-0.122984 -0.801608 2.206120
-0.058989 -0.809572 2.127620
0.194646 -0.505965 2.394700
0.368584 -0.580910 2.147150
0.324929 -0.833907 2.119780
0.348228 -0.864739 2.039210
0.113610 -0.428316 2.422490
0.114081 -0.386065 2.478480
0.132465 -0.086818 2.536980
0.132897 0.102112 2.528650
-0.019036 -0.182941 2.507720
-0.041392 -0.391269 2.419240
-0.021232 -0.579753 2.211690
-0.026548 -0.647153 2.175200
0.304736 -0.196543 2.524970
0.327350 -0.413465 2.418070
0.335848 -0.600147 2.208480
0.364672 -0.679049 2.077130
0.024921 -0.487148 2.399820
0.040200 -0.615018 2.126600
-0.122973 -0.801583 2.206110
-0.058941 -0.809591 2.127640
0.194633 -0.505917 2.394710
0.368584 -0.580909 2.147140
0.326483 -0.845621 2.112640
0.340801 -0.884916 2.029520
0.113625 -0.428259 2.422500
0.114090 -0.386004 2.478480
0.132498 -0.086792 2.536980
0.133136 0.102379 2.528530
-0.019013 -0.182941 2.507660
-0.041380 -0.391381 2.419200
-0.021210 -0.579838 2.211660
-0.026559 -0.647213 2.175140
0.304743 -0.196546 2.524970
0.327069 -0.414196 2.417520
0.335725 -0.600749 2.207900
0.364668 -0.679055 2.077130
0.024987 -0.487067 2.399810
0.040540 -0.615144 2.126750
-0.122950 -0.801524 2.206100
-0.058860 -0.809601 2.127690
0.194616 -0.505865 2.394720
0.368584 -0.580909 2.147140
0.328589 -0.842798 2.111430
0.352623 -0.857411 2.038530
0.113639 -0.428202 2.422500
0.114098 -0.385939 2.478490
0.132532 -0.086751 2.536980
0.133378 0.102667 2.528390
-0.018989 -0.182940 2.507610
-0.041372 -0.391407 2.419190
-0.021187 -0.579848 2.211690
-0.026576 -0.647199 2.175130
0.304752 -0.196551 2.524970
0.326956 -0.414513 2.417330
0.335674 -0.600998 2.207690
0.364665 -0.679064 2.077130
0.025050 -0.486984 2.399810
0.040834 -0.615251 2.126890
-0.122920 -0.801444 2.206090
-0.058787 -0.809589 2.127720
0.194596 -0.505811 2.394740
0.368584 -0.580906 2.147140
0.330142 -0.838677 2.111740
0.359737 -0.839370 2.045280
0.113657 -0.428142 2.422510
0.114110 -0.385871 2.478490
0.132576 -0.086708 2.536990
0.133584 0.102869 2.528310
-0.018965 -0.182937 2.507560
-0.041364 -0.391439 2.419190
-0.021165 -0.579865 2.211710
-0.026585 -0.647198 2.175120
0.304760 -0.196556 2.524970
0.326841 -0.414906 2.417060
0.335634 -0.601303 2.207360
0.364664 -0.679067 2.077120
0.025119 -0.486898 2.399810
0.041118 -0.615358 2.127020
-0.122884 -0.801367 2.206080
-0.058709 -0.809576 2.127750
0.194580 -0.505756 2.394770
0.368584 -0.580903 2.147140
0.317274 -0.828445 2.140340
0.360377 -0.827705 2.057190
0.113676 -0.428083 2.422520
0.114124 -0.385804 2.478500
0.132621 -0.086663 2.536990
0.133772 0.103050 2.528240
-0.018941 -0.182936 2.507510
-0.041320 -0.391695 2.419120
-0.021129 -0.580012 2.211620
-0.026569 -0.647335 2.175020
0.304768 -0.196561 2.524970
0.326781 -0.415085 2.416970
0.335610 -0.601423 2.207250
0.364662 -0.679065 2.077120
0.025187 -0.486815 2.399800
0.041414 -0.615486 2.127160
-0.122853 -0.801287 2.206070
-0.058650 -0.809563 2.127780
0.194566 -0.505702 2.394790
0.368584 -0.580898 2.147140
0.315890 -0.825246 2.144790
0.360924 -0.822123 2.062600
0.113694 -0.428029 2.422520
0.114137 -0.385742 2.478510
0.132664 -0.086621 2.536990
0.133917 0.103196 2.528210
-0.018912 -0.182937 2.507450
-0.041305 -0.391794 2.419100
-0.021121 -0.580053 2.211590
-0.026563 -0.647376 2.174990
0.304775 -0.196565 2.524970
0.326725 -0.415203 2.416940
0.335593 -0.601495 2.207180
0.364665 -0.679063 2.077100
0.025252 -0.486737 2.399800
0.041638 -0.615603 2.127290
-0.122835 -0.801227 2.206060
-0.058516 -0.809602 2.127880
0.194551 -0.505651 2.394810
0.368584 -0.580894 2.147140
0.315432 -0.822823 2.146740
0.361438 -0.818833 2.065560
0.113712 -0.427978 2.422530
0.114151 -0.385682 2.478510
0.132708 -0.086583 2.537000
0.134005 0.103276 2.528180
-0.018882 -0.182939 2.507400
-0.041299 -0.391839 2.419100
-0.021117 -0.580073 2.211590
-0.026563 -0.647392 2.174990
0.304783 -0.196569 2.524970
0.326730 -0.415224 2.417060
0.335606 -0.601444 2.207220
0.364668 -0.679058 2.077090
0.025315 -0.486665 2.399800
0.041842 -0.615703 2.127400
-0.122821 -0.801184 2.206060
-0.058389 -0.809653 2.127980
0.194538 -0.505603 2.394840
0.368583 -0.580890 2.147140
0.317589 -0.820556 2.143110
0.362063 -0.816705 2.066970
0.113727 -0.427929 2.422540
0.114162 -0.385620 2.478520
0.132760 -0.086505 2.537000
0.134148 0.103554 2.528120
-0.018853 -0.182938 2.507350
-0.041300 -0.391843 2.419120
-0.021116 -0.580054 2.211620
-0.026565 -0.647369 2.175010
0.304786 -0.196568 2.524970
0.326695 -0.415388 2.417000
0.335602 -0.601552 2.207100
0.364669 -0.679058 2.077080
0.025371 -0.486594 2.399800
0.042007 -0.615791 2.127520
-0.122793 -0.801123 2.206060
-0.058336 -0.809662 2.128020
0.194515 -0.505553 2.394850
0.368583 -0.580886 2.147130
0.319697 -0.819142 2.139050
0.362628 -0.815514 2.067500
0.113741 -0.427882 2.422540
0.114174 -0.385560 2.478520
0.132810 -0.086433 2.537000
0.134227 0.103633 2.528100
-0.018825 -0.182935 2.507300
-0.041302 -0.391786 2.419180
-0.021129 -0.579971 2.211690
-0.026563 -0.647288 2.175080
0.304790 -0.196567 2.524970
0.326653 -0.415731 2.416820
0.335612 -0.601814 2.206860
0.364672 -0.679062 2.077070
0.025423 -0.486527 2.399810
0.042154 -0.615859 2.127620
-0.122770 -0.801078 2.206070
-0.058277 -0.809676 2.128060
0.194491 -0.505505 2.394870
0.368583 -0.580881 2.147130
0.323490 -0.818656 2.132000
0.363821 -0.816036 2.064990
0.113754 -0.427837 2.422550
0.114184 -0.385502 2.478530
0.132858 -0.086365 2.537000
0.134284 0.103691 2.528090
-0.018798 -0.182931 2.507260
-0.041299 -0.391696 2.419250
-0.021145 -0.579867 2.211780
-0.026559 -0.647188 2.175170
0.304793 -0.196564 2.524970
0.326568 -0.416184 2.416560
0.335618 -0.602133 2.206510
0.364677 -0.679059 2.077060
0.025472 -0.486464 2.399820
0.042390 -0.615911 2.127730
-0.122770 -0.801022 2.206070
-0.058252 -0.809680 2.128090
0.194467 -0.505458 2.394890
0.368584 -0.580877 2.147130
0.329993 -0.819679 2.118220
0.368202 -0.818105 2.055500
0.113766 -0.427794 2.422560
0.114193 -0.385446 2.478530
0.132895 -0.086307 2.537000
0.134319 0.103724 2.528080
-0.018772 -0.182927 2.507220
-0.041299 -0.391574 2.419340
-0.021168 -0.579733 2.211890
-0.026555 -0.647061 2.175290
0.304796 -0.196561 2.524970
0.326546 -0.416316 2.416510
0.335620 -0.602217 2.206420
0.364681 -0.679054 2.077050
0.025516 -0.486404 2.399830
0.042655 -0.615944 2.127840
-0.122773 -0.800972 2.206070
-0.058248 -0.809681 2.128100
0.194445 -0.505412 2.394900
0.368584 -0.580871 2.147130
0.331743 -0.819578 2.115080
0.368942 -0.818838 2.053290
0.113777 -0.427751 2.422560
0.114203 -0.385391 2.478540
0.132934 -0.086246 2.536990
0.134363 0.103765 2.528110
-0.018746 -0.182921 2.507180
-0.041278 -0.391553 2.419380
-0.021172 -0.579699 2.211920
-0.026545 -0.647029 2.175330
0.304799 -0.196557 2.524970
0.326580 -0.416354 2.416580
0.335655 -0.602174 2.206410
0.364692 -0.679018 2.077030
0.025561 -0.486345 2.399840
0.042933 -0.615968 2.127950
-0.122787 -0.800893 2.206080
-0.058261 -0.809673 2.128100
0.194422 -0.505366 2.394910
0.368587 -0.580864 2.147130
0.332912 -0.819485 2.112910
0.369410 -0.819459 2.051680
0.113788 -0.427694 2.422570
0.114211 -0.385325 2.478540
0.132969 -0.086188 2.536990
0.134394 0.103814 2.528140
-0.018733 -0.182912 2.507160
-0.041256 -0.391533 2.419410
-0.021178 -0.579668 2.211950
-0.026530 -0.647000 2.175370
0.304802 -0.196552 2.524970
0.326678 -0.416258 2.416790
0.335719 -0.601987 2.206510
0.364704 -0.678970 2.077020
0.025600 -0.486279 2.399860
0.043172 -0.615978 2.128070
-0.122799 -0.800821 2.206080
-0.058233 -0.809696 2.128150
0.194398 -0.505310 2.394930
0.368591 -0.580831 2.147120
0.333646 -0.819411 2.111730
0.369453 -0.820062 2.050840
0.113797 -0.427639 2.422580
0.114218 -0.385262 2.478550
0.132998 -0.086136 2.536980
0.134412 0.103817 2.528190
-0.018722 -0.182901 2.507130
-0.041231 -0.391482 2.419480
-0.021189 -0.579610 2.212020
-0.026518 -0.646943 2.175440
0.304804 -0.196546 2.524980
0.326818 -0.416091 2.417060
0.335809 -0.601749 2.206690
0.364717 -0.678949 2.077000
0.025635 -0.486216 2.399870
0.043390 -0.615982 2.128180
-0.122806 -0.800768 2.206070
-0.058216 -0.809705 2.128170
0.194375 -0.505262 2.394930
0.368594 -0.580796 2.147110
0.334904 -0.819700 2.109150
0.370772 -0.821287 2.047440
0.113805 -0.427585 2.422590
0.114226 -0.385199 2.478560
0.133028 -0.086087 2.536980
0.134424 0.103814 2.528240
-0.018713 -0.182891 2.507120
-0.041208 -0.391430 2.419550
-0.021201 -0.579551 2.212100
-0.026507 -0.646885 2.175520
0.304806 -0.196539 2.524980
0.327339 -0.414391 2.418290
0.336071 -0.600172 2.207930
0.364732 -0.678932 2.076980
0.025668 -0.486155 2.399900
0.043588 -0.615965 2.128280
-0.122752 -0.800684 2.206090
-0.058160 -0.809709 2.128210
0.194353 -0.505214 2.394940
0.368597 -0.580769 2.147100
0.335929 -0.819760 2.106870
0.372105 -0.822583 2.044350
0.113813 -0.427530 2.422600
0.114230 -0.385139 2.478560
0.133055 -0.086044 2.536980
0.134422 0.103770 2.528310
-0.018705 -0.182880 2.507100
-0.041189 -0.391376 2.419620
-0.021221 -0.579487 2.212170
-0.026493 -0.646825 2.175600
0.304812 -0.196529 2.524990
0.327433 -0.414124 2.418500
0.336126 -0.599904 2.208130
0.364744 -0.678918 2.076960
0.025698 -0.486096 2.399920
0.043775 -0.615943 2.128370
-0.122703 -0.800632 2.206120
-0.058117 -0.809709 2.128240
0.194332 -0.505166 2.394950
0.368600 -0.580742 2.147080
0.336722 -0.819803 2.104990
0.373245 -0.823740 2.041810
0.113821 -0.427475 2.422610
0.114235 -0.385079 2.478570
0.133079 -0.086006 2.536970
0.134397 0.103685 2.528360
-0.018699 -0.182868 2.507080
-0.041173 -0.391277 2.419720
-0.021244 -0.579383 2.212300
-0.026487 -0.646722 2.175720
0.304819 -0.196519 2.525000
0.327504 -0.413919 2.418660
0.336170 -0.599694 2.208280
0.364756 -0.678903 2.076950
0.025724 -0.486040 2.399940
0.043907 -0.615910 2.128450
-0.122655 -0.800591 2.206140
-0.058075 -0.809709 2.128260
0.194315 -0.505121 2.394960
0.368602 -0.580720 2.147060
0.334103 -0.819752 2.110650
0.370253 -0.824483 2.045830
0.113828 -0.427422 2.422620
0.114239 -0.385022 2.478580
0.133101 -0.085970 2.536970
0.134374 0.103608 2.528420
-0.018693 -0.182858 2.507060
-0.041163 -0.391178 2.419820
-0.021284 -0.579253 2.212400
-0.026466 -0.646613 2.175880
0.304826 -0.196506 2.525020
0.327565 -0.413725 2.418810
0.336204 -0.599507 2.208420
0.364763 -0.678889 2.076940
0.025750 -0.485987 2.399970
0.044019 -0.615873 2.128510
-0.122606 -0.800556 2.206170
-0.058015 -0.809712 2.128300
0.194300 -0.505077 2.394970
0.368604 -0.580698 2.147050
0.332548 -0.835613 2.107070
0.350841 -0.869318 2.029280
0.113834 -0.427369 2.422630
0.114241 -0.384966 2.478590
0.133120 -0.085939 2.536970
0.134347 0.103564 2.528480
-0.018691 -0.182848 2.507050
-0.041147 -0.391125 2.419890
-0.021303 -0.579179 2.212460
-0.026449 -0.646551 2.175980
0.304833 -0.196494 2.525030
0.327512 -0.413711 2.418800
0.336206 -0.599463 2.208430
0.364769 -0.678879 2.076940
0.025769 -0.485934 2.399990
0.044102 -0.615854 2.128570
-0.122559 -0.800519 2.206190
-0.057966 -0.809711 2.128330
0.194284 -0.505035 2.394980
0.368599 -0.580687 2.147010
0.332983 -0.836177 2.106060
0.356757 -0.860073 2.029230
0.113837 -0.427316 2.422650
0.114243 -0.384911 2.478590
0.133137 -0.085911 2.536960
0.134318 0.103527 2.528530
-0.018690 -0.182837 2.507040
-0.041136 -0.391031 2.419960
-0.021326 -0.579078 2.212550
-0.026439 -0.646460 2.176110
0.304839 -0.196480 2.525040
0.327325 -0.414197 2.418340
0.336177 -0.599867 2.207990
0.364776 -0.678872 2.076930
0.025785 -0.485881 2.400020
0.035155 -0.613272 2.127710
-0.122511 -0.800481 2.206210
-0.057914 -0.809705 2.128360
0.194266 -0.504992 2.394990
0.368593 -0.580678 2.146980
0.331894 -0.845656 2.104730
0.348378 -0.878226 2.024270
0.113840 -0.427265 2.422660
0.114244 -0.384859 2.478600
0.133152 -0.085887 2.536960
0.134280 0.103480 2.528590
-0.018688 -0.182828 2.507030
-0.041131 -0.390909 2.420050
-0.021344 -0.578969 2.212680
-0.026450 -0.646350 2.176230
0.304845 -0.196465 2.525060
0.327303 -0.414263 2.418310
0.336184 -0.599892 2.207950
0.364785 -0.678864 2.076920
0.025800 -0.485833 2.400040
0.034018 -0.612913 2.127660
-0.122470 -0.800451 2.206220
-0.057865 -0.809700 2.128390
0.194251 -0.504951 2.395000
0.368593 -0.580661 2.146960
0.328291 -0.837108 2.117240
0.350976 -0.852564 2.047270
0.113840 -0.427220 2.422670
0.114244 -0.384813 2.478600
0.133164 -0.085867 2.536950
0.134215 0.103435 2.528630
-0.018687 -0.182818 2.507020
-0.041121 -0.390857 2.420110
-0.021359 -0.578907 2.212740
-0.026444 -0.646295 2.176320
0.304845 -0.196453 2.525070
0.327295 -0.414300 2.418290
0.336190 -0.599904 2.207930
0.364795 -0.678852 2.076910
0.025810 -0.485787 2.400060
0.033526 -0.612732 2.127720
-0.122439 -0.800423 2.206240
-0.057825 -0.809691 2.128410
0.194231 -0.504915 2.395000
0.368593 -0.580640 2.146930
0.326927 -0.832709 2.121560
0.354320 -0.838706 2.056290
0.113839 -0.427178 2.422680
0.114242 -0.384768 2.478610
0.133172 -0.085852 2.536950
0.134155 0.103381 2.528660
-0.018686 -0.182808 2.507010
-0.041120 -0.390792 2.420180
-0.021384 -0.578828 2.212820
-0.026443 -0.646226 2.176430
0.304846 -0.196438 2.525080
0.327302 -0.414309 2.418320
0.336208 -0.599888 2.207950
0.364809 -0.678849 2.076890
0.025819 -0.485744 2.400080
0.033873 -0.612673 2.127870
-0.122391 -0.800410 2.206260
-0.057782 -0.809691 2.128430
0.194211 -0.504879 2.395010
0.368596 -0.580609 2.146900
0.326384 -0.829758 2.123690
0.356530 -0.831706 2.059980
0.113839 -0.427137 2.422690
0.114242 -0.384726 2.478620
0.133179 -0.085839 2.536940
0.134094 0.103324 2.528700
-0.018685 -0.182799 2.507000
-0.041118 -0.390768 2.420220
-0.021395 -0.578795 2.212860
-0.026442 -0.646199 2.176490
0.304847 -0.196423 2.525080
0.327330 -0.414239 2.418420
0.336236 -0.599793 2.208040
0.364819 -0.678842 2.076880
0.025829 -0.485705 2.400110
0.036337 -0.612561 2.128150
-0.122334 -0.800408 2.206280
-0.057735 -0.809696 2.128450
0.194196 -0.504844 2.395020
0.368601 -0.580578 2.146880
0.326340 -0.827184 2.124390
0.358398 -0.827395 2.061410
0.113839 -0.427097 2.422700
0.114240 -0.384685 2.478620
0.133183 -0.085829 2.536930
0.134040 0.103287 2.528710
-0.018684 -0.182790 2.506990
-0.041116 -0.390752 2.420250
-0.021405 -0.578771 2.212890
-0.026444 -0.646180 2.176540
0.304849 -0.196406 2.525100
0.328023 -0.411361 2.420080
0.336515 -0.597388 2.209980
0.364831 -0.678833 2.076870
0.025839 -0.485668 2.400130
0.038865 -0.612675 2.128510
-0.122283 -0.800406 2.206300
-0.057689 -0.809699 2.128480
0.194184 -0.504808 2.395020
0.368605 -0.580547 2.146850
0.326185 -0.825228 2.125130
0.359452 -0.824528 2.062630
0.113840 -0.427058 2.422710
0.114240 -0.384647 2.478630
0.133187 -0.085820 2.536930
0.133984 0.103254 2.528720
-0.018684 -0.182781 2.506980
-0.041115 -0.390741 2.420270
-0.021412 -0.578754 2.212920
-0.026446 -0.646166 2.176580
0.304847 -0.196384 2.525110
0.327720 -0.413270 2.418630
0.336482 -0.598958 2.208440
0.364840 -0.678820 2.076860
0.025848 -0.485634 2.400160
0.040945 -0.612812 2.128810
-0.122233 -0.800406 2.206330
-0.057648 -0.809702 2.128500
0.194173 -0.504772 2.395030
0.368610 -0.580517 2.146830
0.326078 -0.823734 2.125660
0.360173 -0.822582 2.063460
0.113841 -0.427023 2.422720
0.114239 -0.384611 2.478630
0.133188 -0.085815 2.536920
0.133925 0.103221 2.528720
-0.018684 -0.182772 2.506970
-0.041113 -0.390729 2.420300
-0.021418 -0.578737 2.212950
-0.026450 -0.646152 2.176620
0.304846 -0.196357 2.525120
0.327658 -0.413297 2.418500
0.336488 -0.598980 2.208350
0.364849 -0.678806 2.076850
0.025857 -0.485604 2.400180
0.042535 -0.612967 2.129050
-0.122187 -0.800406 2.206350
-0.057603 -0.809704 2.128520
0.194164 -0.504737 2.395040
0.368665 -0.579973 2.146880
0.326191 -0.821655 2.125950
0.360718 -0.821271 2.063950
0.113840 -0.426992 2.422730
0.114238 -0.384579 2.478630
0.133190 -0.085810 2.536910
0.133875 0.103245 2.528690
-0.018685 -0.182763 2.506960
-0.041113 -0.390720 2.420320
-0.021419 -0.578723 2.212980
-0.026457 -0.646139 2.176660
0.304831 -0.196329 2.525120
0.326419 -0.415201 2.416860
0.336132 -0.600499 2.206830
0.364857 -0.678797 2.076840
0.025864 -0.485575 2.400200
0.043422 -0.613161 2.129260
-0.122145 -0.800407 2.206370
-0.057559 -0.809706 2.128540
0.194151 -0.504705 2.395040
0.368684 -0.579626 2.146860
0.326256 -0.820185 2.126170
0.361133 -0.820407 2.064170
0.113837 -0.426960 2.422730
0.114235 -0.384547 2.478630
0.133188 -0.085806 2.536900
0.133834 0.103286 2.528640
-0.018687 -0.182755 2.506950
-0.041122 -0.390689 2.420360
-0.021432 -0.578674 2.213020
-0.026463 -0.646099 2.176730
0.304816 -0.196302 2.525120
0.326019 -0.415743 2.416370
0.336013 -0.600937 2.206380
0.364863 -0.678789 2.076840
0.025869 -0.485547 2.400230
0.043917 -0.613230 2.129370
-0.122082 -0.800388 2.206400
-0.057487 -0.809705 2.128580
0.194134 -0.504672 2.395040
0.368701 -0.579293 2.146830
0.326786 -0.818961 2.125560
0.362024 -0.820329 2.062800
0.113832 -0.426929 2.422740
0.114231 -0.384516 2.478640
0.133182 -0.085803 2.536890
0.133783 0.103315 2.528570
-0.018693 -0.182747 2.506950
-0.041135 -0.390652 2.420400
-0.021446 -0.578620 2.213060
-0.026470 -0.646054 2.176810
0.304801 -0.196276 2.525120
0.325821 -0.416022 2.416110
0.335948 -0.601180 2.206150
0.364867 -0.678793 2.076830
0.025873 -0.485521 2.400250
0.044277 -0.613292 2.129450
-0.122014 -0.800389 2.206430
-0.058863 -0.808603 2.127430
0.194118 -0.504639 2.395040
0.368711 -0.578999 2.146800
0.327903 -0.818337 2.123840
0.363499 -0.820777 2.059740
0.113828 -0.426903 2.422740
0.114229 -0.384490 2.478640
0.133174 -0.085805 2.536870
0.133637 0.103358 2.528360
-0.018700 -0.182742 2.506940
-0.041150 -0.390613 2.420440
-0.021485 -0.578532 2.213090
-0.026462 -0.646003 2.176920
0.304768 -0.196249 2.525110
0.325420 -0.418369 2.413630
0.335771 -0.603697 2.203730
0.364869 -0.678797 2.076830
0.025875 -0.485500 2.400270
0.044477 -0.613442 2.129560
-0.121969 -0.800385 2.206450
-0.059373 -0.808215 2.127000
0.194102 -0.504608 2.395030
0.368725 -0.578779 2.146780
0.328884 -0.817936 2.122190
0.364689 -0.821334 2.057100
0.113823 -0.426879 2.422750
0.114225 -0.384465 2.478640
0.133165 -0.085808 2.536850
0.133500 0.103426 2.528170
-0.018708 -0.182737 2.506940
-0.041161 -0.390604 2.420460
-0.021515 -0.578485 2.213090
-0.026454 -0.645988 2.176990
0.304734 -0.196224 2.525100
0.324797 -0.420438 2.411510
0.335561 -0.605781 2.201620
0.364872 -0.678799 2.076820
0.025877 -0.485481 2.400290
0.044597 -0.613621 2.129670
-0.121916 -0.800379 2.206480
-0.059563 -0.808054 2.126830
0.194087 -0.504579 2.395030
0.368738 -0.578588 2.146750
0.329501 -0.817435 2.121360
0.365262 -0.821814 2.055650
0.113819 -0.426856 2.422750
0.114222 -0.384443 2.478640
0.133154 -0.085814 2.536830
0.133319 0.103474 2.527910
-0.018715 -0.182735 2.506930
-0.041156 -0.390623 2.420470
-0.021530 -0.578470 2.213080
-0.026440 -0.646000 2.177030
0.304700 -0.196202 2.525080
0.324600 -0.420976 2.410920
0.335483 -0.606355 2.201050
0.364873 -0.678799 2.076820
0.025879 -0.485464 2.400300
0.044631 -0.613821 2.129790
-0.121869 -0.800378 2.206510
-0.059661 -0.807949 2.126740
0.194071 -0.504551 2.395020
0.368753 -0.578430 2.146730
0.329781 -0.817121 2.121010
0.365503 -0.822067 2.054990
