0.082677 -0.457583 2.440440
0.081500 -0.397690 2.432450
0.074937 -0.098111 2.406140
0.083259 0.087891 2.388810
-0.078567 -0.195087 2.386310
-0.106918 -0.374400 2.304230
-0.072981 -0.506372 2.159790
-0.016131 -0.536049 2.104310
0.232178 -0.198111 2.423580
0.280530 -0.378422 2.317890
0.283093 -0.520387 2.178350
0.224169 -0.539549 2.126130
-0.001776 -0.524624 2.437230
-0.116057 -0.597766 2.123090
-0.145268 -0.836900 2.065110
-0.084807 -0.826956 2.113870
0.169395 -0.531679 2.450500
0.306937 -0.575283 2.140230
0.344326 -0.811028 2.066230
0.353259 -0.852961 1.983810
0.082639 -0.457514 2.440310
0.081454 -0.397620 2.432300
0.074846 -0.098064 2.405910
0.083190 0.087939 2.388700
-0.078573 -0.194978 2.386280
-0.106922 -0.374347 2.304240
-0.073509 -0.506513 2.159830
-0.017033 -0.536579 2.104420
0.232048 -0.198008 2.423560
0.280486 -0.378353 2.317890
0.262227 -0.516805 2.171590
0.196160 -0.531455 2.119550
-0.001747 -0.524540 2.437110
-0.116021 -0.597882 2.123020
-0.145317 -0.837001 2.065040
-0.084872 -0.827106 2.113810
0.169330 -0.531569 2.450430
0.306851 -0.575326 2.140190
0.344351 -0.811092 2.066600
0.353263 -0.853011 1.984140
0.082607 -0.457447 2.440180
0.081420 -0.397550 2.432160
0.074823 -0.097997 2.405660
0.083129 0.088089 2.388590
-0.078578 -0.194880 2.386260
-0.106938 -0.374282 2.304240
-0.073820 -0.506597 2.159860
-0.017625 -0.536965 2.104520
0.231924 -0.197895 2.423550
0.280413 -0.378246 2.317950
0.266225 -0.516765 2.173050
0.200797 -0.531708 2.121190
-0.001715 -0.524461 2.436990
-0.115970 -0.597918 2.122930
-0.145363 -0.837023 2.064960
-0.084968 -0.827406 2.113760
0.169268 -0.531459 2.450350
0.306773 -0.575366 2.140150
0.344375 -0.811138 2.066860
0.353275 -0.853052 1.984400
0.082580 -0.457386 2.440070
0.081389 -0.397487 2.432030
0.074788 -0.097941 2.405430
0.083047 0.088202 2.388460
-0.078585 -0.194789 2.386240
-0.106954 -0.374219 2.304240
-0.072191 -0.506069 2.159940
-0.015639 -0.535935 2.104850
0.231808 -0.197792 2.423530
0.280364 -0.378188 2.317960
0.261749 -0.519781 2.173320
0.196128 -0.531815 2.121720
-0.001684 -0.524391 2.436880
-0.115920 -0.597938 2.122850
-0.145410 -0.837032 2.064880
-0.085061 -0.827713 2.113700
0.169213 -0.531359 2.450290
0.306683 -0.575414 2.140100
0.344381 -0.811167 2.067030
0.353272 -0.853080 1.984560
0.082559 -0.457332 2.439960
0.081366 -0.397433 2.431900
0.074764 -0.097902 2.405230
0.082980 0.088314 2.388330
-0.078592 -0.194709 2.386220
-0.106966 -0.374164 2.304240
-0.072196 -0.505997 2.159920
-0.016121 -0.536088 2.104830
0.231704 -0.197699 2.423520
0.280313 -0.378109 2.318010
0.258567 -0.521840 2.173450
0.193136 -0.531969 2.121820
-0.001647 -0.524326 2.436780
-0.115877 -0.597963 2.122780
-0.145451 -0.837044 2.064800
-0.085177 -0.828052 2.113670
0.169166 -0.531269 2.450220
0.306605 -0.575470 2.140060
0.344369 -0.811201 2.067130
0.353265 -0.853103 1.984680
0.082542 -0.457283 2.439860
0.081346 -0.397384 2.431790
0.074753 -0.097866 2.405050
0.082915 0.088424 2.388200
-0.078598 -0.194638 2.386210
-0.106979 -0.374113 2.304250
-0.072230 -0.505937 2.159910
-0.016635 -0.536255 2.104790
0.231609 -0.197614 2.423500
0.280209 -0.377899 2.318200
0.258110 -0.521124 2.173910
0.193753 -0.532293 2.121950
-0.001611 -0.524267 2.436680
-0.115845 -0.597979 2.122720
-0.145485 -0.837050 2.064750
-0.085269 -0.828371 2.113640
0.169121 -0.531184 2.450160
0.306539 -0.575523 2.140030
0.344309 -0.811243 2.067180
0.353248 -0.853127 1.984760
0.082527 -0.457240 2.439760
0.081329 -0.397340 2.431680
0.074739 -0.097836 2.404890
0.082851 0.088517 2.388080
-0.078603 -0.194577 2.386200
-0.106989 -0.374074 2.304260
-0.072255 -0.505878 2.159880
-0.017049 -0.536379 2.104720
0.231523 -0.197535 2.423490
0.280147 -0.377787 2.318310
0.259542 -0.520346 2.174660
0.196767 -0.533183 2.122510
-0.001576 -0.524216 2.436600
-0.115812 -0.597996 2.122670
-0.145524 -0.837058 2.064690
-0.085415 -0.828742 2.113660
0.169081 -0.531107 2.450110
0.306485 -0.575565 2.140000
0.344215 -0.811279 2.067160
0.353225 -0.853148 1.984810
0.082514 -0.457200 2.439680
0.081315 -0.397302 2.431580
0.074727 -0.097810 2.404760
0.082788 0.088603 2.387960
-0.078612 -0.194515 2.386190
-0.106999 -0.374037 2.304270
-0.072278 -0.505819 2.159840
-0.017398 -0.536475 2.104640
0.231441 -0.197463 2.423480
0.280076 -0.377620 2.318480
0.264736 -0.518982 2.176070
0.203242 -0.533817 2.123700
-0.001543 -0.524169 2.436520
-0.115728 -0.598016 2.122580
-0.145565 -0.837060 2.064620
-0.085568 -0.829105 2.113680
0.169044 -0.531036 2.450060
0.306448 -0.575595 2.139980
0.344092 -0.811303 2.067090
0.353192 -0.853164 1.984830
0.082505 -0.457166 2.439600
0.081305 -0.397267 2.431500
0.074719 -0.097786 2.404640
0.082732 0.088694 2.387850
-0.078620 -0.194458 2.386180
-0.107009 -0.374003 2.304280
-0.072755 -0.505852 2.159810
-0.018323 -0.536716 2.104580
0.231360 -0.197389 2.423480
0.279998 -0.377456 2.318650
0.268303 -0.517967 2.177050
0.207400 -0.534177 2.124510
-0.001504 -0.524127 2.436440
-0.115644 -0.598031 2.122510
-0.145603 -0.837059 2.064560
-0.085702 -0.829383 2.113700
0.169012 -0.530969 2.450010
0.306419 -0.575620 2.139960
0.343946 -0.811326 2.066990
0.353152 -0.853181 1.984840
0.082501 -0.457138 2.439530
0.081298 -0.397239 2.431420
0.074714 -0.097765 2.404530
0.082680 0.088773 2.387760
-0.078626 -0.194406 2.386170
-0.107016 -0.373988 2.304280
-0.073288 -0.505981 2.159710
-0.019230 -0.537040 2.104460
0.231281 -0.197320 2.423470
0.279934 -0.377395 2.318730
0.271412 -0.517501 2.177570
0.210760 -0.534674 2.124950
-0.001460 -0.524091 2.436380
-0.115563 -0.598041 2.122450
-0.145638 -0.837055 2.064510
-0.085819 -0.829630 2.113720
0.168984 -0.530909 2.449970
0.306395 -0.575644 2.139950
0.343801 -0.811346 2.066870
0.353111 -0.853196 1.984830
0.082497 -0.457115 2.439470
0.081293 -0.397217 2.431350
0.074740 -0.097771 2.404440
0.082674 0.088745 2.387540
-0.078627 -0.194357 2.386170
-0.107020 -0.373977 2.304280
-0.067709 -0.503654 2.159030
-0.013999 -0.534760 2.103750
0.231244 -0.197289 2.423460
0.279815 -0.377267 2.318880
0.272646 -0.517035 2.177880
0.212297 -0.534841 2.125110
-0.001425 -0.524062 2.436320
-0.115493 -0.598045 2.122390
-0.145649 -0.837050 2.064470
-0.085917 -0.829845 2.113790
0.168958 -0.530864 2.449940
0.306374 -0.575662 2.139940
0.343659 -0.811354 2.066740
0.353065 -0.853207 1.984820
0.082494 -0.457094 2.439410
0.081290 -0.397196 2.431280
0.074773 -0.097778 2.404350
0.082664 0.088786 2.387360
-0.078628 -0.194311 2.386160
-0.107023 -0.373969 2.304280
-0.066837 -0.503273 2.158870
-0.013342 -0.534481 2.103580
0.231215 -0.197265 2.423460
0.279614 -0.377041 2.319140
0.262987 -0.515979 2.177900
0.201894 -0.532121 2.124320
-0.001393 -0.524034 2.436270
-0.115428 -0.598044 2.122330
-0.145656 -0.837040 2.064420
-0.086011 -0.830044 2.113850
0.168935 -0.530824 2.449910
0.306360 -0.575682 2.139930
0.343602 -0.811367 2.066710
0.353047 -0.853218 1.984820
0.082492 -0.457076 2.439360
0.081288 -0.397180 2.431220
0.074816 -0.097796 2.404270
0.082650 0.088792 2.387200
-0.078628 -0.194266 2.386150
-0.107027 -0.373967 2.304280
-0.066661 -0.503131 2.158660
-0.013319 -0.534425 2.103370
0.231190 -0.197245 2.423450
0.279517 -0.377011 2.319240
0.268690 -0.516343 2.178430
0.207353 -0.532934 2.124880
-0.001363 -0.524010 2.436220
-0.115361 -0.598032 2.122270
-0.145660 -0.837015 2.064350
-0.086114 -0.830229 2.113920
0.168913 -0.530788 2.449880
0.306348 -0.575696 2.139930
0.343544 -0.811377 2.066680
0.353029 -0.853227 1.984830
0.082490 -0.457061 2.439310
0.081287 -0.397166 2.431160
0.074891 -0.097833 2.404150
0.082617 0.088774 2.387010
-0.078627 -0.194225 2.386150
-0.107032 -0.373971 2.304290
-0.067083 -0.503224 2.158450
-0.013835 -0.534588 2.103160
0.231170 -0.197232 2.423450
0.279428 -0.376986 2.319330
0.271425 -0.516200 2.178450
0.210352 -0.533329 2.124780
-0.001340 -0.523989 2.436180
-0.115296 -0.598018 2.122220
-0.145659 -0.836977 2.064240
-0.086228 -0.830371 2.113970
0.168891 -0.530757 2.449860
0.306333 -0.575703 2.139920
0.343484 -0.811367 2.066620
0.353011 -0.853230 1.984820
0.082471 -0.457050 2.439230
0.081273 -0.397157 2.431080
0.074966 -0.097874 2.404040
0.082579 0.088753 2.386800
-0.078626 -0.194186 2.386140
-0.107039 -0.373972 2.304280
-0.066760 -0.503145 2.158370
-0.013559 -0.534522 2.103070
0.231153 -0.197223 2.423450
0.279349 -0.376966 2.319410
0.274218 -0.516172 2.178550
0.212971 -0.533556 2.124970
-0.001331 -0.523971 2.436130
-0.115244 -0.598015 2.122150
-0.145662 -0.836947 2.064050
-0.117437 -0.860697 2.029870
0.168837 -0.530726 2.449800
0.306326 -0.575708 2.139920
0.343438 -0.811353 2.066560
0.352997 -0.853230 1.984810
0.082446 -0.457031 2.439150
0.081257 -0.397143 2.431000
0.075049 -0.097906 2.403920
0.082569 0.088849 2.386580
-0.078623 -0.194148 2.386140
-0.107047 -0.373964 2.304290
-0.065420 -0.502859 2.158530
-0.011835 -0.533887 2.103260
0.231142 -0.197216 2.423440
0.279214 -0.376836 2.319630
0.275622 -0.515819 2.178680
0.214400 -0.533450 2.125070
-0.001332 -0.523943 2.436080
-0.115197 -0.598013 2.122090
-0.145659 -0.836919 2.063860
-0.133829 -0.876682 1.985530
0.168777 -0.530693 2.449750
0.306322 -0.575710 2.139910
0.343415 -0.811345 2.066540
0.352991 -0.853230 1.984820
0.082422 -0.457014 2.439070
0.081241 -0.397130 2.430930
0.075117 -0.097941 2.403820
0.082541 0.088872 2.386380
-0.078622 -0.194113 2.386130
-0.107064 -0.373985 2.304270
-0.064124 -0.502751 2.158550
-0.010158 -0.533416 2.103260
0.231133 -0.197210 2.423440
0.279065 -0.376704 2.319850
0.276356 -0.515621 2.178720
0.215252 -0.533359 2.125040
-0.001336 -0.523917 2.436030
-0.115154 -0.598012 2.122030
-0.145654 -0.836890 2.063650
-0.140722 -0.883407 1.966820
0.168719 -0.530663 2.449690
0.306319 -0.575710 2.139910
0.343399 -0.811333 2.066520
0.352986 -0.853229 1.984820
0.082397 -0.456997 2.439000
0.081224 -0.397117 2.430850
0.075180 -0.097976 2.403730
0.082512 0.088880 2.386170
-0.078621 -0.194082 2.386120
-0.107077 -0.374001 2.304250
-0.063408 -0.502693 2.158580
-0.008801 -0.533038 2.103310
0.231126 -0.197207 2.423440
0.278905 -0.376543 2.320070
0.276918 -0.515298 2.178720
0.215823 -0.533244 2.125050
-0.001342 -0.523892 2.435980
-0.115116 -0.598014 2.121980
-0.145646 -0.836868 2.063460
-0.144939 -0.887523 1.955440
0.168663 -0.530633 2.449640
0.306316 -0.575709 2.139900
0.343387 -0.811320 2.066500
0.352983 -0.853227 1.984810
0.082372 -0.456980 2.438930
0.081208 -0.397105 2.430780
0.075238 -0.098012 2.403630
0.082479 0.088885 2.385990
-0.078620 -0.194052 2.386120
-0.107087 -0.374008 2.304240
-0.062793 -0.502639 2.158650
-0.007651 -0.532676 2.103430
0.231119 -0.197203 2.423440
0.278720 -0.376328 2.320350
0.277358 -0.514977 2.178750
0.216255 -0.533082 2.125110
-0.001348 -0.523867 2.435930
-0.115083 -0.598020 2.121940
-0.145645 -0.836855 2.063300
-0.147668 -0.890201 1.948060
0.168608 -0.530603 2.449590
0.306316 -0.575707 2.139900
0.343375 -0.811306 2.066490
0.352980 -0.853225 1.984810
0.082349 -0.456964 2.438860
0.081193 -0.397094 2.430710
0.075293 -0.098049 2.403550
0.082447 0.088889 2.385820
-0.078621 -0.194027 2.386110
-0.107095 -0.374013 2.304240
-0.062269 -0.502592 2.158720
-0.006718 -0.532366 2.103540
0.231113 -0.197200 2.423440
0.278540 -0.376136 2.320600
0.277774 -0.514727 2.178810
0.216667 -0.532935 2.125190
-0.001355 -0.523844 2.435890
-0.115052 -0.598026 2.121890
-0.145643 -0.836843 2.063150
-0.148569 -0.891105 1.945600
0.168557 -0.530574 2.449540
0.306316 -0.575707 2.139890
0.343365 -0.811298 2.066470
0.352977 -0.853225 1.984810
0.082328 -0.456950 2.438800
0.081179 -0.397085 2.430650
0.075336 -0.098081 2.403460
0.082417 0.088895 2.385670
-0.078621 -0.194003 2.386110
-0.107106 -0.374024 2.304230
-0.061516 -0.502488 2.158770
-0.005906 -0.532088 2.103570
0.231105 -0.197198 2.423430
0.278352 -0.375894 2.320860
0.258202 -0.514849 2.168710
0.194274 -0.529985 2.116000
-0.001359 -0.523825 2.435850
-0.115024 -0.598032 2.121860
-0.145647 -0.836834 2.063030
-0.101658 -0.843981 2.078880
0.168512 -0.530549 2.449500
0.306317 -0.575708 2.139890
0.343354 -0.811289 2.066450
0.352974 -0.853224 1.984810
0.082309 -0.456937 2.438740
0.081166 -0.397076 2.430580
0.075374 -0.098111 2.403380
0.082405 0.088905 2.385540
-0.078618 -0.193979 2.386100
-0.107113 -0.374031 2.304230
-0.060956 -0.502390 2.158830
-0.005312 -0.531848 2.103600
0.231098 -0.197197 2.423430
0.278184 -0.375724 2.321060
0.256837 -0.514469 2.168740
0.193938 -0.530161 2.115930
-0.001362 -0.523804 2.435820
-0.115000 -0.598044 2.121820
-0.145650 -0.836835 2.062910
-0.090702 -0.832764 2.110590
0.168471 -0.530525 2.449460
0.306319 -0.575709 2.139890
0.343326 -0.811278 2.066420
0.352963 -0.853223 1.984800
0.082292 -0.456927 2.438690
0.081153 -0.397069 2.430520
0.075389 -0.098140 2.403300
0.082388 0.088891 2.385400
-0.078615 -0.193957 2.386100
-0.107119 -0.374037 2.304240
-0.060614 -0.502331 2.158860
-0.004848 -0.531644 2.103630
0.231081 -0.197192 2.423430
0.278025 -0.375526 2.321280
0.260733 -0.514022 2.171330
0.199449 -0.530684 2.118310
-0.001363 -0.523785 2.435780
-0.114976 -0.598061 2.121800
-0.145647 -0.836844 2.062820
-0.110954 -0.854023 2.051540
0.168432 -0.530503 2.449430
0.306322 -0.575709 2.139890
0.343291 -0.811263 2.066390
0.352950 -0.853221 1.984790
0.082276 -0.456917 2.438640
0.081142 -0.397063 2.430470
0.075400 -0.098167 2.403230
0.082359 0.088882 2.385280
-0.078614 -0.193940 2.386090
-0.107129 -0.374053 2.304230
-0.060330 -0.502289 2.158870
-0.004473 -0.531490 2.103630
0.231061 -0.197186 2.423430
0.277850 -0.375298 2.321530
0.264867 -0.513336 2.173770
0.204072 -0.530719 2.120750
-0.001363 -0.523769 2.435750
-0.114954 -0.598078 2.121770
-0.145646 -0.836851 2.062760
-0.093803 -0.836497 2.100170
0.168398 -0.530482 2.449400
0.306323 -0.575707 2.139890
0.343251 -0.811227 2.066320
0.352935 -0.853210 1.984770
0.082262 -0.456908 2.438590
0.081132 -0.397058 2.430420
0.075409 -0.098192 2.403170
0.082333 0.088865 2.385170
-0.078614 -0.193927 2.386090
-0.107143 -0.374062 2.304220
-0.060123 -0.502264 2.158880
-0.004203 -0.531374 2.103640
0.231039 -0.197180 2.423430
0.277687 -0.375083 2.321760
0.267718 -0.512765 2.175540
0.207148 -0.530743 2.122520
-0.001362 -0.523753 2.435720
-0.114932 -0.598094 2.121750
-0.145644 -0.836856 2.062720
-0.087673 -0.830363 2.116830
0.168367 -0.530462 2.449370
0.306324 -0.575706 2.139890
0.343239 -0.811209 2.066290
0.352931 -0.853206 1.984760
0.082248 -0.456901 2.438550
0.081121 -0.397055 2.430370
0.075414 -0.098219 2.403120
0.082326 0.088811 2.385050
-0.078613 -0.193918 2.386080
-0.107189 -0.374101 2.304170
-0.064258 -0.503881 2.158700
-0.008939 -0.533236 2.103490
0.231018 -0.197176 2.423430
0.277550 -0.374904 2.321960
0.269217 -0.512334 2.176600
0.209011 -0.530838 2.123450
-0.001361 -0.523739 2.435700
-0.114910 -0.598111 2.121730
-0.145642 -0.836861 2.062690
-0.084760 -0.827448 2.124820
0.168337 -0.530445 2.449350
0.306327 -0.575704 2.139890
0.343257 -0.811185 2.066290
0.352944 -0.853197 1.984770
0.082235 -0.456895 2.438510
0.081110 -0.397053 2.430330
0.075413 -0.098243 2.403070
0.082322 0.088756 2.384940
-0.078613 -0.193911 2.386070
-0.107245 -0.374127 2.304110
-0.064539 -0.504026 2.158590
-0.009427 -0.533449 2.103400
0.230996 -0.197172 2.423430
0.277430 -0.374746 2.322140
0.270462 -0.511955 2.177400
0.210440 -0.530844 2.124150
-0.001361 -0.523726 2.435670
-0.114887 -0.598131 2.121710
-0.145639 -0.836869 2.062670
-0.082809 -0.825489 2.130210
0.168309 -0.530429 2.449320
0.306330 -0.575702 2.139890
0.343282 -0.811160 2.066290
0.352960 -0.853188 1.984770
0.082223 -0.456891 2.438470
0.081100 -0.397052 2.430290
0.075410 -0.098267 2.403020
0.082320 0.088704 2.384830
-0.078611 -0.193904 2.386070
-0.107314 -0.374107 2.304040
-0.064879 -0.504152 2.158540
-0.009844 -0.533586 2.103360
0.230971 -0.197166 2.423430
0.277319 -0.374606 2.322300
0.271650 -0.511662 2.178080
0.211835 -0.530883 2.124700
-0.001358 -0.523714 2.435650
-0.114878 -0.598138 2.121700
-0.145638 -0.836872 2.062650
-0.081712 -0.824443 2.133070
0.168282 -0.530413 2.449310
0.306331 -0.575700 2.139890
0.343317 -0.811129 2.066270
0.352980 -0.853176 1.984770
0.082212 -0.456886 2.438440
0.081091 -0.397050 2.430250
0.075406 -0.098289 2.402980
0.082318 0.088662 2.384730
-0.078608 -0.193898 2.386060
-0.107380 -0.374096 2.303960
-0.065107 -0.504223 2.158480
-0.010089 -0.533616 2.103310
0.230947 -0.197160 2.423430
0.277224 -0.374473 2.322450
0.273273 -0.511490 2.178880
0.213548 -0.530937 2.125360
-0.001354 -0.523702 2.435630
-0.114871 -0.598143 2.121690
-0.145634 -0.836874 2.062640
-0.081442 -0.824340 2.133340
0.168258 -0.530398 2.449290
0.306333 -0.575698 2.139900
0.343343 -0.811101 2.066250
0.352995 -0.853165 1.984770
0.082202 -0.456881 2.438410
0.081082 -0.397048 2.430220
0.075400 -0.098309 2.402940
0.082320 0.088623 2.384630
-0.078608 -0.193883 2.386060
-0.107440 -0.374075 2.303910
-0.065276 -0.504277 2.158440
-0.010208 -0.533572 2.103280
0.230923 -0.197154 2.423430
0.277146 -0.374349 2.322600
0.275166 -0.511394 2.179650
0.215406 -0.530968 2.126020
-0.001350 -0.523690 2.435610
-0.114865 -0.598147 2.121680
-0.145631 -0.836875 2.062640
-0.081815 -0.824923 2.131730
0.168236 -0.530383 2.449270
0.306336 -0.575698 2.139900
0.343355 -0.811085 2.066240
0.353002 -0.853159 1.984760
0.082196 -0.456875 2.438380
0.081076 -0.397046 2.430190
0.075394 -0.098327 2.402900
0.082331 0.088587 2.384540
-0.078607 -0.193866 2.386050
-0.107481 -0.374056 2.303870
-0.065395 -0.504298 2.158410
-0.010249 -0.533453 2.103270
0.230902 -0.197148 2.423430
0.277066 -0.374372 2.322620
0.276276 -0.511545 2.179930
0.216828 -0.531341 2.126260
-0.001342 -0.523677 2.435590
-0.114860 -0.598151 2.121680
-0.145629 -0.836879 2.062650
-0.082487 -0.825785 2.129270
0.168218 -0.530367 2.449250
0.306337 -0.575699 2.139900
0.343362 -0.811073 2.066220
0.353007 -0.853155 1.984750
0.082191 -0.456871 2.438360
0.081071 -0.397045 2.430160
0.075388 -0.098345 2.402870
0.082344 0.088527 2.384450
-0.078602 -0.193852 2.386040
-0.107511 -0.374042 2.303850
-0.065520 -0.504313 2.158390
-0.010649 -0.533621 2.103170
0.230885 -0.197143 2.423430
0.276995 -0.374417 2.322620
0.277801 -0.511954 2.180050
0.217990 -0.531642 2.126470
-0.001333 -0.523665 2.435580
-0.114856 -0.598154 2.121670
-0.145628 -0.836881 2.062650
-0.083276 -0.826645 2.126700
0.168204 -0.530354 2.449240
0.306338 -0.575699 2.139900
0.343355 -0.811051 2.066180
0.353008 -0.853148 1.984740
0.082186 -0.456867 2.438330
0.081067 -0.397044 2.430130
0.075379 -0.098367 2.402840
0.082363 0.088435 2.384350
-0.078595 -0.193841 2.386030
-0.107535 -0.374032 2.303840
-0.065453 -0.504113 2.158280
-0.010486 -0.533287 2.103090
0.230871 -0.197140 2.423430
0.276932 -0.374469 2.322620
0.278919 -0.512279 2.180090
0.218759 -0.531831 2.126640
-0.001324 -0.523656 2.435570
-0.114852 -0.598158 2.121670
-0.145624 -0.836887 2.062670
-0.083915 -0.827351 2.124520
0.168191 -0.530343 2.449230
0.306339 -0.575698 2.139900
0.343340 -0.811024 2.066130
0.353005 -0.853138 1.984720
0.082183 -0.456865 2.438320
0.081062 -0.397045 2.430110
0.075382 -0.098393 2.402800
0.082384 0.088350 2.384270
-0.078587 -0.193829 2.386010
-0.107551 -0.374015 2.303830
-0.065406 -0.503918 2.158200
-0.010334 -0.532941 2.103060
0.230859 -0.197137 2.423440
0.276873 -0.374585 2.322550
0.279856 -0.512646 2.180000
0.219373 -0.532053 2.126710
-0.001317 -0.523647 2.435550
-0.114849 -0.598160 2.121670
-0.145619 -0.836892 2.062700
-0.084463 -0.827951 2.122690
0.168179 -0.530332 2.449220
0.306341 -0.575698 2.139900
0.343313 -0.811002 2.066080
0.352998 -0.853130 1.984710
0.082179 -0.456862 2.438300
0.081059 -0.397045 2.430080
0.075389 -0.098426 2.402760
0.082408 0.088266 2.384190
-0.078576 -0.193817 2.386000
-0.107563 -0.373996 2.303830
-0.065375 -0.503755 2.158150
-0.010205 -0.532634 2.103060
0.230848 -0.197137 2.423440
0.276910 -0.375564 2.321860
0.280803 -0.513791 2.179070
0.220082 -0.533027 2.125970
-0.001309 -0.523638 2.435540
-0.114848 -0.598166 2.121670
-0.145616 -0.836903 2.062720
-0.084918 -0.828409 2.121190
0.168166 -0.530322 2.449220
0.306341 -0.575697 2.139910
0.343288 -0.810982 2.066040
0.352990 -0.853123 1.984690
0.082176 -0.456861 2.438280
0.081056 -0.397048 2.430060
0.075399 -0.098471 2.402730
0.082436 0.088174 2.384100
-0.078565 -0.193804 2.385980
-0.107570 -0.373977 2.303840
-0.065329 -0.503588 2.158110
-0.010061 -0.532329 2.103070
0.230836 -0.197138 2.423440
0.276956 -0.376515 2.321170
0.281683 -0.514902 2.178200
0.220681 -0.533881 2.125350
-0.001301 -0.523630 2.435530
-0.114846 -0.598179 2.121670
-0.145612 -0.836926 2.062760
-0.085259 -0.828748 2.120020
0.168154 -0.530313 2.449210
0.306342 -0.575697 2.139910
0.343258 -0.810963 2.066000
0.352980 -0.853115 1.984670
0.082174 -0.456859 2.438260
0.081054 -0.397050 2.430040
0.075410 -0.098512 2.402700
0.082456 0.088101 2.384030
-0.078553 -0.193792 2.385970
-0.107574 -0.373957 2.303850
-0.073978 -0.505894 2.159230
-0.019852 -0.535496 2.104200
0.230820 -0.197140 2.423440
0.276940 -0.377077 2.320780
0.282268 -0.515557 2.177710
0.221294 -0.534667 2.124790
-0.001291 -0.523623 2.435520
-0.114845 -0.598184 2.121680
-0.145609 -0.836939 2.062800
-0.085514 -0.829047 2.119080
0.168143 -0.530304 2.449200
0.306341 -0.575698 2.139910
0.343220 -0.810949 2.065950
0.352967 -0.853110 1.984660
0.082173 -0.456858 2.438250
0.081053 -0.397053 2.430020
0.075435 -0.098557 2.402670
0.082487 0.088069 2.383980
-0.078543 -0.193782 2.385960
-0.107575 -0.373930 2.303870
-0.079739 -0.507360 2.159990
-0.026168 -0.537482 2.104920
0.230806 -0.197141 2.423440
0.276924 -0.377427 2.320560
0.282724 -0.515971 2.177420
0.221824 -0.535187 2.124420
-0.001281 -0.523615 2.435510
-0.114844 -0.598176 2.121670
-0.145609 -0.836927 2.062830
-0.085746 -0.829366 2.118330
0.168133 -0.530296 2.449200
0.306341 -0.575699 2.139910
0.343276 -0.810940 2.066010
0.353001 -0.853106 1.984690
0.082172 -0.456857 2.438230
0.081053 -0.397055 2.430000
0.075462 -0.098601 2.402650
0.082518 0.088051 2.383940
-0.078535 -0.193775 2.385950
-0.107581 -0.373906 2.303880
-0.083388 -0.508448 2.160550
-0.030100 -0.538896 2.105430
0.230792 -0.197143 2.423450
0.276937 -0.377850 2.320310
0.283144 -0.516338 2.177160
0.222527 -0.535792 2.123960
-0.001269 -0.523608 2.435500
-0.114843 -0.598166 2.121670
-0.145609 -0.836912 2.062860
-0.085931 -0.829634 2.117730
0.168125 -0.530288 2.449190
0.306339 -0.575700 2.139910
0.343367 -0.810930 2.066130
0.353052 -0.853103 1.984750
0.082172 -0.456854 2.438220
0.081053 -0.397056 2.429980
0.075488 -0.098645 2.402620
0.082548 0.088032 2.383900
-0.078532 -0.193771 2.385950
-0.107591 -0.373879 2.303880
-0.085813 -0.509258 2.160930
-0.032673 -0.539913 2.105780
0.230784 -0.197143 2.423450
0.276929 -0.378071 2.320190
0.283546 -0.516607 2.177010
0.223047 -0.536132 2.123720
-0.001261 -0.523601 2.435490
-0.114842 -0.598154 2.121670
-0.145609 -0.836893 2.062890
-0.086068 -0.829862 2.117280
0.168118 -0.530280 2.449190
0.306336 -0.575698 2.139920
0.343466 -0.810909 2.066270
0.353110 -0.853093 1.984830
0.082171 -0.456850 2.438210
0.081053 -0.397057 2.429970
0.075520 -0.098690 2.402590
0.082574 0.088021 2.383870
-0.078529 -0.193768 2.385940
-0.107597 -0.373857 2.303880
-0.080793 -0.507541 2.160470
-0.026019 -0.537150 2.105340
0.230777 -0.197144 2.423450
0.276928 -0.378300 2.320070
0.283908 -0.516871 2.176840
0.223363 -0.536370 2.123560
-0.001254 -0.523594 2.435480
-0.114841 -0.598142 2.121670
-0.145615 -0.836874 2.062910
-0.086198 -0.830058 2.116900
0.168110 -0.530271 2.449180
0.306340 -0.575703 2.139920
0.343733 -0.810955 2.066730
0.353259 -0.853118 1.985070
0.082170 -0.456847 2.438190
0.081053 -0.397058 2.429950
0.075548 -0.098738 2.402570
0.082598 0.088010 2.383840
-0.078527 -0.193766 2.385940
-0.107600 -0.373837 2.303880
-0.081466 -0.507880 2.160680
-0.026776 -0.537608 2.105530
0.230772 -0.197145 2.423460
0.276938 -0.378590 2.319900
0.284184 -0.517201 2.176770
0.223519 -0.536516 2.123560
-0.001247 -0.523586 2.435470
-0.114841 -0.598137 2.121670
-0.145621 -0.836862 2.062930
-0.086306 -0.830211 2.116610
0.168103 -0.530263 2.449180
0.306345 -0.575707 2.139930
0.343842 -0.810989 2.067000
0.353329 -0.853137 1.985230
0.082169 -0.456843 2.438180
0.081053 -0.397060 2.429930
0.075575 -0.098800 2.402550
0.082621 0.087958 2.383790
-0.078525 -0.193765 2.385940
-0.107603 -0.373823 2.303880
-0.081999 -0.508134 2.160790
-0.027465 -0.538021 2.105600
0.230768 -0.197147 2.423460
0.276951 -0.378760 2.319810
0.284194 -0.517410 2.176660
0.223478 -0.536651 2.123470
-0.001241 -0.523580 2.435460
-0.114841 -0.598134 2.121670
-0.145624 -0.836856 2.062940
-0.086397 -0.830333 2.116380
0.168097 -0.530256 2.449170
0.306352 -0.575710 2.139940
0.343897 -0.811010 2.067190
0.353368 -0.853150 1.985360
0.082168 -0.456841 2.438170
0.081053 -0.397062 2.429920
0.075593 -0.098857 2.402530
0.082640 0.087922 2.383760
-0.078524 -0.193764 2.385930
-0.107605 -0.373811 2.303880
-0.082483 -0.508359 2.160880
-0.028130 -0.538405 2.105650
0.230764 -0.197149 2.423470
0.276968 -0.378935 2.319720
0.284214 -0.517585 2.176550
0.223487 -0.536780 2.123350
-0.001234 -0.523574 2.435450
-0.114841 -0.598132 2.121670
-0.145626 -0.836849 2.062950
-0.086470 -0.830425 2.116200
0.168091 -0.530249 2.449170
0.306355 -0.575716 2.139950
0.343920 -0.811031 2.067320
0.353388 -0.853163 1.985440
0.082168 -0.456838 2.438160
0.081054 -0.397064 2.429900
0.075609 -0.098913 2.402510
0.082651 0.087908 2.383740
-0.078523 -0.193764 2.385930
-0.107607 -0.373802 2.303880
-0.076404 -0.505983 2.159890
-0.021031 -0.535223 2.104740
0.230760 -0.197151 2.423470
0.276968 -0.379017 2.319680
0.283595 -0.517482 2.176310
0.223140 -0.536842 2.123030
-0.001225 -0.523569 2.435440
-0.114841 -0.598117 2.121660
-0.145632 -0.836826 2.062960
-0.086525 -0.830516 2.116070
0.168087 -0.530243 2.449170
0.306358 -0.575722 2.139960
0.344117 -0.811076 2.067690
0.353517 -0.853190 1.985670
0.082169 -0.456836 2.438140
0.081054 -0.397066 2.429890
0.075613 -0.098979 2.402480
0.082660 0.087895 2.383730
-0.078523 -0.193765 2.385930
-0.107610 -0.373796 2.303880
-0.071729 -0.504304 2.159070
-0.015856 -0.533050 2.103980
0.230756 -0.197154 2.423470
0.276958 -0.379085 2.319620
0.283149 -0.517478 2.176100
0.222882 -0.536958 2.122720
-0.001217 -0.523565 2.435430
-0.114840 -0.598111 2.121660
-0.145639 -0.836813 2.062980
-0.086572 -0.830589 2.115950
0.168085 -0.530236 2.449170
0.306361 -0.575728 2.139970
0.344156 -0.811104 2.067850
0.353551 -0.853209 1.985780
0.082170 -0.456834 2.438130
0.081055 -0.397069 2.429880
0.075615 -0.099043 2.402460
0.082665 0.087876 2.383720
-0.078523 -0.193770 2.385920
-0.107612 -0.373804 2.303870
-0.069389 -0.503517 2.158620
-0.012167 -0.531622 2.103340
0.230753 -0.197157 2.423480
0.276944 -0.379126 2.319580
0.283021 -0.517502 2.176030
0.222827 -0.537024 2.122590
-0.001208 -0.523561 2.435430
-0.114840 -0.598107 2.121660
-0.145643 -0.836802 2.062990
-0.086601 -0.830650 2.115850
0.168083 -0.530230 2.449170
0.306361 -0.575734 2.139970
0.344185 -0.811127 2.067970
0.353579 -0.853226 1.985880
0.082171 -0.456832 2.438120
0.081056 -0.397072 2.429860
0.075614 -0.099103 2.402440
0.082660 0.087852 2.383700
-0.078523 -0.193778 2.385910
-0.107612 -0.373809 2.303870
-0.067588 -0.502910 2.158280
-0.009619 -0.530624 2.102900
0.230750 -0.197161 2.423480
0.276920 -0.379115 2.319570
0.282914 -0.517480 2.176010
0.222790 -0.537055 2.122510
-0.001199 -0.523558 2.435420
-0.114840 -0.598105 2.121670
-0.145644 -0.836796 2.063000
-0.086628 -0.830702 2.115780
0.168082 -0.530225 2.449160
0.306361 -0.575739 2.139980
0.344206 -0.811140 2.068050
0.353599 -0.853236 1.985940
0.082173 -0.456831 2.438110
0.081058 -0.397075 2.429850
0.075613 -0.099161 2.402420
0.082652 0.087827 2.383680
-0.078523 -0.193786 2.385900
-0.107611 -0.373819 2.303860
-0.070798 -0.504495 2.158510
-0.015022 -0.533503 2.103090
0.230745 -0.197165 2.423480
0.276879 -0.379045 2.319580
0.282854 -0.517450 2.176000
0.222795 -0.537064 2.122470
-0.001190 -0.523556 2.435410
-0.114839 -0.598103 2.121670
-0.145646 -0.836791 2.063010
-0.086649 -0.830747 2.115720
0.168081 -0.530219 2.449160
0.306361 -0.575745 2.139980
0.344235 -0.811153 2.068120
0.353630 -0.853247 1.986000
0.082174 -0.456830 2.438110
0.081059 -0.397079 2.429840
0.075610 -0.099216 2.402400
0.082651 0.087810 2.383670
-0.078526 -0.193793 2.385890
-0.107609 -0.373837 2.303850
-0.067618 -0.503679 2.158180
-0.012232 -0.532641 2.102750
0.230739 -0.197170 2.423480
0.276786 -0.378830 2.319640
0.282808 -0.517293 2.176110
0.222765 -0.536939 2.122560
-0.001183 -0.523554 2.435410
-0.114839 -0.598101 2.121670
-0.145646 -0.836785 2.063010
-0.086673 -0.830794 2.115680
0.168081 -0.530214 2.449160
0.306361 -0.575751 2.139990
0.344264 -0.811163 2.068180
0.353661 -0.853257 1.986070
0.082175 -0.456829 2.438100
0.081060 -0.397082 2.429830
0.075608 -0.099270 2.402370
0.082651 0.087800 2.383660
-0.078529 -0.193800 2.385890
-0.107607 -0.373861 2.303840
-0.065072 -0.503011 2.157880
-0.009901 -0.531892 2.102460
0.230733 -0.197175 2.423480
0.276692 -0.378581 2.319720
0.282765 -0.517101 2.176260
0.222753 -0.536823 2.122660
-0.001177 -0.523552 2.435400
-0.114837 -0.598101 2.121670
-0.145645 -0.836782 2.063010
-0.086700 -0.830835 2.115640
0.168080 -0.530210 2.449160
0.306361 -0.575757 2.140000
0.344277 -0.811169 2.068220
0.353678 -0.853262 1.986100
0.082176 -0.456828 2.438090
0.081061 -0.397085 2.429810
0.075607 -0.099319 2.402350
0.082651 0.087793 2.383650
-0.078533 -0.193805 2.385880
-0.107610 -0.373897 2.303810
-0.063370 -0.502630 2.157630
-0.008285 -0.531423 2.102240
0.230725 -0.197180 2.423480
0.276562 -0.378180 2.319870
0.282768 -0.516810 2.176550
0.222800 -0.536659 2.122850
-0.001171 -0.523550 2.435400
-0.114834 -0.598101 2.121670
-0.145644 -0.836779 2.063010
-0.086730 -0.830887 2.115600
0.168080 -0.530205 2.449160
0.306361 -0.575764 2.140000
0.344287 -0.811173 2.068240
0.353692 -0.853267 1.986130
0.082177 -0.456827 2.438080
0.081061 -0.397088 2.429800
0.075604 -0.099363 2.402320
0.082653 0.087794 2.383660
-0.078537 -0.193809 2.385870
-0.107609 -0.373928 2.303780
-0.062556 -0.502448 2.157500
-0.007364 -0.531149 2.102100
0.230715 -0.197185 2.423490
0.276437 -0.377784 2.320020
0.282276 -0.516307 2.176800
0.222631 -0.536489 2.122920
-0.001167 -0.523548 2.435390
-0.114833 -0.598102 2.121670
-0.145643 -0.836777 2.063010
-0.086755 -0.830934 2.115580
0.168079 -0.530199 2.449160
0.306361 -0.575773 2.140010
0.344301 -0.811180 2.068270
0.353711 -0.853275 1.986170
0.082177 -0.456826 2.438070
0.081061 -0.397091 2.429790
0.075602 -0.099398 2.402310
0.082657 0.087819 2.383670
-0.078540 -0.193809 2.385870
-0.107608 -0.373937 2.303770
-0.061929 -0.502291 2.157440
-0.006747 -0.530941 2.102050
0.230704 -0.197190 2.423490
0.276319 -0.377414 2.320170
0.280711 -0.515287 2.176880
0.221639 -0.536046 2.122840
-0.001163 -0.523546 2.435390
-0.114830 -0.598103 2.121670
-0.145642 -0.836775 2.063010
-0.086783 -0.830979 2.115550
0.168077 -0.530194 2.449150
0.306359 -0.575780 2.140010
0.344311 -0.811183 2.068290
0.353727 -0.853280 1.986200
0.082177 -0.456824 2.438060
0.081061 -0.397093 2.429780
0.075601 -0.099429 2.402290
0.082662 0.087850 2.383680
-0.078543 -0.193808 2.385870
-0.107607 -0.373944 2.303770
-0.061474 -0.502172 2.157390
-0.006292 -0.530778 2.102020
0.230693 -0.197195 2.423490
0.276211 -0.377058 2.320310
0.278562 -0.514021 2.176780
0.220341 -0.535504 2.122500
-0.001159 -0.523544 2.435380
-0.114828 -0.598105 2.121670
-0.145641 -0.836774 2.063010
-0.086793 -0.831029 2.115520
0.168076 -0.530188 2.449150
0.306356 -0.575786 2.140020
0.344322 -0.811187 2.068310
0.353743 -0.853284 1.986230
0.082177 -0.456823 2.438050
0.081061 -0.397095 2.429770
0.075602 -0.099453 2.402270
0.082671 0.087887 2.383700
-0.078545 -0.193807 2.385870
-0.107606 -0.373949 2.303760
-0.061154 -0.502089 2.157360
-0.005972 -0.530658 2.102000
0.230683 -0.197202 2.423500
0.276116 -0.376734 2.320440
0.276657 -0.512940 2.176660
0.219128 -0.535023 2.122150
-0.001156 -0.523541 2.435380
-0.114859 -0.598019 2.121670
-0.145631 -0.836683 2.063000
-0.086805 -0.831119 2.115490
0.168074 -0.530183 2.449150
0.306354 -0.575793 2.140030
0.344342 -0.811195 2.068360
0.353767 -0.853292 1.986290
0.082175 -0.456821 2.438040
0.081058 -0.397097 2.429760
0.075599 -0.099477 2.402260
0.082674 0.087902 2.383700
-0.078549 -0.193805 2.385870
-0.107594 -0.374032 2.303740
-0.061451 -0.502218 2.157150
-0.006790 -0.531185 2.101670
0.230672 -0.197209 2.423510
0.276077 -0.376610 2.320480
0.276533 -0.512710 2.176600
0.219061 -0.534918 2.122010
-0.001155 -0.523538 2.435370
-0.114868 -0.597956 2.121660
-0.145624 -0.836607 2.062990
-0.086816 -0.831197 2.115450
0.168071 -0.530178 2.449150
0.306352 -0.575798 2.140030
0.344336 -0.811200 2.068390
0.353770 -0.853298 1.986330
0.082172 -0.456820 2.438040
0.081055 -0.397099 2.429750
0.075593 -0.099497 2.402250
0.082688 0.087919 2.383720
-0.078551 -0.193804 2.385870
-0.107582 -0.374125 2.303710
-0.062195 -0.502446 2.156860
-0.008238 -0.531969 2.101210
0.230664 -0.197222 2.423510
0.276046 -0.376514 2.320510
0.277188 -0.512756 2.176710
0.219464 -0.534867 2.122060
-0.001155 -0.523536 2.435370
-0.114871 -0.597923 2.121660
-0.145623 -0.836565 2.062990
-0.086814 -0.831255 2.115410
0.168068 -0.530173 2.449150
0.306351 -0.575799 2.140040
0.344204 -0.811202 2.068440
0.353713 -0.853302 1.986380
0.082168 -0.456817 2.438030
0.081050 -0.397101 2.429740
0.075574 -0.099519 2.402250
0.082695 0.087929 2.383730
-0.078554 -0.193798 2.385880
-0.107572 -0.374202 2.303700
-0.062224 -0.502519 2.156810
-0.008398 -0.532123 2.101140
0.230654 -0.197234 2.423520
0.276023 -0.376422 2.320530
0.277697 -0.512748 2.176870
0.219771 -0.534773 2.122160
-0.001157 -0.523532 2.435360
-0.114873 -0.597900 2.121660
-0.145623 -0.836533 2.062990
-0.086814 -0.831292 2.115370
0.168063 -0.530167 2.449150
0.306351 -0.575798 2.140050
0.344004 -0.811204 2.068490
0.353622 -0.853305 1.986430
0.082164 -0.456815 2.438020
0.081044 -0.397102 2.429730
0.075553 -0.099538 2.402240
0.082710 0.087949 2.383760
-0.078557 -0.193793 2.385880
-0.107564 -0.374235 2.303690
-0.062251 -0.502563 2.156780
-0.008482 -0.532220 2.101140
0.230644 -0.197248 2.423530
0.275981 -0.376556 2.320380
0.278504 -0.513257 2.176630
0.220276 -0.535051 2.121970
-0.001158 -0.523528 2.435360
-0.114875 -0.597887 2.121660
-0.145623 -0.836515 2.062990
-0.086814 -0.831316 2.115340
0.168058 -0.530161 2.449150
0.306357 -0.575793 2.140070
0.343794 -0.811199 2.068530
0.353525 -0.853305 1.986480
0.082159 -0.456813 2.438020
0.081038 -0.397103 2.429720
0.075528 -0.099557 2.402240
0.082736 0.087965 2.383790
-0.078559 -0.193788 2.385880
-0.107556 -0.374262 2.303690
-0.062266 -0.502607 2.156780
-0.008506 -0.532285 2.101190
0.230632 -0.197262 2.423540
0.275957 -0.376561 2.320360
0.279224 -0.513535 2.176620
0.220750 -0.535164 2.121950
-0.001160 -0.523524 2.435360
-0.114875 -0.597877 2.121660
-0.145623 -0.836499 2.062990
-0.086814 -0.831338 2.115300
0.168053 -0.530155 2.449150
0.306363 -0.575788 2.140090
0.343588 -0.811190 2.068550
0.353426 -0.853302 1.986520
0.082154 -0.456811 2.438010
0.081031 -0.397104 2.429720
0.075501 -0.099574 2.402250
0.082769 0.087987 2.383850
-0.078560 -0.193784 2.385890
-0.107550 -0.374285 2.303690
-0.063954 -0.503002 2.156730
-0.010244 -0.532851 2.101190
0.230621 -0.197277 2.423550
0.275970 -0.376770 2.320230
0.279979 -0.514034 2.176390
0.221267 -0.535448 2.121780
-0.001163 -0.523520 2.435360
-0.114875 -0.597868 2.121660
-0.145623 -0.836483 2.062980
-0.086813 -0.831359 2.115260
0.168046 -0.530148 2.449160
0.306373 -0.575783 2.140120
0.343536 -0.811194 2.068770
0.353404 -0.853305 1.986680
0.082148 -0.456808 2.438010
0.081025 -0.397103 2.429710
0.075487 -0.099580 2.402250
0.082832 0.088124 2.383940
-0.078562 -0.193780 2.385890
-0.107541 -0.374299 2.303690
-0.066417 -0.503599 2.156910
-0.012739 -0.533612 2.101400
0.230612 -0.197286 2.423560
0.275981 -0.376863 2.320180
0.280661 -0.514354 2.176300
0.221782 -0.535621 2.121700
-0.001165 -0.523514 2.435350
-0.114874 -0.597858 2.121660
-0.145624 -0.836465 2.062980
-0.086804 -0.831384 2.115220
0.168039 -0.530140 2.449160
0.306383 -0.575777 2.140150
0.343476 -0.811193 2.068900
0.353373 -0.853306 1.986790
0.082143 -0.456805 2.438010
0.081019 -0.397103 2.429710
0.075473 -0.099584 2.402250
0.082899 0.088292 2.384050
-0.078562 -0.193769 2.385900
-0.107523 -0.374301 2.303710
-0.067095 -0.503693 2.156940
-0.013367 -0.533743 2.101470
0.230603 -0.197294 2.423570
0.276003 -0.377034 2.320090
0.281427 -0.514789 2.176170
0.222140 -0.535753 2.121700
-0.001168 -0.523508 2.435350
-0.114874 -0.597849 2.121660
-0.145625 -0.836449 2.062980
-0.086796 -0.831406 2.115190
0.168030 -0.530132 2.449160
0.306399 -0.575783 2.140190
0.343494 -0.811237 2.069210
0.353385 -0.853333 1.987010
0.082139 -0.456803 2.438000
0.081014 -0.397103 2.429700
0.075463 -0.099586 2.402250
0.082968 0.088454 2.384170
-0.078550 -0.193756 2.385910
-0.107501 -0.374298 2.303740
-0.068268 -0.503732 2.156910
-0.014381 -0.533826 2.101510
0.230595 -0.197301 2.423590
0.276014 -0.377082 2.320070
0.281602 -0.514921 2.176130
0.222185 -0.535782 2.121690
-0.001170 -0.523502 2.435350
-0.114873 -0.597841 2.121660
-0.145633 -0.836431 2.062980
-0.086786 -0.831433 2.115130
0.168023 -0.530125 2.449170
0.306413 -0.575789 2.140220
0.343476 -0.811260 2.069370
0.353377 -0.853350 1.987150
0.082135 -0.456801 2.438000
0.081009 -0.397102 2.429700
0.075452 -0.099585 2.402250
0.083029 0.088652 2.384270
-0.078534 -0.193740 2.385920
-0.107485 -0.374235 2.303770
-0.069220 -0.503695 2.156940
-0.015441 -0.533960 2.101560
0.230586 -0.197308 2.423610
0.276021 -0.377116 2.320060
0.281723 -0.515005 2.176100
0.222235 -0.535814 2.121680
-0.001172 -0.523496 2.435340
-0.114879 -0.597769 2.121660
-0.145662 -0.836329 2.062970
-0.086783 -0.831514 2.115050
0.168013 -0.530116 2.449170
0.306440 -0.575795 2.140270
0.343474 -0.811281 2.069540
0.353378 -0.853366 1.987300
0.082132 -0.456799 2.438000
0.081006 -0.397102 2.429690
0.075443 -0.099581 2.402250
0.083075 0.088805 2.384350
-0.078520 -0.193725 2.385930
-0.107470 -0.374208 2.303780
-0.069584 -0.503695 2.156970
-0.015708 -0.533912 2.101650
0.230579 -0.197313 2.423620
0.276031 -0.377116 2.320090
0.281822 -0.515015 2.176100
0.222265 -0.535775 2.121720
-0.001173 -0.523491 2.435340
-0.114882 -0.597691 2.121650
-0.145689 -0.836221 2.062960
-0.086781 -0.831602 2.114970
0.168004 -0.530108 2.449180
0.306469 -0.575798 2.140330
0.343584 -0.811327 2.069990
0.353441 -0.853397 1.987610
0.082128 -0.456797 2.437990
0.081001 -0.397101 2.429690
0.075420 -0.099571 2.402250
0.083114 0.088909 2.384420
-0.078507 -0.193712 2.385940
-0.107456 -0.374180 2.303790
-0.069808 -0.503606 2.156950
-0.015980 -0.533933 2.101660
0.230571 -0.197318 2.423640
0.276048 -0.377067 2.320140
0.281895 -0.515035 2.176150
0.222256 -0.535697 2.121880
-0.001174 -0.523486 2.435340
-0.114881 -0.597631 2.121650
-0.145710 -0.836135 2.062960
-0.086778 -0.831677 2.114910
0.167995 -0.530099 2.449180
0.306500 -0.575801 2.140380
0.343603 -0.811356 2.070250
0.353452 -0.853419 1.987820
0.082125 -0.456795 2.437990
0.080997 -0.397101 2.429690
0.075395 -0.099568 2.402250
0.083159 0.088978 2.384470
-0.078495 -0.193698 2.385960
-0.107443 -0.374154 2.303800
-0.069900 -0.503545 2.156980
-0.016037 -0.533879 2.101720
0.230565 -0.197325 2.423660
0.276058 -0.377067 2.320150
0.281940 -0.515071 2.176170
0.222266 -0.535689 2.121930
-0.001175 -0.523480 2.435340
-0.114889 -0.597559 2.121650
-0.145728 -0.836044 2.062950
-0.086769 -0.831754 2.114860
0.167986 -0.530091 2.449190
0.306523 -0.575806 2.140430
0.343615 -0.811372 2.070390
0.353458 -0.853432 1.987960
0.082119 -0.456793 2.437990
0.080990 -0.397100 2.429690
0.075367 -0.099566 2.402250
0.083199 0.089032 2.384520
-0.078483 -0.193685 2.385970
-0.107430 -0.374124 2.303810
-0.069915 -0.503496 2.157030
-0.015951 -0.533784 2.101810
0.230558 -0.197333 2.423670
0.276084 -0.377091 2.320140
0.281932 -0.515114 2.176150
0.222239 -0.535691 2.121930
-0.001178 -0.523473 2.435330
-0.114898 -0.597497 2.121650
-0.145735 -0.835965 2.062950
-0.086768 -0.831804 2.114820
0.167974 -0.530082 2.449200
0.306537 -0.575805 2.140470
0.343622 -0.811378 2.070480
0.353463 -0.853435 1.988040
0.082115 -0.456791 2.437990
0.080985 -0.397100 2.429680
0.075345 -0.099564 2.402250
0.083251 0.089100 2.384570
-0.078472 -0.193672 2.385980
-0.107411 -0.374081 2.303820
-0.070265 -0.503493 2.157090
-0.016401 -0.533881 2.101870
0.230552 -0.197340 2.423690
0.276109 -0.377085 2.320150
0.282092 -0.515115 2.176210
0.222294 -0.535554 2.122140
-0.001180 -0.523467 2.435330
-0.114912 -0.597416 2.121650
-0.145733 -0.835868 2.062940
-0.086768 -0.831853 2.114790
0.167963 -0.530074 2.449200
0.306549 -0.575804 2.140510
0.343628 -0.811382 2.070540
0.353466 -0.853437 1.988110
0.082111 -0.456789 2.437980
0.080981 -0.397100 2.429680
0.075330 -0.099560 2.402250
0.083278 0.089165 2.384610
-0.078461 -0.193660 2.385990
-0.107390 -0.374038 2.303840
-0.070314 -0.503446 2.157130
-0.016327 -0.533743 2.101980
0.230541 -0.197340 2.423700
0.276137 -0.377004 2.320240
0.282297 -0.514968 2.176350
0.222400 -0.535218 2.122450
-0.001180 -0.523462 2.435330
-0.114926 -0.597334 2.121660
-0.145723 -0.835776 2.062940
-0.086761 -0.831898 2.114770
0.167951 -0.530065 2.449210
0.306557 -0.575807 2.140550
0.343640 -0.811384 2.070600
0.353476 -0.853438 1.988180
0.082107 -0.456788 2.437980
0.080976 -0.397099 2.429680
0.075317 -0.099558 2.402250
0.083293 0.089193 2.384630
-0.078449 -0.193649 2.386000
-0.107359 -0.374001 2.303880
-0.070215 -0.503373 2.157210
-0.016007 -0.533503 2.102140
0.230530 -0.197340 2.423720
0.276166 -0.376902 2.320340
0.282414 -0.514766 2.176430
0.222423 -0.534841 2.122670
-0.001181 -0.523456 2.435330
-0.114940 -0.597253 2.121660
-0.145711 -0.835686 2.062950
-0.086747 -0.831940 2.114760
0.167938 -0.530056 2.449220
0.306563 -0.575809 2.140580
0.343686 -0.811380 2.070680
0.353510 -0.853437 1.988270
0.082104 -0.456786 2.437980
0.080973 -0.397099 2.429680
0.075307 -0.099556 2.402260
0.083310 0.089239 2.384660
-0.078438 -0.193639 2.386010
-0.107327 -0.373960 2.303910
-0.070105 -0.503275 2.157250
-0.015476 -0.533104 2.102280
0.230518 -0.197339 2.423730
0.276188 -0.376794 2.320450
0.282573 -0.514577 2.176550
0.222518 -0.534592 2.122880
-0.001181 -0.523450 2.435330
-0.114950 -0.597189 2.121670
-0.145699 -0.835613 2.062960
-0.086738 -0.831973 2.114750
0.167926 -0.530046 2.449230
0.306563 -0.575809 2.140620
0.343713 -0.811374 2.070720
0.353532 -0.853434 1.988330
0.082102 -0.456785 2.437980
0.080970 -0.397099 2.429680
0.075299 -0.099555 2.402260
0.083326 0.089281 2.384690
-0.078426 -0.193626 2.386020
-0.107292 -0.373918 2.303950
-0.069839 -0.503113 2.157320
-0.014920 -0.532707 2.102430
0.230507 -0.197337 2.423750
0.276200 -0.376671 2.320550
0.282723 -0.514375 2.176680
0.222515 -0.534171 2.123250
-0.001180 -0.523444 2.435330
-0.114957 -0.597142 2.121680
-0.145691 -0.835557 2.062960
-0.086732 -0.832009 2.114740
0.167914 -0.530036 2.449240
0.306566 -0.575813 2.140650
0.343718 -0.811374 2.070750
0.353534 -0.853434 1.988370
0.082099 -0.456784 2.437980
0.080967 -0.397099 2.429670
0.075290 -0.099553 2.402250
0.083342 0.089327 2.384720
-0.078413 -0.193608 2.386030
-0.107244 -0.373856 2.304020
-0.069570 -0.502934 2.157410
-0.014397 -0.532300 2.102610
0.230495 -0.197335 2.423770
0.276206 -0.376633 2.320590
0.282852 -0.514263 2.176700
0.222498 -0.533910 2.123450
-0.001180 -0.523437 2.435330
-0.114961 -0.597110 2.121680
-0.145686 -0.835518 2.062960
-0.086729 -0.832035 2.114730
0.167901 -0.530027 2.449250
0.306565 -0.575813 2.140690
0.343709 -0.811364 2.070760
0.353533 -0.853431 1.988400
0.082096 -0.456782 2.437980
0.080963 -0.397098 2.429670
0.075274 -0.099547 2.402250
0.083343 0.089372 2.384750
-0.078402 -0.193591 2.386050
-0.107196 -0.373792 2.304090
-0.070964 -0.503094 2.157610
-0.015927 -0.532543 2.102840
0.230482 -0.197332 2.423780
0.276206 -0.376613 2.320610
0.282997 -0.514200 2.176690
0.222511 -0.533757 2.123570
-0.001179 -0.523430 2.435330
-0.114963 -0.597086 2.121690
-0.145682 -0.835489 2.062960
-0.086726 -0.832057 2.114720
0.167888 -0.530016 2.449270
0.306555 -0.575803 2.140720
0.343675 -0.811331 2.070740
0.353522 -0.853420 1.988420
0.082092 -0.456780 2.437980
0.080959 -0.397097 2.429670
0.075248 -0.099542 2.402250
0.083313 0.089390 2.384800
-0.078396 -0.193583 2.386050
-0.107178 -0.373770 2.304100
-0.073195 -0.504081 2.157920
-0.018511 -0.533787 2.103130
0.230467 -0.197328 2.423800
0.276206 -0.376599 2.320630
0.283084 -0.514153 2.176680
0.222519 -0.533663 2.123640
-0.001179 -0.523424 2.435330
-0.114964 -0.597070 2.121700
-0.145677 -0.835469 2.062960
-0.086722 -0.832071 2.114710
0.167875 -0.530006 2.449280
0.306547 -0.575784 2.140750
0.343633 -0.811281 2.070700
0.353507 -0.853402 1.988430
0.082089 -0.456778 2.437980
0.080955 -0.397097 2.429670
0.075222 -0.099539 2.402250
0.083257 0.089345 2.384850
-0.078393 -0.193583 2.386050
-0.107165 -0.373752 2.304110
-0.069546 -0.503399 2.158260
-0.015738 -0.533413 2.103170
0.230453 -0.197324 2.423810
0.276207 -0.376521 2.320660
0.283203 -0.514049 2.176740
0.222581 -0.533529 2.123750
-0.001179 -0.523418 2.435330
-0.114963 -0.597059 2.121710
-0.145672 -0.835454 2.062970
-0.086718 -0.832081 2.114710
0.167864 -0.529995 2.449290
0.306536 -0.575758 2.140780
0.343568 -0.811213 2.070640
0.353483 -0.853376 1.988430
0.082085 -0.456776 2.437980
0.080950 -0.397096 2.429670
0.075196 -0.099535 2.402250
0.083195 0.089292 2.384900
-0.078392 -0.193583 2.386060
-0.107154 -0.373738 2.304110
-0.067264 -0.502959 2.158420
-0.013568 -0.532950 2.103190
0.230439 -0.197321 2.423820
0.276208 -0.376441 2.320690
0.283313 -0.513946 2.176790
0.222647 -0.533417 2.123830
-0.001180 -0.523411 2.435330
-0.114958 -0.597057 2.121720
-0.145669 -0.835445 2.062970
-0.086717 -0.832087 2.114710
0.167853 -0.529985 2.449300
0.306533 -0.575728 2.140800
0.343544 -0.811169 2.070630
0.353473 -0.853353 1.988450
0.082080 -0.456772 2.437980
0.080945 -0.397095 2.429670
0.075171 -0.099531 2.402250
0.083135 0.089237 2.384950
-0.078391 -0.193583 2.386060
-0.107145 -0.373725 2.304120
-0.065815 -0.502649 2.158490
-0.012064 -0.532565 2.103190
0.230426 -0.197317 2.423830
0.276199 -0.376474 2.320640
0.283381 -0.513945 2.176720
0.222724 -0.533463 2.123730
-0.001181 -0.523403 2.435330
-0.114948 -0.597075 2.121730
-0.145665 -0.835452 2.062980
-0.086711 -0.832083 2.114700
0.167842 -0.529974 2.449300
0.306531 -0.575697 2.140830
0.343545 -0.811121 2.070640
0.353478 -0.853324 1.988480
0.082075 -0.456769 2.437980
0.080939 -0.397093 2.429670
0.075146 -0.099532 2.402250
0.083077 0.089175 2.384990
-0.078393 -0.193586 2.386050
-0.107139 -0.373713 2.304110
-0.064763 -0.502457 2.158570
-0.010916 -0.532283 2.103220
0.230411 -0.197312 2.423840
0.276196 -0.376466 2.320640
0.283445 -0.513912 2.176700
0.222787 -0.533440 2.123710
-0.001182 -0.523395 2.435330
-0.114938 -0.597096 2.121750
-0.145662 -0.835462 2.062990
-0.086706 -0.832076 2.114700
0.167832 -0.529963 2.449310
0.306525 -0.575662 2.140850
0.343552 -0.811068 2.070660
0.353487 -0.853291 1.988520
0.082070 -0.456765 2.437980
0.080934 -0.397092 2.429670
0.075123 -0.099532 2.402240
0.083049 0.089147 2.385010
-0.078392 -0.193585 2.386050
-0.107130 -0.373695 2.304120
-0.064062 -0.502287 2.158640
-0.010110 -0.532018 2.103280
0.230401 -0.197307 2.423850
0.276160 -0.376424 2.320660
0.283549 -0.513836 2.176720
0.222850 -0.533354 2.123760
-0.001184 -0.523387 2.435330
-0.114927 -0.597121 2.121770
-0.145659 -0.835475 2.063000
-0.086701 -0.832068 2.114690
0.167822 -0.529951 2.449320
0.306520 -0.575635 2.140880
0.343552 -0.811029 2.070670
0.353491 -0.853265 1.988550
0.082066 -0.456763 2.437980
0.080929 -0.397091 2.429660
0.075099 -0.099535 2.402240
0.083026 0.089123 2.385020
-0.078388 -0.193584 2.386050
-0.107116 -0.373682 2.304140
-0.063496 -0.502119 2.158680
-0.009434 -0.531749 2.103310
0.230388 -0.197303 2.423860
0.276116 -0.376374 2.320680
0.283598 -0.513742 2.176720
0.222828 -0.533214 2.123830
-0.001185 -0.523380 2.435330
-0.114912 -0.597162 2.121790
-0.145654 -0.835505 2.063020
-0.086690 -0.832047 2.114690
0.167812 -0.529941 2.449330
0.306514 -0.575609 2.140900
0.343548 -0.810993 2.070670
0.353492 -0.853242 1.988570
0.082062 -0.456760 2.437970
0.080924 -0.397090 2.429660
0.075074 -0.099538 2.402230
0.083015 0.089104 2.385030
-0.078384 -0.193584 2.386040
-0.107101 -0.373669 2.304160
-0.063084 -0.501998 2.158720
-0.008824 -0.531482 2.103340
0.230375 -0.197299 2.423870
0.276071 -0.376324 2.320710
0.283650 -0.513659 2.176730
0.222815 -0.533085 2.123910
-0.001185 -0.523373 2.435330
-0.114897 -0.597205 2.121810
-0.145655 -0.835536 2.063040
-0.086679 -0.832024 2.114680
0.167803 -0.529931 2.449340
0.306505 -0.575582 2.140920
0.343530 -0.810949 2.070650
0.353486 -0.853219 1.988580
0.082058 -0.456758 2.437970
0.080919 -0.397090 2.429660
0.075050 -0.099542 2.402230
0.082992 0.089091 2.385030
-0.078380 -0.193583 2.386040
-0.107083 -0.373657 2.304190
-0.062728 -0.501886 2.158750
-0.008270 -0.531233 2.103380
0.230360 -0.197291 2.423880
0.276025 -0.376274 2.320730
0.283686 -0.513576 2.176730
0.222753 -0.532936 2.124030
-0.001184 -0.523367 2.435330
-0.114881 -0.597250 2.121830
-0.145658 -0.835568 2.063060
-0.086669 -0.832002 2.114670
0.167794 -0.529921 2.449350
0.306491 -0.575544 2.140940
0.343541 -0.810892 2.070650
0.353496 -0.853184 1.988600
0.082055 -0.456756 2.437970
0.080914 -0.397090 2.429660
0.075026 -0.099545 2.402220
0.082921 0.089067 2.384990
-0.078376 -0.193580 2.386030
-0.107054 -0.373642 2.304230
-0.062346 -0.501737 2.158790
-0.007802 -0.531004 2.103420
0.230343 -0.197281 2.423890
0.275984 -0.376231 2.320760
0.283727 -0.513518 2.176750
0.222759 -0.532863 2.124090
-0.001183 -0.523361 2.435330
-0.114865 -0.597298 2.121860
-0.145662 -0.835600 2.063080
-0.086660 -0.831985 2.114660
0.167785 -0.529911 2.449350
0.306456 -0.575499 2.140950
0.343539 -0.810820 2.070620
0.353498 -0.853147 1.988610
0.082050 -0.456755 2.437970
0.080908 -0.397090 2.429660
0.075000 -0.099549 2.402220
0.082826 0.089044 2.384920
-0.078370 -0.193577 2.386020
-0.107020 -0.373626 2.304280
-0.062699 -0.501731 2.158780
-0.008455 -0.531205 2.103350
0.230325 -0.197273 2.423890
0.275941 -0.376174 2.320800
0.283762 -0.513450 2.176790
0.222768 -0.532788 2.124140
-0.001182 -0.523356 2.435330
-0.114852 -0.597340 2.121880
-0.145658 -0.835627 2.063090
-0.086651 -0.831973 2.114650
0.167776 -0.529903 2.449360
0.306417 -0.575454 2.140960
0.343517 -0.810737 2.070560
0.353490 -0.853106 1.988600
0.082046 -0.456755 2.437970
0.080902 -0.397091 2.429650
0.074980 -0.099553 2.402210
0.082697 0.088976 2.384780
-0.078365 -0.193577 2.386020
-0.106994 -0.373619 2.304310
-0.063260 -0.501780 2.158710
-0.009333 -0.531498 2.103230
0.230308 -0.197268 2.423900
0.275906 -0.376126 2.320830
0.283709 -0.513359 2.176810
0.222714 -0.532699 2.124160
-0.001182 -0.523353 2.435320
-0.114844 -0.597367 2.121900
-0.145652 -0.835644 2.063100
-0.086647 -0.831968 2.114640
0.167766 -0.529896 2.449360
0.306388 -0.575417 2.140970
0.343489 -0.810658 2.070490
0.353480 -0.853068 1.988590
0.082041 -0.456755 2.437970
0.080895 -0.397093 2.429650
0.074961 -0.099557 2.402200
0.082600 0.088883 2.384610
-0.078359 -0.193583 2.386000
-0.106980 -0.373616 2.304320
-0.063305 -0.501754 2.158690
-0.009393 -0.531473 2.103200
0.230292 -0.197264 2.423900
0.275866 -0.376064 2.320870
0.283641 -0.513256 2.176840
0.222561 -0.532534 2.124240
-0.001181 -0.523349 2.435320
-0.114840 -0.597383 2.121910
-0.145649 -0.835653 2.063100
-0.086643 -0.831965 2.114640
0.167757 -0.529891 2.449370
0.306365 -0.575387 2.140980
0.343459 -0.810582 2.070410
0.353470 -0.853030 1.988570
0.082037 -0.456755 2.437970
0.080889 -0.397095 2.429650
0.074940 -0.099562 2.402190
0.082512 0.088799 2.384390
-0.078352 -0.193592 2.385980
-0.106964 -0.373616 2.304340
-0.063169 -0.501630 2.158610
-0.009190 -0.531309 2.103120
0.230273 -0.197259 2.423900
0.275845 -0.376075 2.320840
0.283483 -0.513293 2.176770
0.222393 -0.532568 2.124170
-0.001180 -0.523346 2.435320
-0.114837 -0.597398 2.121930
-0.145646 -0.835662 2.063110
-0.086637 -0.831964 2.114640
0.167750 -0.529886 2.449370
0.306343 -0.575357 2.140990
0.343421 -0.810503 2.070310
0.353456 -0.852990 1.988550
0.082033 -0.456755 2.437960
0.080884 -0.397097 2.429640
0.074923 -0.099573 2.402190
0.082453 0.088702 2.384160
-0.078346 -0.193600 2.385970
-0.106949 -0.373616 2.304350
-0.062935 -0.501425 2.158490
-0.008624 -0.530898 2.102930
0.230255 -0.197256 2.423900
0.275831 -0.376076 2.320810
0.283394 -0.513323 2.176740
0.222289 -0.532584 2.124140
-0.001178 -0.523343 2.435320
-0.114835 -0.597407 2.121930
-0.145646 -0.835667 2.063110
-0.086636 -0.831966 2.114630
0.167744 -0.529882 2.449370
0.306329 -0.575330 2.140990
0.343376 -0.810425 2.070210
0.353438 -0.852949 1.988520
0.082029 -0.456755 2.437960
0.080878 -0.397099 2.429640
0.074898 -0.099588 2.402170
0.082389 0.088579 2.383880
-0.078342 -0.193608 2.385950
-0.106935 -0.373618 2.304360
-0.062220 -0.500975 2.158270
-0.007825 -0.530425 2.102740
0.230237 -0.197253 2.423900
0.275823 -0.376056 2.320800
0.283332 -0.513327 2.176750
0.222224 -0.532582 2.124150
-0.001177 -0.523340 2.435320
-0.114830 -0.597421 2.121940
-0.145650 -0.835675 2.063110
-0.086637 -0.831967 2.114620
0.167739 -0.529878 2.449370
0.306320 -0.575307 2.141000
0.343271 -0.810346 2.070080
0.353390 -0.852904 1.988480
0.082025 -0.456754 2.437950
0.080871 -0.397101 2.429630
0.074861 -0.099603 2.402150
0.082325 0.088464 2.383600
-0.078341 -0.193616 2.385940
-0.106923 -0.373619 2.304370
-0.061434 -0.500558 2.158100
-0.007018 -0.530020 2.102590
0.230223 -0.197252 2.423910
0.275818 -0.376029 2.320780
0.282766 -0.513366 2.176840
0.221919 -0.532717 2.124100
-0.001175 -0.523337 2.435310
-0.114820 -0.597441 2.121940
-0.145658 -0.835686 2.063110
-0.086644 -0.831966 2.114600
0.167736 -0.529874 2.449370
0.306313 -0.575289 2.141000
0.343080 -0.810275 2.069890
0.353298 -0.852859 1.988410
0.082022 -0.456753 2.437950
0.080865 -0.397102 2.429620
0.074828 -0.099615 2.402130
0.082267 0.088368 2.383330
-0.078340 -0.193624 2.385920
-0.106911 -0.373620 2.304380
-0.060781 -0.500211 2.157950
-0.006342 -0.529679 2.102470
0.230211 -0.197251 2.423910
0.275819 -0.376121 2.320640
0.281550 -0.513623 2.176450
0.220983 -0.533246 2.123530
-0.001173 -0.523334 2.435310
-0.114813 -0.597452 2.121950
-0.145662 -0.835691 2.063110
-0.086646 -0.831964 2.114600
0.167734 -0.529870 2.449370
0.306309 -0.575274 2.141010
0.342934 -0.810227 2.069790
0.353224 -0.852825 1.988380
0.082018 -0.456752 2.437940
0.080858 -0.397103 2.429620
0.074788 -0.099629 2.402110
0.082202 0.088271 2.383080
-0.078342 -0.193633 2.385900
-0.106899 -0.373622 2.304390
-0.060410 -0.500026 2.157870
-0.005913 -0.529464 2.102420
0.230196 -0.197252 2.423900
0.275822 -0.376175 2.320550
0.280806 -0.513772 2.176230
0.220314 -0.533524 2.123250
-0.001170 -0.523331 2.435300
-0.114807 -0.597461 2.121950
-0.145666 -0.835696 2.063110
-0.086645 -0.831963 2.114590
0.167732 -0.529865 2.449370
0.306305 -0.575259 2.141010
0.342788 -0.810182 2.069690
0.353144 -0.852791 1.988330
0.082015 -0.456751 2.437940
0.080852 -0.397105 2.429610
0.074750 -0.099654 2.402070
0.082125 0.088171 2.382830
-0.078345 -0.193642 2.385880
-0.106892 -0.373624 2.304390
-0.060121 -0.499895 2.157810
-0.005565 -0.529302 2.102380
0.230181 -0.197251 2.423900
0.275835 -0.376199 2.320490
0.280420 -0.513841 2.176150
0.219907 -0.533728 2.123070
-0.001167 -0.523328 2.435290
-0.114802 -0.597468 2.121950
-0.145671 -0.835702 2.063130
-0.086638 -0.831960 2.114580
0.167731 -0.529861 2.449370
0.306303 -0.575251 2.141010
0.342664 -0.810151 2.069580
0.353075 -0.852765 1.988290
0.082014 -0.456749 2.437930
0.080847 -0.397106 2.429600
0.074701 -0.099686 2.402030
0.082032 0.088069 2.382580
-0.078354 -0.193659 2.385850
-0.106884 -0.373629 2.304390
-0.059886 -0.499800 2.157760
-0.005279 -0.529179 2.102350
0.230154 -0.197239 2.423900
0.275883 -0.376314 2.320360
0.280285 -0.514004 2.176030
0.219766 -0.533953 2.122960
-0.001156 -0.523327 2.435280
-0.114798 -0.597474 2.121950
-0.145677 -0.835707 2.063140
-0.086632 -0.831957 2.114580
0.167732 -0.529854 2.449370
0.306301 -0.575244 2.141010
0.342546 -0.810126 2.069480
0.353009 -0.852742 1.988250
0.082012 -0.456747 2.437920
0.080842 -0.397108 2.429580
0.074644 -0.099726 2.401970
0.081958 0.087989 2.382360
-0.078364 -0.193662 2.385820
-0.106877 -0.373629 2.304400
-0.059750 -0.499736 2.157730
-0.005103 -0.529092 2.102340
0.230127 -0.197227 2.423900
0.275919 -0.376352 2.320280
0.280277 -0.514136 2.176010
0.219722 -0.534116 2.122950
-0.001145 -0.523325 2.435260
-0.114795 -0.597478 2.121950
-0.145682 -0.835710 2.063150
-0.086630 -0.831951 2.114570
0.167733 -0.529847 2.449360
0.306301 -0.575238 2.141010
0.342496 -0.810112 2.069440
0.352980 -0.852728 1.988240
0.082010 -0.456745 2.437900
0.080835 -0.397111 2.429570
0.074588 -0.099773 2.401900
0.081895 0.087924 2.382180
-0.078376 -0.193664 2.385790
-0.106869 -0.373629 2.304400
-0.059653 -0.499690 2.157710
-0.004982 -0.529032 2.102330
0.230099 -0.197213 2.423900
0.275950 -0.376377 2.320220
0.280323 -0.514246 2.176010
0.219698 -0.534228 2.122990
-0.001135 -0.523324 2.435240
-0.114793 -0.597481 2.121950
-0.145687 -0.835712 2.063160
-0.086626 -0.831944 2.114570
0.167735 -0.529840 2.449360
0.306304 -0.575234 2.141010
0.342457 -0.810105 2.069420
0.352956 -0.852720 1.988230
0.082008 -0.456744 2.437890
0.080830 -0.397114 2.429550
0.074562 -0.099816 2.401840
0.081845 0.087853 2.382010
-0.078388 -0.193666 2.385750
-0.106862 -0.373629 2.304400
-0.059582 -0.499658 2.157700
-0.004892 -0.528988 2.102330
0.230071 -0.197200 2.423890
0.276084 -0.376653 2.319830
0.280666 -0.514725 2.175780
0.219827 -0.534574 2.122920
-0.001124 -0.523324 2.435220
-0.114792 -0.597483 2.121950
-0.145691 -0.835712 2.063180
-0.086620 -0.831940 2.114560
0.167737 -0.529833 2.449360
0.306308 -0.575231 2.141020
0.342424 -0.810100 2.069400
0.352935 -0.852713 1.988230
0.082006 -0.456742 2.437870
0.080825 -0.397117 2.429530
0.074540 -0.099859 2.401780
0.081799 0.087784 2.381850
-0.078401 -0.193666 2.385720
-0.106854 -0.373629 2.304410
-0.060775 -0.500057 2.157690
-0.006332 -0.529610 2.102360
0.230058 -0.197187 2.423880
0.276207 -0.376726 2.319630
0.280989 -0.514987 2.175760
0.220052 -0.534802 2.122960
-0.001115 -0.523323 2.435200
-0.114789 -0.597488 2.121940
-0.145692 -0.835717 2.063190
-0.086613 -0.831934 2.114560
0.167739 -0.529826 2.449350
0.306316 -0.575226 2.141020
0.342396 -0.810094 2.069380
0.352912 -0.852704 1.988220
0.082004 -0.456740 2.437860
0.080820 -0.397120 2.429520
0.074521 -0.099899 2.401730
0.081768 0.087749 2.381670
-0.078414 -0.193665 2.385690
-0.106841 -0.373628 2.304410
-0.062651 -0.500554 2.157620
-0.008742 -0.530564 2.102280
0.230046 -0.197174 2.423870
0.276305 -0.376736 2.319500
0.281244 -0.515130 2.175790
0.220225 -0.534926 2.123040
-0.001107 -0.523322 2.435180
-0.114786 -0.597492 2.121940
-0.145693 -0.835722 2.063210
-0.086603 -0.831927 2.114550
0.167741 -0.529819 2.449350
0.306325 -0.575223 2.141020
0.342387 -0.810100 2.069420
0.352900 -0.852701 1.988240
0.082003 -0.456737 2.437840
0.080814 -0.397123 2.429500
0.074506 -0.099939 2.401680
0.081742 0.087728 2.381510
-0.078426 -0.193662 2.385650
-0.106827 -0.373628 2.304420
-0.063255 -0.500659 2.157530
-0.009338 -0.530746 2.102250
0.230034 -0.197161 2.423860
0.276435 -0.376784 2.319330
0.281589 -0.515361 2.175800
0.220485 -0.535114 2.123100
-0.001098 -0.523321 2.435160
-0.114785 -0.597494 2.121940
-0.145695 -0.835723 2.063210
-0.086604 -0.831929 2.114550
0.167742 -0.529813 2.449340
0.306337 -0.575220 2.141030
0.342360 -0.810106 2.069430
0.352876 -0.852699 1.988250
0.082002 -0.456735 2.437830
0.080811 -0.397126 2.429470
0.074496 -0.099978 2.401630
0.081714 0.087710 2.381350
-0.078438 -0.193660 2.385620
-0.106819 -0.373626 2.304420
-0.064304 -0.500870 2.157380
-0.010330 -0.531042 2.102190
0.230025 -0.197149 2.423840
0.276520 -0.376767 2.319240
0.281999 -0.515482 2.175940
0.220875 -0.535219 2.123260
-0.001090 -0.523320 2.435140
-0.114785 -0.597496 2.121940
-0.145698 -0.835723 2.063210
-0.086605 -0.831929 2.114540
0.167746 -0.529804 2.449330
0.306354 -0.575221 2.141030
0.342351 -0.810122 2.069460
0.352863 -0.852700 1.988270
0.082002 -0.456732 2.437810
0.080808 -0.397130 2.429450
0.074488 -0.100015 2.401580
0.081686 0.087684 2.381200
-0.078451 -0.193659 2.385580
-0.106811 -0.373624 2.304420
-0.064752 -0.500977 2.157320
-0.010793 -0.531211 2.102160
0.230016 -0.197140 2.423820
0.276619 -0.376691 2.319170
0.282381 -0.515531 2.176140
0.221207 -0.535231 2.123500
-0.001081 -0.523319 2.435120
-0.114783 -0.597501 2.121930
-0.145690 -0.835728 2.063210
-0.086605 -0.831927 2.114540
0.167750 -0.529796 2.449320
0.306376 -0.575223 2.141030
0.342338 -0.810132 2.069470
0.352847 -0.852702 1.988280
0.082002 -0.456728 2.437780
0.080805 -0.397132 2.429430
0.074488 -0.100047 2.401540
0.081666 0.087659 2.381080
-0.078472 -0.193674 2.385530
-0.106804 -0.373630 2.304410
-0.065091 -0.501083 2.157260
-0.011094 -0.531320 2.102140
0.230014 -0.197134 2.423800
0.276722 -0.376558 2.319120
0.282827 -0.515552 2.176420
0.221677 -0.535275 2.123800
-0.001073 -0.523318 2.435090
-0.114782 -0.597504 2.121930
-0.145682 -0.835730 2.063200
-0.086605 -0.831927 2.114540
0.167757 -0.529785 2.449310
0.306403 -0.575227 2.141030
0.342454 -0.810163 2.069580
0.352886 -0.852706 1.988330
0.082003 -0.456722 2.437760
0.080804 -0.397134 2.429400
0.074491 -0.100076 2.401510
0.081654 0.087637 2.380980
-0.078500 -0.193691 2.385470
-0.106796 -0.373637 2.304410
-0.066225 -0.501457 2.157120
-0.012580 -0.532025 2.101960
0.230014 -0.197130 2.423760
0.276824 -0.376408 2.319080
0.283131 -0.515540 2.176640
0.222013 -0.535291 2.124020
-0.001066 -0.523317 2.435070
-0.114779 -0.597512 2.121920
-0.145673 -0.835736 2.063200
-0.086605 -0.831926 2.114540
0.167764 -0.529774 2.449290
0.306430 -0.575228 2.141030
0.342585 -0.810191 2.069720
0.352931 -0.852709 1.988400
0.082002 -0.456716 2.437740
0.080801 -0.397135 2.429380
0.074494 -0.100100 2.401490
0.081664 0.087610 2.380920
-0.078527 -0.193706 2.385410
-0.106811 -0.373645 2.304300
-0.067101 -0.501946 2.157040
-0.013747 -0.532843 2.101840
0.230020 -0.197129 2.423710
0.276948 -0.376339 2.318980
0.283314 -0.515581 2.176730
0.222331 -0.535418 2.124120
-0.001063 -0.523314 2.435050
-0.114776 -0.597519 2.121910
-0.145663 -0.835741 2.063200
-0.086604 -0.831925 2.114540
0.167770 -0.529764 2.449270
0.306449 -0.575224 2.141030
0.342664 -0.810195 2.069800
0.352955 -0.852703 1.988430
0.082001 -0.456710 2.437710
0.080799 -0.397136 2.429360
0.074497 -0.100124 2.401460
0.081675 0.087581 2.380870
-0.078555 -0.193720 2.385350
-0.106821 -0.373655 2.304210
-0.067470 -0.502271 2.157040
-0.014111 -0.533111 2.101840
0.230026 -0.197127 2.423660
0.277056 -0.376273 2.318900
0.283544 -0.515639 2.176840
0.222643 -0.535527 2.124210
-0.001061 -0.523311 2.435020
-0.114773 -0.597525 2.121910
-0.145653 -0.835747 2.063200
-0.086601 -0.831926 2.114540
0.167776 -0.529754 2.449250
0.306470 -0.575203 2.141020
0.342752 -0.810173 2.069880
0.352986 -0.852683 1.988480
0.082000 -0.456703 2.437690
0.080797 -0.397137 2.429330
0.074503 -0.100145 2.401440
0.081723 0.087528 2.380830
-0.078580 -0.193730 2.385290
-0.106828 -0.373664 2.304110
-0.067696 -0.502517 2.157050
-0.014307 -0.533311 2.101860
0.230034 -0.197123 2.423600
0.277168 -0.376162 2.318850
0.283685 -0.515644 2.176930
0.222847 -0.535576 2.124280
-0.001059 -0.523307 2.435000
-0.114771 -0.597531 2.121900
-0.145627 -0.835761 2.063230
-0.086578 -0.831924 2.114550
0.167781 -0.529743 2.449230
0.306491 -0.575192 2.141020
0.343003 -0.810161 2.070120
0.353090 -0.852663 1.988600
0.082014 -0.456691 2.437660
0.080803 -0.397134 2.429310
0.074510 -0.100165 2.401420
0.081810 0.087433 2.380800
-0.078606 -0.193735 2.385220
-0.106840 -0.373668 2.304000
-0.067706 -0.502722 2.157080
-0.014143 -0.533429 2.101930
0.230049 -0.197123 2.423530
0.277299 -0.376131 2.318720
0.283771 -0.515678 2.176950
0.223019 -0.535716 2.124240
-0.001046 -0.523301 2.434980
-0.114767 -0.597540 2.121900
-0.145597 -0.835783 2.063270
-0.086540 -0.831918 2.114570
0.167830 -0.529721 2.449210
0.306513 -0.575184 2.141000
0.343232 -0.810160 2.070320
0.353190 -0.852650 1.988710
0.082030 -0.456678 2.437640
0.080811 -0.397132 2.429290
0.074515 -0.100180 2.401410
0.081881 0.087359 2.380780
-0.078627 -0.193733 2.385160
-0.106844 -0.373670 2.303910
-0.067654 -0.502885 2.157100
-0.013852 -0.533472 2.102010
0.230066 -0.197122 2.423460
0.277427 -0.376109 2.318610
0.283875 -0.515734 2.176980
0.223237 -0.535885 2.124200
-0.001031 -0.523296 2.434960
-0.114764 -0.597547 2.121900
-0.145548 -0.835816 2.063370
-0.086443 -0.831909 2.114580
0.167881 -0.529698 2.449190
0.306533 -0.575177 2.140990
0.343318 -0.810159 2.070390
0.353226 -0.852642 1.988750
0.082048 -0.456662 2.437610
0.080821 -0.397127 2.429270
0.074525 -0.100191 2.401410
0.081949 0.087298 2.380770
-0.078646 -0.193725 2.385090
-0.106843 -0.373686 2.303800
-0.067540 -0.503042 2.157110
-0.013501 -0.533500 2.102070
0.230091 -0.197119 2.423390
0.277582 -0.375996 2.318550
0.283715 -0.515685 2.177040
0.223267 -0.535957 2.124180
-0.001015 -0.523287 2.434930
-0.114762 -0.597554 2.121900
-0.145502 -0.835851 2.063470
-0.086344 -0.831907 2.114600
0.167934 -0.529674 2.449160
0.306549 -0.575175 2.140980
0.343447 -0.810164 2.070470
0.353287 -0.852634 1.988800
0.082068 -0.456644 2.437590
0.080832 -0.397120 2.429250
0.074538 -0.100199 2.401410
0.082028 0.087253 2.380770
-0.078663 -0.193710 2.385020
-0.106835 -0.373699 2.303720
-0.067407 -0.503169 2.157120
-0.013145 -0.533499 2.102130
0.230118 -0.197110 2.423320
0.277849 -0.375985 2.318350
0.283733 -0.515760 2.177040
0.223432 -0.536241 2.124070
-0.000994 -0.523277 2.434900
-0.114760 -0.597564 2.121890
-0.145456 -0.835890 2.063570
-0.086246 -0.831913 2.114610
0.167989 -0.529649 2.449140
0.306566 -0.575177 2.140970
0.343575 -0.810178 2.070540
0.353350 -0.852630 1.988850
0.082120 -0.456610 2.437570
0.080864 -0.397102 2.429230
0.074554 -0.100194 2.401420
0.082112 0.087204 2.380790
-0.078678 -0.193693 2.384950
-0.106835 -0.373689 2.303620
-0.067080 -0.503276 2.157190
-0.012597 -0.533455 2.102250
0.230154 -0.197098 2.423250
0.278089 -0.375883 2.318250
0.283780 -0.515790 2.177100
0.223604 -0.536394 2.124080
-0.000936 -0.523259 2.434880
-0.114752 -0.597574 2.121910
-0.145387 -0.835929 2.063760
-0.086060 -0.831922 2.114630
0.168111 -0.529598 2.449130
0.306578 -0.575180 2.140960
0.343647 -0.810186 2.070580
0.353384 -0.852626 1.988880
0.082183 -0.456562 2.437540
0.080905 -0.397070 2.429210
0.074576 -0.100177 2.401430
0.082179 0.087252 2.380820
-0.078695 -0.193649 2.384880
-0.106831 -0.373644 2.303540
-0.067188 -0.503428 2.157270
-0.012850 -0.533761 2.102350
0.230208 -0.197065 2.423150
0.278321 -0.375759 2.318180
0.283873 -0.515819 2.177200
0.223802 -0.536528 2.124140
-0.000870 -0.523231 2.434850
-0.114743 -0.597588 2.121920
-0.145324 -0.835980 2.063960
-0.085861 -0.831930 2.114640
0.168239 -0.529536 2.449110
0.306587 -0.575202 2.140940
0.343696 -0.810215 2.070550
0.353405 -0.852630 1.988880
0.082265 -0.456508 2.437520
0.080960 -0.397034 2.429190
0.074598 -0.100156 2.401440
0.082220 0.087257 2.380850
-0.078708 -0.193600 2.384820
-0.106826 -0.373596 2.303460
-0.067090 -0.503446 2.157290
-0.012622 -0.533697 2.102420
0.230271 -0.197032 2.423040
0.278564 -0.375610 2.318130
0.284041 -0.515839 2.177340
0.224053 -0.536637 2.124240
-0.000778 -0.523200 2.434840
-0.114731 -0.597597 2.121940
-0.145253 -0.836010 2.064160
-0.085642 -0.831952 2.114660
0.168397 -0.529469 2.449100
0.306597 -0.575221 2.140930
0.343714 -0.810246 2.070480
0.353412 -0.852634 1.988860
0.082348 -0.456455 2.437500
0.081018 -0.396996 2.429180
0.074649 -0.100112 2.401470
0.082272 0.087286 2.380890
-0.078718 -0.193545 2.384750
-0.106820 -0.373540 2.303380
-0.066936 -0.503447 2.157340
-0.012297 -0.533580 2.102520
0.230341 -0.196998 2.422930
0.278823 -0.375438 2.318090
0.284243 -0.515813 2.177470
0.224310 -0.536692 2.124340
-0.000688 -0.523170 2.434810
-0.114721 -0.597600 2.121950
-0.145201 -0.836020 2.064280
-0.085501 -0.831972 2.114670
0.168548 -0.529405 2.449090
0.306608 -0.575241 2.140910
0.343678 -0.810284 2.070330
0.353395 -0.852641 1.988810
0.082429 -0.456387 2.437470
0.081077 -0.396944 2.429150
0.074709 -0.100039 2.401500
0.082322 0.087318 2.380940
-0.078727 -0.193472 2.384670
-0.106813 -0.373482 2.303310
-0.066468 -0.503365 2.157430
-0.011728 -0.533422 2.102660
0.230428 -0.196947 2.422810
0.279107 -0.375202 2.318110
0.284380 -0.515726 2.177530
0.224470 -0.536466 2.124480
-0.000606 -0.523128 2.434780
-0.114711 -0.597603 2.121960
-0.145162 -0.836026 2.064370
-0.085392 -0.831993 2.114680
0.168682 -0.529336 2.449070
0.306623 -0.575267 2.140900
0.343611 -0.810330 2.070120
0.353363 -0.852649 1.988720
0.082506 -0.456320 2.437450
0.081134 -0.396889 2.429130
0.074775 -0.099953 2.401540
0.082353 0.087342 2.380980
-0.078734 -0.193393 2.384590
-0.106805 -0.373429 2.303250
-0.066021 -0.503281 2.157520
-0.011187 -0.533278 2.102780
0.230521 -0.196892 2.422700
0.279391 -0.374951 2.318140
0.284617 -0.515590 2.177660
0.224648 -0.536275 2.124680
-0.000530 -0.523086 2.434750
-0.114696 -0.597623 2.121970
-0.145132 -0.836048 2.064430
-0.085310 -0.831999 2.114680
0.168802 -0.529271 2.449050
0.306637 -0.575293 2.140880
0.343516 -0.810377 2.069870
0.353317 -0.852659 1.988610
0.082579 -0.456253 2.437420
0.081191 -0.396834 2.429110
0.074842 -0.099859 2.401590
0.082376 0.087356 2.381010
-0.078742 -0.193306 2.384500
-0.106793 -0.373380 2.303190
-0.065395 -0.503169 2.157640
-0.010542 -0.533135 2.102910
0.230623 -0.196831 2.422590
0.279815 -0.375111 2.317630
0.284933 -0.515899 2.177390
0.224818 -0.536443 2.124560
-0.000457 -0.523045 2.434720
-0.114678 -0.597644 2.121990
-0.145111 -0.836068 2.064500
-0.085234 -0.832006 2.114670
0.168911 -0.529209 2.449040
0.306649 -0.575316 2.140870
0.343419 -0.810412 2.069600
0.353269 -0.852664 1.988490
0.082652 -0.456179 2.437390
0.081250 -0.396770 2.429090
0.074909 -0.099759 2.401630
0.082390 0.087383 2.381050
-0.078748 -0.193206 2.384390
-0.106783 -0.373351 2.303140
-0.065315 -0.503192 2.157670
-0.010717 -0.533400 2.102930
0.230736 -0.196750 2.422470
0.280095 -0.375105 2.317340
0.285157 -0.516058 2.177330
0.224958 -0.536535 2.124550
-0.000384 -0.522997 2.434680
-0.114653 -0.597675 2.122000
-0.145095 -0.836085 2.064530
-0.085192 -0.832010 2.114670
0.169013 -0.529145 2.449020
0.306652 -0.575359 2.140850
0.343359 -0.810466 2.069340
0.353239 -0.852678 1.988360
0.082725 -0.456091 2.437360
0.081312 -0.396688 2.429060
0.074988 -0.099626 2.401670
0.082399 0.087420 2.381090
-0.078754 -0.193102 2.384280
-0.106773 -0.373324 2.303090
-0.066694 -0.503838 2.157910
-0.012824 -0.534648 2.103130
0.230869 -0.196646 2.422350
0.280406 -0.375212 2.316920
0.285409 -0.516376 2.177180
0.225124 -0.536783 2.124460
-0.000315 -0.522943 2.434630
-0.114629 -0.597707 2.122010
-0.145089 -0.836099 2.064560
-0.085160 -0.832015 2.114660
0.169107 -0.529076 2.449000
0.306654 -0.575407 2.140830
0.343295 -0.810522 2.069080
0.353205 -0.852696 1.988230
0.082795 -0.455996 2.437320
0.081372 -0.396597 2.429030
0.075053 -0.099455 2.401730
0.082415 0.087490 2.381160
-0.078755 -0.192979 2.384180
-0.106757 -0.373271 2.303050
-0.068142 -0.504374 2.158200
-0.014809 -0.535655 2.103410
0.231006 -0.196524 2.422240
0.280650 -0.375263 2.316600
0.285642 -0.516610 2.177100
0.225281 -0.536963 2.124420
-0.000246 -0.522880 2.434580
-0.114602 -0.597766 2.122030
-0.145093 -0.836130 2.064570
-0.085138 -0.832013 2.114640
0.169191 -0.529005 2.448980
0.306648 -0.575445 2.140800
0.343216 -0.810555 2.068760
0.353160 -0.852701 1.988050
0.082865 -0.455900 2.437280
0.081435 -0.396501 2.428990
0.075130 -0.099251 2.401790
0.082409 0.087684 2.381250
-0.078752 -0.192857 2.384090
-0.106740 -0.373220 2.303010
-0.067814 -0.504136 2.158170
-0.013767 -0.534902 2.103540
0.231152 -0.196395 2.422130
0.280831 -0.375233 2.316400
0.285830 -0.516745 2.177090
0.225410 -0.537064 2.124430
-0.000173 -0.522814 2.434520
-0.114579 -0.597825 2.122040
-0.145100 -0.836162 2.064580
-0.085128 -0.832006 2.114630
0.169270 -0.528934 2.448960
0.306589 -0.575683 2.140750
0.343205 -0.810743 2.068420
0.353149 -0.852787 1.987860
0.082927 -0.455813 2.437240
0.081492 -0.396411 2.428960
0.075195 -0.099066 2.401850
0.082410 0.087742 2.381280
-0.078747 -0.192734 2.383980
-0.106725 -0.373199 2.302950
-0.066430 -0.503920 2.158230
-0.012222 -0.534579 2.103600
0.231288 -0.196279 2.422020
0.281048 -0.375316 2.316030
0.286050 -0.517044 2.176980
0.225573 -0.537334 2.124350
-0.000108 -0.522752 2.434470
-0.114555 -0.597886 2.122050
-0.145110 -0.836196 2.064580
-0.085123 -0.831999 2.114610
0.169336 -0.528874 2.448930
0.306512 -0.575898 2.140690
0.343205 -0.810903 2.068080
0.353144 -0.852865 1.987650
0.082985 -0.455730 2.437200
0.081545 -0.396326 2.428930
0.075254 -0.098893 2.401900
0.082411 0.087790 2.381300
-0.078741 -0.192618 2.383880
-0.106709 -0.373184 2.302890
-0.065045 -0.503697 2.158270
-0.010706 -0.534258 2.103640
0.231422 -0.196162 2.421910
0.281209 -0.375359 2.315790
0.286113 -0.517165 2.176860
0.225599 -0.537459 2.124240
-0.000047 -0.522694 2.434410
-0.114529 -0.597955 2.122060
-0.145122 -0.836235 2.064570
-0.085125 -0.831989 2.114600
0.169396 -0.528817 2.448910
0.306430 -0.576071 2.140630
0.343259 -0.811009 2.067870
0.353172 -0.852917 1.987510
0.083038 -0.455648 2.437160
0.081595 -0.396242 2.428890
0.075306 -0.098733 2.401950
0.082413 0.087827 2.381320
-0.078737 -0.192495 2.383790
-0.106694 -0.373170 2.302840
-0.067091 -0.504655 2.158480
-0.013223 -0.535648 2.103820
0.231547 -0.196052 2.421810
0.281365 -0.375361 2.315630
0.276049 -0.526078 2.180180
0.217059 -0.539860 2.126070
0.000009 -0.522637 2.434350
-0.114496 -0.598042 2.122060
-0.145119 -0.836290 2.064550
-0.085142 -0.831966 2.114590
0.169451 -0.528761 2.448880
0.306353 -0.576237 2.140560
0.343327 -0.811111 2.067670
0.353207 -0.852970 1.987370
0.083094 -0.455568 2.437110
0.081646 -0.396160 2.428850
0.075351 -0.098591 2.401990
0.082416 0.087853 2.381330
-0.078734 -0.192381 2.383700
-0.106677 -0.373156 2.302790
-0.067192 -0.504810 2.158550
-0.013219 -0.535760 2.103950
0.231682 -0.195947 2.421720
0.281547 -0.375455 2.315340
0.276456 -0.526593 2.179660
0.216935 -0.540300 2.125820
0.000070 -0.522584 2.434280
-0.114463 -0.598132 2.122060
-0.145131 -0.836349 2.064510
-0.085174 -0.831933 2.114580
0.169511 -0.528706 2.448840
0.306287 -0.576392 2.140480
0.343400 -0.811206 2.067470
0.353247 -0.853023 1.987230
0.083148 -0.455482 2.437060
0.081698 -0.396073 2.428810
0.075398 -0.098458 2.402020
0.082420 0.087873 2.381340
-0.078734 -0.192266 2.383610
-0.106661 -0.373128 2.302730
-0.067270 -0.504919 2.158600
-0.013122 -0.535796 2.104090
0.231830 -0.195851 2.421630
0.281696 -0.375474 2.315130
0.277532 -0.526308 2.179130
0.217345 -0.540508 2.125600
0.000123 -0.522529 2.434210
-0.114430 -0.598233 2.122060
-0.145151 -0.836416 2.064480
-0.085215 -0.831879 2.114550
0.169567 -0.528653 2.448800
0.306222 -0.576539 2.140410
0.343466 -0.811294 2.067280
0.353285 -0.853075 1.987070
0.083203 -0.455387 2.437000
0.081753 -0.395975 2.428760
0.075484 -0.098294 2.402040
0.082497 0.088214 2.381460
-0.078708 -0.192093 2.383510
-0.106663 -0.373002 2.302640
-0.067323 -0.504994 2.158660
-0.012958 -0.535719 2.104320
0.231979 -0.195743 2.421550
0.281807 -0.375467 2.314970
0.278914 -0.525548 2.178620
0.218084 -0.540536 2.125390
0.000177 -0.522458 2.434130
-0.114402 -0.598314 2.122050
-0.145162 -0.836471 2.064450
-0.085255 -0.831831 2.114540
0.169616 -0.528593 2.448760
0.306166 -0.576680 2.140340
0.343518 -0.811383 2.067080
0.353316 -0.853131 1.986910
0.083254 -0.455290 2.436940
0.081808 -0.395876 2.428710
0.075580 -0.098141 2.402050
0.082586 0.088560 2.381570
-0.078682 -0.191907 2.383410
-0.106668 -0.372867 2.302560
-0.067325 -0.505046 2.158760
-0.012743 -0.535600 2.104560
0.232128 -0.195639 2.421470
0.281893 -0.375458 2.314840
0.280552 -0.524629 2.178200
0.219227 -0.540496 2.125210
0.000226 -0.522384 2.434040
-0.114375 -0.598392 2.122040
-0.145176 -0.836523 2.064430
-0.085283 -0.831789 2.114520
0.169660 -0.528535 2.448720
0.306114 -0.576809 2.140280
0.343550 -0.811465 2.066880
0.353334 -0.853187 1.986750
0.083307 -0.455185 2.436880
0.081869 -0.395768 2.428650
0.075748 -0.097982 2.402040
0.082700 0.088919 2.381680
-0.078654 -0.191710 2.383310
-0.106678 -0.372762 2.302480
-0.067310 -0.505084 2.158830
-0.012450 -0.535464 2.104780
0.232273 -0.195539 2.421390
0.281959 -0.375429 2.314760
0.282163 -0.523483 2.177860
0.220456 -0.540288 2.125070
0.000271 -0.522303 2.433950
-0.114350 -0.598469 2.122020
-0.145202 -0.836577 2.064390
-0.085322 -0.831746 2.114480
0.169701 -0.528472 2.448670
0.306069 -0.576929 2.140220
0.343589 -0.811537 2.066730
0.353359 -0.853239 1.986610
0.083352 -0.455082 2.436810
0.081921 -0.395666 2.428590
0.075878 -0.097857 2.402030
0.082752 0.089046 2.381710
-0.078634 -0.191529 2.383210
-0.106695 -0.372659 2.302390
-0.067278 -0.505114 2.158890
-0.012148 -0.535335 2.104970
0.232417 -0.195457 2.421320
0.282029 -0.375413 2.314640
0.283170 -0.522830 2.177560
0.221340 -0.540285 2.124880
0.000300 -0.522224 2.433860
-0.114321 -0.598560 2.122000
-0.145236 -0.836644 2.064350
-0.085372 -0.831696 2.114440
0.169737 -0.528414 2.448620
0.306031 -0.577030 2.140170
0.343591 -0.811604 2.066560
0.353359 -0.853289 1.986460
0.083386 -0.454984 2.436730
0.081966 -0.395570 2.428520
0.075997 -0.097750 2.402020
0.082781 0.089133 2.381720
-0.078623 -0.191385 2.383120
-0.106716 -0.372558 2.302290
-0.067190 -0.505139 2.158960
-0.011864 -0.535221 2.105130
0.232550 -0.195385 2.421250
0.282128 -0.375435 2.314410
0.283948 -0.522425 2.177270
0.221905 -0.540316 2.124770
0.000310 -0.522149 2.433740
-0.114294 -0.598675 2.121950
-0.145293 -0.836737 2.064260
-0.085461 -0.831630 2.114370
0.169765 -0.528355 2.448550
0.305999 -0.577123 2.140110
0.343578 -0.811667 2.066350
0.353351 -0.853338 1.986270
0.083414 -0.454883 2.436650
0.082004 -0.395476 2.428450
0.076087 -0.097671 2.402010
0.082783 0.089164 2.381690
-0.078632 -0.191212 2.382990
-0.106767 -0.372547 2.302140
-0.067108 -0.505187 2.158980
-0.011556 -0.535185 2.105180
0.232673 -0.195320 2.421190
0.282223 -0.375495 2.314170
0.284581 -0.522136 2.177000
0.222438 -0.540395 2.124630
0.000310 -0.522071 2.433620
-0.114268 -0.598805 2.121890
-0.145381 -0.836849 2.064150
-0.085568 -0.831548 2.114250
0.169788 -0.528298 2.448490
0.305969 -0.577207 2.140050
0.343545 -0.811726 2.066130
0.353334 -0.853384 1.986080
0.083437 -0.454785 2.436570
0.082039 -0.395385 2.428390
0.076168 -0.097602 2.402000
0.082805 0.089251 2.381670
-0.078645 -0.191034 2.382870
-0.106795 -0.372480 2.302060
-0.067037 -0.505202 2.159030
-0.011294 -0.535091 2.105300
0.232786 -0.195255 2.421120
0.282262 -0.375478 2.314040
0.285077 -0.521798 2.176860
0.222810 -0.540362 2.124620
0.000307 -0.521995 2.433500
-0.114244 -0.598936 2.121830
-0.145461 -0.836960 2.064050
-0.085666 -0.831458 2.114130
0.169809 -0.528243 2.448430
0.305949 -0.577279 2.140000
0.343723 -0.811795 2.066120
0.353422 -0.853429 1.986020
0.083458 -0.454692 2.436490
0.082070 -0.395300 2.428320
0.076234 -0.097549 2.401980
0.082814 0.089314 2.381630
-0.078671 -0.190863 2.382740
-0.106902 -0.372483 2.301840
-0.068302 -0.506097 2.159170
-0.012590 -0.536013 2.105440
0.232891 -0.195188 2.421050
0.282299 -0.375429 2.313930
0.285341 -0.521552 2.176810
0.223039 -0.540365 2.124610
0.000301 -0.521924 2.433390
-0.114168 -0.599068 2.121750
-0.145543 -0.837053 2.063940
-0.085769 -0.831368 2.114000
0.169827 -0.528190 2.448360
0.305930 -0.577340 2.139960
0.343770 -0.811835 2.066080
0.353451 -0.853459 1.985960
0.083474 -0.454607 2.436420
0.082097 -0.395223 2.428260
0.076287 -0.097511 2.401970
0.082814 0.089348 2.381540
-0.078697 -0.190708 2.382620
-0.106971 -0.372492 2.301680
-0.068291 -0.506275 2.159190
-0.012590 -0.536173 2.105450
0.232990 -0.195131 2.420970
0.282344 -0.375384 2.313790
0.285540 -0.521409 2.176770
0.223234 -0.540401 2.124610
0.000293 -0.521859 2.433280
-0.114093 -0.599194 2.121670
-0.145636 -0.837141 2.063820
-0.085876 -0.831300 2.113870
0.169843 -0.528141 2.448310
0.305903 -0.577392 2.139910
0.343794 -0.811861 2.066040
0.353466 -0.853484 1.985900
0.083487 -0.454527 2.436350
0.082118 -0.395152 2.428210
0.076327 -0.097483 2.401960
0.082815 0.089364 2.381460
-0.078723 -0.190571 2.382510
-0.107029 -0.372505 2.301540
-0.068226 -0.506389 2.159160
-0.012609 -0.536344 2.105410
0.233088 -0.195080 2.420890
0.282381 -0.375323 2.313680
0.285643 -0.521273 2.176780
0.223365 -0.540428 2.124610
0.000277 -0.521797 2.433170
-0.114019 -0.599318 2.121580
-0.145715 -0.837224 2.063740
-0.085951 -0.831236 2.113750
0.169856 -0.528096 2.448250
0.305877 -0.577438 2.139860
0.343810 -0.811883 2.066000
0.353475 -0.853506 1.985840
0.083501 -0.454448 2.436270
0.082143 -0.395082 2.428140
0.076367 -0.097459 2.401950
0.082790 0.089413 2.381360
-0.078740 -0.190444 2.382410
-0.107058 -0.372496 2.301450
-0.067989 -0.506409 2.159160
-0.012510 -0.536427 2.105380
0.233185 -0.195014 2.420810
0.282517 -0.375490 2.313320
0.285679 -0.521297 2.176660
0.223473 -0.540706 2.124440
0.000265 -0.521736 2.433070
-0.113957 -0.599423 2.121500
-0.145795 -0.837297 2.063660
-0.086024 -0.831182 2.113630
0.169870 -0.528047 2.448180
0.305845 -0.577474 2.139800
0.343828 -0.811898 2.065980
0.353489 -0.853520 1.985800
0.083512 -0.454367 2.436190
0.082165 -0.395010 2.428080
0.076405 -0.097435 2.401930
0.082750 0.089513 2.381220
-0.078751 -0.190313 2.382300
-0.107078 -0.372485 2.301380
-0.068913 -0.506691 2.159170
-0.013855 -0.537013 2.105320
0.233268 -0.194924 2.420720
0.282647 -0.375666 2.312980
0.285706 -0.521354 2.176560
0.223583 -0.540984 2.124280
0.000253 -0.521667 2.432950
-0.113895 -0.599530 2.121410
-0.145880 -0.837370 2.063580
-0.086093 -0.831143 2.113500
0.169876 -0.527991 2.448110
0.305820 -0.577499 2.139750
0.343840 -0.811907 2.065960
0.353500 -0.853530 1.985760
0.083525 -0.454293 2.436120
0.082187 -0.394943 2.428010
0.076438 -0.097416 2.401920
0.082711 0.089608 2.381080
-0.078763 -0.190198 2.382190
-0.107092 -0.372466 2.301320
-0.068322 -0.506365 2.159020
-0.013037 -0.536505 2.105180
0.233343 -0.194836 2.420640
0.282726 -0.375732 2.312770
0.285731 -0.521352 2.176510
0.223659 -0.541122 2.124200
0.000247 -0.521609 2.432840
-0.113848 -0.599621 2.121340
-0.145955 -0.837436 2.063510
-0.086147 -0.831107 2.113380
0.169886 -0.527938 2.448040
0.305794 -0.577520 2.139690
0.343808 -0.811911 2.065900
0.353482 -0.853540 1.985700
0.083536 -0.454223 2.436040
0.082207 -0.394880 2.427950
0.076475 -0.097408 2.401900
0.082687 0.089652 2.380920
-0.078774 -0.190095 2.382100
-0.107100 -0.372446 2.301270
-0.067688 -0.505986 2.158880
-0.012163 -0.535929 2.105070
0.233419 -0.194763 2.420570
0.282796 -0.375778 2.312610
0.285662 -0.521349 2.176460
0.223679 -0.541230 2.124120
0.000239 -0.521554 2.432740
-0.113808 -0.599689 2.121280
-0.146016 -0.837481 2.063470
-0.086179 -0.831082 2.113270
0.169895 -0.527889 2.447970
0.305793 -0.577531 2.139660
0.344080 -0.811923 2.066230
0.353607 -0.853557 1.985790
0.083546 -0.454159 2.435980
0.082226 -0.394823 2.427890
0.076510 -0.097405 2.401880
0.082641 0.089655 2.380730
-0.078793 -0.190024 2.382030
-0.107105 -0.372424 2.301230
-0.067075 -0.505626 2.158740
-0.011340 -0.535395 2.104950
0.233484 -0.194698 2.420490
0.282846 -0.375785 2.312500
0.285598 -0.521310 2.176430
0.223651 -0.541252 2.124100
0.000231 -0.521506 2.432650
-0.113777 -0.599734 2.121220
-0.146075 -0.837508 2.063410
-0.086218 -0.831076 2.113170
0.169903 -0.527842 2.447910
0.305795 -0.577533 2.139630
0.344359 -0.811904 2.066560
0.353741 -0.853560 1.985900
0.083563 -0.454096 2.435900
0.082251 -0.394768 2.427830
0.076551 -0.097408 2.401840
0.082613 0.089674 2.380570
-0.078813 -0.189963 2.381960
-0.107105 -0.372392 2.301190
-0.066589 -0.505350 2.158660
-0.010486 -0.534898 2.104840
0.233546 -0.194634 2.420400
0.282888 -0.375815 2.312370
0.285434 -0.521283 2.176320
0.223526 -0.541264 2.124030
0.000229 -0.521464 2.432560
-0.113752 -0.599770 2.121170
-0.146132 -0.837525 2.063340
-0.086272 -0.831071 2.113090
0.169920 -0.527795 2.447840
0.305795 -0.577536 2.139590
0.344476 -0.811893 2.066660
0.353802 -0.853562 1.985920
0.083577 -0.454042 2.435830
0.082272 -0.394719 2.427760
0.076591 -0.097420 2.401790
0.082596 0.089664 2.380310
-0.078831 -0.189913 2.381890
-0.107104 -0.372342 2.301140
-0.065962 -0.504997 2.158600
-0.009829 -0.534513 2.104780
0.233600 -0.194576 2.420330
0.282922 -0.375811 2.312270
0.285271 -0.521214 2.176260
0.223381 -0.541218 2.124010
0.000225 -0.521428 2.432470
-0.113729 -0.599805 2.121110
-0.146188 -0.837545 2.063250
-0.086334 -0.831065 2.113010
0.169936 -0.527753 2.447780
0.305796 -0.577536 2.139550
0.344586 -0.811884 2.066760
0.353862 -0.853566 1.985950
0.083607 -0.453997 2.435760
0.082307 -0.394679 2.427690
0.076642 -0.097445 2.401710
0.082588 0.089656 2.380050
-0.078845 -0.189879 2.381840
-0.107101 -0.372321 2.301110
-0.064930 -0.504511 2.158440
-0.008938 -0.534106 2.104620
0.233652 -0.194519 2.420250
0.282958 -0.375912 2.312050
0.285068 -0.521273 2.176070
0.223202 -0.541269 2.123890
0.000242 -0.521410 2.432390
-0.113714 -0.599828 2.121070
-0.146237 -0.837554 2.063190
-0.086384 -0.831060 2.112950
0.169967 -0.527714 2.447720
0.305799 -0.577539 2.139510
0.344684 -0.811882 2.066850
0.353918 -0.853573 1.985980
0.083636 -0.453955 2.435690
0.082342 -0.394642 2.427620
0.076687 -0.097497 2.401580
0.082593 0.089609 2.379810
-0.078871 -0.189869 2.381780
-0.107097 -0.372307 2.301080
-0.063873 -0.504051 2.158280
-0.008064 -0.533746 2.104440
0.233710 -0.194474 2.420170
0.283001 -0.375885 2.311970
0.284900 -0.521188 2.176030
0.223089 -0.541213 2.123860
0.000259 -0.521396 2.432320
-0.113700 -0.599842 2.121030
-0.146288 -0.837551 2.063130
-0.086439 -0.831064 2.112900
0.170002 -0.527678 2.447660
0.305803 -0.577542 2.139460
0.344775 -0.811880 2.066940
0.353974 -0.853581 1.986000
0.083673 -0.453920 2.435620
0.082384 -0.394612 2.427550
0.076735 -0.097571 2.401420
0.082608 0.089528 2.379560
-0.078895 -0.189869 2.381720
-0.107094 -0.372291 2.301030
-0.063025 -0.503693 2.158140
-0.007356 -0.533465 2.104290
0.233764 -0.194432 2.420100
0.283047 -0.375823 2.311900
0.284745 -0.521068 2.176020
0.222934 -0.541077 2.123890
0.000287 -0.521392 2.432250
-0.113692 -0.599851 2.121000
-0.146334 -0.837546 2.063080
-0.086488 -0.831070 2.112860
0.170044 -0.527644 2.447600
0.305806 -0.577545 2.139420
0.344824 -0.811879 2.066980
0.354008 -0.853587 1.986010
0.083710 -0.453889 2.435560
0.082426 -0.394587 2.427480
0.076783 -0.097651 2.401260
0.082619 0.089438 2.379340
-0.078922 -0.189888 2.381650
-0.107092 -0.372306 2.300970
-0.062516 -0.503497 2.158020
-0.006753 -0.533270 2.104110
0.233825 -0.194404 2.420020
0.283087 -0.375711 2.311860
0.284650 -0.520925 2.176020
0.222857 -0.540934 2.123920
0.000317 -0.521393 2.432180
-0.113686 -0.599856 2.120970
-0.146383 -0.837533 2.063030
-0.086536 -0.831074 2.112820
0.170087 -0.527615 2.447550
0.305812 -0.577550 2.139370
0.344839 -0.811878 2.066980
0.354024 -0.853594 1.986010
0.083745 -0.453864 2.435500
0.082465 -0.394567 2.427410
0.076829 -0.097738 2.401100
0.082589 0.089225 2.379030
-0.078953 -0.189922 2.381570
-0.107098 -0.372322 2.300890
-0.062216 -0.503402 2.157950
-0.006467 -0.533181 2.104020
0.233889 -0.194387 2.419940
0.283172 -0.375683 2.311730
0.284579 -0.520883 2.175970
0.222805 -0.540897 2.123890
0.000341 -0.521398 2.432120
-0.113682 -0.599859 2.120940
-0.146424 -0.837524 2.062990
-0.086575 -0.831070 2.112780
0.170127 -0.527590 2.447490
0.305823 -0.577552 2.139330
0.344860 -0.811878 2.067000
0.354039 -0.853599 1.986010
0.083773 -0.453848 2.435440
0.082496 -0.394556 2.427340
0.076849 -0.097834 2.400930
0.082584 0.088732 2.378620
-0.078984 -0.189975 2.381480
-0.107112 -0.372392 2.300770
-0.061953 -0.503356 2.157840
-0.006216 -0.533139 2.103910
0.233950 -0.194400 2.419850
0.283254 -0.375655 2.311600
0.284528 -0.520846 2.175910
0.222770 -0.540866 2.123850
0.000362 -0.521409 2.432070
-0.113688 -0.599852 2.120910
-0.146452 -0.837510 2.062960
-0.086611 -0.831068 2.112770
0.170161 -0.527576 2.447450
0.305833 -0.577546 2.139300
0.344864 -0.811868 2.066990
0.354048 -0.853600 1.986000
0.083801 -0.453838 2.435390
0.082530 -0.394553 2.427280
0.076925 -0.097957 2.400730
0.082574 0.088379 2.378260
-0.079009 -0.190043 2.381390
-0.107128 -0.372471 2.300650
-0.061748 -0.503338 2.157720
-0.006023 -0.533119 2.103790
0.234014 -0.194441 2.419740
0.283303 -0.375603 2.311530
0.284494 -0.520779 2.175870
0.222714 -0.540765 2.123860
0.000382 -0.521424 2.432010
-0.113697 -0.599842 2.120880
-0.146468 -0.837490 2.062910
-0.086655 -0.831065 2.112760
0.170193 -0.527567 2.447410
0.305842 -0.577542 2.139260
0.344867 -0.811863 2.066990
0.354055 -0.853602 1.986000
0.083827 -0.453830 2.435330
0.082563 -0.394551 2.427210
0.077009 -0.098073 2.400510
0.082562 0.088107 2.377980
-0.079029 -0.190104 2.381310
-0.107165 -0.372558 2.300480
-0.061690 -0.503404 2.157590
-0.005963 -0.533171 2.103660
0.234073 -0.194487 2.419630
0.283323 -0.375529 2.311490
0.284479 -0.520644 2.175840
0.222699 -0.540598 2.123850
0.000400 -0.521438 2.431960
-0.113713 -0.599827 2.120840
-0.146482 -0.837473 2.062890
-0.086682 -0.831065 2.112750
0.170220 -0.527561 2.447380
0.305848 -0.577539 2.139220
0.344837 -0.811850 2.066930
0.354049 -0.853604 1.985970
0.083853 -0.453827 2.435280
0.082596 -0.394555 2.427140
0.077089 -0.098191 2.400310
0.082597 0.087787 2.377680
-0.079046 -0.190170 2.381240
-0.107199 -0.372643 2.300320
-0.065559 -0.505564 2.157750
-0.010850 -0.536096 2.103690
0.234131 -0.194554 2.419510
0.283338 -0.375504 2.311450
0.284534 -0.520576 2.175790
0.222770 -0.540502 2.123810
0.000416 -0.521454 2.431910
-0.113731 -0.599814 2.120810
-0.146493 -0.837459 2.062860
-0.086708 -0.831064 2.112750
0.170249 -0.527559 2.447340
0.305854 -0.577544 2.139190
0.344740 -0.811853 2.066820
0.354012 -0.853618 1.985900
0.083879 -0.453832 2.435230
0.082629 -0.394565 2.427080
0.077166 -0.098298 2.400130
0.082635 0.087497 2.377420
-0.079054 -0.190240 2.381160
-0.107235 -0.372718 2.300170
-0.068738 -0.507314 2.157930
-0.014665 -0.538342 2.103740
0.234186 -0.194637 2.419390
0.283350 -0.375480 2.311420
0.284607 -0.520516 2.175740
0.222874 -0.540407 2.123760
0.000433 -0.521473 2.431860
-0.113750 -0.599799 2.120780
-0.146503 -0.837445 2.062840
-0.086731 -0.831063 2.112750
0.170276 -0.527563 2.447310
0.305859 -0.577551 2.139160
0.344691 -0.811854 2.066730
0.353994 -0.853628 1.985860
0.083905 -0.453840 2.435180
0.082661 -0.394578 2.427010
0.077239 -0.098396 2.399960
0.082745 0.087282 2.377280
-0.079060 -0.190307 2.381090
-0.107273 -0.372798 2.300010
-0.066976 -0.506873 2.157460
-0.013498 -0.538320 2.103140
0.234245 -0.194744 2.419260
0.283353 -0.375454 2.311400
0.284664 -0.520459 2.175720
0.223022 -0.540280 2.123720
0.000448 -0.521493 2.431810
-0.113773 -0.599784 2.120750
-0.146507 -0.837432 2.062820
-0.086752 -0.831069 2.112750
0.170304 -0.527572 2.447270
0.305864 -0.577564 2.139120
0.344618 -0.811863 2.066600
0.353963 -0.853645 1.985780
0.083930 -0.453851 2.435120
0.082696 -0.394595 2.426950
0.077377 -0.098514 2.399780
0.082864 0.087103 2.377170
-0.079048 -0.190360 2.381030
-0.107299 -0.372832 2.299900
-0.067190 -0.507079 2.157400
-0.013914 -0.538679 2.103040
0.234303 -0.194860 2.419130
0.283341 -0.375404 2.311390
0.284791 -0.520345 2.175720
0.223218 -0.540151 2.123700
0.000463 -0.521514 2.431760
-0.113795 -0.599771 2.120720
-0.146507 -0.837421 2.062800
-0.086768 -0.831070 2.112750
0.170328 -0.527585 2.447230
0.305878 -0.577575 2.139090
0.344685 -0.811882 2.066630
0.354002 -0.853667 1.985790
0.083954 -0.453864 2.435080
0.082728 -0.394615 2.426890
0.077475 -0.098643 2.399600
0.083034 0.086901 2.377070
-0.079030 -0.190418 2.380980
-0.107322 -0.372859 2.299810
-0.066930 -0.506922 2.157160
-0.013571 -0.538487 2.102760
0.234363 -0.194992 2.418980
0.283324 -0.375329 2.311400
0.284911 -0.520214 2.175740
0.223399 -0.540013 2.123700
0.000476 -0.521535 2.431720
-0.113816 -0.599747 2.120690
-0.146501 -0.837402 2.062780
-0.086784 -0.831077 2.112760
0.170351 -0.527601 2.447200
0.305886 -0.577593 2.139060
0.344706 -0.811895 2.066620
0.354018 -0.853684 1.985780
0.083978 -0.453879 2.435030
0.082759 -0.394637 2.426830
0.077549 -0.098765 2.399430
0.083207 0.086724 2.376980
-0.079008 -0.190482 2.380920
-0.107339 -0.372881 2.299740
-0.065558 -0.506408 2.157010
-0.012479 -0.538196 2.102490
0.234430 -0.195151 2.418830
0.283509 -0.375923 2.310650
0.285050 -0.520755 2.175020
0.223647 -0.540646 2.122850
0.000491 -0.521557 2.431680
-0.113834 -0.599734 2.120660
-0.146493 -0.837390 2.062760
-0.086798 -0.831078 2.112770
0.170378 -0.527622 2.447170
0.305897 -0.577615 2.139030
0.344710 -0.811911 2.066570
0.354023 -0.853703 1.985750
