0.023938 0.085579 1.977020
0.012702 0.152811 2.035700
0.005290 0.546969 2.047700
0.025400 0.738695 2.032350
-0.141899 0.420656 2.005670
-0.199617 0.171369 1.971750
-0.206944 -0.055260 1.916080
-0.188945 -0.137679 1.885360
0.177340 0.410680 2.057210
0.227609 0.159958 2.030510
0.253289 -0.091940 1.980840
0.256789 -0.165084 1.949810
-0.044992 0.014476 1.954620
-0.095154 -0.424721 2.003400
-0.402505 -0.701890 2.145610
-0.387906 -0.737084 2.060500
0.098603 0.014277 1.972640
0.142370 -0.425985 2.021630
0.177654 -0.753313 2.046130
0.193017 -0.782067 1.957100
0.023925 0.085694 1.976930
0.012686 0.152895 2.035630
0.005268 0.546994 2.047720
0.025171 0.738786 2.032740
-0.141931 0.420631 2.005670
-0.199656 0.171217 1.971700
-0.207038 -0.055116 1.915980
-0.188979 -0.137447 1.885040
0.177330 0.410685 2.057200
0.227613 0.159885 2.030590
0.253276 -0.091721 1.980760
0.256598 -0.164869 1.948990
-0.044977 0.014604 1.954510
-0.095168 -0.424698 2.003330
-0.402423 -0.702017 2.145590
-0.387821 -0.737206 2.060490
0.098572 0.014403 1.972530
0.142361 -0.425949 2.021580
0.177554 -0.752952 2.046180
0.193004 -0.782094 1.957220
0.023911 0.085805 1.976850
0.012668 0.152977 2.035560
0.005241 0.547021 2.047740
0.024940 0.738890 2.033220
-0.141964 0.420606 2.005680
-0.199699 0.171071 1.971650
-0.207118 -0.055004 1.915900
-0.189005 -0.137273 1.884800
0.177315 0.410691 2.057200
0.227614 0.159816 2.030680
0.253257 -0.091545 1.980670
0.256429 -0.164686 1.948290
-0.044962 0.014730 1.954420
-0.095181 -0.424678 2.003260
-0.402291 -0.702206 2.145570
-0.387678 -0.737391 2.060480
0.098541 0.014528 1.972440
0.142351 -0.425917 2.021530
0.178383 -0.761354 2.047460
0.193952 -0.795208 1.960270
0.023896 0.085915 1.976780
0.012650 0.153057 2.035510
0.005212 0.547049 2.047770
0.024733 0.738982 2.033670
-0.142012 0.420576 2.005700
-0.199746 0.170924 1.971610
-0.207185 -0.054921 1.915840
-0.189026 -0.137153 1.884620
0.177296 0.410699 2.057200
0.227613 0.159747 2.030760
0.253237 -0.091380 1.980570
0.256282 -0.164550 1.947710
-0.044951 0.014850 1.954330
-0.095094 -0.424650 2.003310
-0.402260 -0.702236 2.145570
-0.387642 -0.737415 2.060500
0.098511 0.014647 1.972360
0.142344 -0.425890 2.021490
0.179116 -0.768858 2.048600
0.194622 -0.804894 1.962510
0.023882 0.086018 1.976720
0.012631 0.153132 2.035460
0.005181 0.547079 2.047810
0.024547 0.739057 2.034120
-0.142063 0.420547 2.005730
-0.199795 0.170779 1.971570
-0.207240 -0.054861 1.915800
-0.189041 -0.137073 1.884510
0.177271 0.410706 2.057210
0.227611 0.159674 2.030850
0.253193 -0.091180 1.980480
0.256118 -0.164457 1.947230
-0.044940 0.014964 1.954250
-0.094996 -0.424626 2.003370
-0.402239 -0.702253 2.145590
-0.387616 -0.737426 2.060520
0.098482 0.014758 1.972290
0.142338 -0.425869 2.021450
0.178886 -0.767437 2.048720
0.194299 -0.804261 1.963220
0.023866 0.086120 1.976670
0.012609 0.153208 2.035420
0.005131 0.547118 2.047870
0.024389 0.739121 2.034560
-0.142130 0.420501 2.005760
-0.199852 0.170609 1.971550
-0.207287 -0.054818 1.915780
-0.189052 -0.137020 1.884430
0.177240 0.410712 2.057240
0.227608 0.159586 2.030970
0.253139 -0.090994 1.980400
0.255931 -0.164434 1.946840
-0.044931 0.015072 1.954190
-0.094892 -0.424608 2.003440
-0.402227 -0.702259 2.145600
-0.387599 -0.737424 2.060550
0.098454 0.014864 1.972230
0.142332 -0.425851 2.021420
0.178502 -0.765161 2.048800
0.193782 -0.802153 1.963770
0.023850 0.086225 1.976620
0.012583 0.153287 2.035380
0.005078 0.547159 2.047930
0.024258 0.739180 2.035000
-0.142198 0.420455 2.005800
-0.199912 0.170442 1.971530
-0.207330 -0.054790 1.915770
-0.189065 -0.136985 1.884390
0.177203 0.410718 2.057310
0.227605 0.159491 2.031110
0.253085 -0.090804 1.980340
0.255765 -0.164424 1.946520
-0.044922 0.015182 1.954130
-0.094784 -0.424590 2.003520
-0.402226 -0.702248 2.145620
-0.387588 -0.737407 2.060580
0.098427 0.014970 1.972180
0.142330 -0.425836 2.021390
0.178123 -0.762706 2.048890
0.193296 -0.799523 1.964180
0.023835 0.086327 1.976590
0.012557 0.153365 2.035350
0.005020 0.547202 2.048010
0.024128 0.739252 2.035480
-0.142264 0.420411 2.005850
-0.199974 0.170284 1.971520
-0.207374 -0.054772 1.915780
-0.189084 -0.136972 1.884380
0.177161 0.410710 2.057390
0.227601 0.159365 2.031270
0.253029 -0.090634 1.980290
0.255612 -0.164434 1.946290
-0.044912 0.015288 1.954080
-0.094673 -0.424576 2.003600
-0.402231 -0.702230 2.145650
-0.387582 -0.737382 2.060620
0.098401 0.015070 1.972150
0.142328 -0.425825 2.021370
0.177916 -0.760564 2.048570
0.193026 -0.797101 1.964020
0.023817 0.086434 1.976570
0.012527 0.153447 2.035330
0.004960 0.547246 2.048080
0.024017 0.739320 2.035950
-0.142328 0.420377 2.005910
-0.200035 0.170150 1.971520
-0.207435 -0.054774 1.915830
-0.189127 -0.137002 1.884430
0.177117 0.410696 2.057490
0.227594 0.159222 2.031450
0.252971 -0.090486 1.980250
0.255480 -0.164460 1.946130
-0.044905 0.015402 1.954030
-0.094558 -0.424560 2.003700
-0.402276 -0.702155 2.145700
-0.387610 -0.737299 2.060680
0.098371 0.015173 1.972130
0.142327 -0.425816 2.021350
0.177702 -0.758730 2.048370
0.192755 -0.794960 1.963930
0.023798 0.086558 1.976560
0.012494 0.153545 2.035330
0.004892 0.547295 2.048180
0.023924 0.739392 2.036430
-0.142398 0.420340 2.005990
-0.200103 0.170014 1.971540
-0.207518 -0.054791 1.915920
-0.189182 -0.137052 1.884540
0.177071 0.410680 2.057610
0.227588 0.159072 2.031650
0.252917 -0.090357 1.980230
0.255376 -0.164488 1.946010
-0.044896 0.015526 1.954000
-0.094445 -0.424540 2.003810
-0.402335 -0.702061 2.145760
-0.387650 -0.737197 2.060760
0.098340 0.015287 1.972120
0.142326 -0.425808 2.021340
0.177493 -0.757208 2.048230
0.192501 -0.793160 1.963850
0.023777 0.086694 1.976560
0.012459 0.153653 2.035330
0.004823 0.547354 2.048290
0.023857 0.739484 2.036930
-0.142457 0.420309 2.006070
-0.200169 0.169894 1.971570
-0.207637 -0.054839 1.916070
-0.189262 -0.137137 1.884710
0.177022 0.410662 2.057750
0.227583 0.158918 2.031860
0.252868 -0.090244 1.980210
0.255285 -0.164525 1.945940
-0.044886 0.015671 1.953990
-0.094336 -0.424513 2.003910
-0.402564 -0.701802 2.145770
-0.387844 -0.736936 2.060790
0.098299 0.015418 1.972130
0.142324 -0.425799 2.021330
0.178461 -0.763122 2.048900
0.169448 -0.832304 2.018180
0.023757 0.086864 1.976580
0.012421 0.153790 2.035360
0.004746 0.547427 2.048430
0.023815 0.739572 2.037400
-0.142525 0.420275 2.006170
-0.200241 0.169769 1.971600
-0.207763 -0.054904 1.916250
-0.189354 -0.137250 1.884910
0.176976 0.410638 2.057920
0.227573 0.158754 2.032090
0.252820 -0.090143 1.980210
0.255206 -0.164565 1.945890
-0.044870 0.015835 1.953990
-0.094238 -0.424484 2.004000
-0.404578 -0.699735 2.145350
-0.389753 -0.734873 2.060440
0.098260 0.015574 1.972150
0.142322 -0.425787 2.021310
0.178007 -0.761790 2.049060
0.177845 -0.809053 1.994560
0.023736 0.087051 1.976620
0.012378 0.153941 2.035390
0.004669 0.547501 2.048580
0.023798 0.739658 2.037830
-0.142588 0.420245 2.006270
-0.200311 0.169651 1.971650
-0.207882 -0.054981 1.916430
-0.189445 -0.137376 1.885120
0.176933 0.410619 2.058120
0.227561 0.158599 2.032310
0.252776 -0.090049 1.980210
0.255131 -0.164605 1.945860
-0.044852 0.016013 1.953990
-0.094180 -0.424464 2.004040
-0.405381 -0.698960 2.145110
-0.390484 -0.734101 2.060240
0.098216 0.015746 1.972200
0.142319 -0.425774 2.021300
0.177532 -0.760282 2.049170
0.181632 -0.798561 1.983960
0.023715 0.087244 1.976670
0.012335 0.154098 2.035440
0.004603 0.547573 2.048740
0.023797 0.739741 2.038240
-0.142647 0.420218 2.006380
-0.200382 0.169538 1.971690
-0.207995 -0.055059 1.916600
-0.189531 -0.137505 1.885330
0.176892 0.410599 2.058360
0.227550 0.158447 2.032530
0.252736 -0.089965 1.980220
0.255065 -0.164648 1.945850
-0.044834 0.016196 1.954010
-0.094136 -0.424448 2.004070
-0.406144 -0.698246 2.144880
-0.391173 -0.733390 2.060060
0.098169 0.015925 1.972260
0.142317 -0.425763 2.021290
0.177091 -0.758812 2.049290
0.184697 -0.791448 1.976130
0.023699 0.087442 1.976730
0.012294 0.154258 2.035500
0.004540 0.547643 2.048920
0.023807 0.739812 2.038600
-0.142706 0.420190 2.006490
-0.200456 0.169422 1.971750
-0.208094 -0.055141 1.916770
-0.189604 -0.137639 1.885540
0.176858 0.410576 2.058620
0.227546 0.158290 2.032770
0.252700 -0.089890 1.980230
0.255002 -0.164690 1.945850
-0.044813 0.016376 1.954040
-0.094093 -0.424432 2.004100
-0.406614 -0.697803 2.144770
-0.391592 -0.732946 2.059970
0.098127 0.016108 1.972340
0.142315 -0.425753 2.021290
0.176707 -0.757525 2.049390
0.186562 -0.787384 1.971470
0.023683 0.087630 1.976800
0.012256 0.154410 2.035570
0.004488 0.547709 2.049100
0.023828 0.739877 2.038930
-0.142756 0.420167 2.006620
-0.200524 0.169317 1.971810
-0.208179 -0.055224 1.916920
-0.189662 -0.137775 1.885730
0.176835 0.410533 2.058880
0.227545 0.158105 2.033020
0.252664 -0.089826 1.980240
0.254937 -0.164737 1.945860
-0.044794 0.016547 1.954060
-0.093012 -0.424218 2.005800
-0.407774 -0.696226 2.144880
-0.392684 -0.731348 2.060120
0.098085 0.016281 1.972430
0.142313 -0.425747 2.021280
0.176400 -0.756464 2.049470
0.187765 -0.784916 1.968540
0.023670 0.087810 1.976870
0.012221 0.154556 2.035640
0.004444 0.547769 2.049290
0.023851 0.739938 2.039230
-0.142809 0.420146 2.006750
-0.200592 0.169213 1.971870
-0.208255 -0.055307 1.917060
-0.189712 -0.137904 1.885910
0.176824 0.410468 2.059150
0.227555 0.157888 2.033290
0.252630 -0.089767 1.980260
0.254873 -0.164783 1.945880
-0.044776 0.016708 1.954090
-0.092431 -0.424114 2.006710
-0.408253 -0.695615 2.144930
-0.393126 -0.730722 2.060200
0.098048 0.016444 1.972520
0.142311 -0.425743 2.021280
0.176125 -0.755596 2.049560
0.188521 -0.783324 1.966680
0.023658 0.087978 1.976940
0.012190 0.154694 2.035710
0.004397 0.547828 2.049490
0.023874 0.739994 2.039490
-0.142864 0.420122 2.006900
-0.200661 0.169105 1.971940
-0.208321 -0.055388 1.917190
-0.189754 -0.138025 1.886070
0.176791 0.410420 2.059400
0.227557 0.157707 2.033540
0.252591 -0.089715 1.980290
0.254805 -0.164834 1.945910
-0.044757 0.016858 1.954120
-0.092030 -0.424057 2.007310
-0.408528 -0.695269 2.144960
-0.393378 -0.730367 2.060250
0.098014 0.016600 1.972620
0.142310 -0.425740 2.021280
0.175904 -0.754902 2.049630
0.189048 -0.782228 1.965380
0.023658 0.088147 1.977030
0.012167 0.154833 2.035800
0.004356 0.547886 2.049680
0.023889 0.740048 2.039730
-0.142919 0.420097 2.007060
-0.200729 0.168994 1.972020
-0.208378 -0.055462 1.917310
-0.189788 -0.138133 1.886210
0.176755 0.410397 2.059680
0.227555 0.157564 2.033760
0.252553 -0.089666 1.980310
0.254732 -0.164899 1.945940
-0.044724 0.017009 1.954170
-0.091707 -0.424019 2.007790
-0.408713 -0.695022 2.145020
-0.393542 -0.730112 2.060320
0.097992 0.016764 1.972730
0.142309 -0.425738 2.021270
0.175729 -0.754345 2.049700
0.189448 -0.781483 1.964440
0.023662 0.088314 1.977130
0.012150 0.154971 2.035890
0.004320 0.547941 2.049900
0.023909 0.740106 2.039970
-0.142966 0.420075 2.007230
-0.200792 0.168892 1.972090
-0.208428 -0.055529 1.917420
-0.189816 -0.138229 1.886330
0.176722 0.410379 2.059960
0.227550 0.157430 2.033980
0.252516 -0.089624 1.980340
0.254659 -0.164965 1.945980
-0.044688 0.017158 1.954230
-0.091456 -0.423993 2.008160
-0.408831 -0.694858 2.145090
-0.393642 -0.729941 2.060410
0.097972 0.016930 1.972860
0.142309 -0.425736 2.021270
0.175594 -0.753903 2.049750
0.189761 -0.781046 1.963770
0.023670 0.088480 1.977230
0.012137 0.155112 2.036000
0.004285 0.548001 2.050120
0.023932 0.740165 2.040200
-0.143004 0.420061 2.007430
-0.200850 0.168801 1.972160
-0.208471 -0.055589 1.917520
-0.189837 -0.138314 1.886430
0.176694 0.410368 2.060220
0.227543 0.157307 2.034190
0.252482 -0.089585 1.980370
0.254570 -0.165037 1.946020
-0.044648 0.017308 1.954290
-0.091361 -0.423982 2.008310
-0.408221 -0.695719 2.145200
-0.393023 -0.730773 2.060540
0.097958 0.017100 1.973000
0.142308 -0.425735 2.021270
0.175460 -0.753541 2.049820
0.189968 -0.780879 1.963360
0.023678 0.088636 1.977340
0.012127 0.155244 2.036110
0.004258 0.548065 2.050370
0.023963 0.740234 2.040450
-0.143033 0.420053 2.007620
-0.200903 0.168716 1.972240
-0.208507 -0.055643 1.917610
-0.189854 -0.138389 1.886530
0.176668 0.410359 2.060470
0.227537 0.157190 2.034380
0.252445 -0.089549 1.980400
0.254474 -0.165104 1.946060
-0.044608 0.017449 1.954350
-0.091327 -0.423986 2.008370
-0.407489 -0.696773 2.145320
-0.392286 -0.731796 2.060680
0.097944 0.017261 1.973150
0.142308 -0.425734 2.021280
0.175354 -0.753264 2.049880
0.190109 -0.780945 1.963150
0.023689 0.088780 1.977440
0.012121 0.155368 2.036220
0.004239 0.548127 2.050620
0.023994 0.740297 2.040670
-0.143057 0.420044 2.007830
-0.200956 0.168630 1.972320
-0.208535 -0.055699 1.917690
-0.189866 -0.138467 1.886610
0.176642 0.410351 2.060710
0.227532 0.157078 2.034570
0.252405 -0.089517 1.980440
0.254378 -0.165169 1.946100
-0.044568 0.017580 1.954410
-0.091338 -0.424002 2.008380
-0.406666 -0.697948 2.145470
-0.391463 -0.732942 2.060850
0.097933 0.017413 1.973310
0.142308 -0.425736 2.021280
0.175277 -0.753055 2.049920
0.190209 -0.781189 1.963100
0.023701 0.088911 1.977550
0.012118 0.155483 2.036330
0.004221 0.548183 2.050850
0.024035 0.740368 2.040930
-0.143081 0.420038 2.008040
-0.201011 0.168544 1.972400
-0.208559 -0.055752 1.917760
-0.189875 -0.138540 1.886690
0.176623 0.410339 2.060940
0.227528 0.156962 2.034760
0.252360 -0.089469 1.980510
0.254294 -0.165224 1.946150
-0.044532 0.017700 1.954460
-0.091360 -0.424023 2.008370
-0.406071 -0.698833 2.145630
-0.390873 -0.733803 2.061020
0.097926 0.017548 1.973470
0.142308 -0.425743 2.021290
0.175229 -0.752904 2.049960
0.190307 -0.781570 1.963180
0.023712 0.089036 1.977660
0.012113 0.155594 2.036450
0.004209 0.548241 2.051080
0.024070 0.740440 2.041180
-0.143098 0.420036 2.008250
-0.201065 0.168462 1.972490
-0.208578 -0.055804 1.917830
-0.189881 -0.138613 1.886760
0.176605 0.410341 2.061210
0.227521 0.156861 2.034930
0.252312 -0.089414 1.980590
0.254218 -0.165271 1.946200
-0.044496 0.017818 1.954530
-0.091467 -0.424063 2.008280
-0.405763 -0.699335 2.145780
-0.390559 -0.734294 2.061180
0.097920 0.017675 1.973630
0.142309 -0.425752 2.021300
0.175193 -0.752790 2.050000
0.190387 -0.782012 1.963320
0.023722 0.089156 1.977770
0.012110 0.155701 2.036570
0.004205 0.548296 2.051320
0.024101 0.740515 2.041430
-0.143110 0.420036 2.008470
-0.201120 0.168382 1.972580
-0.208595 -0.055858 1.917900
-0.189885 -0.138687 1.886830
0.176589 0.410345 2.061460
0.227514 0.156765 2.035110
0.252264 -0.089357 1.980690
0.254151 -0.165314 1.946250
-0.044462 0.017935 1.954600
-0.091567 -0.424105 2.008180
-0.405516 -0.699743 2.145910
-0.390308 -0.734692 2.061320
0.097911 0.017795 1.973790
0.142311 -0.425765 2.021310
0.175166 -0.752705 2.050020
0.190441 -0.782476 1.963510
0.023735 0.089267 1.977880
0.012108 0.155801 2.036690
0.004200 0.548353 2.051560
0.024129 0.740593 2.041670
-0.143116 0.420035 2.008690
-0.201177 0.168299 1.972680
-0.208612 -0.055917 1.917980
-0.189888 -0.138760 1.886900
0.176568 0.410358 2.061710
0.227504 0.156680 2.035270
0.252216 -0.089289 1.980810
0.254102 -0.165352 1.946290
-0.044424 0.018047 1.954670
-0.091678 -0.424159 2.008050
-0.405378 -0.700007 2.145970
-0.390167 -0.734948 2.061380
0.097907 0.017907 1.973950
0.142314 -0.425782 2.021330
0.175147 -0.752642 2.050050
0.190493 -0.782949 1.963710
0.023749 0.089366 1.977990
0.012109 0.155893 2.036810
0.004197 0.548406 2.051780
0.024154 0.740667 2.041910
-0.143119 0.420037 2.008890
-0.201234 0.168219 1.972780
-0.208630 -0.055978 1.918060
-0.189892 -0.138834 1.886970
0.176545 0.410377 2.061950
0.227495 0.156599 2.035450
0.252158 -0.089224 1.980950
0.254058 -0.165387 1.946340
-0.044386 0.018150 1.954750
-0.091775 -0.424213 2.007950
-0.405281 -0.700208 2.146020
-0.390068 -0.735143 2.061440
0.097906 0.018008 1.974100
0.142318 -0.425807 2.021360
0.175137 -0.752598 2.050060
0.190552 -0.783412 1.963910
0.023762 0.089457 1.978100
0.012110 0.155977 2.036930
0.004191 0.548456 2.051990
0.024177 0.740746 2.042180
-0.143125 0.420030 2.009090
-0.201296 0.168126 1.972890
-0.208656 -0.056047 1.918150
-0.189904 -0.138914 1.887040
0.176524 0.410396 2.062180
0.227487 0.156522 2.035620
0.252109 -0.089166 1.981100
0.254041 -0.165420 1.946420
-0.044351 0.018245 1.954820
-0.091861 -0.424271 2.007860
-0.405233 -0.700359 2.146040
-0.390017 -0.735289 2.061470
0.097905 0.018097 1.974250
0.142323 -0.425839 2.021390
0.175131 -0.752567 2.050070
0.190603 -0.783858 1.964100
0.023775 0.089537 1.978200
0.012112 0.156052 2.037050
0.004192 0.548503 2.052200
0.024220 0.740838 2.042470
-0.143129 0.420021 2.009270
-0.201358 0.168029 1.973000
-0.208683 -0.056119 1.918230
-0.189916 -0.138992 1.887110
0.176505 0.410411 2.062380
0.227476 0.156441 2.035780
0.252059 -0.089108 1.981280
0.254029 -0.165450 1.946510
-0.044318 0.018331 1.954900
-0.091904 -0.424313 2.007820
-0.405209 -0.700467 2.146070
-0.389991 -0.735393 2.061500
0.097904 0.018176 1.974390
0.142329 -0.425879 2.021420
0.175131 -0.752548 2.050090
0.190650 -0.784283 1.964280
0.023786 0.089609 1.978310
0.012114 0.156121 2.037160
0.004194 0.548548 2.052390
0.024260 0.740931 2.042770
-0.143132 0.420013 2.009450
-0.201421 0.167931 1.973120
-0.208706 -0.056227 1.918340
-0.189926 -0.139086 1.887170
0.176489 0.410423 2.062570
0.227463 0.156354 2.035950
0.252007 -0.089051 1.981450
0.254021 -0.165474 1.946600
-0.044288 0.018410 1.954970
-0.091941 -0.424357 2.007780
-0.405325 -0.700486 2.146080
-0.390108 -0.735407 2.061510
0.097904 0.018245 1.974520
0.142337 -0.425928 2.021460
0.175136 -0.752542 2.050100
0.190697 -0.784680 1.964450
0.023796 0.089676 1.978410
0.012117 0.156185 2.037270
0.004194 0.548588 2.052580
0.024297 0.741019 2.043050
-0.143147 0.420002 2.009650
-0.201488 0.167827 1.973240
-0.208732 -0.056338 1.918440
-0.189940 -0.139174 1.887240
0.176475 0.410430 2.062740
0.227449 0.156261 2.036130
0.251960 -0.089005 1.981620
0.254020 -0.165492 1.946700
-0.044262 0.018480 1.955040
-0.091982 -0.424408 2.007760
-0.405597 -0.700386 2.146120
-0.390392 -0.735298 2.061560
0.097903 0.018306 1.974640
0.142361 -0.425992 2.021530
0.175151 -0.752549 2.050110
0.190745 -0.785050 1.964580
0.023803 0.089733 1.978500
0.012119 0.156241 2.037380
0.004193 0.548629 2.052770
0.024330 0.741099 2.043300
-0.143169 0.419986 2.009840
-0.201557 0.167714 1.973360
-0.208756 -0.056446 1.918540
-0.189954 -0.139261 1.887300
0.176461 0.410437 2.062910
0.227435 0.156170 2.036290
0.251914 -0.088954 1.981800
0.254021 -0.165515 1.946800
-0.044241 0.018541 1.955110
-0.092029 -0.424473 2.007740
-0.405817 -0.700326 2.146180
-0.390627 -0.735231 2.061630
0.097901 0.018359 1.974760
0.142391 -0.426067 2.021630
0.175174 -0.752570 2.050120
0.190793 -0.785399 1.964720
0.023813 0.089784 1.978600
0.012126 0.156290 2.037500
0.004210 0.548670 2.052970
0.024362 0.741168 2.043540
-0.143196 0.419965 2.010030
-0.201629 0.167593 1.973490
-0.208778 -0.056550 1.918640
-0.189968 -0.139345 1.887370
0.176447 0.410446 2.063070
0.227421 0.156082 2.036450
0.251872 -0.088915 1.981980
0.254027 -0.165535 1.946900
-0.044222 0.018594 1.955190
-0.092061 -0.424542 2.007740
-0.406112 -0.700211 2.146240
-0.390939 -0.735106 2.061710
0.097904 0.018403 1.974870
0.142331 -0.426195 2.021930
0.175223 -0.752615 2.050130
0.190866 -0.785738 1.964840
0.023822 0.089825 1.978700
0.012132 0.156331 2.037610
0.004226 0.548706 2.053160
0.024397 0.741229 2.043760
-0.143223 0.419942 2.010210
-0.201700 0.167469 1.973610
-0.208797 -0.056646 1.918730
-0.189981 -0.139425 1.887430
0.176436 0.410449 2.063210
0.227407 0.155987 2.036610
0.251833 -0.088882 1.982140
0.254034 -0.165555 1.947000
-0.044205 0.018637 1.955250
-0.092086 -0.424626 2.007750
-0.406257 -0.700193 2.146310
-0.391095 -0.735084 2.061780
0.097908 0.018435 1.974990
0.142275 -0.426345 2.022220
0.175283 -0.752684 2.050150
0.190943 -0.786079 1.964960
0.023831 0.089860 1.978790
0.012139 0.156366 2.037720
0.004250 0.548736 2.053340
0.024428 0.741283 2.043970
-0.143252 0.419919 2.010380
-0.201769 0.167343 1.973730
-0.208813 -0.056734 1.918810
-0.189992 -0.139501 1.887480
0.176427 0.410450 2.063350
0.227391 0.155889 2.036770
0.251796 -0.088854 1.982290
0.254035 -0.165572 1.947110
-0.044191 0.018674 1.955310
-0.092108 -0.424720 2.007770
-0.406383 -0.700188 2.146380
-0.391232 -0.735075 2.061860
0.097914 0.018462 1.975100
0.142232 -0.426497 2.022470
0.175348 -0.752769 2.050170
0.191015 -0.786401 1.965070
0.023834 0.089888 1.978870
0.012144 0.156396 2.037820
0.004272 0.548764 2.053510
0.024452 0.741331 2.044150
-0.143293 0.419895 2.010560
-0.201840 0.167217 1.973850
-0.208829 -0.056810 1.918890
-0.190002 -0.139568 1.887540
0.176415 0.410448 2.063480
0.227373 0.155786 2.036920
0.251762 -0.088830 1.982430
0.254042 -0.165593 1.947220
-0.044186 0.018704 1.955380
-0.092131 -0.424833 2.007800
-0.406489 -0.700209 2.146450
-0.391349 -0.735095 2.061940
0.097914 0.018477 1.975190
0.142186 -0.426661 2.022710
0.175421 -0.752878 2.050190
0.191083 -0.786720 1.965170
0.023836 0.089911 1.978960
0.012148 0.156420 2.037920
0.004294 0.548789 2.053670
0.024472 0.741374 2.044310
-0.143336 0.419871 2.010720
-0.201909 0.167090 1.973960
-0.208841 -0.056872 1.918970
-0.190010 -0.139632 1.887590
0.176406 0.410445 2.063590
0.227361 0.155685 2.037080
0.251725 -0.088806 1.982560
0.254041 -0.165615 1.947320
-0.044184 0.018729 1.955440
-0.092150 -0.424958 2.007840
-0.406583 -0.700243 2.146530
-0.391454 -0.735128 2.062030
0.097916 0.018487 1.975290
0.142144 -0.426832 2.022930
0.175500 -0.753008 2.050200
0.191151 -0.787032 1.965260
0.023837 0.089929 1.979040
0.012152 0.156440 2.038010
0.004316 0.548812 2.053820
0.024506 0.741430 2.044490
-0.143385 0.419846 2.010890
-0.201976 0.166961 1.974070
-0.208850 -0.056929 1.919040
-0.190014 -0.139695 1.887640
0.176397 0.410443 2.063710
0.227350 0.155586 2.037220
0.251689 -0.088787 1.982680
0.254052 -0.165642 1.947420
-0.044184 0.018748 1.955490
-0.092178 -0.425099 2.007880
-0.406675 -0.700296 2.146620
-0.391558 -0.735180 2.062130
0.097919 0.018490 1.975380
0.142111 -0.427007 2.023120
0.176011 -0.753298 2.049930
0.191586 -0.787473 1.965080
0.023838 0.089943 1.979110
0.012156 0.156457 2.038100
0.004335 0.548833 2.053960
0.024532 0.741482 2.044670
-0.143435 0.419822 2.011040
-0.202042 0.166836 1.974180
-0.208859 -0.056980 1.919100
-0.190019 -0.139751 1.887690
0.176387 0.410454 2.063820
0.227337 0.155509 2.037350
0.251647 -0.088775 1.982800
0.254064 -0.165669 1.947510
-0.044185 0.018764 1.955550
-0.092209 -0.425248 2.007910
-0.406747 -0.700385 2.146720
-0.391640 -0.735267 2.062240
0.097922 0.018490 1.975470
0.142080 -0.427178 2.023280
0.176406 -0.753565 2.049730
0.191919 -0.787859 1.964950
0.023838 0.089952 1.979180
0.012158 0.156468 2.038180
0.004351 0.548852 2.054090
0.024554 0.741530 2.044830
-0.143487 0.419798 2.011190
-0.202110 0.166709 1.974280
-0.208865 -0.057028 1.919160
-0.190019 -0.139807 1.887740
0.176376 0.410467 2.063940
0.227324 0.155437 2.037470
0.251608 -0.088722 1.982950
0.254078 -0.165694 1.947590
-0.044188 0.018773 1.955600
-0.092240 -0.425416 2.007950
-0.406787 -0.700547 2.146840
-0.391690 -0.735426 2.062370
0.097927 0.018484 1.975550
0.142050 -0.427362 2.023440
0.176698 -0.753812 2.049600
0.192164 -0.788201 1.964880
0.023840 0.089957 1.979250
0.012162 0.156477 2.038260
0.004365 0.548869 2.054210
0.024575 0.741572 2.044980
-0.143539 0.419774 2.011320
-0.202176 0.166585 1.974370
-0.208868 -0.057071 1.919210
-0.190017 -0.139861 1.887780
0.176366 0.410484 2.064050
0.227313 0.155370 2.037590
0.251565 -0.088672 1.983090
0.254088 -0.165719 1.947670
-0.044192 0.018779 1.955650
-0.092290 -0.425597 2.007970
-0.406818 -0.700757 2.146980
-0.391731 -0.735633 2.062520
0.097936 0.018472 1.975630
0.142025 -0.427550 2.023570
0.176921 -0.754043 2.049510
0.192347 -0.788511 1.964830
0.023841 0.089959 1.979310
0.012165 0.156482 2.038340
0.004377 0.548886 2.054320
0.024593 0.741615 2.045130
-0.143590 0.419752 2.011450
-0.202238 0.166462 1.974470
-0.208870 -0.057111 1.919260
-0.190013 -0.139911 1.887830
0.176358 0.410502 2.064150
0.227302 0.155307 2.037690
0.251523 -0.088632 1.983220
0.254094 -0.165746 1.947750
-0.044198 0.018781 1.955690
-0.092349 -0.425789 2.007990
-0.406831 -0.701009 2.147150
-0.391755 -0.735880 2.062690
0.097946 0.018458 1.975710
0.142007 -0.427741 2.023690
0.177102 -0.754266 2.049440
0.192491 -0.788799 1.964800
0.023841 0.089958 1.979370
0.012168 0.156485 2.038410
0.004388 0.548902 2.054420
0.024607 0.741658 2.045270
-0.143641 0.419733 2.011580
-0.202297 0.166345 1.974550
-0.208869 -0.057148 1.919300
-0.190010 -0.139956 1.887860
0.176351 0.410519 2.064240
0.227292 0.155242 2.037800
0.251481 -0.088589 1.983350
0.254099 -0.165773 1.947820
-0.044205 0.018779 1.955730
-0.092409 -0.425995 2.008000
-0.406827 -0.701298 2.147310
-0.391764 -0.736164 2.062860
0.097957 0.018439 1.975780
0.141991 -0.427937 2.023780
0.177244 -0.754484 2.049390
0.192600 -0.789073 1.964790
0.023837 0.089943 1.979430
0.012167 0.156478 2.038480
0.004398 0.548918 2.054520
0.024619 0.741699 2.045400
-0.143683 0.419718 2.011690
-0.202353 0.166240 1.974630
-0.208869 -0.057181 1.919340
-0.190006 -0.139997 1.887900
0.176340 0.410532 2.064320
0.227283 0.155175 2.037910
0.251439 -0.088578 1.983430
0.254103 -0.165799 1.947880
-0.044216 0.018771 1.955770
-0.092474 -0.426225 2.008010
-0.406817 -0.701625 2.147480
-0.391766 -0.736484 2.063040
0.097962 0.018411 1.975840
0.141980 -0.428159 2.023870
0.177382 -0.754726 2.049350
0.192704 -0.789361 1.964780
0.023833 0.089924 1.979480
0.012166 0.156466 2.038540
0.004408 0.548932 2.054610
0.024631 0.741736 2.045530
-0.143717 0.419707 2.011780
-0.202406 0.166142 1.974700
-0.208868 -0.057212 1.919380
-0.190004 -0.140037 1.887930
0.176338 0.410543 2.064400
0.227277 0.155101 2.038020
0.251400 -0.088565 1.983510
0.254098 -0.165819 1.947930
-0.044227 0.018758 1.955810
-0.092533 -0.426468 2.008020
-0.406794 -0.701979 2.147640
-0.391751 -0.736831 2.063210
0.097968 0.018372 1.975900
0.141971 -0.428402 2.023950
0.177501 -0.754983 2.049330
0.192795 -0.789657 1.964780
0.023829 0.089899 1.979530
0.012165 0.156451 2.038600
0.004416 0.548946 2.054700
0.024638 0.741769 2.045640
-0.143747 0.419698 2.011870
-0.202455 0.166048 1.974770
-0.208867 -0.057239 1.919410
-0.190006 -0.140066 1.887960
0.176337 0.410552 2.064480
0.227272 0.155026 2.038120
0.251361 -0.088556 1.983570
0.254088 -0.165839 1.947980
-0.044237 0.018741 1.955840
-0.092591 -0.426721 2.008030
-0.406770 -0.702336 2.147800
-0.391733 -0.737182 2.063380
0.097976 0.018329 1.975960
0.141966 -0.428652 2.024020
0.177602 -0.755243 2.049320
0.192870 -0.789949 1.964800
0.023825 0.089871 1.979580
0.012164 0.156433 2.038660
0.004422 0.548958 2.054780
0.024643 0.741799 2.045750
-0.143784 0.419684 2.011960
-0.202508 0.165945 1.974830
-0.208867 -0.057264 1.919440
-0.190009 -0.140095 1.887980
0.176334 0.410560 2.064560
0.227268 0.154950 2.038220
0.251323 -0.088549 1.983630
0.254077 -0.165858 1.948020
-0.044249 0.018720 1.955870
-0.092670 -0.426988 2.008020
-0.406766 -0.702677 2.147950
-0.391737 -0.737516 2.063540
0.097983 0.018283 1.976020
0.141961 -0.428904 2.024070
0.177688 -0.755502 2.049320
0.192931 -0.790233 1.964820
0.023821 0.089840 1.979630
0.012162 0.156412 2.038710
0.004427 0.548967 2.054860
0.024645 0.741834 2.045850
-0.143820 0.419670 2.012040
-0.202560 0.165842 1.974890
-0.208866 -0.057287 1.919470
-0.190013 -0.140119 1.888000
0.176332 0.410565 2.064620
0.227262 0.154871 2.038310
0.251287 -0.088549 1.983680
0.254065 -0.165874 1.948060
-0.044262 0.018694 1.955900
-0.092793 -0.427310 2.007890
-0.406462 -0.703584 2.148060
-0.391448 -0.738408 2.063670
0.097991 0.018232 1.976080
0.141960 -0.429166 2.024110
0.177756 -0.755766 2.049340
0.192974 -0.790518 1.964860
0.023816 0.089797 1.979670
0.012161 0.156380 2.038760
0.004432 0.548968 2.054930
0.024648 0.741866 2.045950
-0.143863 0.419651 2.012120
-0.202615 0.165727 1.974950
-0.208867 -0.057300 1.919490
-0.190018 -0.140140 1.888020
0.176329 0.410568 2.064690
0.227255 0.154789 2.038400
0.251249 -0.088553 1.983720
0.254049 -0.165890 1.948090
-0.044282 0.018650 1.955920
-0.092923 -0.427663 2.007780
-0.406229 -0.704419 2.148200
-0.391230 -0.739229 2.063820
0.098002 0.018159 1.976130
0.141965 -0.429469 2.024140
0.177843 -0.756106 2.049270
0.193032 -0.790869 1.964810
0.023810 0.089750 1.979710
0.012159 0.156345 2.038810
0.004437 0.548967 2.054990
0.024650 0.741897 2.046040
-0.143908 0.419626 2.012200
-0.202672 0.165600 1.975010
-0.208868 -0.057311 1.919510
-0.190024 -0.140159 1.888040
0.176328 0.410569 2.064750
0.227245 0.154701 2.038480
0.251209 -0.088563 1.983760
0.254034 -0.165901 1.948120
-0.044304 0.018600 1.955950
-0.093075 -0.428040 2.007620
-0.405913 -0.705400 2.148280
-0.390929 -0.740195 2.063920
0.098014 0.018078 1.976190
0.141991 -0.429780 2.024160
0.177904 -0.756435 2.049260
0.193067 -0.791206 1.964820
0.023805 0.089701 1.979760
0.012157 0.156307 2.038860
0.004441 0.548960 2.055050
0.024650 0.741924 2.046110
-0.143961 0.419595 2.012280
-0.202732 0.165462 1.975060
-0.208869 -0.057319 1.919520
-0.190029 -0.140176 1.888060
0.176326 0.410568 2.064810
0.227233 0.154613 2.038550
0.251170 -0.088576 1.983790
0.254013 -0.165914 1.948140
-0.044329 0.018542 1.955970
-0.093243 -0.428420 2.007440
-0.405768 -0.706041 2.148380
-0.390796 -0.740827 2.064030
0.098030 0.017987 1.976250
0.142017 -0.430099 2.024170
0.177927 -0.756767 2.049300
0.193066 -0.791549 1.964880
0.023798 0.089631 1.979800
0.012155 0.156249 2.038910
0.004443 0.548943 2.055100
0.024649 0.741949 2.046180
-0.144018 0.419556 2.012360
-0.202795 0.165306 1.975110
-0.208869 -0.057326 1.919530
-0.190033 -0.140191 1.888070
0.176325 0.410565 2.064860
0.227222 0.154518 2.038620
0.251126 -0.088595 1.983820
0.253982 -0.165924 1.948170
-0.044361 0.018456 1.955990
-0.093376 -0.428803 2.007320
-0.405684 -0.706571 2.148490
-0.390723 -0.741350 2.064150
0.098050 0.017873 1.976310
0.142015 -0.430450 2.024230
0.177957 -0.757129 2.049370
0.193070 -0.791917 1.964970
0.023790 0.089554 1.979840
0.012150 0.156183 2.038960
0.004436 0.548919 2.055160
0.024647 0.741972 2.046240
-0.144081 0.419508 2.012440
-0.202860 0.165136 1.975160
-0.208869 -0.057330 1.919540
-0.190036 -0.140205 1.888080
0.176328 0.410549 2.064910
0.227208 0.154391 2.038690
0.251086 -0.088601 1.983840
0.253949 -0.165931 1.948200
-0.044399 0.018359 1.956010
-0.093499 -0.429178 2.007220
-0.405626 -0.707042 2.148580
-0.390675 -0.741815 2.064250
0.098071 0.017743 1.976360
0.142037 -0.430821 2.024240
0.177989 -0.757505 2.049450
0.193076 -0.792296 1.965060
0.023777 0.089463 1.979880
0.012142 0.156104 2.039010
0.004428 0.548887 2.055220
0.024643 0.741997 2.046300
-0.144148 0.419457 2.012510
-0.202924 0.164959 1.975200
-0.208869 -0.057333 1.919540
-0.190038 -0.140221 1.888090
0.176332 0.410532 2.064960
0.227192 0.154258 2.038760
0.251047 -0.088607 1.983870
0.253911 -0.165936 1.948220
-0.044448 0.018241 1.956030
-0.093802 -0.429642 2.006980
-0.405262 -0.708370 2.148610
-0.390332 -0.743131 2.064290
0.098091 0.017596 1.976410
0.142046 -0.431225 2.024190
0.178013 -0.757894 2.049510
0.193076 -0.792686 1.965140
0.023764 0.089365 1.979920
0.012133 0.156019 2.039060
0.004419 0.548853 2.055270
0.024638 0.742019 2.046360
-0.144207 0.419408 2.012580
-0.202985 0.164787 1.975240
-0.208869 -0.057335 1.919550
-0.190040 -0.140237 1.888090
0.176334 0.410519 2.065010
0.227173 0.154136 2.038830
0.251007 -0.088613 1.983890
0.253873 -0.165940 1.948250
-0.044498 0.018121 1.956050
-0.094074 -0.430062 2.006790
-0.405306 -0.708908 2.148590
-0.390386 -0.743663 2.064290
0.098110 0.017447 1.976460
0.142059 -0.431617 2.024140
0.177985 -0.758286 2.049600
0.193026 -0.793078 1.965240
0.023748 0.089257 1.979960
0.012121 0.155925 2.039110
0.004407 0.548813 2.055320
0.024633 0.742040 2.046410
-0.144256 0.419366 2.012640
-0.203039 0.164630 1.975280
-0.208869 -0.057337 1.919550
-0.190041 -0.140252 1.888100
0.176340 0.410496 2.065060
0.227153 0.153989 2.038890
0.250968 -0.088621 1.983910
0.253836 -0.165942 1.948270
-0.044549 0.017996 1.956060
-0.094303 -0.430440 2.006650
-0.405383 -0.709337 2.148580
-0.390470 -0.744088 2.064280
0.098127 0.017292 1.976500
0.142075 -0.432001 2.024090
0.177955 -0.758675 2.049660
0.192978 -0.793466 1.965320
0.023731 0.089134 1.980000
0.012107 0.155817 2.039150
0.004394 0.548769 2.055370
0.024628 0.742055 2.046450
-0.144298 0.419327 2.012700
-0.203087 0.164478 1.975310
-0.208869 -0.057339 1.919550
-0.190042 -0.140267 1.888100
0.176340 0.410473 2.065100
0.227131 0.153840 2.038960
0.250928 -0.088629 1.983930
0.253799 -0.165944 1.948290
-0.044599 0.017869 1.956080
-0.094545 -0.430791 2.006550
-0.405982 -0.709408 2.148590
-0.391081 -0.744154 2.064300
0.098141 0.017134 1.976540
0.142086 -0.432370 2.024050
0.177926 -0.759057 2.049720
0.192932 -0.793845 1.965400
0.023712 0.088990 1.980040
0.012092 0.155694 2.039200
0.004379 0.548724 2.055420
0.024624 0.742068 2.046480
-0.144339 0.419285 2.012750
-0.203132 0.164322 1.975340
-0.208869 -0.057340 1.919550
-0.190043 -0.140282 1.888110
0.176336 0.410445 2.065130
0.227111 0.153681 2.039020
0.250893 -0.088632 1.983940
0.253760 -0.165945 1.948310
-0.044651 0.017726 1.956100
-0.094749 -0.431128 2.006480
-0.406735 -0.709355 2.148540
-0.391850 -0.744096 2.064260
0.098155 0.016964 1.976580
0.142092 -0.432738 2.024030
0.178782 -0.762275 2.049280
0.193739 -0.797030 1.964980
0.023691 0.088841 1.980070
0.012077 0.155570 2.039250
0.004365 0.548680 2.055470
0.024620 0.742079 2.046510
-0.144374 0.419250 2.012790
-0.203172 0.164180 1.975370
-0.208869 -0.057340 1.919560
-0.190044 -0.140292 1.888110
0.176331 0.410417 2.065170
0.227092 0.153525 2.039070
0.250860 -0.088634 1.983960
0.253720 -0.165942 1.948330
-0.044701 0.017587 1.956120
-0.094929 -0.431433 2.006450
-0.407717 -0.709034 2.148600
-0.392848 -0.743768 2.064340
0.098164 0.016795 1.976610
0.142103 -0.433090 2.024020
0.179006 -0.762955 2.049090
0.193941 -0.797699 1.964820
0.023670 0.088699 1.980110
0.012061 0.155450 2.039290
0.004350 0.548637 2.055510
0.024616 0.742087 2.046540
-0.144408 0.419216 2.012840
-0.203208 0.164040 1.975400
-0.208869 -0.057340 1.919560
-0.190044 -0.140302 1.888120
0.176326 0.410388 2.065190
0.227076 0.153370 2.039120
0.250833 -0.088637 1.983970
0.253682 -0.165938 1.948340
-0.044751 0.017454 1.956130
-0.095076 -0.431707 2.006440
-0.408458 -0.708810 2.148680
-0.393604 -0.743538 2.064440
0.098172 0.016636 1.976640
0.142115 -0.433417 2.024010
0.179137 -0.763444 2.048990
0.194057 -0.798179 1.964730
0.023651 0.088565 1.980140
0.012046 0.155335 2.039340
0.004336 0.548594 2.055560
0.024614 0.742095 2.046570
-0.144443 0.419182 2.012880
-0.203242 0.163904 1.975430
-0.208869 -0.057336 1.919560
-0.190045 -0.140309 1.888120
0.176320 0.410360 2.065220
0.227057 0.153217 2.039170
0.250808 -0.088640 1.983980
0.253646 -0.165934 1.948360
-0.044797 0.017330 1.956140
-0.095268 -0.432001 2.006340
-0.408848 -0.708858 2.148630
-0.394003 -0.743584 2.064390
0.098178 0.016488 1.976670
0.142129 -0.433724 2.023980
0.179220 -0.763802 2.048930
0.194129 -0.798532 1.964680
0.023634 0.088436 1.980170
0.012034 0.155224 2.039380
0.004324 0.548551 2.055610
0.024612 0.742101 2.046590
-0.144477 0.419151 2.012920
-0.203274 0.163773 1.975460
-0.208870 -0.057332 1.919570
-0.190047 -0.140316 1.888130
0.176312 0.410332 2.065240
0.227038 0.153069 2.039220
0.250777 -0.088648 1.983980
0.253611 -0.165930 1.948380
-0.044840 0.017212 1.956160
-0.095425 -0.432265 2.006260
-0.409084 -0.708995 2.148620
-0.394248 -0.743717 2.064380
0.098186 0.016350 1.976700
0.142097 -0.434013 2.024050
0.179281 -0.764068 2.048880
0.194182 -0.798795 1.964640
0.023619 0.088317 1.980200
0.012024 0.155119 2.039420
0.004311 0.548509 2.055660
0.024608 0.742107 2.046620
-0.144511 0.419122 2.012960
-0.203304 0.163646 1.975480
-0.208870 -0.057323 1.919570
-0.190048 -0.140321 1.888140
0.176303 0.410309 2.065260
0.227020 0.152934 2.039260
0.250743 -0.088660 1.983980
0.253569 -0.165931 1.948390
-0.044879 0.017102 1.956170
-0.095645 -0.432504 2.006130
-0.409068 -0.709594 2.148540
-0.394246 -0.744308 2.064320
0.098195 0.016224 1.976730
0.142091 -0.434268 2.024090
0.179325 -0.764269 2.048850
0.194219 -0.798993 1.964610
0.023604 0.088199 1.980230
0.012015 0.155016 2.039450
0.004300 0.548469 2.055710
0.024602 0.742112 2.046640
-0.144544 0.419092 2.013000
-0.203335 0.163519 1.975510
-0.208872 -0.057307 1.919590
-0.190050 -0.140323 1.888160
0.176291 0.410280 2.065280
0.227001 0.152793 2.039290
0.250708 -0.088673 1.983980
0.253519 -0.165942 1.948410
-0.044915 0.016994 1.956180
-0.095831 -0.432684 2.006000
-0.408924 -0.710221 2.148460
-0.394119 -0.744926 2.064250
0.098203 0.016104 1.976750
0.142096 -0.434512 2.024110
0.179544 -0.765863 2.048580
0.194407 -0.800572 1.964350
0.023592 0.088088 1.980260
0.012008 0.154918 2.039490
0.004289 0.548431 2.055760
0.024593 0.742118 2.046670
-0.144582 0.419059 2.013040
-0.203366 0.163388 1.975540
-0.208873 -0.057289 1.919600
-0.190052 -0.140324 1.888180
0.176276 0.410256 2.065300
0.226990 0.152668 2.039330
0.250673 -0.088679 1.983980
0.253472 -0.165955 1.948420
-0.044949 0.016893 1.956200
-0.095998 -0.432899 2.005940
-0.408986 -0.710464 2.148490
-0.394193 -0.745167 2.064290
0.098212 0.015993 1.976780
0.142103 -0.434738 2.024120
0.179595 -0.766183 2.048500
0.194447 -0.800888 1.964290
0.023582 0.087986 1.980280
0.012003 0.154827 2.039530
0.004279 0.548394 2.055810
0.024583 0.742124 2.046690
-0.144620 0.419027 2.013090
-0.203396 0.163258 1.975570
-0.208879 -0.057218 1.919640
-0.190060 -0.140296 1.888220
0.176261 0.410232 2.065310
0.226980 0.152547 2.039370
0.250637 -0.088683 1.983980
0.253411 -0.165976 1.948420
-0.044978 0.016798 1.956210
-0.096119 -0.433090 2.005910
-0.409047 -0.710644 2.148540
-0.394265 -0.745345 2.064340
0.098222 0.015893 1.976800
0.142079 -0.434956 2.024180
0.179579 -0.766405 2.048470
0.194414 -0.801105 1.964260
0.023573 0.087891 1.980310
0.011999 0.154741 2.039560
0.004271 0.548356 2.055860
0.024573 0.742129 2.046710
-0.144667 0.418992 2.013140
-0.203425 0.163127 1.975600
-0.208885 -0.057145 1.919680
-0.190068 -0.140266 1.888270
0.176246 0.410208 2.065320
0.226970 0.152430 2.039410
0.250603 -0.088685 1.983990
0.253352 -0.165995 1.948420
-0.045007 0.016708 1.956220
-0.096227 -0.433271 2.005890
-0.409101 -0.710801 2.148600
-0.394329 -0.745502 2.064420
0.098232 0.015800 1.976820
0.142033 -0.435167 2.024240
0.179462 -0.766544 2.048500
0.194271 -0.801237 1.964310
0.023563 0.087798 1.980330
0.011996 0.154657 2.039590
0.004264 0.548319 2.055910
0.024561 0.742132 2.046730
-0.144713 0.418960 2.013180
-0.203453 0.163000 1.975620
-0.208891 -0.057069 1.919720
-0.190076 -0.140234 1.888320
0.176219 0.410192 2.065340
0.226959 0.152344 2.039430
0.250569 -0.088682 1.983990
0.253294 -0.166013 1.948420
-0.045034 0.016623 1.956230
-0.096336 -0.433456 2.005850
-0.409054 -0.711116 2.148700
-0.394296 -0.745813 2.064520
0.098240 0.015715 1.976840
0.141999 -0.435365 2.024260
0.179286 -0.766624 2.048570
0.194067 -0.801312 1.964380
0.023556 0.087713 1.980350
0.011993 0.154578 2.039620
0.004259 0.548283 2.055960
0.024549 0.742136 2.046740
-0.144759 0.418928 2.013230
-0.203480 0.162874 1.975650
-0.208898 -0.056992 1.919760
-0.190083 -0.140202 1.888380
0.176194 0.410178 2.065360
0.226952 0.152264 2.039460
0.250534 -0.088675 1.983990
0.253232 -0.166031 1.948410
-0.045058 0.016544 1.956240
-0.096432 -0.433624 2.005850
-0.409218 -0.711179 2.148790
-0.394476 -0.745872 2.064620
0.098249 0.015636 1.976860
0.141965 -0.435551 2.024290
0.179109 -0.766668 2.048650
0.193869 -0.801350 1.964470
0.023548 0.087631 1.980370
0.011991 0.154503 2.039650
0.004254 0.548249 2.056010
0.024536 0.742138 2.046770
-0.144810 0.418892 2.013280
-0.203503 0.162740 1.975680
-0.208920 -0.056826 1.919830
-0.190104 -0.140107 1.888480
0.176167 0.410164 2.065370
0.226946 0.152188 2.039490
0.250500 -0.088668 1.983990
0.253169 -0.166049 1.948400
-0.045082 0.016466 1.956250
-0.096512 -0.433787 2.005860
-0.409372 -0.711221 2.148890
-0.394649 -0.745910 2.064730
0.098256 0.015562 1.976880
0.141936 -0.435732 2.024310
0.178915 -0.766691 2.048730
0.193650 -0.801368 1.964570
0.023539 0.087559 1.980390
0.011986 0.154435 2.039680
0.004214 0.548209 2.056060
0.024518 0.742141 2.046790
-0.144888 0.418838 2.013350
-0.203533 0.162576 1.975710
-0.208945 -0.056630 1.919910
-0.190130 -0.139989 1.888590
0.176136 0.410152 2.065390
0.226939 0.152120 2.039510
0.250466 -0.088660 1.983990
0.253110 -0.166066 1.948400
-0.045106 0.016395 1.956260
-0.096582 -0.433945 2.005860
-0.409443 -0.711305 2.148950
-0.394734 -0.745994 2.064790
0.098262 0.015495 1.976890
0.141919 -0.435906 2.024290
0.178732 -0.766694 2.048820
0.193437 -0.801366 1.964670
0.023530 0.087492 1.980410
0.011981 0.154371 2.039700
0.004169 0.548168 2.056110
0.024499 0.742143 2.046810
-0.144977 0.418776 2.013420
-0.203563 0.162397 1.975750
-0.208971 -0.056420 1.920000
-0.190157 -0.139856 1.888720
0.176108 0.410143 2.065400
0.226931 0.152054 2.039530
0.250432 -0.088654 1.983990
0.253058 -0.166080 1.948390
-0.045129 0.016328 1.956260
-0.096625 -0.434112 2.005970
-0.411424 -0.709477 2.149490
-0.396794 -0.744132 2.065350
0.098268 0.015433 1.976910
0.141876 -0.436079 2.024300
0.178577 -0.766695 2.048900
0.193254 -0.801361 1.964760
0.023521 0.087430 1.980420
0.011976 0.154311 2.039730
0.004120 0.548128 2.056170
0.024474 0.742144 2.046830
-0.145076 0.418707 2.013500
-0.203595 0.162207 1.975790
-0.208983 -0.056274 1.920080
-0.190174 -0.139770 1.888830
0.176065 0.410133 2.065420
0.226923 0.151995 2.039550
0.250397 -0.088650 1.983990
0.253010 -0.166094 1.948380
-0.045151 0.016264 1.956270
-0.096608 -0.434295 2.006140
-0.412302 -0.708712 2.149800
-0.397724 -0.743349 2.065680
0.098273 0.015376 1.976930
0.141837 -0.436245 2.024300
0.178498 -0.767908 2.049000
0.193132 -0.802569 1.964860
0.023512 0.087368 1.980440
0.011972 0.154252 2.039750
0.004067 0.548089 2.056220
0.024447 0.742145 2.046860
-0.145182 0.418632 2.013580
-0.203626 0.162011 1.975830
-0.208992 -0.056151 1.920150
-0.190192 -0.139699 1.888940
0.176018 0.410126 2.065430
0.226913 0.151938 2.039570
0.250359 -0.088650 1.983990
0.252968 -0.166107 1.948380
-0.045173 0.016196 1.956280
-0.096596 -0.434479 2.006290
-0.412866 -0.708256 2.150060
-0.398329 -0.742881 2.065940
0.098278 0.015320 1.976940
0.141801 -0.436409 2.024310
0.178412 -0.768071 2.049040
0.193021 -0.802725 1.964910
0.023503 0.087309 1.980460
0.011968 0.154196 2.039780
0.004012 0.548050 2.056260
0.024418 0.742145 2.046880
-0.145306 0.418548 2.013660
-0.203660 0.161800 1.975870
-0.208995 -0.056047 1.920220
-0.190207 -0.139643 1.889050
0.175973 0.410106 2.065440
0.226903 0.151854 2.039590
0.250322 -0.088652 1.983980
0.252927 -0.166122 1.948370
-0.045197 0.016128 1.956290
-0.096580 -0.434662 2.006440
-0.413245 -0.707965 2.150280
-0.398737 -0.742582 2.066170
0.098284 0.015266 1.976960
0.141773 -0.436575 2.024300
0.178341 -0.768216 2.049080
0.192929 -0.802870 1.964960
0.023494 0.087255 1.980480
0.011963 0.154143 2.039800
0.003957 0.548009 2.056310
0.024386 0.742144 2.046910
-0.145447 0.418455 2.013760
-0.203696 0.161579 1.975920
-0.208997 -0.055955 1.920280
-0.190219 -0.139593 1.889150
0.175918 0.410086 2.065450
0.226889 0.151771 2.039610
0.250276 -0.088664 1.983970
0.252887 -0.166135 1.948370
-0.045219 0.016062 1.956300
-0.096569 -0.434836 2.006570
-0.413514 -0.707771 2.150470
-0.399031 -0.742383 2.066370
0.098290 0.015216 1.976970
0.141742 -0.436735 2.024310
0.178274 -0.768292 2.049110
0.192839 -0.802939 1.964990
0.023485 0.087201 1.980490
0.011959 0.154092 2.039830
0.003901 0.547970 2.056350
0.024345 0.742143 2.046950
-0.145595 0.418359 2.013850
-0.203728 0.161352 1.975970
-0.208997 -0.055865 1.920340
-0.190228 -0.139545 1.889260
0.175862 0.410058 2.065470
0.226874 0.151671 2.039630
0.250231 -0.088677 1.983960
0.252849 -0.166147 1.948360
-0.045243 0.015991 1.956310
-0.096576 -0.435022 2.006590
-0.413395 -0.708145 2.150560
-0.398942 -0.742751 2.066480
0.098297 0.015166 1.976980
0.141717 -0.436896 2.024310
0.178216 -0.768342 2.049140
0.192763 -0.802985 1.965030
0.023476 0.087148 1.980510
0.011953 0.154041 2.039850
0.003846 0.547931 2.056390
0.024296 0.742146 2.047000
-0.145744 0.418263 2.013940
-0.203753 0.161126 1.976010
-0.208995 -0.055742 1.920420
-0.190243 -0.139472 1.889390
0.175799 0.410027 2.065490
0.226858 0.151568 2.039660
0.250185 -0.088687 1.983960
0.252811 -0.166157 1.948350
-0.045268 0.015920 1.956320
-0.096602 -0.435223 2.006560
-0.412760 -0.709224 2.150630
-0.398340 -0.743823 2.066550
0.098302 0.015115 1.977000
0.141699 -0.437061 2.024300
0.178168 -0.768375 2.049160
0.192699 -0.803014 1.965050
0.023467 0.087097 1.980520
0.011946 0.153990 2.039870
0.003792 0.547891 2.056430
0.024202 0.742155 2.047080
-0.145896 0.418164 2.014030
-0.203773 0.160894 1.976060
-0.208990 -0.055586 1.920520
-0.190259 -0.139373 1.889530
0.175735 0.409998 2.065520
0.226843 0.151469 2.039680
0.250143 -0.088699 1.983950
0.252780 -0.166158 1.948350
-0.045293 0.015845 1.956330
-0.096615 -0.435410 2.006560
-0.412266 -0.710087 2.150740
-0.397858 -0.744688 2.066670
0.098308 0.015065 1.977010
0.141689 -0.437224 2.024290
0.178103 -0.768386 2.049210
0.192621 -0.803021 1.965110
0.023457 0.087043 1.980540
0.011939 0.153936 2.039890
0.003739 0.547850 2.056470
0.024087 0.742171 2.047170
-0.146061 0.418057 2.014130
-0.203789 0.160653 1.976110
-0.208978 -0.055453 1.920600
-0.190269 -0.139292 1.889660
0.175653 0.409958 2.065550
0.226828 0.151360 2.039710
0.250101 -0.088711 1.983940
0.252753 -0.166159 1.948350
-0.045320 0.015763 1.956340
-0.096630 -0.435605 2.006570
-0.411742 -0.710992 2.150860
-0.397351 -0.745592 2.066790
0.098313 0.015015 1.977030
0.141682 -0.437386 2.024290
0.178014 -0.768382 2.049280
0.192515 -0.803013 1.965190
0.023447 0.086989 1.980550
0.011932 0.153881 2.039920
0.003686 0.547805 2.056510
0.023959 0.742189 2.047270
-0.146226 0.417952 2.014240
-0.203802 0.160417 1.976160
-0.208963 -0.055394 1.920650
-0.190269 -0.139268 1.889740
0.175554 0.409915 2.065590
0.226812 0.151254 2.039740
0.250058 -0.088726 1.983940
0.252730 -0.166158 1.948350
-0.045345 0.015683 1.956350
-0.096660 -0.435796 2.006580
-0.411443 -0.711579 2.150990
-0.397063 -0.746180 2.066920
0.098319 0.014966 1.977040
0.141689 -0.437554 2.024260
0.177915 -0.768372 2.049370
0.192401 -0.803000 1.965290
0.023438 0.086929 1.980570
0.011924 0.153817 2.039940
0.003607 0.547743 2.056560
0.023830 0.742208 2.047370
-0.146400 0.417835 2.014340
-0.203815 0.160164 1.976200
-0.208942 -0.055358 1.920690
-0.190263 -0.139265 1.889800
0.175447 0.409871 2.065640
0.226796 0.151149 2.039770
0.250015 -0.088743 1.983930
0.252708 -0.166157 1.948350
-0.045368 0.015594 1.956360
-0.096708 -0.436019 2.006530
-0.410951 -0.712468 2.151070
-0.396583 -0.747067 2.067010
0.098327 0.014913 1.977060
0.141683 -0.437726 2.024250
0.177834 -0.768366 2.049460
0.192305 -0.802992 1.965380
0.023430 0.086870 1.980590
0.011915 0.153753 2.039970
0.003524 0.547678 2.056620
0.023692 0.742237 2.047490
-0.146571 0.417717 2.014450
-0.203808 0.159904 1.976260
-0.208920 -0.055309 1.920730
-0.190261 -0.139249 1.889870
0.175346 0.409825 2.065690
0.226776 0.151034 2.039810
0.249972 -0.088757 1.983930
0.252689 -0.166154 1.948350
-0.045390 0.015502 1.956380
-0.096739 -0.436238 2.006500
-0.410557 -0.713188 2.151140
-0.396195 -0.747787 2.067090
0.098336 0.014860 1.977080
0.141670 -0.437897 2.024250
0.177767 -0.768363 2.049540
0.192228 -0.802986 1.965470
0.023421 0.086810 1.980610
0.011905 0.153686 2.040000
0.003436 0.547604 2.056690
0.023551 0.742272 2.047630
-0.146732 0.417605 2.014560
-0.203800 0.159653 1.976320
-0.208896 -0.055261 1.920770
-0.190258 -0.139232 1.889930
0.175242 0.409735 2.065760
0.226756 0.150842 2.039860
0.249930 -0.088769 1.983940
0.252669 -0.166149 1.948350
-0.045412 0.015412 1.956390
-0.096781 -0.436466 2.006440
-0.410026 -0.714108 2.151180
-0.395663 -0.748707 2.067130
0.098346 0.014805 1.977100
0.141650 -0.438073 2.024260
0.177705 -0.768365 2.049620
0.192158 -0.802986 1.965560
0.023413 0.086750 1.980630
0.011893 0.153616 2.040030
0.003332 0.547525 2.056770
0.023367 0.742326 2.047800
-0.146904 0.417471 2.014670
-0.203793 0.159375 1.976370
-0.208873 -0.055225 1.920810
-0.190254 -0.139224 1.889980
0.175138 0.409641 2.065850
0.226733 0.150648 2.039920
0.249888 -0.088779 1.983940
0.252652 -0.166144 1.948350
-0.045435 0.015317 1.956400
-0.096820 -0.436693 2.006390
-0.409576 -0.714912 2.151220
-0.395206 -0.749512 2.067180
0.098357 0.014750 1.977110
0.141634 -0.438248 2.024270
0.177651 -0.768371 2.049700
0.192100 -0.802990 1.965640
0.023405 0.086689 1.980650
0.011881 0.153545 2.040060
0.003229 0.547449 2.056850
0.023187 0.742385 2.048000
-0.147064 0.417343 2.014790
-0.203786 0.159108 1.976430
-0.208850 -0.055192 1.920840
-0.190250 -0.139217 1.890030
0.175033 0.409549 2.065950
0.226709 0.150459 2.039990
0.249846 -0.088789 1.983950
0.252640 -0.166140 1.948360
-0.045454 0.015224 1.956420
-0.096842 -0.436907 2.006370
-0.409251 -0.715517 2.151270
-0.394871 -0.750119 2.067230
0.098369 0.014693 1.977140
0.141622 -0.438425 2.024280
0.177605 -0.768382 2.049770
0.192051 -0.803000 1.965720
0.023398 0.086627 1.980670
0.011866 0.153471 2.040100
0.003101 0.547374 2.056970
0.023009 0.742450 2.048250
-0.147216 0.417218 2.014910
-0.203781 0.158850 1.976480
-0.208830 -0.055174 1.920870
-0.190244 -0.139221 1.890070
0.174912 0.409466 2.066070
0.226683 0.150298 2.040050
0.249806 -0.088800 1.983970
0.252629 -0.166136 1.948360
-0.045472 0.015135 1.956430
-0.096862 -0.437114 2.006350
-0.408968 -0.716047 2.151310
-0.394575 -0.750650 2.067280
0.098382 0.014637 1.977160
0.141617 -0.438596 2.024310
0.177558 -0.768400 2.049850
0.192005 -0.803015 1.965800
0.023390 0.086560 1.980700
0.011850 0.153392 2.040140
0.002980 0.547306 2.057090
0.022834 0.742520 2.048520
-0.147353 0.417102 2.015020
-0.203782 0.158612 1.976540
-0.208814 -0.055159 1.920890
-0.190239 -0.139224 1.890100
0.174784 0.409379 2.066210
0.226655 0.150135 2.040130
0.249767 -0.088813 1.983980
0.252617 -0.166129 1.948370
-0.045489 0.015044 1.956450
-0.096875 -0.437321 2.006340
-0.408716 -0.716529 2.151350
-0.394309 -0.751132 2.067330
0.098394 0.014578 1.977190
0.141614 -0.438769 2.024350
0.177515 -0.768425 2.049930
0.191964 -0.803038 1.965880
0.023382 0.086487 1.980740
0.011830 0.153305 2.040200
0.002856 0.547234 2.057230
0.022661 0.742579 2.048840
-0.147480 0.416994 2.015150
-0.203789 0.158392 1.976600
-0.208799 -0.055139 1.920920
-0.190235 -0.139224 1.890140
0.174668 0.409279 2.066400
0.226620 0.149949 2.040220
0.249727 -0.088832 1.984010
0.252606 -0.166120 1.948390
-0.045507 0.014948 1.956470
-0.096875 -0.437535 2.006350
-0.408519 -0.716927 2.151400
-0.394090 -0.751532 2.067380
0.098409 0.014515 1.977230
0.141614 -0.438949 2.024400
0.177475 -0.768459 2.050010
0.191931 -0.803069 1.965970
0.023376 0.086410 1.980780
0.011811 0.153214 2.040260
0.002741 0.547167 2.057400
0.022485 0.742643 2.049200
-0.147601 0.416890 2.015280
-0.203802 0.158184 1.976670
-0.208787 -0.055120 1.920960
-0.190232 -0.139223 1.890180
0.174554 0.409186 2.066600
0.226586 0.149776 2.040320
0.249689 -0.088849 1.984050
0.252595 -0.166109 1.948420
-0.045523 0.014854 1.956500
-0.096878 -0.437714 2.006350
-0.408296 -0.717341 2.151440
-0.393844 -0.751947 2.067420
0.098425 0.014448 1.977270
0.141615 -0.439134 2.024450
0.177438 -0.768504 2.050090
0.191901 -0.803111 1.966050
0.023368 0.086321 1.980840
0.011789 0.153112 2.040330
0.002623 0.547101 2.057580
0.022333 0.742715 2.049600
-0.147713 0.416792 2.015420
-0.203822 0.157993 1.976740
-0.208781 -0.055082 1.921010
-0.190233 -0.139207 1.890230
0.174440 0.409099 2.066820
0.226544 0.149608 2.040430
0.249649 -0.088868 1.984090
0.252573 -0.166093 1.948460
-0.045538 0.014760 1.956540
-0.096872 -0.437878 2.006360
-0.408105 -0.717693 2.151460
-0.393631 -0.752300 2.067450
0.098443 0.014362 1.977330
0.141618 -0.439350 2.024510
0.177402 -0.768573 2.050180
0.191874 -0.803176 1.966150
0.023356 0.086233 1.980900
0.011763 0.153010 2.040420
0.002505 0.547043 2.057780
0.022169 0.742833 2.050120
-0.147819 0.416698 2.015580
-0.203851 0.157811 1.976830
-0.208781 -0.055032 1.921090
-0.190237 -0.139183 1.890290
0.174313 0.409046 2.067060
0.226503 0.149475 2.040550
0.249606 -0.088879 1.984150
0.252518 -0.166057 1.948540
-0.045556 0.014668 1.956580
-0.096863 -0.438079 2.006380
-0.407983 -0.717961 2.151500
-0.393494 -0.752566 2.067500
0.098456 0.014281 1.977390
0.141624 -0.439553 2.024570
0.177373 -0.768644 2.050270
0.191854 -0.803243 1.966240
0.023342 0.086146 1.980980
0.011729 0.152905 2.040520
0.002363 0.546991 2.058050
0.022025 0.742950 2.050650
-0.147918 0.416608 2.015760
-0.203885 0.157639 1.976920
-0.208785 -0.054973 1.921180
-0.190244 -0.139150 1.890360
0.174177 0.409003 2.067330
0.226453 0.149351 2.040680
0.249564 -0.088888 1.984220
0.252461 -0.166017 1.948670
-0.045574 0.014582 1.956630
-0.096859 -0.438184 2.006380
-0.407809 -0.718231 2.151520
-0.393300 -0.752834 2.067520
0.098465 0.014204 1.977450
0.141629 -0.439747 2.024620
0.177348 -0.768718 2.050360
0.191839 -0.803313 1.966330
0.023326 0.086059 1.981060
0.011695 0.152799 2.040640
0.002200 0.546966 2.058410
0.021904 0.743077 2.051220
-0.148024 0.416512 2.015980
-0.203929 0.157465 1.977030
-0.208796 -0.054900 1.921290
-0.190254 -0.139106 1.890450
0.174031 0.408969 2.067640
0.226400 0.149234 2.040830
0.249516 -0.088905 1.984300
0.252403 -0.165933 1.948860
-0.045592 0.014496 1.956690
-0.096854 -0.438275 2.006390
-0.407646 -0.718482 2.151530
-0.393122 -0.753080 2.067540
0.098473 0.014131 1.977520
0.141639 -0.439932 2.024650
0.177313 -0.768799 2.050450
0.191813 -0.803388 1.966420
0.023308 0.085967 1.981160
0.011656 0.152685 2.040780
0.002031 0.546941 2.058820
0.021722 0.743247 2.051960
-0.148128 0.416402 2.016230
-0.203986 0.157277 1.977170
-0.208814 -0.054808 1.921440
-0.190274 -0.139045 1.890560
0.173883 0.408940 2.067980
0.226344 0.149124 2.040980
0.249467 -0.088920 1.984400
0.252349 -0.165851 1.949040
-0.045611 0.014401 1.956780
-0.096786 -0.438498 2.006520
-0.407554 -0.718699 2.151580
-0.393017 -0.753290 2.067590
0.098480 0.014062 1.977590
0.141638 -0.440010 2.024670
0.177281 -0.768815 2.050510
0.191789 -0.803400 1.966490
0.023293 0.085879 1.981280
0.011621 0.152572 2.040950
0.001883 0.546934 2.059360
0.021506 0.743448 2.052760
-0.148227 0.416293 2.016510
-0.204043 0.157096 1.977310
-0.208843 -0.054699 1.921620
-0.190296 -0.138968 1.890680
0.173734 0.408927 2.068340
0.226283 0.149024 2.041140
0.249418 -0.088936 1.984490
0.252300 -0.165762 1.949240
-0.045626 0.014313 1.956870
-0.096716 -0.438716 2.006670
-0.407486 -0.718880 2.151630
-0.392939 -0.753464 2.067640
0.098486 0.013998 1.977670
0.141631 -0.440163 2.024710
0.177253 -0.768889 2.050600
0.191770 -0.803467 1.966580
0.023281 0.085795 1.981420
0.011587 0.152460 2.041150
0.001746 0.546935 2.059970
0.021276 0.743682 2.053640
-0.148322 0.416179 2.016810
-0.204111 0.156907 1.977480
-0.208872 -0.054597 1.921800
-0.190318 -0.138894 1.890820
0.173551 0.408948 2.068770
0.226205 0.148945 2.041310
0.249371 -0.088952 1.984590
0.252252 -0.165665 1.949440
-0.045635 0.014230 1.956980
-0.096627 -0.438939 2.006880
-0.407441 -0.719028 2.151680
-0.392883 -0.753603 2.067690
0.098493 0.013943 1.977780
0.141608 -0.440312 2.024790
0.177219 -0.768965 2.050690
0.191747 -0.803535 1.966670
0.023265 0.085711 1.981580
0.011548 0.152347 2.041370
0.001591 0.546948 2.060630
0.021016 0.743920 2.054490
-0.148413 0.416059 2.017130
-0.204189 0.156712 1.977660
-0.208902 -0.054508 1.921980
-0.190337 -0.138830 1.890950
0.173379 0.408968 2.069200
0.226117 0.148864 2.041500
0.249322 -0.088971 1.984700
0.252207 -0.165570 1.949640
-0.045645 0.014146 1.957090
-0.096585 -0.439083 2.007000
-0.407348 -0.719248 2.151720
-0.392777 -0.753813 2.067730
0.098498 0.013891 1.977890
0.141534 -0.440480 2.024920
0.177188 -0.769045 2.050770
0.191727 -0.803607 1.966750
0.023247 0.085619 1.981750
0.011506 0.152227 2.041620
0.001430 0.546973 2.061310
0.020784 0.744136 2.055280
-0.148499 0.415938 2.017450
-0.204274 0.156513 1.977850
-0.208952 -0.054387 1.922200
-0.190367 -0.138735 1.891110
0.173208 0.408996 2.069620
0.226026 0.148789 2.041690
0.249272 -0.088995 1.984820
0.252164 -0.165477 1.949840
-0.045654 0.014057 1.957220
-0.096575 -0.439284 2.007150
-0.407355 -0.719395 2.151800
-0.392772 -0.753948 2.067810
0.098501 0.013837 1.978010
0.141461 -0.440650 2.025050
0.177151 -0.769137 2.050850
0.191702 -0.803689 1.966840
0.023223 0.085539 1.981950
0.011455 0.152120 2.041890
0.001278 0.547031 2.062050
0.020569 0.744351 2.056000
-0.148575 0.415844 2.017780
-0.204358 0.156347 1.978040
-0.209005 -0.054262 1.922410
-0.190398 -0.138634 1.891290
0.173040 0.409031 2.070060
0.225928 0.148718 2.041900
0.249225 -0.089022 1.984950
0.252128 -0.165389 1.950030
-0.045666 0.013984 1.957360
-0.096571 -0.439460 2.007300
-0.407362 -0.719537 2.151870
-0.392766 -0.754079 2.067880
0.098494 0.013792 1.978170
0.141391 -0.440806 2.025190
0.177116 -0.769225 2.050930
0.191679 -0.803767 1.966920
0.023197 0.085461 1.982160
0.011401 0.152017 2.042170
0.001133 0.547083 2.062750
0.020331 0.744586 2.056740
-0.148645 0.415759 2.018120
-0.204444 0.156191 1.978240
-0.209051 -0.054147 1.922600
-0.190426 -0.138541 1.891450
0.172892 0.409055 2.070490
0.225833 0.148638 2.042130
0.249179 -0.089048 1.985090
0.252088 -0.165289 1.950240
-0.045678 0.013915 1.957500
-0.096570 -0.439548 2.007380
-0.407281 -0.719761 2.151920
-0.392670 -0.754291 2.067930
0.098486 0.013746 1.978350
0.141333 -0.440961 2.025340
0.177084 -0.769321 2.051020
0.191660 -0.803852 1.967000
0.023162 0.085383 1.982400
0.011333 0.151913 2.042490
0.000950 0.547160 2.063520
0.020063 0.744873 2.057560
-0.148709 0.415680 2.018450
-0.204529 0.156045 1.978430
-0.209094 -0.054051 1.922790
-0.190450 -0.138463 1.891600
0.172747 0.409077 2.070930
0.225728 0.148555 2.042360
0.249132 -0.089080 1.985250
0.252052 -0.165193 1.950460
-0.045693 0.013848 1.957650
-0.096555 -0.439722 2.007560
-0.407257 -0.719988 2.151990
-0.392629 -0.754503 2.068010
0.098471 0.013702 1.978550
0.141287 -0.441110 2.025490
0.177056 -0.769420 2.051100
0.191646 -0.803941 1.967080
0.023128 0.085311 1.982640
0.011263 0.151818 2.042800
0.000786 0.547233 2.064220
0.019781 0.745182 2.058400
-0.148771 0.415613 2.018780
-0.204613 0.155910 1.978610
-0.209129 -0.053977 1.922950
-0.190470 -0.138404 1.891740
0.172601 0.409107 2.071430
0.225622 0.148477 2.042610
0.249092 -0.089125 1.985450
0.252055 -0.165118 1.950690
-0.045707 0.013785 1.957810
-0.096560 -0.439798 2.007650
-0.407201 -0.720189 2.152040
-0.392552 -0.754696 2.068060
0.098453 0.013661 1.978780
0.141250 -0.441255 2.025650
0.177026 -0.769525 2.051180
0.191635 -0.804035 1.967170
0.023090 0.085246 1.982910
0.011179 0.151734 2.043140
0.000607 0.547351 2.064940
0.019559 0.745468 2.059170
-0.148820 0.415549 2.019110
-0.204699 0.155782 1.978790
-0.209162 -0.053911 1.923090
-0.190489 -0.138352 1.891860
0.172437 0.409200 2.072060
0.225508 0.148437 2.042880
0.249053 -0.089163 1.985680
0.252070 -0.165046 1.950920
-0.045720 0.013730 1.957970
-0.096558 -0.439956 2.007850
-0.407191 -0.720416 2.152110
-0.392508 -0.754910 2.068140
0.098426 0.013627 1.979040
0.141222 -0.441390 2.025810
0.176999 -0.769627 2.051260
0.191634 -0.804128 1.967250
0.023044 0.085193 1.983170
0.011085 0.151666 2.043480
0.000431 0.547489 2.065630
0.019355 0.745768 2.059940
-0.148866 0.415494 2.019410
-0.204787 0.155662 1.978980
-0.209189 -0.053856 1.923220
-0.190505 -0.138310 1.891970
0.172278 0.409290 2.072670
0.225391 0.148400 2.043170
0.249019 -0.089191 1.985950
0.252094 -0.164971 1.951160
-0.045737 0.013686 1.958130
-0.096579 -0.439977 2.007960
-0.407141 -0.720562 2.152150
-0.392425 -0.755053 2.068180
0.098387 0.013604 1.979310
0.141197 -0.441511 2.025960
0.176975 -0.769723 2.051330
0.191637 -0.804215 1.967330
0.022993 0.085144 1.983450
0.010982 0.151607 2.043820
0.000235 0.547662 2.066300
0.019176 0.746035 2.060620
-0.148907 0.415446 2.019700
-0.204875 0.155550 1.979150
-0.209213 -0.053815 1.923340
-0.190518 -0.138279 1.892070
0.172107 0.409404 2.073280
0.225273 0.148385 2.043480
0.248980 -0.089241 1.986240
0.252134 -0.164888 1.951460
-0.045756 0.013648 1.958300
-0.096606 -0.439950 2.008050
-0.407174 -0.720607 2.152110
-0.392422 -0.755096 2.068160
0.098340 0.013586 1.979600
0.141173 -0.441630 2.026110
0.176952 -0.769821 2.051400
0.191644 -0.804304 1.967410
0.022944 0.085097 1.983730
0.010879 0.151554 2.044150
0.000056 0.547828 2.066900
0.019041 0.746287 2.061300
-0.148940 0.415401 2.019960
-0.204961 0.155444 1.979310
-0.209234 -0.053782 1.923440
-0.190529 -0.138255 1.892160
0.171938 0.409525 2.073910
0.225154 0.148378 2.043810
0.248944 -0.089323 1.986540
0.252184 -0.164809 1.951780
-0.045771 0.013612 1.958470
-0.096636 -0.439870 2.008120
-0.407175 -0.720645 2.152080
-0.392395 -0.755129 2.068140
0.098294 0.013572 1.979910
0.141153 -0.441745 2.026260
0.176931 -0.769922 2.051470
0.191660 -0.804399 1.967490
0.022893 0.085047 1.984010
0.010769 0.151503 2.044480
-0.000103 0.547981 2.067430
0.018926 0.746512 2.061970
-0.148952 0.415372 2.020200
-0.205040 0.155359 1.979450
-0.209253 -0.053754 1.923530
-0.190539 -0.138234 1.892240
0.171810 0.409593 2.074570
0.225045 0.148332 2.044130
0.248915 -0.089407 1.986840
0.252243 -0.164745 1.952100
-0.045789 0.013574 1.958660
-0.096671 -0.439747 2.008180
-0.407175 -0.720661 2.152040
-0.392360 -0.755139 2.068100
0.098245 0.013555 1.980210
0.141137 -0.441861 2.026400
0.176913 -0.770029 2.051540
0.191687 -0.804501 1.967570
0.022846 0.085010 1.984300
0.010659 0.151466 2.044800
-0.000241 0.548122 2.067900
0.018824 0.746719 2.062590
-0.148960 0.415349 2.020430
-0.205115 0.155282 1.979580
-0.209270 -0.053732 1.923620
-0.190546 -0.138219 1.892310
0.171720 0.409664 2.075270
0.224943 0.148287 2.044470
0.248890 -0.089488 1.987140
0.252315 -0.164702 1.952410
-0.045806 0.013542 1.958860
-0.096702 -0.439478 2.008200
-0.407139 -0.720631 2.151960
-0.392261 -0.755093 2.068020
0.098201 0.013547 1.980520
0.141127 -0.441969 2.026540
0.176900 -0.770133 2.051610
0.191725 -0.804605 1.967650
0.022803 0.084980 1.984590
0.010553 0.151438 2.045120
-0.000370 0.548264 2.068360
0.018733 0.746900 2.063120
-0.148964 0.415329 2.020650
-0.205186 0.155209 1.979710
-0.209284 -0.053717 1.923680
-0.190552 -0.138210 1.892370
0.171659 0.409723 2.075950
0.224850 0.148236 2.044800
0.248878 -0.089558 1.987450
0.252396 -0.164636 1.952800
-0.045821 0.013515 1.959040
-0.096722 -0.439076 2.008180
-0.407062 -0.720545 2.151830
-0.392098 -0.754983 2.067890
0.098163 0.013543 1.980830
0.141120 -0.442072 2.026660
0.176893 -0.770236 2.051670
0.191774 -0.804710 1.967730
0.022764 0.084957 1.984870
0.010456 0.151418 2.045430
-0.000476 0.548409 2.068790
0.018658 0.747059 2.063580
-0.148970 0.415317 2.020850
-0.205253 0.155144 1.979820
-0.209296 -0.053707 1.923750
-0.190557 -0.138204 1.892410
0.171609 0.409773 2.076560
0.224764 0.148183 2.045120
0.248871 -0.089635 1.987780
0.252480 -0.164586 1.953180
-0.045833 0.013492 1.959230
-0.096720 -0.438949 2.008210
-0.407040 -0.720537 2.151780
-0.392028 -0.754966 2.067840
0.098124 0.013542 1.981150
0.141122 -0.442172 2.026780
0.176889 -0.770341 2.051720
0.191825 -0.804817 1.967800
0.022725 0.084934 1.985140
0.010361 0.151402 2.045720
-0.000568 0.548538 2.069160
0.018592 0.747210 2.064010
-0.148974 0.415306 2.021050
-0.205315 0.155083 1.979930
-0.209309 -0.053697 1.923800
-0.190562 -0.138198 1.892460
0.171551 0.409835 2.077130
0.224679 0.148146 2.045440
0.248872 -0.089705 1.988110
0.252566 -0.164541 1.953540
-0.045844 0.013471 1.959410
-0.096725 -0.438823 2.008240
-0.407018 -0.720531 2.151740
-0.391957 -0.754952 2.067800
0.098082 0.013541 1.981470
0.141126 -0.442272 2.026890
0.176888 -0.770450 2.051770
0.191881 -0.804929 1.967870
0.022689 0.084913 1.985400
0.010274 0.151387 2.046000
-0.000645 0.548663 2.069520
0.018527 0.747345 2.064390
-0.148977 0.415291 2.021230
-0.205379 0.155019 1.980030
-0.209320 -0.053693 1.923850
-0.190566 -0.138197 1.892490
0.171506 0.409896 2.077650
0.224608 0.148111 2.045790
0.248876 -0.089771 1.988420
0.252660 -0.164495 1.953890
-0.045855 0.013451 1.959580
-0.096709 -0.438770 2.008320
-0.407011 -0.720542 2.151710
-0.391915 -0.754958 2.067770
0.098041 0.013538 1.981770
0.141133 -0.442374 2.027000
0.176891 -0.770565 2.051820
0.191942 -0.805046 1.967940
0.022656 0.084893 1.985640
0.010195 0.151374 2.046260
-0.000713 0.548787 2.069840
0.018460 0.747487 2.064760
-0.148978 0.415279 2.021410
-0.205438 0.154958 1.980120
-0.209327 -0.053699 1.923890
-0.190567 -0.138205 1.892520
0.171467 0.409950 2.078100
0.224545 0.148077 2.046120
0.248873 -0.089840 1.988700
0.252738 -0.164453 1.954270
-0.045863 0.013433 1.959740
-0.096683 -0.438756 2.008440
-0.407012 -0.720565 2.151690
-0.391883 -0.754975 2.067760
0.098004 0.013534 1.982060
0.141141 -0.442476 2.027110
0.176897 -0.770683 2.051870
0.192004 -0.805166 1.968000
0.022627 0.084877 1.985870
0.010125 0.151366 2.046500
-0.000769 0.548896 2.070130
0.018388 0.747625 2.065120
-0.148981 0.415272 2.021590
-0.205495 0.154902 1.980200
-0.209331 -0.053707 1.923920
-0.190565 -0.138214 1.892550
0.171435 0.409997 2.078500
0.224487 0.148040 2.046440
0.248873 -0.089903 1.988970
0.252796 -0.164419 1.954620
-0.045870 0.013418 1.959900
-0.096649 -0.438811 2.008620
-0.407032 -0.720625 2.151690
-0.391862 -0.755025 2.067770
0.097969 0.013531 1.982320
0.141152 -0.442578 2.027220
0.176903 -0.770803 2.051910
0.192062 -0.805285 1.968060
0.022602 0.084859 1.986090
0.010061 0.151357 2.046720
-0.000819 0.549004 2.070390
0.018327 0.747748 2.065430
-0.148985 0.415264 2.021750
-0.205548 0.154845 1.980280
-0.209333 -0.053719 1.923950
-0.190562 -0.138228 1.892570
0.171405 0.410043 2.078860
0.224438 0.148008 2.046740
0.248873 -0.089961 1.989210
0.252852 -0.164404 1.954940
-0.045875 0.013400 1.960060
-0.096617 -0.438778 2.008700
-0.407044 -0.720624 2.151660
-0.391843 -0.755022 2.067750
0.097939 0.013526 1.982570
0.141164 -0.442683 2.027320
0.176911 -0.770929 2.051950
0.192123 -0.805411 1.968120
0.022581 0.084844 1.986300
0.010005 0.151351 2.046930
-0.000862 0.549099 2.070630
0.018273 0.747855 2.065700
-0.148988 0.415258 2.021910
-0.205600 0.154791 1.980350
-0.209329 -0.053762 1.923970
-0.190550 -0.138280 1.892580
0.171393 0.410076 2.079170
0.224401 0.147966 2.047030
0.248877 -0.090010 1.989430
0.252901 -0.164395 1.955230
-0.045878 0.013384 1.960210
-0.096584 -0.438716 2.008780
-0.407046 -0.720615 2.151620
-0.391813 -0.755008 2.067720
0.097916 0.013520 1.982800
0.141177 -0.442793 2.027440
0.176971 -0.771270 2.051860
0.192257 -0.805742 1.968040
0.022562 0.084830 1.986490
0.009953 0.151346 2.047120
-0.000903 0.549188 2.070850
0.018229 0.747947 2.065940
-0.148982 0.415258 2.022050
-0.205645 0.154745 1.980420
-0.209324 -0.053809 1.923990
-0.190533 -0.138337 1.892600
0.171384 0.410109 2.079450
0.224376 0.147928 2.047310
0.248880 -0.090063 1.989650
0.252937 -0.164392 1.955490
-0.045878 0.013371 1.960360
-0.096546 -0.438742 2.008910
-0.407082 -0.720637 2.151600
-0.391809 -0.755019 2.067710
0.097894 0.013514 1.983020
0.141193 -0.442902 2.027560
0.176967 -0.771447 2.051820
0.192306 -0.805905 1.968020
0.022549 0.084810 1.986670
0.009909 0.151337 2.047300
-0.000937 0.549265 2.071040
0.018188 0.748037 2.066160
-0.148975 0.415259 2.022170
-0.205687 0.154701 1.980470
-0.209302 -0.053929 1.923990
-0.190488 -0.138474 1.892590
0.171374 0.410136 2.079680
0.224355 0.147888 2.047560
0.248883 -0.090114 1.989850
0.252971 -0.164399 1.955720
-0.045874 0.013353 1.960500
-0.096455 -0.439149 2.009330
-0.407316 -0.720751 2.151650
-0.391956 -0.755110 2.067760
0.097877 0.013504 1.983220
0.141210 -0.443021 2.027700
0.176945 -0.771624 2.051790
0.192334 -0.806064 1.968010
0.022539 0.084790 1.986830
0.009871 0.151327 2.047470
-0.000969 0.549331 2.071210
0.018152 0.748120 2.066360
-0.148967 0.415259 2.022290
-0.205727 0.154658 1.980530
-0.209267 -0.054091 1.923980
-0.190428 -0.138657 1.892570
0.171363 0.410158 2.079880
0.224340 0.147848 2.047800
0.248885 -0.090162 1.990030
0.252992 -0.164412 1.955940
-0.045868 0.013336 1.960640
-0.096408 -0.439444 2.009600
-0.407498 -0.720870 2.151670
-0.392066 -0.755207 2.067800
0.097863 0.013493 1.983410
0.141222 -0.443146 2.027850
0.176981 -0.771845 2.051650
0.192426 -0.806272 1.967890
0.022530 0.084771 1.986990
0.009838 0.151319 2.047620
-0.000997 0.549391 2.071350
0.018119 0.748194 2.066530
-0.148960 0.415260 2.022390
-0.205766 0.154614 1.980570
-0.209232 -0.054247 1.923960
-0.190371 -0.138835 1.892550
0.171355 0.410168 2.080050
0.224330 0.147796 2.048020
0.248897 -0.090178 1.990190
0.253008 -0.164432 1.956130
-0.045860 0.013319 1.960760
-0.096320 -0.439874 2.010020
-0.408208 -0.720783 2.151670
-0.392640 -0.755120 2.067830
0.097852 0.013483 1.983580
0.141220 -0.443207 2.027960
0.177020 -0.771970 2.051540
0.192511 -0.806389 1.967790
0.022523 0.084753 1.987120
0.009808 0.151310 2.047750
-0.001022 0.549444 2.071470
0.018092 0.748257 2.066680
-0.148953 0.415260 2.022480
-0.205802 0.154570 1.980620
-0.209196 -0.054390 1.923940
-0.190316 -0.138999 1.892520
0.171352 0.410171 2.080180
0.224328 0.147734 2.048220
0.248910 -0.090191 1.990340
0.253020 -0.164454 1.956290
-0.045854 0.013303 1.960880
-0.096236 -0.440297 2.010420
-0.408801 -0.720746 2.151690
-0.393123 -0.755079 2.067880
0.097842 0.013469 1.983730
0.141218 -0.443311 2.028080
0.177080 -0.772139 2.051430
0.192616 -0.806551 1.967690
0.022518 0.084732 1.987250
0.009782 0.151300 2.047870
-0.001043 0.549492 2.071580
0.018067 0.748313 2.066800
-0.148944 0.415262 2.022560
-0.205836 0.154528 1.980660
-0.209156 -0.054546 1.923920
-0.190260 -0.139175 1.892490
0.171355 0.410154 2.080300
0.224333 0.147639 2.048410
0.248923 -0.090199 1.990480
0.253040 -0.164472 1.956430
-0.045847 0.013284 1.960990
-0.096149 -0.440705 2.010800
-0.409218 -0.720775 2.151740
-0.393459 -0.755102 2.067950
0.097835 0.013451 1.983870
0.141208 -0.443446 2.028230
0.177154 -0.772323 2.051350
0.192735 -0.806730 1.967620
