-0.045873 -0.024647 2.045630
-0.060873 0.033771 2.094980
-0.076823 0.376998 2.108580
-0.022195 0.558292 2.101140
-0.209730 0.275200 2.077140
-0.280493 0.066127 2.121940
-0.389139 -0.084856 2.130570
-0.422467 -0.106875 2.172480
0.071970 0.277781 2.145740
0.088035 0.058273 2.194290
0.094295 -0.126174 2.208960
0.098575 -0.183521 2.215680
-0.102960 -0.088462 2.013060
-0.136501 -0.510803 2.020680
-0.120920 -0.769128 2.016440
-0.078595 -0.802570 2.023610
0.021195 -0.091170 2.052890
0.064146 -0.517116 2.006310
0.107112 -0.775748 2.021180
0.050691 -0.816732 2.013500
-0.045832 -0.024627 2.045540
-0.060810 0.033788 2.094900
-0.076609 0.377034 2.108590
-0.021838 0.558260 2.101320
-0.209606 0.275146 2.076830
-0.280552 0.066053 2.121480
-0.389220 -0.084877 2.130120
-0.422548 -0.106896 2.172020
0.071993 0.277544 2.144880
0.086869 0.053434 2.193510
0.093072 -0.131367 2.208210
0.097352 -0.188715 2.214930
-0.102896 -0.088442 2.012910
-0.136393 -0.509066 2.019840
-0.120885 -0.768948 2.016150
-0.073365 -0.804646 2.042620
0.021204 -0.091169 2.052840
0.064320 -0.516932 2.006090
0.107995 -0.775646 2.021060
0.051470 -0.816521 2.013730
-0.045772 -0.024620 2.045460
-0.060707 0.033795 2.094820
-0.076357 0.377067 2.108610
-0.021496 0.558243 2.101510
-0.209450 0.275086 2.076510
-0.280522 0.066016 2.120960
-0.389242 -0.084877 2.129620
-0.422571 -0.106897 2.171530
0.071976 0.277302 2.143740
0.085885 0.049437 2.192640
0.092051 -0.135594 2.207360
0.096331 -0.192944 2.214070
-0.102799 -0.088435 2.012770
-0.136220 -0.507415 2.019080
-0.120798 -0.768794 2.015910
-0.091428 -0.800135 1.977350
0.021218 -0.091171 2.052800
0.064877 -0.516644 2.005820
0.109536 -0.775522 2.020970
0.052863 -0.816226 2.014300
-0.045695 -0.024623 2.045390
-0.060584 0.033793 2.094750
-0.076113 0.377096 2.108630
-0.021114 0.558257 2.101710
-0.209243 0.275019 2.076190
-0.280437 0.066031 2.120390
-0.389228 -0.084847 2.129090
-0.422557 -0.106867 2.171000
0.071960 0.277084 2.142700
0.085120 0.046254 2.191910
0.091265 -0.138923 2.206650
0.095545 -0.196274 2.213370
-0.102676 -0.088436 2.012650
-0.136004 -0.505877 2.018380
-0.120660 -0.768655 2.015690
-0.098365 -0.798267 1.950180
0.021240 -0.091177 2.052760
0.065923 -0.516308 2.005580
0.111442 -0.775347 2.020840
0.054620 -0.815885 2.015000
-0.045550 -0.024641 2.045330
-0.060407 0.033783 2.094700
-0.075849 0.377127 2.108650
-0.020754 0.558278 2.101890
-0.208866 0.274907 2.075770
-0.280306 0.066045 2.119820
-0.389181 -0.084821 2.128570
-0.422510 -0.106840 2.170480
0.072001 0.276941 2.141930
0.084605 0.043861 2.191420
0.090739 -0.141407 2.206180
0.095019 -0.198758 2.212890
-0.102460 -0.088449 2.012550
-0.135711 -0.504335 2.017750
-0.120464 -0.768546 2.015500
-0.101856 -0.797415 1.935640
0.021320 -0.091192 2.052760
0.067531 -0.515862 2.005450
0.114023 -0.775116 2.020600
0.056047 -0.815647 2.015470
-0.045330 -0.024667 2.045310
-0.060146 0.033769 2.094670
-0.075420 0.377165 2.108720
-0.020400 0.558299 2.102060
-0.208369 0.274837 2.075320
-0.280108 0.066100 2.119170
-0.389090 -0.084770 2.127980
-0.422420 -0.106790 2.169890
0.072070 0.276824 2.141270
0.084252 0.042019 2.191030
0.090380 -0.143305 2.205800
0.094660 -0.200657 2.212520
-0.102169 -0.088466 2.012460
-0.135323 -0.502918 2.017270
-0.120183 -0.768452 2.015340
-0.103669 -0.796936 1.928030
0.021464 -0.091214 2.052800
0.069700 -0.515277 2.005400
0.122820 -0.775310 2.021220
0.061163 -0.814064 2.016820
-0.045039 -0.024705 2.045310
-0.059800 0.033751 2.094690
-0.074903 0.377227 2.108820
-0.020072 0.558352 2.102200
-0.207814 0.274804 2.074870
-0.279656 0.066128 2.118260
-0.388851 -0.084739 2.127230
-0.422181 -0.106759 2.169140
0.072146 0.276778 2.140610
0.083998 0.040668 2.190680
0.090122 -0.144689 2.205470
0.094402 -0.202042 2.212190
-0.101769 -0.088487 2.012430
-0.134805 -0.501511 2.016960
-0.119828 -0.768368 2.015170
-0.104813 -0.796633 1.922820
0.021651 -0.091236 2.052880
0.072341 -0.514557 2.005540
0.129898 -0.775675 2.021950
0.065600 -0.812775 2.018260
-0.044587 -0.024751 2.045370
-0.059312 0.033731 2.094750
-0.074298 0.377283 2.108930
-0.019578 0.558374 2.102270
-0.207006 0.274855 2.074320
-0.279098 0.066116 2.117280
-0.388533 -0.084734 2.126410
-0.421863 -0.106755 2.168320
0.072238 0.276771 2.139980
0.083823 0.039652 2.190390
0.089945 -0.145727 2.205190
0.094226 -0.203079 2.211910
-0.101133 -0.088496 2.012460
-0.134220 -0.500201 2.016710
-0.119407 -0.768279 2.014980
-0.104890 -0.796568 1.920430
0.021962 -0.091239 2.053040
0.075473 -0.513723 2.005900
0.135618 -0.776214 2.022950
0.072399 -0.812795 2.020490
-0.043827 -0.024822 2.045550
-0.058559 0.033704 2.094890
-0.073563 0.377333 2.109040
-0.018449 0.558418 2.102150
-0.205959 0.274950 2.073720
-0.278078 0.066267 2.115980
-0.387935 -0.084634 2.125380
-0.421266 -0.106654 2.167290
0.072395 0.276748 2.139400
0.083737 0.038839 2.190130
0.089857 -0.146550 2.204940
0.094137 -0.203903 2.211660
-0.100140 -0.088517 2.012600
-0.133458 -0.498912 2.016520
-0.118870 -0.768147 2.014740
-0.103960 -0.796588 1.920530
0.022593 -0.091244 2.053430
0.078700 -0.512931 2.006560
0.140063 -0.776837 2.024050
0.077857 -0.813179 2.022640
-0.042773 -0.024887 2.045830
-0.057513 0.033689 2.095140
-0.072480 0.377367 2.109180
-0.016872 0.558441 2.101760
-0.204631 0.275156 2.073100
-0.276817 0.066393 2.114520
-0.387150 -0.084545 2.124200
-0.420481 -0.106566 2.166110
0.072613 0.276713 2.138850
0.083722 0.038184 2.189900
0.089840 -0.147211 2.204720
0.094121 -0.204564 2.211440
-0.098864 -0.088521 2.012810
-0.132355 -0.497273 2.016300
-0.118287 -0.767966 2.014440
-0.102570 -0.796574 1.922000
0.023498 -0.091214 2.054010
0.081909 -0.511955 2.007840
0.143766 -0.777681 2.025570
0.082594 -0.814141 2.025080
-0.041421 -0.024930 2.046230
-0.056100 0.033694 2.095500
-0.070876 0.377336 2.109340
-0.014900 0.558156 2.101060
-0.203190 0.275337 2.072500
-0.275154 0.066430 2.112710
-0.386062 -0.084508 2.122730
-0.419393 -0.106529 2.164640
0.073263 0.276572 2.138110
0.083958 0.037539 2.189590
0.090076 -0.147854 2.204420
0.094356 -0.205206 2.211130
-0.097463 -0.088539 2.013090
-0.130693 -0.495084 2.015980
-0.117596 -0.767699 2.014050
-0.101077 -0.796449 1.923880
0.024780 -0.091149 2.054790
0.084979 -0.510994 2.009640
0.146894 -0.778898 2.027800
0.086281 -0.815346 2.027660
-0.039710 -0.024986 2.046770
-0.054342 0.033680 2.095990
-0.068967 0.377221 2.109570
-0.012455 0.557593 2.100010
-0.201269 0.275510 2.071820
-0.273387 0.066401 2.110970
-0.384814 -0.084512 2.121220
-0.418146 -0.106533 2.163130
0.074134 0.276362 2.137300
0.084358 0.036937 2.189230
0.090476 -0.148450 2.204060
0.094757 -0.205803 2.210780
-0.095619 -0.088529 2.013500
-0.128588 -0.492448 2.015560
-0.116754 -0.767354 2.013560
-0.099514 -0.796260 1.925760
0.026317 -0.091099 2.055710
0.087991 -0.510105 2.012030
0.149374 -0.780341 2.030560
0.089241 -0.816888 2.030520
-0.037080 -0.025106 2.047580
-0.051760 0.033625 2.096700
-0.066555 0.377079 2.109840
-0.010269 0.557006 2.098870
-0.199015 0.275698 2.071140
-0.271375 0.066254 2.109170
-0.383315 -0.084595 2.119600
-0.416647 -0.106616 2.161510
0.075435 0.276060 2.136490
0.085054 0.036334 2.188850
0.091176 -0.149045 2.203680
0.095457 -0.206397 2.210400
-0.092767 -0.088626 2.014260
-0.126487 -0.489983 2.015150
-0.115793 -0.766913 2.012960
-0.098027 -0.795991 1.927380
0.028723 -0.091028 2.056920
0.090967 -0.509473 2.014920
0.151356 -0.781883 2.033820
0.091614 -0.818557 2.033370
-0.034035 -0.025056 2.048530
-0.048811 0.033749 2.097520
-0.063645 0.377096 2.110070
-0.008111 0.556816 2.097610
-0.196105 0.276120 2.070490
-0.268101 0.065979 2.106970
-0.380930 -0.084761 2.117620
-0.414263 -0.106783 2.159540
0.077118 0.275799 2.135830
0.086047 0.035798 2.188510
0.092176 -0.149570 2.203340
0.096457 -0.206923 2.210060
-0.089554 -0.088592 2.015100
-0.124284 -0.487939 2.014880
-0.114135 -0.766314 2.012250
-0.095887 -0.795641 1.929050
0.031571 -0.090768 2.058350
0.093611 -0.509168 2.017840
0.152685 -0.783309 2.037020
0.093502 -0.820512 2.036290
-0.030702 -0.025022 2.049570
-0.045614 0.033880 2.098410
-0.060289 0.377216 2.110350
-0.005596 0.556765 2.096210
-0.192108 0.276603 2.069630
-0.263459 0.065796 2.103910
-0.377479 -0.084885 2.114960
-0.410812 -0.106907 2.156870
0.079658 0.275440 2.135190
0.087652 0.035221 2.188140
0.093790 -0.150135 2.202970
0.098071 -0.207487 2.209690
-0.086131 -0.088575 2.016060
-0.121969 -0.486117 2.014670
-0.111936 -0.765654 2.011520
-0.093283 -0.795263 1.930630
0.034689 -0.090515 2.059850
0.095986 -0.509046 2.020630
0.153525 -0.784362 2.039620
0.094859 -0.822154 2.038660
-0.026920 -0.024662 2.050830
-0.042097 0.034301 2.099440
-0.057031 0.377473 2.110590
-0.002444 0.556931 2.094760
-0.188274 0.277135 2.068860
-0.259359 0.065784 2.101450
-0.374052 -0.084912 2.112530
-0.407385 -0.106934 2.154450
0.083226 0.275577 2.134890
0.090019 0.034947 2.187920
0.096171 -0.150395 2.202750
0.100451 -0.207747 2.209460
-0.082109 -0.088179 2.017250
-0.119366 -0.484399 2.014590
-0.109377 -0.765024 2.010860
-0.090444 -0.794919 1.932000
0.038272 -0.090089 2.061590
0.098492 -0.508914 2.023600
0.154173 -0.785137 2.041870
0.096083 -0.823655 2.040590
-0.022982 -0.024095 2.052090
-0.038345 0.034936 2.100500
-0.053360 0.377920 2.110780
0.000404 0.557356 2.093530
-0.184520 0.277763 2.068270
-0.255786 0.065768 2.099540
-0.370759 -0.084945 2.110420
-0.404091 -0.106967 2.152330
0.086810 0.275934 2.134780
0.092667 0.034871 2.187780
0.098831 -0.150460 2.202610
0.103112 -0.207812 2.209320
-0.078009 -0.087542 2.018490
-0.116855 -0.482903 2.014570
-0.106902 -0.764413 2.010280
-0.087842 -0.794567 1.933040
0.042038 -0.089499 2.063270
0.101031 -0.508730 2.026390
0.154755 -0.785747 2.043830
0.097095 -0.824793 2.041960
-0.018788 -0.023217 2.053380
-0.034243 0.035855 2.101610
-0.049032 0.378510 2.111070
0.003019 0.558032 2.092540
-0.180440 0.278518 2.067770
-0.251614 0.065511 2.097910
-0.366915 -0.085154 2.108470
-0.400248 -0.107176 2.150380
0.092120 0.276921 2.135060
0.122296 0.049670 2.215730
0.122332 -0.138776 2.226840
0.126613 -0.196126 2.233560
-0.073870 -0.086701 2.019690
-0.114121 -0.481555 2.014630
-0.104691 -0.763910 2.009790
-0.085581 -0.794279 1.933800
0.046035 -0.088706 2.064920
0.103781 -0.508325 2.029030
0.155346 -0.786241 2.045530
0.097935 -0.825611 2.042860
-0.014541 -0.022118 2.054670
-0.030114 0.036982 2.102710
-0.044838 0.379200 2.111180
0.007628 0.559686 2.090910
-0.176518 0.279445 2.067430
-0.247671 0.065254 2.096740
-0.363112 -0.085377 2.106870
-0.396444 -0.107399 2.148780
0.097228 0.277935 2.135500
0.137679 0.056558 2.228610
0.135411 -0.133077 2.238050
0.139692 -0.190427 2.244770
-0.069833 -0.085690 2.020880
-0.111096 -0.480731 2.014850
-0.102493 -0.763457 2.009380
-0.083369 -0.794013 1.934360
0.050400 -0.087747 2.066660
0.106747 -0.507848 2.031400
0.156742 -0.786823 2.047420
0.098914 -0.826023 2.043460
-0.010612 -0.020976 2.055860
-0.026155 0.038161 2.103730
-0.040437 0.379877 2.111260
0.011757 0.560934 2.089630
-0.173213 0.280342 2.067300
-0.244336 0.065094 2.096010
-0.359683 -0.085539 2.105660
-0.393015 -0.107561 2.147570
0.101804 0.278697 2.135940
0.146146 0.059820 2.234800
0.173676 -0.139788 2.237850
0.178516 -0.205517 2.232130
-0.066326 -0.084733 2.021900
-0.107896 -0.480000 2.015170
-0.100503 -0.763068 2.009060
-0.081426 -0.793779 1.934750
0.054519 -0.086825 2.068270
0.110060 -0.506919 2.033570
0.158394 -0.787298 2.049110
0.100495 -0.826452 2.043640
-0.005903 -0.019195 2.057360
-0.021410 0.039864 2.105040
-0.035522 0.380527 2.111400
0.016013 0.561736 2.088980
-0.170292 0.281360 2.067420
-0.240932 0.064979 2.095660
-0.356205 -0.085674 2.104780
-0.389536 -0.107695 2.146690
0.106489 0.279285 2.136520
0.152695 0.061570 2.238170
0.193541 -0.145148 2.234750
0.209514 -0.222297 2.219980
-0.062423 -0.083509 2.022910
-0.104069 -0.479213 2.015670
-0.097865 -0.762735 2.008800
-0.078917 -0.793588 1.935030
0.059604 -0.085506 2.070470
0.113344 -0.505877 2.035450
0.159952 -0.787632 2.050480
0.102611 -0.827096 2.043480
-0.000923 -0.017476 2.058950
-0.016569 0.041527 2.106360
-0.031165 0.381219 2.111430
0.020918 0.563135 2.089010
-0.167113 0.282412 2.067650
-0.237763 0.064751 2.095640
-0.352911 -0.085889 2.104220
-0.386240 -0.107909 2.146130
0.111065 0.279835 2.137210
0.159226 0.062361 2.239350
0.213434 -0.160190 2.223290
0.231138 -0.241569 2.206090
-0.057472 -0.082225 2.024150
-0.100114 -0.478470 2.016160
-0.095402 -0.762450 2.008550
-0.076521 -0.793418 1.935130
0.064977 -0.084275 2.072870
0.116948 -0.504713 2.037170
0.161770 -0.787974 2.051710
0.105486 -0.828007 2.042970
0.004155 -0.015641 2.060630
-0.011522 0.043335 2.107770
-0.026490 0.381983 2.111400
0.026492 0.564702 2.089720
-0.163740 0.283553 2.068110
-0.234046 0.064220 2.096160
-0.350770 -0.085757 2.103690
-0.384095 -0.107776 2.145600
0.116266 0.280623 2.138130
0.167021 0.062153 2.237510
0.236460 -0.177036 2.204020
0.251169 -0.257015 2.189780
-0.052495 -0.080914 2.025340
-0.096006 -0.477980 2.016750
-0.093141 -0.762241 2.008310
-0.074344 -0.793305 1.935110
0.070355 -0.083070 2.075430
0.121014 -0.503490 2.038840
0.163991 -0.788296 2.052880
0.109200 -0.829193 2.042330
0.008589 -0.014200 2.062030
-0.007030 0.044813 2.108970
-0.021996 0.382781 2.111370
0.030886 0.565810 2.090440
-0.160313 0.284567 2.068640
-0.230559 0.063538 2.096730
-0.347732 -0.086046 2.103720
-0.381055 -0.108063 2.145620
0.121388 0.281191 2.139050
0.173804 0.061213 2.234680
0.254771 -0.181638 2.187010
0.278452 -0.258336 2.161110
-0.048044 -0.079857 2.026360
-0.091686 -0.477524 2.017330
-0.089992 -0.762138 2.008130
-0.071275 -0.793288 1.935040
0.074947 -0.082248 2.077510
0.124688 -0.502473 2.040060
0.166030 -0.788531 2.053830
0.112074 -0.829958 2.041930
0.012979 -0.013139 2.063340
-0.002631 0.045986 2.110090
-0.017615 0.383637 2.111260
0.035034 0.566633 2.091470
-0.155986 0.285283 2.069040
-0.226757 0.062561 2.097450
-0.212433 -0.113452 2.104030
-0.269979 -0.130397 2.145700
0.126483 0.281632 2.139680
0.181766 0.059748 2.229990
0.275017 -0.179391 2.163510
0.296807 -0.254712 2.136330
-0.043644 -0.079089 2.027330
-0.086863 -0.476977 2.017960
-0.086794 -0.762060 2.008000
-0.068112 -0.793286 1.934920
0.079715 -0.081811 2.079580
0.128779 -0.501729 2.041140
0.168266 -0.788662 2.054720
0.114665 -0.830371 2.041670
0.017283 -0.012469 2.064370
0.001793 0.046828 2.110980
-0.012649 0.384665 2.111200
0.039518 0.567417 2.093030
-0.151386 0.285805 2.069350
-0.223117 0.061384 2.098070
-0.166411 -0.124643 2.104430
-0.206505 -0.144995 2.146220
0.130612 0.281937 2.139960
0.190012 0.058132 2.223990
0.290048 -0.155048 2.141340
0.312064 -0.224163 2.105100
-0.039127 -0.078562 2.028180
-0.082167 -0.476248 2.018510
-0.082961 -0.761789 2.007830
-0.064323 -0.793079 1.934690
0.083885 -0.081579 2.081070
0.132594 -0.501091 2.042060
0.170294 -0.788733 2.055470
0.118378 -0.831523 2.041140
0.021439 -0.012253 2.065200
0.005997 0.047260 2.111710
-0.008370 0.385541 2.111160
0.044617 0.568115 2.095020
-0.146398 0.285940 2.069550
-0.219855 0.060062 2.098510
-0.141972 -0.131247 2.103510
-0.183528 -0.150783 2.145630
0.134215 0.282068 2.139920
0.197328 0.056814 2.218590
0.304924 -0.143626 2.112550
0.324061 -0.209299 2.070410
-0.034598 -0.078346 2.029070
-0.076914 -0.475443 2.019000
-0.076764 -0.761729 2.008070
-0.058258 -0.793073 1.934770
0.087697 -0.081573 2.082120
0.136354 -0.500336 2.042870
0.172241 -0.788771 2.056120
0.122286 -0.832862 2.040600
0.025173 -0.012249 2.065860
0.009884 0.047486 2.112330
-0.004013 0.386524 2.111320
0.049018 0.568670 2.096860
-0.141700 0.285931 2.069720
-0.215615 0.057758 2.098420
-0.148447 -0.137482 2.091660
-0.171126 -0.156091 2.141680
0.138670 0.282600 2.139800
0.203854 0.055974 2.213540
0.311429 -0.128856 2.096840
0.331068 -0.184633 2.045290
-0.030714 -0.078341 2.029870
-0.072258 -0.474817 2.019510
-0.071867 -0.761666 2.008270
-0.053522 -0.793043 1.934820
0.091154 -0.081631 2.082820
0.140721 -0.499547 2.043880
0.174365 -0.788693 2.056730
0.126448 -0.834135 2.040060
0.028543 -0.012463 2.066370
0.013407 0.047499 2.112820
-0.000080 0.387434 2.111560
0.052114 0.569062 2.098170
-0.137389 0.285744 2.069850
-0.210161 0.054624 2.096990
-0.146838 -0.168881 2.077170
-0.161503 -0.218983 2.098040
0.142401 0.283028 2.139520
0.210559 0.055627 2.208990
0.311412 -0.104341 2.084020
0.334346 -0.162434 2.016690
-0.027300 -0.078520 2.030560
-0.067407 -0.474461 2.019870
-0.032117 -0.765044 2.013790
-0.061403 -0.796293 1.970780
0.094241 -0.081779 2.083260
0.144850 -0.498806 2.044750
0.176076 -0.788600 2.057190
0.130215 -0.835451 2.039540
0.032342 -0.012998 2.066630
0.017234 0.047217 2.113120
0.003837 0.388237 2.111880
0.055041 0.569060 2.099540
-0.131782 0.285297 2.069780
-0.199333 0.047863 2.088800
-0.159069 -0.183387 2.061800
-0.160964 -0.256892 2.063470
0.145968 0.283404 2.139140
0.216544 0.055610 2.205560
0.310771 -0.086147 2.075190
0.334867 -0.149168 2.001110
-0.023356 -0.078955 2.031050
-0.061109 -0.476344 2.020130
-0.024491 -0.765611 2.014940
-0.066012 -0.803130 1.983040
0.097606 -0.082055 2.083370
0.149586 -0.497896 2.045720
0.177485 -0.788525 2.057540
0.133957 -0.836981 2.038990
0.037214 -0.013830 2.066630
0.021861 0.046657 2.113210
0.007345 0.388841 2.112170
0.058463 0.568726 2.100950
-0.126323 0.284973 2.069710
-0.191188 0.043399 2.080430
-0.174900 -0.189058 2.032570
-0.169503 -0.277314 2.022150
0.150055 0.283745 2.138700
0.222660 0.055868 2.203080
0.308717 -0.068080 2.064840
0.322882 -0.122479 1.973660
-0.018093 -0.079858 2.031110
-0.055384 -0.478638 2.020550
-0.019353 -0.766015 2.015730
-0.068189 -0.806954 1.989130
0.102587 -0.082508 2.083220
0.154292 -0.496830 2.046650
0.179354 -0.788813 2.058030
0.137761 -0.838327 2.037620
0.043979 -0.014421 2.066210
0.027720 0.046232 2.112930
0.011312 0.389488 2.112510
0.061931 0.568203 2.102220
-0.119849 0.284966 2.069530
-0.185734 0.041346 2.072560
-0.186942 -0.188610 2.005550
-0.178637 -0.279683 1.978380
0.158886 0.283678 2.140280
0.230221 0.057250 2.201020
0.302237 -0.045323 2.043930
0.314412 -0.106663 1.957250
-0.010747 -0.080581 2.030390
-0.049251 -0.482258 2.021300
-0.017253 -0.767110 2.016880
-0.068946 -0.812075 1.992940
0.110014 -0.082930 2.082710
0.158531 -0.495809 2.047560
0.181441 -0.788848 2.058400
0.141719 -0.839444 2.036540
0.050919 -0.014657 2.065710
0.033428 0.046020 2.112540
0.014828 0.390043 2.112790
0.066046 0.567820 2.103620
-0.113971 0.285013 2.069420
-0.181755 0.040548 2.061980
-0.195114 -0.183738 1.969760
-0.182307 -0.275132 1.944790
0.168217 0.284286 2.143750
0.240086 0.062258 2.198420
0.298534 -0.033084 2.031590
0.300415 -0.092458 1.941300
-0.003344 -0.080972 2.029640
-0.042710 -0.487178 2.022540
-0.017271 -0.768816 2.018240
-0.035382 -0.810327 1.969730
0.117960 -0.083034 2.082040
0.162845 -0.494605 2.048630
0.183506 -0.788679 2.058640
0.145950 -0.840537 2.035690
0.056831 -0.014670 2.065190
0.038306 0.045931 2.112050
0.019507 0.390421 2.113260
0.069389 0.567644 2.104790
-0.108774 0.284897 2.069070
-0.179516 0.040826 2.048360
-0.196265 -0.178555 1.944130
-0.182405 -0.260275 1.905170
0.178443 0.286002 2.150240
0.251131 0.070558 2.196310
0.297056 -0.013081 2.020760
0.283974 -0.081868 1.929780
0.002395 -0.081174 2.028950
-0.037620 -0.491400 2.023710
-0.017993 -0.771051 2.019960
-0.014098 -0.810391 1.957550
0.124550 -0.083026 2.081310
0.167206 -0.493251 2.049920
0.185391 -0.788406 2.058780
0.149350 -0.841308 2.035180
0.062187 -0.014674 2.064650
0.042868 0.045829 2.111540
0.024049 0.390718 2.113760
0.071886 0.567524 2.105710
-0.103542 0.284435 2.068370
-0.178149 0.041805 2.034230
-0.191069 -0.167593 1.917190
-0.178889 -0.246201 1.879340
0.184987 0.286991 2.154200
0.265137 0.084831 2.196210
0.295396 0.001237 2.015850
0.268426 -0.063597 1.926820
0.007533 -0.081345 2.028290
-0.033598 -0.494742 2.024690
-0.018840 -0.773527 2.021980
-0.003917 -0.811091 1.952980
0.130321 -0.083032 2.080550
0.171047 -0.492161 2.051180
0.187435 -0.787886 2.058840
0.152125 -0.841661 2.035000
0.066329 -0.014597 2.064220
0.046514 0.045797 2.111090
0.027826 0.390868 2.114120
0.074047 0.567396 2.106590
-0.098833 0.283673 2.067470
-0.177150 0.043752 2.020500
-0.183744 -0.159604 1.895930
-0.171142 -0.233061 1.855660
0.190927 0.287400 2.157320
0.288694 0.112414 2.193190
0.293620 0.015113 2.013240
0.259110 -0.050502 1.927810
0.011350 -0.081447 2.027800
-0.029438 -0.498617 2.026280
-0.019444 -0.775738 2.023980
-0.000399 -0.823615 1.966630
0.134863 -0.083005 2.079870
0.174580 -0.491406 2.052420
0.189219 -0.787365 2.058860
0.154369 -0.841866 2.034940
0.070103 -0.014431 2.063860
0.049790 0.045826 2.110670
0.031020 0.390889 2.114270
0.076481 0.567091 2.107970
-0.094464 0.282843 2.066430
-0.176028 0.045530 2.009860
-0.174233 -0.153174 1.878330
-0.162839 -0.224736 1.839630
0.198049 0.287053 2.160810
0.300667 0.125121 2.188890
0.292196 0.024527 2.008850
0.253706 -0.029311 1.937600
0.014753 -0.081556 2.027450
-0.023865 -0.506824 2.028860
-0.020058 -0.777791 2.025920
0.000991 -0.832471 1.977030
0.139270 -0.082951 2.079270
0.178233 -0.490850 2.053720
0.191690 -0.786470 2.058820
0.156309 -0.841558 2.035170
0.073345 -0.014292 2.063560
0.052697 0.045857 2.110300
0.033936 0.390900 2.114320
0.078646 0.567033 2.109340
-0.090151 0.281947 2.065070
-0.174442 0.047314 1.998940
-0.163129 -0.148123 1.863520
-0.149265 -0.216808 1.824560
0.203593 0.286476 2.162920
0.320587 0.141054 2.181380
0.290968 0.032565 2.002150
0.250123 -0.018311 1.939300
0.017679 -0.081680 2.027270
-0.020270 -0.510924 2.030500
-0.020544 -0.779427 2.027540
0.001331 -0.839257 1.986210
0.142971 -0.082900 2.078680
0.181920 -0.490573 2.055090
0.194423 -0.785492 2.058670
0.157948 -0.840917 2.035610
0.076343 -0.014095 2.063350
0.055468 0.045956 2.109970
0.036671 0.390880 2.114220
0.080946 0.566968 2.110700
-0.086572 0.281173 2.063720
-0.171088 0.048661 1.988040
-0.149672 -0.143111 1.851500
-0.135190 -0.210672 1.813880
0.207866 0.286148 2.164210
0.332648 0.149855 2.176550
0.291113 0.040741 1.995570
0.248285 -0.008112 1.940030
0.020452 -0.081799 2.027280
-0.017548 -0.513229 2.031560
-0.020837 -0.780698 2.028890
0.000703 -0.844151 1.993380
0.146307 -0.082754 2.078140
0.186145 -0.490408 2.056520
0.197278 -0.784514 2.058430
0.162951 -0.841203 2.036850
0.079573 -0.013661 2.063150
0.058511 0.046275 2.109630
0.039757 0.390882 2.113910
0.084405 0.567492 2.112540
-0.082922 0.280538 2.062030
-0.165070 0.049194 1.977580
-0.136376 -0.139559 1.843370
-0.118450 -0.206031 1.806690
0.213116 0.285940 2.165180
0.344001 0.155745 2.171340
0.292904 0.049272 1.988210
0.254983 0.014602 1.942300
0.023292 -0.081809 2.027350
-0.015404 -0.514642 2.032300
-0.020962 -0.781712 2.030060
-0.000415 -0.847379 1.998220
0.149871 -0.082447 2.077610
0.190378 -0.490305 2.057870
0.200328 -0.783509 2.058140
0.209607 -0.822859 2.004760
0.083394 -0.012827 2.062930
0.062310 0.046998 2.109230
0.043409 0.391012 2.113190
0.087654 0.568341 2.114240
-0.079810 0.280189 2.060500
-0.158664 0.050232 1.969810
-0.118717 -0.136802 1.838230
-0.097046 -0.202987 1.803290
0.218462 0.285705 2.165200
0.355598 0.160620 2.166060
0.295753 0.056883 1.982530
0.260412 0.027911 1.943520
0.026465 -0.081659 2.027420
-0.013266 -0.515132 2.032960
-0.020995 -0.782557 2.031070
-0.001675 -0.849718 2.001940
0.154221 -0.081803 2.077140
0.194711 -0.490025 2.059390
0.203238 -0.782424 2.057710
0.239199 -0.810406 1.983640
0.088605 -0.011179 2.062730
0.067277 0.048348 2.108780
0.047452 0.391165 2.112210
0.090231 0.569006 2.115570
-0.076134 0.279887 2.058590
-0.145139 0.050259 1.963890
-0.100022 -0.136117 1.836400
-0.075625 -0.202424 1.803010
0.224420 0.286128 2.164800
0.364987 0.163727 2.160660
0.299030 0.062813 1.977610
0.264513 0.035645 1.943700
0.031026 -0.081068 2.027480
-0.010886 -0.514435 2.033500
-0.020955 -0.783233 2.031880
-0.002817 -0.851326 2.004590
0.160252 -0.080291 2.076820
0.198557 -0.489617 2.060830
0.205686 -0.781447 2.057280
0.250021 -0.805930 1.976190
0.094049 -0.009629 2.062470
0.072851 0.049770 2.108270
0.052821 0.391508 2.110730
0.092320 0.569739 2.116620
-0.072392 0.279773 2.056580
-0.133078 0.048893 1.960160
-0.080305 -0.138303 1.837550
-0.052612 -0.204439 1.807100
0.230054 0.286283 2.163390
0.376805 0.167827 2.152400
0.303158 0.067620 1.972920
0.271016 0.041564 1.941030
0.035921 -0.080542 2.027480
-0.008634 -0.513207 2.033900
-0.020783 -0.783864 2.032630
-0.002896 -0.852305 2.006190
0.166318 -0.078826 2.076520
0.202009 -0.489261 2.062150
0.207842 -0.780495 2.056790
0.257008 -0.803115 1.971490
0.099509 -0.008192 2.062110
0.078458 0.051146 2.107700
0.058481 0.392086 2.109220
0.093984 0.570445 2.117340
-0.067710 0.279781 2.054400
-0.123483 0.047639 1.958770
-0.061657 -0.140381 1.843650
-0.027741 -0.206764 1.817200
0.234984 0.286677 2.161810
0.385539 0.171227 2.146240
0.308178 0.071823 1.968010
0.277254 0.045417 1.937490
0.041103 -0.080009 2.027210
-0.006548 -0.511851 2.034260
-0.020369 -0.784554 2.033470
-0.002168 -0.852428 2.007100
0.172140 -0.077449 2.076320
0.204954 -0.488881 2.063330
0.209670 -0.779622 2.056310
0.260691 -0.801312 1.968830
0.104906 -0.006739 2.061670
0.083927 0.052502 2.107090
0.063714 0.392591 2.107840
0.096156 0.571200 2.118070
-0.062922 0.279742 2.052390
-0.114522 0.046558 1.959040
-0.044301 -0.136807 1.858060
-0.009007 -0.203082 1.832510
0.239907 0.287390 2.160150
0.395061 0.176213 2.139820
0.315858 0.076839 1.963380
0.283858 0.048706 1.934700
0.046129 -0.079385 2.026780
-0.004571 -0.510393 2.034470
-0.019786 -0.785147 2.034180
-0.001074 -0.852064 2.007450
0.178147 -0.075936 2.076060
0.207722 -0.488309 2.064420
0.211426 -0.778778 2.055820
0.261308 -0.800593 1.968340
0.109944 -0.005291 2.061150
0.088900 0.053849 2.106430
0.068203 0.393182 2.106520
0.098534 0.572188 2.118900
-0.058245 0.279884 2.050660
-0.106840 0.045424 1.960580
-0.032250 -0.132457 1.871380
0.004620 -0.198522 1.848230
0.244862 0.289232 2.158820
0.403270 0.182058 2.134780
0.323593 0.080898 1.958830
0.289282 0.051124 1.932120
0.050984 -0.078645 2.026210
-0.002661 -0.508756 2.034590
-0.019170 -0.785656 2.034770
0.000661 -0.851130 2.007310
0.183751 -0.074336 2.075790
0.210555 -0.487684 2.065610
0.213017 -0.778050 2.055340
0.260033 -0.800734 1.969300
0.114148 -0.004132 2.060690
0.093114 0.054952 2.105890
0.072121 0.393775 2.105500
0.101355 0.572815 2.119370
-0.053844 0.280063 2.049220
-0.099910 0.044302 1.963360
-0.023814 -0.129808 1.882750
0.015102 -0.195614 1.864020
0.249287 0.291232 2.157470
0.410308 0.187960 2.131010
0.334863 0.085358 1.952410
0.295865 0.053983 1.928690
0.055132 -0.078029 2.025630
-0.000598 -0.506846 2.034600
-0.018315 -0.786143 2.035290
0.002589 -0.849997 2.006760
0.188252 -0.073069 2.075580
0.212875 -0.487161 2.066550
0.214415 -0.777468 2.054910
0.257925 -0.801392 1.970880
0.117910 -0.003159 2.060210
0.096945 0.055910 2.105360
0.075799 0.394422 2.104600
0.104457 0.573602 2.119790
-0.049618 0.280512 2.048100
-0.094060 0.043560 1.966780
-0.017338 -0.128150 1.893430
0.021869 -0.194157 1.875670
0.252920 0.293023 2.156090
0.417173 0.195087 2.127650
0.346009 0.088688 1.941560
0.302089 0.056410 1.922690
0.058949 -0.077425 2.024970
0.001794 -0.504451 2.034310
-0.017329 -0.786609 2.035750
0.004396 -0.848870 2.005980
0.192096 -0.072003 2.075360
0.214864 -0.486661 2.067280
0.215664 -0.776985 2.054510
0.255819 -0.802157 1.972470
0.121289 -0.002305 2.059690
0.100594 0.056815 2.104800
0.080112 0.395187 2.103580
0.107747 0.574649 2.120190
-0.045660 0.281064 2.047180
-0.088352 0.043360 1.971390
-0.013074 -0.126650 1.903690
0.026435 -0.192879 1.888160
0.257329 0.294732 2.154400
0.425153 0.202678 2.123820
0.356385 0.091171 1.920870
0.305738 0.058365 1.918170
0.062105 -0.076871 2.024330
0.004805 -0.501476 2.033500
-0.016293 -0.786986 2.036100
0.005825 -0.847925 2.005180
0.195551 -0.071161 2.075060
0.216654 -0.486129 2.067910
0.216833 -0.776503 2.054110
0.254053 -0.802732 1.973770
0.124164 -0.001544 2.059180
0.103823 0.057646 2.104280
0.084590 0.396038 2.102790
0.111211 0.575782 2.120670
-0.041592 0.281707 2.046430
-0.083276 0.042939 1.976680
-0.006475 -0.131582 1.915000
0.031615 -0.198094 1.899090
0.262599 0.296507 2.152690
0.434303 0.211146 2.117390
0.368449 0.096563 1.895200
0.311437 0.078720 1.905300
0.064652 -0.076341 2.023730
0.007325 -0.499058 2.032730
-0.015357 -0.787293 2.036360
0.007106 -0.847044 2.004370
0.198425 -0.070501 2.074710
0.218376 -0.485581 2.068430
0.217965 -0.776007 2.053730
0.252752 -0.803102 1.974770
0.126658 -0.000869 2.058670
0.106681 0.058378 2.103780
0.088967 0.396717 2.102160
0.115925 0.576758 2.121310
-0.037660 0.282297 2.045740
-0.078515 0.042075 1.982680
-0.002698 -0.135385 1.922190
0.034486 -0.202409 1.906340
0.267365 0.298086 2.151120
0.440392 0.216398 2.114800
0.392006 0.121305 1.868380
0.357796 0.100377 1.828830
0.066827 -0.075793 2.023110
0.009325 -0.497278 2.032090
-0.014507 -0.787535 2.036540
0.008087 -0.846339 2.003630
0.200816 -0.070004 2.074330
0.219992 -0.484978 2.068810
0.218891 -0.775594 2.053420
0.251689 -0.803402 1.975590
0.128836 -0.000263 2.058160
0.109286 0.059059 2.103290
0.093251 0.397355 2.101520
0.120286 0.577582 2.121850
-0.033211 0.282842 2.045030
-0.074875 0.041586 1.987670
-0.000629 -0.138400 1.927180
0.035780 -0.205965 1.911320
0.273445 0.299489 2.149240
0.446067 0.219912 2.112920
0.410899 0.139472 1.853280
0.396060 0.120449 1.778840
0.068633 -0.075260 2.022540
0.010862 -0.496004 2.031580
-0.013735 -0.787750 2.036670
0.008906 -0.845713 2.002880
0.202873 -0.069648 2.073930
0.221478 -0.484451 2.069010
0.219818 -0.775230 2.053140
0.250962 -0.803637 1.976190
0.130668 0.000186 2.057670
0.111577 0.059578 2.102810
0.097880 0.397722 2.100830
0.124845 0.577704 2.122040
-0.028858 0.283368 2.044380
-0.071991 0.041245 1.991890
0.000250 -0.141183 1.930780
0.026842 -0.207003 1.921970
0.278327 0.300484 2.147520
0.451360 0.223359 2.110080
0.484033 0.231733 1.888930
0.472730 0.188331 1.747310
0.070063 -0.074813 2.022050
0.012198 -0.495133 2.031150
-0.012916 -0.787957 2.036740
0.009483 -0.845197 2.002100
0.204570 -0.069440 2.073490
0.222850 -0.483921 2.069100
0.220884 -0.774907 2.052900
0.250533 -0.803819 1.976660
0.132387 0.000610 2.057200
0.113911 0.060090 2.102360
0.102570 0.398070 2.100270
0.128982 0.577829 2.122330
-0.025323 0.283763 2.043960
-0.069817 0.041116 1.995290
-0.000038 -0.144288 1.933480
0.021209 -0.208085 1.927260
0.284134 0.301363 2.145440
0.468788 0.233905 2.079730
0.538383 0.267452 1.867730
0.557765 0.265878 1.706570
0.071240 -0.074412 2.021660
0.013354 -0.494453 2.030770
-0.012218 -0.788125 2.036770
0.009993 -0.844685 2.001280
0.206235 -0.069306 2.072930
0.224122 -0.483400 2.069080
0.221832 -0.774632 2.052710
0.250192 -0.803961 1.977000
0.133862 0.000920 2.056770
0.116132 0.060487 2.101970
0.106491 0.398374 2.099840
0.132506 0.577946 2.122530
-0.022372 0.284170 2.043750
-0.068090 0.041043 1.997980
-0.002014 -0.147883 1.935260
0.013083 -0.209815 1.929790
0.289247 0.301579 2.142100
0.497089 0.249406 2.020150
0.617921 0.325567 1.810110
0.654061 0.351589 1.665090
0.072187 -0.074084 2.021360
0.014318 -0.493934 2.030440
-0.011620 -0.788266 2.036780
0.010608 -0.843959 2.000190
0.207720 -0.069244 2.072290
0.225295 -0.482905 2.069000
0.222699 -0.774388 2.052570
0.249889 -0.804070 1.977270
0.135135 0.001144 2.056400
0.118232 0.060779 2.101680
0.110045 0.398572 2.099590
0.137443 0.577826 2.123080
-0.019919 0.284506 2.043690
-0.066870 0.041019 2.000000
-0.005662 -0.151345 1.936250
0.003908 -0.211534 1.930360
0.293304 0.301611 2.138240
0.516058 0.260698 1.979860
0.672230 0.354613 1.802830
0.706277 0.362081 1.752410
0.072980 -0.073808 2.021150
0.015127 -0.493543 2.030170
-0.010992 -0.788350 2.036720
0.011100 -0.843233 1.999020
0.208982 -0.069217 2.071650
0.226387 -0.482351 2.068860
0.223451 -0.774189 2.052460
0.249602 -0.804163 1.977480
0.136279 0.001272 2.056090
0.120269 0.060944 2.101510
0.113394 0.398808 2.099680
0.141111 0.577698 2.123520
-0.017792 0.284865 2.043770
-0.066015 0.041122 2.001670
-0.012256 -0.154201 1.936560
-0.005782 -0.213747 1.929520
0.296227 0.301636 2.133990
0.522872 0.264862 1.965860
0.677750 0.337710 1.822450
0.735477 0.351613 1.783690
0.073698 -0.073573 2.021060
0.015799 -0.493251 2.029940
-0.010370 -0.788402 2.036620
0.011407 -0.842652 1.997980
0.210077 -0.069215 2.071000
0.227453 -0.481717 2.068610
0.224162 -0.774024 2.052410
0.249339 -0.804241 1.977650
0.137243 0.001324 2.055830
0.122059 0.061005 2.101390
0.116207 0.399019 2.099930
0.144572 0.577744 2.124210
-0.015962 0.285186 2.043990
-0.065435 0.041209 2.002910
-0.020187 -0.156537 1.936550
-0.015815 -0.219633 1.927270
0.298231 0.301668 2.129960
0.526161 0.267031 1.957750
0.682205 0.314118 1.835030
0.749954 0.313798 1.804300
0.074306 -0.073379 2.021030
0.016340 -0.493041 2.029760
-0.009739 -0.788433 2.036470
0.011559 -0.842183 1.997020
0.211039 -0.069255 2.070200
0.228480 -0.481013 2.068260
0.224897 -0.773885 2.052410
0.249128 -0.804305 1.977790
0.138052 0.001312 2.055590
0.123579 0.060992 2.101310
0.118531 0.399235 2.100250
0.147705 0.577967 2.125050
-0.014316 0.285485 2.044440
-0.065044 0.041259 2.003880
-0.027930 -0.158449 1.936260
-0.023988 -0.224934 1.925000
0.299535 0.301692 2.126800
0.515760 0.257938 1.965610
0.687835 0.284417 1.840060
0.753286 0.279949 1.814990
0.074824 -0.073224 2.021070
0.016810 -0.492888 2.029610
-0.009132 -0.788450 2.036300
0.011620 -0.841795 1.996140
0.211887 -0.069350 2.069120
0.229477 -0.480261 2.067810
0.225595 -0.773778 2.052440
0.248951 -0.804359 1.977900
0.138803 0.001203 2.055350
0.124947 0.060869 2.101220
0.120499 0.399372 2.100550
0.150098 0.578130 2.125650
-0.012903 0.285694 2.044980
-0.064821 0.041188 2.004720
-0.034239 -0.159825 1.935930
-0.030096 -0.229567 1.923030
0.300367 0.301652 2.124430
0.501308 0.236427 1.980900
0.676333 0.226515 1.843830
0.740149 0.226214 1.824240
0.075290 -0.073117 2.021160
0.017222 -0.492797 2.029490
-0.008476 -0.788441 2.036070
0.011515 -0.841479 1.995280
0.212631 -0.069523 2.067910
0.230394 -0.479607 2.067300
0.226308 -0.773701 2.052490
0.248829 -0.804403 1.977990
0.139485 0.001010 2.055100
0.126125 0.060668 2.101140
0.122018 0.399441 2.100800
0.151647 0.578246 2.126090
-0.011777 0.285843 2.045530
-0.064792 0.041099 2.005490
-0.039477 -0.160804 1.935860
-0.034335 -0.232634 1.921800
0.300859 0.301502 2.122610
0.483961 0.200009 2.001240
0.653621 0.158129 1.844530
0.717632 0.157818 1.824710
0.075702 -0.073053 2.021280
0.017611 -0.492743 2.029380
-0.007837 -0.788418 2.035830
0.011300 -0.841164 1.994370
0.213250 -0.069754 2.066720
0.231265 -0.478960 2.066680
0.227097 -0.773631 2.052560
0.248753 -0.804433 1.978050
0.140207 0.000633 2.054780
0.127211 0.060340 2.101010
0.123177 0.399484 2.101000
0.152825 0.578366 2.126440
-0.010836 0.285912 2.046070
-0.064963 0.040980 2.006240
-0.043771 -0.161614 1.936150
-0.037561 -0.234891 1.921090
0.301108 0.301075 2.121150
0.466055 0.158705 2.023460
0.619096 0.089441 1.851880
0.675263 0.088320 1.827140
0.076116 -0.073055 2.021410
0.018032 -0.492733 2.029300
-0.007055 -0.788310 2.035510
0.010894 -0.840950 1.993580
0.213815 -0.070130 2.065430
0.232035 -0.478400 2.066070
0.227595 -0.773530 2.052540
0.248656 -0.804440 1.978070
0.140912 0.000133 2.054410
0.128174 0.059925 2.100850
0.124074 0.399488 2.101160
0.153854 0.578346 2.126690
-0.010058 0.285910 2.046630
-0.065385 0.040813 2.007100
-0.047376 -0.162091 1.936740
-0.039931 -0.236386 1.920750
0.301227 0.300352 2.120080
0.445766 0.121240 2.043020
0.571249 0.023369 1.874600
0.625135 0.011808 1.834350
0.076503 -0.073105 2.021550
0.018475 -0.492768 2.029220
-0.006191 -0.788163 2.035150
0.010313 -0.840792 1.992830
0.214335 -0.070660 2.064090
0.232762 -0.477934 2.065440
0.227925 -0.773401 2.052470
0.248457 -0.804372 1.977990
0.141615 -0.000481 2.053990
0.129065 0.059422 2.100650
0.124907 0.399444 2.101290
0.154773 0.578262 2.126770
-0.009426 0.285885 2.047140
-0.065935 0.040648 2.008010
-0.050457 -0.162391 1.937670
-0.041979 -0.237517 1.920810
0.301170 0.299044 2.119290
0.423325 0.079270 2.057750
0.524793 -0.038844 1.900610
0.573420 -0.059068 1.850490
0.076882 -0.073198 2.021670
0.018900 -0.492841 2.029140
-0.005401 -0.788021 2.034830
0.009062 -0.840754 1.992120
0.214786 -0.071288 2.062850
0.233382 -0.477555 2.064870
0.228315 -0.773050 2.052230
0.248291 -0.804121 1.977780
0.142394 -0.001407 2.053420
0.129934 0.058685 2.100320
0.125586 0.399350 2.101360
0.155917 0.577926 2.126440
-0.008897 0.285829 2.047610
-0.066645 0.040452 2.009210
-0.053158 -0.162549 1.939220
-0.044056 -0.238391 1.921750
0.300682 0.296781 2.118870
0.407831 0.056071 2.068510
0.483084 -0.090861 1.930550
0.523542 -0.123888 1.882190
0.077333 -0.073402 2.021750
0.019303 -0.492954 2.029080
-0.004684 -0.787881 2.034530
0.007779 -0.840759 1.991530
0.215191 -0.072107 2.061600
0.233919 -0.477301 2.064360
0.228775 -0.772595 2.051900
0.248236 -0.803791 1.977500
0.143088 -0.002296 2.052880
0.130653 0.057979 2.099990
0.126127 0.399253 2.101400
0.157503 0.577472 2.125650
-0.008477 0.285766 2.048030
-0.067402 0.040241 2.010670
-0.055788 -0.162018 1.941890
-0.046403 -0.238456 1.924540
0.300014 0.294575 2.118890
0.381888 0.037409 2.086960
0.441374 -0.124039 1.970510
0.476495 -0.166338 1.929700
0.077814 -0.073647 2.021780
0.019680 -0.493090 2.029010
-0.004066 -0.787756 2.034270
0.006584 -0.840791 1.991040
0.215507 -0.072847 2.060580
0.234363 -0.477113 2.063900
0.229222 -0.772134 2.051550
0.248257 -0.803437 1.977200
0.143738 -0.003274 2.052280
0.131267 0.057198 2.099600
0.126573 0.399141 2.101420
0.159315 0.576919 2.124560
-0.008124 0.285682 2.048390
-0.067977 0.039955 2.012360
-0.058040 -0.161253 1.945220
-0.048421 -0.238063 1.928560
0.298964 0.291655 2.119380
0.366413 0.027722 2.098070
0.403190 -0.152789 2.012380
0.429388 -0.215527 1.980950
0.078369 -0.073993 2.021670
0.019990 -0.493297 2.028960
-0.003527 -0.787636 2.034040
0.005519 -0.840838 1.990650
0.215745 -0.073641 2.059670
0.234733 -0.476988 2.063470
0.229633 -0.771717 2.051210
0.248352 -0.803098 1.976890
0.144440 -0.004391 2.051650
0.131860 0.056296 2.099150
0.126964 0.399004 2.101410
0.162098 0.576258 2.122880
-0.007802 0.285580 2.048700
-0.068410 0.039662 2.013980
-0.059717 -0.160248 1.948600
-0.055316 -0.226139 1.946180
0.297737 0.288421 2.120220
0.350805 0.018720 2.110710
0.366508 -0.177047 2.056700
0.386151 -0.252487 2.035760
0.079195 -0.074555 2.021340
0.020248 -0.493583 2.028900
-0.003082 -0.787541 2.033840
0.004580 -0.840887 1.990310
0.215985 -0.074544 2.058930
0.235047 -0.476962 2.063000
0.229985 -0.771356 2.050880
0.248493 -0.802783 1.976590
0.145226 -0.005554 2.051070
0.132463 0.055350 2.098720
0.127300 0.398843 2.101380
0.167086 0.575126 2.120130
-0.007536 0.285486 2.048960
-0.068724 0.039389 2.015560
-0.060891 -0.159184 1.951690
-0.056731 -0.223654 1.951960
0.296426 0.285674 2.121090
0.336968 0.014619 2.123990
0.333438 -0.199412 2.097340
0.340631 -0.284620 2.089890
0.080526 -0.075385 2.020800
0.020445 -0.493873 2.028810
-0.002715 -0.787457 2.033680
0.003731 -0.840939 1.990040
0.216276 -0.075456 2.058430
0.235289 -0.476952 2.062450
0.230281 -0.771032 2.050550
0.248656 -0.802485 1.976280
0.146001 -0.006592 2.050610
0.132968 0.054498 2.098340
0.127607 0.398594 2.101290
0.172614 0.573609 2.116690
-0.007302 0.285399 2.049160
-0.069092 0.039161 2.017420
-0.061787 -0.158086 1.954340
-0.057683 -0.222434 1.955330
0.294753 0.284092 2.122600
0.320790 0.018836 2.146470
0.317170 -0.180736 2.133680
0.314713 -0.288150 2.128400
0.082114 -0.076256 2.020170
0.020563 -0.494206 2.028690
-0.002411 -0.787382 2.033530
-0.021308 -0.838949 1.997360
0.216616 -0.076281 2.058220
0.235438 -0.476912 2.061800
0.230520 -0.770732 2.050190
0.248890 -0.802190 1.975930
0.146607 -0.007506 2.050190
0.133352 0.053699 2.097960
0.127891 0.398242 2.101110
0.177401 0.571876 2.113530
-0.007114 0.285326 2.049330
-0.069511 0.039067 2.019080
-0.062504 -0.156988 1.956530
-0.058252 -0.222008 1.957460
0.292699 0.283209 2.124030
0.306708 0.033469 2.180940
0.302643 -0.178849 2.158620
0.303724 -0.271795 2.156010
0.083401 -0.077010 2.019510
0.020590 -0.494521 2.028510
-0.002148 -0.787302 2.033400
-0.024817 -0.839920 1.999600
0.216828 -0.077010 2.058080
0.235506 -0.476855 2.061070
0.230709 -0.770465 2.049840
0.249119 -0.801921 1.975590
0.147112 -0.008607 2.049660
0.133674 0.052699 2.097460
0.128155 0.397818 2.100870
0.182021 0.570371 2.110780
-0.006935 0.285277 2.049440
-0.069959 0.039159 2.020350
-0.063111 -0.155972 1.958160
-0.058538 -0.221944 1.958670
0.289316 0.282555 2.124680
0.299830 0.038189 2.191670
0.297755 -0.166000 2.168720
0.298933 -0.252140 2.167710
0.084540 -0.077782 2.018690
0.020506 -0.494840 2.028250
-0.001927 -0.787223 2.033270
0.021759 -0.830852 2.023090
0.216885 -0.077804 2.058000
0.235455 -0.476854 2.060420
0.230859 -0.770231 2.049500
0.249307 -0.801683 1.975260
0.147405 -0.010043 2.048940
0.133832 0.051369 2.096770
0.128406 0.397262 2.100550
0.186011 0.568927 2.108600
-0.006762 0.285244 2.049490
-0.070522 0.039417 2.021220
-0.063673 -0.155028 1.959280
-0.058625 -0.222190 1.958610
0.285272 0.281645 2.124540
0.295205 0.041650 2.198210
0.296914 -0.154091 2.171170
0.299118 -0.235493 2.169720
0.085435 -0.078604 2.017740
0.020340 -0.495121 2.027890
-0.001755 -0.787116 2.033130
0.015821 -0.833024 2.023480
0.216590 -0.078939 2.057910
0.235306 -0.476831 2.059720
0.230978 -0.770032 2.049210
0.249476 -0.801478 1.974970
0.147484 -0.011648 2.048140
0.133791 0.049899 2.096000
0.128613 0.396720 2.100220
0.189236 0.567553 2.106680
-0.006566 0.285223 2.049420
-0.071491 0.039951 2.021560
-0.064246 -0.154228 1.959880
-0.058589 -0.222808 1.956630
0.281600 0.280848 2.124220
0.292161 0.044837 2.201790
0.298308 -0.144199 2.169180
0.301622 -0.222689 2.166790
0.086100 -0.079427 2.016740
0.020071 -0.495442 2.027490
-0.001630 -0.787003 2.032960
-0.020061 -0.832721 2.020740
0.215993 -0.080279 2.057800
0.235035 -0.476919 2.059120
0.231052 -0.769840 2.048880
0.249639 -0.801279 1.974670
0.147493 -0.012968 2.047480
0.133629 0.048643 2.095320
0.128756 0.396194 2.099920
0.191624 0.566552 2.105220
-0.006365 0.285208 2.049230
-0.072898 0.040740 2.021140
-0.064862 -0.153450 1.959940
-0.058504 -0.223589 1.953440
0.278668 0.280479 2.124370
0.290370 0.048048 2.203590
0.300326 -0.136387 2.166710
0.304504 -0.213228 2.163590
0.086600 -0.080130 2.015820
0.019741 -0.495781 2.027050
-0.001535 -0.786880 2.032780
-0.002417 -0.821890 1.982720
0.215378 -0.081453 2.057760
0.234705 -0.477041 2.058620
0.231102 -0.769659 2.048570
0.249854 -0.801084 1.974370
0.147398 -0.014143 2.046920
0.133345 0.047500 2.094720
0.128854 0.395711 2.099670
0.193483 0.565677 2.104090
-0.006129 0.285222 2.048860
-0.074778 0.041535 2.019410
-0.065567 -0.152810 1.958810
-0.058250 -0.224841 1.949130
0.276280 0.280092 2.124590
0.289542 0.050711 2.203850
0.302476 -0.131007 2.163760
0.307295 -0.207010 2.160050
0.086936 -0.080747 2.014980
0.019381 -0.496110 2.026600
-0.001469 -0.786753 2.032610
0.035653 -0.819041 2.005080
0.214598 -0.082648 2.057800
0.234317 -0.477218 2.058230
0.231132 -0.769483 2.048250
0.250106 -0.800889 1.974090
0.147253 -0.015106 2.046480
0.132980 0.046519 2.094230
0.128882 0.395279 2.099490
0.194784 0.565018 2.103250
-0.005937 0.285317 2.048360
-0.077324 0.042654 2.015810
-0.066265 -0.152299 1.956020
-0.057540 -0.226146 1.943560
0.274123 0.279469 2.124920
0.289228 0.052579 2.203250
0.304259 -0.127696 2.161040
0.309545 -0.203327 2.156860
0.087141 -0.081282 2.014200
0.018992 -0.496430 2.026130
-0.001421 -0.786631 2.032440
0.057004 -0.818353 2.020260
0.213754 -0.083773 2.058000
0.233876 -0.477419 2.057970
0.231136 -0.769300 2.047950
0.250386 -0.800681 1.973820
0.147081 -0.015863 2.046160
0.132514 0.045690 2.093840
0.128798 0.394880 2.099410
0.195689 0.564478 2.102660
-0.005795 0.285507 2.047670
-0.079498 0.043847 2.011040
-0.066276 -0.152752 1.949880
-0.056187 -0.227677 1.937070
0.271761 0.278825 2.125610
0.288920 0.053932 2.202560
0.305297 -0.125569 2.159140
0.310897 -0.201050 2.154620
0.087260 -0.081720 2.013470
0.018521 -0.496847 2.025700
-0.001393 -0.786519 2.032290
0.027677 -0.831460 2.019890
0.212790 -0.084797 2.058490
0.233361 -0.477691 2.057870
0.231116 -0.769113 2.047660
0.250730 -0.800453 1.973590
0.146954 -0.016423 2.045980
0.132043 0.045028 2.093580
0.128627 0.394496 2.099370
0.196339 0.564051 2.102240
-0.005760 0.285764 2.046820
-0.081368 0.044982 2.005650
-0.065600 -0.153300 1.943070
-0.054212 -0.227804 1.930260
0.269218 0.277721 2.126810
0.288635 0.054680 2.201990
0.305936 -0.124417 2.157810
0.311772 -0.199930 2.152990
0.087390 -0.082106 2.012790
0.018012 -0.497337 2.025340
-0.001382 -0.786415 2.032160
0.016948 -0.837920 2.016170
0.211934 -0.085807 2.059720
0.232746 -0.478041 2.057960
0.231088 -0.768937 2.047390
0.251168 -0.800217 1.973390
0.146837 -0.016841 2.045900
0.131506 0.044493 2.093430
0.128138 0.394079 2.099480
0.196803 0.563661 2.101980
-0.005871 0.286062 2.045750
-0.082822 0.045867 2.000520
-0.064032 -0.153271 1.935910
-0.051527 -0.227138 1.923620
0.266662 0.276715 2.128520
0.288345 0.055200 2.201660
0.306286 -0.123677 2.156980
0.312280 -0.199317 2.151920
0.087499 -0.082420 2.012200
0.017277 -0.498308 2.025100
-0.001398 -0.786340 2.032060
0.036332 -0.832299 2.034540
0.211139 -0.086659 2.061380
0.231946 -0.478651 2.058470
0.231050 -0.768774 2.047170
0.251705 -0.799969 1.973250
0.146693 -0.017207 2.045910
0.130820 0.043988 2.093400
0.126535 0.393549 2.099870
0.197012 0.563164 2.101880
-0.006096 0.286320 2.044570
-0.083915 0.046474 1.995630
-0.061438 -0.153035 1.928660
-0.046439 -0.226420 1.915670
0.263536 0.274835 2.130470
0.287922 0.055217 2.201210
0.306266 -0.123877 2.156170
0.312315 -0.199897 2.150910
0.087616 -0.082756 2.011610
0.016484 -0.499415 2.024970
-0.001432 -0.786274 2.031990
0.034844 -0.833796 2.026570
0.210308 -0.087559 2.063750
0.231191 -0.479248 2.059080
0.231016 -0.768640 2.047000
0.252337 -0.799725 1.973210
0.146493 -0.017529 2.046090
0.129933 0.043527 2.093560
0.123834 0.393015 2.100650
0.195829 0.561563 2.101680
-0.006584 0.286582 2.043250
-0.084602 0.046840 1.990890
-0.057663 -0.152999 1.921780
-0.039956 -0.225612 1.907870
0.260344 0.272592 2.132570
0.287343 0.054799 2.200750
0.305841 -0.124891 2.155560
0.311867 -0.201415 2.150180
0.087728 -0.083097 2.011060
0.015782 -0.500461 2.024910
-0.001499 -0.786243 2.031980
0.030404 -0.834706 2.009320
0.209519 -0.088340 2.066640
0.230269 -0.480420 2.060220
0.230973 -0.768545 2.046890
0.252965 -0.799536 1.973260
0.146243 -0.017808 2.046500
0.128496 0.043092 2.093920
0.120378 0.392541 2.101790
0.192617 0.558587 2.101930
-0.007168 0.286782 2.042010
-0.084961 0.047002 1.986710
-0.053062 -0.150809 1.915220
-0.032655 -0.223592 1.900530
0.248982 0.276636 2.142490
0.283863 0.056287 2.202340
0.302315 -0.124162 2.157560
0.308370 -0.201108 2.152130
0.087897 -0.083396 2.010630
0.014999 -0.501691 2.025050
-0.001679 -0.786293 2.032100
0.027746 -0.834561 1.999370
0.208745 -0.088760 2.069760
0.229262 -0.482145 2.061650
0.230903 -0.768491 2.046830
0.254242 -0.799443 1.973770
0.145942 -0.018007 2.047280
0.126970 0.042775 2.094580
0.115381 0.392412 2.103490
0.189964 0.556295 2.102270
-0.007912 0.286870 2.040840
-0.085279 0.046960 1.983410
-0.048729 -0.148140 1.910020
-0.025269 -0.220558 1.894220
0.242129 0.279460 2.148380
0.280395 0.057836 2.204010
0.304083 -0.161350 2.163640
0.309252 -0.225020 2.156010
0.088119 -0.083661 2.010320
0.014203 -0.502926 2.025310
-0.001893 -0.786376 2.032320
0.025972 -0.834611 1.993800
0.208125 -0.088728 2.073110
0.228220 -0.484078 2.063190
0.230692 -0.768516 2.046860
0.255186 -0.799505 1.974370
0.145571 -0.018140 2.048600
0.125536 0.042533 2.095670
0.110215 0.392217 2.105390
0.185591 0.553203 2.102840
-0.009423 0.286751 2.039620
-0.085497 0.046579 1.980780
-0.044445 -0.145433 1.905990
-0.019227 -0.217789 1.889630
0.238031 0.279185 2.150230
0.280108 0.049720 2.199500
0.305820 -0.177164 2.164680
0.315212 -0.233803 2.156120
0.088363 -0.083921 2.010110
0.008334 -0.520807 2.031970
-0.002123 -0.786473 2.032590
0.024924 -0.835014 1.991050
0.207754 -0.088547 2.076730
0.227331 -0.485675 2.064440
0.230387 -0.768575 2.046940
0.255680 -0.799557 1.974770
0.145206 -0.018189 2.050430
0.124163 0.042383 2.097140
0.105567 0.392139 2.107290
0.181296 0.551134 2.103540
-0.011031 0.286541 2.038660
-0.085628 0.046153 1.978840
-0.040553 -0.142703 1.903130
-0.012182 -0.213898 1.885600
0.235235 0.278832 2.151300
0.280508 0.043804 2.195910
0.307585 -0.184584 2.163380
0.318688 -0.238443 2.152270
0.088710 -0.084217 2.010070
0.006567 -0.524872 2.033850
-0.002442 -0.786614 2.032960
0.024146 -0.835288 1.989120
0.207642 -0.088209 2.080150
0.226407 -0.487318 2.065650
0.229922 -0.768696 2.047080
0.255975 -0.799634 1.975100
0.144723 -0.018224 2.052320
0.122856 0.042268 2.098790
0.101691 0.392127 2.108970
0.177322 0.549765 2.104050
-0.013147 0.286187 2.038040
-0.085733 0.045638 1.977380
-0.037280 -0.140211 1.901280
-0.006913 -0.210662 1.883070
0.232406 0.276469 2.150150
0.281479 0.038554 2.193480
0.312510 -0.187600 2.154020
0.328998 -0.237122 2.123610
0.089018 -0.084501 2.010100
0.005481 -0.527221 2.034910
-0.002932 -0.786810 2.033350
0.027866 -0.834917 1.992640
0.207461 -0.087946 2.082930
0.225533 -0.488533 2.066580
0.229384 -0.768828 2.047260
0.256084 -0.799716 1.975390
0.144160 -0.018217 2.054100
0.121643 0.042193 2.100450
0.098138 0.392116 2.110650
0.173039 0.548849 2.104650
-0.015919 0.285719 2.037860
-0.085812 0.045254 1.976400
-0.034557 -0.138087 1.900200
-0.002558 -0.207866 1.881530
0.230127 0.273206 2.147610
0.282851 0.034865 2.192240
0.319644 -0.186292 2.138440
0.334115 -0.235505 2.107890
0.089267 -0.084762 2.010170
0.004476 -0.528256 2.035710
-0.003550 -0.787024 2.033740
0.033283 -0.833829 1.999400
0.207282 -0.087714 2.085060
0.224656 -0.489374 2.067290
0.228691 -0.768997 2.047490
0.255912 -0.799843 1.975700
0.143518 -0.018133 2.055700
0.120484 0.042189 2.102010
0.095246 0.392105 2.112210
0.168667 0.548277 2.105270
-0.018652 0.285223 2.038040
-0.085872 0.044936 1.975730
-0.032336 -0.136227 1.899830
0.000791 -0.205542 1.880920
0.228585 0.271108 2.145840
0.284303 0.032577 2.191540
0.325569 -0.178052 2.124070
0.340901 -0.227350 2.092350
0.089442 -0.084971 2.010250
0.003520 -0.527213 2.036170
-0.004229 -0.787172 2.034040
0.036213 -0.833471 2.004010
0.207056 -0.087470 2.086680
0.223728 -0.489960 2.067850
0.227926 -0.769178 2.047750
0.255547 -0.799992 1.976020
0.142832 -0.018100 2.057090
0.119408 0.042132 2.103410
0.092964 0.392012 2.113570
0.165594 0.547941 2.105780
-0.021331 0.284632 2.038530
-0.085953 0.044616 1.975350
-0.029535 -0.135689 1.900510
0.003858 -0.204718 1.880930
0.227464 0.269782 2.144630
0.285716 0.031151 2.191090
0.331143 -0.166924 2.111760
0.349866 -0.216453 2.076240
0.089540 -0.085189 2.010390
0.002615 -0.524835 2.036380
-0.004973 -0.787311 2.034290
0.040417 -0.832291 2.012320
0.206818 -0.087281 2.087850
0.222804 -0.490310 2.068270
0.227071 -0.769416 2.048070
0.254959 -0.800211 1.976390
0.142090 -0.018135 2.058280
0.118394 0.042018 2.104620
0.091165 0.391885 2.114690
0.163359 0.547724 2.106160
-0.023703 0.284084 2.039210
-0.086055 0.044173 1.975420
-0.026098 -0.137157 1.902560
0.006440 -0.204798 1.882610
0.226654 0.268820 2.143720
0.287140 0.030253 2.190760
0.335849 -0.156345 2.102780
0.355739 -0.209449 2.066630
0.089527 -0.085444 2.010650
0.001886 -0.522239 2.036390
-0.005705 -0.787429 2.034500
0.038308 -0.834092 2.013470
0.206546 -0.087127 2.088680
0.221925 -0.490589 2.068600
0.226172 -0.769672 2.048410
0.254192 -0.800462 1.976750
0.141198 -0.018186 2.059310
0.117363 0.041897 2.105670
0.089786 0.391752 2.115610
0.161607 0.547610 2.106450
-0.025823 0.283542 2.040040
-0.086258 0.043587 1.976070
-0.023020 -0.140762 1.906280
0.008246 -0.205655 1.886620
0.226063 0.268259 2.143210
0.288515 0.029850 2.190350
0.338946 -0.148654 2.096390
0.359499 -0.204143 2.059760
0.089314 -0.085703 2.010980
0.001331 -0.518981 2.036220
-0.006400 -0.787490 2.034630
0.041936 -0.831848 2.024570
0.206100 -0.086981 2.089300
0.221107 -0.490766 2.068860
0.225302 -0.769935 2.048750
0.253369 -0.800730 1.977120
0.140347 -0.018242 2.060160
0.116455 0.041778 2.106550
0.088697 0.391615 2.116400
0.160144 0.547579 2.106750
-0.027629 0.283039 2.040890
-0.086638 0.042768 1.977550
-0.021533 -0.144662 1.910640
0.006244 -0.206077 1.895920
0.225617 0.267867 2.142810
0.289720 0.029700 2.189780
0.340616 -0.140349 2.091890
0.361873 -0.200584 2.054980
0.089031 -0.085940 2.011330
0.000919 -0.516141 2.035990
-0.007022 -0.787532 2.034700
0.040058 -0.833018 2.023970
0.205610 -0.086856 2.089740
0.220382 -0.490886 2.069050
0.224469 -0.770199 2.049100
0.252497 -0.801008 1.977480
0.139444 -0.018301 2.060910
0.115608 0.041673 2.107320
0.087866 0.391503 2.117070
0.158852 0.547697 2.107050
-0.029125 0.282572 2.041750
-0.087641 0.041470 1.980580
-0.022070 -0.148953 1.916080
0.001946 -0.207478 1.905770
0.225284 0.267626 2.142500
0.290867 0.029812 2.188810
0.341018 -0.135367 2.087970
0.363140 -0.198016 2.051200
0.088555 -0.086150 2.011780
0.000637 -0.513784 2.035770
-0.007585 -0.787563 2.034750
0.042416 -0.830326 2.034840
0.204956 -0.086737 2.090030
0.219769 -0.490960 2.069190
0.223726 -0.770460 2.049430
0.251640 -0.801292 1.977810
0.138389 -0.018396 2.061560
0.114751 0.041557 2.108000
0.087246 0.391406 2.117620
0.157889 0.547800 2.107280
-0.030355 0.282199 2.042590
-0.088933 0.040441 1.984230
-0.028338 -0.152326 1.925240
-0.025010 -0.210513 1.927160
0.225044 0.267472 2.142260
0.291931 0.029969 2.187170
0.340088 -0.132620 2.084610
0.363248 -0.196175 2.047970
0.087751 -0.086331 2.012320
0.000418 -0.511894 2.035600
-0.008064 -0.787596 2.034800
0.037304 -0.832540 2.029870
0.203975 -0.086704 2.090160
0.219208 -0.490963 2.069290
0.223053 -0.770732 2.049760
0.250808 -0.801595 1.978140
0.137348 -0.018507 2.062120
0.113983 0.041444 2.108580
0.086783 0.391316 2.118060
0.157162 0.547911 2.107460
-0.031441 0.281916 2.043490
-0.090688 0.040026 1.988750
-0.036065 -0.153991 1.933310
-0.034663 -0.210908 1.935050
0.224864 0.267392 2.142030
0.292693 0.030107 2.185250
0.336241 -0.132499 2.081100
0.359478 -0.195481 2.044670
0.086817 -0.086493 2.012910
0.000275 -0.510449 2.035500
-0.008481 -0.787624 2.034830
0.031259 -0.835430 2.024270
0.202946 -0.086716 2.090220
0.218726 -0.490943 2.069350
0.222467 -0.770982 2.050050
0.249997 -0.801886 1.978410
0.136356 -0.018629 2.062600
0.113311 0.041335 2.109080
0.086439 0.391236 2.118420
0.156632 0.548011 2.107580
-0.032504 0.281774 2.044540
-0.092494 0.040066 1.993160
-0.043992 -0.154675 1.939820
-0.041876 -0.210939 1.939950
0.224742 0.267371 2.141820
0.293065 0.030179 2.183280
0.327216 -0.138048 2.075260
0.346291 -0.198560 2.040390
0.085701 -0.086651 2.013620
0.000176 -0.509446 2.035450
-0.008840 -0.787645 2.034860
0.026391 -0.837753 2.019350
0.201963 -0.086755 2.090210
0.218292 -0.490883 2.069390
0.221978 -0.771200 2.050300
0.249232 -0.802150 1.978630
0.135422 -0.018765 2.063030
0.112729 0.041236 2.109530
0.086191 0.391173 2.118710
0.156250 0.548097 2.107660
-0.033387 0.281702 2.045510
-0.094166 0.040247 1.996950
-0.051162 -0.155295 1.944550
-0.047167 -0.211084 1.943040
0.224685 0.267385 2.141580
0.293253 0.030190 2.181570
0.320390 -0.142763 2.071790
0.336257 -0.201519 2.038400
0.084412 -0.086814 2.014490
0.000111 -0.508722 2.035430
-0.009151 -0.787665 2.034890
0.033187 -0.833569 2.034220
0.201060 -0.086815 2.090170
0.217926 -0.490815 2.069420
0.221559 -0.771388 2.050520
0.248506 -0.802388 1.978810
0.134588 -0.018885 2.063410
0.112235 0.041157 2.109910
0.086017 0.391124 2.118930
0.155991 0.548227 2.107690
-0.034098 0.281714 2.046380
-0.096015 0.040439 2.000370
-0.059272 -0.155179 1.948610
-0.051654 -0.211537 1.945020
0.224689 0.267460 2.141350
0.293330 0.030234 2.180200
0.315349 -0.146359 2.069850
0.328781 -0.203485 2.038320
0.083155 -0.086934 2.015390
0.000067 -0.508213 2.035420
-0.009429 -0.787686 2.034940
0.035866 -0.832114 2.037000
0.200252 -0.086878 2.090120
0.217627 -0.490761 2.069440
0.221203 -0.771557 2.050700
0.247856 -0.802603 1.978940
0.133844 -0.018985 2.063740
0.111792 0.041098 2.110230
0.085894 0.391090 2.119090
0.155848 0.548380 2.107690
-0.034612 0.281761 2.047080
-0.097784 0.040669 2.003140
-0.066481 -0.154974 1.951470
-0.056399 -0.213181 1.946070
0.224775 0.267848 2.141170
0.293340 0.030520 2.179150
0.312002 -0.149070 2.068890
0.323007 -0.206813 2.039210
0.082058 -0.087004 2.016220
0.000064 -0.507872 2.035470
-0.009658 -0.787735 2.035060
0.007564 -0.839111 2.024910
0.199456 -0.086927 2.090080
0.217376 -0.490712 2.069480
0.220906 -0.771702 2.050850
0.247327 -0.802783 1.979060
0.133200 -0.019090 2.064030
0.111415 0.041047 2.110510
0.085808 0.391066 2.119210
0.155822 0.548513 2.107640
-0.034945 0.281840 2.047620
-0.099394 0.040530 2.005080
-0.072654 -0.154815 1.953660
-0.061888 -0.216467 1.946860
0.224924 0.268205 2.140970
0.293448 0.030788 2.178650
0.309846 -0.151173 2.068760
0.319507 -0.208893 2.040340
0.081140 -0.087068 2.016950
0.000109 -0.507631 2.035520
-0.009847 -0.787778 2.035200
-0.008734 -0.843079 2.017680
0.198737 -0.087000 2.090060
0.217172 -0.490662 2.069530
0.220669 -0.771816 2.050980
0.246896 -0.802925 1.979150
0.132652 -0.019233 2.064290
0.111104 0.040984 2.110760
0.085836 0.391039 2.119290
0.156228 0.548439 2.107090
-0.035124 0.281933 2.048010
-0.100663 0.040485 2.006490
-0.077392 -0.154698 1.955250
-0.066476 -0.219575 1.947490
0.225246 0.268610 2.140720
0.293566 0.031066 2.178340
0.308672 -0.153729 2.070170
0.317434 -0.211022 2.042290
0.080340 -0.087185 2.017680
0.000205 -0.507499 2.035610
-0.010025 -0.787827 2.035360
-0.018037 -0.845437 2.013030
0.198115 -0.087105 2.090050
0.216993 -0.490617 2.069600
0.220481 -0.771907 2.051090
0.246551 -0.803039 1.979220
0.132189 -0.019397 2.064540
0.110856 0.040925 2.110970
0.086103 0.391043 2.119290
0.157425 0.548417 2.106450
-0.035125 0.282096 2.048300
-0.101809 0.040571 2.007570
-0.080914 -0.154593 1.956370
-0.070655 -0.222361 1.948180
0.225806 0.268907 2.140260
0.293705 0.031312 2.178200
0.308539 -0.156286 2.072930
0.317220 -0.213858 2.046380
0.079678 -0.087319 2.018350
0.000355 -0.507463 2.035710
-0.010207 -0.787876 2.035510
-0.023646 -0.846995 2.010070
0.197557 -0.087249 2.090070
0.216844 -0.490564 2.069710
0.220338 -0.771976 2.051180
0.246268 -0.803130 1.979280
0.131818 -0.019570 2.064760
0.110653 0.040867 2.111160
0.086635 0.391074 2.119160
0.159770 0.548081 2.105540
-0.034801 0.282349 2.048450
-0.102676 0.040704 2.008330
-0.083559 -0.154571 1.957130
-0.074020 -0.224630 1.948870
0.226342 0.269228 2.139840
0.293855 0.031566 2.178180
0.309717 -0.159053 2.077650
0.318691 -0.216383 2.053030
0.079194 -0.087452 2.018920
0.000565 -0.507519 2.035830
-0.010362 -0.787922 2.035650
-0.021195 -0.848641 2.008730
0.197064 -0.087415 2.090120
0.216733 -0.490502 2.069860
0.220223 -0.772031 2.051250
0.246065 -0.803200 1.979320
0.131547 -0.019760 2.064970
0.110525 0.040805 2.111320
0.087830 0.391109 2.118780
0.163202 0.547804 2.104340
-0.033799 0.282724 2.048350
-0.103327 0.040879 2.008870
-0.085408 -0.154580 1.957670
-0.076641 -0.226672 1.949460
0.227815 0.269111 2.138960
0.294048 0.031939 2.178440
0.311838 -0.162178 2.084030
0.321425 -0.219717 2.061780
0.078841 -0.087594 2.019410
0.000865 -0.507711 2.036000
-0.010493 -0.787963 2.035780
-0.017241 -0.849755 2.007830
0.196676 -0.087622 2.090210
0.216677 -0.490431 2.070080
0.220135 -0.772074 2.051300
0.245902 -0.803257 1.979360
0.131371 -0.019924 2.065160
0.110457 0.040759 2.111460
0.090007 0.391097 2.118030
0.167718 0.547475 2.102860
-0.032357 0.283199 2.048030
-0.103824 0.041101 2.009250
-0.086711 -0.154560 1.958070
-0.078461 -0.228244 1.949880
0.229775 0.269043 2.138190
0.294349 0.032303 2.178990
0.314702 -0.165718 2.092070
0.324531 -0.223681 2.071100
0.078601 -0.087721 2.019830
0.001233 -0.507949 2.036160
-0.010594 -0.787979 2.035880
0.023198 -0.833835 2.031220
0.196394 -0.087825 2.090330
0.216746 -0.490328 2.070500
0.220073 -0.772105 2.051350
0.245790 -0.803300 1.979390
0.131336 -0.020056 2.065370
0.110488 0.040742 2.111620
0.092680 0.391222 2.117120
0.172109 0.547484 2.101720
-0.030356 0.283821 2.047470
-0.104085 0.041371 2.009460
-0.087638 -0.154549 1.958340
-0.079674 -0.229367 1.950150
0.232536 0.270244 2.138350
0.294994 0.033310 2.180920
0.317205 -0.168284 2.099520
0.326869 -0.226355 2.078080
0.078553 -0.087811 2.020260
0.001717 -0.508203 2.036270
-0.010673 -0.787992 2.035950
0.031665 -0.830398 2.020800
0.196241 -0.087983 2.090490
0.217002 -0.490188 2.071090
0.220036 -0.772128 2.051380
0.245742 -0.803339 1.979420
0.131524 -0.020247 2.065660
0.110776 0.040707 2.111840
0.095958 0.391368 2.116200
0.176196 0.547402 2.100640
-0.027826 0.284511 2.046660
-0.103941 0.041763 2.009430
-0.088245 -0.154503 1.958480
-0.080428 -0.230134 1.950270
0.235612 0.270692 2.138240
0.296183 0.034244 2.184270
0.319791 -0.170755 2.108110
0.332879 -0.234187 2.094080
0.078715 -0.087940 2.020700
0.002515 -0.508390 2.036250
-0.010720 -0.788007 2.036010
0.035104 -0.829037 2.012280
0.196267 -0.088239 2.090770
0.217471 -0.490146 2.071880
0.220038 -0.772152 2.051430
0.245759 -0.803384 1.979470
0.132270 -0.020503 2.066120
0.111684 0.040669 2.112210
0.100179 0.391483 2.115290
0.180450 0.547024 2.099540
-0.024427 0.285211 2.045430
-0.103247 0.042324 2.009120
-0.088024 -0.154295 1.958140
-0.080060 -0.230418 1.949810
0.239113 0.270732 2.138030
0.297198 0.034906 2.187260
0.322161 -0.173308 2.115440
0.336966 -0.239374 2.104260
0.079321 -0.088130 2.021220
0.003477 -0.508539 2.036150
-0.010746 -0.788026 2.036070
0.035800 -0.828770 2.005480
0.196800 -0.088643 2.091350
0.218121 -0.490188 2.072810
0.220073 -0.772174 2.051470
0.245856 -0.803433 1.979540
0.133519 -0.020761 2.066640
0.113014 0.040660 2.112580
0.103782 0.391616 2.114410
0.184912 0.546443 2.098460
-0.020954 0.285832 2.044120
-0.101478 0.042968 2.008310
-0.086132 -0.153824 1.956940
-0.076545 -0.229993 1.947660
0.242591 0.270608 2.137900
0.298924 0.035433 2.192250
0.324223 -0.175496 2.121790
0.339516 -0.242923 2.110770
0.080389 -0.088354 2.021760
0.004772 -0.508667 2.035910
-0.010757 -0.788046 2.036120
0.034882 -0.829132 2.000280
0.197932 -0.089130 2.092140
0.218963 -0.490300 2.073740
0.220222 -0.772205 2.051540
0.246155 -0.803506 1.979650
0.135390 -0.020890 2.067120
0.114953 0.040808 2.112860
0.107857 0.391902 2.113370
0.190430 0.546843 2.097120
-0.016970 0.286607 2.042630
-0.098394 0.043869 2.007020
-0.081767 -0.152831 1.954660
-0.066421 -0.222902 1.943390
0.246105 0.270703 2.138010
0.300420 0.036043 2.196470
0.326668 -0.175884 2.130420
0.341030 -0.245133 2.114940
0.081977 -0.088465 2.022180
0.006417 -0.508716 2.035490
-0.010748 -0.788070 2.036180
0.033149 -0.829768 1.996340
0.199584 -0.089545 2.092970
0.219910 -0.490386 2.074630
0.220528 -0.772243 2.051640
0.246766 -0.803605 1.979830
0.137720 -0.020992 2.067480
0.117224 0.040960 2.112970
0.111216 0.392110 2.112410
0.194568 0.546983 2.096110
-0.013184 0.287230 2.041140
-0.094105 0.044610 2.005130
-0.075865 -0.151656 1.951880
-0.046804 -0.220223 1.937760
0.248980 0.270777 2.138070
0.302033 0.036813 2.200580
0.328512 -0.176450 2.136230
0.342013 -0.246676 2.117800
0.084183 -0.088570 2.022440
0.008405 -0.508747 2.034920
-0.010713 -0.788107 2.036230
0.031350 -0.830397 1.993470
0.201648 -0.089892 2.093710
0.220862 -0.490477 2.075440
0.221143 -0.772271 2.051770
0.247833 -0.803695 1.980070
0.140458 -0.020977 2.067650
0.119737 0.041173 2.112900
0.114101 0.392293 2.111540
0.197902 0.547097 2.095380
-0.009451 0.287820 2.039610
-0.088968 0.045199 2.003110
-0.067257 -0.149896 1.948550
-0.033775 -0.218693 1.934050
0.251807 0.271023 2.138360
0.303328 0.037430 2.203560
0.329718 -0.176762 2.139870
0.342692 -0.247749 2.119830
0.086996 -0.088562 2.022440
0.010287 -0.508686 2.034330
-0.010644 -0.788153 2.036280
0.029615 -0.830841 1.991230
0.204073 -0.090136 2.094320
0.221842 -0.490591 2.076160
0.221845 -0.772281 2.051900
0.249108 -0.803758 1.980340
0.143793 -0.020788 2.067670
0.122715 0.041485 2.112670
0.116719 0.392444 2.110750
0.201148 0.547292 2.095110
-0.006112 0.288302 2.038210
-0.083714 0.045539 2.001180
-0.053110 -0.149635 1.944180
-0.022545 -0.219659 1.930820
0.254380 0.271547 2.138690
0.304754 0.038392 2.206310
0.330577 -0.177101 2.142250
0.343207 -0.248528 2.121320
0.090693 -0.088387 2.022200
0.011934 -0.508681 2.033790
-0.010541 -0.788212 2.036320
0.028102 -0.831174 1.989550
0.207050 -0.090183 2.094830
0.222816 -0.490663 2.076750
0.222735 -0.772168 2.052010
0.250604 -0.803658 1.980600
0.147157 -0.020627 2.067530
0.125711 0.041744 2.112340
0.118800 0.392591 2.110070
0.203591 0.547453 2.094980
-0.003039 0.288622 2.036870
-0.079075 0.045649 1.999550
-0.043550 -0.150154 1.941030
-0.015272 -0.217206 1.928300
0.256814 0.271888 2.138700
0.306006 0.039156 2.208250
0.331191 -0.177335 2.143890
0.343534 -0.249045 2.122280
0.094500 -0.088246 2.021770
0.013401 -0.508688 2.033300
-0.010370 -0.788292 2.036350
0.026714 -0.831530 1.988300
0.210258 -0.090222 2.095150
0.223741 -0.490703 2.077230
0.223691 -0.771960 2.052110
0.252016 -0.803452 1.980810
0.150195 -0.020529 2.067210
0.128607 0.041915 2.111870
0.120770 0.392648 2.109360
0.205400 0.547542 2.094900
-0.000660 0.288842 2.035820
-0.075313 0.045626 1.998240
-0.036680 -0.151060 1.938560
-0.010782 -0.215499 1.926690
0.259222 0.271971 2.138370
0.307143 0.039848 2.209490
0.331715 -0.177475 2.144980
0.343745 -0.249475 2.122740
0.097602 -0.088154 2.021320
0.014687 -0.508687 2.032840
-0.010139 -0.788366 2.036350
0.025507 -0.831902 1.987420
0.213433 -0.090262 2.095110
0.224595 -0.490724 2.077610
0.224571 -0.771737 2.052180
0.253136 -0.803246 1.980950
0.152947 -0.020447 2.066760
0.131286 0.042042 2.111290
0.122636 0.392641 2.108570
0.207155 0.547633 2.094910
0.001535 0.288952 2.034820
-0.072341 0.045547 1.997220
-0.032297 -0.151651 1.936950
-0.007841 -0.214306 1.925620
0.261376 0.272121 2.137870
0.308216 0.040514 2.210200
0.332468 -0.177542 2.145070
0.343865 -0.249752 2.122760
0.100399 -0.088082 2.020770
0.015840 -0.508660 2.032390
-0.009877 -0.788443 2.036330
0.024529 -0.832169 1.986760
0.216259 -0.090259 2.094900
0.225476 -0.490676 2.077890
0.225396 -0.771492 2.052230
0.254118 -0.803024 1.981040
0.155436 -0.020342 2.066240
0.133764 0.042168 2.110690
0.124531 0.392686 2.107920
0.208703 0.547821 2.094930
0.003393 0.289024 2.033990
-0.070003 0.045463 1.996500
-0.029353 -0.152152 1.935890
-0.005858 -0.213479 1.924870
0.263310 0.272430 2.137380
0.309476 0.041138 2.210240
0.333419 -0.177278 2.144040
0.344184 -0.249906 2.121910
0.102825 -0.087971 2.020210
0.016833 -0.508615 2.031990
-0.009512 -0.788514 2.036260
0.023750 -0.832389 1.986240
0.218867 -0.090160 2.094470
0.226311 -0.490606 2.078080
0.226142 -0.771224 2.052230
0.254960 -0.802779 1.981070
0.157616 -0.020340 2.065700
0.136104 0.042199 2.110080
0.126367 0.392708 2.107210
0.210216 0.548105 2.094810
0.004862 0.289060 2.033320
-0.068255 0.045380 1.995990
-0.027329 -0.152477 1.935150
-0.004744 -0.212723 1.924370
0.265513 0.272377 2.136170
0.310953 0.041761 2.209830
0.334665 -0.177044 2.142070
0.344567 -0.249637 2.119910
0.104799 -0.087929 2.019760
0.017759 -0.508695 2.031580
-0.008960 -0.788624 2.036150
0.023023 -0.832591 1.985790
0.221248 -0.090115 2.093860
0.227634 -0.490129 2.077850
0.226850 -0.770922 2.052170
0.255602 -0.802532 1.981020
0.159451 -0.020411 2.065160
0.138144 0.042155 2.109520
0.128040 0.392733 2.106560
0.211494 0.548343 2.094690
0.006156 0.289054 2.032750
-0.066989 0.045318 1.995640
-0.025969 -0.152773 1.934650
-0.004365 -0.214163 1.924120
0.267649 0.272068 2.134570
0.312654 0.042474 2.208930
0.338287 -0.157276 2.137180
0.344689 -0.234029 2.116570
0.106394 -0.087933 2.019380
0.018651 -0.508716 2.031140
-0.008391 -0.788729 2.036010
0.022376 -0.832787 1.985420
0.223235 -0.090109 2.093210
0.228926 -0.489583 2.077440
0.227512 -0.770560 2.052050
0.256132 -0.802237 1.980910
0.161024 -0.020471 2.064640
0.139943 0.042119 2.108980
0.129831 0.392689 2.105810
0.212634 0.548471 2.094520
0.007324 0.288998 2.032260
-0.066087 0.045272 1.995430
-0.025632 -0.152836 1.934520
-0.004660 -0.216232 1.924120
0.269492 0.271917 2.133170
0.314710 0.043580 2.207500
0.340066 -0.145999 2.134260
0.344513 -0.223489 2.113690
0.107738 -0.087939 2.019030
0.019550 -0.508642 2.030650
-0.007745 -0.788814 2.035870
0.021688 -0.832985 1.985110
0.224891 -0.090081 2.092580
0.230156 -0.488921 2.076920
0.228150 -0.770171 2.051850
0.256615 -0.801913 1.980710
0.162437 -0.020451 2.064150
0.141572 0.042147 2.108470
0.131588 0.392590 2.105050
0.213659 0.548599 2.094350
0.008333 0.288925 2.031860
-0.065409 0.045244 1.995310
-0.026599 -0.152536 1.934910
-0.005426 -0.217779 1.924360
0.271411 0.272122 2.132000
0.317070 0.044605 2.205460
0.341293 -0.139209 2.132400
0.344889 -0.216567 2.111410
0.108910 -0.087910 2.018720
0.020563 -0.508361 2.030070
-0.007078 -0.788872 2.035730
0.020903 -0.833256 1.984870
0.226373 -0.089985 2.091970
0.231255 -0.488255 2.076390
0.228744 -0.769794 2.051610
0.257039 -0.801591 1.980450
0.163664 -0.020417 2.063710
0.143039 0.042200 2.108010
0.133418 0.392524 2.104230
0.215349 0.548902 2.093680
0.009195 0.288862 2.031570
-0.064866 0.045225 1.995320
-0.028212 -0.152039 1.935730
-0.006621 -0.219148 1.924900
0.273234 0.272487 2.131000
0.319616 0.045555 2.203250
0.342498 -0.134685 2.131450
0.345457 -0.211903 2.110110
0.109874 -0.087883 2.018460
0.021500 -0.508062 2.029510
-0.006464 -0.788917 2.035590
0.020195 -0.833482 1.984660
0.227687 -0.089880 2.091390
0.232188 -0.487658 2.075880
0.229281 -0.769449 2.051360
0.257395 -0.801297 1.980180
0.164788 -0.020425 2.063290
0.144447 0.042221 2.107590
0.135252 0.392509 2.103450
0.217027 0.549089 2.092920
0.010111 0.288784 2.031360
-0.064318 0.045178 1.995490
-0.030460 -0.151294 1.937160
-0.008105 -0.220173 1.925690
0.275114 0.272713 2.129840
0.322185 0.046555 2.201090
0.343474 -0.131600 2.130820
0.345986 -0.208737 2.109270
0.110728 -0.087890 2.018250
0.022412 -0.507781 2.028980
-0.005845 -0.788925 2.035420
0.019658 -0.833653 1.984490
0.228875 -0.089808 2.090820
0.233039 -0.487155 2.075410
0.229809 -0.769124 2.051110
0.257700 -0.801025 1.979910
0.166029 -0.020522 2.062890
0.146061 0.042166 2.107200
0.137802 0.392533 2.102650
0.219991 0.549178 2.091240
0.011553 0.288610 2.031240
-0.063709 0.045132 1.995930
-0.032592 -0.150494 1.938760
-0.009630 -0.220916 1.926700
0.277024 0.272813 2.128660
0.324641 0.046994 2.198830
0.344505 -0.129633 2.130260
0.346534 -0.206722 2.108500
0.111693 -0.087976 2.018110
0.023617 -0.507419 2.028240
-0.005317 -0.788934 2.035260
0.019244 -0.833773 1.984330
0.230040 -0.089762 2.090270
0.234001 -0.486806 2.074950
0.230428 -0.768831 2.050860
0.258046 -0.800786 1.979620
0.167320 -0.020654 2.062540
0.147778 0.042072 2.106880
0.140615 0.392393 2.101890
0.223265 0.548675 2.089410
0.013547 0.288418 2.031260
-0.063058 0.045164 1.996610
-0.034379 -0.149733 1.940380
-0.011162 -0.221461 1.927980
0.279710 0.272898 2.127480
0.327330 0.046919 2.196590
0.345666 -0.128702 2.129720
0.347367 -0.205649 2.107810
0.112650 -0.088095 2.018020
0.025227 -0.506977 2.027240
-0.004841 -0.788922 2.035110
0.018874 -0.833880 1.984210
0.231300 -0.089769 2.089760
0.235135 -0.486484 2.074500
0.230965 -0.768585 2.050630
0.258320 -0.800588 1.979360
0.169054 -0.020988 2.062210
0.149952 0.041786 2.106600
0.143739 0.392147 2.101250
0.226869 0.547933 2.087730
0.016523 0.288307 2.031570
-0.062134 0.045374 1.997620
-0.035722 -0.149083 1.941920
-0.012624 -0.221924 1.930190
0.282123 0.273167 2.126520
0.330307 0.046767 2.194260
0.347079 -0.128545 2.129210
0.350072 -0.205813 2.107880
0.114109 -0.088374 2.018060
0.027092 -0.506348 2.026090
-0.004407 -0.788897 2.034960
0.018548 -0.833987 1.984110
0.232773 -0.089836 2.089230
0.236339 -0.486197 2.074090
0.231783 -0.768344 2.050440
0.258774 -0.800397 1.979120
0.171196 -0.021379 2.061970
0.152559 0.041451 2.106420
0.147648 0.391740 2.100720
0.230822 0.547096 2.086250
0.020255 0.288268 2.032090
-0.060492 0.045722 1.999370
-0.036704 -0.148431 1.943540
-0.018022 -0.214011 1.941530
0.285296 0.273942 2.125920
0.333578 0.046467 2.192160
0.349070 -0.129146 2.128660
0.353467 -0.206658 2.107940
0.115983 -0.088723 2.018240
0.029003 -0.505760 2.025070
-0.003999 -0.788902 2.034880
0.018235 -0.834064 1.984010
0.234574 -0.089918 2.088750
0.237875 -0.485958 2.073720
0.233043 -0.768137 2.050290
0.259599 -0.800226 1.978890
0.173506 -0.021789 2.061820
0.155414 0.041115 2.106350
0.152678 0.391352 2.100360
0.235020 0.546765 2.084560
0.024949 0.288437 2.032930
-0.057965 0.046327 2.001630
-0.037183 -0.147677 1.945350
-0.018810 -0.213624 1.944630
0.288636 0.274861 2.125490
0.336558 0.046512 2.190540
0.352031 -0.130056 2.128970
0.357062 -0.207406 2.108390
0.118013 -0.089038 2.018550
0.031164 -0.505041 2.024040
-0.003648 -0.788907 2.034810
0.017966 -0.834156 1.983950
0.236457 -0.089995 2.088300
0.239645 -0.485875 2.073470
0.234446 -0.767999 2.050230
0.260565 -0.800115 1.978720
0.176134 -0.022319 2.061750
0.158555 0.040691 2.106360
0.157372 0.391052 2.100110
0.238818 0.546845 2.083190
0.029689 0.288485 2.033870
-0.053993 0.046658 2.004590
-0.036846 -0.147278 1.947210
-0.018458 -0.210366 1.948240
0.292092 0.275633 2.125090
0.340198 0.046200 2.189240
0.355609 -0.131745 2.129720
0.360897 -0.208660 2.108780
0.120333 -0.089394 2.019080
0.033455 -0.504323 2.023140
-0.003260 -0.788937 2.034790
0.017660 -0.834259 1.983900
0.238711 -0.090136 2.087810
0.241645 -0.485962 2.073440
0.236142 -0.767978 2.050270
0.261781 -0.800102 1.978620
0.179200 -0.023094 2.061870
0.162131 0.040041 2.106580
0.162310 0.390617 2.100140
0.245180 0.546033 2.081650
0.034535 0.288510 2.035000
-0.049946 0.046949 2.007220
-0.035301 -0.147268 1.949260
-0.017886 -0.208560 1.950380
0.295155 0.276305 2.124760
0.344251 0.045914 2.188390
0.361796 -0.133871 2.131580
0.365781 -0.210039 2.109740
0.123171 -0.089871 2.019900
0.035408 -0.503856 2.022500
-0.002885 -0.788998 2.034790
0.017409 -0.834358 1.983860
0.241179 -0.090434 2.087440
0.243565 -0.486234 2.073610
0.237982 -0.768137 2.050420
0.263155 -0.800248 1.978620
0.183080 -0.023925 2.062400
0.166363 0.039352 2.107150
0.167091 0.390069 2.100330
0.251378 0.544897 2.080610
0.039086 0.288405 2.036060
-0.046365 0.047123 2.009330
-0.032688 -0.147406 1.951280
-0.016508 -0.207057 1.951650
0.298853 0.277115 2.124670
0.348086 0.046027 2.187850
0.367115 -0.135098 2.133290
0.370326 -0.210847 2.110820
0.126951 -0.090464 2.021200
0.037089 -0.503528 2.022040
-0.002483 -0.789111 2.034840
0.017281 -0.834425 1.983840
0.244652 -0.090793 2.087460
0.245477 -0.486468 2.073870
0.240203 -0.768456 2.050670
0.264957 -0.800556 1.978700
0.186570 -0.024609 2.062860
0.170174 0.038787 2.107680
0.171073 0.389662 2.100570
0.255509 0.544198 2.079800
0.043045 0.288380 2.037120
-0.042646 0.047232 2.011270
-0.028045 -0.148214 1.953090
-0.013880 -0.206239 1.951730
0.302335 0.277943 2.124540
0.351848 0.045933 2.187490
0.371309 -0.136228 2.134460
0.373802 -0.211631 2.111460
0.130409 -0.090887 2.022410
0.038765 -0.503312 2.021790
-0.002102 -0.789244 2.034910
0.017218 -0.834498 1.983850
0.247950 -0.091075 2.087400
0.247421 -0.486650 2.074170
0.241997 -0.768765 2.050910
0.266364 -0.800847 1.978780
0.189878 -0.025279 2.063260
0.173751 0.038217 2.108150
0.174578 0.389304 2.100900
0.258359 0.543846 2.079200
0.046685 0.288453 2.038220
-0.039062 0.047378 2.012770
-0.022725 -0.149138 1.954380
-0.009569 -0.205790 1.950550
0.305343 0.278627 2.124360
0.355114 0.045898 2.186950
0.374561 -0.136975 2.134860
0.376629 -0.212233 2.111700
0.133678 -0.091271 2.023580
0.040426 -0.503206 2.021760
-0.001713 -0.789384 2.035000
0.017167 -0.834585 1.983870
0.251188 -0.091303 2.087190
0.249376 -0.486726 2.074550
0.243855 -0.768927 2.051110
0.267836 -0.801004 1.978830
0.192784 -0.025844 2.063580
0.176982 0.037715 2.108590
0.177904 0.389040 2.101460
0.260610 0.543968 2.078570
0.049840 0.288702 2.039390
-0.034708 0.047482 2.014200
-0.017573 -0.149914 1.955030
-0.005413 -0.205685 1.949030
0.308118 0.279186 2.124110
0.358940 0.045493 2.185850
0.378435 -0.138231 2.133650
0.379872 -0.213550 2.111510
0.136374 -0.091562 2.024510
0.041905 -0.503166 2.021800
-0.001364 -0.789506 2.035090
0.017173 -0.834691 1.983930
0.254205 -0.091508 2.086920
0.251445 -0.486692 2.075000
0.246021 -0.769081 2.051250
0.269539 -0.801149 1.978810
0.195750 -0.026431 2.063970
0.180176 0.037184 2.109110
0.180474 0.388809 2.102020
0.262202 0.544099 2.078160
0.052382 0.288854 2.040420
-0.030646 0.047346 2.015350
-0.011062 -0.151571 1.954710
0.000185 -0.206817 1.946430
0.310798 0.279303 2.123590
0.362705 0.045001 2.185190
0.381635 -0.138923 2.132440
0.382883 -0.214416 2.111150
0.139185 -0.091938 2.025450
0.043375 -0.503115 2.021910
-0.001053 -0.789624 2.035190
0.017198 -0.834800 1.984000
0.257519 -0.091741 2.086750
0.254461 -0.485793 2.075110
0.248035 -0.769071 2.051340
0.271037 -0.801147 1.978740
0.198859 -0.027083 2.064430
0.183442 0.036584 2.109710
0.182802 0.388584 2.102670
0.263389 0.544233 2.077870
0.054751 0.288860 2.041430
-0.027325 0.047103 2.016130
-0.005067 -0.152674 1.954040
0.004395 -0.207680 1.944370
0.313566 0.278894 2.122990
0.365971 0.044583 2.184520
0.384058 -0.139461 2.131480
0.385479 -0.215128 2.110700
0.142232 -0.092398 2.026450
0.044798 -0.503094 2.022070
-0.000771 -0.789724 2.035280
0.017269 -0.834929 1.984110
0.260904 -0.092039 2.086650
0.257040 -0.484970 2.075220
0.249867 -0.768949 2.051420
0.272409 -0.801043 1.978670
0.201858 -0.027686 2.064880
0.186467 0.036019 2.110300
0.184770 0.388382 2.103380
0.264237 0.544318 2.077660
0.056802 0.288776 2.042390
-0.024377 0.046810 2.016670
-0.000141 -0.153293 1.953300
0.008001 -0.208271 1.942550
0.315905 0.278581 2.122600
0.368925 0.044170 2.183860
0.386197 -0.139928 2.130620
0.387853 -0.215720 2.109990
0.145298 -0.092892 2.027410
0.046274 -0.503244 2.022250
-0.000530 -0.789794 2.035360
0.021633 -0.832759 1.984380
0.264208 -0.092262 2.086540
0.259178 -0.484312 2.075340
0.251517 -0.768780 2.051470
0.273694 -0.800885 1.978590
0.204529 -0.028250 2.065270
0.189184 0.035457 2.110830
0.186519 0.388138 2.104180
0.264848 0.544346 2.077520
0.058545 0.288593 2.043300
-0.021521 0.046421 2.017100
0.004552 -0.153817 1.952250
0.011746 -0.208911 1.940610
0.317995 0.278221 2.122200
0.371547 0.043662 2.182920
0.388085 -0.140453 2.129620
0.389978 -0.216365 2.109020
0.147962 -0.093368 2.028220
0.047672 -0.503374 2.022430
-0.000311 -0.789849 2.035430
0.024287 -0.831508 1.984510
0.267243 -0.092494 2.086390
0.260839 -0.483798 2.075450
0.252974 -0.768577 2.051520
0.274808 -0.800690 1.978500
0.206685 -0.028678 2.065560
0.191403 0.035019 2.111270
0.187956 0.387978 2.104940
0.265300 0.544379 2.077410
0.060019 0.288419 2.044190
-0.018844 0.046037 2.017480
0.008892 -0.154340 1.951050
0.015138 -0.209618 1.938780
0.319714 0.277872 2.121820
0.373885 0.043154 2.181620
0.389804 -0.140996 2.128730
0.391796 -0.216989 2.108040
0.150107 -0.093721 2.028850
0.048916 -0.503493 2.022580
-0.000120 -0.789894 2.035490
0.026277 -0.830585 1.984610
0.269715 -0.092639 2.086190
0.262274 -0.483281 2.075500
0.254413 -0.768339 2.051500
0.275908 -0.800458 1.978360
0.208553 -0.029001 2.065760
0.193381 0.034662 2.111630
0.189495 0.387874 2.105920
0.265655 0.544500 2.077330
0.061315 0.288216 2.045090
-0.016413 0.045749 2.017840
0.012688 -0.154645 1.949920
0.018227 -0.210125 1.937100
0.321094 0.277517 2.121480
0.375879 0.042694 2.180290
0.391329 -0.141495 2.127880
0.393424 -0.217537 2.106960
0.151951 -0.093972 2.029290
0.050163 -0.503681 2.022800
0.000066 -0.789921 2.035550
0.030999 -0.827434 1.984860
0.271785 -0.092723 2.085980
0.263433 -0.482840 2.075510
0.255817 -0.768145 2.051440
0.276982 -0.800254 1.978190
0.210083 -0.029200 2.065880
0.194986 0.034406 2.111890
0.190826 0.387776 2.106940
0.265915 0.544602 2.077350
0.062361 0.288012 2.045910
-0.014542 0.045503 2.018100
0.015574 -0.154847 1.949020
0.020810 -0.210497 1.935720
0.322277 0.277233 2.121230
0.377639 0.042126 2.179040
0.396093 -0.156321 2.116760
0.396066 -0.227778 2.100510
0.153457 -0.094125 2.029560
0.051275 -0.503846 2.022960
0.000238 -0.789939 2.035600
0.035797 -0.823792 1.985170
0.273503 -0.092739 2.085730
0.264383 -0.482479 2.075510
0.257166 -0.767955 2.051310
0.278050 -0.800040 1.977950
0.211419 -0.029290 2.065930
0.196276 0.034239 2.112080
0.192047 0.387696 2.107980
0.266090 0.544739 2.077410
0.063238 0.287809 2.046690
-0.012898 0.045243 2.018350
0.017835 -0.154932 1.948300
0.022857 -0.210720 1.934640
0.323954 0.277141 2.121660
0.379104 0.041584 2.177920
0.398693 -0.164322 2.110990
0.397807 -0.233468 2.096460
0.154692 -0.094208 2.029720
0.053153 -0.506127 2.023370
0.000406 -0.789929 2.035630
0.039915 -0.820421 1.985510
0.275132 -0.092646 2.085380
0.265202 -0.482164 2.075470
0.258255 -0.767800 2.051170
0.279074 -0.799838 1.977720
0.212504 -0.029348 2.065930
0.197311 0.034102 2.112200
0.193035 0.387602 2.108940
0.266230 0.544869 2.077650
0.063936 0.287615 2.047420
-0.011590 0.045029 2.018570
0.019576 -0.154976 1.947710
0.024580 -0.210862 1.933720
0.325228 0.277129 2.122040
0.380268 0.041125 2.176970
0.400324 -0.169143 2.107530
0.399004 -0.236725 2.093590
0.155694 -0.094256 2.029820
0.054595 -0.507417 2.023530
0.000573 -0.789903 2.035660
0.042957 -0.817867 1.985810
0.276483 -0.092538 2.084970
0.265880 -0.481907 2.075410
0.259050 -0.767684 2.051020
0.279819 -0.799680 1.977490
0.213439 -0.029372 2.065880
0.198156 0.033998 2.112280
0.193800 0.387526 2.109760
0.266317 0.545146 2.078300
0.064500 0.287424 2.048070
-0.010501 0.044800 2.018760
0.020858 -0.155030 1.947260
0.025843 -0.210996 1.933030
0.326197 0.277358 2.122500
0.381137 0.040818 2.176210
0.401359 -0.172291 2.105290
0.399848 -0.238932 2.091480
0.156615 -0.094266 2.029860
0.055734 -0.508326 2.023600
0.000741 -0.789876 2.035680
0.045174 -0.815904 1.986000
0.277659 -0.092374 2.084520
0.266438 -0.481707 2.075340
0.259735 -0.767549 2.050830
0.280501 -0.799494 1.977220
0.214202 -0.029389 2.065800
0.198846 0.033907 2.112330
0.194387 0.387447 2.110440
0.266416 0.545402 2.078960
0.064935 0.287237 2.048670
-0.009676 0.044617 2.018910
0.021891 -0.155311 1.946790
0.026894 -0.211383 1.932380
0.326904 0.277583 2.122850
0.381866 0.040572 2.175440
0.402056 -0.174436 2.103720
0.400498 -0.240429 2.089710
0.157379 -0.094270 2.029840
0.056627 -0.508930 2.023600
0.000903 -0.789836 2.035700
0.046687 -0.814570 1.986140
0.278613 -0.092228 2.084050
0.266933 -0.481533 2.075240
0.260231 -0.767441 2.050640
0.280979 -0.799342 1.976970
0.214825 -0.029399 2.065700
0.199409 0.033826 2.112340
0.194804 0.387350 2.111020
0.266391 0.545676 2.079750
0.065259 0.287048 2.049220
-0.009029 0.044449 2.019020
0.022647 -0.155558 1.946410
0.027671 -0.211713 1.931880
0.327376 0.277700 2.123050
0.382505 0.040330 2.174720
0.402560 -0.175941 2.102600
0.400991 -0.241420 2.088270
0.158030 -0.094263 2.029770
0.057335 -0.509371 2.023570
0.001055 -0.789793 2.035710
0.047765 -0.813580 1.986230
0.279384 -0.092108 2.083600
0.267376 -0.481358 2.075110
0.260715 -0.767204 2.050360
0.281435 -0.799049 1.976610
0.215343 -0.029401 2.065570
0.199865 0.033758 2.112330
0.195095 0.387283 2.111530
0.266196 0.546389 2.080950
0.065493 0.286884 2.049730
-0.008526 0.044278 2.019110
0.023192 -0.155782 1.946100
0.028225 -0.211995 1.931490
0.327689 0.277848 2.123230
0.383141 0.040207 2.173940
0.402935 -0.177045 2.101780
0.401354 -0.242043 2.087110
0.158601 -0.094239 2.029660
0.057887 -0.509696 2.023520
0.001240 -0.789748 2.035730
0.048552 -0.812828 1.986270
0.280013 -0.091983 2.083130
0.267761 -0.481211 2.074950
0.261153 -0.766902 2.050050
0.281844 -0.798686 1.976230
0.215748 -0.029388 2.065360
0.200211 0.033700 2.112270
0.195277 0.387222 2.111970
0.265965 0.547062 2.082080
0.065655 0.286721 2.050240
-0.008151 0.044118 2.019180
0.023573 -0.155997 1.945820
0.028597 -0.212253 1.931160
0.327875 0.278054 2.123420
0.383703 0.040157 2.173100
0.403211 -0.177856 2.101170
0.401776 -0.242628 2.085980
0.159074 -0.094188 2.029450
0.058337 -0.509916 2.023450
0.001420 -0.789696 2.035740
0.049122 -0.812267 1.986290
0.280469 -0.091829 2.082470
0.268110 -0.481084 2.074770
0.261564 -0.766592 2.049710
0.282230 -0.798313 1.975820
0.216062 -0.029337 2.064980
0.200483 0.033656 2.112130
0.195364 0.387183 2.112330
0.265151 0.549001 2.083870
0.065732 0.286586 2.050770
-0.007881 0.043958 2.019240
0.023802 -0.156200 1.945580
0.028825 -0.212485 1.930860
0.327926 0.278276 2.123580
0.384143 0.040153 2.172250
0.403390 -0.178443 2.100690
0.402090 -0.243022 2.085060
0.159479 -0.094067 2.029000
0.058701 -0.510066 2.023370
0.001594 -0.789644 2.035750
0.049546 -0.811836 1.986300
0.280747 -0.091630 2.081600
0.268440 -0.480975 2.074530
0.261962 -0.766253 2.049330
0.282583 -0.797911 1.975370
0.216275 -0.029254 2.064430
0.200689 0.033623 2.111880
0.195369 0.387164 2.112650
0.263957 0.552262 2.086400
0.065734 0.286476 2.051330
-0.007687 0.043810 2.019280
0.023865 -0.156389 1.945370
0.028892 -0.212690 1.930610
0.327932 0.278432 2.123710
0.384487 0.040113 2.171540
0.403495 -0.178852 2.100330
0.402317 -0.243259 2.084330
0.159776 -0.093893 2.028340
0.059059 -0.511259 2.023300
0.001759 -0.789594 2.035750
0.049871 -0.811479 1.986310
0.280864 -0.091426 2.080510
0.269092 -0.480414 2.073610
0.262303 -0.765905 2.048960
0.282866 -0.797501 1.974940
0.216395 -0.029145 2.063820
0.200819 0.033604 2.111580
0.195301 0.387153 2.112940
0.262531 0.554710 2.088480
0.065650 0.286378 2.051890
-0.007567 0.043660 2.019320
0.023743 -0.156579 1.945160
0.028795 -0.212885 1.930360
0.327904 0.278497 2.123860
0.384769 0.039943 2.170940
0.402951 -0.179577 2.099120
0.402495 -0.243514 2.083650
0.159950 -0.093688 2.027560
0.059306 -0.511780 2.023150
0.001916 -0.789545 2.035750
0.050114 -0.811193 1.986310
0.280884 -0.091246 2.079470
0.269634 -0.479970 2.072790
0.262609 -0.765589 2.048600
0.283134 -0.797128 1.974530
0.216354 -0.028989 2.063030
0.200846 0.033601 2.111160
0.195176 0.387152 2.113210
0.261354 0.556640 2.090080
0.065515 0.286291 2.052420
-0.007503 0.043519 2.019360
0.023476 -0.156724 1.944980
0.028492 -0.213043 1.930150
0.327756 0.278261 2.124010
0.385087 0.039423 2.170380
0.402430 -0.180048 2.098090
0.402591 -0.243640 2.082910
0.159888 -0.093397 2.026410
0.059509 -0.513058 2.023070
0.002058 -0.789499 2.035750
0.046535 -0.815068 1.986000
0.280715 -0.091093 2.078330
0.270103 -0.479559 2.071930
0.262879 -0.765304 2.048260
0.283363 -0.796790 1.974140
0.216201 -0.028807 2.062130
0.200797 0.033609 2.110620
0.195008 0.387141 2.113430
0.260399 0.557903 2.091200
0.065301 0.286199 2.052930
-0.007509 0.043388 2.019400
0.023107 -0.156813 1.944810
0.028022 -0.213144 1.929970
0.327505 0.278045 2.124080
0.385296 0.039019 2.169850
0.401919 -0.180335 2.097140
0.402668 -0.243733 2.082180
0.159728 -0.093094 2.025200
0.059660 -0.513410 2.022960
0.002187 -0.789457 2.035750
0.041353 -0.820499 1.985930
0.280397 -0.090935 2.077140
0.270542 -0.479122 2.070910
0.263115 -0.765044 2.047930
0.283544 -0.796484 1.973760
0.215879 -0.028564 2.061070
0.200625 0.033645 2.109930
0.194759 0.387112 2.113610
0.259359 0.558843 2.092070
0.064989 0.286076 2.053390
-0.007575 0.043268 2.019480
0.022578 -0.156889 1.944650
0.027377 -0.213231 1.929800
0.327177 0.277937 2.124090
0.385419 0.038786 2.169350
0.401229 -0.180432 2.096000
0.402700 -0.243772 2.081360
0.159414 -0.092735 2.023890
0.059773 -0.513576 2.022790
0.002305 -0.789418 2.035740
0.037326 -0.824530 1.985840
0.279870 -0.090757 2.075810
0.271049 -0.478282 2.069430
0.263182 -0.764776 2.047560
0.283524 -0.796152 1.973320
0.215401 -0.028293 2.059910
0.200292 0.033701 2.109070
0.194210 0.387000 2.113680
0.258499 0.559522 2.092710
0.064626 0.285958 2.053790
-0.007730 0.043168 2.019570
0.021902 -0.156982 1.944470
0.026589 -0.213328 1.929610
0.326774 0.277856 2.124030
0.385431 0.038555 2.168680
0.397138 -0.162402 2.094390
0.401873 -0.236382 2.079720
0.158998 -0.092377 2.022610
0.059852 -0.513476 2.022520
0.002413 -0.789384 2.035740
0.033652 -0.828095 1.985920
0.279206 -0.090569 2.074450
0.271434 -0.477549 2.068150
0.263219 -0.764469 2.047100
0.283455 -0.795783 1.972770
0.214874 -0.028005 2.058780
0.199880 0.033786 2.108150
0.193465 0.386887 2.113670
0.257088 0.560395 2.093200
0.064232 0.285837 2.054130
-0.008025 0.043049 2.019680
0.021122 -0.157018 1.944310
0.025692 -0.213362 1.929420
0.326310 0.277865 2.123930
0.385379 0.038441 2.168040
0.394934 -0.152309 2.093700
0.401145 -0.230577 2.078530
0.158556 -0.092021 2.021420
0.059857 -0.513052 2.022140
0.002529 -0.789343 2.035730
0.031515 -0.830171 1.986000
0.278535 -0.090378 2.073190
0.271787 -0.476457 2.066620
0.263203 -0.764090 2.046550
0.283321 -0.795340 1.972140
0.214390 -0.027744 2.057800
0.199474 0.033884 2.107310
0.192601 0.386796 2.113570
0.254886 0.562651 2.093740
0.063776 0.285732 2.054410
-0.008490 0.042953 2.019830
0.020192 -0.156962 1.944140
0.024667 -0.213290 1.929200
0.325835 0.277863 2.123800
0.385149 0.038244 2.167080
0.393713 -0.147056 2.093250
0.400532 -0.227063 2.077640
0.158162 -0.091717 2.020420
0.059793 -0.512451 2.021720
0.002640 -0.789315 2.035720
0.029716 -0.831877 1.986110
0.277958 -0.090215 2.072150
0.272018 -0.475501 2.065310
0.263154 -0.763682 2.045980
0.283153 -0.794878 1.971500
0.213795 -0.027514 2.056790
0.198960 0.033973 2.106400
0.191561 0.386737 2.113380
0.252706 0.564837 2.094170
0.063237 0.285632 2.054620
-0.009107 0.042894 2.019980
0.019109 -0.156860 1.943970
0.023653 -0.213165 1.928960
0.325020 0.277853 2.123370
0.384920 0.038167 2.166310
0.392825 -0.143517 2.092950
0.399901 -0.224292 2.076920
0.157687 -0.091441 2.019440
0.059690 -0.511828 2.021340
0.002744 -0.789290 2.035710
0.028168 -0.833300 1.986250
0.277280 -0.090077 2.071110
0.272149 -0.474586 2.064080
0.263056 -0.763233 2.045360
0.282900 -0.794371 1.970790
