0.006013 0.043155 1.740820
-0.010824 0.095051 1.762610
0.012495 0.354255 1.779790
0.013885 0.540726 1.819560
-0.096091 0.382252 1.803640
0.010149 0.178043 1.683170
0.098136 -0.049897 1.621860
0.117802 -0.130383 1.632870
0.114610 0.332117 2.033070
0.109926 0.160008 1.827350
0.130465 -0.055632 1.694150
0.149271 -0.097983 1.720350
-0.036834 0.000560 1.738680
0.037811 -0.373585 1.684670
0.007069 -0.710837 1.655310
0.068143 -0.747459 1.597820
0.044594 -0.014382 1.728480
-0.057456 -0.432726 1.844180
-0.098125 -0.710967 1.854730
-0.034702 -0.742025 1.796000
0.007146 0.043667 1.740330
-0.010365 0.094843 1.762160
0.012762 0.354510 1.779470
0.014429 0.540903 1.819640
-0.095870 0.382356 1.803620
0.010746 0.178371 1.683170
0.099069 -0.049635 1.622500
0.118744 -0.130150 1.633700
0.114796 0.332318 2.032730
0.110648 0.160052 1.827300
0.130847 -0.055468 1.693800
0.150637 -0.104884 1.718990
-0.035676 0.001307 1.738060
0.037675 -0.373942 1.684610
0.007022 -0.710588 1.654870
0.068139 -0.747197 1.597420
0.046883 -0.013326 1.727960
-0.057131 -0.432093 1.843050
-0.097939 -0.709946 1.854600
-0.034861 -0.742415 1.796120
0.007890 0.044133 1.739900
-0.009981 0.094772 1.761760
0.013137 0.354755 1.779030
0.016817 0.541099 1.819470
-0.095622 0.382451 1.803580
0.011288 0.178644 1.683140
0.099810 -0.049431 1.622980
0.119449 -0.129975 1.634320
0.115054 0.332516 2.032300
0.111455 0.160001 1.827220
0.131219 -0.055389 1.693490
0.151769 -0.111778 1.717310
-0.034961 0.001978 1.737520
0.037564 -0.374288 1.684530
0.006986 -0.710271 1.654430
0.068129 -0.746876 1.596990
0.048008 -0.012751 1.727640
-0.056918 -0.431728 1.842180
-0.097817 -0.709229 1.854490
-0.034995 -0.742733 1.796210
0.009500 0.043934 1.738720
-0.008808 0.094268 1.760690
0.013702 0.354926 1.778350
0.019289 0.541118 1.819000
-0.095351 0.382530 1.803490
0.011881 0.178896 1.683080
0.100426 -0.049273 1.623330
0.119956 -0.129849 1.634730
0.115433 0.332675 2.031720
0.112279 0.159875 1.826940
0.131569 -0.055377 1.693090
0.152513 -0.117805 1.715290
-0.032486 0.001813 1.734020
0.037506 -0.374484 1.684450
0.006891 -0.710306 1.654050
0.068050 -0.746899 1.596610
0.050226 -0.013106 1.727160
-0.056832 -0.431855 1.841730
-0.097809 -0.709148 1.854510
-0.035099 -0.743032 1.796290
0.011628 0.044856 1.737260
-0.007291 0.094427 1.759420
0.014434 0.355019 1.777430
0.021660 0.541029 1.818280
-0.094894 0.382631 1.803160
0.012553 0.179108 1.682880
0.100933 -0.049175 1.623520
0.120349 -0.129777 1.634990
0.115927 0.332792 2.030980
0.113120 0.159685 1.826500
0.131916 -0.055412 1.692540
0.152996 -0.122640 1.713230
-0.030078 0.002716 1.731540
0.037477 -0.374606 1.684330
0.006837 -0.710150 1.653680
0.068018 -0.746716 1.596230
0.053180 -0.011815 1.725860
-0.056188 -0.430635 1.840660
-0.097146 -0.707317 1.853910
-0.034996 -0.742715 1.796150
0.013536 0.045890 1.735960
-0.005811 0.094834 1.758150
0.015527 0.355014 1.775980
0.023533 0.540887 1.817230
-0.093407 0.382456 1.801580
0.013864 0.178904 1.681920
0.101693 -0.049494 1.623180
0.120907 -0.130169 1.634640
0.116659 0.332863 2.029880
0.114063 0.159382 1.825700
0.132294 -0.055522 1.691710
0.153332 -0.126565 1.711090
-0.028204 0.003494 1.730110
0.037477 -0.374684 1.684200
0.006805 -0.709928 1.653310
0.068028 -0.746490 1.595890
0.055945 -0.010151 1.723830
-0.055244 -0.428829 1.839370
-0.096198 -0.704810 1.852990
-0.034678 -0.741944 1.795860
0.015634 0.047418 1.734590
-0.004055 0.095668 1.756740
0.017077 0.354633 1.773530
0.025236 0.540439 1.815340
-0.091943 0.382297 1.799920
0.015030 0.178688 1.680610
0.102300 -0.049900 1.622210
0.121331 -0.130651 1.633680
0.117709 0.332724 2.028130
0.115317 0.158683 1.824030
0.132808 -0.055860 1.690210
0.153653 -0.130072 1.708510
-0.026450 0.004394 1.729150
0.037546 -0.374664 1.683830
0.006819 -0.709582 1.652890
0.068061 -0.746133 1.595470
0.058751 -0.008059 1.721520
-0.053931 -0.426435 1.837950
-0.094952 -0.701686 1.851780
-0.034163 -0.740600 1.795300
0.016765 0.048472 1.733660
-0.002885 0.096384 1.755630
0.018884 0.353944 1.770360
0.028102 0.539460 1.810520
-0.090460 0.382253 1.798050
0.015919 0.178476 1.678810
0.102740 -0.050319 1.620360
0.121466 -0.131238 1.631490
0.119010 0.332381 2.025790
0.116767 0.157716 1.821520
0.133663 -0.056972 1.689660
0.154424 -0.133947 1.707550
-0.025651 0.004980 1.728720
0.037693 -0.374720 1.683160
0.006977 -0.709052 1.652330
0.068200 -0.745631 1.594890
0.059835 -0.007044 1.719980
-0.053118 -0.425250 1.837190
-0.094194 -0.700020 1.851030
-0.033827 -0.739783 1.794860
0.018712 0.050948 1.731890
-0.000948 0.098080 1.753660
0.021274 0.352365 1.765160
0.032465 0.537559 1.804640
-0.088674 0.382148 1.795620
0.016130 0.177801 1.675830
0.102874 -0.051080 1.617090
0.121158 -0.132204 1.627860
0.120801 0.331474 2.022010
0.117897 0.156749 1.818780
0.134691 -0.058710 1.688520
0.155194 -0.137747 1.706100
-0.024633 0.005979 1.728530
0.037870 -0.374799 1.682250
0.007462 -0.708224 1.651600
0.068620 -0.744839 1.594100
0.062281 -0.003904 1.716140
-0.050760 -0.421450 1.835850
-0.091933 -0.695440 1.848670
-0.032641 -0.737032 1.793290
0.022702 0.055796 1.728880
0.002671 0.101383 1.750370
0.023831 0.350372 1.758600
0.037349 0.535328 1.798000
-0.086124 0.381989 1.791580
0.015980 0.176699 1.670410
0.101767 -0.052647 1.611830
0.120231 -0.133603 1.623420
0.127422 0.331801 2.014310
0.119803 0.156240 1.815080
0.135310 -0.059617 1.687270
0.155542 -0.139889 1.704750
-0.022464 0.007828 1.728590
0.038096 -0.374317 1.680860
0.008184 -0.707087 1.650830
0.069234 -0.743707 1.593190
0.067808 0.001631 1.710000
-0.044996 -0.414351 1.834530
-0.087649 -0.687469 1.842890
-0.030099 -0.731556 1.789220
0.029932 0.063324 1.724850
0.008816 0.106296 1.746470
0.026224 0.348348 1.751920
0.040881 0.533040 1.788200
-0.080191 0.380598 1.779760
0.016364 0.173001 1.658990
0.100221 -0.057118 1.602680
0.119657 -0.137692 1.614870
0.160042 0.334154 1.995690
0.124804 0.185837 1.779120
0.135926 -0.046793 1.676370
0.155345 -0.134874 1.699460
-0.018790 0.010265 1.728790
0.038115 -0.373172 1.678910
0.008913 -0.705883 1.650160
0.069584 -0.742345 1.591970
0.080858 0.009568 1.701590
-0.034445 -0.404858 1.831620
-0.081783 -0.677263 1.833760
-0.026743 -0.723084 1.781020
0.045910 0.072926 1.718890
0.020788 0.112442 1.740190
0.028304 0.346579 1.745110
0.043699 0.531156 1.779620
-0.038018 0.346874 1.723590
0.034604 0.124296 1.617550
0.105059 -0.112669 1.577520
0.130812 -0.190682 1.593520
0.196298 0.379449 1.953370
0.230226 0.241141 1.962690
0.267821 0.047787 1.916090
0.285621 -0.019660 1.919380
-0.000660 0.013158 1.731630
0.037714 -0.372247 1.676890
0.009426 -0.705158 1.649650
0.070022 -0.741447 1.591190
0.113217 0.027035 1.684860
-0.014281 -0.381515 1.822890
-0.066176 -0.652687 1.816010
-0.015503 -0.703630 1.766940
0.057376 0.080543 1.713700
0.032030 0.118172 1.735210
0.029926 0.344899 1.738090
0.043811 0.527075 1.749400
-0.011957 0.324250 1.687220
0.043727 0.090165 1.600620
0.107936 -0.150624 1.574900
0.134138 -0.230361 1.579560
0.243311 0.426401 1.910600
0.275305 0.273267 1.970230
0.253252 0.108259 2.020410
0.247826 0.051190 2.037180
0.009012 0.014745 1.732480
0.036761 -0.371424 1.675030
0.009828 -0.704513 1.649190
0.069314 -0.740190 1.589150
0.130910 0.034809 1.675610
-0.004834 -0.370880 1.819140
-0.058313 -0.641790 1.808870
-0.009910 -0.690349 1.755640
0.062378 0.078629 1.702980
0.036497 0.117774 1.725390
0.030495 0.344233 1.731230
0.044489 0.526092 1.736490
-0.003342 0.317098 1.674410
0.044405 0.077717 1.593620
0.094922 -0.138822 1.572750
0.122128 -0.218234 1.572010
0.206983 0.295490 1.908730
0.354991 0.342290 1.958140
0.248898 0.211704 2.003950
0.225716 0.166605 2.060780
0.012709 0.014027 1.710660
0.035659 -0.370670 1.673320
0.010050 -0.704237 1.648860
0.069458 -0.739768 1.588630
0.136155 0.032197 1.668840
-0.000946 -0.368275 1.818230
-0.055207 -0.639042 1.805200
-0.006542 -0.685850 1.751680
0.064770 0.086849 1.697200
0.039000 0.121999 1.720070
0.030281 0.344133 1.725510
0.036491 0.526287 1.724810
-0.037759 0.346354 1.695210
0.012072 0.103264 1.610890
0.073747 -0.111418 1.575860
0.102756 -0.190471 1.569610
0.209652 0.302267 1.899640
0.385729 0.352190 1.936520
0.232310 0.240524 1.982510
0.191650 0.223201 2.033780
0.021731 0.034100 1.677170
0.034454 -0.369969 1.671790
0.012763 -0.666057 1.645920
-0.012622 -0.685069 1.614720
0.128988 0.039399 1.693160
0.001460 -0.366135 1.821370
-0.054032 -0.636452 1.805380
-0.004665 -0.681946 1.749240
0.063497 0.098145 1.693290
0.038527 0.130627 1.715920
0.029609 0.344461 1.720970
0.030005 0.526944 1.717910
-0.051232 0.356831 1.700920
-0.015787 0.117370 1.610040
0.054613 -0.102829 1.564140
0.088876 -0.182061 1.561740
0.190842 0.293895 1.895590
0.416175 0.362545 1.915070
0.231323 0.287070 1.953210
0.172705 0.286114 1.998140
0.023720 0.047569 1.659350
0.033163 -0.369243 1.670330
0.013579 -0.647752 1.644420
-0.058617 -0.655421 1.629220
0.122693 0.043380 1.707090
0.001753 -0.365359 1.826680
-0.053618 -0.635668 1.810350
-0.003250 -0.678824 1.748410
0.060680 0.110506 1.690260
0.036628 0.140720 1.712860
0.027869 0.345338 1.716680
0.021979 0.528247 1.713590
-0.063414 0.364868 1.708870
-0.028482 0.125128 1.615750
0.038428 -0.084885 1.565770
0.065891 -0.162360 1.558290
0.186227 0.287958 1.893860
0.414106 0.356482 1.903680
0.215882 0.309912 1.935340
0.150131 0.318392 1.963680
0.023151 0.056696 1.648560
0.031905 -0.368566 1.668940
0.013819 -0.638759 1.643660
-0.076886 -0.643893 1.634920
0.119874 0.046025 1.713890
0.001822 -0.364576 1.831790
-0.052534 -0.634851 1.814530
-0.002052 -0.676230 1.748160
0.058490 0.119011 1.688610
0.034828 0.148311 1.711150
0.026013 0.346345 1.713430
0.014570 0.529375 1.710360
-0.071328 0.368920 1.713570
-0.047891 0.131974 1.614770
0.028891 -0.082873 1.561090
0.027328 -0.152339 1.550960
0.183464 0.286993 1.896700
0.411683 0.349823 1.897810
0.202656 0.321244 1.914140
0.136219 0.327071 1.936980
0.022154 0.062767 1.642100
0.030178 -0.367490 1.667410
0.013970 -0.632961 1.643200
-0.088181 -0.636658 1.638440
0.118429 0.047734 1.717840
0.002214 -0.364090 1.836200
-0.051476 -0.634196 1.817300
-0.001016 -0.674163 1.748220
0.056844 0.124359 1.687740
0.033199 0.153416 1.710200
0.024117 0.347395 1.710970
0.008178 0.530308 1.708400
-0.076480 0.371222 1.716430
-0.056950 0.135222 1.614360
0.020692 -0.083686 1.557440
0.016474 -0.148669 1.548450
0.179664 0.290543 1.903410
0.399037 0.336160 1.897770
0.193470 0.317456 1.904100
0.127879 0.326777 1.923070
0.020696 0.067114 1.638210
0.028479 -0.366340 1.666310
0.014098 -0.628974 1.642870
-0.094351 -0.633406 1.640570
0.117327 0.048834 1.720520
0.022225 -0.321007 1.688210
-0.051260 -0.630697 1.819210
-0.000473 -0.668072 1.749620
0.055686 0.127832 1.687360
0.031747 0.156840 1.709620
0.022253 0.348392 1.709210
0.003211 0.531040 1.707210
-0.079366 0.370060 1.716380
-0.062333 0.134537 1.612280
0.010826 -0.091241 1.555490
0.006494 -0.151667 1.548010
0.194280 0.284944 1.936580
0.394693 0.327131 1.902460
0.200041 0.295483 1.917670
0.132965 0.306095 1.927550
0.019087 0.069902 1.636330
0.027211 -0.365488 1.665540
0.014094 -0.626278 1.642680
-0.095180 -0.633863 1.641120
0.116673 0.049085 1.722880
0.028026 -0.309062 1.648070
-0.051730 -0.626739 1.821630
0.000309 -0.663657 1.751710
0.054377 0.129188 1.687720
0.030218 0.158569 1.709460
0.020147 0.349158 1.708020
0.000573 0.531582 1.707450
-0.082247 0.369619 1.716860
-0.065498 0.134755 1.611010
0.004623 -0.095278 1.554580
0.000216 -0.153513 1.548220
0.177296 0.288142 1.946730
0.374895 0.316229 1.919560
0.191274 0.277762 1.944120
0.129601 0.285110 1.946440
0.016964 0.070454 1.636940
0.026491 -0.364972 1.665010
0.013922 -0.625185 1.642660
0.001980 -0.653955 1.608100
0.115954 0.048355 1.724700
0.031687 -0.301186 1.619530
-0.052183 -0.624103 1.823250
0.001144 -0.660306 1.753910
0.052892 0.129036 1.688920
0.028386 0.159162 1.709830
0.017651 0.349583 1.707320
-0.001375 0.531819 1.708370
-0.084671 0.369197 1.717340
-0.066277 0.134970 1.609380
0.000636 -0.097723 1.554030
-0.003559 -0.155154 1.548760
0.169160 0.290138 1.961750
0.352459 0.313602 1.939670
0.180000 0.262806 1.959360
0.122638 0.264057 1.958440
0.014505 0.069112 1.640500
0.026151 -0.364371 1.664380
0.013808 -0.624828 1.642740
0.066247 -0.666794 1.587860
0.115296 0.047252 1.726060
0.031443 -0.303236 1.614910
-0.052656 -0.622954 1.824320
0.001728 -0.658496 1.755850
0.050755 0.124631 1.691700
0.025662 0.156583 1.711450
0.014408 0.349215 1.707330
-0.003104 0.531288 1.711340
-0.094680 0.356854 1.725090
-0.066381 0.133906 1.608090
-0.001925 -0.101624 1.553740
-0.004577 -0.159573 1.549920
0.171852 0.266711 1.998290
0.337996 0.321960 1.952920
0.176952 0.250892 1.968660
0.122784 0.238750 1.969530
0.007831 0.053770 1.660220
0.026195 -0.363862 1.663610
0.013804 -0.625539 1.642990
0.089635 -0.671540 1.580400
0.114750 0.044798 1.725750
0.031056 -0.308869 1.613610
-0.053630 -0.622835 1.825150
0.001945 -0.657632 1.757350
0.049024 0.119789 1.694770
0.023202 0.152953 1.713750
0.010750 0.348034 1.708100
-0.007116 0.529518 1.717370
-0.102038 0.347565 1.731450
-0.065710 0.132482 1.607030
-0.003472 -0.105127 1.553760
-0.004191 -0.164033 1.551310
0.188164 0.243595 2.031490
0.321252 0.349281 1.964540
0.177234 0.244285 1.976680
0.127601 0.220051 1.980540
0.004586 0.045199 1.671420
0.026806 -0.363431 1.662550
0.013749 -0.626869 1.643280
0.103423 -0.674118 1.575920
0.114702 0.041348 1.724670
0.030110 -0.314382 1.615090
-0.055310 -0.623671 1.825580
0.001813 -0.657349 1.758550
0.046682 0.111234 1.699080
0.019945 0.146107 1.717160
0.006755 0.346102 1.709430
-0.011800 0.527078 1.723780
-0.104259 0.332178 1.735920
-0.063491 0.125107 1.605370
-0.004692 -0.115463 1.554170
-0.002604 -0.175798 1.553170
0.198105 0.237852 2.052340
0.296949 0.395887 1.953930
0.186334 0.244860 1.995580
0.145185 0.203211 2.008330
0.002162 0.037772 1.679240
0.027767 -0.363041 1.661240
0.011999 -0.646412 1.644470
0.107514 -0.690246 1.575090
0.114447 0.036214 1.723290
0.028760 -0.317810 1.620140
-0.056904 -0.623922 1.824930
0.001781 -0.656914 1.759150
0.042441 0.089389 1.705230
0.015459 0.130250 1.722710
0.002791 0.343755 1.711230
-0.014513 0.524899 1.728920
-0.106749 0.306759 1.751880
-0.060466 0.116078 1.604850
-0.004470 -0.126057 1.554720
0.000126 -0.187549 1.554800
0.202258 0.235734 2.063050
0.280884 0.427040 1.941660
0.192191 0.243399 2.009960
0.157874 0.189491 2.031610
-0.008569 0.002695 1.711830
0.029042 -0.362726 1.659680
0.007593 -0.683739 1.647570
0.096862 -0.724815 1.578480
0.115378 0.009402 1.699240
0.038398 -0.409958 1.648600
-0.078551 -0.675730 1.856070
-0.019234 -0.709089 1.793930
0.040279 0.079477 1.708260
0.013103 0.121846 1.725800
-0.000682 0.341629 1.713140
-0.016809 0.523106 1.733050
-0.109151 0.301189 1.757760
-0.059209 0.112964 1.605330
-0.004743 -0.129778 1.555240
0.001129 -0.191742 1.555990
0.205139 0.248692 2.067870
0.261478 0.445740 1.929350
0.188699 0.263149 2.016800
0.161592 0.194546 2.043520
-0.013627 -0.011630 1.726220
0.030526 -0.362473 1.658120
0.005473 -0.700806 1.648940
0.089791 -0.741663 1.580330
0.115725 -0.001251 1.689460
0.043321 -0.452972 1.661750
-0.094277 -0.718947 1.874570
-0.030886 -0.740343 1.809080
0.038934 0.073625 1.710170
0.011655 0.116405 1.727920
-0.003771 0.339675 1.715330
-0.018321 0.521728 1.736110
-0.110724 0.295577 1.762810
-0.057253 0.108944 1.605820
-0.004026 -0.134006 1.555700
0.003069 -0.196368 1.556910
0.206418 0.254579 2.070590
0.232170 0.468241 1.919450
0.183480 0.274358 2.020050
0.162634 0.203285 2.052420
-0.016320 -0.018665 1.733650
0.031754 -0.362294 1.656860
0.004258 -0.710647 1.649700
0.084249 -0.751626 1.581530
0.115965 -0.006720 1.684360
0.045507 -0.471434 1.667360
-0.100040 -0.733990 1.880440
-0.036600 -0.754793 1.815390
0.038105 0.069916 1.711430
0.010946 0.112809 1.729530
-0.006412 0.338203 1.717580
-0.019761 0.520700 1.739000
-0.111894 0.291861 1.766220
-0.045726 0.103354 1.609470
0.008117 -0.136672 1.555350
0.017176 -0.199082 1.556740
0.170752 0.320849 2.019750
0.204699 0.504732 1.895580
0.178668 0.283448 2.019640
0.163781 0.206004 2.057880
-0.017873 -0.023209 1.738620
0.032896 -0.362083 1.655800
0.003508 -0.716810 1.650170
0.078363 -0.757665 1.581860
0.116047 -0.009941 1.681080
0.021080 -0.379988 1.683340
-0.088943 -0.693985 1.851850
-0.036703 -0.741998 1.801480
0.038642 0.078726 1.714290
0.012669 0.115339 1.733220
-0.008706 0.337109 1.720000
-0.021341 0.519931 1.741850
-0.114972 0.287830 1.771690
-0.038286 0.100507 1.612590
0.035517 -0.132461 1.548640
0.032807 -0.197621 1.553380
0.148286 0.410152 1.966110
0.147517 0.318911 1.997410
0.168414 0.199520 2.085100
0.171441 0.124783 2.134500
-0.016221 -0.017421 1.743890
0.033888 -0.361778 1.654690
0.003256 -0.719679 1.650270
0.067322 -0.755987 1.579080
0.124206 0.028381 1.670030
0.015078 -0.364537 1.691180
-0.085423 -0.679282 1.839900
-0.041256 -0.727619 1.783930
0.030495 0.084865 1.715860
0.009621 0.118310 1.736040
-0.010914 0.336360 1.722560
-0.022647 0.519467 1.744560
-0.117442 0.285253 1.775650
-0.031323 0.094457 1.622920
0.046020 -0.133257 1.547090
0.042408 -0.198197 1.551960
0.122659 0.457153 1.931190
0.121154 0.294023 2.011860
0.158379 0.137439 2.133460
0.170460 0.089174 2.173040
-0.020748 -0.008960 1.746070
0.034550 -0.361464 1.653760
0.003582 -0.718906 1.649940
0.060117 -0.752333 1.577200
0.091472 0.044480 1.666320
0.010047 -0.337097 1.691430
-0.081343 -0.665108 1.830080
-0.042287 -0.715596 1.771380
0.024466 0.085351 1.717110
0.006218 0.118940 1.738190
-0.013063 0.335899 1.725290
-0.024742 0.519241 1.747920
-0.119558 0.283387 1.778580
-0.025881 0.088967 1.633740
0.056120 -0.126968 1.562300
0.071962 -0.197496 1.558470
0.108461 0.443883 1.929600
0.095729 0.230512 2.041160
0.193253 0.337003 2.084960
0.242712 0.374182 2.081270
-0.023884 -0.004579 1.747050
0.035042 -0.361192 1.653040
0.003947 -0.717585 1.649610
0.055598 -0.749778 1.576170
0.076120 0.045558 1.666760
0.007438 -0.326947 1.693350
-0.080055 -0.659946 1.826220
-0.042719 -0.709607 1.765070
0.019123 0.084387 1.717740
0.002473 0.118754 1.739750
-0.015192 0.335755 1.727950
-0.027743 0.519289 1.751400
-0.121670 0.282108 1.780850
-0.023062 0.086174 1.639690
0.067510 -0.129724 1.571490
0.095933 -0.206048 1.560760
0.095491 0.435138 1.929040
0.083947 0.207665 2.052800
0.153107 0.184474 2.133860
0.170130 0.134113 2.163130
-0.026511 -0.001909 1.746920
0.035403 -0.360957 1.652490
0.004314 -0.716189 1.649310
0.052594 -0.747917 1.575540
0.066438 0.043768 1.668110
0.020039 -0.300532 1.665770
-0.069144 -0.629123 1.805660
-0.033909 -0.680940 1.743920
0.012821 0.081399 1.717700
-0.002830 0.117400 1.740800
-0.017210 0.335858 1.730420
-0.029995 0.519488 1.754350
-0.124168 0.281151 1.782480
-0.021287 0.084572 1.643210
0.074021 -0.130727 1.576260
0.107838 -0.208944 1.561570
0.082558 0.422152 1.929890
0.076445 0.192168 2.060760
0.134703 0.123717 2.150160
0.158023 0.098052 2.181490
-0.030175 -0.000569 1.745550
0.035616 -0.360814 1.652170
0.004577 -0.715254 1.649040
0.050641 -0.746873 1.575170
0.058092 0.038361 1.670190
-0.040039 -0.334453 1.766450
-0.086547 -0.684880 1.839000
-0.107985 -0.729711 1.814150
-0.004692 0.069468 1.719180
-0.018045 0.111095 1.742760
-0.019284 0.336127 1.732690
-0.031794 0.519756 1.757010
-0.138222 0.311440 1.778770
-0.028967 0.107847 1.651080
0.073629 -0.113415 1.584950
0.111355 -0.192500 1.565930
0.077119 0.393183 1.939880
0.074570 0.184874 2.064780
0.122033 0.086273 2.154690
0.131252 0.034438 2.189460
-0.041127 -0.000736 1.743310
0.035592 -0.360857 1.652160
0.004865 -0.714169 1.648640
0.049510 -0.746028 1.575020
0.030253 0.012748 1.682230
-0.020891 -0.323053 1.739160
-0.083507 -0.674741 1.832440
-0.090843 -0.722630 1.803750
-0.019605 0.061812 1.718260
-0.031993 0.106316 1.743120
-0.021255 0.336496 1.734630
-0.033367 0.520055 1.759360
-0.144488 0.305806 1.780500
-0.029282 0.106922 1.654200
0.076811 -0.113488 1.587770
0.116551 -0.192217 1.566790
0.074685 0.379151 1.944620
0.075161 0.184157 2.064180
0.124423 0.070389 2.157740
0.135600 0.014553 2.194550
-0.060417 -0.004240 1.738370
0.035146 -0.361141 1.652600
0.005105 -0.713373 1.648270
0.048625 -0.745503 1.574830
0.014104 0.003548 1.684130
-0.017192 -0.323813 1.737130
-0.084165 -0.675605 1.833680
-0.075676 -0.715673 1.793430
-0.014365 0.055943 1.719070
-0.034395 0.103400 1.743890
-0.023203 0.337025 1.736340
-0.035300 0.520489 1.761810
-0.147961 0.299918 1.781040
-0.029105 0.104302 1.655760
0.079551 -0.114599 1.589550
0.120355 -0.192369 1.567470
0.073244 0.370613 1.947650
0.077504 0.187634 2.061580
0.185319 0.081575 2.130280
0.234909 0.097563 2.130470
-0.051229 -0.009933 1.735990
0.033535 -0.362502 1.654010
0.005247 -0.713785 1.647960
0.048074 -0.746126 1.574680
0.043188 0.003823 1.691530
-0.010063 -0.325925 1.729340
-0.084643 -0.675516 1.834620
-0.063758 -0.709758 1.784670
-0.008162 0.052427 1.719640
-0.034310 0.100834 1.744540
-0.025071 0.337635 1.737820
-0.037038 0.520915 1.763770
-0.149739 0.294767 1.781090
-0.028703 0.101134 1.656340
0.081769 -0.116196 1.590740
0.123068 -0.192857 1.568170
0.072412 0.365360 1.949570
0.080188 0.192955 2.058020
0.257106 0.178136 2.055870
0.307486 0.213256 2.048410
-0.043492 -0.013738 1.734720
0.031476 -0.364466 1.655780
0.005403 -0.714445 1.647610
0.047867 -0.747046 1.574550
0.060894 0.005379 1.694720
-0.005116 -0.327418 1.723340
-0.084992 -0.674856 1.835270
-0.055381 -0.705684 1.778430
-0.002736 0.050952 1.720170
-0.032759 0.099047 1.745100
-0.027137 0.338302 1.739130
-0.038761 0.521352 1.765370
-0.150538 0.291554 1.780410
-0.028222 0.098393 1.656420
0.083289 -0.117529 1.591790
0.124800 -0.193533 1.569220
0.072028 0.361915 1.951020
0.082610 0.198358 2.054810
0.273194 0.279792 1.972010
0.330448 0.330064 1.957670
-0.038406 -0.015660 1.734320
0.029468 -0.366391 1.657460
0.005502 -0.715012 1.647290
0.047864 -0.747856 1.574470
0.070327 0.007406 1.696280
-0.001685 -0.328341 1.718690
-0.085308 -0.673698 1.835620
-0.049475 -0.702753 1.774040
0.001423 0.050672 1.720490
-0.030586 0.097954 1.745510
-0.029081 0.338882 1.740180
-0.040010 0.521656 1.766530
-0.150851 0.289285 1.779760
-0.027807 0.096106 1.656490
0.084194 -0.119027 1.592930
0.125365 -0.194858 1.571160
0.072122 0.359970 1.952140
0.084570 0.203429 2.051850
0.286208 0.309320 1.952560
0.345095 0.364229 1.937270
-0.035120 -0.016670 1.734250
0.027718 -0.368014 1.658860
0.005484 -0.715508 1.647000
0.047839 -0.748519 1.574410
0.075792 0.009245 1.696690
0.000249 -0.328952 1.715820
-0.085650 -0.672612 1.835850
-0.045623 -0.700870 1.771120
0.001426 0.051320 1.720240
-0.030571 0.097422 1.745680
-0.030864 0.339399 1.741030
-0.046640 0.521722 1.767490
-0.151231 0.298592 1.776030
-0.029591 0.099856 1.656940
0.081901 -0.116497 1.595580
0.119673 -0.190597 1.577440
0.073384 0.362305 1.952650
0.086176 0.209998 2.047550
0.180005 0.165934 2.105910
0.197510 0.130976 2.153040
-0.037908 -0.015178 1.733650
0.026433 -0.369128 1.659880
0.005456 -0.715474 1.646730
0.047886 -0.748611 1.574390
0.067461 0.011948 1.693130
0.002639 -0.330458 1.712340
-0.085934 -0.671954 1.836000
-0.042899 -0.699785 1.769210
-0.007076 0.052263 1.720340
-0.033557 0.097302 1.745950
-0.032585 0.339912 1.741740
-0.050957 0.521919 1.768140
-0.150445 0.315815 1.769390
-0.032894 0.107937 1.657530
0.075175 -0.110907 1.600910
0.107907 -0.184135 1.587910
0.074820 0.365754 1.952560
0.087007 0.215362 2.044020
0.159995 0.144408 2.123810
0.183208 0.114805 2.161870
-0.049751 -0.011502 1.733920
0.025630 -0.369761 1.660510
0.005298 -0.714882 1.646380
0.048164 -0.748281 1.574520
0.036384 0.005932 1.691890
0.027526 -0.330076 1.672420
-0.075293 -0.656709 1.816650
-0.032594 -0.693174 1.757430
-0.014664 0.053369 1.720450
-0.037262 0.097605 1.746220
-0.034089 0.340361 1.742290
-0.054203 0.522091 1.768470
-0.150064 0.325992 1.765550
-0.036589 0.118596 1.652870
0.071925 -0.106740 1.600710
0.093229 -0.177330 1.597040
0.076066 0.369038 1.952260
0.087457 0.219378 2.041270
0.132975 0.105821 2.159140
0.142450 0.046887 2.216020
-0.059625 -0.008300 1.734360
0.025164 -0.369983 1.660910
0.004937 -0.713619 1.646040
0.048489 -0.747413 1.574790
0.022999 0.003514 1.691420
0.029549 -0.334362 1.669000
-0.076404 -0.656796 1.817240
-0.030194 -0.692542 1.755560
-0.019898 0.054188 1.720470
-0.040460 0.097971 1.746380
-0.035451 0.340761 1.742700
-0.055730 0.522230 1.768720
-0.149733 0.332621 1.762920
-0.039112 0.125571 1.649520
0.066396 -0.101035 1.599020
0.084013 -0.173848 1.602050
0.077001 0.371739 1.951920
0.087690 0.222295 2.039150
0.121277 0.090489 2.174070
0.127257 0.023638 2.236090
-0.065744 -0.006190 1.734570
0.024854 -0.370032 1.661190
0.004523 -0.712244 1.645730
0.048836 -0.746397 1.575120
0.016026 0.002259 1.691160
0.038668 -0.407322 1.660600
-0.092088 -0.693022 1.840200
-0.107162 -0.740658 1.820720
-0.023636 0.055064 1.720390
-0.043076 0.098506 1.746490
-0.036629 0.341109 1.743000
-0.056800 0.522338 1.768890
-0.149635 0.336594 1.761430
-0.040838 0.129787 1.647490
0.061095 -0.097425 1.597310
0.077663 -0.172185 1.604350
0.077972 0.375842 1.950930
0.087999 0.225280 2.036820
0.096399 0.336557 1.984340
0.140009 0.371411 1.976040
-0.069867 -0.004527 1.734660
0.024771 -0.369609 1.661270
0.004017 -0.710542 1.645480
0.049088 -0.745062 1.575450
0.011903 0.001612 1.690940
0.017762 -0.371414 1.671940
-0.093497 -0.689292 1.840160
-0.089707 -0.729865 1.806210
-0.026635 0.056743 1.720180
-0.045417 0.099613 1.746540
-0.037621 0.341389 1.743200
-0.057542 0.522443 1.768990
-0.149762 0.340295 1.760410
-0.044027 0.132262 1.649160
0.050779 -0.096586 1.601730
0.071791 -0.172115 1.606080
0.078817 0.379350 1.949890
0.088174 0.227702 2.034770
0.082649 0.385693 1.952110
0.127446 0.409239 1.953610
-0.072920 -0.002947 1.734540
0.024797 -0.368990 1.661190
0.003510 -0.708538 1.645270
0.049311 -0.743364 1.575770
0.009550 0.002887 1.690690
0.008608 -0.358841 1.675390
-0.093728 -0.682714 1.838460
-0.073460 -0.719069 1.792090
-0.028565 0.059217 1.719850
-0.047133 0.101078 1.746520
-0.038472 0.341584 1.743330
-0.057892 0.522553 1.768960
-0.149826 0.342722 1.759730
-0.046580 0.133571 1.650740
0.041690 -0.097152 1.604460
0.066165 -0.173119 1.606340
0.079834 0.382219 1.949110
0.087018 0.229737 2.029990
0.089707 0.441399 1.922810
0.149869 0.497147 1.906710
-0.074916 -0.001646 1.734500
0.024793 -0.368327 1.661020
0.003061 -0.706589 1.645120
0.049498 -0.741601 1.576060
0.011370 0.007413 1.689210
0.002285 -0.347579 1.678290
-0.093435 -0.676380 1.836370
-0.061841 -0.710948 1.781640
-0.029688 0.062728 1.719640
-0.048129 0.103121 1.746780
-0.039236 0.341712 1.743380
-0.058066 0.522635 1.768810
-0.149153 0.316836 1.773230
-0.046663 0.125009 1.646710
0.036585 -0.109314 1.593690
0.060327 -0.188229 1.598110
0.082095 0.383674 1.948750
0.085859 0.229423 2.025770
0.120454 0.446616 1.932200
0.184950 0.488262 1.925620
-0.076274 -0.000602 1.734470
0.024705 -0.367674 1.660600
0.002666 -0.704832 1.645040
0.049131 -0.739865 1.576010
0.015393 0.013674 1.688570
-0.002071 -0.338280 1.678220
-0.092284 -0.667676 1.832550
-0.054389 -0.702949 1.771570
-0.030274 0.072298 1.720890
-0.049065 0.109130 1.747890
-0.039921 0.341781 1.743370
-0.057616 0.522710 1.768390
-0.149730 0.319968 1.775930
-0.049138 0.126531 1.646090
0.024123 -0.102709 1.577840
0.040717 -0.168369 1.571990
0.112953 0.376603 1.957600
0.078984 0.217696 2.010560
0.170007 0.408270 1.960930
0.223451 0.455404 1.961540
-0.077548 0.002673 1.734720
0.024333 -0.367077 1.659810
0.002397 -0.701523 1.644980
0.048865 -0.736615 1.575920
0.020389 0.021052 1.690140
-0.005535 -0.330425 1.676160
-0.090989 -0.659188 1.828300
-0.048804 -0.695990 1.763670
-0.030334 0.078172 1.721640
-0.049553 0.113379 1.748590
-0.040516 0.341799 1.743330
-0.057134 0.522695 1.767900
-0.146150 0.301789 1.774140
-0.045452 0.106094 1.636570
0.021860 -0.113741 1.561920
0.036492 -0.170028 1.561000
0.121851 0.374797 1.960060
0.105503 0.205211 2.009820
0.180350 0.393448 1.928640
0.216985 0.472086 1.919330
-0.078243 0.004931 1.734740
0.023371 -0.366644 1.658590
0.002080 -0.699108 1.645000
0.048589 -0.734222 1.575940
0.024294 0.025683 1.691420
-0.007962 -0.325656 1.674530
-0.090449 -0.654172 1.825610
-0.045357 -0.691497 1.758560
-0.030672 0.081176 1.722000
-0.050063 0.116009 1.748980
-0.041060 0.341776 1.743270
-0.055848 0.522614 1.767110
-0.143349 0.293003 1.772610
-0.043998 0.095646 1.631790
0.020838 -0.119270 1.553980
0.034102 -0.171605 1.553510
0.127624 0.373583 1.961680
0.189432 0.209722 1.991750
0.184829 0.386022 1.913540
0.175805 0.448038 1.880450
-0.078854 0.006380 1.734760
0.020856 -0.366888 1.657020
0.001786 -0.697518 1.645050
0.048368 -0.732660 1.576020
0.025688 0.027629 1.691870
-0.009888 -0.322775 1.672990
-0.090264 -0.651276 1.823990
-0.043181 -0.688710 1.755310
-0.030942 0.083021 1.722180
-0.050368 0.117705 1.749240
-0.041551 0.341724 1.743200
-0.054891 0.522506 1.766300
-0.142511 0.288666 1.773210
-0.044360 0.090701 1.630430
0.019560 -0.127292 1.549210
0.032306 -0.176090 1.548010
0.131525 0.372755 1.962780
0.215957 0.210172 1.989740
0.185405 0.379824 1.904880
0.157823 0.435460 1.865150
-0.079468 0.007109 1.734890
0.014653 -0.368077 1.655680
0.001618 -0.696695 1.645070
0.048151 -0.731831 1.576030
0.027075 0.028165 1.691420
-0.011777 -0.320667 1.671240
-0.090258 -0.649136 1.822730
-0.041930 -0.686573 1.752770
-0.031184 0.082633 1.722420
-0.050601 0.118448 1.749460
-0.041989 0.341644 1.743130
-0.054054 0.522377 1.765570
-0.141998 0.285849 1.773660
-0.044981 0.087471 1.629840
0.018591 -0.131471 1.545990
0.031163 -0.179461 1.543920
0.134276 0.372168 1.963560
0.199948 0.159927 2.020200
0.274190 0.291492 1.949510
0.320763 0.296156 1.952510
-0.080364 0.006377 1.735690
0.008568 -0.369036 1.654870
0.001383 -0.696432 1.645180
0.047764 -0.731632 1.576060
0.028936 0.017913 1.689710
-0.013523 -0.320321 1.669130
-0.090389 -0.648030 1.821680
-0.041227 -0.685331 1.750850
-0.031245 0.080115 1.722910
-0.050682 0.118127 1.749820
-0.042421 0.341532 1.743050
-0.053437 0.522249 1.765000
-0.142001 0.283928 1.775120
-0.047227 0.085061 1.630860
0.017802 -0.134089 1.543910
0.030376 -0.182109 1.541130
0.136262 0.371727 1.964130
0.205093 0.147633 2.026680
0.303137 0.048366 2.052690
0.359522 0.094227 2.033920
-0.081144 0.004199 1.737250
0.003582 -0.369474 1.654400
0.001030 -0.696815 1.645400
0.047100 -0.732118 1.576120
0.030297 0.009051 1.688950
-0.015299 -0.322832 1.667930
-0.091298 -0.649070 1.821750
-0.041484 -0.685271 1.749850
-0.031247 0.077443 1.723410
-0.050655 0.117358 1.750200
-0.042813 0.341405 1.742970
-0.052968 0.522129 1.764550
-0.142033 0.282672 1.776270
-0.050044 0.083710 1.632650
0.017110 -0.135830 1.542360
0.029704 -0.184145 1.539060
0.137666 0.371355 1.964570
0.199292 0.136837 2.034860
0.266883 -0.042824 2.076950
0.327146 -0.052708 2.086220
-0.081976 0.001532 1.739070
-0.000913 -0.369539 1.654350
0.000534 -0.697737 1.645690
0.046176 -0.733167 1.576170
0.031179 0.003673 1.688670
-0.036669 -0.322875 1.667780
-0.096446 -0.652574 1.817400
-0.045259 -0.686807 1.746490
-0.031093 0.075057 1.723860
-0.050732 0.116417 1.750390
-0.043163 0.341266 1.742930
-0.052627 0.522022 1.764230
-0.139842 0.282314 1.774390
-0.050937 0.081938 1.632470
0.016353 -0.137231 1.541260
0.029037 -0.186114 1.537450
0.138599 0.371024 1.964910
0.189037 0.135993 2.043360
0.224052 -0.114091 2.084630
0.257570 -0.163061 2.096530
-0.082335 -0.000717 1.740630
-0.004497 -0.369497 1.654510
0.000027 -0.698943 1.646000
0.045766 -0.734382 1.576530
0.031860 0.000783 1.688610
-0.019271 -0.325588 1.645040
-0.092160 -0.653315 1.801680
-0.043767 -0.687015 1.739160
-0.030824 0.073472 1.724440
-0.050426 0.115574 1.750850
-0.043458 0.341126 1.742910
-0.052429 0.521938 1.764000
-0.140672 0.283347 1.778420
-0.054619 0.082437 1.635570
0.014677 -0.138082 1.541590
0.028185 -0.187647 1.536700
0.139185 0.370730 1.965210
0.181945 0.134167 2.048620
0.174500 -0.135880 2.071090
0.197208 -0.191975 2.085180
-0.082454 -0.002677 1.742220
-0.006942 -0.369540 1.654740
-0.000472 -0.700219 1.646290
0.044817 -0.735777 1.576550
0.032456 -0.000884 1.688730
-0.017670 -0.334688 1.648600
-0.094496 -0.660304 1.808750
-0.046052 -0.690220 1.740510
-0.030527 0.072560 1.725000
-0.050029 0.114998 1.751330
-0.043722 0.340978 1.742950
-0.052394 0.521836 1.763840
-0.141207 0.283873 1.780780
-0.058241 0.083336 1.638660
0.012788 -0.138424 1.542590
0.027339 -0.188929 1.536430
0.139496 0.370464 1.965500
0.155418 0.140256 2.020570
0.136783 -0.127970 2.036650
0.141169 -0.210291 2.050200
-0.082428 -0.004022 1.743420
-0.008689 -0.369756 1.655030
-0.000940 -0.701405 1.646520
0.043885 -0.737076 1.576510
0.033336 -0.001126 1.689630
-0.016664 -0.341045 1.652400
-0.096268 -0.665066 1.814800
-0.048315 -0.693247 1.742480
-0.030851 0.071819 1.725530
-0.050026 0.114566 1.751740
-0.043974 0.340824 1.743050
-0.052539 0.521714 1.763770
-0.142912 0.285310 1.785640
-0.061467 0.084446 1.641590
0.009702 -0.138603 1.545390
0.025938 -0.190392 1.537220
0.139590 0.370229 1.965800
0.150346 0.140934 2.022650
0.118130 -0.177207 2.052480
0.118053 -0.316097 2.072730
-0.084245 -0.005639 1.744900
-0.009949 -0.369993 1.655350
-0.001374 -0.702389 1.646700
0.042965 -0.738208 1.576420
0.032178 -0.001022 1.690230
-0.017137 -0.341562 1.655490
-0.097040 -0.665718 1.817310
-0.049671 -0.694119 1.743250
-0.031020 0.071328 1.726030
-0.050116 0.114237 1.752050
-0.044252 0.340654 1.743330
-0.052641 0.521620 1.763820
-0.140252 0.286236 1.782610
-0.062259 0.083549 1.641290
0.007816 -0.141516 1.547200
0.024778 -0.194005 1.538160
0.139503 0.370026 1.966210
0.146902 0.142059 2.025470
0.107252 -0.159751 2.044000
0.099702 -0.329048 2.063260
-0.084705 -0.006454 1.745990
-0.010815 -0.370238 1.655650
-0.001763 -0.703193 1.646850
0.042639 -0.739014 1.576600
0.031266 -0.000227 1.690920
-0.017684 -0.341313 1.658230
-0.097624 -0.665773 1.819440
-0.050261 -0.694721 1.744650
-0.031125 0.070908 1.726450
-0.050566 0.113840 1.752110
-0.044529 0.340546 1.743910
-0.052827 0.521585 1.764120
-0.112731 0.291937 1.744340
-0.054953 0.075033 1.628310
0.006274 -0.143256 1.548980
0.023711 -0.196561 1.539340
0.139302 0.369911 1.966780
0.144920 0.143491 2.028730
0.104764 -0.140397 2.038460
0.091720 -0.324268 2.052820
-0.084812 -0.007091 1.746950
-0.011400 -0.370495 1.655960
-0.002169 -0.703970 1.646980
0.043591 -0.740251 1.578080
0.030407 0.000681 1.691380
-0.018268 -0.340595 1.660660
-0.098050 -0.665499 1.821190
-0.048889 -0.695131 1.748640
-0.030636 0.068929 1.727140
-0.051533 0.112268 1.751440
-0.044827 0.340492 1.744930
-0.053217 0.521646 1.765110
-0.058560 0.242656 1.682630
-0.034532 0.011927 1.595090
0.010933 -0.181053 1.551720
0.026424 -0.224867 1.541880
0.138985 0.369861 1.967580
0.143963 0.144966 2.032060
0.105773 -0.125360 2.035520
0.092394 -0.309527 2.044870
-0.080723 -0.009712 1.748880
-0.011754 -0.370815 1.656310
-0.002864 -0.706139 1.647280
0.047976 -0.744408 1.584150
0.029642 0.001163 1.691600
-0.018812 -0.339721 1.662690
-0.098362 -0.665071 1.822610
-0.043938 -0.695407 1.757540
-0.029714 0.065016 1.728140
-0.052464 0.109528 1.750810
-0.045125 0.340587 1.746550
-0.053674 0.521882 1.766690
-0.028240 0.212568 1.648570
-0.021710 -0.028507 1.575240
0.013391 -0.198227 1.553470
0.028275 -0.241614 1.543800
0.138577 0.369925 1.968730
0.142011 0.156636 2.039620
0.107598 -0.096209 2.036660
0.096056 -0.268095 2.042250
-0.075479 -0.014066 1.751840
-0.011925 -0.371182 1.656700
-0.003686 -0.709410 1.647710
0.051784 -0.749079 1.589590
0.028598 0.000854 1.691370
-0.019100 -0.339174 1.663870
-0.098567 -0.664599 1.823680
-0.040043 -0.695546 1.764220
-0.028718 0.061419 1.728990
-0.053079 0.106823 1.750340
-0.045322 0.340791 1.748800
-0.053862 0.522253 1.768880
-0.016912 0.202289 1.635730
-0.017420 -0.041787 1.568410
0.014401 -0.206023 1.554420
0.029343 -0.251297 1.545080
0.138163 0.370078 1.970270
0.142162 0.167030 2.046510
0.111089 -0.077358 2.039030
0.101406 -0.243001 2.043060
-0.071269 -0.017513 1.754050
-0.011938 -0.371582 1.657120
-0.004501 -0.712642 1.648120
0.054592 -0.752880 1.593700
0.027668 0.000435 1.691040
-0.019319 -0.338701 1.664730
-0.098711 -0.664131 1.824510
-0.037138 -0.695615 1.769100
-0.017354 0.055902 1.732410
-0.048555 0.102568 1.751290
-0.045405 0.341132 1.751260
-0.053561 0.522826 1.771590
-0.016946 0.199003 1.637000
-0.014777 -0.050058 1.564400
0.014953 -0.210988 1.555010
0.030041 -0.257598 1.545920
0.137787 0.370336 1.972020
0.143079 0.175168 2.051870
0.114368 -0.065143 2.041270
0.106015 -0.227406 2.044540
-0.044677 -0.023313 1.763980
-0.011646 -0.372340 1.657610
-0.005196 -0.715635 1.648490
0.056475 -0.755595 1.596360
0.038246 -0.000073 1.690340
-0.019428 -0.338582 1.665250
-0.098832 -0.663929 1.825160
-0.035225 -0.695809 1.772370
-0.008734 0.053596 1.734710
-0.043492 0.099798 1.752390
-0.045364 0.341456 1.753750
-0.053012 0.523348 1.774160
-0.017302 0.197052 1.638820
-0.015786 -0.046132 1.566740
0.015390 -0.212699 1.555430
0.030397 -0.261360 1.546400
0.137487 0.370609 1.973900
0.143906 0.180687 2.055510
0.116758 -0.057522 2.042880
0.109224 -0.217982 2.045720
-0.033588 -0.025467 1.768280
-0.011289 -0.373084 1.658060
-0.005777 -0.717953 1.648770
0.057750 -0.757447 1.598160
0.050753 0.002944 1.688380
-0.019529 -0.338464 1.665670
-0.098922 -0.663741 1.825680
-0.033868 -0.695924 1.774680
