-0.099745 -0.393019 2.499800
-0.106944 -0.342630 2.502730
-0.128061 -0.087559 2.495010
-0.117807 0.098478 2.499580
-0.227890 -0.193210 2.425080
-0.262752 -0.389121 2.376240
-0.150487 -0.534530 2.310920
-0.131520 -0.580377 2.299630
0.024261 -0.190111 2.556210
0.178475 -0.246302 2.443870
0.080762 -0.075536 2.431880
0.059940 -0.005426 2.447020
-0.158420 -0.465245 2.453260
0.100303 -0.618780 2.178100
-0.000769 -0.875559 2.079280
0.033278 -0.908734 2.013630
-0.030049 -0.448851 2.542570
0.230750 -0.625047 2.384640
0.127806 -0.819335 2.121070
0.065078 -0.836669 2.087520
-0.099934 -0.392782 2.499510
-0.107230 -0.342472 2.502500
-0.128766 -0.087551 2.494890
-0.118767 0.098488 2.499710
-0.228139 -0.193284 2.424870
-0.269303 -0.385279 2.376980
-0.154244 -0.529477 2.312910
-0.121532 -0.578422 2.295300
0.023770 -0.189912 2.556130
0.177080 -0.249558 2.445180
0.086365 -0.085832 2.430570
0.059169 -0.012992 2.447250
-0.158432 -0.464996 2.452700
0.100287 -0.618825 2.178060
-0.005452 -0.873942 2.079360
0.028706 -0.907114 2.013720
-0.030109 -0.448482 2.542370
0.230520 -0.625561 2.385630
0.127386 -0.818925 2.121360
0.064443 -0.836713 2.087270
-0.100124 -0.392633 2.499220
-0.107524 -0.342372 2.502290
-0.129443 -0.087554 2.494820
-0.121017 0.098616 2.500160
-0.228349 -0.193353 2.424680
-0.273727 -0.382620 2.377460
-0.156913 -0.525877 2.314320
-0.115765 -0.576923 2.292930
0.023268 -0.189747 2.556070
0.175595 -0.253488 2.446650
0.100009 -0.089536 2.427690
0.072681 -0.015749 2.443510
-0.158471 -0.464796 2.452180
0.100275 -0.618861 2.178020
-0.011818 -0.845668 2.071000
0.053475 -0.819323 2.082380
-0.030187 -0.448219 2.542120
0.230456 -0.625906 2.386370
0.127126 -0.818548 2.121630
0.063631 -0.836718 2.086850
-0.100303 -0.392573 2.498980
-0.107820 -0.342333 2.502130
-0.130139 -0.087552 2.494820
-0.125084 0.098936 2.500920
-0.228618 -0.193411 2.424490
-0.276550 -0.380862 2.377710
-0.158695 -0.523467 2.315240
-0.112275 -0.575345 2.291730
0.022741 -0.189611 2.556020
0.174309 -0.257039 2.448060
0.125829 -0.089641 2.423580
0.101222 -0.015252 2.433810
-0.158523 -0.464750 2.451910
0.100267 -0.618896 2.177990
-0.014905 -0.829589 2.066100
0.062886 -0.814552 2.100190
-0.030265 -0.448028 2.541880
0.230491 -0.626147 2.387000
0.127000 -0.818182 2.121940
0.062906 -0.836727 2.086480
-0.100478 -0.392533 2.498760
-0.108117 -0.342308 2.502000
-0.130762 -0.087541 2.494840
-0.128332 0.099152 2.501600
-0.228927 -0.193501 2.424320
-0.264255 -0.399063 2.373170
-0.144939 -0.538512 2.308680
-0.097555 -0.587246 2.285350
0.022221 -0.189496 2.555990
0.174336 -0.256599 2.448380
0.140923 -0.079089 2.420270
0.123482 -0.000679 2.423850
-0.158607 -0.464740 2.451670
0.100262 -0.618931 2.177950
-0.021037 -0.826585 2.061430
0.029132 -0.838496 2.045970
-0.030344 -0.447875 2.541660
0.230551 -0.626254 2.387460
0.126935 -0.817830 2.122250
0.134439 -0.858539 2.115710
-0.100689 -0.392530 2.498550
-0.108450 -0.342311 2.501900
-0.131319 -0.087522 2.494910
-0.130612 0.099230 2.502160
-0.229389 -0.193731 2.424130
-0.258557 -0.407533 2.371160
-0.139548 -0.546880 2.306000
-0.092017 -0.594227 2.282910
0.021707 -0.189427 2.555970
0.174974 -0.254058 2.448320
0.150079 -0.069260 2.417730
0.134307 0.009007 2.418430
-0.158753 -0.464780 2.451480
0.100257 -0.618969 2.177920
-0.017246 -0.837581 2.065580
0.026257 -0.868459 2.027590
-0.030525 -0.447751 2.541320
0.230597 -0.626067 2.387510
0.126867 -0.817637 2.122390
0.173334 -0.870167 2.131560
-0.100926 -0.392574 2.498310
-0.108825 -0.342353 2.501810
-0.132004 -0.087491 2.495060
-0.133474 0.099486 2.502660
-0.229995 -0.194098 2.423940
-0.256570 -0.410303 2.370530
-0.138028 -0.550117 2.305340
-0.142031 -0.597906 2.308600
0.021176 -0.189372 2.555930
0.175159 -0.253536 2.448670
0.153359 -0.028019 2.421950
0.134565 0.027791 2.416850
-0.158996 -0.464930 2.451250
0.100252 -0.619005 2.177880
0.006673 -0.860299 2.071540
0.042790 -0.897559 2.014480
-0.030704 -0.447673 2.540930
0.230699 -0.625870 2.387550
0.126849 -0.817457 2.122520
0.189475 -0.874474 2.137650
-0.101148 -0.392630 2.498100
-0.109192 -0.342409 2.501750
-0.132683 -0.087450 2.495230
-0.136094 0.099740 2.502990
-0.230563 -0.194462 2.423780
-0.266534 -0.400168 2.373700
-0.147846 -0.540280 2.310230
-0.186366 -0.578982 2.331400
0.020646 -0.189298 2.555920
0.175264 -0.253401 2.449190
0.151243 -0.011505 2.424410
0.129326 0.037327 2.419740
-0.159229 -0.465093 2.451050
0.100249 -0.619039 2.177850
0.009344 -0.865007 2.072110
0.042346 -0.906196 2.007340
-0.030870 -0.447616 2.540540
0.230822 -0.625677 2.387570
0.126860 -0.817271 2.122660
0.201933 -0.872607 2.138370
-0.101361 -0.392716 2.497890
-0.109559 -0.342489 2.501720
-0.133295 -0.087405 2.495410
-0.138280 0.099963 2.503280
-0.231042 -0.194809 2.423640
-0.272620 -0.393658 2.375640
-0.152977 -0.532749 2.312370
-0.155458 -0.566490 2.315810
0.020017 -0.189193 2.555940
0.175171 -0.253728 2.450020
0.126954 -0.005327 2.431790
0.113561 0.041977 2.427910
-0.159448 -0.465301 2.450840
0.100245 -0.619062 2.177820
0.010455 -0.868506 2.072710
0.041691 -0.911658 2.003050
-0.031027 -0.447585 2.540190
0.230957 -0.625461 2.387570
0.126885 -0.817093 2.122800
0.208187 -0.868895 2.136780
-0.101456 -0.392720 2.497800
-0.109829 -0.342491 2.501760
-0.133846 -0.087357 2.495590
-0.139944 0.100121 2.503480
-0.231436 -0.195069 2.423500
-0.276527 -0.389146 2.376970
-0.156322 -0.527614 2.313820
-0.143743 -0.560460 2.310080
0.019077 -0.188884 2.556060
0.174081 -0.255736 2.452080
0.106505 -0.043050 2.434250
0.087550 0.015839 2.437090
-0.159511 -0.465366 2.450740
0.100237 -0.619079 2.177800
0.010586 -0.871122 2.073110
0.040923 -0.915314 2.000130
-0.031062 -0.447348 2.540110
0.183281 -0.674801 2.233130
0.106431 -0.866164 2.088140
0.169074 -0.906780 2.054650
-0.101545 -0.392726 2.497730
-0.110112 -0.342504 2.501820
-0.134349 -0.087316 2.495770
-0.141321 0.100216 2.503700
-0.231769 -0.195294 2.423380
-0.276634 -0.387685 2.377250
-0.157118 -0.526282 2.314090
-0.124305 -0.566320 2.299370
0.018032 -0.188510 2.556240
0.172071 -0.259399 2.455060
0.098527 -0.078226 2.424620
0.072335 -0.009860 2.431870
-0.159552 -0.465423 2.450650
0.100222 -0.619093 2.177790
0.009789 -0.872984 2.073390
0.039670 -0.917420 1.998350
-0.031176 -0.447202 2.540020
0.171262 -0.685709 2.193000
0.098168 -0.885022 2.074820
0.143474 -0.927370 2.007610
-0.101622 -0.392727 2.497660
-0.110384 -0.342509 2.501890
-0.134870 -0.087250 2.495940
-0.142546 0.100292 2.504010
-0.232054 -0.195489 2.423270
-0.253726 -0.406761 2.371850
-0.139362 -0.547449 2.303120
-0.130320 -0.577512 2.300400
0.016665 -0.187901 2.556590
0.169884 -0.262367 2.457730
0.094029 -0.086987 2.425110
0.064175 -0.017074 2.433710
-0.159569 -0.465468 2.450570
0.100179 -0.619100 2.177780
0.000825 -0.871971 2.074810
0.031027 -0.914379 1.999920
-0.031298 -0.447045 2.539960
0.162513 -0.694219 2.164270
0.093695 -0.895076 2.067620
0.133640 -0.935627 1.988760
-0.101690 -0.392733 2.497610
-0.110660 -0.342529 2.501980
-0.135488 -0.087190 2.496130
-0.143484 0.100311 2.504280
-0.232335 -0.195711 2.423180
-0.257426 -0.402034 2.371620
-0.141778 -0.542613 2.304150
-0.165096 -0.571039 2.317210
0.015277 -0.187317 2.556980
0.168116 -0.264423 2.459710
0.092061 -0.092509 2.425410
0.060069 -0.021236 2.434440
-0.159569 -0.465526 2.450510
0.100130 -0.619106 2.177770
-0.007514 -0.870323 2.075850
0.023222 -0.910625 2.001810
-0.031411 -0.446900 2.539920
0.157399 -0.700653 2.148390
0.090769 -0.901867 2.062190
0.127993 -0.940886 1.976800
-0.101798 -0.392791 2.497570
-0.111014 -0.342624 2.502100
-0.136174 -0.087143 2.496320
-0.144266 0.100331 2.504550
-0.232623 -0.195984 2.423110
-0.256979 -0.401603 2.371530
-0.141761 -0.542446 2.303760
-0.173021 -0.573899 2.321050
0.014002 -0.186840 2.557390
0.166752 -0.265829 2.461100
0.100997 -0.091799 2.423690
0.072058 -0.018045 2.432640
-0.159575 -0.465637 2.450500
0.100080 -0.619112 2.177750
-0.006123 -0.872403 2.076960
0.025958 -0.911367 2.004060
-0.031545 -0.446790 2.539850
0.155591 -0.705763 2.144700
0.088741 -0.906449 2.058510
0.124017 -0.944434 1.968610
-0.101946 -0.392898 2.497540
-0.111430 -0.342776 2.502290
-0.136904 -0.087090 2.496630
-0.144884 0.100342 2.504800
-0.233177 -0.196416 2.423080
-0.256690 -0.401372 2.371560
-0.141775 -0.542332 2.303470
-0.177664 -0.575981 2.323150
0.012899 -0.186485 2.557770
0.165759 -0.266766 2.462080
0.122498 -0.047378 2.418360
0.085566 0.004309 2.430080
-0.159635 -0.465856 2.450580
0.100035 -0.619119 2.177740
-0.010753 -0.870007 2.073800
0.022299 -0.907551 2.002290
-0.031687 -0.446705 2.539770
0.156810 -0.708398 2.151470
0.087249 -0.909672 2.055850
0.120980 -0.945986 1.964220
-0.102205 -0.393159 2.497510
-0.111948 -0.343040 2.502530
-0.137643 -0.086994 2.497050
-0.145409 0.100350 2.505060
-0.233889 -0.196911 2.423090
-0.256255 -0.401570 2.371490
-0.141625 -0.542671 2.303220
-0.179958 -0.580265 2.324060
0.011893 -0.186277 2.558070
0.165311 -0.265473 2.462390
0.146051 -0.048506 2.414730
0.118172 0.009540 2.419780
-0.159781 -0.466216 2.450740
0.099992 -0.619127 2.177720
-0.010553 -0.870594 2.073780
0.023282 -0.907189 2.003180
-0.031950 -0.446718 2.539550
0.159463 -0.709228 2.162250
0.086154 -0.911808 2.053900
0.118930 -0.945992 1.963210
-0.102498 -0.393433 2.497470
-0.112511 -0.343319 2.502810
-0.138385 -0.086867 2.497570
-0.145854 0.100383 2.505350
-0.234698 -0.197450 2.423140
-0.265614 -0.395322 2.373850
-0.148273 -0.534980 2.306890
-0.186028 -0.577495 2.327050
0.011073 -0.186124 2.558330
0.165215 -0.263020 2.462240
0.156077 -0.048504 2.413210
0.130786 0.012469 2.415570
-0.159964 -0.466582 2.450900
0.099953 -0.619138 2.177700
-0.009720 -0.871298 2.073870
0.024730 -0.907042 2.004120
-0.032283 -0.446752 2.539240
0.162199 -0.708918 2.172590
0.085350 -0.912870 2.052580
0.117656 -0.944732 1.964840
-0.102795 -0.393686 2.497430
-0.113085 -0.343579 2.503120
-0.139093 -0.086708 2.498100
-0.146364 0.100469 2.505810
-0.235464 -0.197945 2.423220
-0.271005 -0.391589 2.375320
-0.152301 -0.530292 2.309140
-0.190532 -0.574544 2.329350
0.010408 -0.186001 2.558550
0.165068 -0.261632 2.462230
0.148585 -0.018766 2.418250
0.128622 0.031559 2.414730
-0.160165 -0.466928 2.451030
0.099917 -0.619152 2.177680
-0.008545 -0.872035 2.074030
0.026360 -0.907048 2.005030
-0.032606 -0.446787 2.538940
0.164483 -0.708155 2.180980
0.084855 -0.913054 2.051820
0.117158 -0.942863 1.967920
-0.103054 -0.393912 2.497400
-0.113615 -0.343821 2.503440
-0.139687 -0.086554 2.498630
-0.146759 0.100569 2.506280
-0.236060 -0.198343 2.423300
-0.276667 -0.388183 2.376280
-0.156164 -0.525834 2.311360
-0.193629 -0.571683 2.331420
0.009889 -0.185915 2.558720
0.164991 -0.260583 2.462210
0.140828 -0.007682 2.421920
0.114518 0.039852 2.421770
-0.160342 -0.467231 2.451140
0.099887 -0.619165 2.177660
-0.007241 -0.872741 2.074260
0.027988 -0.907146 2.005910
-0.032858 -0.446821 2.538680
0.166086 -0.707773 2.186960
0.084549 -0.912720 2.051370
0.117034 -0.941061 1.971040
-0.103211 -0.394032 2.497410
-0.114045 -0.343970 2.503790
-0.140162 -0.086415 2.499100
-0.147153 0.100671 2.506700
-0.236472 -0.198584 2.423370
-0.280947 -0.385485 2.377000
-0.159218 -0.522299 2.313110
-0.196329 -0.568494 2.333010
0.009441 -0.185831 2.558890
0.169245 -0.223672 2.452810
0.097403 -0.006165 2.437480
0.085213 0.044029 2.441690
-0.160417 -0.467400 2.451200
0.099857 -0.619177 2.177640
-0.008200 -0.857285 2.080570
0.064743 -0.858607 2.079820
-0.032995 -0.446803 2.538600
0.168125 -0.706459 2.192620
0.084541 -0.910941 2.051820
0.117452 -0.938197 1.975450
-0.103361 -0.394105 2.497400
-0.114450 -0.344061 2.504110
-0.140525 -0.086289 2.499520
-0.147801 0.100850 2.507200
-0.236714 -0.198711 2.423400
-0.283721 -0.383428 2.377510
-0.161432 -0.519752 2.314270
-0.198825 -0.564779 2.334520
0.009077 -0.185733 2.559000
0.166753 -0.239290 2.461350
0.067452 -0.016057 2.455040
0.069119 0.040402 2.457180
-0.160481 -0.467482 2.451200
0.099802 -0.619185 2.177620
-0.009163 -0.855863 2.081860
0.051563 -0.868456 2.066090
-0.033182 -0.446757 2.538510
0.200527 -0.641972 2.300060
0.100310 -0.853189 2.090720
0.169934 -0.869810 2.089500
-0.103576 -0.393922 2.497180
-0.114755 -0.343970 2.504320
-0.140813 -0.086149 2.499840
-0.148601 0.101053 2.507600
-0.236888 -0.198800 2.423420
-0.274076 -0.386769 2.377820
-0.157815 -0.524092 2.311940
-0.184370 -0.576256 2.324950
0.011517 -0.155162 2.548320
0.159835 -0.249821 2.470220
0.059322 -0.065431 2.446750
0.059245 -0.000245 2.457100
-0.160545 -0.467479 2.451100
0.099737 -0.619189 2.177600
-0.001610 -0.860477 2.080290
0.054231 -0.883448 2.046890
-0.033430 -0.446383 2.537990
0.213029 -0.617791 2.341560
0.110952 -0.818195 2.114860
0.187281 -0.846676 2.127730
-0.103020 -0.393050 2.497220
-0.114608 -0.343396 2.504790
-0.141031 -0.085997 2.500080
-0.149510 0.101237 2.507850
-0.237007 -0.198844 2.423400
-0.267051 -0.389362 2.377930
-0.154613 -0.528020 2.310050
-0.181511 -0.578590 2.323120
0.013691 -0.144456 2.543780
0.156041 -0.257358 2.475840
0.056941 -0.098763 2.440330
0.053703 -0.024205 2.456730
-0.159539 -0.467285 2.451510
0.099650 -0.619210 2.177560
0.012226 -0.869250 2.079310
0.061043 -0.897525 2.033360
-0.031447 -0.444536 2.537720
0.185798 -0.653396 2.244030
0.107144 -0.832263 2.109020
0.152330 -0.884158 2.069030
-0.102527 -0.392124 2.496930
-0.114471 -0.342828 2.505040
-0.141184 -0.085865 2.500240
-0.150328 0.101369 2.508030
-0.237080 -0.198849 2.423300
-0.262522 -0.391107 2.377790
-0.152203 -0.531006 2.308710
-0.180127 -0.579646 2.322230
0.014947 -0.139374 2.541530
0.154210 -0.262994 2.479670
0.055137 -0.113350 2.438530
0.050218 -0.039833 2.456650
-0.158983 -0.467200 2.451310
0.099559 -0.619238 2.177520
0.026322 -0.878266 2.079980
0.067998 -0.908479 2.025400
-0.029991 -0.443165 2.536940
0.185922 -0.650703 2.242290
0.102510 -0.850055 2.100370
0.138029 -0.900575 2.045350
-0.102194 -0.391253 2.496240
-0.114425 -0.342339 2.505050
-0.141315 -0.085732 2.500310
-0.151083 0.101446 2.508160
-0.237089 -0.198844 2.422970
-0.259223 -0.392465 2.377430
-0.150250 -0.533521 2.307650
-0.179127 -0.580539 2.321370
0.015976 -0.136554 2.539830
0.153796 -0.266748 2.481930
0.053599 -0.121989 2.438010
0.047833 -0.050169 2.456900
-0.158580 -0.467139 2.450620
0.099443 -0.619295 2.177460
0.053934 -0.891687 2.086200
0.085196 -0.921880 2.022440
-0.028989 -0.442216 2.535750
0.177926 -0.663311 2.213600
0.098673 -0.865109 2.092820
0.127682 -0.913792 2.026410
-0.101850 -0.390318 2.495470
-0.114358 -0.341768 2.504970
-0.141420 -0.085569 2.500290
-0.151938 0.101536 2.508180
-0.236917 -0.198828 2.422080
-0.269276 -0.385913 2.366280
-0.152131 -0.530730 2.308620
-0.186395 -0.571291 2.324040
0.017159 -0.135515 2.538510
0.154100 -0.269850 2.484270
0.053690 -0.127678 2.437550
0.046555 -0.059289 2.455810
-0.158201 -0.467063 2.449840
0.099320 -0.619365 2.177380
0.069445 -0.899070 2.089890
0.096595 -0.930117 2.021250
-0.028123 -0.441359 2.534650
0.174804 -0.668273 2.202360
0.096180 -0.875530 2.087500
0.122370 -0.921076 2.016150
-0.100719 -0.388704 2.494700
-0.113829 -0.340683 2.504830
-0.141521 -0.085306 2.500040
-0.152815 0.101651 2.508010
-0.236409 -0.198660 2.420550
-0.272808 -0.382918 2.361200
-0.153234 -0.529242 2.309090
-0.189940 -0.567099 2.325110
0.018676 -0.135096 2.537250
0.155255 -0.271537 2.486040
0.056463 -0.129079 2.437220
0.045433 -0.064160 2.455540
-0.157012 -0.466919 2.448930
0.099186 -0.619451 2.177300
0.078659 -0.903752 2.092270
0.103904 -0.935589 2.020850
-0.025252 -0.439220 2.534260
0.172987 -0.684422 2.195080
0.094011 -0.884268 2.080270
0.118736 -0.926532 2.006620
-0.098601 -0.386028 2.494210
-0.112349 -0.338517 2.504750
-0.141459 -0.084855 2.499550
-0.153574 0.101736 2.507740
-0.234796 -0.197679 2.417700
-0.275954 -0.379404 2.356950
-0.154990 -0.526351 2.309350
-0.192963 -0.563079 2.325290
0.020158 -0.133209 2.535360
0.180395 -0.227393 2.472660
0.067546 -0.086190 2.437970
0.046373 -0.045509 2.450710
-0.154575 -0.466071 2.448440
0.099062 -0.619536 2.177210
0.061300 -0.900177 2.085470
0.087290 -0.933096 2.012950
-0.021787 -0.435957 2.534360
0.227960 -0.637275 2.355200
0.117082 -0.844315 2.109090
0.172664 -0.872865 2.095600
-0.096461 -0.384522 2.493720
-0.110802 -0.337030 2.504440
-0.141148 -0.083994 2.498520
-0.154164 0.101837 2.507380
-0.232626 -0.196240 2.414090
-0.278667 -0.375997 2.353170
-0.156969 -0.523200 2.309700
-0.196642 -0.558407 2.325450
0.022449 -0.160213 2.532300
0.220867 -0.217385 2.463110
0.115482 -0.027571 2.429850
0.071886 0.015538 2.433760
-0.151698 -0.465301 2.448250
0.098957 -0.619609 2.177140
0.051245 -0.898312 2.081890
0.079476 -0.932062 2.009530
-0.019251 -0.434505 2.533980
0.238235 -0.630214 2.375440
0.126816 -0.826858 2.119130
0.179256 -0.865858 2.125920
-0.094829 -0.384150 2.492390
-0.109497 -0.336342 2.503410
-0.140503 -0.082871 2.496830
-0.154660 0.101918 2.506950
-0.230113 -0.195206 2.409770
-0.278901 -0.374451 2.350670
-0.157469 -0.522340 2.309720
-0.197740 -0.557068 2.325070
0.024537 -0.170585 2.530570
0.240754 -0.132683 2.441470
0.167782 0.082720 2.402650
0.115829 0.117275 2.403120
-0.149879 -0.465175 2.447580
0.098679 -0.619838 2.176820
0.016487 -0.887938 2.078780
0.048955 -0.922247 2.007960
-0.017424 -0.435134 2.531210
0.182996 -0.598091 2.287320
0.123704 -0.833046 2.118880
0.164227 -0.877696 2.096960
-0.092815 -0.385365 2.488940
-0.107747 -0.336537 2.500910
-0.139137 -0.081166 2.494310
-0.155141 0.102103 2.506140
-0.227773 -0.194124 2.405160
-0.278789 -0.373321 2.348920
-0.157846 -0.521695 2.309700
-0.198400 -0.556337 2.324490
0.026940 -0.174517 2.528260
0.255582 -0.070989 2.425750
0.282430 0.172263 2.364480
0.286466 0.227868 2.346240
-0.148551 -0.466871 2.444320
0.098521 -0.620075 2.176480
0.010875 -0.886924 2.077590
0.043820 -0.921379 2.006760
-0.015093 -0.437762 2.525840
0.199297 -0.628010 2.293550
0.111201 -0.846741 2.106260
0.139155 -0.892679 2.051660
-0.090456 -0.387947 2.482310
-0.105393 -0.337595 2.495900
-0.136260 -0.078174 2.490130
-0.155337 0.102581 2.504980
-0.224644 -0.192931 2.399540
-0.277237 -0.372417 2.347160
-0.158069 -0.521335 2.309610
-0.162075 -0.565578 2.300000
0.032281 -0.172495 2.522810
0.238248 -0.007395 2.414360
0.344872 0.224338 2.331960
0.375007 0.286981 2.304000
-0.147634 -0.468405 2.440960
0.098487 -0.620194 2.176050
0.005919 -0.885740 2.076580
0.039090 -0.920217 2.005780
-0.012133 -0.443282 2.509700
0.183070 -0.672912 2.230750
0.089535 -0.895980 2.077020
0.115425 -0.934747 2.006110
-0.087903 -0.389663 2.474980
-0.102821 -0.338142 2.489700
-0.132581 -0.073768 2.484580
-0.155144 0.103743 2.502950
-0.219761 -0.191103 2.391660
-0.272731 -0.371519 2.345470
-0.157329 -0.521293 2.308580
-0.144163 -0.572371 2.288770
0.036941 -0.168811 2.517880
0.240836 -0.028115 2.417310
0.334181 0.128636 2.343330
0.365609 0.195566 2.330720
-0.146186 -0.469958 2.432620
0.098629 -0.620234 2.175410
0.003230 -0.885316 2.076040
0.036666 -0.919755 2.005420
-0.009825 -0.445359 2.500760
0.173636 -0.696925 2.193420
0.081429 -0.915119 2.065830
0.107547 -0.949677 1.989990
-0.085011 -0.390772 2.470920
-0.100029 -0.338383 2.485530
-0.128268 -0.068618 2.477900
-0.154438 0.106367 2.499850
-0.215347 -0.188796 2.383700
-0.260344 -0.371304 2.343860
-0.155087 -0.523393 2.306450
-0.134533 -0.578563 2.284070
0.041065 -0.165000 2.514280
0.243314 -0.054128 2.419310
0.327051 0.104546 2.344300
0.351698 0.173014 2.332700
-0.142715 -0.470914 2.430080
0.099088 -0.620137 2.174610
0.002183 -0.885159 2.075700
0.036032 -0.919508 2.005520
-0.007641 -0.446461 2.496570
0.170126 -0.704301 2.179570
0.077387 -0.924013 2.060910
0.103220 -0.956821 1.981740
-0.082071 -0.391468 2.468210
-0.096996 -0.338299 2.482190
-0.123968 -0.063244 2.471160
-0.152219 0.109909 2.495740
-0.209814 -0.184859 2.375340
-0.250964 -0.370085 2.342590
-0.154558 -0.525456 2.305780
-0.125303 -0.584626 2.283350
0.045202 -0.162340 2.511730
0.244273 -0.075870 2.419140
0.310896 0.077162 2.332860
0.321392 0.123015 2.319930
-0.139226 -0.471415 2.428620
0.099681 -0.619916 2.173730
0.002243 -0.885138 2.075520
0.036743 -0.919387 2.006010
-0.005121 -0.447149 2.494160
0.168751 -0.704992 2.172860
0.074691 -0.929941 2.057540
0.100921 -0.961860 1.976980
-0.079437 -0.391871 2.466430
-0.094034 -0.338029 2.479490
-0.120104 -0.059197 2.465510
-0.148692 0.113528 2.490740
-0.204420 -0.181208 2.368600
-0.244475 -0.369110 2.341530
-0.154214 -0.527345 2.305270
-0.120175 -0.588486 2.283420
0.048293 -0.160422 2.510130
0.239924 -0.140227 2.431790
0.286937 0.036434 2.331150
0.313286 0.090510 2.311010
-0.135817 -0.471495 2.428010
0.100240 -0.619700 2.172930
0.003156 -0.885329 2.075470
0.038514 -0.919507 2.006810
-0.002802 -0.447447 2.493010
0.169185 -0.701017 2.172800
0.073110 -0.933937 2.055470
0.101374 -0.964640 1.976090
-0.077225 -0.392205 2.465280
-0.091285 -0.337841 2.477240
-0.116501 -0.056652 2.460810
-0.141844 0.117151 2.484060
-0.200773 -0.178941 2.364120
-0.239802 -0.369123 2.340660
-0.153818 -0.530252 2.304640
-0.117091 -0.592164 2.284110
0.050825 -0.159345 2.509280
0.238013 -0.175570 2.438380
0.256124 0.001906 2.327940
0.277173 0.048384 2.302670
-0.132914 -0.471553 2.427790
0.100727 -0.619538 2.172250
0.004412 -0.885663 2.075540
0.040586 -0.919822 2.007730
-0.000813 -0.447707 2.492840
0.170813 -0.694616 2.177670
0.072640 -0.935949 2.054690
0.103600 -0.965466 1.978020
-0.075102 -0.392673 2.464610
-0.088504 -0.337947 2.475260
-0.112583 -0.055692 2.455890
-0.127612 0.118077 2.473600
-0.197697 -0.177662 2.360900
-0.236719 -0.369134 2.340020
-0.153212 -0.532290 2.303440
-0.114817 -0.594062 2.283770
0.052961 -0.159094 2.508870
0.237273 -0.191653 2.440090
0.230902 -0.028255 2.325990
0.252471 0.026776 2.295890
-0.130122 -0.471743 2.427880
0.101162 -0.619439 2.171680
0.005846 -0.886146 2.075710
0.042816 -0.920368 2.008780
0.000997 -0.448202 2.493770
0.172304 -0.689131 2.182900
0.073402 -0.936376 2.055070
0.107301 -0.965177 1.981830
-0.073274 -0.393239 2.464230
-0.085955 -0.338315 2.473540
-0.109202 -0.055739 2.452110
-0.109191 0.116394 2.463580
-0.195372 -0.176930 2.358690
-0.234185 -0.370179 2.339100
-0.207088 -0.553001 2.341670
-0.189688 -0.615278 2.341560
0.056289 -0.161808 2.509250
0.237152 -0.202614 2.440200
0.219566 -0.041961 2.325180
0.230826 -0.007303 2.301120
-0.127944 -0.472055 2.427890
0.101497 -0.619397 2.171230
0.007285 -0.886752 2.075990
0.044851 -0.921052 2.009810
0.002549 -0.449342 2.495620
0.173447 -0.685351 2.187270
0.074528 -0.935887 2.055970
0.110577 -0.964477 1.985610
-0.071259 -0.394416 2.464190
-0.083180 -0.339355 2.471930
-0.105768 -0.056786 2.448840
-0.100608 0.115555 2.458820
-0.193363 -0.176768 2.357080
-0.232406 -0.372582 2.338210
-0.177085 -0.554763 2.321790
-0.199458 -0.610423 2.345400
0.059933 -0.166688 2.509930
0.237389 -0.220368 2.438530
0.212354 -0.057827 2.329310
0.221993 -0.018925 2.300870
-0.126000 -0.472707 2.427990
0.101771 -0.619421 2.170850
0.008858 -0.887570 2.076420
0.046884 -0.921974 2.010940
0.004088 -0.451588 2.498300
0.174231 -0.683022 2.190550
0.075527 -0.935136 2.056940
0.112988 -0.963882 1.988720
-0.069172 -0.396119 2.464470
-0.080443 -0.340853 2.470540
-0.102839 -0.058302 2.446180
-0.093617 0.114135 2.455440
-0.191789 -0.176881 2.355980
-0.231691 -0.374815 2.337740
-0.163566 -0.555177 2.312730
-0.203781 -0.604328 2.345550
0.063052 -0.172238 2.510480
0.237797 -0.229234 2.437520
0.203157 -0.068017 2.331020
0.210296 -0.022527 2.300710
-0.124189 -0.473708 2.428290
0.101995 -0.619489 2.170520
0.010250 -0.888391 2.076880
0.048563 -0.922888 2.011940
0.005578 -0.454447 2.501240
0.174574 -0.682676 2.192610
0.076236 -0.934855 2.057240
0.114539 -0.963860 1.990320
-0.067575 -0.397492 2.464780
-0.078307 -0.342073 2.469470
-0.100553 -0.059860 2.444160
-0.087332 0.112933 2.453390
-0.190539 -0.177180 2.355290
-0.231491 -0.376438 2.337560
-0.154212 -0.553617 2.306190
-0.201250 -0.595732 2.340280
0.065140 -0.176270 2.510840
0.238077 -0.235030 2.436630
0.197942 -0.074145 2.331950
0.202462 -0.021177 2.300120
-0.122791 -0.474559 2.428560
0.102178 -0.619592 2.170250
0.011603 -0.889259 2.077330
0.050083 -0.923832 2.012830
0.006609 -0.456638 2.503610
0.174808 -0.682582 2.194250
0.077066 -0.934365 2.057620
0.115886 -0.963769 1.991680
-0.066463 -0.398372 2.465070
-0.076724 -0.342908 2.468660
-0.098771 -0.061210 2.442690
-0.082537 0.111884 2.451970
-0.189520 -0.177569 2.354930
-0.231635 -0.377571 2.337600
-0.149047 -0.552038 2.302390
-0.197793 -0.588555 2.335760
0.066522 -0.179050 2.511100
0.238384 -0.238515 2.435380
0.194424 -0.077622 2.332750
0.197736 -0.016544 2.299370
-0.121886 -0.474990 2.428790
0.102327 -0.619717 2.170020
0.012841 -0.890065 2.077670
0.051400 -0.924698 2.013510
0.007245 -0.458168 2.505400
0.175294 -0.713060 2.194530
0.079137 -0.933137 2.052690
0.117968 -0.963627 1.988550
-0.065629 -0.398977 2.465350
-0.075513 -0.343484 2.468050
-0.097430 -0.062257 2.441630
-0.079180 0.111272 2.450990
-0.188566 -0.178019 2.354870
-0.229592 -0.383764 2.337630
-0.143059 -0.554500 2.298680
-0.189960 -0.588964 2.331150
0.067443 -0.180987 2.511290
0.238679 -0.239943 2.433850
0.192583 -0.078372 2.333440
0.195059 -0.011288 2.298780
-0.121197 -0.475261 2.429030
0.102448 -0.619855 2.169820
0.014087 -0.890885 2.077950
0.052668 -0.925570 2.014070
0.007638 -0.459241 2.506860
0.175307 -0.716869 2.195010
0.080140 -0.932731 2.052020
0.119086 -0.963688 1.988560
-0.065026 -0.399276 2.465580
-0.074592 -0.343776 2.467570
-0.096414 -0.063037 2.440840
-0.075897 0.110944 2.450680
-0.187710 -0.178353 2.354990
-0.229158 -0.385042 2.337900
-0.140703 -0.554382 2.296920
-0.187892 -0.585241 2.329780
0.068132 -0.182394 2.511440
0.239045 -0.239665 2.432050
0.192040 -0.077655 2.333150
0.194115 -0.006752 2.298050
-0.120671 -0.475243 2.429300
0.102547 -0.619990 2.169650
0.015266 -0.891644 2.078190
0.053826 -0.926377 2.014520
0.007860 -0.459924 2.507970
0.175786 -0.721154 2.196330
0.081262 -0.931328 2.049600
0.120142 -0.963113 1.987000
-0.062107 -0.398627 2.469240
-0.071990 -0.343481 2.468650
-0.095326 -0.063701 2.440420
-0.073039 0.110627 2.450690
-0.186888 -0.178615 2.355300
-0.229064 -0.385713 2.338390
-0.139058 -0.553117 2.295550
-0.185667 -0.581237 2.328490
0.068679 -0.183402 2.511570
0.239268 -0.237828 2.429220
0.192543 -0.074697 2.332580
0.193530 -0.002124 2.297430
-0.116362 -0.473934 2.435610
0.102627 -0.620121 2.169510
0.016695 -0.892416 2.078340
0.055173 -0.927236 2.014870
0.009905 -0.459689 2.512990
0.176086 -0.725074 2.197150
0.083541 -0.928939 2.046440
0.122105 -0.961774 1.984570
-0.059872 -0.398029 2.472150
-0.069776 -0.343132 2.469670
-0.094132 -0.064299 2.440280
-0.070470 0.110345 2.450890
-0.186102 -0.178799 2.355740
-0.229287 -0.385854 2.339060
-0.138311 -0.551411 2.294690
-0.183917 -0.578836 2.327560
0.069229 -0.184233 2.511750
0.239688 -0.235693 2.426450
0.193234 -0.071707 2.331950
0.193038 0.000995 2.296680
-0.113385 -0.472966 2.440080
0.102692 -0.620254 2.169390
0.017969 -0.893101 2.078460
0.056346 -0.928006 2.015140
0.011396 -0.459415 2.516650
0.175371 -0.712368 2.197810
0.085589 -0.927288 2.047320
0.123850 -0.960927 1.985520
-0.058419 -0.397401 2.473990
-0.068071 -0.342718 2.470390
-0.092787 -0.064876 2.440360
-0.068182 0.110160 2.451300
-0.185306 -0.178925 2.356260
-0.229740 -0.385530 2.339830
-0.137330 -0.548070 2.293410
-0.134803 -0.582894 2.296300
0.069752 -0.184826 2.511940
0.240117 -0.233811 2.424250
0.193880 -0.069234 2.331430
0.192725 0.003159 2.296140
-0.112113 -0.472261 2.441820
0.102740 -0.620391 2.169280
0.018916 -0.893686 2.078640
0.057217 -0.928672 2.015430
0.012335 -0.459153 2.519110
0.174856 -0.703791 2.198070
0.087387 -0.925939 2.048530
0.125384 -0.960224 1.986680
-0.057443 -0.396854 2.475190
-0.066757 -0.342312 2.470870
-0.091185 -0.065471 2.440630
-0.066134 0.109919 2.451760
-0.184519 -0.178983 2.356850
-0.230449 -0.384741 2.340680
-0.136865 -0.544780 2.292570
-0.106038 -0.584936 2.278140
0.070451 -0.185260 2.512220
0.240611 -0.232456 2.422510
0.194423 -0.067493 2.331090
0.192483 0.004569 2.295840
-0.111343 -0.471666 2.442860
0.102776 -0.620521 2.169190
0.019642 -0.894163 2.078810
0.057870 -0.929220 2.015670
0.012908 -0.458975 2.520650
0.177267 -0.721945 2.199630
0.089104 -0.922825 2.043920
0.126879 -0.957748 1.982020
-0.056703 -0.396400 2.476100
-0.065694 -0.341959 2.471250
-0.089774 -0.066040 2.440920
-0.064259 0.109614 2.452270
-0.183797 -0.179056 2.357410
-0.231170 -0.383827 2.341480
-0.136151 -0.541008 2.291380
-0.093650 -0.584657 2.269890
0.071216 -0.185613 2.512520
0.241105 -0.231393 2.421160
0.194892 -0.066186 2.330840
0.192245 0.005502 2.295600
-0.110785 -0.471227 2.443620
0.102799 -0.620646 2.169110
0.020218 -0.894566 2.078980
0.058378 -0.929689 2.015890
0.013353 -0.458820 2.521840
0.176006 -0.703897 2.200040
0.090618 -0.921442 2.046270
0.128178 -0.956845 1.984080
-0.056090 -0.396069 2.476810
-0.064735 -0.341688 2.471590
-0.088397 -0.066595 2.441250
-0.060659 0.108916 2.452820
-0.183054 -0.179120 2.357970
-0.231868 -0.382853 2.342220
-0.135659 -0.537932 2.290510
-0.086385 -0.584610 2.265150
0.072094 -0.185926 2.512880
0.241550 -0.230667 2.420150
0.194976 -0.065491 2.330710
0.192005 0.006124 2.295450
-0.110358 -0.470928 2.444190
0.102810 -0.620770 2.169030
0.020693 -0.894920 2.079150
0.058795 -0.930110 2.016100
0.013723 -0.458718 2.522720
0.175288 -0.693612 2.200330
0.091755 -0.920445 2.048750
0.129163 -0.956203 1.986320
-0.055589 -0.395792 2.477390
-0.063895 -0.341452 2.471880
-0.087146 -0.067090 2.441580
-0.056277 0.107890 2.453380
-0.182308 -0.179162 2.358500
-0.232499 -0.381883 2.342870
-0.093950 -0.527788 2.265060
-0.031561 -0.578443 2.232460
0.073198 -0.186329 2.513310
0.241971 -0.230319 2.419410
0.194968 -0.065098 2.330630
0.191581 0.006090 2.295250
-0.110041 -0.470699 2.444610
0.102805 -0.620901 2.168970
0.021079 -0.895239 2.079300
0.059128 -0.930493 2.016290
0.014050 -0.458634 2.523440
0.175588 -0.699074 2.200180
0.092340 -0.919815 2.048450
0.129665 -0.955795 1.985890
-0.055127 -0.395565 2.477880
-0.063108 -0.341257 2.472140
-0.086077 -0.067510 2.441860
-0.052452 0.107093 2.453800
-0.181652 -0.179182 2.358970
-0.233029 -0.380880 2.343460
-0.100371 -0.523053 2.267470
-0.063789 -0.574469 2.249200
0.074252 -0.186740 2.513780
0.242364 -0.230377 2.418900
0.191038 -0.067987 2.330070
0.187204 0.002034 2.294900
-0.109785 -0.470529 2.444940
0.102793 -0.621037 2.168900
0.021405 -0.895533 2.079460
0.059410 -0.930856 2.016480
0.014388 -0.458568 2.524060
0.175919 -0.704820 2.200040
0.092731 -0.919366 2.048000
0.129997 -0.955516 1.985320
-0.054619 -0.395318 2.478420
-0.062247 -0.341036 2.472490
-0.084968 -0.067859 2.442210
-0.048592 0.106699 2.454300
-0.180975 -0.179149 2.359410
-0.233416 -0.379665 2.344010
-0.109714 -0.520229 2.271960
-0.074509 -0.572155 2.254160
0.075288 -0.187162 2.514310
0.242759 -0.230847 2.418550
0.186374 -0.071484 2.330330
0.182424 -0.002546 2.295150
-0.109523 -0.470352 2.445260
0.102770 -0.621179 2.168840
0.021677 -0.895798 2.079610
0.059651 -0.931190 2.016650
0.014742 -0.458488 2.524630
0.176157 -0.709639 2.199790
0.092987 -0.919005 2.047410
0.130221 -0.955281 1.984640
-0.052851 -0.395170 2.480160
-0.060343 -0.340917 2.473640
-0.083925 -0.068184 2.442570
-0.045208 0.106538 2.454500
-0.180369 -0.179097 2.359810
-0.233677 -0.378688 2.344440
-0.117905 -0.519493 2.276210
-0.087079 -0.571946 2.260900
0.076370 -0.187619 2.514940
0.243169 -0.231593 2.418320
0.183067 -0.074317 2.330560
0.178917 -0.006217 2.295260
-0.107455 -0.470654 2.447380
0.102735 -0.621332 2.168780
0.021874 -0.896033 2.079760
0.059820 -0.931508 2.016820
0.016781 -0.458472 2.526910
0.176118 -0.715407 2.198800
0.093264 -0.918690 2.046650
0.130483 -0.955071 1.983810
-0.051411 -0.395052 2.481570
-0.058758 -0.340830 2.474590
-0.083003 -0.068465 2.442880
-0.042040 0.106414 2.454790
-0.179783 -0.179018 2.360210
-0.233827 -0.377675 2.344840
-0.124058 -0.519356 2.279450
-0.094747 -0.571959 2.264940
0.077326 -0.188085 2.515580
0.243499 -0.232630 2.418200
0.180336 -0.076755 2.331050
0.176072 -0.009304 2.295510
-0.105955 -0.470825 2.448880
0.102686 -0.621509 2.168700
0.022025 -0.896258 2.079900
0.059950 -0.931818 2.016990
0.018369 -0.458457 2.528700
0.175944 -0.720442 2.197660
0.093492 -0.918498 2.045800
0.130714 -0.954960 1.982910
-0.050240 -0.394969 2.482680
-0.057427 -0.340775 2.475360
-0.081838 -0.068813 2.443320
-0.039432 0.106275 2.454820
-0.179220 -0.178913 2.360600
-0.233804 -0.377046 2.345070
-0.128185 -0.520106 2.281680
-0.099426 -0.572625 2.267430
0.078297 -0.188583 2.516270
0.243839 -0.234373 2.418300
0.177857 -0.079323 2.332190
0.173574 -0.012328 2.296350
-0.104865 -0.470963 2.449850
0.102633 -0.621685 2.168640
0.022128 -0.896471 2.080040
0.060031 -0.932115 2.017160
0.019635 -0.458472 2.530090
0.175849 -0.723492 2.196790
0.093769 -0.918396 2.044770
0.131007 -0.954921 1.981840
-0.049149 -0.394890 2.483650
-0.056161 -0.340716 2.476060
-0.080786 -0.069095 2.443730
-0.037317 0.106255 2.454820
-0.178664 -0.178750 2.361010
-0.233696 -0.376484 2.345260
-0.131153 -0.520895 2.283330
-0.102580 -0.573220 2.269110
0.079203 -0.189048 2.516950
0.244135 -0.236786 2.418690
0.176348 -0.081645 2.333250
0.172044 -0.014937 2.297180
-0.103920 -0.471080 2.450630
0.102568 -0.621887 2.168560
0.022196 -0.896665 2.080140
0.060077 -0.932388 2.017280
0.020831 -0.458487 2.531310
0.168440 -0.642835 2.200860
0.099994 -0.902985 2.065770
0.137362 -0.939581 2.002760
-0.048302 -0.394865 2.484420
-0.055151 -0.340706 2.476630
-0.079866 -0.069368 2.444110
-0.034591 0.105528 2.454440
-0.178149 -0.178591 2.361400
-0.233414 -0.376455 2.345480
-0.133668 -0.523512 2.284800
-0.105072 -0.575464 2.270400
0.080256 -0.189786 2.517670
0.244255 -0.241662 2.419270
0.175743 -0.084791 2.335370
0.171552 -0.018208 2.299010
-0.103228 -0.471199 2.451230
0.102503 -0.622083 2.168490
0.022230 -0.896821 2.080230
0.060084 -0.932616 2.017380
0.021736 -0.458571 2.532250
0.164746 -0.602692 2.202870
0.103165 -0.893510 2.079000
0.140566 -0.930169 2.015910
-0.047620 -0.394866 2.485020
-0.054316 -0.340726 2.477080
-0.079045 -0.069650 2.444460
-0.031938 0.104529 2.453860
-0.177694 -0.178463 2.361810
-0.233097 -0.376551 2.345680
-0.135369 -0.525679 2.285810
-0.106678 -0.577370 2.271220
0.081235 -0.190529 2.518360
0.243773 -0.248178 2.419980
0.176497 -0.088402 2.338130
0.172448 -0.021843 2.301570
-0.102689 -0.471306 2.451680
0.102440 -0.622286 2.168420
0.022238 -0.896964 2.080300
0.060063 -0.932827 2.017450
0.022470 -0.458677 2.532980
0.173523 -0.687861 2.200630
0.100432 -0.895409 2.072390
0.137835 -0.932106 2.009200
-0.046240 -0.395061 2.486170
-0.052972 -0.340893 2.477890
-0.078349 -0.069895 2.444750
-0.028816 0.103165 2.452920
-0.177290 -0.178344 2.362230
-0.232754 -0.376715 2.345870
-0.136513 -0.527426 2.286500
-0.107693 -0.578987 2.271720
0.082217 -0.191367 2.519080
0.243473 -0.252744 2.420350
0.176815 -0.091163 2.340860
0.172963 -0.024599 2.304030
-0.100755 -0.471885 2.453510
0.102378 -0.622486 2.168350
0.022242 -0.897090 2.080360
0.060035 -0.933020 2.017510
0.023893 -0.458924 2.534100
0.174960 -0.704324 2.199810
0.097719 -0.898813 2.064740
0.135084 -0.935563 2.001450
-0.045039 -0.395269 2.487140
-0.051778 -0.341077 2.478580
-0.077690 -0.070119 2.444980
-0.025684 0.102059 2.451800
-0.176914 -0.178207 2.362730
-0.232412 -0.376924 2.346040
-0.137274 -0.528834 2.286980
-0.108293 -0.580355 2.272010
0.083361 -0.192553 2.519910
0.243433 -0.255948 2.420480
0.177283 -0.093153 2.342880
0.173520 -0.026572 2.305850
-0.099182 -0.472376 2.455010
0.102312 -0.622685 2.168290
0.022228 -0.897207 2.080400
0.059979 -0.933210 2.017550
0.025213 -0.459229 2.535090
0.176974 -0.731133 2.197970
0.095254 -0.902441 2.057600
0.132526 -0.939261 1.994220
-0.043952 -0.395523 2.488020
-0.050662 -0.341314 2.479230
-0.076984 -0.070373 2.445140
-0.023070 0.101159 2.450780
-0.176581 -0.178075 2.363240
-0.232087 -0.377163 2.346190
-0.137892 -0.530353 2.287650
-0.108736 -0.581930 2.272580
0.084556 -0.193905 2.520770
0.243523 -0.258268 2.420550
0.177696 -0.094687 2.344450
0.173975 -0.028066 2.307300
-0.097929 -0.472815 2.456330
0.102247 -0.622881 2.168230
0.022209 -0.897312 2.080430
0.059911 -0.933389 2.017570
0.026436 -0.459570 2.535940
0.177658 -0.742373 2.196940
0.093231 -0.905728 2.051680
0.130399 -0.942621 1.988230
-0.043064 -0.395730 2.488730
-0.049703 -0.341512 2.479770
-0.075970 -0.070662 2.445330
-0.019335 0.100918 2.449800
-0.176247 -0.177906 2.363820
-0.231712 -0.377825 2.346380
-0.138058 -0.531833 2.288070
-0.108587 -0.583444 2.272850
0.085821 -0.195475 2.521620
0.243734 -0.259967 2.420570
0.178033 -0.095884 2.345700
0.174419 -0.029193 2.308640
-0.097029 -0.473096 2.457360
0.102190 -0.623083 2.168190
0.022182 -0.897404 2.080440
0.059825 -0.933561 2.017560
0.027419 -0.459858 2.536600
0.178150 -0.749160 2.196460
0.091723 -0.908515 2.047430
0.128771 -0.945485 1.983920
-0.041512 -0.396236 2.490090
-0.048154 -0.341959 2.480810
-0.074919 -0.070968 2.445530
-0.016448 0.100779 2.449010
-0.175922 -0.177746 2.364430
-0.231376 -0.378662 2.346590
-0.137945 -0.533063 2.288320
-0.108057 -0.584701 2.272920
0.086871 -0.196827 2.522330
0.243950 -0.261195 2.420610
0.178327 -0.096785 2.346620
0.174800 -0.030014 2.309700
-0.095651 -0.473545 2.459240
0.102136 -0.623272 2.168140
0.022159 -0.897476 2.080450
0.059738 -0.933708 2.017540
0.029172 -0.460406 2.537800
0.178352 -0.753591 2.195960
0.090546 -0.910531 2.044190
0.127478 -0.947574 1.980650
-0.040125 -0.396728 2.491270
-0.046701 -0.342411 2.481750
-0.073691 -0.071275 2.445720
-0.014186 0.100769 2.448400
-0.175624 -0.177558 2.365050
-0.231093 -0.379397 2.346750
-0.137773 -0.534023 2.288470
-0.107516 -0.585679 2.272910
0.087702 -0.197912 2.522870
0.244173 -0.262104 2.420680
0.178596 -0.097479 2.347400
0.175137 -0.030616 2.310650
-0.094548 -0.473917 2.460780
0.102083 -0.623452 2.168100
0.022134 -0.897538 2.080440
0.059646 -0.933845 2.017520
0.030723 -0.460948 2.538840
0.167225 -0.642711 2.200210
0.095993 -0.900026 2.066110
0.132597 -0.937217 2.002580
-0.038625 -0.397294 2.492540
-0.045143 -0.342946 2.482780
-0.072513 -0.071622 2.445940
-0.012357 0.100578 2.447860
-0.175359 -0.177412 2.365630
-0.230852 -0.380023 2.346880
-0.137576 -0.534776 2.288570
-0.107012 -0.586438 2.272870
0.088363 -0.198770 2.523290
0.244417 -0.262786 2.420770
0.178938 -0.098012 2.348060
0.175553 -0.031008 2.311580
-0.093244 -0.474465 2.462440
0.102034 -0.623621 2.168070
0.022103 -0.897599 2.080440
0.059541 -0.933981 2.017490
0.032350 -0.461516 2.539960
0.173018 -0.686832 2.202360
0.094369 -0.901209 2.064020
0.130799 -0.938472 2.000490
-0.037060 -0.397806 2.493930
-0.043542 -0.343435 2.483930
-0.071402 -0.071937 2.446150
-0.010988 0.100436 2.447480
-0.175087 -0.177271 2.366180
-0.230648 -0.380530 2.346980
-0.137379 -0.535354 2.288630
-0.106567 -0.587014 2.272830
0.088985 -0.199542 2.523660
0.244819 -0.263293 2.420940
0.179441 -0.098395 2.348930
0.175999 -0.031211 2.312760
-0.091647 -0.475013 2.464580
0.101985 -0.623777 2.168030
0.022085 -0.897648 2.080430
0.059459 -0.934100 2.017460
0.033869 -0.461974 2.541070
0.174991 -0.705034 2.202320
0.093140 -0.903209 2.060130
0.129422 -0.940539 1.996630
-0.035717 -0.398189 2.495150
-0.042149 -0.343812 2.484940
-0.070367 -0.072218 2.446340
-0.009983 0.100338 2.447200
-0.174828 -0.177139 2.366710
-0.230480 -0.380952 2.347060
-0.137186 -0.535799 2.288660
-0.106172 -0.587446 2.272770
0.089489 -0.200150 2.523930
0.245347 -0.263694 2.421280
0.180049 -0.098747 2.349730
0.176585 -0.031355 2.313930
-0.090287 -0.475375 2.466490
0.101940 -0.623920 2.168010
0.022072 -0.897691 2.080420
0.059388 -0.934206 2.017410
0.035134 -0.462296 2.542000
0.176156 -0.718396 2.201510
0.092055 -0.905176 2.055710
0.128206 -0.942558 1.992240
-0.034609 -0.398461 2.496190
-0.040999 -0.344094 2.485800
-0.069479 -0.072463 2.446500
-0.009264 0.100258 2.446980
-0.174598 -0.177031 2.367190
-0.230336 -0.381261 2.347130
-0.137086 -0.536155 2.288710
-0.105970 -0.587796 2.272780
0.089896 -0.200634 2.524140
0.246016 -0.264279 2.421980
0.181143 -0.099289 2.351060
0.177714 -0.031625 2.315740
-0.089170 -0.475620 2.468170
0.101894 -0.624051 2.167980
0.022065 -0.897729 2.080400
0.059326 -0.934302 2.017360
0.036173 -0.462489 2.542790
0.176834 -0.725350 2.201120
0.091078 -0.906702 2.051920
0.127124 -0.944131 1.988480
-0.033677 -0.398707 2.497080
-0.040023 -0.344355 2.486540
-0.068699 -0.072719 2.446650
-0.008673 0.100159 2.446820
-0.174402 -0.176936 2.367610
-0.230216 -0.381504 2.347180
-0.137007 -0.536428 2.288750
-0.105821 -0.588062 2.272790
0.090241 -0.200988 2.524310
0.246665 -0.264640 2.422620
0.182211 -0.099534 2.352520
0.179173 -0.031431 2.318140
-0.088258 -0.475870 2.469560
0.101850 -0.624168 2.167960
0.022058 -0.897762 2.080370
0.059267 -0.934390 2.017310
0.037066 -0.462660 2.543490
0.177260 -0.729332 2.200960
0.090171 -0.907898 2.048780
0.126134 -0.945365 1.985360
-0.032882 -0.398909 2.497860
-0.039191 -0.344579 2.487190
-0.067977 -0.072997 2.446770
-0.008128 0.099994 2.446670
-0.174225 -0.176853 2.367980
-0.230111 -0.381693 2.347230
-0.136957 -0.536670 2.288820
-0.105730 -0.588313 2.272840
0.090628 -0.201343 2.524460
0.247390 -0.264845 2.423170
0.183153 -0.099572 2.354150
0.180718 -0.030626 2.321720
-0.087458 -0.476105 2.470830
0.101809 -0.624274 2.167940
0.022055 -0.897793 2.080350
0.059213 -0.934474 2.017250
0.037815 -0.462793 2.544110
0.177526 -0.732124 2.200770
0.089593 -0.908863 2.046080
0.125479 -0.946369 1.982660
-0.032238 -0.399061 2.498510
-0.038516 -0.344755 2.487730
-0.067348 -0.073262 2.446850
-0.007664 0.099756 2.446510
-0.174072 -0.176782 2.368300
-0.230024 -0.381842 2.347270
-0.136927 -0.536870 2.288890
-0.105682 -0.588530 2.272910
0.091007 -0.201673 2.524560
0.248198 -0.264912 2.423730
0.188761 -0.097848 2.356900
0.186080 -0.028083 2.325690
-0.086804 -0.476273 2.471940
0.101771 -0.624370 2.167920
0.022057 -0.897819 2.080310
0.059163 -0.934548 2.017190
0.038426 -0.462879 2.544610
0.186730 -0.697526 2.229620
0.061030 -0.891470 2.063700
0.096626 -0.929033 2.000350
-0.031691 -0.399211 2.499060
-0.037948 -0.344918 2.488170
-0.066792 -0.073499 2.446870
-0.007277 0.099546 2.446370
-0.173942 -0.176720 2.368570
-0.229856 -0.382250 2.347310
-0.136786 -0.537235 2.288920
-0.105528 -0.588875 2.272940
0.091431 -0.202067 2.524610
0.249180 -0.264819 2.424280
0.192524 -0.096559 2.358830
0.189994 -0.025968 2.328910
-0.086279 -0.476430 2.472910
0.101734 -0.624461 2.167900
0.022058 -0.897842 2.080260
0.059104 -0.934618 2.017110
0.038958 -0.462963 2.545030
0.183041 -0.714414 2.216960
0.062196 -0.893568 2.057770
0.097625 -0.931194 1.994440
-0.031267 -0.399338 2.499510
-0.037499 -0.345058 2.488530
-0.066242 -0.073777 2.446860
-0.006849 0.099251 2.446190
-0.173831 -0.176667 2.368800
-0.229727 -0.382529 2.347340
-0.136759 -0.537667 2.289120
-0.105545 -0.589389 2.273230
0.091846 -0.202440 2.524660
0.250193 -0.264528 2.424780
0.195141 -0.095421 2.360320
0.192712 -0.024228 2.331280
-0.085918 -0.476568 2.473660
0.101700 -0.624541 2.167880
0.022061 -0.897860 2.080210
0.059051 -0.934679 2.017030
0.039377 -0.463048 2.545390
0.237979 -0.668082 2.297360
0.127630 -0.854858 2.080990
0.191304 -0.866826 2.105930
-0.030935 -0.399439 2.499860
-0.037144 -0.345172 2.488810
-0.065762 -0.074033 2.446820
-0.006497 0.098973 2.446010
-0.173734 -0.176619 2.369000
-0.229624 -0.382730 2.347370
-0.136794 -0.538065 2.289360
-0.105671 -0.589900 2.273600
0.092309 -0.202893 2.524680
0.251344 -0.264064 2.425270
0.197216 -0.094451 2.361340
0.194780 -0.022824 2.332950
-0.085651 -0.476676 2.474250
0.101669 -0.624615 2.167870
0.022065 -0.897873 2.080160
0.058996 -0.934734 2.016950
0.039709 -0.463116 2.545670
0.268226 -0.641356 2.341360
0.159720 -0.835527 2.092140
0.212795 -0.848748 2.137040
-0.030647 -0.399530 2.500180
-0.036836 -0.345272 2.489060
-0.065337 -0.074260 2.446760
-0.006095 0.098685 2.445670
-0.173646 -0.176571 2.369170
-0.229549 -0.382837 2.347390
-0.136820 -0.538258 2.289480
-0.105767 -0.590151 2.273780
0.092924 -0.203473 2.524730
0.252601 -0.263498 2.425660
0.198638 -0.093715 2.362120
0.196303 -0.021746 2.334220
-0.085445 -0.476769 2.474750
0.101638 -0.624687 2.167860
0.022069 -0.897885 2.080110
0.058940 -0.934784 2.016870
0.040055 -0.463208 2.545980
0.279897 -0.630871 2.358100
0.172622 -0.827567 2.096620
0.099680 -0.838509 2.105830
-0.030412 -0.399604 2.500440
-0.036581 -0.345356 2.489270
-0.064939 -0.074472 2.446700
-0.005673 0.098421 2.445280
-0.173569 -0.176530 2.369320
-0.229476 -0.382922 2.347410
-0.136873 -0.538449 2.289610
-0.105920 -0.590415 2.274010
0.093524 -0.204020 2.524780
0.253651 -0.263076 2.425980
0.199695 -0.093180 2.362770
0.197592 -0.020880 2.335340
-0.085295 -0.476843 2.475150
0.101609 -0.624753 2.167850
0.022075 -0.897892 2.080040
0.058883 -0.934831 2.016770
0.040359 -0.463298 2.546260
0.288875 -0.625039 2.371420
0.182780 -0.822254 2.101400
0.109250 -0.821844 2.128000
-0.030321 -0.399640 2.500560
-0.036445 -0.345402 2.489370
-0.064574 -0.074684 2.446600
-0.005246 0.098114 2.444710
-0.173501 -0.176495 2.369450
-0.229412 -0.382986 2.347430
-0.136928 -0.538602 2.289730
-0.106069 -0.590627 2.274200
0.094057 -0.204505 2.524800
0.254550 -0.262683 2.426230
0.200567 -0.092722 2.363240
0.198660 -0.020153 2.336210
-0.086179 -0.476674 2.474890
0.101580 -0.624813 2.167840
0.022076 -0.897893 2.079960
0.058819 -0.934868 2.016670
0.040494 -0.463359 2.546410
0.294394 -0.621114 2.379630
0.188608 -0.819268 2.104000
0.087731 -0.820543 2.120650
-0.030368 -0.399643 2.500580
-0.036379 -0.345434 2.489410
-0.064256 -0.074874 2.446470
-0.004818 0.097834 2.444110
-0.173441 -0.176467 2.369550
-0.229354 -0.383028 2.347440
-0.137182 -0.538871 2.290030
-0.106604 -0.591064 2.274720
0.094510 -0.204916 2.524820
0.255418 -0.262134 2.426430
0.211189 -0.056627 2.353640
0.201531 0.017229 2.329480
-0.087457 -0.476367 2.474300
0.101551 -0.624869 2.167830
0.022077 -0.897890 2.079870
0.058754 -0.934898 2.016560
0.040557 -0.463421 2.546500
0.296762 -0.620185 2.383410
0.190245 -0.819379 2.105240
0.074727 -0.821499 2.114160
-0.030474 -0.399627 2.500550
-0.036358 -0.345456 2.489410
-0.063978 -0.075075 2.446320
-0.004357 0.097383 2.443120
-0.173390 -0.176447 2.369630
-0.229294 -0.383026 2.347450
-0.137510 -0.539076 2.290370
-0.107256 -0.591426 2.275300
0.094900 -0.205270 2.524830
0.256246 -0.261350 2.426500
0.212996 -0.056851 2.354920
0.203466 0.016727 2.330590
-0.088633 -0.476077 2.473700
0.101524 -0.624918 2.167820
0.022079 -0.897882 2.079770
0.058692 -0.934923 2.016450
0.040568 -0.463477 2.546550
0.296174 -0.621783 2.382950
0.188330 -0.821793 2.105110
0.066787 -0.823616 2.108390
-0.030633 -0.399598 2.500460
-0.036380 -0.345470 2.489360
-0.063715 -0.075297 2.446110
-0.003963 0.096960 2.442060
-0.173343 -0.176432 2.369700
-0.229238 -0.383013 2.347460
-0.137836 -0.539259 2.290720
-0.107871 -0.591746 2.275860
0.095233 -0.205567 2.524840
0.256917 -0.260660 2.426530
0.213592 -0.060869 2.357000
0.204549 0.012400 2.332270
-0.089678 -0.475817 2.473130
0.101497 -0.624963 2.167820
0.022076 -0.897872 2.079680
0.058627 -0.934944 2.016350
0.040538 -0.463534 2.546560
0.293764 -0.624633 2.379780
0.184833 -0.824919 2.104200
0.062212 -0.826318 2.103320
-0.030851 -0.399557 2.500310
-0.036448 -0.345480 2.489260
-0.063451 -0.075542 2.445830
-0.003622 0.096605 2.441010
-0.173301 -0.176419 2.369760
-0.229187 -0.382993 2.347470
-0.137981 -0.539330 2.290870
-0.108139 -0.591865 2.276090
0.095514 -0.205812 2.524840
0.257450 -0.260074 2.426530
0.213117 -0.066106 2.359270
0.205132 0.007015 2.333970
-0.090639 -0.475585 2.472580
0.101467 -0.625011 2.167810
0.022073 -0.897862 2.079590
0.058562 -0.934966 2.016240
0.040453 -0.463598 2.546550
0.290354 -0.627798 2.375150
0.180847 -0.828033 2.102810
0.061343 -0.833209 2.095650
-0.031005 -0.399523 2.500220
-0.036501 -0.345485 2.489170
-0.063217 -0.075768 2.445560
-0.003336 0.096338 2.439940
-0.173263 -0.176409 2.369800
-0.228795 -0.383951 2.347380
-0.137612 -0.540034 2.290770
-0.107754 -0.592498 2.275970
0.095755 -0.206012 2.524830
0.257888 -0.259561 2.426520
0.212203 -0.070904 2.361040
0.205267 0.002127 2.335190
-0.091197 -0.475440 2.472300
0.101435 -0.625060 2.167810
0.022075 -0.897851 2.079490
0.058506 -0.934986 2.016140
0.040416 -0.463641 2.546560
0.237253 -0.628381 2.313650
0.143628 -0.822781 2.109990
0.058051 -0.836491 2.091920
-0.031172 -0.399470 2.500090
-0.036569 -0.345479 2.489050
-0.062959 -0.076011 2.445230
-0.003105 0.096137 2.438950
-0.173229 -0.176401 2.369840
-0.228541 -0.384465 2.347320
-0.137500 -0.540524 2.290840
-0.107680 -0.592952 2.276050
0.095964 -0.206166 2.524810
0.258260 -0.259048 2.426460
0.211285 -0.074534 2.362120
0.205210 -0.001557 2.335880
-0.091655 -0.475305 2.472050
0.101399 -0.625111 2.167810
0.022078 -0.897843 2.079390
0.058454 -0.935008 2.016050
0.040366 -0.463677 2.546550
0.236741 -0.630843 2.312180
0.139554 -0.824446 2.108950
0.058278 -0.840322 2.088450
-0.031320 -0.399424 2.499970
-0.036639 -0.345471 2.488930
-0.062742 -0.076219 2.444840
-0.002930 0.095987 2.438100
-0.173197 -0.176392 2.369860
-0.228333 -0.384866 2.347290
-0.137394 -0.540864 2.290850
-0.107595 -0.593256 2.276070
0.096150 -0.206292 2.524790
0.258539 -0.258596 2.426310
0.210427 -0.077261 2.362820
0.205013 -0.004475 2.336060
-0.091986 -0.475212 2.471880
0.101364 -0.625161 2.167800
0.022083 -0.897832 2.079300
0.058405 -0.935028 2.015960
0.040322 -0.463711 2.546540
0.238581 -0.633882 2.313150
0.141790 -0.828888 2.104860
0.059287 -0.843189 2.086120
-0.031409 -0.399387 2.499900
-0.036678 -0.345465 2.488830
-0.062453 -0.076503 2.444340
-0.002782 0.095876 2.437180
-0.173168 -0.176385 2.369880
-0.228176 -0.385139 2.347260
-0.137189 -0.541052 2.290850
-0.107292 -0.593389 2.276040
0.096334 -0.206391 2.524710
0.258772 -0.258192 2.426100
0.209507 -0.079448 2.363240
0.204636 -0.006799 2.336060
-0.092182 -0.475147 2.471820
0.101324 -0.625210 2.167800
0.022092 -0.897819 2.079220
0.058359 -0.935047 2.015880
0.040299 -0.463730 2.546540
0.242796 -0.636258 2.316770
0.145079 -0.832545 2.101130
0.059503 -0.844780 2.084730
-0.031466 -0.399372 2.499850
-0.036703 -0.345474 2.488750
-0.062150 -0.076844 2.443680
-0.002658 0.095795 2.436180
-0.173145 -0.176382 2.369890
-0.228044 -0.385366 2.347250
-0.136980 -0.541187 2.290820
-0.106961 -0.593454 2.275960
0.096549 -0.206520 2.524570
0.259001 -0.257836 2.425830
0.208643 -0.081183 2.363500
0.204220 -0.008609 2.336020
-0.092291 -0.475144 2.471870
0.101282 -0.625259 2.167800
0.022102 -0.897803 2.079130
0.058311 -0.935067 2.015800
0.040285 -0.463753 2.546540
0.245481 -0.637132 2.318370
0.146750 -0.835341 2.097540
0.059369 -0.845885 2.083730
-0.031507 -0.399362 2.499820
-0.036721 -0.345485 2.488680
-0.061871 -0.077204 2.442950
-0.002526 0.095721 2.435180
-0.173127 -0.176381 2.369890
-0.227970 -0.385477 2.347240
-0.136866 -0.541223 2.290820
-0.106775 -0.593418 2.275930
0.096783 -0.206654 2.524360
0.259112 -0.257880 2.425530
0.207965 -0.083297 2.363720
0.203959 -0.010715 2.336090
-0.092332 -0.475183 2.472010
0.101240 -0.625307 2.167790
0.022106 -0.897783 2.079050
0.058250 -0.935084 2.015710
0.040279 -0.463780 2.546560
0.248449 -0.637623 2.320540
0.148265 -0.837291 2.094890
0.059300 -0.846698 2.083040
-0.031560 -0.399364 2.499760
-0.036758 -0.345515 2.488550
-0.061638 -0.077567 2.442120
-0.002421 0.095633 2.434040
-0.173107 -0.176389 2.369880
-0.227912 -0.385552 2.347240
-0.136761 -0.541217 2.290830
-0.106604 -0.593337 2.275930
0.097002 -0.206779 2.524120
0.259153 -0.257991 2.425100
0.208219 -0.084756 2.363410
0.208078 -0.023351 2.337910
-0.092394 -0.475224 2.472070
0.101195 -0.625357 2.167790
0.022104 -0.897764 2.078970
0.058179 -0.935105 2.015630
0.040264 -0.463812 2.546560
0.249105 -0.637356 2.320190
0.136373 -0.829792 2.102560
0.059180 -0.847294 2.082530
-0.031595 -0.399371 2.499720
-0.036776 -0.345553 2.488430
-0.061373 -0.077901 2.441300
-0.002315 0.095560 2.433000
-0.173085 -0.176399 2.369850
-0.227871 -0.385614 2.347230
-0.136480 -0.541061 2.290770
-0.106092 -0.592972 2.275760
0.097219 -0.206877 2.523800
0.259167 -0.258187 2.424660
0.207768 -0.086570 2.362420
0.208389 -0.025547 2.337850
-0.092404 -0.475299 2.472170
0.101151 -0.625407 2.167780
0.022102 -0.897747 2.078890
0.058108 -0.935128 2.015540
0.040253 -0.463842 2.546560
0.250139 -0.637097 2.320480
0.129590 -0.825295 2.107130
0.059122 -0.847764 2.082200
-0.031618 -0.399385 2.499690
-0.036780 -0.345605 2.488320
-0.061105 -0.078295 2.440420
-0.002240 0.095484 2.431890
-0.173069 -0.176415 2.369810
-0.227837 -0.385658 2.347230
-0.136065 -0.540759 2.290680
-0.105364 -0.592391 2.275560
0.097436 -0.206976 2.523430
0.259037 -0.258929 2.424100
0.202705 -0.091404 2.361130
0.204452 -0.027974 2.337460
-0.092342 -0.475455 2.472380
0.101109 -0.625455 2.167780
0.022103 -0.897728 2.078820
0.058040 -0.935151 2.015460
0.040250 -0.463875 2.546570
0.251156 -0.636760 2.320870
0.125486 -0.822457 2.109990
0.059085 -0.848099 2.081960
-0.031604 -0.399413 2.499660
-0.036741 -0.345669 2.488210
-0.060864 -0.078655 2.439610
-0.002164 0.095400 2.430850
-0.173056 -0.176436 2.369750
-0.227812 -0.385687 2.347230
-0.135715 -0.540468 2.290600
-0.104774 -0.591874 2.275390
0.097638 -0.207072 2.523020
0.258858 -0.259830 2.423550
0.198877 -0.094978 2.360420
0.200897 -0.029528 2.337320
-0.092041 -0.475723 2.472750
0.101069 -0.625503 2.167780
0.022107 -0.897713 2.078750
0.057974 -0.935178 2.015380
0.040295 -0.463920 2.546590
0.252116 -0.636445 2.321320
0.122959 -0.820652 2.111870
0.059110 -0.848354 2.081840
-0.031586 -0.399437 2.499620
-0.036694 -0.345735 2.488070
-0.060644 -0.078986 2.438890
-0.002098 0.095326 2.429950
-0.173048 -0.176469 2.369670
-0.227789 -0.385699 2.347220
-0.135472 -0.540242 2.290550
-0.104392 -0.591509 2.275300
0.097802 -0.207168 2.522510
0.258602 -0.260864 2.422990
0.198117 -0.096619 2.359710
0.200093 -0.030280 2.337120
-0.091858 -0.475882 2.472920
0.101027 -0.625549 2.167770
0.022107 -0.897703 2.078690
0.057905 -0.935211 2.015310
0.040327 -0.463952 2.546590
0.252393 -0.635934 2.321020
0.121265 -0.819422 2.113150
0.059261 -0.848543 2.081880
-0.031530 -0.399480 2.499560
-0.036603 -0.345824 2.487910
-0.060417 -0.079305 2.438200
-0.002016 0.095210 2.428950
-0.173046 -0.176509 2.369560
-0.227766 -0.385690 2.347210
-0.135452 -0.540170 2.290580
-0.104410 -0.591408 2.275350
0.097930 -0.207233 2.521990
0.258254 -0.262020 2.422450
0.197534 -0.097991 2.359040
0.199328 -0.030757 2.336880
-0.091583 -0.476081 2.473100
0.100986 -0.625592 2.167770
0.022104 -0.897696 2.078630
0.057828 -0.935247 2.015240
0.040385 -0.463991 2.546580
0.253526 -0.635774 2.321920
0.141956 -0.832416 2.097060
0.059469 -0.848672 2.081920
-0.031493 -0.399510 2.499490
-0.036527 -0.345903 2.487730
-0.060212 -0.079588 2.437580
-0.001975 0.095150 2.428060
-0.173053 -0.176553 2.369430
-0.227521 -0.386407 2.347060
-0.135047 -0.540603 2.290390
-0.103951 -0.591764 2.275120
0.098060 -0.207279 2.521440
0.257966 -0.263061 2.421980
0.197129 -0.099043 2.358490
0.198654 -0.030988 2.336640
-0.091450 -0.476202 2.473180
0.100947 -0.625634 2.167760
0.022076 -0.897673 2.078530
0.057703 -0.935274 2.015110
0.040424 -0.464021 2.546570
0.254493 -0.635600 2.322740
0.150157 -0.837739 2.090450
0.059622 -0.848767 2.081970
-0.031416 -0.399544 2.499430
-0.036406 -0.345991 2.487570
-0.059971 -0.079924 2.437040
-0.001958 0.095069 2.427220
-0.173074 -0.176624 2.369260
-0.227022 -0.387883 2.346760
-0.134294 -0.541655 2.289990
-0.103126 -0.592720 2.274670
0.098179 -0.207328 2.520920
0.257702 -0.264046 2.421570
0.196729 -0.099801 2.358240
0.197910 -0.031073 2.336530
-0.091217 -0.476371 2.473310
0.100910 -0.625675 2.167750
0.022049 -0.897651 2.078430
0.057583 -0.935301 2.015000
0.040512 -0.464055 2.546570
0.255400 -0.635498 2.323580
0.154632 -0.840651 2.086870
0.059840 -0.848800 2.082010
-0.031290 -0.399603 2.499390
-0.036239 -0.346109 2.487430
-0.059703 -0.080325 2.436550
-0.001911 0.094851 2.426280
-0.173116 -0.176730 2.369060
-0.226515 -0.389429 2.346480
-0.133588 -0.542878 2.289720
-0.102378 -0.593874 2.274390
0.098312 -0.207429 2.520410
0.257517 -0.264933 2.421210
0.196389 -0.100418 2.358100
0.197194 -0.031078 2.336500
-0.090855 -0.476643 2.473570
0.100876 -0.625713 2.167750
0.022026 -0.897625 2.078330
0.057470 -0.935323 2.014890
0.040667 -0.464111 2.546590
0.256188 -0.635430 2.324310
0.157368 -0.842446 2.084660
0.059976 -0.848840 2.082020
-0.031185 -0.399645 2.499290
-0.036083 -0.346219 2.487240
-0.059446 -0.080707 2.436120
-0.001868 0.094654 2.425470
-0.173173 -0.176845 2.368850
-0.226180 -0.390560 2.346270
-0.132921 -0.543637 2.289430
-0.101605 -0.594554 2.274050
0.098434 -0.207523 2.519960
0.257290 -0.265915 2.420860
0.196191 -0.100929 2.358040
0.196726 -0.031101 2.336490
-0.090696 -0.476773 2.473660
0.100844 -0.625749 2.167740
0.022002 -0.897599 2.078230
0.057359 -0.935340 2.014780
0.040806 -0.464158 2.546490
0.257217 -0.635488 2.325290
0.159323 -0.843652 2.083230
0.060433 -0.848888 2.082150
-0.031083 -0.399689 2.499190
-0.035936 -0.346325 2.487050
-0.059244 -0.081033 2.435730
-0.001846 0.094501 2.424710
-0.173230 -0.176967 2.368620
-0.226000 -0.391124 2.346130
-0.132527 -0.544004 2.289270
-0.101135 -0.594874 2.273880
0.098544 -0.207612 2.519550
0.257114 -0.266679 2.420570
0.195974 -0.101344 2.358150
0.196197 -0.031013 2.336610
-0.090562 -0.476884 2.473720
0.100808 -0.625790 2.167730
0.021981 -0.897576 2.078130
0.057258 -0.935357 2.014670
0.040944 -0.464206 2.546380
0.228424 -0.631278 2.297810
0.138696 -0.829016 2.101280
0.060473 -0.848944 2.082230
-0.030978 -0.399738 2.499100
-0.035791 -0.346430 2.486880
-0.059063 -0.081321 2.435380
-0.001849 0.094381 2.424030
-0.173285 -0.177103 2.368370
-0.225890 -0.391495 2.346030
-0.132182 -0.544197 2.289100
-0.100680 -0.594994 2.273670
0.098654 -0.207721 2.519160
0.256944 -0.267455 2.420280
0.195789 -0.101740 2.358360
0.195779 -0.030960 2.336760
-0.090421 -0.477004 2.473800
0.100772 -0.625832 2.167720
0.021964 -0.897553 2.078050
0.057168 -0.935372 2.014580
0.041076 -0.464253 2.546280
0.181485 -0.614725 2.231650
0.122497 -0.847076 2.104290
0.109905 -0.893973 2.054550
-0.030817 -0.399845 2.498990
-0.035597 -0.346585 2.486700
-0.058835 -0.081596 2.434990
-0.001875 0.094262 2.423390
-0.173340 -0.177240 2.368120
-0.225810 -0.391771 2.345950
-0.131890 -0.544312 2.288950
-0.100284 -0.595035 2.273470
0.098773 -0.207838 2.518700
0.256807 -0.268253 2.420040
0.195609 -0.102181 2.358700
0.195420 -0.030954 2.336960
-0.090221 -0.477193 2.473930
0.100737 -0.625876 2.167710
0.021951 -0.897534 2.077960
0.057083 -0.935392 2.014490
0.041242 -0.464318 2.546150
0.166044 -0.690822 2.193800
0.092055 -0.889648 2.065240
0.128739 -0.940897 1.996450
-0.030637 -0.399972 2.498900
-0.035395 -0.346749 2.486520
-0.058611 -0.081855 2.434590
-0.001908 0.094159 2.422820
-0.173390 -0.177407 2.367820
-0.225750 -0.391966 2.345900
-0.131801 -0.544469 2.288900
-0.100226 -0.595208 2.273440
0.098877 -0.207970 2.518240
0.256674 -0.269043 2.419830
0.197783 -0.102398 2.358820
0.196331 -0.030567 2.337040
-0.089981 -0.477418 2.474090
0.100702 -0.625921 2.167700
0.021944 -0.897522 2.077900
0.057013 -0.935416 2.014430
0.041413 -0.464380 2.546040
0.155918 -0.708640 2.175940
0.080162 -0.905936 2.050180
0.135674 -0.957989 1.975380
-0.030447 -0.400101 2.498800
-0.035188 -0.346910 2.486340
-0.058388 -0.082110 2.434120
-0.001951 0.094057 2.422240
-0.173385 -0.177613 2.367410
-0.225706 -0.392065 2.345860
-0.131741 -0.544530 2.288850
-0.100184 -0.595256 2.273390
0.098969 -0.208068 2.517850
0.256212 -0.270539 2.419460
0.198452 -0.102923 2.359210
0.196528 -0.030605 2.337190
-0.089679 -0.477650 2.474260
0.100667 -0.625968 2.167690
0.021937 -0.897515 2.077850
0.056954 -0.935443 2.014370
0.041578 -0.464433 2.545930
0.156593 -0.734369 2.170720
0.073912 -0.915060 2.041560
0.140025 -0.967695 1.963630
-0.030176 -0.400273 2.498690
-0.034930 -0.347094 2.486150
-0.058188 -0.082327 2.433650
-0.002020 0.094010 2.421740
-0.173344 -0.177804 2.367000
-0.225659 -0.392112 2.345820
-0.131691 -0.544564 2.288820
-0.100147 -0.595282 2.273350
0.099054 -0.208168 2.517470
0.255793 -0.271875 2.419130
0.199243 -0.103397 2.359720
0.196973 -0.030683 2.337390
-0.089236 -0.477917 2.474430
0.100631 -0.626016 2.167680
0.021926 -0.897514 2.077810
0.056891 -0.935479 2.014330
0.041812 -0.464501 2.545800
0.156253 -0.745306 2.166760
0.069834 -0.920822 2.036390
0.142112 -0.973771 1.955980
-0.029834 -0.400459 2.498560
-0.034618 -0.347290 2.485940
-0.057973 -0.082555 2.433150
-0.002125 0.094002 2.421150
-0.173276 -0.178000 2.366590
-0.225625 -0.392132 2.345800
-0.131660 -0.544568 2.288790
-0.100129 -0.595280 2.273320
0.099139 -0.208258 2.517110
0.255423 -0.273077 2.418850
0.199682 -0.103881 2.360220
0.197216 -0.030822 2.337600
-0.088619 -0.478200 2.474660
0.100598 -0.626064 2.167670
0.021915 -0.897517 2.077770
0.056829 -0.935520 2.014290
0.042106 -0.464552 2.545640
0.162407 -0.750530 2.171960
0.067332 -0.924718 2.032700
0.141267 -0.976050 1.952100
-0.029515 -0.400621 2.498450
-0.034325 -0.347466 2.485750
-0.057765 -0.082784 2.432680
-0.002224 0.093957 2.420510
-0.173176 -0.178251 2.366120
-0.225609 -0.391979 2.345810
-0.133385 -0.545097 2.289660
-0.103352 -0.596532 2.274890
0.099236 -0.208364 2.516720
0.254924 -0.274665 2.418500
0.200160 -0.104602 2.360880
0.197605 -0.031216 2.337960
-0.088056 -0.478433 2.474870
0.100565 -0.626110 2.167660
0.021904 -0.897521 2.077730
0.056769 -0.935562 2.014260
0.042372 -0.464582 2.545490
0.168610 -0.750405 2.179220
0.066540 -0.926825 2.030220
0.138344 -0.975042 1.951640
