-0.191427 0.021424 2.018860
-0.234797 0.082946 2.061360
-0.282836 0.462595 2.087050
-0.232685 0.634343 2.087130
-0.333195 0.320656 1.970620
-0.389002 0.091158 1.912020
-0.351123 -0.147088 1.856480
-0.336476 -0.207761 1.846820
-0.139196 0.334601 2.139850
-0.074583 0.087108 2.182400
0.037274 -0.054184 2.052080
0.094433 -0.093106 2.001740
-0.225649 -0.033811 1.965150
-0.278148 -0.435717 1.957980
-0.302521 -0.719464 1.942010
-0.268706 -0.784677 1.959500
-0.133255 -0.039169 2.051160
-0.187882 -0.462843 2.068870
-0.208322 -0.747172 2.051630
-0.188343 -0.814658 2.079460
-0.192184 0.021924 2.018780
-0.235697 0.083296 2.061170
-0.283410 0.462522 2.087060
-0.233307 0.634399 2.086990
-0.333880 0.320520 1.970420
-0.389362 0.090848 1.911860
-0.351315 -0.147187 1.856370
-0.337168 -0.207792 1.846880
-0.138349 0.333954 2.144200
-0.057991 0.089945 2.184290
0.096182 -0.045148 2.040490
0.148902 -0.079251 1.993740
-0.226270 -0.033703 1.964940
-0.278505 -0.435850 1.957710
-0.302564 -0.719558 1.942000
-0.268726 -0.784743 1.959600
-0.133580 -0.039045 2.051140
-0.188028 -0.462919 2.068770
-0.208392 -0.747244 2.051590
-0.188341 -0.814660 2.079450
-0.193010 0.022567 2.018740
-0.236713 0.083766 2.060990
-0.284101 0.462448 2.087080
-0.233762 0.634436 2.086890
-0.334556 0.320394 1.970240
-0.389722 0.090547 1.911720
-0.351527 -0.147287 1.856240
-0.337765 -0.207822 1.846900
-0.136346 0.332325 2.150410
-0.033542 0.096763 2.181580
0.146074 -0.025404 2.033130
0.205885 -0.048610 1.985130
-0.226940 -0.033553 1.964720
-0.278799 -0.435980 1.957490
-0.302611 -0.719665 1.941980
-0.268876 -0.784905 1.959690
-0.133892 -0.038895 2.051150
-0.188183 -0.462987 2.068670
-0.208493 -0.747321 2.051530
-0.188341 -0.814660 2.079440
-0.193821 0.023238 2.018750
-0.237726 0.084258 2.060840
-0.284902 0.462352 2.087090
-0.234110 0.634454 2.086840
-0.335344 0.320236 1.970020
-0.390612 0.088169 1.910980
-0.351741 -0.147383 1.856110
-0.338432 -0.207866 1.846840
-0.133602 0.330387 2.157200
-0.008011 0.113194 2.175690
0.193649 0.013263 2.031750
0.255363 -0.002450 1.979170
-0.227678 -0.033385 1.964530
-0.279013 -0.436042 1.957340
-0.302644 -0.719725 1.941970
-0.269111 -0.785061 1.959740
-0.134170 -0.038748 2.051180
-0.188328 -0.463048 2.068570
-0.208832 -0.747438 2.051230
-0.188369 -0.814646 2.079380
-0.194588 0.023890 2.018800
-0.238699 0.084735 2.060740
-0.286005 0.462239 2.087160
-0.234516 0.634481 2.086960
-0.336141 0.320058 1.969790
-0.391420 0.086628 1.910400
-0.353933 -0.143038 1.855960
-0.340914 -0.203004 1.847030
-0.131535 0.329046 2.162100
0.025201 0.138041 2.166260
0.239715 0.065737 2.026510
0.303213 0.055380 1.971870
-0.228413 -0.033224 1.964350
-0.279187 -0.436086 1.957210
-0.302676 -0.719775 1.941960
-0.269260 -0.785159 1.959780
-0.134419 -0.038607 2.051230
-0.188462 -0.463103 2.068490
-0.209824 -0.747607 2.049940
-0.188472 -0.814540 2.079090
-0.195362 0.024577 2.018880
-0.239642 0.085222 2.060690
-0.287195 0.462093 2.087270
-0.234911 0.634484 2.087150
-0.337070 0.319816 1.969500
-0.392146 0.085686 1.909930
-0.356143 -0.137962 1.855950
-0.343322 -0.197561 1.847280
-0.129383 0.327616 2.166070
0.053558 0.166036 2.159870
0.278422 0.128330 2.021670
0.343618 0.127051 1.966490
-0.229256 -0.033066 1.964130
-0.279279 -0.436114 1.957140
-0.302702 -0.719811 1.941950
-0.269372 -0.785225 1.959800
-0.134635 -0.038478 2.051310
-0.188591 -0.463152 2.068400
-0.210845 -0.747759 2.048550
-0.188567 -0.814392 2.078750
-0.196210 0.025393 2.019010
-0.240595 0.085779 2.060700
-0.288410 0.461928 2.087370
-0.235292 0.634499 2.087370
-0.338062 0.319591 1.969220
-0.392778 0.085092 1.909520
-0.357842 -0.133913 1.855970
-0.345095 -0.193631 1.847440
-0.127389 0.326587 2.169060
0.078632 0.200976 2.154950
0.304832 0.197037 2.021220
0.370827 0.203146 1.966580
-0.230267 -0.032872 1.963870
-0.279349 -0.436136 1.957090
-0.302726 -0.719845 1.941940
-0.269444 -0.785266 1.959850
-0.134824 -0.038351 2.051400
-0.188713 -0.463198 2.068330
-0.211516 -0.747884 2.047710
-0.188632 -0.814287 2.078530
-0.197056 0.026299 2.019190
-0.241524 0.086395 2.060760
-0.289843 0.461771 2.087490
-0.235655 0.634518 2.087600
-0.338999 0.319404 1.968960
-0.393343 0.084779 1.909150
-0.359079 -0.130778 1.856010
-0.346378 -0.190353 1.847480
-0.125844 0.325956 2.171130
0.098194 0.244908 2.152170
0.313204 0.271997 2.028830
0.378310 0.286503 1.976060
-0.231245 -0.032646 1.963620
-0.279401 -0.436151 1.957060
-0.302748 -0.719871 1.941940
-0.269548 -0.785316 1.959870
-0.134990 -0.038204 2.051530
-0.188830 -0.463236 2.068250
-0.211888 -0.747968 2.047260
-0.188660 -0.814217 2.078410
-0.197876 0.027267 2.019390
-0.242390 0.087046 2.060870
-0.291225 0.461629 2.087620
-0.236175 0.634536 2.087780
-0.339917 0.319255 1.968720
-0.393871 0.084640 1.908810
-0.360080 -0.128105 1.856070
-0.347395 -0.187590 1.847530
-0.124653 0.325908 2.172590
0.107707 0.278006 2.151940
0.326126 0.349407 2.030840
0.391317 0.370122 1.980320
-0.232177 -0.032384 1.963410
-0.279437 -0.436151 1.957040
-0.302764 -0.719885 1.941930
-0.269772 -0.785409 1.959780
-0.135143 -0.038003 2.051700
-0.188931 -0.463247 2.068190
-0.212135 -0.748009 2.046970
-0.188685 -0.814152 2.078310
-0.198761 0.028569 2.019640
-0.243262 0.087916 2.061030
-0.292446 0.461534 2.087710
-0.236725 0.634565 2.087960
-0.340708 0.319147 1.968510
-0.394349 0.084625 1.908490
-0.360788 -0.126186 1.856120
-0.348079 -0.185823 1.847550
-0.123151 0.326613 2.173800
0.112568 0.316241 2.154120
0.304872 0.414552 2.050730
0.369069 0.434659 2.004390
-0.233138 -0.031998 1.963180
-0.279442 -0.436088 1.957040
-0.302769 -0.719871 1.941950
-0.270121 -0.785518 1.959620
-0.135279 -0.037686 2.051940
-0.189021 -0.463215 2.068130
-0.212315 -0.748015 2.046750
-0.188712 -0.814071 2.078210
-0.199561 0.030007 2.019850
-0.244019 0.088857 2.061190
-0.293524 0.461448 2.087710
-0.237302 0.634599 2.088110
-0.341458 0.319080 1.968320
-0.394812 0.084799 1.908170
-0.361410 -0.124409 1.856180
-0.348771 -0.184022 1.847570
-0.121282 0.329391 2.174850
0.111919 0.349021 2.157800
0.310910 0.491453 2.055050
0.375287 0.521587 2.013800
-0.234057 -0.031478 1.963030
-0.279401 -0.435924 1.957080
-0.302766 -0.719795 1.941970
-0.270554 -0.785580 1.959410
-0.135353 -0.036946 2.052170
-0.189116 -0.462902 2.068030
-0.212411 -0.747755 2.046640
-0.188768 -0.813883 2.078090
-0.200222 0.031419 2.020040
-0.244631 0.089805 2.061370
-0.294464 0.461389 2.087700
-0.238189 0.634668 2.088180
-0.342097 0.319032 1.968140
-0.395227 0.085082 1.907850
-0.361956 -0.122698 1.856260
-0.349493 -0.182255 1.847460
-0.119378 0.333975 2.175230
0.106913 0.384144 2.162880
0.295104 0.548415 2.065360
0.356060 0.589965 2.027170
-0.234836 -0.030974 1.962900
-0.279360 -0.435735 1.957090
-0.302758 -0.719698 1.942000
-0.270782 -0.785574 1.959280
-0.135344 -0.036008 2.052430
-0.189189 -0.462412 2.067920
-0.212432 -0.747309 2.046620
-0.188840 -0.813636 2.077970
-0.200739 0.032840 2.020200
-0.245101 0.090754 2.061540
-0.295217 0.461331 2.087660
-0.239137 0.634724 2.088200
-0.342641 0.319001 1.967950
-0.395590 0.085412 1.907550
-0.362478 -0.120972 1.856340
-0.350167 -0.180625 1.847400
-0.117602 0.341051 2.175420
0.106621 0.429818 2.167940
0.280090 0.612761 2.078510
0.325412 0.661517 2.045920
-0.235499 -0.030458 1.962790
-0.279319 -0.435535 1.957080
-0.302749 -0.719592 1.942030
-0.271066 -0.785572 1.959130
-0.135211 -0.034751 2.052710
-0.189207 -0.461611 2.067800
-0.212364 -0.746545 2.046670
-0.188949 -0.813271 2.077800
-0.201097 0.034227 2.020310
-0.245439 0.091715 2.061680
-0.295809 0.461290 2.087610
-0.240014 0.634781 2.088180
-0.343104 0.318977 1.967710
-0.395880 0.085784 1.907240
-0.362855 -0.119647 1.856410
-0.350488 -0.179869 1.847370
-0.116459 0.349263 2.175640
0.104926 0.452854 2.171810
0.255017 0.670508 2.090590
0.285611 0.719085 2.062910
-0.236029 -0.029938 1.962710
-0.279259 -0.435315 1.957070
-0.302740 -0.719471 1.942050
-0.271437 -0.785577 1.958880
-0.134955 -0.033246 2.052950
-0.189110 -0.460517 2.067700
-0.212197 -0.745479 2.046810
-0.189090 -0.812793 2.077590
-0.201354 0.035519 2.020350
-0.245698 0.092668 2.061750
-0.296335 0.461278 2.087500
-0.241347 0.634918 2.087850
-0.343461 0.318939 1.967380
-0.396107 0.086239 1.906860
-0.363135 -0.118366 1.856470
-0.350687 -0.179505 1.847290
-0.115799 0.357277 2.175830
0.096316 0.478839 2.179680
0.222007 0.710009 2.108140
0.239286 0.759486 2.081230
-0.236466 -0.029409 1.962620
-0.279185 -0.435112 1.957070
-0.302731 -0.719362 1.942060
-0.271846 -0.785612 1.958580
-0.134675 -0.031673 2.053080
-0.188900 -0.459263 2.067630
-0.211930 -0.744238 2.047060
-0.189238 -0.812249 2.077390
-0.201491 0.036761 2.020360
-0.245855 0.093627 2.061790
-0.296732 0.461274 2.087340
-0.242527 0.635055 2.087500
-0.343732 0.318916 1.966990
-0.396246 0.086727 1.906440
-0.360677 -0.125698 1.854570
-0.349285 -0.186372 1.846070
-0.115558 0.364365 2.176110
0.087513 0.495119 2.187480
0.176725 0.733246 2.130630
0.194174 0.798070 2.098220
-0.236799 -0.028839 1.962550
-0.279100 -0.434900 1.957070
-0.302724 -0.719246 1.942070
-0.272278 -0.785647 1.958250
-0.134354 -0.030064 2.053170
-0.188602 -0.457889 2.067570
-0.211575 -0.742863 2.047410
-0.189387 -0.811639 2.077210
-0.201180 0.038934 2.020490
-0.245730 0.095213 2.061790
-0.296990 0.461273 2.086910
-0.243517 0.635231 2.087090
-0.343740 0.318878 1.966320
-0.396258 0.087198 1.905950
-0.358735 -0.131595 1.853080
-0.344114 -0.201902 1.844040
-0.115372 0.370110 2.176640
0.069574 0.509436 2.199110
0.135154 0.764848 2.145030
0.146259 0.823984 2.114470
-0.236788 -0.027912 1.962430
-0.279030 -0.434691 1.957000
-0.302720 -0.719133 1.942060
-0.272775 -0.785706 1.957860
-0.133591 -0.027644 2.053830
-0.188059 -0.455797 2.067520
-0.211077 -0.740811 2.047810
-0.168308 -0.782011 2.020650
-0.200572 0.041555 2.020550
-0.245377 0.097248 2.061630
-0.296996 0.461290 2.086080
-0.244232 0.635346 2.086630
-0.343411 0.318814 1.965250
-0.396037 0.087855 1.905260
-0.357149 -0.136244 1.851860
-0.340823 -0.211694 1.842720
-0.115245 0.374607 2.177420
0.056135 0.519945 2.208400
0.092396 0.742647 2.172670
0.095775 0.818471 2.142320
-0.236389 -0.026552 1.962100
-0.278944 -0.434487 1.956910
-0.302718 -0.719024 1.942050
-0.273249 -0.785769 1.957460
-0.132781 -0.025273 2.054550
-0.187468 -0.453680 2.067450
-0.210585 -0.738751 2.048170
-0.159134 -0.769119 1.997120
-0.199743 0.044045 2.020600
-0.244850 0.099290 2.061390
-0.296801 0.461347 2.085010
-0.244621 0.635483 2.086140
-0.342741 0.318805 1.963970
-0.395627 0.088544 1.904420
-0.356078 -0.134874 1.851060
-0.339670 -0.214289 1.842230
-0.115188 0.378695 2.178790
0.046316 0.527883 2.217490
0.048399 0.774861 2.185280
0.045905 0.842523 2.160630
-0.235572 -0.024995 1.961710
-0.278809 -0.434239 1.956780
-0.302714 -0.718883 1.942030
-0.273476 -0.785746 1.957250
-0.131840 -0.022997 2.055310
-0.186709 -0.451584 2.067460
-0.210116 -0.736747 2.048480
-0.154243 -0.762233 1.985070
-0.198688 0.046766 2.020660
-0.244180 0.101533 2.061060
-0.296457 0.461436 2.083860
-0.244838 0.635634 2.085630
-0.341355 0.318631 1.962100
-0.394870 0.089358 1.903340
-0.355085 -0.130715 1.850280
-0.337437 -0.197636 1.840040
-0.115240 0.382047 2.180320
0.037463 0.533404 2.226440
0.019904 0.786996 2.192470
0.013337 0.851640 2.171520
-0.234230 -0.023065 1.961120
-0.278630 -0.433964 1.956610
-0.302713 -0.718722 1.941990
-0.273734 -0.785713 1.956990
-0.130863 -0.020713 2.056190
-0.185775 -0.449429 2.067580
-0.209619 -0.734712 2.048760
-0.151174 -0.757913 1.977720
-0.197479 0.049551 2.020750
-0.243392 0.103827 2.060700
-0.295979 0.461524 2.082650
-0.244908 0.635785 2.085080
-0.339724 0.318405 1.960220
-0.393622 0.090107 1.901810
-0.354092 -0.126165 1.849540
-0.336439 -0.186745 1.838930
-0.115208 0.385115 2.182360
0.029614 0.538044 2.235870
-0.012332 0.770857 2.207490
-0.024282 0.845171 2.186700
-0.232577 -0.020976 1.960510
-0.278407 -0.433661 1.956390
-0.302705 -0.718542 1.941940
-0.274005 -0.785671 1.956670
-0.129816 -0.018409 2.057140
-0.184763 -0.447221 2.067730
-0.209128 -0.732621 2.048980
-0.148991 -0.754803 1.972610
-0.196384 0.051668 2.020800
-0.242645 0.105662 2.060350
-0.295403 0.461646 2.081490
-0.244876 0.635940 2.084530
-0.337886 0.318069 1.958330
-0.391712 0.090835 1.899730
-0.352955 -0.121445 1.848670
-0.335857 -0.179046 1.838230
-0.115171 0.387553 2.184350
0.023635 0.540715 2.242660
-0.026876 0.758833 2.214510
-0.039487 0.839309 2.193850
-0.230939 -0.019125 1.960080
-0.278094 -0.433263 1.956050
-0.302671 -0.718283 1.941820
-0.274101 -0.785537 1.956460
-0.128893 -0.016609 2.057810
-0.183495 -0.445339 2.068040
-0.208703 -0.730936 2.049160
-0.147370 -0.752563 1.969570
-0.195396 0.053184 2.020780
-0.241953 0.107047 2.059990
-0.294754 0.461791 2.080340
-0.244755 0.636079 2.083940
-0.336109 0.317756 1.956580
-0.389536 0.091416 1.897490
-0.351746 -0.117442 1.847730
-0.334885 -0.176012 1.837410
-0.115113 0.389657 2.186480
0.019384 0.541902 2.247460
-0.037410 0.757568 2.218440
-0.052135 0.839133 2.198840
-0.229409 -0.017574 1.959920
-0.277695 -0.432752 1.955550
-0.302612 -0.717934 1.941640
-0.274298 -0.785372 1.956090
-0.128017 -0.015147 2.058140
-0.182389 -0.443774 2.068290
-0.208343 -0.729510 2.049280
-0.146277 -0.751121 1.968560
-0.194491 0.054263 2.020720
-0.241326 0.108079 2.059640
-0.294161 0.461957 2.079300
-0.244598 0.636222 2.083340
-0.334552 0.317482 1.955080
-0.387480 0.091831 1.895400
-0.350405 -0.113963 1.846780
-0.333928 -0.173895 1.836650
-0.115040 0.391277 2.188520
0.016226 0.541684 2.251180
-0.044795 0.756807 2.221000
-0.062003 0.836308 2.202440
-0.228030 -0.016296 1.959930
-0.277243 -0.432150 1.954920
-0.302543 -0.717502 1.941420
-0.255712 -0.760600 1.908550
-0.127148 -0.013960 2.058190
-0.181513 -0.442556 2.068420
-0.208053 -0.728367 2.049360
-0.145646 -0.750393 1.969150
-0.193641 0.055004 2.020630
-0.240760 0.108835 2.059290
-0.293630 0.462166 2.078310
-0.244442 0.636367 2.082760
-0.333126 0.317222 1.953720
-0.385591 0.092195 1.893520
-0.348775 -0.111138 1.845760
-0.332515 -0.172235 1.835660
-0.114919 0.392339 2.190320
0.012489 0.530939 2.256320
-0.049935 0.756208 2.222380
-0.069168 0.831015 2.205640
-0.226803 -0.015274 1.960060
-0.276766 -0.431469 1.954180
-0.302476 -0.716987 1.941180
-0.244247 -0.745143 1.879930
-0.126324 -0.013036 2.058070
-0.180817 -0.441642 2.068510
-0.207812 -0.727498 2.049430
-0.145333 -0.750260 1.970870
-0.192778 0.055484 2.020500
-0.240239 0.109377 2.058950
-0.293211 0.462365 2.077450
-0.244296 0.636496 2.082220
-0.331786 0.316903 1.952440
-0.383891 0.092613 1.891810
-0.346942 -0.108698 1.844650
-0.330127 -0.172073 1.833930
-0.114839 0.393109 2.192190
0.010708 0.523734 2.259640
-0.053707 0.755467 2.223290
-0.075081 0.823668 2.208690
-0.225610 -0.014456 1.960280
-0.276409 -0.430442 1.952840
-0.302389 -0.716226 1.940840
-0.239912 -0.739109 1.869310
-0.125511 -0.012300 2.057830
-0.180255 -0.440938 2.068590
-0.207614 -0.726819 2.049480
-0.145207 -0.750496 1.973190
-0.191865 0.055686 2.020330
-0.239707 0.109723 2.058590
-0.292860 0.462562 2.076710
-0.244159 0.636627 2.081710
-0.330677 0.316649 1.951360
-0.381908 0.094739 1.889860
-0.345042 -0.106636 1.843520
-0.327631 -0.172623 1.832120
-0.114778 0.393603 2.193680
0.016262 0.503760 2.265840
-0.056036 0.751598 2.223860
-0.080831 0.808779 2.212460
-0.224537 -0.013848 1.960560
-0.276126 -0.429557 1.951670
-0.302320 -0.715525 1.940530
-0.237240 -0.735442 1.862610
-0.124699 -0.011745 2.057440
-0.179814 -0.440416 2.068650
-0.207455 -0.726311 2.049520
-0.145221 -0.750966 1.975650
-0.190958 0.055753 2.020130
-0.239147 0.109966 2.058200
-0.292394 0.462790 2.075850
-0.243970 0.636759 2.081180
-0.329845 0.316495 1.950360
-0.379956 0.098456 1.887800
-0.343208 -0.104827 1.842440
-0.324579 -0.173965 1.830000
-0.114603 0.393942 2.195510
0.017816 0.497188 2.268710
-0.060177 0.748782 2.225440
-0.089622 0.799404 2.215360
-0.223595 -0.013371 1.960890
-0.275883 -0.428749 1.950670
-0.302254 -0.714831 1.940240
-0.261686 -0.762488 1.918370
-0.123787 -0.011265 2.056910
-0.179444 -0.439979 2.068690
-0.207311 -0.725873 2.049550
-0.145264 -0.751452 1.978040
-0.190089 0.055699 2.019930
-0.238570 0.110129 2.057760
-0.291452 0.463138 2.074350
-0.243662 0.636980 2.080540
-0.329168 0.316425 1.949460
-0.378600 0.101303 1.886290
-0.341668 -0.103468 1.841510
-0.322079 -0.175173 1.828260
-0.114284 0.393929 2.197630
0.017809 0.494260 2.270750
-0.064133 0.746123 2.228050
-0.099529 0.791033 2.220000
-0.222795 -0.013010 1.961200
-0.275681 -0.427998 1.949810
-0.302192 -0.714135 1.939990
-0.272129 -0.773929 1.943220
-0.122954 -0.010917 2.056380
-0.179196 -0.439659 2.068700
-0.207194 -0.725540 2.049580
-0.145304 -0.751983 1.980300
-0.189253 0.055630 2.019730
-0.237941 0.110335 2.057260
-0.289582 0.464117 2.071660
-0.242832 0.637572 2.079490
-0.328609 0.316513 1.948680
-0.377643 0.103289 1.885180
-0.340388 -0.102387 1.840680
-0.320296 -0.176070 1.827000
-0.114028 0.393736 2.199500
0.001178 0.519870 2.273590
-0.080869 0.729501 2.237130
-0.113495 0.777777 2.224350
-0.222072 -0.012702 1.961490
-0.275549 -0.427247 1.948980
-0.302141 -0.713407 1.939720
-0.257469 -0.757816 1.914650
-0.122212 -0.010637 2.055950
-0.179008 -0.439396 2.068670
-0.207093 -0.725263 2.049600
-0.145327 -0.752466 1.982310
-0.188487 0.055556 2.019530
-0.237282 0.110583 2.056700
-0.287061 0.465423 2.068250
-0.242030 0.638016 2.078600
-0.328081 0.316823 1.947960
-0.376974 0.104625 1.884380
-0.339391 -0.101532 1.839990
-0.319053 -0.176692 1.826100
-0.113944 0.392990 2.200740
-0.006244 0.525374 2.274770
-0.087941 0.717088 2.242720
-0.121687 0.766819 2.227630
-0.221428 -0.012434 1.961710
-0.275456 -0.426225 1.948100
-0.302098 -0.712348 1.939410
-0.249462 -0.747800 1.899270
-0.121599 -0.010425 2.055610
-0.178862 -0.439187 2.068640
-0.207010 -0.725043 2.049620
-0.145338 -0.752913 1.984070
-0.187764 0.055728 2.019340
-0.236533 0.111082 2.056090
-0.284801 0.466500 2.065270
-0.241266 0.638265 2.077810
-0.327573 0.317456 1.947370
-0.376489 0.105513 1.883780
-0.338602 -0.100888 1.839410
-0.318186 -0.177174 1.825410
-0.113773 0.391897 2.201460
-0.011429 0.527517 2.275740
-0.095376 0.705348 2.246690
-0.129721 0.756235 2.230220
-0.220789 -0.012096 1.961760
-0.275376 -0.425095 1.947280
-0.302050 -0.711142 1.939090
-0.244823 -0.741646 1.889860
-0.121070 -0.010198 2.055510
-0.178734 -0.438964 2.068560
-0.206928 -0.724812 2.049640
-0.145363 -0.753227 1.985490
-0.186728 0.057090 2.019410
-0.235677 0.112368 2.055470
-0.283108 0.467272 2.063080
-0.240537 0.638366 2.077170
-0.327122 0.318116 1.946850
-0.376131 0.106105 1.883320
-0.337964 -0.100421 1.838930
-0.317588 -0.177584 1.824850
-0.113724 0.391454 2.203860
-0.014220 0.529409 2.277220
-0.104041 0.695866 2.247450
-0.138295 0.747082 2.230930
-0.219941 -0.011452 1.961610
-0.275312 -0.423922 1.946480
-0.302019 -0.709885 1.938770
-0.242069 -0.738059 1.884870
-0.120196 -0.009305 2.056640
-0.178548 -0.438365 2.068360
-0.206770 -0.724191 2.049670
-0.145281 -0.753253 1.986820
-0.185765 0.058854 2.019590
-0.234913 0.113871 2.054930
-0.281824 0.467778 2.061500
-0.239794 0.638237 2.076640
-0.326712 0.318766 1.946350
-0.375857 0.106464 1.882920
-0.337468 -0.100076 1.838530
-0.317189 -0.177917 1.824440
-0.113673 0.391247 2.205750
-0.015877 0.530435 2.279450
-0.119385 0.681262 2.245790
-0.150954 0.734631 2.230290
-0.219034 -0.010586 1.961380
-0.275322 -0.422539 1.945500
-0.301998 -0.708461 1.938420
-0.240306 -0.735628 1.881780
-0.119471 -0.008343 2.057890
-0.178353 -0.437695 2.068160
-0.206604 -0.723501 2.049700
-0.145161 -0.753189 1.988000
-0.185116 0.059718 2.019650
-0.234375 0.114786 2.054490
-0.280913 0.468110 2.060380
-0.239148 0.637990 2.076230
-0.326356 0.319293 1.945880
-0.375663 0.106600 1.882540
-0.337052 -0.099886 1.838150
-0.316943 -0.178314 1.824040
-0.113456 0.390540 2.209190
-0.016927 0.530704 2.281840
-0.128405 0.673036 2.245210
-0.162029 0.723837 2.228600
-0.218328 -0.009954 1.961260
-0.275338 -0.421401 1.944710
-0.301984 -0.707281 1.938110
-0.239139 -0.734059 1.879760
-0.119005 -0.007839 2.058500
-0.178215 -0.437280 2.068010
-0.206488 -0.723080 2.049710
-0.145034 -0.753192 1.988990
-0.184618 0.060450 2.019700
-0.234003 0.115526 2.054120
-0.280393 0.468320 2.059700
-0.238645 0.637660 2.075940
-0.326036 0.319740 1.945440
-0.375564 0.106519 1.882160
-0.336714 -0.099812 1.837770
-0.316875 -0.178769 1.823690
-0.113474 0.389914 2.211610
-0.017389 0.530093 2.284570
-0.134206 0.667502 2.244820
-0.166733 0.718865 2.228130
-0.217706 -0.009370 1.961090
-0.275344 -0.420488 1.944080
-0.301975 -0.706325 1.937860
-0.238290 -0.732945 1.878340
-0.118655 -0.007418 2.059060
-0.178094 -0.436924 2.067870
-0.206392 -0.722725 2.049710
-0.144880 -0.753181 1.989870
-0.184249 0.060984 2.019750
-0.233732 0.116081 2.053830
-0.280017 0.468475 2.059200
-0.238226 0.637301 2.075740
-0.325713 0.320114 1.945010
-0.375590 0.106180 1.881750
-0.336465 -0.099947 1.837310
-0.317011 -0.179429 1.823300
-0.113519 0.389413 2.214750
-0.016726 0.528336 2.288370
-0.137778 0.663409 2.244390
-0.169815 0.715139 2.227650
-0.217209 -0.008909 1.960960
-0.275350 -0.419776 1.943590
-0.301954 -0.705583 1.937690
-0.237663 -0.732157 1.877470
-0.118395 -0.007095 2.059510
-0.177983 -0.436634 2.067770
-0.206312 -0.722440 2.049710
-0.144732 -0.753172 1.990620
-0.183982 0.061376 2.019780
-0.233545 0.116493 2.053600
-0.279773 0.468573 2.058860
-0.237881 0.636923 2.075620
-0.325396 0.320424 1.944590
-0.375738 0.105608 1.881310
-0.336313 -0.100147 1.836870
-0.317319 -0.180101 1.822930
-0.113555 0.389201 2.216460
-0.016446 0.526785 2.292080
-0.141692 0.659078 2.243230
-0.172268 0.711955 2.226890
-0.216813 -0.008533 1.960850
-0.275356 -0.419214 1.943210
-0.301938 -0.704996 1.937560
-0.237243 -0.731670 1.877100
-0.118232 -0.006861 2.059800
-0.177894 -0.436389 2.067650
-0.206250 -0.722212 2.049700
-0.144599 -0.753164 1.991240
-0.183812 0.061604 2.019790
-0.233441 0.116751 2.053400
-0.279712 0.468606 2.058660
-0.237625 0.636527 2.075550
-0.325021 0.320666 1.944100
-0.375987 0.104857 1.880840
-0.336247 -0.100365 1.836460
-0.317767 -0.180732 1.822620
-0.113843 0.388803 2.218180
-0.017301 0.523903 2.297070
-0.145527 0.654839 2.242520
-0.174310 0.709138 2.226290
-0.216511 -0.008271 1.960750
-0.275354 -0.418770 1.942930
-0.301924 -0.704529 1.937460
-0.236969 -0.731446 1.877190
-0.118139 -0.006718 2.059990
-0.177828 -0.436242 2.067550
-0.206212 -0.722081 2.049700
-0.144461 -0.753211 1.991810
-0.183702 0.061721 2.019750
-0.233422 0.116899 2.053170
-0.279786 0.468600 2.058590
-0.237429 0.636128 2.075530
-0.324639 0.320863 1.943580
-0.376349 0.103338 1.880010
-0.336270 -0.100642 1.836040
-0.318289 -0.181352 1.822370
-0.118895 0.384857 2.214970
-0.039001 0.517005 2.299590
-0.159622 0.655039 2.243530
-0.179993 0.708304 2.226130
-0.216249 -0.008108 1.960560
-0.275331 -0.418442 1.942740
-0.301910 -0.704178 1.937400
-0.236799 -0.731469 1.877700
-0.118196 -0.006665 2.060130
-0.177776 -0.436165 2.067470
-0.206186 -0.721998 2.049700
-0.144318 -0.753333 1.992350
-0.183674 0.061636 2.019600
-0.233485 0.116910 2.052860
-0.279944 0.468572 2.058620
-0.237278 0.635754 2.075540
-0.324238 0.321036 1.943060
-0.376644 0.101060 1.878790
-0.336373 -0.101027 1.835600
-0.318869 -0.182016 1.822150
-0.124525 0.380567 2.209520
-0.067603 0.514278 2.298750
-0.184822 0.659035 2.244170
-0.193827 0.709853 2.225790
-0.216005 -0.008011 1.960310
-0.275300 -0.418193 1.942610
-0.301898 -0.703916 1.937340
-0.236724 -0.731641 1.878340
-0.118507 -0.006751 2.060140
-0.177786 -0.436192 2.067270
-0.206172 -0.721985 2.049700
-0.144197 -0.753510 1.992820
-0.183706 0.061218 2.019270
-0.233586 0.116729 2.052490
-0.280146 0.468530 2.058700
-0.237162 0.635402 2.075570
-0.323797 0.321187 1.942490
-0.376768 0.098781 1.877520
-0.336509 -0.101390 1.835200
-0.319501 -0.182620 1.821950
-0.134381 0.374408 2.194780
-0.068959 0.472127 2.305970
-0.179352 0.626481 2.253990
-0.195018 0.692924 2.230430
-0.215658 -0.008115 1.959750
-0.275262 -0.417992 1.942520
-0.301887 -0.703710 1.937300
-0.236749 -0.731864 1.878940
-0.119001 -0.006996 2.060100
-0.177866 -0.436367 2.066930
-0.206173 -0.722086 2.049680
-0.144109 -0.753744 1.993210
-0.183790 0.060639 2.018790
-0.233732 0.116416 2.052000
-0.280355 0.468484 2.058790
-0.236953 0.635165 2.075560
-0.323294 0.321361 1.941930
-0.376764 0.096791 1.876310
-0.336669 -0.101730 1.834830
-0.320258 -0.183193 1.821720
-0.139847 0.370551 2.185670
-0.066212 0.442029 2.310440
-0.182247 0.592992 2.291080
-0.201533 0.661003 2.262170
-0.215207 -0.008313 1.958620
-0.275217 -0.417826 1.942460
-0.301877 -0.703545 1.937260
-0.236812 -0.732102 1.879480
-0.119642 -0.007364 2.059970
-0.177962 -0.436653 2.066540
-0.206174 -0.722300 2.049670
-0.144021 -0.754036 1.993570
-0.183905 0.059955 2.018180
-0.233915 0.115997 2.051410
-0.280565 0.468436 2.058900
-0.236635 0.634980 2.075530
-0.322751 0.321584 1.941380
-0.376663 0.095154 1.875220
-0.336845 -0.102195 1.834410
-0.320959 -0.183814 1.821360
-0.142866 0.368435 2.180630
-0.065964 0.429183 2.312970
-0.154584 0.586852 2.340620
-0.176026 0.648697 2.317210
-0.214783 -0.008513 1.957480
-0.275158 -0.417696 1.942430
-0.301867 -0.703425 1.937230
-0.236877 -0.732382 1.880010
-0.120434 -0.007795 2.059690
-0.178051 -0.436988 2.066110
-0.206178 -0.722570 2.049640
-0.143934 -0.754346 1.993880
-0.184022 0.059266 2.017500
-0.234110 0.115546 2.050780
-0.280767 0.468401 2.059030
-0.236267 0.634851 2.075490
-0.322153 0.321831 1.940830
-0.376482 0.093853 1.874240
-0.337017 -0.102641 1.834030
-0.321552 -0.184357 1.821030
-0.144682 0.367186 2.177890
-0.050772 0.373024 2.316740
-0.125259 0.547824 2.356260
-0.147466 0.602551 2.335550
-0.214385 -0.008635 1.956360
-0.275086 -0.417598 1.942420
-0.301847 -0.703335 1.937190
-0.236902 -0.732678 1.880470
-0.121311 -0.008208 2.059200
-0.178096 -0.437307 2.065690
-0.206181 -0.722833 2.049600
-0.143842 -0.754639 1.994150
-0.184021 0.059333 2.017240
-0.234579 0.115696 2.049660
-0.280843 0.468387 2.059070
-0.235412 0.634836 2.075270
-0.321454 0.322152 1.940240
-0.376189 0.092828 1.873300
-0.337162 -0.103024 1.833690
-0.322032 -0.184791 1.820750
-0.147262 0.424298 2.261270
-0.026222 0.333976 2.333540
-0.117311 0.491422 2.347930
-0.141718 0.551607 2.331790
-0.213794 -0.008065 1.955880
-0.275016 -0.417522 1.942410
-0.301819 -0.703267 1.937120
-0.235788 -0.733404 1.882890
-0.122235 -0.007184 2.059130
-0.177931 -0.436486 2.065020
-0.206054 -0.722220 2.049470
-0.142869 -0.754129 1.995470
-0.183931 0.059656 2.017090
-0.234916 0.116014 2.048750
-0.280868 0.468380 2.059110
-0.234279 0.634917 2.074980
-0.320426 0.322565 1.939410
-0.375788 0.091984 1.872330
-0.337279 -0.103350 1.833390
-0.322392 -0.185127 1.820520
-0.149622 0.446314 2.294810
-0.016232 0.317903 2.346540
-0.117401 0.467549 2.341150
-0.140554 0.530179 2.330070
-0.212648 -0.006741 1.956170
-0.274947 -0.417467 1.942420
-0.301784 -0.703222 1.937050
-0.234654 -0.734087 1.885160
-0.123184 -0.005470 2.059100
-0.177598 -0.435021 2.064210
-0.205817 -0.721007 2.049240
-0.141702 -0.753242 1.996890
-0.183757 0.059897 2.017000
-0.235155 0.116387 2.047670
-0.278931 0.468054 2.057880
-0.232312 0.635043 2.074140
-0.317388 0.322465 1.936810
-0.375099 0.090965 1.871080
-0.337312 -0.103709 1.833090
-0.322649 -0.185458 1.820320
-0.151463 0.455588 2.309560
-0.010362 0.310690 2.355470
-0.121918 0.459216 2.335820
-0.142093 0.518353 2.327940
-0.211227 -0.005741 1.956680
-0.274884 -0.417459 1.942470
-0.301750 -0.703230 1.936970
-0.233240 -0.735020 1.887970
-0.123970 -0.003985 2.059120
-0.177262 -0.433757 2.063540
-0.205598 -0.719934 2.049000
-0.140323 -0.752331 1.998600
-0.183518 0.060211 2.016980
-0.235389 0.116816 2.046530
-0.277275 0.467822 2.056850
-0.230474 0.635236 2.073350
-0.314739 0.322513 1.934540
-0.374372 0.090126 1.869850
-0.337265 -0.104034 1.832790
-0.322797 -0.185724 1.820150
-0.155076 0.462791 2.322520
-0.007806 0.305304 2.358510
-0.125597 0.454262 2.332590
-0.144577 0.511066 2.325270
-0.209585 -0.004661 1.957520
-0.274817 -0.417547 1.942590
-0.301749 -0.703328 1.936880
-0.231884 -0.736123 1.891000
-0.124654 -0.002516 2.059180
-0.176938 -0.432495 2.062920
-0.205388 -0.718824 2.048710
-0.138795 -0.751328 2.000540
-0.183100 0.060812 2.017160
-0.235524 0.117366 2.045570
-0.275932 0.467709 2.056110
-0.228889 0.635715 2.072630
-0.312526 0.322650 1.932640
-0.373652 0.089468 1.868710
-0.337022 -0.104416 1.832380
-0.322865 -0.186006 1.819960
-0.162334 0.474355 2.334510
-0.018804 0.315955 2.345400
-0.136809 0.467187 2.328320
-0.151448 0.513355 2.320740
-0.207526 -0.003330 1.958870
-0.274817 -0.417678 1.942780
-0.301819 -0.703470 1.936810
-0.230908 -0.737075 1.893760
-0.125326 -0.000723 2.059390
-0.176586 -0.430946 2.062320
-0.205176 -0.717390 2.048350
-0.137292 -0.750130 2.002460
-0.181987 0.063375 2.017980
-0.235322 0.118850 2.044900
-0.274825 0.467670 2.055550
-0.227602 0.636308 2.071970
-0.310779 0.322788 1.931110
-0.372891 0.088929 1.867580
-0.336617 -0.104775 1.831890
-0.322802 -0.186277 1.819680
-0.164122 0.483136 2.340710
-0.025064 0.327344 2.329160
-0.155063 0.475265 2.304490
-0.166434 0.517818 2.301160
-0.205582 -0.001866 1.960220
-0.274869 -0.417765 1.943070
-0.301948 -0.703567 1.936760
-0.230494 -0.737570 1.895380
-0.125533 0.002518 2.060080
-0.176018 -0.427946 2.061670
-0.204779 -0.714485 2.047900
-0.135932 -0.748311 2.003980
-0.180421 0.067475 2.019120
-0.234455 0.121365 2.044960
-0.273930 0.467646 2.055030
-0.226564 0.636917 2.071360
-0.309465 0.322893 1.929930
-0.372167 0.088557 1.866560
-0.336024 -0.105135 1.831290
-0.322523 -0.186564 1.819140
-0.142700 0.498546 2.335770
-0.027236 0.330934 2.290240
-0.130511 0.494328 2.289410
-0.156612 0.530734 2.285960
-0.204039 -0.000523 1.961420
-0.274977 -0.417782 1.943470
-0.302166 -0.703618 1.936750
-0.230357 -0.737839 1.896190
-0.124180 0.007014 2.061120
-0.175226 -0.423692 2.061070
-0.204153 -0.710299 2.047460
-0.134994 -0.745948 2.004590
-0.178415 0.078842 2.021330
-0.232059 0.128869 2.047110
-0.273228 0.467633 2.054560
-0.225767 0.637510 2.070790
-0.308524 0.322970 1.929060
-0.371560 0.088290 1.865740
-0.335215 -0.105600 1.830450
-0.321729 -0.186963 1.818240
-0.097638 0.513462 2.317170
0.010466 0.345630 2.265520
-0.123806 0.539863 2.251270
-0.151891 0.583070 2.239060
-0.203069 0.001006 1.962350
-0.275085 -0.417741 1.944020
-0.302466 -0.703627 1.936800
-0.232264 -0.737794 1.895210
-0.120121 0.013355 2.063280
-0.174127 -0.417961 2.060610
-0.203208 -0.704615 2.047060
-0.134723 -0.742222 2.003810
-0.177049 0.087980 2.023230
-0.230085 0.135884 2.049260
-0.272678 0.467625 2.054180
-0.225152 0.638040 2.070310
-0.307828 0.323090 1.928480
-0.371084 0.088068 1.865110
-0.334447 -0.106010 1.829640
-0.320591 -0.187306 1.817240
-0.082372 0.518962 2.311250
0.065322 0.395475 2.221170
-0.117804 0.581557 2.221250
-0.147276 0.621241 2.209320
-0.202428 0.002876 1.963240
-0.275206 -0.417615 1.944650
-0.302764 -0.703584 1.936880
-0.234065 -0.737549 1.894140
-0.116153 0.018761 2.065540
-0.173145 -0.412911 2.060350
-0.202339 -0.699601 2.046810
-0.134571 -0.738390 2.002830
-0.176277 0.093635 2.024340
-0.228792 0.140635 2.050720
-0.272251 0.467604 2.053810
-0.224675 0.638562 2.069880
-0.307325 0.323362 1.928200
-0.370777 0.087915 1.864720
-0.333703 -0.106456 1.828820
-0.319476 -0.187694 1.816290
-0.073304 0.522135 2.307670
0.099413 0.467337 2.172040
-0.086960 0.624130 2.193040
-0.118854 0.666363 2.178440
-0.202303 0.005185 1.964280
-0.275303 -0.417336 1.945300
-0.303057 -0.703433 1.936980
-0.235677 -0.737037 1.893050
-0.113276 0.022553 2.066680
-0.172398 -0.409034 2.060180
-0.201722 -0.695753 2.046630
-0.134577 -0.734922 2.001800
-0.175825 0.097100 2.025020
-0.227946 0.143749 2.051710
-0.271942 0.467591 2.053440
-0.224444 0.639320 2.069500
-0.307075 0.323894 1.928350
-0.371142 0.091699 1.865890
-0.333075 -0.106834 1.828120
-0.318369 -0.188010 1.815350
-0.067342 0.524011 2.305110
0.108496 0.508475 2.145530
-0.034051 0.665916 2.165070
-0.063118 0.714893 2.146350
-0.202715 0.007429 1.965620
-0.275361 -0.417010 1.945970
-0.303322 -0.703250 1.937110
-0.237028 -0.736518 1.892070
-0.111301 0.024944 2.067180
-0.171907 -0.406502 2.060070
-0.201350 -0.693244 2.046520
-0.134702 -0.732228 2.000860
-0.180093 0.070006 2.013360
-0.226657 0.132873 2.049960
-0.271712 0.467565 2.053120
-0.224294 0.636526 2.068220
-0.309513 0.324433 1.930300
-0.372081 0.095520 1.867670
-0.332544 -0.107308 1.827450
-0.317403 -0.188436 1.814480
-0.080606 0.409518 2.178840
0.094044 0.513374 2.142820
0.041209 0.716273 2.125610
-0.005540 0.771634 2.130790
-0.210140 0.001699 1.964510
-0.275446 -0.417089 1.946640
-0.303612 -0.703354 1.937260
-0.242812 -0.736988 1.886780
-0.109767 0.002183 2.047070
-0.173810 -0.419853 2.060410
-0.203488 -0.706645 2.046720
-0.139373 -0.737861 1.996480
-0.182031 0.059490 2.008830
-0.225799 0.125618 2.049010
-0.271561 0.467533 2.052890
-0.227141 0.634379 2.068690
-0.313992 0.325316 1.933790
-0.373224 0.098267 1.869640
-0.332173 -0.107734 1.826930
-0.316820 -0.188813 1.813810
-0.080352 0.381957 2.141140
0.097311 0.523426 2.125910
0.112443 0.768301 2.088210
0.082734 0.829672 2.094950
-0.215531 -0.002623 1.963310
-0.275505 -0.417279 1.947310
-0.303876 -0.703546 1.937440
-0.268681 -0.764947 1.927280
-0.109420 -0.006005 2.040140
-0.174875 -0.427386 2.060760
-0.204706 -0.714217 2.046890
-0.143532 -0.742557 1.992700
-0.182753 0.056116 2.007220
-0.225280 0.122927 2.049000
-0.271440 0.467509 2.052760
-0.229674 0.633074 2.069450
-0.318693 0.326177 1.937720
-0.374660 0.100561 1.872030
-0.332008 -0.108050 1.826590
-0.316511 -0.189076 1.813370
-0.084109 0.362020 2.115020
0.101774 0.543897 2.106320
0.185543 0.767529 2.055180
0.193724 0.827785 2.051370
-0.218953 -0.004741 1.962610
-0.275549 -0.417491 1.947930
-0.304094 -0.703760 1.937630
-0.282238 -0.782273 1.952740
-0.109072 -0.008864 2.037330
-0.175197 -0.429842 2.060910
-0.205113 -0.716694 2.046910
-0.146430 -0.744699 1.989900
-0.183438 0.054024 2.006200
-0.224891 0.121289 2.049120
-0.271347 0.467477 2.052680
-0.231659 0.632303 2.070200
-0.324011 0.327241 1.942170
-0.376470 0.102398 1.874960
-0.332094 -0.108358 1.826440
-0.316598 -0.189354 1.813090
-0.088461 0.363599 2.110300
0.098771 0.553050 2.093670
0.244257 0.757923 2.023330
0.278618 0.808662 2.014230
-0.221378 -0.005885 1.962240
-0.275576 -0.417700 1.948480
-0.304269 -0.703975 1.937820
-0.286966 -0.789054 1.962700
-0.109158 -0.010426 2.035460
-0.175391 -0.431343 2.061000
-0.205359 -0.718200 2.046920
-0.148956 -0.746056 1.987500
-0.184119 0.053283 2.005820
-0.224577 0.120148 2.049300
-0.271276 0.467429 2.052690
-0.233320 0.631896 2.071000
-0.328044 0.328061 1.945970
-0.378596 0.104041 1.878580
-0.332923 -0.108738 1.826790
-0.317265 -0.189621 1.813180
-0.092816 0.366297 2.103210
0.086276 0.551401 2.074210
0.285574 0.735907 2.006280
0.342996 0.804163 1.987610
-0.223127 -0.006549 1.962040
-0.275590 -0.417887 1.948970
-0.304409 -0.704176 1.938000
-0.289637 -0.793242 1.968840
-0.109821 -0.010391 2.034580
-0.175519 -0.432336 2.061110
-0.205539 -0.719228 2.046930
-0.151166 -0.746902 1.985450
-0.184724 0.053520 2.005920
-0.224316 0.119328 2.049540
-0.271223 0.467358 2.052770
-0.234778 0.631814 2.071890
-0.331197 0.328651 1.949360
-0.380764 0.105020 1.882270
-0.335472 -0.108821 1.828620
-0.319168 -0.189505 1.814240
-0.095726 0.369192 2.099450
0.080596 0.544105 2.060660
0.295411 0.718596 2.002300
0.365338 0.787548 1.978460
-0.224479 -0.007010 1.961880
-0.275572 -0.418052 1.949480
-0.304501 -0.704353 1.938200
-0.290702 -0.795582 1.972360
-0.110677 -0.009516 2.034480
-0.175598 -0.432919 2.061260
-0.205663 -0.719859 2.046940
-0.153056 -0.747506 1.983750
-0.185298 0.054206 2.006230
-0.224127 0.118733 2.049800
-0.271199 0.467254 2.052940
-0.235972 0.631905 2.072780
-0.333618 0.329004 1.952030
-0.382860 0.105461 1.885790
-0.339248 -0.108435 1.831680
-0.322373 -0.188921 1.816570
-0.097577 0.378098 2.105110
0.080877 0.531314 2.052150
0.307139 0.700731 1.991600
0.345489 0.741223 1.965080
-0.225592 -0.007315 1.961800
-0.275551 -0.418210 1.949950
-0.304550 -0.704544 1.938440
-0.271583 -0.758637 1.904930
-0.111695 -0.008414 2.034510
-0.175648 -0.433237 2.061410
-0.205742 -0.720230 2.046960
-0.154623 -0.747973 1.982390
-0.185824 0.054914 2.006590
-0.223999 0.118287 2.050070
-0.271208 0.467128 2.053200
-0.236939 0.632066 2.073520
-0.335399 0.329196 1.954110
-0.384664 0.105480 1.888990
-0.343333 -0.108175 1.835180
-0.326313 -0.188503 1.820040
-0.098380 0.383262 2.108980
0.083967 0.517629 2.048640
0.311536 0.685210 1.985320
0.329489 0.713924 1.941000
-0.226522 -0.007515 1.961800
-0.275523 -0.418405 1.950450
-0.304552 -0.704790 1.938740
-0.273643 -0.768020 1.923760
-0.112725 -0.007437 2.034440
-0.175683 -0.433427 2.061550
-0.205797 -0.720474 2.046970
-0.155949 -0.748375 1.981270
-0.186265 0.055539 2.006940
-0.223913 0.117938 2.050350
-0.271232 0.466948 2.053650
-0.237611 0.632315 2.074210
-0.336710 0.329321 1.955750
-0.386269 0.105212 1.891950
-0.347423 -0.108155 1.838860
-0.331013 -0.188485 1.824490
-0.098609 0.386428 2.112010
0.088054 0.505825 2.048320
0.305246 0.673766 1.985890
0.334721 0.701322 1.939180
-0.227286 -0.007689 1.961800
-0.275500 -0.418583 1.950930
-0.304515 -0.705035 1.939060
-0.263824 -0.747913 1.886390
-0.113596 -0.006676 2.034490
-0.175693 -0.433554 2.061700
-0.205842 -0.720658 2.046990
-0.157068 -0.748747 1.980380
-0.186645 0.056143 2.007270
-0.223865 0.117684 2.050600
-0.271256 0.466765 2.054120
-0.238113 0.632496 2.074700
-0.337685 0.329394 1.957000
-0.387672 0.104630 1.894720
-0.355768 -0.138157 1.847190
-0.334712 -0.196018 1.828730
-0.098546 0.388527 2.114550
0.091167 0.498216 2.049190
0.300648 0.666521 1.986560
0.327903 0.696536 1.944840
-0.227935 -0.007799 1.961840
-0.275479 -0.418768 1.951390
-0.304465 -0.705289 1.939380
-0.259836 -0.739649 1.870790
-0.114400 -0.005993 2.034470
-0.175679 -0.433588 2.061850
-0.205868 -0.720749 2.047010
-0.157964 -0.749043 1.979680
-0.186951 0.056706 2.007570
-0.223837 0.117503 2.050840
-0.271276 0.466583 2.054630
-0.238479 0.632704 2.075130
-0.338397 0.329433 1.957970
-0.388830 0.103886 1.897210
-0.362556 -0.134704 1.854170
-0.339584 -0.195746 1.833670
-0.098228 0.389793 2.116730
0.094142 0.492303 2.051230
0.296826 0.661903 1.987800
0.322647 0.695778 1.952090
-0.228453 -0.007866 1.961880
-0.275464 -0.418940 1.951810
-0.304401 -0.705537 1.939690
-0.257857 -0.735664 1.863270
-0.115060 -0.005420 2.034460
-0.175640 -0.433559 2.061990
-0.205877 -0.720777 2.047030
-0.158672 -0.749281 1.979150
-0.187224 0.057114 2.007770
-0.223840 0.117352 2.051030
-0.271266 0.466382 2.055170
-0.238625 0.632899 2.075510
-0.338914 0.329448 1.958720
-0.389720 0.103115 1.899320
-0.365090 -0.139401 1.856530
-0.342986 -0.198280 1.836970
-0.097821 0.390520 2.118560
0.096530 0.488123 2.053740
0.293872 0.658956 1.989280
0.319134 0.696767 1.958690
-0.228930 -0.007901 1.961950
-0.275454 -0.419100 1.952180
-0.304328 -0.705777 1.939970
-0.256498 -0.732971 1.858200
-0.115730 -0.004978 2.034290
-0.175594 -0.433541 2.062120
-0.205881 -0.720808 2.047060
-0.159246 -0.749506 1.978730
-0.187438 0.057444 2.007940
-0.223850 0.117232 2.051200
-0.271199 0.466151 2.055760
-0.238549 0.633118 2.075850
-0.339283 0.329442 1.959310
-0.390390 0.102485 1.901060
-0.368396 -0.131177 1.860430
-0.346995 -0.197222 1.840630
-0.097226 0.390725 2.120170
0.098701 0.485054 2.056670
0.291724 0.657121 1.991080
0.317061 0.698322 1.964330
-0.229319 -0.007916 1.962030
-0.275456 -0.419237 1.952480
-0.304259 -0.705995 1.940220
-0.255880 -0.731613 1.855490
-0.116269 -0.004653 2.034140
-0.175537 -0.433516 2.062240
-0.205884 -0.720830 2.047080
-0.159720 -0.749712 1.978410
-0.187621 0.057709 2.008070
-0.223871 0.117136 2.051350
-0.271072 0.465907 2.056390
-0.238392 0.633330 2.076150
-0.339533 0.329422 1.959830
-0.390848 0.102036 1.902560
-0.370200 -0.124470 1.862660
-0.350285 -0.196094 1.843510
-0.096581 0.390617 2.121570
0.100487 0.482958 2.059530
0.290192 0.656087 1.993110
0.316340 0.699859 1.969230
-0.229668 -0.007905 1.962100
-0.275465 -0.419360 1.952740
-0.304188 -0.706202 1.940450
-0.255988 -0.731644 1.855240
-0.116782 -0.004410 2.033940
-0.175468 -0.433494 2.062360
-0.205886 -0.720850 2.047100
-0.160119 -0.749909 1.978150
-0.187775 0.057911 2.008170
-0.223901 0.117053 2.051480
-0.270908 0.465675 2.057150
-0.238026 0.633552 2.076450
-0.339668 0.329405 1.960340
-0.391151 0.101633 1.903780
-0.371531 -0.110268 1.864890
-0.354908 -0.189439 1.847110
-0.095901 0.390269 2.122810
0.101823 0.481584 2.062140
0.289112 0.655585 1.995230
0.316232 0.701160 1.973180
-0.229997 -0.007904 1.962110
-0.275478 -0.419482 1.952960
-0.304115 -0.706410 1.940650
-0.256568 -0.732675 1.856690
-0.117215 -0.004293 2.033800
-0.175388 -0.433514 2.062490
-0.205887 -0.720881 2.047120
-0.160470 -0.750146 1.977950
-0.187904 0.058074 2.008240
-0.223937 0.116982 2.051600
-0.270667 0.465441 2.057980
-0.237496 0.633745 2.076730
-0.339722 0.329379 1.960780
-0.391338 0.101285 1.904750
-0.367159 -0.129849 1.859670
-0.356832 -0.196146 1.848310
-0.095214 0.389757 2.123960
0.102928 0.480707 2.064610
0.288430 0.655490 1.997350
0.316494 0.702228 1.976290
-0.230286 -0.007893 1.962100
-0.275498 -0.419593 1.953150
-0.304035 -0.706614 1.940850
-0.257268 -0.734132 1.858980
-0.117618 -0.004232 2.033640
-0.175299 -0.433541 2.062610
-0.205890 -0.720907 2.047140
-0.160776 -0.750381 1.977780
-0.187994 0.058188 2.008290
-0.223972 0.116916 2.051700
-0.270434 0.465242 2.058740
-0.236451 0.633973 2.077140
-0.339640 0.329415 1.961250
-0.391422 0.100999 1.905510
-0.364647 -0.140397 1.856700
-0.357215 -0.203489 1.848570
-0.094532 0.389085 2.125030
0.103890 0.480159 2.066930
0.288057 0.655634 1.999320
0.316899 0.703020 1.978590
-0.230499 -0.007894 1.962080
-0.275518 -0.419692 1.953310
-0.303952 -0.706805 1.941030
-0.257890 -0.735600 1.861390
-0.117895 -0.004242 2.033570
-0.175156 -0.433637 2.062770
-0.205893 -0.720971 2.047170
-0.161043 -0.750665 1.977660
-0.188061 0.058273 2.008340
-0.224003 0.116852 2.051800
-0.270176 0.465050 2.059500
-0.234916 0.634263 2.077740
-0.339502 0.329460 1.961690
-0.391426 0.100747 1.906130
-0.362982 -0.146434 1.854820
-0.357125 -0.206913 1.848590
-0.093869 0.388298 2.126030
0.104783 0.479876 2.069210
0.266408 0.636597 2.014540
0.313229 0.697103 1.985420
-0.230656 -0.007890 1.962070
-0.275536 -0.419789 1.953440
-0.303867 -0.706995 1.941190
-0.258392 -0.736934 1.863540
-0.118116 -0.004274 2.033500
-0.175046 -0.433723 2.062880
-0.205903 -0.721037 2.047190
-0.161281 -0.750940 1.977550
-0.188107 0.058332 2.008370
-0.224033 0.116781 2.051890
-0.269939 0.464879 2.060230
-0.233329 0.634487 2.078340
-0.339295 0.329506 1.962110
-0.391363 0.100581 1.906610
-0.361108 -0.128097 1.855260
-0.356204 -0.202822 1.848810
-0.093301 0.387408 2.126960
0.105568 0.479727 2.071260
0.254671 0.625929 2.022230
0.309016 0.690192 1.991270
-0.230762 -0.007887 1.962070
-0.275552 -0.419877 1.953560
-0.303770 -0.707179 1.941350
-0.258725 -0.738047 1.865380
-0.118294 -0.004324 2.033450
-0.174947 -0.433811 2.062980
-0.205925 -0.721110 2.047210
-0.161494 -0.751208 1.977470
-0.188132 0.058371 2.008400
-0.224051 0.116691 2.051990
-0.269729 0.464729 2.060910
-0.231980 0.634663 2.078830
-0.339038 0.329548 1.962510
-0.391195 0.100452 1.906990
-0.360123 -0.117562 1.855600
-0.354160 -0.198241 1.848360
-0.092864 0.386400 2.127820
0.105450 0.478751 2.074060
0.264743 0.630139 2.021130
0.308853 0.689212 1.992770
-0.230824 -0.007898 1.962040
-0.275564 -0.419957 1.953650
-0.303674 -0.707350 1.941480
-0.258940 -0.738945 1.866870
-0.118389 -0.004473 2.033510
-0.174834 -0.433976 2.063100
-0.205960 -0.721265 2.047230
-0.161686 -0.751538 1.977410
-0.188125 0.058372 2.008440
-0.224057 0.116562 2.052110
-0.269567 0.464610 2.061570
-0.230859 0.634798 2.079240
-0.338749 0.329580 1.962880
-0.390939 0.100356 1.907290
-0.355073 -0.124873 1.851750
-0.351174 -0.199427 1.846920
-0.092519 0.385337 2.128640
0.105058 0.477605 2.076700
0.272474 0.633495 2.019250
0.309469 0.688494 1.993080
-0.230830 -0.007949 1.961990
-0.275576 -0.420034 1.953730
-0.303578 -0.707520 1.941600
-0.259070 -0.739672 1.868050
-0.118391 -0.004762 2.033690
-0.174638 -0.434268 2.063300
-0.206009 -0.721518 2.047280
-0.161859 -0.751929 1.977380
-0.188079 0.058339 2.008500
-0.224043 0.116403 2.052240
-0.269421 0.464503 2.062190
-0.229918 0.634916 2.079580
-0.338432 0.329610 1.963240
-0.390599 0.100306 1.907520
-0.350888 -0.131713 1.848880
-0.347470 -0.201213 1.845010
-0.092279 0.384276 2.129390
0.104452 0.476252 2.078960
0.277956 0.635163 2.016960
0.311715 0.687034 1.991790
-0.230763 -0.008050 1.961880
-0.275584 -0.420110 1.953780
-0.303478 -0.707692 1.941700
-0.259133 -0.740263 1.868990
-0.118284 -0.005160 2.033990
-0.174423 -0.434621 2.063510
-0.206061 -0.721841 2.047340
-0.162008 -0.752354 1.977380
-0.187976 0.058247 2.008580
-0.223997 0.116191 2.052390
-0.269274 0.464403 2.062830
-0.229036 0.634987 2.079890
-0.338088 0.329644 1.963600
-0.390177 0.100329 1.907680
-0.347704 -0.136660 1.847000
-0.343299 -0.202866 1.842990
-0.092120 0.383199 2.130090
0.103781 0.474994 2.080610
0.282727 0.635422 2.013820
0.326510 0.684208 1.985470
-0.230623 -0.008201 1.961710
-0.275591 -0.420184 1.953810
-0.303379 -0.707860 1.941790
-0.259153 -0.740732 1.869710
-0.118093 -0.005641 2.034360
-0.174103 -0.435077 2.063790
-0.206117 -0.722229 2.047420
-0.162135 -0.752810 1.977400
-0.187833 0.058123 2.008660
-0.223928 0.115954 2.052550
-0.269148 0.464307 2.063440
-0.228179 0.634985 2.080210
-0.337738 0.329682 1.963980
-0.389705 0.100380 1.907780
-0.345642 -0.133408 1.846620
-0.340316 -0.202092 1.841560
-0.092030 0.382221 2.130700
0.102885 0.473503 2.081830
0.287142 0.633556 2.009020
0.336843 0.679746 1.979910
-0.230427 -0.008385 1.961520
-0.275584 -0.420288 1.953820
-0.303274 -0.708057 1.941860
-0.259150 -0.741142 1.870270
-0.117831 -0.006152 2.034790
-0.173754 -0.435556 2.064090
-0.206168 -0.722637 2.047490
-0.162244 -0.753269 1.977430
-0.187655 0.057970 2.008760
-0.223842 0.115697 2.052710
-0.269034 0.464210 2.064050
-0.227470 0.634964 2.080460
-0.337332 0.329751 1.964370
-0.389195 0.100447 1.907820
-0.344301 -0.129838 1.846610
-0.337763 -0.201083 1.840290
-0.091990 0.381343 2.131270
0.101852 0.471672 2.082550
0.290692 0.630403 2.004330
0.343872 0.674227 1.975550
-0.230162 -0.008600 1.961280
-0.275570 -0.420396 1.953810
-0.303172 -0.708247 1.941920
-0.259121 -0.741474 1.870710
-0.117548 -0.006648 2.035210
-0.173433 -0.436012 2.064360
-0.206218 -0.723052 2.047580
-0.162329 -0.753721 1.977480
-0.187442 0.057798 2.008860
-0.223735 0.115428 2.052870
-0.268939 0.464118 2.064690
-0.227064 0.634954 2.080620
-0.336941 0.329811 1.964750
-0.388657 0.100582 1.907810
-0.343400 -0.126517 1.846810
-0.335455 -0.200142 1.839160
-0.091995 0.380571 2.131770
0.100837 0.469689 2.082860
0.293903 0.625789 1.999590
0.351614 0.665516 1.970650
-0.229832 -0.008835 1.961010
-0.275552 -0.420503 1.953770
-0.303074 -0.708419 1.941960
-0.259083 -0.741732 1.871030
-0.117205 -0.007156 2.035690
-0.173128 -0.436458 2.064600
-0.206268 -0.723478 2.047680
-0.162402 -0.754172 1.977540
-0.187201 0.057612 2.008970
-0.223613 0.115151 2.053040
-0.268870 0.464027 2.065340
-0.226753 0.634939 2.080730
-0.336580 0.329861 1.965100
-0.388128 0.100734 1.907770
-0.342883 -0.123650 1.847120
-0.333392 -0.199214 1.838210
-0.092047 0.379888 2.132230
0.099846 0.467433 2.082750
0.297419 0.617328 1.992520
0.360692 0.654411 1.963190
-0.229460 -0.009078 1.960710
-0.275525 -0.420614 1.953710
-0.302982 -0.708581 1.941990
-0.259039 -0.741941 1.871280
-0.116841 -0.007634 2.036160
-0.172857 -0.436867 2.064820
-0.206313 -0.723890 2.047780
-0.162460 -0.754606 1.977620
-0.186949 0.057425 2.009070
-0.223485 0.114885 2.053200
-0.268805 0.463952 2.065950
-0.226307 0.634881 2.080850
-0.336258 0.329901 1.965430
-0.387626 0.100890 1.907710
-0.342595 -0.121230 1.847460
-0.331747 -0.198328 1.837450
-0.092124 0.379301 2.132670
0.099201 0.464900 2.082200
0.281314 0.582490 1.989140
0.348701 0.622511 1.961610
-0.229078 -0.009320 1.960410
-0.275490 -0.420737 1.953630
-0.302897 -0.708746 1.942010
-0.258990 -0.742124 1.871470
-0.116494 -0.008055 2.036580
-0.172604 -0.437239 2.065030
-0.206361 -0.724272 2.047870
-0.162509 -0.755012 1.977690
-0.186697 0.057235 2.009170
-0.223355 0.114619 2.053350
-0.268761 0.463881 2.066610
-0.225732 0.634736 2.080940
-0.335998 0.329924 1.965710
-0.387160 0.101043 1.907650
-0.340422 -0.127510 1.846370
-0.329843 -0.198939 1.836500
-0.092257 0.378757 2.133050
0.098788 0.461965 2.081150
0.273739 0.566867 1.988050
0.343919 0.607049 1.961210
-0.228707 -0.009554 1.960110
-0.275450 -0.420867 1.953530
-0.302819 -0.708910 1.942010
-0.258940 -0.742281 1.871620
-0.116176 -0.008428 2.036940
-0.172372 -0.437581 2.065210
-0.206406 -0.724634 2.047960
-0.162548 -0.755399 1.977770
-0.186444 0.057027 2.009250
-0.223225 0.114349 2.053490
-0.268734 0.463821 2.067190
-0.224922 0.634562 2.081060
-0.335776 0.329939 1.965950
-0.386750 0.101186 1.907570
-0.338668 -0.133455 1.845350
-0.328201 -0.199938 1.835650
-0.092438 0.378101 2.133380
0.098682 0.458792 2.079710
0.287107 0.562927 1.978950
0.348651 0.601430 1.958140
-0.228353 -0.009787 1.959800
-0.275406 -0.420998 1.953430
-0.302747 -0.709071 1.942010
-0.258890 -0.742420 1.871730
-0.115883 -0.008778 2.037250
-0.172164 -0.437915 2.065380
-0.206446 -0.725007 2.048050
-0.162578 -0.755789 1.977850
-0.186211 0.056824 2.009320
-0.223104 0.114087 2.053610
-0.268721 0.463757 2.067720
-0.224304 0.634395 2.081170
-0.335588 0.329949 1.966160
-0.386394 0.101314 1.907510
-0.339216 -0.131821 1.846020
-0.327380 -0.199829 1.835260
-0.092616 0.377528 2.133660
0.098593 0.455483 2.078210
0.295083 0.561729 1.974180
0.353734 0.598088 1.955740
-0.228022 -0.010025 1.959490
-0.275363 -0.421132 1.953320
-0.302680 -0.709231 1.942000
-0.258838 -0.742547 1.871810
-0.115627 -0.009100 2.037520
-0.171971 -0.438242 2.065530
-0.206485 -0.725382 2.048140
-0.162604 -0.756178 1.977940
-0.186005 0.056617 2.009370
-0.223000 0.113829 2.053710
-0.268728 0.463701 2.068180
-0.223662 0.634188 2.081260
-0.335428 0.329957 1.966350
-0.386089 0.101427 1.907440
-0.339241 -0.133704 1.846040
-0.326833 -0.199883 1.834980
-0.092811 0.376914 2.133890
0.098521 0.452475 2.076850
0.300437 0.561556 1.971370
0.358063 0.595906 1.953980
-0.227730 -0.010277 1.959130
-0.275316 -0.421279 1.953200
-0.302617 -0.709405 1.941990
-0.258786 -0.742676 1.871860
-0.115416 -0.009406 2.037740
-0.171787 -0.438581 2.065680
-0.206523 -0.725783 2.048240
-0.162625 -0.756581 1.978030
-0.185822 0.056425 2.009410
-0.222910 0.113589 2.053790
-0.268739 0.463650 2.068600
-0.222903 0.633942 2.081450
-0.335298 0.329963 1.966510
-0.385845 0.101546 1.907390
-0.339451 -0.135472 1.846040
-0.326457 -0.199964 1.834800
-0.093006 0.376319 2.134120
0.098648 0.449751 2.075610
0.304388 0.562021 1.969670
0.361342 0.594245 1.952670
-0.227477 -0.010513 1.958790
-0.275271 -0.421425 1.953080
-0.302559 -0.709581 1.941960
-0.258730 -0.742803 1.871910
-0.115238 -0.009681 2.037930
-0.171634 -0.438895 2.065790
-0.206560 -0.726171 2.048340
-0.162640 -0.756974 1.978130
-0.185662 0.056248 2.009430
-0.222833 0.113371 2.053860
-0.268753 0.463602 2.068960
-0.221998 0.633653 2.081720
-0.335194 0.329963 1.966650
-0.385661 0.101673 1.907350
-0.339891 -0.137179 1.846070
-0.326292 -0.200136 1.834730
-0.093185 0.375783 2.134330
0.098640 0.447034 2.074580
0.306803 0.562033 1.968640
0.364187 0.593015 1.951650
-0.227265 -0.010727 1.958480
-0.275231 -0.421559 1.952980
-0.302508 -0.709746 1.941940
-0.258676 -0.742920 1.871930
-0.115089 -0.009927 2.038080
-0.171520 -0.439177 2.065880
-0.206645 -0.726537 2.048350
-0.162685 -0.757343 1.978160
-0.185526 0.056082 2.009450
-0.222769 0.113167 2.053920
-0.268769 0.463560 2.069270
-0.221150 0.633324 2.081970
-0.335115 0.329955 1.966770
-0.385533 0.101780 1.907320
-0.340476 -0.138803 1.846070
-0.326432 -0.200488 1.834800
-0.093338 0.375305 2.134520
0.098513 0.444457 2.073790
0.281829 0.541816 1.981070
0.349019 0.579493 1.957580
-0.227098 -0.010924 1.958190
-0.275194 -0.421683 1.952880
-0.302462 -0.709903 1.941910
-0.258624 -0.743030 1.871950
-0.114969 -0.010150 2.038200
-0.171439 -0.439441 2.065950
-0.206733 -0.726893 2.048350
-0.162732 -0.757703 1.978190
-0.185419 0.055933 2.009460
-0.222726 0.112974 2.053960
-0.268829 0.463515 2.069560
-0.220039 0.632865 2.082230
-0.335064 0.329939 1.966860
-0.385440 0.101878 1.907290
-0.341504 -0.140812 1.846050
-0.326787 -0.201165 1.834980
-0.093477 0.374892 2.134690
0.098305 0.442129 2.073160
0.270988 0.533070 1.986500
0.341950 0.572460 1.960260
-0.226976 -0.011100 1.957930
-0.275155 -0.421799 1.952800
-0.302419 -0.710057 1.941890
-0.258574 -0.743138 1.871970
-0.114876 -0.010346 2.038290
-0.171420 -0.439686 2.065960
-0.206830 -0.727238 2.048330
-0.162787 -0.758051 1.978210
-0.185337 0.055796 2.009460
-0.222700 0.112797 2.054000
-0.268893 0.463476 2.069810
-0.218890 0.632437 2.082500
-0.335026 0.329924 1.966940
-0.385376 0.101999 1.907280
-0.353118 -0.121314 1.850700
-0.331465 -0.195506 1.837050
-0.093604 0.374511 2.134860
0.098151 0.440169 2.072640
0.265863 0.528677 1.989100
0.338253 0.568348 1.961620
-0.226893 -0.011259 1.957680
-0.275120 -0.421905 1.952720
-0.302379 -0.710203 1.941870
-0.258524 -0.743242 1.871980
-0.114810 -0.010527 2.038360
-0.171440 -0.439930 2.065930
-0.206930 -0.727575 2.048320
-0.162843 -0.758393 1.978230
-0.185279 0.055657 2.009450
-0.222698 0.112612 2.054030
-0.268987 0.463432 2.070050
-0.217737 0.632001 2.082730
-0.334999 0.329908 1.967020
-0.385348 0.102125 1.907280
-0.357318 -0.128002 1.850490
-0.332770 -0.196449 1.837690
-0.093746 0.374149 2.135020
0.097971 0.438497 2.072250
0.262998 0.525980 1.990520
0.336268 0.565796 1.962280
-0.226841 -0.011406 1.957450
-0.275091 -0.422004 1.952660
-0.302343 -0.710343 1.941850
-0.258472 -0.743344 1.871990
-0.114779 -0.010715 2.038420
-0.171555 -0.440221 2.065830
-0.207041 -0.727936 2.048290
-0.162903 -0.758751 1.978240
-0.185251 0.055536 2.009440
-0.222718 0.112445 2.054040
-0.269081 0.463393 2.070270
-0.216428 0.631521 2.082980
-0.334991 0.329892 1.967090
-0.385357 0.102271 1.907280
-0.359790 -0.133787 1.850110
-0.334541 -0.198197 1.838270
-0.093880 0.373684 2.135170
0.097855 0.437124 2.071950
0.289838 0.537390 1.977230
0.355520 0.572723 1.953750
-0.226836 -0.011491 1.957300
-0.275070 -0.422095 1.952590
-0.302310 -0.710478 1.941840
-0.258424 -0.743442 1.871990
-0.114816 -0.010877 2.038390
-0.171680 -0.440462 2.065720
-0.207134 -0.728229 2.048270
-0.162957 -0.759058 1.978250
-0.185251 0.055397 2.009420
-0.222768 0.112263 2.054060
-0.269217 0.463365 2.070480
-0.215353 0.631130 2.083160
-0.334998 0.329874 1.967150
-0.385395 0.102409 1.907290
-0.361132 -0.138451 1.849680
-0.336636 -0.200373 1.838720
-0.094012 0.373230 2.135310
0.097777 0.435807 2.071700
0.302633 0.543048 1.970880
0.365379 0.576084 1.949360
-0.226869 -0.011578 1.957160
-0.275053 -0.422179 1.952540
-0.302280 -0.710606 1.941820
-0.258378 -0.743537 1.871990
-0.114893 -0.011062 2.038350
-0.171859 -0.440738 2.065560
-0.207235 -0.728548 2.048240
-0.163016 -0.759385 1.978250
-0.185294 0.055213 2.009380
-0.222849 0.112054 2.054060
-0.269342 0.463339 2.070660
-0.214465 0.630848 2.083310
-0.335032 0.329864 1.967240
-0.385467 0.102541 1.907300
-0.361803 -0.142022 1.849270
-0.340873 -0.207473 1.838710
-0.094208 0.372543 2.135370
0.097676 0.434500 2.071490
0.308903 0.545754 1.967780
0.370757 0.577511 1.946890
-0.226947 -0.011652 1.957080
-0.275042 -0.422257 1.952490
-0.302253 -0.710732 1.941800
-0.269871 -0.768183 1.923780
-0.115154 -0.011312 2.038080
-0.172109 -0.441018 2.065360
-0.207335 -0.728852 2.048210
-0.163081 -0.759701 1.978250
-0.185375 0.054999 2.009320
-0.222958 0.111824 2.054050
-0.269467 0.463311 2.070820
-0.213820 0.630650 2.083410
-0.335091 0.329856 1.967330
-0.385592 0.102644 1.907300
-0.362047 -0.144859 1.848900
-0.343476 -0.210301 1.838930
-0.094398 0.371838 2.135380
0.097605 0.433257 2.071310
0.312593 0.547277 1.965950
0.373867 0.578097 1.945390
-0.227073 -0.011718 1.957050
-0.275036 -0.422360 1.952440
-0.302229 -0.710895 1.941790
-0.265983 -0.762163 1.907720
-0.115533 -0.011594 2.037640
-0.172360 -0.441283 2.065160
-0.207430 -0.729143 2.048170
-0.163150 -0.760008 1.978240
-0.185488 0.054764 2.009250
-0.223094 0.111581 2.054030
-0.269606 0.463284 2.070970
-0.213315 0.630500 2.083490
-0.335182 0.329849 1.967430
-0.385759 0.102729 1.907300
-0.362080 -0.147010 1.848560
-0.345340 -0.211900 1.839150
-0.094593 0.371138 2.135360
0.097532 0.431976 2.071180
0.315025 0.548187 1.964740
0.375922 0.578399 1.944390
-0.227249 -0.011781 1.957070
-0.275037 -0.422464 1.952400
-0.302208 -0.711063 1.941780
-0.263015 -0.757144 1.895060
-0.115969 -0.011864 2.037130
-0.172630 -0.441528 2.064960
-0.207519 -0.729407 2.048150
-0.163218 -0.760295 1.978240
-0.185637 0.054530 2.009170
-0.223255 0.111344 2.054000
-0.269732 0.463255 2.071080
-0.212930 0.630382 2.083540
-0.335293 0.329845 1.967530
-0.385960 0.102800 1.907300
-0.361984 -0.148622 1.848270
-0.346659 -0.212997 1.839270
-0.094775 0.370491 2.135350
0.097404 0.430273 2.071190
0.287877 0.527115 1.978600
0.352667 0.561501 1.953550
-0.227487 -0.011830 1.957140
-0.275041 -0.422559 1.952370
-0.302192 -0.711221 1.941780
-0.269575 -0.772754 1.933280
-0.116468 -0.012097 2.036570
-0.172934 -0.441742 2.064740
-0.207621 -0.729646 2.048080
-0.163296 -0.760558 1.978200
-0.185815 0.054269 2.009090
-0.223447 0.111086 2.053960
-0.269895 0.463225 2.071190
-0.212653 0.630291 2.083580
-0.335409 0.329838 1.967630
-0.386197 0.102834 1.907290
-0.361802 -0.149893 1.848020
-0.347608 -0.213791 1.839360
-0.094944 0.369883 2.135340
0.097285 0.428014 2.071410
0.272264 0.515168 1.986260
0.341265 0.552473 1.957580
-0.227744 -0.011899 1.957210
-0.275050 -0.422645 1.952340
-0.302181 -0.711366 1.941770
-0.273175 -0.780698 1.952280
-0.116919 -0.012361 2.036120
-0.173295 -0.442016 2.064510
-0.207728 -0.729944 2.048020
-0.163376 -0.760864 1.978170
-0.186063 0.053862 2.008990
-0.223706 0.110727 2.053930
-0.270111 0.463196 2.071320
-0.212457 0.630227 2.083610
-0.335541 0.329824 1.967710
-0.386476 0.102829 1.907260
-0.361614 -0.150819 1.847810
-0.348228 -0.214830 1.839270
-0.095149 0.369267 2.135330
0.097106 0.425131 2.071860
0.281098 0.513391 1.982880
0.346096 0.549952 1.954230
-0.228050 -0.012013 1.957360
-0.275064 -0.422734 1.952310
-0.302177 -0.711516 1.941760
-0.274892 -0.784315 1.960710
-0.117399 -0.012667 2.035630
-0.173746 -0.442336 2.064240
-0.207810 -0.730276 2.047990
-0.163434 -0.761195 1.978160
-0.186396 0.053254 2.008870
-0.224049 0.110217 2.053880
-0.270352 0.463158 2.071460
-0.212319 0.630178 2.083620
-0.335686 0.329797 1.967770
-0.386784 0.102794 1.907210
-0.361413 -0.151509 1.847630
-0.348623 -0.215258 1.839270
-0.095381 0.368571 2.135360
0.096991 0.421268 2.072670
0.289832 0.513472 1.979100
0.351691 0.547149 1.950830
-0.228426 -0.012212 1.957600
-0.275088 -0.422852 1.952290
-0.302179 -0.711704 1.941740
-0.275896 -0.786535 1.965760
-0.117909 -0.013047 2.035070
-0.174255 -0.442728 2.063940
-0.207879 -0.730687 2.047990
-0.163476 -0.761582 1.978180
-0.186847 0.052362 2.008710
-0.224532 0.109486 2.053800
-0.270655 0.463105 2.071630
-0.212218 0.630142 2.083630
-0.335843 0.329750 1.967810
-0.387114 0.102693 1.907150
-0.361204 -0.152024 1.847480
-0.348852 -0.215508 1.839270
-0.095669 0.367304 2.135460
0.096755 0.414972 2.074520
0.285433 0.502783 1.981690
0.349269 0.537549 1.951520
-0.228865 -0.012522 1.957870
-0.275119 -0.422980 1.952280
-0.302170 -0.711905 1.941750
-0.276679 -0.788140 1.969200
-0.118493 -0.013617 2.034440
-0.174803 -0.443283 2.063650
-0.207965 -0.731315 2.048020
-0.180873 -0.789317 2.038200
-0.187282 0.051490 2.008550
-0.225021 0.108751 2.053700
-0.270975 0.463046 2.071810
-0.212180 0.630139 2.083620
-0.336023 0.329673 1.967830
-0.387448 0.102533 1.907070
-0.360980 -0.152402 1.847350
-0.348925 -0.215597 1.839240
-0.095965 0.365943 2.135650
0.097078 0.405551 2.077480
0.291217 0.494923 1.978200
0.358328 0.528415 1.946570
-0.229288 -0.012846 1.958130
-0.275154 -0.423125 1.952270
-0.302163 -0.712126 1.941760
-0.277099 -0.789072 1.970890
-0.119020 -0.014167 2.033870
-0.175307 -0.443802 2.063490
-0.208024 -0.731946 2.048050
-0.188188 -0.801146 2.063910
-0.187669 0.050687 2.008420
-0.225503 0.108039 2.053610
-0.271310 0.462971 2.072010
-0.212167 0.630178 2.083610
-0.336213 0.329577 1.967810
-0.387809 0.102215 1.906920
-0.360753 -0.152678 1.847230
-0.348861 -0.215561 1.839210
-0.096271 0.364449 2.136110
0.100048 0.393379 2.080270
0.297450 0.485805 1.974100
0.370524 0.504047 1.938790
-0.229684 -0.013252 1.958290
-0.275193 -0.423303 1.952270
-0.302156 -0.712386 1.941770
-0.264041 -0.763660 1.909440
-0.119447 -0.014769 2.033500
-0.175821 -0.444458 2.063360
-0.208088 -0.732762 2.048120
-0.191860 -0.807433 2.077200
-0.188053 0.049884 2.008290
-0.226017 0.107304 2.053500
-0.271683 0.462885 2.072250
-0.212250 0.630265 2.083580
-0.336497 0.329344 1.967690
-0.388204 0.101673 1.906670
-0.360503 -0.152869 1.847110
-0.348678 -0.215422 1.839160
-0.096500 0.362559 2.136890
0.101733 0.375783 2.084380
0.306755 0.462800 1.965590
0.378918 0.477520 1.931620
-0.230100 -0.013737 1.958390
-0.275231 -0.423502 1.952280
-0.302157 -0.712667 1.941780
-0.266563 -0.769408 1.921620
-0.119855 -0.015468 2.033170
-0.176381 -0.445241 2.063250
-0.208171 -0.733721 2.048200
-0.194089 -0.811305 2.085320
-0.188406 0.049099 2.008170
-0.226534 0.106549 2.053380
-0.272142 0.462757 2.072580
-0.212360 0.630370 2.083550
-0.336878 0.328927 1.967380
-0.388715 0.100227 1.906050
-0.360207 -0.152969 1.846990
-0.348347 -0.215151 1.839060
-0.096774 0.360524 2.137780
0.104188 0.340569 2.090950
0.310239 0.416062 1.958780
0.380320 0.428304 1.922030
-0.230485 -0.014278 1.958430
-0.275264 -0.423782 1.952320
-0.302157 -0.713035 1.941800
-0.268261 -0.774355 1.932090
-0.120216 -0.016188 2.032920
-0.176925 -0.446052 2.063180
-0.208259 -0.734712 2.048300
-0.195683 -0.814019 2.091040
-0.188844 0.048051 2.007980
-0.227165 0.105579 2.053200
-0.272588 0.462600 2.072930
-0.212709 0.630538 2.083490
-0.337412 0.328222 1.966810
-0.389335 0.097892 1.905110
-0.359854 -0.152978 1.846840
-0.347845 -0.214747 1.838920
-0.097302 0.357425 2.138770
0.104873 0.316212 2.095120
0.310546 0.367300 1.951130
0.376237 0.374938 1.915400
-0.230985 -0.015136 1.958310
-0.275277 -0.424235 1.952420
-0.302163 -0.713582 1.941830
-0.270577 -0.779162 1.939790
-0.120670 -0.017237 2.032650
-0.177594 -0.447189 2.063140
-0.208406 -0.736050 2.048360
-0.196603 -0.815985 2.094840
-0.189299 0.046922 2.007800
-0.227856 0.104502 2.052990
-0.273106 0.462382 2.073370
-0.213232 0.630741 2.083400
-0.338119 0.327172 1.965960
-0.389944 0.095082 1.903980
-0.359465 -0.152928 1.846660
-0.347258 -0.214294 1.838730
-0.097903 0.353294 2.139970
0.101919 0.283936 2.100540
0.307836 0.304954 1.941640
0.368520 0.309041 1.908170
-0.231528 -0.016193 1.958110
-0.275362 -0.425174 1.952560
-0.302226 -0.714648 1.941860
-0.271255 -0.782885 1.946440
-0.121114 -0.018366 2.032420
-0.178245 -0.448393 2.063130
-0.208562 -0.737448 2.048430
-0.196840 -0.817229 2.096750
-0.189822 0.045640 2.007600
-0.228662 0.103276 2.052770
-0.273860 0.462119 2.073970
-0.213864 0.630965 2.083280
-0.338870 0.326013 1.965020
-0.390445 0.092546 1.902960
-0.359045 -0.152822 1.846460
-0.346585 -0.213789 1.838490
-0.098562 0.348717 2.141180
0.095779 0.247426 2.105610
0.302669 0.236645 1.932450
0.357545 0.236359 1.902950
-0.232127 -0.017492 1.957770
-0.275517 -0.426370 1.952660
-0.302303 -0.715972 1.941910
-0.272499 -0.786205 1.950440
-0.121638 -0.019797 2.032260
-0.178919 -0.449889 2.063160
-0.208762 -0.739149 2.048500
-0.196468 -0.817985 2.097180
-0.190395 0.044296 2.007350
-0.229539 0.101997 2.052470
-0.274541 0.461866 2.074500
-0.215057 0.631375 2.083010
-0.339543 0.324925 1.964120
-0.390827 0.090414 1.902110
-0.358537 -0.152659 1.846210
-0.345763 -0.213224 1.838110
-0.099199 0.342977 2.142630
0.086894 0.214669 2.109440
0.287734 0.161733 1.932010
0.339967 0.153046 1.902890
-0.232799 -0.018920 1.957240
-0.275698 -0.427686 1.952740
-0.302400 -0.717403 1.941960
-0.272993 -0.788443 1.953250
-0.122274 -0.021489 2.032100
-0.179591 -0.451619 2.063220
-0.209006 -0.741074 2.048590
-0.195666 -0.818420 2.096670
-0.190935 0.043035 2.007120
-0.230383 0.100784 2.052190
-0.275296 0.461605 2.075130
-0.216128 0.631720 2.082790
-0.340133 0.323965 1.963310
-0.391117 0.088744 1.901420
-0.357999 -0.152447 1.845910
-0.344915 -0.212636 1.837630
-0.099504 0.337066 2.144090
0.070381 0.171924 2.114350
0.260880 0.088814 1.944500
0.316132 0.069832 1.908270
-0.233411 -0.020262 1.956690
-0.275864 -0.428938 1.952830
-0.302490 -0.718750 1.942030
-0.273153 -0.789973 1.955280
-0.122873 -0.023175 2.031980
-0.180186 -0.453171 2.063260
-0.209681 -0.742972 2.047910
-0.194663 -0.818317 2.094580
-0.191393 0.041953 2.006920
-0.231121 0.099737 2.051930
-0.275961 0.461369 2.075670
-0.217081 0.631997 2.082590
-0.340654 0.323107 1.962590
-0.391343 0.087413 1.900860
-0.357255 -0.147310 1.845390
-0.344152 -0.212106 1.837130
-0.099846 0.332625 2.145220
0.061053 0.145166 2.114720
0.230019 0.014422 1.960730
0.284727 -0.020938 1.918940
-0.233917 -0.021433 1.956170
-0.276009 -0.430009 1.952910
-0.302574 -0.719894 1.942070
-0.273132 -0.791006 1.956820
-0.123379 -0.024642 2.031920
-0.180676 -0.454439 2.063290
-0.210363 -0.744554 2.047160
-0.193672 -0.817967 2.092090
-0.191814 0.040903 2.006720
-0.231802 0.098751 2.051670
-0.276624 0.461161 2.076190
-0.217988 0.632261 2.082390
-0.341094 0.322344 1.961940
-0.391506 0.086380 1.900410
-0.356605 -0.144525 1.844800
-0.343444 -0.211643 1.836620
-0.100292 0.329314 2.145970
0.042925 0.113330 2.113560
0.197147 -0.050467 1.981320
0.248609 -0.105519 1.941620
-0.234327 -0.022492 1.955670
-0.276154 -0.430952 1.952950
-0.302654 -0.720897 1.942110
-0.273214 -0.791804 1.957870
-0.123827 -0.025956 2.031890
-0.181145 -0.455617 2.063270
-0.210951 -0.745930 2.046570
-0.192745 -0.817619 2.089900
