0.144093 -0.450784 2.362230
0.140233 -0.396967 2.353510
0.122143 -0.128705 2.319710
0.137930 0.036599 2.306320
-0.007413 -0.209550 2.282030
-0.042364 -0.412379 2.222730
-0.040384 -0.568373 2.105240
-0.038451 -0.619698 2.069980
0.267966 -0.205830 2.374840
0.309222 -0.422502 2.368370
0.294165 -0.584218 2.163550
0.304952 -0.604569 2.099550
0.077343 -0.521771 2.340900
0.000643 -0.606327 1.980330
-0.033943 -0.837789 1.936890
-0.006860 -0.782449 1.975110
0.219449 -0.510483 2.395780
0.372335 -0.604580 2.064230
0.359838 -0.838234 2.033890
0.390227 -0.776520 2.010310
0.144242 -0.451088 2.362340
0.140423 -0.397291 2.353570
0.122549 -0.129115 2.319940
0.138037 0.036481 2.306340
-0.006913 -0.209892 2.281780
-0.042181 -0.412484 2.222590
-0.040393 -0.568498 2.105160
-0.038526 -0.619797 2.070000
0.268162 -0.206332 2.375010
0.309210 -0.422522 2.368700
0.292151 -0.585501 2.162520
0.289533 -0.639382 2.104890
0.077456 -0.521956 2.340970
0.000562 -0.606267 1.980490
-0.033987 -0.837723 1.936880
-0.007595 -0.778828 1.970870
0.219572 -0.510793 2.395930
0.371986 -0.604602 2.064200
0.359495 -0.838204 2.034000
0.389958 -0.776552 2.010220
0.144316 -0.451459 2.362400
0.140563 -0.397655 2.353610
0.122947 -0.129508 2.320180
0.138165 0.036346 2.306380
-0.006420 -0.210203 2.281560
-0.041991 -0.412476 2.222450
-0.040372 -0.568589 2.105170
-0.038587 -0.619893 2.070090
0.268410 -0.206922 2.375290
0.309237 -0.422513 2.369030
0.290794 -0.586317 2.161710
0.321790 -0.557145 2.087810
0.077479 -0.522175 2.340940
0.000517 -0.606245 1.980540
-0.034022 -0.837680 1.936850
-0.007399 -0.778270 1.970350
0.219542 -0.511347 2.396040
0.371716 -0.604599 2.064160
0.359240 -0.838153 2.034040
0.389707 -0.776511 2.010170
0.144405 -0.451828 2.362470
0.140712 -0.398013 2.353650
0.123322 -0.129861 2.320420
0.138268 0.036248 2.306430
-0.005939 -0.210489 2.281360
-0.041810 -0.412436 2.222340
-0.040342 -0.568657 2.105220
-0.038638 -0.619979 2.070200
0.268629 -0.207445 2.375540
0.309298 -0.422442 2.369360
0.290014 -0.586786 2.161260
0.340303 -0.510605 2.078820
0.077528 -0.522401 2.340910
0.000477 -0.606223 1.980590
-0.034048 -0.837635 1.936840
-0.007195 -0.777884 1.970020
0.219529 -0.511861 2.396170
0.371465 -0.604589 2.064140
0.359005 -0.838096 2.034030
0.389452 -0.776402 2.010200
0.144492 -0.452152 2.362540
0.140853 -0.398328 2.353690
0.123660 -0.130159 2.320640
0.138343 0.036190 2.306460
-0.005458 -0.210706 2.281200
-0.041649 -0.412332 2.222220
-0.040260 -0.568706 2.105340
-0.038649 -0.620070 2.070360
0.268826 -0.207901 2.375790
0.309268 -0.422482 2.369740
0.289485 -0.587139 2.160940
0.353483 -0.477036 2.073820
0.077588 -0.522581 2.340900
0.000457 -0.606206 1.980630
-0.034068 -0.837589 1.936830
-0.006944 -0.777638 1.969850
0.219521 -0.512295 2.396280
0.371234 -0.604594 2.064140
0.358805 -0.838057 2.033980
0.389234 -0.776305 2.010210
0.144582 -0.452467 2.362620
0.140994 -0.398632 2.353750
0.123994 -0.130432 2.320870
0.138643 0.036191 2.306580
-0.004950 -0.210889 2.281060
-0.041474 -0.411845 2.222090
-0.040075 -0.568593 2.105830
-0.038605 -0.620125 2.070820
0.268999 -0.208295 2.376020
0.309250 -0.422526 2.370100
0.289555 -0.587195 2.160970
0.359303 -0.464779 2.065550
0.077655 -0.522750 2.340880
0.000455 -0.606163 1.980670
-0.034082 -0.837500 1.936870
-0.006525 -0.777493 1.969970
0.219514 -0.512693 2.396390
0.371006 -0.604592 2.064150
0.358615 -0.838011 2.033930
0.389036 -0.776195 2.010260
0.144667 -0.452747 2.362690
0.141122 -0.398901 2.353810
0.124266 -0.130645 2.321070
0.138772 0.036260 2.306660
-0.004496 -0.211042 2.280940
-0.041326 -0.411494 2.221970
-0.039908 -0.568542 2.106230
-0.038558 -0.620206 2.071220
0.269146 -0.208633 2.376220
0.309219 -0.422592 2.370420
0.334098 -0.549131 2.193700
0.368168 -0.480611 2.046600
0.077728 -0.522906 2.340870
0.000482 -0.606050 1.980720
-0.034084 -0.837336 1.936970
-0.005996 -0.777349 1.970300
0.219512 -0.513032 2.396500
0.370794 -0.604588 2.064170
0.358452 -0.837961 2.033850
0.388777 -0.776038 2.010250
0.144764 -0.452967 2.362760
0.141250 -0.399107 2.353850
0.124467 -0.130743 2.321200
0.138756 0.036929 2.306780
-0.004080 -0.211160 2.280840
-0.041174 -0.411239 2.221920
-0.039803 -0.568478 2.106490
-0.038550 -0.620239 2.071480
0.269252 -0.208871 2.376390
0.309187 -0.422667 2.370750
0.322372 -0.559992 2.183960
0.366125 -0.482450 2.041580
0.077848 -0.523030 2.340870
0.000543 -0.605880 1.980790
-0.034065 -0.837116 1.937120
-0.005429 -0.777192 1.970740
0.219535 -0.513261 2.396580
0.370567 -0.604601 2.064190
0.358317 -0.837921 2.033670
0.388407 -0.775655 2.010610
0.144883 -0.453174 2.362820
0.141400 -0.399301 2.353900
0.124703 -0.130820 2.321330
0.138701 0.037517 2.306910
-0.003703 -0.211255 2.280760
-0.041017 -0.410983 2.221880
-0.039755 -0.568399 2.106710
-0.038584 -0.620252 2.071700
0.269342 -0.209061 2.376540
0.309148 -0.422742 2.371050
0.320367 -0.561663 2.182110
0.360346 -0.485285 2.044680
0.078003 -0.523148 2.340880
0.000640 -0.605717 1.980890
-0.034062 -0.836893 1.937290
-0.004930 -0.777081 1.971170
0.219575 -0.513461 2.396640
0.370360 -0.604617 2.064200
0.358201 -0.837881 2.033460
0.387914 -0.775164 2.011050
0.145002 -0.453361 2.362870
0.141548 -0.399478 2.353940
0.124938 -0.130901 2.321480
0.138773 0.037718 2.307020
-0.003368 -0.211334 2.280680
-0.040892 -0.410816 2.221860
-0.039716 -0.568354 2.106860
-0.038611 -0.620270 2.071870
0.269419 -0.209222 2.376660
0.309092 -0.422800 2.371360
0.316128 -0.565100 2.178760
0.354733 -0.487775 2.050400
0.078163 -0.523257 2.340890
0.000748 -0.605600 1.980980
-0.034054 -0.836709 1.937470
-0.004524 -0.777021 1.971530
0.219621 -0.513633 2.396700
0.370160 -0.604639 2.064210
0.358126 -0.837844 2.033100
0.387461 -0.774685 2.011430
0.145114 -0.453523 2.362920
0.141685 -0.399631 2.353980
0.125149 -0.130962 2.321610
0.138972 0.038038 2.307330
-0.003063 -0.211393 2.280620
-0.040762 -0.410688 2.221870
-0.039697 -0.568310 2.106970
-0.038650 -0.620273 2.071990
0.269484 -0.209372 2.376780
0.309075 -0.422854 2.371660
0.312158 -0.568305 2.175720
0.353087 -0.489666 2.049620
0.078319 -0.523350 2.340890
0.000907 -0.605506 1.981080
-0.034067 -0.836561 1.937580
-0.004277 -0.776984 1.971730
0.219666 -0.513778 2.396750
0.369972 -0.604658 2.064230
0.358164 -0.837774 2.032220
0.386830 -0.773884 2.012180
0.145222 -0.453663 2.362970
0.141818 -0.399762 2.354020
0.125391 -0.130987 2.321740
0.139227 0.038496 2.307800
-0.002792 -0.211439 2.280570
-0.040635 -0.410593 2.221870
-0.039682 -0.568276 2.107040
-0.038683 -0.620273 2.072070
0.269548 -0.209506 2.376890
0.309084 -0.422909 2.371920
0.306036 -0.573196 2.171100
0.350746 -0.491194 2.053960
0.078469 -0.523431 2.340900
0.001115 -0.605431 1.981190
-0.034068 -0.836434 1.937680
-0.004055 -0.776980 1.971940
0.219711 -0.513900 2.396790
0.369776 -0.604674 2.064240
0.358177 -0.837710 2.031500
0.386534 -0.773412 2.012600
0.145324 -0.453793 2.363010
0.141943 -0.399881 2.354050
0.125629 -0.131000 2.321860
0.139485 0.038829 2.308210
-0.002528 -0.211484 2.280520
-0.040508 -0.410452 2.221870
-0.039658 -0.568221 2.107140
-0.038712 -0.620268 2.072190
0.269606 -0.209619 2.376990
0.309088 -0.422949 2.372130
0.337163 -0.548053 2.197300
0.349114 -0.491943 2.057320
0.078611 -0.523505 2.340910
0.001359 -0.605412 1.981310
-0.034081 -0.836343 1.937750
-0.003862 -0.777058 1.972130
0.219753 -0.514015 2.396830
0.369592 -0.604685 2.064250
0.358176 -0.837646 2.030930
0.386288 -0.773035 2.012900
0.145409 -0.453907 2.363040
0.142052 -0.399986 2.354070
0.125848 -0.131004 2.321970
0.139740 0.039118 2.308650
-0.002292 -0.211522 2.280480
-0.040397 -0.410349 2.221870
-0.039629 -0.568174 2.107210
-0.038726 -0.620262 2.072260
0.269663 -0.209718 2.377070
0.309098 -0.422982 2.372310
0.348365 -0.539009 2.206740
0.348054 -0.492145 2.059430
0.078721 -0.523571 2.340900
0.001586 -0.605413 1.981420
-0.034093 -0.836268 1.937810
-0.003702 -0.777154 1.972280
0.219784 -0.514125 2.396860
0.369397 -0.604699 2.064270
0.358160 -0.837597 2.030530
0.386052 -0.772684 2.013260
0.145513 -0.454046 2.363080
0.142176 -0.400109 2.354110
0.126063 -0.131013 2.322080
0.140251 0.039068 2.309070
-0.002066 -0.211602 2.280430
-0.040301 -0.410273 2.221870
-0.039604 -0.568138 2.107250
-0.038737 -0.620258 2.072310
0.269746 -0.209858 2.377170
0.309100 -0.423008 2.372460
0.355018 -0.533610 2.212330
0.347155 -0.491966 2.062220
0.078843 -0.523664 2.340910
0.001802 -0.605384 1.981520
-0.034102 -0.836177 1.937860
-0.003548 -0.777228 1.972440
0.219843 -0.514275 2.396910
0.369179 -0.604717 2.064280
0.358131 -0.837560 2.030230
0.385785 -0.772350 2.013660
0.145611 -0.454172 2.363120
0.142292 -0.400220 2.354140
0.126256 -0.131019 2.322180
0.140758 0.039157 2.309490
-0.001837 -0.211668 2.280380
-0.040201 -0.410219 2.221870
-0.039574 -0.568110 2.107290
-0.038742 -0.620255 2.072350
0.269817 -0.209969 2.377250
0.309086 -0.423023 2.372600
0.321331 -0.562904 2.187500
0.346417 -0.491485 2.065450
0.078968 -0.523749 2.340920
0.002003 -0.605390 1.981620
-0.034108 -0.836113 1.937910
-0.003427 -0.777325 1.972580
0.219900 -0.514409 2.396960
0.368969 -0.604729 2.064300
0.358175 -0.837503 2.029770
0.385435 -0.771803 2.014530
0.145704 -0.454287 2.363150
0.142399 -0.400321 2.354170
0.126417 -0.131043 2.322280
0.141230 0.039130 2.309900
-0.001632 -0.211732 2.280340
-0.040094 -0.410187 2.221880
-0.039554 -0.568086 2.107300
-0.038749 -0.620252 2.072370
0.269882 -0.210070 2.377330
0.309068 -0.423033 2.372730
0.300821 -0.580170 2.172560
0.345947 -0.490971 2.068080
0.079088 -0.523830 2.340920
0.002194 -0.605411 1.981720
-0.034107 -0.836061 1.937960
-0.003314 -0.777425 1.972710
0.219959 -0.514528 2.397000
0.368765 -0.604743 2.064310
0.358164 -0.837469 2.029530
0.385202 -0.771501 2.014970
0.145792 -0.454390 2.363180
0.142502 -0.400414 2.354190
0.126589 -0.131077 2.322390
0.141759 0.038976 2.310260
-0.001448 -0.211791 2.280300
-0.039993 -0.410169 2.221880
-0.039540 -0.568070 2.107320
-0.038758 -0.620251 2.072390
0.269951 -0.210176 2.377400
0.309016 -0.423067 2.372880
0.292537 -0.587058 2.166370
0.345128 -0.489720 2.066810
0.079199 -0.523903 2.340920
0.002369 -0.605435 1.981830
-0.034118 -0.836006 1.938020
-0.003215 -0.777517 1.972830
0.220019 -0.514639 2.397040
0.368585 -0.604742 2.064330
0.358141 -0.837437 2.029370
0.385044 -0.771299 2.015250
0.145883 -0.454465 2.363210
0.142608 -0.400488 2.354220
0.126769 -0.131119 2.322510
0.142628 0.038711 2.310910
-0.001277 -0.211848 2.280260
-0.039891 -0.410137 2.221870
-0.039531 -0.568051 2.107320
-0.038771 -0.620246 2.072410
0.270018 -0.210274 2.377470
0.308875 -0.423214 2.373110
0.288022 -0.590889 2.162950
0.344536 -0.488183 2.064170
0.079312 -0.523955 2.340910
0.002530 -0.605466 1.981920
-0.034130 -0.835960 1.938080
-0.003134 -0.777611 1.972930
0.220085 -0.514722 2.397070
0.368418 -0.604737 2.064340
0.358112 -0.837408 2.029250
0.384962 -0.771182 2.015410
0.145971 -0.454529 2.363230
0.142709 -0.400552 2.354240
0.126929 -0.131159 2.322620
0.143216 0.038699 2.311340
-0.001119 -0.211897 2.280230
-0.039762 -0.409999 2.221830
-0.039481 -0.567979 2.107370
-0.038767 -0.620224 2.072470
0.270080 -0.210363 2.377530
0.308771 -0.423308 2.373300
0.284913 -0.593506 2.160610
0.344359 -0.487815 2.064070
0.079429 -0.523998 2.340900
0.002680 -0.605499 1.982020
-0.034146 -0.835915 1.938140
-0.003055 -0.777705 1.973020
0.220152 -0.514792 2.397090
0.368260 -0.604729 2.064350
0.358083 -0.837380 2.029150
0.384904 -0.771096 2.015520
0.146058 -0.454582 2.363250
0.142803 -0.400607 2.354250
0.127049 -0.131201 2.322720
0.143571 0.038638 2.311640
-0.000980 -0.211941 2.280210
-0.039627 -0.409893 2.221800
-0.039445 -0.567920 2.107390
-0.038770 -0.620205 2.072500
0.270138 -0.210446 2.377580
0.308701 -0.423377 2.373470
0.283149 -0.594859 2.159340
0.344279 -0.487545 2.064020
0.079549 -0.524035 2.340880
0.002805 -0.605538 1.982110
-0.034152 -0.835879 1.938210
-0.002988 -0.777785 1.973100
0.220232 -0.514850 2.397130
0.368102 -0.604719 2.064370
0.358055 -0.837354 2.029070
0.384855 -0.771027 2.015610
0.146143 -0.454629 2.363260
0.142892 -0.400657 2.354270
0.127141 -0.131247 2.322810
0.143962 0.038449 2.312060
-0.000856 -0.211986 2.280180
-0.039504 -0.409832 2.221770
-0.039417 -0.567874 2.107390
-0.038774 -0.620192 2.072510
0.270191 -0.210521 2.377620
0.308685 -0.423421 2.373560
0.283284 -0.594532 2.158760
0.344400 -0.487046 2.062570
0.079667 -0.524072 2.340870
0.002917 -0.605552 1.982200
-0.034157 -0.835832 1.938280
-0.002913 -0.777875 1.973210
0.220321 -0.514904 2.397150
0.367949 -0.604715 2.064370
0.358025 -0.837334 2.029010
0.384815 -0.770976 2.015680
0.146218 -0.454672 2.363270
0.142971 -0.400703 2.354280
0.127221 -0.131291 2.322880
0.144315 0.038243 2.312440
-0.000745 -0.212030 2.280150
-0.039379 -0.409804 2.221740
-0.039387 -0.567829 2.107360
-0.038781 -0.620176 2.072510
0.270240 -0.210594 2.377660
0.308702 -0.423433 2.373640
0.333643 -0.551039 2.195730
0.344598 -0.486741 2.060890
0.079760 -0.524104 2.340850
0.003015 -0.605560 1.982270
-0.034153 -0.835781 1.938360
-0.002839 -0.777948 1.973320
0.220400 -0.514953 2.397160
0.367803 -0.604713 2.064380
0.357997 -0.837315 2.028950
0.384777 -0.770944 2.015690
0.146287 -0.454712 2.363280
0.143044 -0.400745 2.354290
0.127288 -0.131332 2.322950
0.144536 0.038054 2.312680
-0.000644 -0.212071 2.280120
-0.039261 -0.409786 2.221710
-0.039359 -0.567780 2.107320
-0.038789 -0.620156 2.072500
0.270281 -0.210647 2.377690
0.308766 -0.423403 2.373710
0.369027 -0.527847 2.218580
0.344783 -0.486393 2.058690
0.079848 -0.524136 2.340840
0.003095 -0.605564 1.982340
-0.034140 -0.835727 1.938440
-0.002766 -0.778010 1.973420
0.220475 -0.514998 2.397170
0.367518 -0.604793 2.064360
0.357827 -0.837366 2.029080
0.384676 -0.771151 2.015530
0.146331 -0.454740 2.363280
0.143091 -0.400776 2.354290
0.127339 -0.131366 2.323000
0.144661 0.037907 2.312820
-0.000574 -0.212102 2.280100
-0.039124 -0.409814 2.221700
-0.039335 -0.567735 2.107220
-0.038809 -0.620126 2.072450
0.270318 -0.210694 2.377710
0.309047 -0.423147 2.373830
0.384639 -0.517470 2.229200
0.344910 -0.486596 2.058900
0.079896 -0.524158 2.340820
0.003147 -0.605576 1.982390
-0.034125 -0.835691 1.938500
-0.002709 -0.778076 1.973510
0.220528 -0.515035 2.397170
0.367153 -0.604990 2.064360
0.357476 -0.837568 2.029470
0.384480 -0.771708 2.015200
0.146330 -0.454773 2.363260
0.143112 -0.400804 2.354280
0.127383 -0.131398 2.323050
0.144725 0.037738 2.312920
-0.000514 -0.212133 2.280080
-0.038993 -0.409850 2.221680
-0.039317 -0.567700 2.107150
-0.038832 -0.620102 2.072410
0.270354 -0.210735 2.377730
0.309454 -0.422786 2.373920
0.393934 -0.511246 2.234860
0.344723 -0.489678 2.062680
0.079810 -0.524178 2.340750
0.003192 -0.605591 1.982410
-0.034110 -0.835665 1.938530
-0.002668 -0.778154 1.973580
0.220490 -0.515112 2.397100
0.366889 -0.605163 2.064340
0.357219 -0.837743 2.029810
0.384314 -0.772186 2.014890
0.146194 -0.454776 2.363150
0.143071 -0.400820 2.354230
0.127420 -0.131427 2.323090
0.144761 0.037655 2.313000
-0.000461 -0.212160 2.280060
-0.038868 -0.409902 2.221670
-0.039294 -0.567666 2.107050
-0.038851 -0.620074 2.072350
0.270389 -0.210766 2.377760
0.310242 -0.422147 2.373980
0.327803 -0.557011 2.185110
0.344639 -0.491707 2.065310
0.079348 -0.524093 2.340490
0.003268 -0.605641 1.982370
-0.034092 -0.835649 1.938540
-0.002645 -0.778252 1.973630
0.220264 -0.515174 2.396870
0.366522 -0.605474 2.064310
0.356730 -0.838162 2.030680
0.384074 -0.773138 2.014480
0.145859 -0.454746 2.362940
0.142941 -0.400820 2.354130
0.127466 -0.131452 2.323120
0.144805 0.037604 2.313060
-0.000411 -0.212178 2.280050
-0.038783 -0.409909 2.221660
-0.039256 -0.567613 2.106990
-0.038853 -0.620044 2.072320
0.270429 -0.210796 2.377780
0.311395 -0.421291 2.373970
0.349110 -0.539259 2.199850
0.344679 -0.492369 2.063780
0.078449 -0.523869 2.340060
0.003367 -0.605725 1.982250
-0.034068 -0.835639 1.938540
-0.002635 -0.778378 1.973660
0.219657 -0.515271 2.396460
0.366283 -0.605687 2.064330
0.356459 -0.838412 2.031220
0.383895 -0.773740 2.014140
0.145508 -0.454731 2.362720
0.142793 -0.400829 2.354020
0.127529 -0.131488 2.323170
0.144858 0.037554 2.313130
-0.000363 -0.212195 2.280030
-0.038705 -0.409916 2.221660
-0.039214 -0.567554 2.106920
-0.038853 -0.620006 2.072290
0.270481 -0.210838 2.377810
0.312765 -0.420396 2.373880
0.350551 -0.536805 2.200210
0.344776 -0.492623 2.061170
0.077600 -0.523674 2.339650
0.003459 -0.605818 1.982130
-0.034042 -0.835633 1.938530
-0.002624 -0.778534 1.973700
0.219031 -0.515408 2.396020
0.366106 -0.605859 2.064330
0.356119 -0.838661 2.032060
0.383690 -0.774385 2.013810
0.145148 -0.454740 2.362500
0.142626 -0.400848 2.353900
0.127589 -0.131523 2.323200
0.144904 0.037511 2.313170
-0.000318 -0.212210 2.280020
-0.038629 -0.409935 2.221660
-0.039137 -0.567484 2.106820
-0.038832 -0.619956 2.072220
0.270540 -0.210889 2.377840
0.315208 -0.419085 2.373810
0.354360 -0.531390 2.202490
0.346086 -0.495356 2.073290
0.076831 -0.523524 2.339270
0.003548 -0.605882 1.981990
-0.034013 -0.835618 1.938510
-0.002594 -0.778690 1.973760
0.218414 -0.515613 2.395630
0.365964 -0.606008 2.064350
0.355899 -0.838840 2.032630
0.383537 -0.774839 2.013570
0.144809 -0.454761 2.362280
0.142454 -0.400871 2.353770
0.127621 -0.131538 2.323230
0.144932 0.037528 2.313230
-0.000276 -0.212220 2.280010
-0.038554 -0.409957 2.221650
-0.039033 -0.567403 2.106680
-0.038793 -0.619893 2.072130
0.270600 -0.210919 2.377890
0.318988 -0.416993 2.373600
0.361315 -0.523409 2.204500
0.346665 -0.496812 2.080250
0.076196 -0.523407 2.338940
0.003638 -0.605942 1.981860
-0.033989 -0.835592 1.938450
-0.002582 -0.778875 1.973780
0.217872 -0.515822 2.395230
0.365869 -0.606081 2.064350
0.355791 -0.838904 2.032930
0.383479 -0.775053 2.013450
0.144467 -0.454817 2.362070
0.142271 -0.400914 2.353640
0.127682 -0.131567 2.323270
0.144974 0.037519 2.313280
-0.000227 -0.212226 2.280000
-0.038479 -0.409982 2.221640
-0.038968 -0.567352 2.106590
-0.038775 -0.619852 2.072070
0.270694 -0.210949 2.377980
0.331207 -0.412951 2.371270
0.369587 -0.516408 2.203770
0.346902 -0.497614 2.085820
0.075608 -0.523336 2.338660
0.003744 -0.605989 1.981720
-0.033965 -0.835559 1.938390
-0.002566 -0.779023 1.973810
0.217330 -0.516100 2.394850
0.365805 -0.606124 2.064350
0.355729 -0.838913 2.033140
0.383441 -0.775180 2.013380
0.144022 -0.454922 2.361820
0.142018 -0.400989 2.353490
0.127744 -0.131595 2.323320
0.145090 0.037474 2.313310
-0.000177 -0.212230 2.280000
-0.038409 -0.410008 2.221630
-0.038908 -0.567312 2.106510
-0.038757 -0.619817 2.072020
0.270889 -0.211196 2.378120
0.345178 -0.403903 2.369550
0.362329 -0.485054 2.181110
0.381890 -0.501101 2.145010
0.074925 -0.523280 2.338370
0.003888 -0.606053 1.981530
-0.033944 -0.835528 1.938320
-0.002550 -0.779239 1.973860
0.216594 -0.516555 2.394390
0.365760 -0.606146 2.064340
0.355704 -0.838873 2.033320
0.383417 -0.775184 2.013400
0.143578 -0.455040 2.361580
0.141755 -0.401073 2.353330
0.127824 -0.131628 2.323370
0.145163 0.037437 2.313320
-0.000128 -0.212233 2.279990
-0.038344 -0.410036 2.221630
-0.038864 -0.567275 2.106440
-0.038747 -0.619783 2.071970
0.271095 -0.211456 2.378260
0.369668 -0.381277 2.367060
0.368138 -0.471012 2.181190
0.387852 -0.501522 2.156980
0.074251 -0.523247 2.338080
0.004056 -0.606178 1.981340
-0.033927 -0.835515 1.938230
-0.002583 -0.779534 1.973930
0.215908 -0.517014 2.393950
0.365727 -0.606153 2.064330
0.355693 -0.838799 2.033490
0.383401 -0.775166 2.013420
0.143193 -0.455150 2.361370
0.141519 -0.401152 2.353190
0.127943 -0.131662 2.323460
0.145245 0.037401 2.313320
-0.000081 -0.212235 2.279990
-0.038281 -0.410065 2.221620
-0.038818 -0.567233 2.106360
-0.038736 -0.619740 2.071910
0.271330 -0.211707 2.378400
0.383945 -0.368735 2.364810
0.367473 -0.462618 2.178870
0.376908 -0.500578 2.155050
0.073683 -0.523227 2.337850
0.004207 -0.606272 1.981170
-0.033909 -0.835493 1.938150
-0.002617 -0.779817 1.974030
0.215375 -0.517428 2.393560
0.365701 -0.606155 2.064310
0.355670 -0.838707 2.033700
0.383384 -0.775175 2.013430
0.142855 -0.455255 2.361180
0.141301 -0.401227 2.353060
0.128034 -0.131647 2.323530
0.145142 0.037517 2.313110
-0.000037 -0.212234 2.279980
-0.038207 -0.410117 2.221600
-0.038734 -0.567198 2.106230
-0.038698 -0.619697 2.071810
0.271696 -0.211892 2.378560
0.395544 -0.358747 2.362060
0.367330 -0.455505 2.179350
0.370301 -0.497138 2.156040
0.073222 -0.523229 2.337670
0.004359 -0.606368 1.981030
-0.033899 -0.835477 1.938100
-0.004809 -0.778086 1.971580
0.214946 -0.517827 2.393230
0.365652 -0.606164 2.064280
0.355699 -0.838656 2.033750
0.383357 -0.775060 2.013550
0.142595 -0.455326 2.361020
0.141125 -0.401283 2.352940
0.128146 -0.131632 2.323610
0.145104 0.037585 2.312910
0.000026 -0.212255 2.279960
-0.038123 -0.410193 2.221560
-0.038627 -0.567188 2.106080
-0.038646 -0.619669 2.071700
0.272414 -0.211968 2.378780
0.407455 -0.348469 2.356270
0.367380 -0.450474 2.179490
0.363402 -0.493254 2.154040
0.072853 -0.523228 2.337530
0.004488 -0.606449 1.980910
-0.033890 -0.835465 1.938070
-0.007730 -0.775382 1.967620
0.214661 -0.518140 2.392920
0.365544 -0.606222 2.064160
0.355864 -0.838635 2.033590
0.383275 -0.774835 2.013840
0.142382 -0.455382 2.360860
0.140977 -0.401329 2.352820
0.128297 -0.131606 2.323700
0.145130 0.037627 2.312670
0.000146 -0.212292 2.279920
-0.038013 -0.410305 2.221490
-0.038516 -0.567190 2.105880
-0.038592 -0.619640 2.071560
0.273269 -0.211966 2.379010
0.418588 -0.338155 2.350140
0.369255 -0.445650 2.180050
0.348938 -0.478178 2.152610
0.072558 -0.523224 2.337420
0.004620 -0.606535 1.980810
-0.033882 -0.835456 1.938050
-0.008382 -0.774854 1.966830
0.214447 -0.518433 2.392580
0.365414 -0.606379 2.063990
0.356123 -0.838723 2.033270
0.383153 -0.774657 2.014160
0.142220 -0.455395 2.360690
0.140867 -0.401342 2.352700
0.128585 -0.131548 2.323820
0.145189 0.037663 2.312410
0.000295 -0.212327 2.279840
-0.037778 -0.410558 2.221380
-0.038458 -0.567232 2.105580
-0.038599 -0.619621 2.071320
0.274821 -0.211567 2.379340
0.427526 -0.329309 2.344360
0.372539 -0.439165 2.179640
0.342127 -0.468566 2.151470
0.072322 -0.523205 2.337310
0.004757 -0.606618 1.980710
-0.033876 -0.835447 1.938030
-0.008747 -0.774669 1.966570
0.214320 -0.518671 2.392180
0.365254 -0.606958 2.063710
0.356440 -0.839169 2.032870
0.382948 -0.774687 2.014470
0.142074 -0.455338 2.360480
0.140769 -0.401314 2.352550
0.128881 -0.131486 2.323950
0.145346 0.037666 2.312150
0.000467 -0.212359 2.279730
-0.037497 -0.410898 2.221240
-0.038427 -0.567311 2.105200
-0.038636 -0.619614 2.071010
0.276474 -0.210998 2.379610
0.436097 -0.321203 2.336180
0.374681 -0.432269 2.177360
0.337995 -0.463990 2.151860
0.072103 -0.523145 2.337190
0.004944 -0.606664 1.980590
-0.033900 -0.835389 1.937950
-0.009673 -0.773215 1.964080
0.214260 -0.518836 2.391700
0.365124 -0.607724 2.063380
0.356837 -0.839801 2.032370
0.382711 -0.774790 2.014790
0.141958 -0.455244 2.360230
0.140688 -0.401261 2.352380
0.129174 -0.131438 2.324060
0.145716 0.037539 2.311810
0.000746 -0.212429 2.279500
-0.037165 -0.411272 2.221080
-0.038424 -0.567402 2.104810
-0.038708 -0.619615 2.070680
0.278410 -0.209958 2.379740
0.449525 -0.300679 2.331540
0.381465 -0.413063 2.180140
0.334968 -0.428188 2.156310
0.071919 -0.523075 2.337080
0.005134 -0.606678 1.980470
-0.033911 -0.835327 1.937900
-0.010611 -0.771571 1.961480
0.214273 -0.518939 2.391180
0.364714 -0.612294 2.063410
0.356724 -0.841942 2.032800
0.381121 -0.778492 2.015810
0.141885 -0.454963 2.359860
0.140628 -0.401092 2.352100
0.129436 -0.131400 2.324120
0.146225 0.037428 2.311530
0.001061 -0.212480 2.279220
-0.036788 -0.411627 2.220910
-0.038100 -0.567418 2.104160
-0.038538 -0.619531 2.070120
0.280542 -0.208457 2.379750
0.455631 -0.291265 2.329130
0.389749 -0.390843 2.175180
0.335052 -0.412730 2.158600
0.071761 -0.522917 2.336940
0.005349 -0.606642 1.980340
-0.033943 -0.835214 1.937840
-0.010762 -0.771100 1.960850
0.214424 -0.518865 2.390490
0.364516 -0.616816 2.063500
0.356040 -0.844679 2.034060
0.379176 -0.783328 2.016900
0.141910 -0.454678 2.359510
0.140654 -0.400897 2.351820
0.129935 -0.131271 2.324140
0.147217 0.037368 2.311270
0.001588 -0.212537 2.278800
-0.036415 -0.411806 2.220750
-0.037895 -0.567383 2.103790
-0.038447 -0.619455 2.069810
0.282494 -0.206901 2.379570
0.459392 -0.285178 2.327140
0.390601 -0.372623 2.156100
0.332960 -0.400942 2.155570
0.071696 -0.522760 2.336840
0.005611 -0.606541 1.980260
-0.033988 -0.835047 1.937820
-0.010195 -0.771034 1.961290
0.214676 -0.518737 2.389800
0.364702 -0.620702 2.063770
0.324120 -0.841647 2.090470
0.365070 -0.798927 2.034710
0.142002 -0.454424 2.359210
0.140760 -0.400711 2.351560
0.131158 -0.131096 2.324050
0.148488 0.037354 2.311060
0.002560 -0.212473 2.278170
-0.035981 -0.411963 2.220600
-0.037127 -0.567194 2.103150
-0.037942 -0.619242 2.069240
0.284285 -0.205437 2.379250
0.462095 -0.280453 2.325590
0.398256 -0.349781 2.107960
0.340777 -0.379242 2.108650
0.071694 -0.522599 2.336800
0.005995 -0.606356 1.980230
-0.034050 -0.834804 1.937840
-0.010469 -0.770198 1.960810
0.214945 -0.518608 2.389190
0.364842 -0.625329 2.064420
0.317986 -0.845710 2.099640
0.363247 -0.802569 2.036190
0.142164 -0.454141 2.358930
0.140943 -0.400490 2.351310
0.132486 -0.130935 2.323910
0.150240 0.037319 2.310830
0.003750 -0.212410 2.277460
-0.035470 -0.412112 2.220410
-0.034822 -0.566839 2.102160
-0.036191 -0.618855 2.068330
0.285954 -0.204062 2.378840
0.464136 -0.276153 2.324000
0.424673 -0.317219 2.062990
0.400070 -0.337916 2.010120
0.071768 -0.522408 2.336770
0.006416 -0.606104 1.980230
-0.034128 -0.834493 1.937870
-0.011354 -0.768596 1.959700
0.215234 -0.518412 2.388710
0.364990 -0.629616 2.065430
0.314175 -0.849969 2.104820
0.362182 -0.805304 2.036750
0.142367 -0.453868 2.358680
0.141182 -0.400262 2.351060
0.133926 -0.130769 2.323730
0.152340 0.037363 2.310540
0.005409 -0.212369 2.276570
-0.034799 -0.412289 2.220200
-0.032038 -0.566309 2.100840
-0.033891 -0.618264 2.067040
0.287403 -0.202872 2.378420
0.465303 -0.272796 2.321840
0.459959 -0.267949 2.058890
0.469460 -0.278409 1.964020
0.071909 -0.522204 2.336760
0.006849 -0.605830 1.980260
-0.034231 -0.834140 1.937920
-0.012249 -0.767053 1.958610
0.215516 -0.518203 2.388300
0.365085 -0.632629 2.066210
0.312430 -0.853963 2.106470
0.362051 -0.807165 2.036240
0.142644 -0.453608 2.358470
0.141555 -0.400019 2.350820
0.136287 -0.130409 2.323500
0.154945 0.037238 2.310130
0.007164 -0.212372 2.275690
-0.033997 -0.412541 2.219950
-0.029690 -0.565810 2.099450
-0.031764 -0.617630 2.065590
0.288661 -0.201872 2.377930
0.463965 -0.269516 2.312950
0.521825 -0.236935 2.054680
0.558396 -0.221752 1.919450
0.072135 -0.521999 2.336770
0.007320 -0.605530 1.980310
-0.034359 -0.833748 1.937990
-0.013155 -0.765552 1.957470
0.215794 -0.517986 2.387950
0.365177 -0.635784 2.067250
0.325757 -0.863438 2.089090
0.364458 -0.807895 2.031840
0.142970 -0.453329 2.358260
0.141999 -0.399729 2.350570
0.138405 -0.129898 2.323230
0.157797 0.037766 2.309820
0.008817 -0.212377 2.274910
-0.033176 -0.412757 2.219710
-0.027877 -0.565328 2.098250
-0.029964 -0.616993 2.064220
0.289836 -0.200919 2.377270
0.458821 -0.264656 2.276610
0.576420 -0.216749 2.067460
0.623495 -0.203862 1.995140
0.072417 -0.521771 2.336790
0.007822 -0.605216 1.980390
-0.034512 -0.833321 1.938050
-0.014215 -0.764006 1.956120
0.216120 -0.517657 2.387600
0.365247 -0.637998 2.068030
0.326352 -0.865816 2.088440
0.364730 -0.809187 2.030980
0.143324 -0.453034 2.358060
0.142499 -0.399398 2.350330
0.140520 -0.129299 2.322940
0.160507 0.038481 2.309570
0.010374 -0.212259 2.274200
-0.032210 -0.412899 2.219560
-0.025876 -0.564561 2.097000
-0.027887 -0.616061 2.062680
0.290962 -0.200140 2.376360
0.457149 -0.262289 2.255690
0.599600 -0.213921 2.080450
0.683262 -0.175056 2.002970
0.072752 -0.521506 2.336820
0.008319 -0.604913 1.980490
-0.034692 -0.832881 1.938100
-0.014972 -0.762818 1.955040
0.216422 -0.517292 2.387300
0.365271 -0.639775 2.068730
0.334848 -0.870438 2.076240
0.366970 -0.808790 2.027380
0.143889 -0.452612 2.357870
0.143224 -0.398947 2.350100
0.142485 -0.128765 2.322730
0.163263 0.039002 2.309590
0.011862 -0.212077 2.273590
-0.031172 -0.413047 2.219440
-0.023500 -0.563703 2.095720
-0.025336 -0.614995 2.061030
0.292050 -0.199316 2.375410
0.456951 -0.260764 2.244310
0.614290 -0.219180 2.090220
0.708087 -0.185327 2.022520
0.073306 -0.521140 2.336870
0.008757 -0.604642 1.980630
-0.034883 -0.832451 1.938120
-0.015504 -0.761907 1.954120
0.216875 -0.516694 2.387000
0.365240 -0.641262 2.069390
0.339440 -0.873325 2.069400
0.368690 -0.808445 2.024590
0.144499 -0.452156 2.357680
0.143999 -0.398468 2.349860
0.144335 -0.128330 2.322550
0.165752 0.039488 2.309870
0.013144 -0.211856 2.273090
-0.030207 -0.413166 2.219340
-0.021895 -0.563095 2.094810
-0.023454 -0.614169 2.059750
0.293180 -0.198415 2.374000
0.456817 -0.259798 2.237870
0.623968 -0.227480 2.099780
0.736404 -0.209953 2.026340
0.073885 -0.520751 2.336900
0.009185 -0.604379 1.980760
-0.035071 -0.832024 1.938130
-0.014611 -0.762244 1.955600
0.217340 -0.516024 2.386710
0.365235 -0.642232 2.069840
0.342109 -0.874971 2.065440
0.369968 -0.808231 2.022410
0.145142 -0.451766 2.357520
0.144778 -0.398055 2.349640
0.145815 -0.127988 2.322390
0.167675 0.039782 2.310110
0.014320 -0.211630 2.272620
-0.029339 -0.413269 2.219260
-0.020747 -0.562638 2.094140
-0.022007 -0.613500 2.058720
0.294095 -0.197653 2.372670
0.458293 -0.259968 2.233640
0.651669 -0.261827 2.077610
0.724660 -0.258040 2.027200
0.074512 -0.520404 2.336940
0.009592 -0.604123 1.980900
-0.035254 -0.831605 1.938150
-0.014606 -0.761902 1.955440
0.217812 -0.515419 2.386460
0.365240 -0.642901 2.070140
0.344033 -0.876021 2.062470
0.370988 -0.808007 2.020660
0.145790 -0.451380 2.357350
0.145567 -0.397639 2.349430
0.147209 -0.127631 2.322230
0.169265 0.040086 2.310310
0.015389 -0.211349 2.272190
-0.028565 -0.413355 2.219170
-0.019908 -0.562307 2.093630
-0.020885 -0.612982 2.057900
0.294859 -0.197061 2.371590
0.460174 -0.265701 2.243000
0.636297 -0.300182 2.092940
0.710523 -0.307438 2.026190
0.075130 -0.520066 2.336960
0.009947 -0.603902 1.981030
-0.035431 -0.831216 1.938160
-0.014637 -0.761529 1.955090
0.218258 -0.514843 2.386240
0.365227 -0.643493 2.070450
0.345336 -0.876831 2.060480
0.371843 -0.807750 2.019100
0.146448 -0.450999 2.357160
0.146347 -0.397237 2.349200
0.148391 -0.127337 2.322070
0.170493 0.040338 2.310430
0.016330 -0.211050 2.271780
-0.027818 -0.413417 2.219030
-0.019275 -0.562049 2.093200
-0.020010 -0.612564 2.057210
0.295542 -0.196693 2.370700
0.460453 -0.281717 2.267820
0.618122 -0.332764 2.104620
0.668104 -0.361802 2.033710
0.075746 -0.519727 2.336920
0.010283 -0.603709 1.981120
-0.035617 -0.830836 1.938150
-0.013930 -0.761857 1.956050
0.218688 -0.514320 2.386040
0.365185 -0.644017 2.070710
0.324529 -0.881966 2.101180
0.345876 -0.879692 2.048730
0.147065 -0.450649 2.356980
0.147057 -0.396877 2.348990
0.149323 -0.127104 2.321940
0.171423 0.040554 2.310500
0.017122 -0.210803 2.271400
-0.027081 -0.413490 2.218800
-0.018876 -0.561853 2.092810
-0.019444 -0.612239 2.056610
0.296252 -0.196541 2.370100
0.453633 -0.301180 2.298370
0.585420 -0.367337 2.131610
0.614596 -0.401742 2.057700
0.076309 -0.519427 2.336850
0.010616 -0.603532 1.981190
-0.035876 -0.830420 1.938080
-0.013787 -0.761810 1.956160
0.219106 -0.513855 2.385860
0.365130 -0.644608 2.071020
0.313889 -0.884980 2.121750
0.332743 -0.915974 2.064090
0.147606 -0.450356 2.356820
0.147669 -0.396581 2.348800
0.150068 -0.126952 2.321840
0.172189 0.040677 2.310430
0.017811 -0.210638 2.271020
-0.026334 -0.413591 2.218520
-0.018522 -0.561685 2.092360
-0.018931 -0.611944 2.055980
0.297154 -0.196827 2.369690
0.449485 -0.315140 2.318980
0.553038 -0.397138 2.161810
0.564734 -0.433704 2.090190
0.076802 -0.519179 2.336760
0.010967 -0.603359 1.981220
-0.036139 -0.830002 1.937970
-0.011948 -0.763607 1.958710
0.219472 -0.513476 2.385720
0.365062 -0.645192 2.071330
0.307824 -0.886794 2.133430
0.326777 -0.932631 2.071170
0.148083 -0.450153 2.356640
0.148212 -0.396377 2.348600
0.150747 -0.126876 2.321740
0.172806 0.040759 2.310290
0.018403 -0.210500 2.270680
-0.025659 -0.413704 2.218230
-0.018026 -0.561510 2.091810
-0.018253 -0.611630 2.055250
0.298207 -0.197723 2.369410
0.443986 -0.329218 2.337390
0.534946 -0.416602 2.173460
0.537117 -0.455316 2.105340
0.077206 -0.518982 2.336660
0.011330 -0.603176 1.981210
-0.036401 -0.829580 1.937850
-0.008511 -0.767693 1.963380
0.219812 -0.513276 2.385530
0.365085 -0.645526 2.071450
0.304499 -0.887676 2.140030
0.323373 -0.942362 2.075120
0.148472 -0.450028 2.356440
0.148657 -0.396251 2.348400
0.151293 -0.126846 2.321660
0.173359 0.040702 2.309990
0.018900 -0.210400 2.270360
-0.025075 -0.413816 2.217920
-0.017604 -0.561402 2.091330
-0.017666 -0.611399 2.054630
0.299205 -0.198962 2.369370
0.438587 -0.339807 2.350490
0.515756 -0.440121 2.175360
0.515457 -0.475698 2.116150
0.077508 -0.518831 2.336520
0.011753 -0.602971 1.981110
-0.036659 -0.829152 1.937710
-0.005794 -0.771123 1.967210
0.220137 -0.513259 2.385250
0.365208 -0.645793 2.071480
0.302303 -0.888293 2.144400
0.321301 -0.948711 2.077640
0.148789 -0.449963 2.356260
0.149019 -0.396184 2.348220
0.151737 -0.126857 2.321580
0.173933 0.040465 2.309590
0.019332 -0.210344 2.270040
-0.024572 -0.413927 2.217630
-0.017212 -0.561321 2.090880
-0.017120 -0.611203 2.054050
0.300251 -0.200898 2.369660
0.432447 -0.349653 2.360550
0.487446 -0.463332 2.197800
0.500070 -0.490288 2.127220
0.077743 -0.518725 2.336370
0.012221 -0.602743 1.980940
-0.036903 -0.828721 1.937560
-0.003897 -0.773473 1.969850
0.220404 -0.513349 2.385010
0.365382 -0.645958 2.071460
0.329521 -0.881114 2.093140
0.365438 -0.833946 2.030670
0.149057 -0.449962 2.356080
0.149319 -0.396169 2.348040
0.152051 -0.126856 2.321480
0.174413 0.040184 2.309130
0.019717 -0.210333 2.269720
-0.024141 -0.414039 2.217340
-0.016880 -0.561278 2.090470
-0.016649 -0.611056 2.053540
0.301072 -0.202679 2.370030
0.422351 -0.360046 2.372890
0.469152 -0.489842 2.231390
0.484456 -0.503759 2.148930
0.077931 -0.518650 2.336230
0.012700 -0.602512 1.980730
-0.037130 -0.828302 1.937410
-0.002600 -0.775078 1.971650
0.220675 -0.513615 2.384730
0.365791 -0.646032 2.071380
0.343594 -0.877576 2.067280
0.376354 -0.806040 2.020180
0.149386 -0.450054 2.355870
0.149667 -0.396239 2.347840
0.152354 -0.126898 2.321350
0.174837 0.039887 2.308700
0.020083 -0.210368 2.269390
-0.023756 -0.414156 2.217070
-0.016530 -0.561241 2.090050
-0.016168 -0.610917 2.053020
0.301733 -0.204437 2.370560
0.413934 -0.368004 2.383520
0.451074 -0.500995 2.243500
0.468010 -0.512201 2.176260
0.078174 -0.518643 2.336020
0.013095 -0.602291 1.980510
-0.037328 -0.827920 1.937300
-0.001552 -0.776381 1.973110
0.221041 -0.514033 2.384520
0.366757 -0.645715 2.071260
0.352035 -0.874857 2.051650
0.384427 -0.782339 2.013840
0.149691 -0.450186 2.355670
0.149997 -0.396350 2.347640
0.152749 -0.126998 2.321180
0.175282 0.039714 2.308310
0.020453 -0.210407 2.269100
-0.023393 -0.414249 2.216780
-0.016221 -0.561237 2.089700
-0.015752 -0.610831 2.052600
0.302254 -0.206257 2.371310
0.405373 -0.382471 2.393110
0.434724 -0.515642 2.252540
0.455052 -0.530602 2.185840
0.078398 -0.518655 2.335800
0.013447 -0.602077 1.980290
-0.037511 -0.827559 1.937210
-0.000788 -0.777323 1.974170
0.221358 -0.514521 2.384340
0.371539 -0.643326 2.071820
0.358228 -0.871726 2.040350
0.388899 -0.769866 2.010000
0.150064 -0.450332 2.355450
0.150368 -0.396474 2.347420
0.153103 -0.127094 2.320990
0.175652 0.039638 2.307950
0.020794 -0.210456 2.268840
-0.023006 -0.414330 2.216500
-0.015958 -0.561218 2.089370
-0.015406 -0.610740 2.052220
0.302736 -0.207948 2.372490
0.393865 -0.393247 2.404710
0.426059 -0.520739 2.258390
0.443698 -0.539309 2.191880
0.078786 -0.518675 2.335450
0.013770 -0.601890 1.980050
-0.037707 -0.827209 1.937110
-0.000251 -0.777994 1.974870
0.221741 -0.514995 2.384200
0.374895 -0.641224 2.071970
0.361874 -0.869771 2.033730
0.390594 -0.763816 2.009660
0.150439 -0.450498 2.355230
0.150728 -0.396615 2.347220
0.153411 -0.127189 2.320830
0.176026 0.039605 2.307630
0.021124 -0.210512 2.268620
-0.022496 -0.414091 2.216220
-0.015794 -0.561159 2.089250
-0.015201 -0.610666 2.052050
0.303093 -0.209789 2.373930
0.384679 -0.402631 2.415280
0.416753 -0.522087 2.262140
0.415602 -0.531431 2.220290
0.079195 -0.518705 2.335090
0.014092 -0.601720 1.979810
-0.037894 -0.826878 1.937010
0.000144 -0.778484 1.975370
0.222129 -0.515484 2.384110
0.379371 -0.637667 2.072200
0.364738 -0.867530 2.028750
0.390463 -0.761904 2.011730
0.150782 -0.450653 2.355040
0.151061 -0.396748 2.347040
0.153716 -0.127287 2.320680
0.176485 0.039613 2.307200
0.021452 -0.210536 2.268440
-0.021953 -0.413676 2.215950
-0.015660 -0.561068 2.089220
-0.015044 -0.610597 2.051960
0.303311 -0.211482 2.375530
0.370104 -0.411697 2.431790
0.403452 -0.519957 2.268810
0.392948 -0.525024 2.244350
0.079606 -0.518722 2.334710
0.014435 -0.601593 1.979570
-0.038103 -0.826557 1.936890
0.000439 -0.778897 1.975740
0.222457 -0.515904 2.384070
0.381033 -0.636111 2.072140
0.366490 -0.866122 2.025680
0.387944 -0.767345 2.015980
0.151169 -0.450789 2.354920
0.151430 -0.396874 2.346910
0.154017 -0.127403 2.320570
0.177309 0.039497 2.306840
0.021829 -0.210514 2.268310
-0.021470 -0.413328 2.215730
-0.015511 -0.560977 2.089220
-0.014886 -0.610531 2.051900
0.303331 -0.212992 2.377160
0.360721 -0.417189 2.440560
0.383541 -0.524406 2.277690
0.379588 -0.534881 2.250800
0.080169 -0.518710 2.334340
0.014718 -0.601488 1.979400
-0.038293 -0.826266 1.936810
0.000657 -0.779175 1.976000
0.222798 -0.516216 2.384190
0.381909 -0.635178 2.072160
0.367559 -0.865039 2.023910
0.385061 -0.774705 2.020010
0.151720 -0.450888 2.355000
0.151894 -0.396992 2.346950
0.154276 -0.127597 2.320550
0.178069 0.039279 2.306570
0.022213 -0.210475 2.268230
-0.021054 -0.413045 2.215570
-0.015392 -0.560891 2.089220
-0.014762 -0.610469 2.051860
0.303207 -0.214184 2.378660
0.352710 -0.421582 2.445840
0.365198 -0.524435 2.279270
0.369710 -0.536531 2.250720
0.081007 -0.518682 2.334060
0.014973 -0.601383 1.979330
-0.038466 -0.825980 1.936810
0.000849 -0.779359 1.976180
0.223524 -0.516322 2.385270
0.381541 -0.634211 2.072580
0.367536 -0.863978 2.024060
0.382943 -0.781023 2.023000
0.152748 -0.450839 2.355490
0.152644 -0.397051 2.347260
0.154508 -0.127836 2.320580
0.178738 0.039014 2.306350
0.022563 -0.210441 2.268180
-0.020723 -0.412850 2.215460
-0.015221 -0.560819 2.089250
-0.014591 -0.610414 2.051840
0.302979 -0.214948 2.379810
0.347099 -0.424791 2.449100
0.356435 -0.523900 2.278520
0.355310 -0.543232 2.227900
0.082513 -0.518662 2.333940
0.015243 -0.601241 1.979390
-0.038653 -0.825646 1.936920
0.001063 -0.779441 1.976300
0.225193 -0.515582 2.388190
0.379687 -0.633076 2.073850
0.366242 -0.862801 2.026530
0.381415 -0.785920 2.024990
0.154188 -0.450753 2.356500
0.153686 -0.397132 2.347960
0.154710 -0.128267 2.320760
0.179422 0.038552 2.306150
0.022873 -0.210413 2.268170
-0.020481 -0.412730 2.215380
-0.015039 -0.560768 2.089280
-0.014400 -0.610368 2.051820
0.302495 -0.215425 2.381000
0.341726 -0.428737 2.450520
0.333644 -0.533624 2.231250
0.339273 -0.547397 2.177970
0.084600 -0.518752 2.334130
0.015561 -0.601020 1.979660
-0.038848 -0.825244 1.937190
0.001357 -0.779381 1.976370
0.227220 -0.514631 2.391980
0.377130 -0.631939 2.075550
0.335299 -0.872716 2.088790
0.358035 -0.871338 2.047360
0.155741 -0.450618 2.357680
0.154846 -0.397177 2.348850
0.154877 -0.128707 2.320990
0.179963 0.038135 2.305990
0.023138 -0.210388 2.268200
-0.020296 -0.412645 2.215320
-0.014947 -0.560741 2.089300
-0.014298 -0.610343 2.051820
0.301591 -0.215332 2.382880
0.337850 -0.431539 2.451020
0.319723 -0.543888 2.206280
0.324995 -0.567782 2.131160
0.086800 -0.518879 2.334470
0.015893 -0.600764 1.980080
-0.039023 -0.824835 1.937510
0.001689 -0.779223 1.976370
0.229054 -0.513748 2.395340
0.374509 -0.631117 2.077120
0.321323 -0.877418 2.116180
0.346361 -0.914162 2.058570
0.157278 -0.450515 2.359010
0.156048 -0.397247 2.349940
0.154981 -0.129289 2.321440
0.180346 0.037556 2.305620
0.023347 -0.210360 2.268260
-0.020157 -0.412590 2.215280
-0.014887 -0.560725 2.089320
-0.014229 -0.610326 2.051810
0.300620 -0.215158 2.384700
0.335288 -0.433366 2.451680
0.313922 -0.547151 2.197420
0.319281 -0.576135 2.111080
0.088824 -0.519058 2.334930
0.016230 -0.600461 1.980640
-0.039181 -0.824413 1.937840
0.002041 -0.779032 1.976360
0.230676 -0.513079 2.398270
0.372145 -0.630543 2.078510
0.314457 -0.879908 2.129750
0.341354 -0.933029 2.063470
0.158727 -0.450461 2.360470
0.157165 -0.397339 2.351170
0.154805 -0.129953 2.322070
0.180645 0.037029 2.305280
0.023505 -0.210334 2.268370
-0.020013 -0.412440 2.215300
-0.014946 -0.560691 2.089650
-0.014235 -0.610322 2.052010
0.299544 -0.214909 2.386340
0.333504 -0.434627 2.451990
0.310666 -0.549206 2.191700
0.315930 -0.580753 2.099450
0.090792 -0.519325 2.335620
0.016563 -0.600075 1.981460
-0.039307 -0.823955 1.938270
0.000714 -0.771599 1.967610
0.232142 -0.512508 2.400990
0.370022 -0.630028 2.079820
0.310382 -0.881360 2.137900
0.338220 -0.944697 2.066560
0.159873 -0.450450 2.361670
0.158067 -0.397445 2.352220
0.154424 -0.130703 2.322810
0.180863 0.036492 2.304940
0.023606 -0.210321 2.268560
-0.019929 -0.412334 2.215310
-0.015175 -0.560755 2.090140
-0.014362 -0.610398 2.052340
0.298486 -0.214540 2.387920
0.332300 -0.435445 2.451920
0.316507 -0.545652 2.188620
0.317538 -0.581595 2.090610
0.092344 -0.519588 2.336200
0.016830 -0.599719 1.982210
-0.039403 -0.823528 1.938700
0.000766 -0.769857 1.966040
0.233236 -0.512174 2.402950
0.368422 -0.629663 2.080760
0.307498 -0.882380 2.143680
0.336389 -0.952196 2.068380
0.160864 -0.450498 2.362700
0.158841 -0.397568 2.353140
0.154002 -0.131365 2.323490
0.180701 0.036096 2.304480
0.023638 -0.210447 2.268950
-0.019910 -0.412216 2.215420
-0.015418 -0.560745 2.090640
-0.014477 -0.610411 2.052650
0.297476 -0.214064 2.389420
0.331810 -0.433726 2.450960
0.318540 -0.544696 2.190170
0.317047 -0.583893 2.085010
0.093740 -0.519919 2.336770
0.017038 -0.599355 1.982980
-0.039443 -0.823096 1.939250
0.000961 -0.768732 1.965200
0.234156 -0.511976 2.404400
0.367212 -0.629369 2.081380
0.305901 -0.883115 2.147000
0.336214 -0.954452 2.068580
0.161629 -0.450544 2.363510
0.159445 -0.397671 2.353890
0.153392 -0.131999 2.324170
0.180449 0.035734 2.304040
0.023570 -0.210620 2.269560
-0.019984 -0.412104 2.215630
-0.015704 -0.560712 2.091140
-0.014611 -0.610404 2.052940
0.296571 -0.213510 2.390700
0.331959 -0.431396 2.449890
0.321393 -0.543139 2.193530
0.317810 -0.585431 2.082110
0.094824 -0.520203 2.337240
0.017164 -0.599028 1.983660
-0.039450 -0.822715 1.939740
0.001242 -0.767928 1.964860
0.234840 -0.511837 2.405450
0.366258 -0.629151 2.081830
0.305527 -0.883603 2.147840
0.337141 -0.952730 2.067460
0.162246 -0.450601 2.364170
0.159936 -0.397770 2.354520
0.152770 -0.132550 2.324820
0.180197 0.035520 2.303670
0.023431 -0.210834 2.270290
-0.020303 -0.411981 2.215970
-0.015781 -0.560658 2.091560
-0.014580 -0.610374 2.053220
0.295838 -0.213050 2.391770
0.332185 -0.428772 2.446330
0.322712 -0.542918 2.194190
0.319607 -0.585983 2.083040
0.095704 -0.520468 2.337660
0.017233 -0.598708 1.984320
-0.039430 -0.822359 1.940210
0.001698 -0.767510 1.965320
0.235387 -0.511752 2.406220
0.365537 -0.628980 2.082130
0.306342 -0.883917 2.146420
0.338864 -0.948842 2.065410
0.162719 -0.450709 2.364680
0.160302 -0.397905 2.355040
0.151577 -0.133240 2.325750
0.179887 0.035279 2.303320
0.023162 -0.211085 2.271170
-0.020847 -0.411854 2.216480
-0.016255 -0.560624 2.092240
-0.014782 -0.610362 2.053640
0.295229 -0.212684 2.392600
0.332578 -0.426410 2.442500
0.323271 -0.543020 2.194460
0.320876 -0.587096 2.084800
0.096386 -0.520738 2.338010
0.017142 -0.598463 1.984950
-0.039336 -0.822094 1.940710
0.001095 -0.765577 1.963610
0.235855 -0.511773 2.406730
0.364955 -0.628843 2.082250
0.307767 -0.883847 2.143930
0.340815 -0.943713 2.063170
0.163108 -0.450824 2.365100
0.160598 -0.398034 2.355470
0.150551 -0.133787 2.326530
0.179315 0.035263 2.302970
0.022784 -0.211320 2.272250
-0.021730 -0.411503 2.217250
-0.017640 -0.560620 2.093870
-0.015589 -0.610429 2.054770
0.294684 -0.212379 2.393190
0.332781 -0.424775 2.438770
0.324087 -0.543109 2.194590
0.322605 -0.587378 2.086300
0.096945 -0.520988 2.338320
0.017001 -0.598221 1.985560
-0.039161 -0.821849 1.941270
0.001184 -0.764940 1.963510
0.236274 -0.511827 2.407080
0.364466 -0.628755 2.082270
0.309372 -0.883714 2.141080
0.342456 -0.939074 2.061180
0.163430 -0.450978 2.365430
0.160837 -0.398193 2.355830
0.149644 -0.134274 2.327170
0.178678 0.035208 2.302490
0.022174 -0.211557 2.273500
-0.022685 -0.411311 2.218160
-0.020060 -0.560794 2.095790
-0.017291 -0.610609 2.056230
0.294236 -0.212144 2.393620
0.332292 -0.423841 2.433580
0.325038 -0.543369 2.193990
0.324506 -0.587064 2.087880
0.097394 -0.521260 2.338620
0.016821 -0.597982 1.986130
-0.038945 -0.821627 1.941780
0.001404 -0.764524 1.963990
0.236758 -0.512054 2.407200
0.364011 -0.628718 2.082030
0.310776 -0.883389 2.138340
0.343630 -0.934860 2.059490
0.163681 -0.451131 2.365690
0.161017 -0.398353 2.356110
0.148759 -0.134790 2.327750
0.177953 0.035046 2.301940
0.021367 -0.211732 2.274800
-0.023643 -0.411256 2.219070
-0.023064 -0.561237 2.097830
-0.019727 -0.610998 2.057970
0.293784 -0.211933 2.393940
0.331428 -0.423105 2.428950
0.326001 -0.543590 2.193040
0.326385 -0.586343 2.089550
0.097734 -0.521506 2.338860
0.016602 -0.597769 1.986630
-0.038691 -0.821440 1.942300
0.000810 -0.763309 1.963460
0.237207 -0.512343 2.407150
0.363596 -0.628725 2.081650
0.312043 -0.883061 2.135810
0.344516 -0.931422 2.058110
0.163874 -0.451490 2.365890
0.161127 -0.398680 2.356350
0.147841 -0.135349 2.328160
0.177256 0.034641 2.301240
0.020405 -0.212059 2.276180
-0.024604 -0.411294 2.219950
-0.026221 -0.561813 2.099720
-0.022609 -0.611525 2.059790
0.293162 -0.211988 2.394000
0.330041 -0.423422 2.424380
0.328289 -0.542943 2.189760
0.329566 -0.583352 2.091680
0.097988 -0.521884 2.339110
0.016186 -0.597538 1.987150
-0.038415 -0.821287 1.942810
0.000951 -0.763021 1.964070
0.237648 -0.512998 2.406780
0.363136 -0.628661 2.080810
0.313194 -0.882456 2.133360
0.345145 -0.928164 2.056780
0.163995 -0.451907 2.366010
0.161164 -0.399060 2.356530
0.146911 -0.135892 2.328450
0.176633 0.034193 2.300500
0.019375 -0.212231 2.277650
-0.025576 -0.411373 2.220670
-0.028552 -0.562379 2.101140
-0.024970 -0.612092 2.061360
0.292088 -0.212404 2.393450
0.325410 -0.423766 2.415750
0.329482 -0.541063 2.184680
0.332281 -0.577831 2.092330
0.098151 -0.522247 2.339330
0.015756 -0.597333 1.987600
-0.038137 -0.821163 1.943260
0.001124 -0.762899 1.964880
0.238005 -0.513736 2.406250
0.362616 -0.628573 2.079730
0.314183 -0.881835 2.131270
0.345528 -0.925472 2.055670
0.164064 -0.452345 2.366090
0.161151 -0.399465 2.356660
0.145985 -0.136413 2.328620
0.176075 0.033403 2.299470
0.018409 -0.212358 2.278950
-0.026400 -0.411454 2.221220
-0.030315 -0.562869 2.102220
-0.026964 -0.612636 2.062710
0.291007 -0.212986 2.392730
0.322497 -0.424093 2.410620
0.330915 -0.538301 2.177660
0.334491 -0.573294 2.092810
0.098242 -0.522605 2.339510
0.015180 -0.597122 1.988040
-0.037842 -0.821066 1.943670
0.001705 -0.763550 1.967040
0.238305 -0.514473 2.405680
0.362038 -0.628474 2.078570
0.315020 -0.881267 2.129490
0.345783 -0.923334 2.054760
0.164071 -0.452802 2.366120
0.161071 -0.399899 2.356750
0.145020 -0.136926 2.328650
0.175501 0.032364 2.297940
0.017581 -0.212444 2.280000
-0.027164 -0.411539 2.221730
-0.031640 -0.563200 2.102980
-0.028590 -0.613033 2.063750
0.290090 -0.213586 2.392040
0.320563 -0.424277 2.407380
0.331659 -0.537002 2.174470
0.336237 -0.569517 2.093120
0.098239 -0.522983 2.339680
0.014472 -0.596930 1.988470
-0.037518 -0.821005 1.944060
0.002246 -0.764333 1.969260
0.238533 -0.515183 2.405100
0.361514 -0.628335 2.077470
0.315731 -0.880721 2.127970
0.345965 -0.921599 2.054010
0.164041 -0.453252 2.366120
0.160964 -0.400325 2.356800
0.144177 -0.137371 2.328560
0.175394 0.031605 2.295840
0.016902 -0.212503 2.280820
-0.027834 -0.411617 2.222150
-0.032880 -0.563431 2.103520
-0.030201 -0.613326 2.064570
0.289265 -0.214457 2.391310
0.319193 -0.424403 2.405220
0.328176 -0.541197 2.173100
0.335238 -0.569745 2.095050
0.098178 -0.523353 2.339850
0.013773 -0.596751 1.988860
-0.037193 -0.820957 1.944420
0.002735 -0.765125 1.971340
0.238699 -0.515847 2.404570
0.361048 -0.628184 2.076490
0.316319 -0.880231 2.126690
0.346080 -0.920228 2.053390
0.163944 -0.453863 2.366080
0.160790 -0.400870 2.356800
0.143395 -0.137773 2.328370
0.175229 0.030160 2.292920
0.016367 -0.212570 2.281440
-0.028411 -0.411700 2.222480
-0.034016 -0.563645 2.103950
-0.031750 -0.613605 2.065290
0.288515 -0.215495 2.390590
0.318226 -0.424491 2.403730
0.326530 -0.543200 2.172320
0.287079 -0.575126 2.119780
0.098058 -0.523804 2.340000
0.012954 -0.596670 1.989240
-0.036803 -0.820992 1.944850
0.003058 -0.765709 1.972870
0.238785 -0.516628 2.404020
0.360666 -0.628065 2.075620
0.316799 -0.879797 2.125630
0.346155 -0.919143 2.052900
0.163785 -0.454549 2.366000
0.160562 -0.401488 2.356770
0.142704 -0.138166 2.328120
0.175137 0.027561 2.289480
0.015945 -0.212695 2.281860
-0.028947 -0.411768 2.222650
-0.034874 -0.563915 2.104290
-0.032990 -0.613974 2.065950
0.287873 -0.216466 2.389930
0.317551 -0.424568 2.402740
0.325078 -0.545327 2.172250
0.258750 -0.579509 2.135520
0.097874 -0.524315 2.340150
0.012155 -0.596627 1.989570
-0.036221 -0.821115 1.945540
0.001026 -0.764024 1.971110
0.238788 -0.517379 2.403520
0.360422 -0.627972 2.074970
0.317185 -0.879433 2.124740
0.346204 -0.918305 2.052500
0.163614 -0.455203 2.365900
0.160332 -0.402080 2.356690
0.142131 -0.138514 2.327780
0.175119 0.025552 2.286800
0.015617 -0.212807 2.282170
-0.029512 -0.411819 2.222630
-0.035511 -0.564254 2.104590
-0.033957 -0.614451 2.066610
0.287447 -0.217646 2.389230
0.316983 -0.424678 2.401980
0.323645 -0.547447 2.172270
0.247722 -0.581170 2.141140
0.097667 -0.524807 2.340250
0.011479 -0.596609 1.989820
-0.035653 -0.821256 1.946220
0.000335 -0.763408 1.970850
0.238755 -0.518098 2.403060
0.360236 -0.627878 2.074410
0.336312 -0.864785 2.077750
0.366901 -0.833777 2.031170
0.163470 -0.455749 2.365800
0.160145 -0.402575 2.356600
0.141750 -0.138833 2.327140
0.176742 0.024220 2.284240
0.015396 -0.212863 2.282370
-0.030161 -0.411832 2.222330
-0.036014 -0.564749 2.104930
-0.034759 -0.615131 2.067390
0.287352 -0.219327 2.388540
0.316532 -0.424893 2.401510
0.322391 -0.549685 2.172640
0.240991 -0.582115 2.144740
0.097489 -0.525184 2.340350
0.010833 -0.596587 1.990070
-0.020057 -0.835508 2.006670
0.008812 -0.837263 1.972320
0.238718 -0.518714 2.402680
0.360131 -0.627830 2.074010
0.346826 -0.856961 2.051680
0.377309 -0.791102 2.020400
0.163360 -0.456167 2.365680
0.160002 -0.402963 2.356480
0.141515 -0.139128 2.326130
0.178009 0.023531 2.282110
0.015232 -0.212900 2.282520
-0.030653 -0.411888 2.222010
-0.036473 -0.565246 2.105170
-0.035513 -0.615785 2.068040
0.287480 -0.220959 2.388000
0.316149 -0.425359 2.401300
0.321273 -0.552053 2.173210
0.237178 -0.583202 2.146560
0.097339 -0.525462 2.340420
0.010256 -0.596568 1.990280
-0.013654 -0.841309 2.030950
0.012847 -0.870802 1.972950
0.238690 -0.519231 2.402350
0.360056 -0.627822 2.073690
0.351139 -0.853961 2.040970
0.381566 -0.773638 2.016000
0.163263 -0.456543 2.365560
0.159874 -0.403334 2.356340
0.141338 -0.139555 2.324930
0.178941 0.021986 2.279710
0.015091 -0.212938 2.282590
-0.031316 -0.412150 2.221200
-0.036724 -0.566133 2.105310
-0.035993 -0.616694 2.068630
0.287651 -0.222268 2.387550
0.315835 -0.426106 2.401120
0.323680 -0.551234 2.171570
0.248283 -0.579949 2.141010
0.097196 -0.525719 2.340480
0.009775 -0.596521 1.990460
-0.010312 -0.844290 2.043500
0.014807 -0.887011 1.973150
0.238665 -0.519699 2.402060
0.360004 -0.627821 2.073420
0.353837 -0.852019 2.034330
0.384185 -0.762824 2.013250
0.163185 -0.456861 2.365460
0.159773 -0.403662 2.356190
0.141339 -0.140112 2.323650
0.180075 0.020308 2.277520
0.014975 -0.213003 2.282520
-0.031939 -0.412483 2.220300
-0.036896 -0.566942 2.105230
-0.036351 -0.617449 2.068970
0.287861 -0.223287 2.387200
0.315683 -0.426811 2.401110
0.325622 -0.550419 2.170570
0.260099 -0.576550 2.135690
0.097069 -0.525942 2.340540
0.009397 -0.596461 1.990610
-0.008264 -0.846116 2.051220
0.015958 -0.896792 1.973290
0.238651 -0.520099 2.401830
0.359967 -0.627826 2.073210
0.355722 -0.850858 2.029790
0.384688 -0.760305 2.012520
0.163161 -0.457151 2.365340
0.159739 -0.403978 2.356030
0.141530 -0.140702 2.322230
0.181754 0.018734 2.275050
0.014910 -0.213044 2.282270
-0.032474 -0.412787 2.219470
-0.036976 -0.567616 2.105060
-0.036592 -0.618056 2.069180
0.288060 -0.224098 2.386910
0.315763 -0.427551 2.401350
0.329045 -0.548294 2.169290
0.267348 -0.574289 2.132700
0.096998 -0.526131 2.340590
0.009092 -0.596397 1.990730
-0.006796 -0.847422 2.056740
0.016791 -0.903734 1.973380
0.238678 -0.520446 2.401650
0.359939 -0.627833 2.073030
0.356444 -0.850739 2.028110
0.383380 -0.764771 2.013320
0.163176 -0.457388 2.365210
0.159758 -0.404254 2.355820
0.141872 -0.141274 2.320760
0.183344 0.017741 2.272900
0.014936 -0.213050 2.281910
-0.032881 -0.413059 2.218790
-0.037077 -0.568128 2.104740
-0.036814 -0.618496 2.069240
0.288419 -0.224887 2.386670
0.315910 -0.428267 2.401690
0.330749 -0.547343 2.168680
0.270579 -0.573234 2.131390
0.096956 -0.526267 2.340610
0.008895 -0.596332 1.990810
-0.018642 -0.832794 2.000110
0.000890 -0.794472 1.960250
0.238743 -0.520754 2.401500
0.359921 -0.627846 2.072880
0.356014 -0.851452 2.028950
0.381731 -0.771188 2.014630
0.163288 -0.457583 2.365070
0.159895 -0.404486 2.355570
0.142484 -0.141662 2.319020
0.186387 0.017744 2.270060
0.015163 -0.212968 2.281380
-0.033135 -0.413183 2.218320
-0.037188 -0.568435 2.104530
-0.037020 -0.618804 2.069290
0.289083 -0.225904 2.386310
0.320541 -0.430162 2.407590
0.332308 -0.546091 2.170630
0.272865 -0.572073 2.132350
0.096961 -0.526365 2.340610
0.008742 -0.596264 1.990870
-0.024401 -0.826027 1.974230
-0.000959 -0.764065 1.958910
0.238946 -0.521049 2.401410
0.359899 -0.627851 2.072740
0.354990 -0.852476 2.031300
0.380106 -0.777531 2.016290
0.163496 -0.457739 2.364880
0.160147 -0.404683 2.355250
0.143285 -0.141998 2.317190
0.190497 0.017405 2.266380
0.015665 -0.212828 2.280660
-0.033290 -0.413307 2.217920
-0.037301 -0.568688 2.104220
-0.037223 -0.619063 2.069250
0.290675 -0.227642 2.385610
0.323828 -0.431572 2.411740
0.332793 -0.545638 2.171680
0.273468 -0.571392 2.133930
0.097001 -0.526437 2.340610
0.008625 -0.596188 1.990920
-0.028868 -0.820776 1.954670
-0.000872 -0.744471 1.961100
0.239302 -0.521345 2.401350
0.359895 -0.627848 2.072620
0.354037 -0.853381 2.033590
0.378857 -0.782464 2.017610
0.163986 -0.457754 2.364570
0.160723 -0.404759 2.354720
0.144837 -0.142385 2.314630
0.198091 0.017809 2.260200
0.016331 -0.212632 2.279860
-0.033384 -0.413435 2.217520
-0.037381 -0.568929 2.103900
-0.037395 -0.619309 2.069180
0.292967 -0.229369 2.385350
0.326427 -0.433579 2.414470
0.333694 -0.544917 2.172410
0.274488 -0.570871 2.134450
0.097136 -0.526447 2.340560
0.008538 -0.596106 1.990970
-0.023272 -0.828518 1.984510
0.006427 -0.809861 1.966760
0.239993 -0.521577 2.401320
0.359911 -0.627858 2.072490
0.353330 -0.854192 2.035320
0.377940 -0.786092 2.018620
0.164550 -0.457727 2.364220
0.161384 -0.404817 2.354140
0.146466 -0.143159 2.312130
0.204181 0.015885 2.255390
0.017232 -0.212540 2.278790
-0.033351 -0.413627 2.217050
-0.035666 -0.568956 2.102230
-0.035243 -0.619427 2.067290
0.295427 -0.230901 2.385380
0.328182 -0.434979 2.416210
0.334455 -0.544008 2.172750
0.275391 -0.570299 2.134800
0.097304 -0.526436 2.340500
0.008472 -0.596019 1.991010
-0.019409 -0.833779 2.004320
0.011097 -0.850083 1.969930
0.240774 -0.521789 2.401300
0.359935 -0.627869 2.072370
0.352669 -0.854889 2.036870
0.377285 -0.788703 2.019350
0.164999 -0.457853 2.363880
0.161986 -0.405076 2.353550
0.148276 -0.144437 2.309850
0.209463 0.011886 2.250740
0.018696 -0.212681 2.277220
-0.033172 -0.414101 2.216130
-0.030730 -0.569233 2.099020
-0.031572 -0.619676 2.065190
0.297983 -0.232908 2.384350
0.328699 -0.437877 2.414940
0.334952 -0.543260 2.171640
0.275741 -0.570273 2.133610
0.097418 -0.526467 2.340440
0.008426 -0.595923 1.991020
-0.016668 -0.837087 2.016800
0.013366 -0.869501 1.971090
0.241303 -0.522202 2.401290
0.359998 -0.627872 2.072240
0.351827 -0.855533 2.039020
0.376864 -0.790781 2.019910
0.165595 -0.458033 2.363510
0.162707 -0.405398 2.352920
0.149765 -0.145590 2.307880
0.212725 0.009214 2.247900
0.020447 -0.213062 2.275420
-0.032848 -0.414571 2.215290
-0.027724 -0.569440 2.096820
-0.029038 -0.619876 2.063520
0.300181 -0.234475 2.383260
0.328932 -0.440176 2.413520
0.335389 -0.542528 2.170390
0.275977 -0.570299 2.132420
0.097649 -0.526532 2.340360
0.008398 -0.595809 1.991030
-0.014816 -0.839323 2.024590
0.014735 -0.880699 1.971530
0.242080 -0.522695 2.401290
0.360102 -0.627898 2.072080
0.351105 -0.856149 2.041210
0.376564 -0.792279 2.020310
0.166212 -0.458323 2.363080
0.163463 -0.405863 2.352200
0.151169 -0.146797 2.306030
0.215577 0.005454 2.244710
0.022920 -0.213872 2.273230
-0.032335 -0.415167 2.214470
-0.026378 -0.569693 2.095440
-0.027827 -0.620100 2.062360
0.302003 -0.235658 2.382310
0.329050 -0.441630 2.411780
0.335861 -0.541341 2.168550
0.276183 -0.570098 2.131060
0.097934 -0.526671 2.340210
0.008370 -0.595694 1.991020
-0.013386 -0.840775 2.029840
0.015723 -0.887650 1.971860
0.242772 -0.523215 2.401290
0.360240 -0.627918 2.071910
0.350648 -0.856570 2.042730
0.376372 -0.793380 2.020620
0.167030 -0.458725 2.362470
0.164446 -0.406451 2.351250
0.152706 -0.147940 2.303950
0.218246 0.002490 2.241590
0.025401 -0.214655 2.271230
-0.031799 -0.415739 2.213620
-0.025187 -0.569924 2.094190
-0.026645 -0.620314 2.061220
0.303447 -0.236549 2.381460
0.327696 -0.439047 2.404990
0.334980 -0.533641 2.158750
0.275029 -0.566578 2.124370
0.098494 -0.526921 2.339820
0.008342 -0.595557 1.990930
-0.012343 -0.841706 2.033440
0.016392 -0.892457 1.972140
0.243468 -0.523727 2.401260
0.360405 -0.627944 2.071720
0.350409 -0.856875 2.043730
0.376245 -0.794160 2.020830
0.168172 -0.459410 2.361790
0.165698 -0.407291 2.350230
0.154219 -0.149092 2.301880
0.220892 -0.000342 2.238540
0.027660 -0.215276 2.269410
-0.031205 -0.416266 2.212810
-0.024002 -0.570130 2.093100
-0.025366 -0.620513 2.060130
0.304713 -0.237286 2.380470
0.327209 -0.435389 2.399160
0.335266 -0.528771 2.153820
0.275261 -0.564303 2.121340
0.099600 -0.527493 2.339390
0.008338 -0.595424 1.990880
-0.011614 -0.842375 2.035860
0.016933 -0.895858 1.972220
0.244280 -0.524352 2.401240
0.360581 -0.627965 2.071490
0.350233 -0.857101 2.044510
0.376156 -0.794724 2.020990
0.169460 -0.459936 2.360870
0.167107 -0.407960 2.348910
0.155927 -0.150104 2.299150
0.222731 -0.001737 2.235780
0.029909 -0.215486 2.267530
-0.030520 -0.416675 2.211920
-0.023210 -0.570346 2.092410
-0.024110 -0.620922 2.059140
0.306238 -0.237659 2.378780
0.326986 -0.434071 2.396340
0.335479 -0.525565 2.150200
0.275359 -0.562964 2.119240
0.100789 -0.527920 2.338790
0.008357 -0.595285 1.990780
-0.011067 -0.842853 2.037610
0.017366 -0.897936 1.972130
0.245181 -0.524800 2.401060
0.360901 -0.628039 2.071120
0.350113 -0.857284 2.045030
0.376093 -0.795137 2.021110
0.170722 -0.460414 2.359920
0.168514 -0.408569 2.347510
0.157929 -0.151084 2.295510
0.224305 -0.002496 2.232890
0.032530 -0.215747 2.265500
-0.029609 -0.417039 2.210850
-0.022711 -0.570604 2.091940
-0.023429 -0.621399 2.058580
0.307946 -0.237940 2.376270
0.326811 -0.433363 2.393930
0.335646 -0.523656 2.147300
0.275360 -0.562307 2.117470
0.101947 -0.528288 2.338160
0.008389 -0.595154 1.990650
-0.010627 -0.843206 2.038870
0.017696 -0.898947 1.971900
0.246035 -0.525166 2.400850
0.361265 -0.628118 2.070750
0.350041 -0.857419 2.045400
0.376051 -0.795446 2.021210
0.172112 -0.460732 2.358880
0.169988 -0.408984 2.346040
0.159689 -0.151702 2.291450
0.225365 -0.002018 2.229440
0.035262 -0.216019 2.263390
-0.028563 -0.417352 2.209770
-0.022524 -0.571003 2.091680
-0.023229 -0.622068 2.058290
0.309695 -0.238082 2.373700
0.326740 -0.432949 2.392020
0.335852 -0.522414 2.145070
0.275395 -0.561945 2.116100
0.103302 -0.528529 2.337460
0.008462 -0.595070 1.990520
-0.010283 -0.843486 2.039780
0.017917 -0.899297 1.971690
0.247145 -0.525343 2.400580
0.361608 -0.628221 2.070350
0.350015 -0.857542 2.045660
0.376028 -0.795675 2.021290
0.173747 -0.461032 2.357750
0.171707 -0.409370 2.344460
0.161626 -0.152239 2.287550
0.226350 -0.001124 2.226230
0.037892 -0.216242 2.261310
-0.027146 -0.417667 2.208250
-0.023088 -0.571931 2.091700
-0.023644 -0.622956 2.058310
0.311356 -0.238069 2.371290
0.286173 -0.417042 2.280200
0.304805 -0.538730 2.113980
0.246093 -0.588707 2.078060
0.104913 -0.528766 2.336660
0.008560 -0.594977 1.990380
-0.009954 -0.843696 2.040350
0.018127 -0.899030 1.971360
0.248469 -0.525464 2.400260
0.362019 -0.628325 2.069900
0.349976 -0.857633 2.045870
0.376076 -0.795835 2.021340
0.175187 -0.461275 2.356630
0.173231 -0.409681 2.342900
0.163351 -0.152615 2.283850
0.227225 0.000187 2.222920
0.040145 -0.216213 2.259420
-0.025505 -0.417847 2.206390
0.001187 -0.565794 2.081640
-0.002602 -0.617773 2.049970
0.313017 -0.237923 2.369000
0.261880 -0.407241 2.210710
0.290599 -0.546531 2.099380
0.229604 -0.604529 2.056140
0.106295 -0.528945 2.335920
0.008697 -0.594864 1.990180
-0.009652 -0.843826 2.040650
0.018279 -0.898298 1.970990
0.249644 -0.525566 2.399880
0.362472 -0.628459 2.069390
0.349953 -0.857714 2.046030
0.376194 -0.796039 2.021380
0.176472 -0.461479 2.355520
0.174588 -0.409950 2.341400
0.164852 -0.153030 2.280700
0.228385 0.001441 2.219750
0.042018 -0.216194 2.257670
-0.023874 -0.418050 2.204640
0.045161 -0.544343 2.067770
0.059351 -0.588186 2.030690
0.314455 -0.237859 2.367130
0.290913 -0.448410 2.290550
0.292399 -0.552661 2.096070
0.236022 -0.604812 2.065350
0.107462 -0.529071 2.335200
0.008899 -0.594824 1.989920
-0.009377 -0.843944 2.040800
0.018427 -0.897512 1.970720
0.250755 -0.525676 2.399420
0.363045 -0.628610 2.068790
0.349954 -0.857789 2.046130
0.376334 -0.796255 2.021370
0.177523 -0.461638 2.354390
0.175702 -0.410177 2.339920
0.166156 -0.153482 2.277950
0.229965 0.002304 2.216710
0.043776 -0.216141 2.255850
-0.022350 -0.418290 2.202940
0.058861 -0.538592 2.062530
0.077221 -0.580710 2.024180
0.315872 -0.237797 2.365260
0.301664 -0.465749 2.319020
0.296679 -0.557403 2.095340
0.241672 -0.604756 2.071840
0.108393 -0.529140 2.334440
0.009200 -0.594900 1.989470
-0.009103 -0.844039 2.040860
0.018604 -0.896683 1.970550
0.251648 -0.525779 2.398910
0.363679 -0.628803 2.068150
0.350019 -0.857876 2.046130
0.376481 -0.796472 2.021340
0.178416 -0.461758 2.353300
0.176638 -0.410355 2.338530
0.167186 -0.153863 2.275570
0.231077 0.003214 2.213900
0.045355 -0.216016 2.254060
-0.021023 -0.418533 2.201460
0.066236 -0.535568 2.059910
0.087152 -0.576776 2.020830
0.317103 -0.237823 2.363570
0.305591 -0.459595 2.321450
0.294740 -0.559655 2.093140
0.240127 -0.606359 2.069790
0.109203 -0.529169 2.333660
0.009605 -0.595107 1.988910
-0.008806 -0.844146 2.040820
0.018806 -0.895946 1.970430
0.252414 -0.525858 2.398390
0.364321 -0.629018 2.067520
0.350102 -0.857969 2.046100
0.376657 -0.796713 2.021280
0.179207 -0.461914 2.352150
0.177459 -0.410558 2.337150
0.168085 -0.154205 2.273620
0.232682 0.003682 2.210900
0.046675 -0.215954 2.252430
-0.019704 -0.418829 2.199750
0.070721 -0.534548 2.058210
0.094084 -0.574354 2.018470
0.318232 -0.237926 2.361910
0.284567 -0.433517 2.258020
0.293201 -0.561750 2.091330
0.238641 -0.608621 2.066540
0.109910 -0.529209 2.332810
0.010016 -0.595412 1.988220
-0.008536 -0.844292 2.040610
0.018934 -0.895337 1.970250
0.253114 -0.525986 2.397720
0.365041 -0.629316 2.066770
0.350270 -0.858120 2.045910
0.376854 -0.796939 2.021180
0.179850 -0.462152 2.350990
0.178107 -0.410799 2.335870
0.168742 -0.154444 2.272140
0.234051 0.003824 2.208390
0.047760 -0.215913 2.251010
-0.018276 -0.419136 2.198090
0.071341 -0.535857 2.057350
0.097598 -0.573995 2.016930
0.319221 -0.238052 2.360240
0.273809 -0.420110 2.224970
0.292037 -0.563306 2.090030
0.237611 -0.610353 2.063730
0.110527 -0.529323 2.331800
0.010388 -0.595803 1.987330
-0.008260 -0.844422 2.040320
0.019055 -0.894734 1.970060
0.253692 -0.526216 2.396980
0.365795 -0.629622 2.065960
0.350562 -0.858313 2.045530
0.377078 -0.797119 2.021070
0.180380 -0.462348 2.349870
0.178636 -0.410990 2.334670
0.169272 -0.154609 2.270920
0.235220 0.003791 2.206460
0.048607 -0.215823 2.249790
-0.016969 -0.419399 2.196500
0.074567 -0.534756 2.055850
0.102300 -0.572242 2.015050
0.320106 -0.238014 2.358700
0.269341 -0.413809 2.209360
0.291303 -0.564410 2.089100
0.237511 -0.611877 2.061590
0.111025 -0.529397 2.330800
0.010739 -0.596203 1.986430
-0.007925 -0.844573 2.039910
0.019203 -0.894196 1.969850
0.254201 -0.526444 2.396170
0.366553 -0.629940 2.065140
0.350927 -0.858536 2.045050
0.377318 -0.797285 2.020930
0.181003 -0.462472 2.348890
0.179176 -0.411103 2.333650
0.169661 -0.154690 2.269990
0.235899 0.003910 2.205240
0.049330 -0.215716 2.248680
-0.015897 -0.419608 2.195170
0.076616 -0.534094 2.054940
0.105476 -0.571052 2.013770
0.320849 -0.237742 2.357250
0.266582 -0.409823 2.199960
0.290730 -0.565159 2.088410
0.237407 -0.612668 2.059810
0.111887 -0.529429 2.329890
0.011025 -0.596469 1.985880
-0.007545 -0.844839 2.039280
0.019350 -0.893786 1.969570
0.254909 -0.526494 2.395290
0.367220 -0.630270 2.064340
0.351301 -0.858786 2.044520
0.377569 -0.797467 2.020750
0.181471 -0.462534 2.348050
0.179577 -0.411156 2.332810
0.169942 -0.154705 2.269260
0.236372 0.004089 2.204450
0.049884 -0.215587 2.247780
-0.014972 -0.419762 2.193980
0.119593 -0.558475 2.050710
0.145860 -0.604483 2.029480
0.321433 -0.237456 2.355930
0.264733 -0.407260 2.193670
0.241598 -0.581554 2.083210
0.210998 -0.632967 2.038250
0.112523 -0.529390 2.329110
0.011292 -0.596727 1.985360
-0.007188 -0.845092 2.038690
0.019482 -0.893435 1.969330
0.255442 -0.526483 2.394490
0.367792 -0.630551 2.063670
0.351661 -0.859019 2.044040
0.377800 -0.797631 2.020590
0.182230 -0.462518 2.347310
0.180134 -0.411129 2.332080
0.170163 -0.154644 2.268660
0.236782 0.004445 2.203990
0.050315 -0.215475 2.247020
-0.014099 -0.419930 2.193020
0.103109 -0.551292 2.050970
0.150570 -0.606018 2.034390
0.321999 -0.236882 2.354920
0.263519 -0.405207 2.189370
0.230095 -0.581185 2.085060
0.198062 -0.643335 2.027210
0.113683 -0.529346 2.328520
0.011534 -0.596888 1.985110
-0.006786 -0.845518 2.037850
0.019637 -0.893190 1.968990
0.256633 -0.526215 2.393590
0.368248 -0.630881 2.063010
0.351923 -0.859268 2.043620
0.377993 -0.797819 2.020440
0.182865 -0.462508 2.346740
0.180592 -0.411102 2.331510
0.170317 -0.154570 2.268200
0.236955 0.004721 2.204010
0.050644 -0.215390 2.246400
-0.013410 -0.420064 2.192290
0.097790 -0.548999 2.050960
0.149891 -0.604089 2.038520
0.322436 -0.236322 2.354100
0.262909 -0.403659 2.186990
0.221692 -0.581457 2.085800
0.192159 -0.648077 2.022150
0.114679 -0.529333 2.328080
0.011757 -0.597023 1.984930
-0.006423 -0.845934 2.037030
0.019784 -0.892993 1.968650
0.257603 -0.525986 2.392870
0.368599 -0.631179 2.062490
0.352144 -0.859507 2.043260
0.378151 -0.798017 2.020310
0.183387 -0.462472 2.346270
0.180974 -0.411048 2.331050
0.170436 -0.154399 2.267790
0.235425 0.008832 2.209070
0.050893 -0.215318 2.245890
-0.012873 -0.420172 2.191740
0.077773 -0.545163 2.051360
0.139772 -0.600274 2.038650
0.322783 -0.235756 2.353490
0.262697 -0.402458 2.186260
0.215839 -0.580988 2.086450
0.189617 -0.643310 2.024700
0.115467 -0.529307 2.327720
0.011994 -0.597145 1.984770
-0.006129 -0.846294 2.036320
0.019908 -0.892828 1.968340
0.258369 -0.525754 2.392280
0.368863 -0.631455 2.062080
0.352341 -0.859751 2.042930
0.378306 -0.798210 2.020170
0.183881 -0.462358 2.345900
0.181349 -0.410918 2.330680
0.170546 -0.154121 2.267460
0.232828 0.013851 2.215230
0.051054 -0.215259 2.245470
-0.012468 -0.420247 2.191330
0.071171 -0.543869 2.051410
0.131604 -0.596805 2.038000
0.323089 -0.234941 2.353060
0.262873 -0.401380 2.187010
0.212495 -0.576170 2.088030
0.187092 -0.644194 2.023200
0.116152 -0.529261 2.327460
0.012234 -0.597247 1.984670
-0.005882 -0.846631 2.035660
0.020025 -0.892697 1.968050
0.259051 -0.525452 2.391830
0.369038 -0.631663 2.061790
0.352496 -0.859957 2.042670
0.378427 -0.798385 2.020090
