0.321938 -0.319332 2.592290
0.315226 -0.291650 2.622190
0.306238 -0.116038 2.623600
0.332094 0.052801 2.616030
0.180846 -0.204594 2.588990
0.135506 -0.360076 2.531960
0.082272 -0.433743 2.703390
0.037647 -0.417155 2.712920
0.450202 -0.226621 2.615490
0.546181 -0.244478 2.452100
0.483553 -0.059193 2.422290
0.471839 -0.016978 2.417140
0.271560 -0.386761 2.570890
0.217573 -0.540935 2.254200
0.157391 -0.795566 2.204300
0.168954 -0.823596 2.138130
0.382901 -0.364438 2.593740
0.484036 -0.544140 2.312880
0.479665 -0.823051 2.193360
0.451849 -0.883097 2.202310
0.321817 -0.319962 2.592430
0.315320 -0.291765 2.622370
0.305779 -0.115013 2.623900
0.332070 0.053318 2.616480
0.180509 -0.204663 2.589500
0.135576 -0.360562 2.532870
0.082367 -0.434771 2.704130
0.037794 -0.417542 2.713580
0.449817 -0.228059 2.615260
0.552889 -0.256144 2.451780
0.495526 -0.064878 2.406970
0.481039 -0.019500 2.388420
0.271359 -0.386802 2.571080
0.217284 -0.540585 2.254180
0.157421 -0.795650 2.204320
0.168673 -0.823666 2.138110
0.382540 -0.367635 2.593310
0.484148 -0.544220 2.312530
0.479768 -0.823067 2.193270
0.451848 -0.883048 2.202280
0.321521 -0.321019 2.592560
0.315290 -0.292129 2.622560
0.305241 -0.114191 2.624240
0.331857 0.053705 2.616930
0.180174 -0.204723 2.590000
0.135611 -0.361041 2.533750
0.082354 -0.435612 2.704820
0.037818 -0.417997 2.714190
0.448348 -0.227793 2.615340
0.558360 -0.237928 2.443840
0.497274 -0.043135 2.380650
0.483650 0.003168 2.351470
0.271004 -0.387053 2.571260
0.216347 -0.540961 2.253740
0.157477 -0.795819 2.204400
0.168387 -0.823796 2.138140
0.382039 -0.370980 2.592810
0.484218 -0.544192 2.312240
0.479912 -0.823198 2.193180
0.451853 -0.883008 2.202260
0.321128 -0.322243 2.592670
0.315151 -0.292712 2.622770
0.304372 -0.113467 2.624910
0.331562 0.053941 2.617280
0.179870 -0.204760 2.590610
0.135601 -0.361429 2.534670
0.082281 -0.436342 2.705530
0.037776 -0.418456 2.714800
0.446407 -0.226439 2.615580
0.560599 -0.245990 2.452600
0.502716 -0.051471 2.376400
0.494173 -0.008872 2.341430
0.270586 -0.387414 2.571390
0.215886 -0.540562 2.253610
0.157521 -0.796006 2.204530
0.168047 -0.823938 2.138220
0.381585 -0.373701 2.592420
0.483858 -0.543114 2.312840
0.480088 -0.822913 2.193280
0.451860 -0.882971 2.202240
0.320769 -0.323376 2.592760
0.314996 -0.293311 2.622950
0.303565 -0.112921 2.625510
0.331260 0.054103 2.617570
0.179600 -0.204758 2.591280
0.135587 -0.361911 2.535690
0.081172 -0.435594 2.707120
0.048744 -0.438975 2.751920
0.444560 -0.224637 2.615960
0.560281 -0.253378 2.462820
0.505946 -0.062117 2.377710
0.499105 -0.015305 2.337730
0.270198 -0.387798 2.571490
0.215167 -0.539772 2.254320
0.157567 -0.796256 2.204710
0.167689 -0.824128 2.138360
0.381264 -0.375833 2.592160
0.483971 -0.543519 2.312360
0.480265 -0.823246 2.193180
0.451761 -0.883053 2.202320
0.320442 -0.324370 2.592820
0.314825 -0.293896 2.623110
0.302856 -0.112529 2.626040
0.330982 0.054174 2.617780
0.179360 -0.204750 2.591930
0.135564 -0.362359 2.536580
0.080382 -0.435192 2.708290
0.041705 -0.448490 2.737330
0.443000 -0.222827 2.616380
0.560632 -0.255783 2.465560
0.507254 -0.065806 2.377990
0.501821 -0.018713 2.337150
0.269801 -0.388209 2.571570
0.212980 -0.541476 2.252960
0.157601 -0.796577 2.204870
0.167323 -0.824390 2.138460
0.381018 -0.377448 2.591920
0.483956 -0.543504 2.312290
0.480420 -0.823523 2.193110
0.451661 -0.883144 2.202400
0.320150 -0.325202 2.592870
0.314648 -0.294430 2.623240
0.302242 -0.112239 2.626510
0.330677 0.054191 2.617870
0.179175 -0.204748 2.592610
0.135542 -0.362735 2.537320
0.079922 -0.435104 2.709070
0.036902 -0.449254 2.729310
0.441866 -0.221304 2.616880
0.560850 -0.258012 2.467910
0.507792 -0.070507 2.386470
0.504564 -0.024252 2.371320
0.269426 -0.388574 2.571630
0.211247 -0.542977 2.251760
0.157632 -0.796877 2.205020
0.166996 -0.824628 2.138550
0.380813 -0.378667 2.591730
0.483926 -0.543470 2.312260
0.480543 -0.823711 2.193060
0.451558 -0.883240 2.202480
0.319921 -0.325839 2.592900
0.314449 -0.294895 2.623340
0.301722 -0.112031 2.626910
0.330409 0.054198 2.617960
0.179060 -0.204753 2.593160
0.135502 -0.363035 2.537930
0.079581 -0.435071 2.709680
0.033712 -0.446935 2.724830
0.441785 -0.218748 2.618790
0.561028 -0.259437 2.469470
0.506963 -0.072786 2.397710
0.500832 -0.026070 2.409490
0.269101 -0.388892 2.571680
0.209936 -0.544221 2.250700
0.157658 -0.797155 2.205160
0.166799 -0.824816 2.138640
0.380681 -0.379545 2.591570
0.483821 -0.543284 2.312420
0.480626 -0.823778 2.193040
0.451445 -0.883336 2.202580
0.319735 -0.326340 2.592930
0.314266 -0.295297 2.623430
0.301271 -0.111889 2.627270
0.330120 0.054207 2.617940
0.178974 -0.204756 2.593620
0.135463 -0.363259 2.538400
0.079467 -0.435417 2.710100
0.032947 -0.440791 2.720910
0.441657 -0.216981 2.620170
0.561026 -0.260339 2.470590
0.501986 -0.073062 2.414660
0.478588 -0.032416 2.443640
0.268823 -0.389155 2.571700
0.208926 -0.545196 2.249860
0.157687 -0.797442 2.205320
0.166635 -0.825007 2.138740
0.380593 -0.380165 2.591460
0.483882 -0.543478 2.312190
0.480740 -0.823993 2.192960
0.451353 -0.883412 2.202630
0.319587 -0.326721 2.592940
0.314103 -0.295625 2.623490
0.300907 -0.111788 2.627550
0.329862 0.054210 2.617920
0.178897 -0.204759 2.593980
0.135420 -0.363386 2.538750
0.079586 -0.436107 2.710360
0.033619 -0.434974 2.718090
0.441617 -0.215637 2.621260
0.560874 -0.261085 2.471510
0.496215 -0.073115 2.436270
0.473661 -0.034124 2.452920
0.268582 -0.389373 2.571690
0.208225 -0.546061 2.249110
0.157722 -0.797699 2.205410
0.166514 -0.825174 2.138790
0.380529 -0.380621 2.591380
0.483915 -0.543660 2.312000
0.480873 -0.824139 2.192890
0.451270 -0.883479 2.202680
0.319472 -0.327012 2.592930
0.313961 -0.295894 2.623520
0.300629 -0.111727 2.627750
0.329568 0.054213 2.617820
0.178810 -0.204801 2.594200
0.135385 -0.363466 2.539010
0.079756 -0.436766 2.710480
0.034400 -0.430491 2.716150
0.441611 -0.214807 2.621990
0.560265 -0.262924 2.474570
0.492662 -0.076052 2.451190
0.469164 -0.031729 2.461380
0.268372 -0.389562 2.571660
0.208705 -0.545393 2.249330
0.157756 -0.797924 2.205500
0.166427 -0.825316 2.138830
0.380490 -0.380959 2.591310
0.483911 -0.543955 2.311690
0.480989 -0.824244 2.192830
0.451174 -0.883555 2.202730
0.319360 -0.327189 2.592920
0.313810 -0.296065 2.623530
0.300392 -0.111681 2.627890
0.329088 0.054216 2.617470
0.178676 -0.204790 2.594390
0.135353 -0.363536 2.539180
0.079912 -0.437286 2.710530
0.034940 -0.427376 2.714790
0.441567 -0.214229 2.622550
0.559608 -0.264278 2.477720
0.490167 -0.077691 2.461050
0.465769 -0.029116 2.467420
0.268092 -0.389658 2.571550
0.206660 -0.549555 2.247870
0.157764 -0.798061 2.205570
0.166353 -0.825401 2.138880
0.380456 -0.381196 2.591270
0.483899 -0.544253 2.311370
0.481064 -0.824308 2.192800
0.451083 -0.883627 2.202780
0.319258 -0.327300 2.592890
0.313573 -0.296186 2.623510
0.300156 -0.111635 2.627980
0.328590 0.054251 2.617040
0.178569 -0.204243 2.594970
0.135324 -0.363476 2.539290
0.080119 -0.437662 2.710430
0.035511 -0.424885 2.713670
0.438488 -0.208813 2.629070
0.541140 -0.278411 2.506140
0.485033 -0.085430 2.477570
0.463619 -0.028990 2.473080
0.267898 -0.389669 2.571450
0.205039 -0.552840 2.246280
0.157773 -0.798180 2.205640
0.166390 -0.825490 2.138950
0.380392 -0.381240 2.591240
0.483879 -0.544545 2.311050
0.481116 -0.824346 2.192780
0.450996 -0.883696 2.202820
0.319154 -0.327347 2.592860
0.313386 -0.296250 2.623480
0.299919 -0.111596 2.628010
0.327034 0.054483 2.616550
0.178406 -0.203675 2.595410
0.135384 -0.363204 2.539250
0.080423 -0.437938 2.710080
0.036113 -0.422849 2.712710
0.437959 -0.207716 2.630530
0.535940 -0.282766 2.516260
0.482983 -0.087914 2.484720
0.461924 -0.028700 2.477570
0.267706 -0.389627 2.571320
0.204009 -0.555213 2.245040
0.157781 -0.798283 2.205700
0.166383 -0.825557 2.138990
0.380341 -0.381212 2.591220
0.484125 -0.545343 2.309520
0.481157 -0.824371 2.192760
0.450915 -0.883762 2.202860
0.318854 -0.327270 2.592740
0.313001 -0.296264 2.623370
0.299590 -0.111706 2.627950
0.325829 0.054658 2.616160
0.178240 -0.203117 2.595800
0.135454 -0.362739 2.539080
0.080768 -0.438116 2.709590
0.036646 -0.421269 2.711950
0.437675 -0.207323 2.631670
0.533754 -0.285140 2.521030
0.482502 -0.128604 2.486820
0.462055 -0.064337 2.475700
0.266832 -0.389200 2.570930
0.203025 -0.557164 2.243880
0.157792 -0.798371 2.205760
0.166395 -0.825615 2.139040
0.380217 -0.381176 2.591170
0.484390 -0.546268 2.307460
0.481189 -0.824388 2.192740
0.450831 -0.883820 2.202890
0.318523 -0.327338 2.592500
0.312610 -0.296391 2.623150
0.299170 -0.111861 2.627730
0.324862 0.054797 2.615850
0.178098 -0.202624 2.596080
0.135503 -0.362334 2.538740
0.081121 -0.438228 2.708950
0.059140 -0.456707 2.692680
0.430350 -0.207471 2.630200
0.532490 -0.286892 2.524430
0.482346 -0.146585 2.487250
0.462036 -0.083168 2.474540
0.266274 -0.388980 2.570530
0.203992 -0.551203 2.251850
0.157852 -0.798463 2.205750
0.166418 -0.825674 2.139030
0.380013 -0.381106 2.591080
0.484508 -0.547225 2.305050
0.481210 -0.824388 2.192730
0.450766 -0.883860 2.202910
0.318201 -0.327411 2.592240
0.312239 -0.296511 2.622900
0.298797 -0.112044 2.627340
0.324134 0.054879 2.615520
0.177956 -0.202150 2.596260
0.135560 -0.361957 2.538350
0.080817 -0.436276 2.708350
0.056149 -0.458172 2.688890
0.427028 -0.207448 2.629580
0.515908 -0.208664 2.514230
0.432433 -0.115976 2.444230
0.409741 -0.080900 2.427680
0.265813 -0.388777 2.570130
0.202228 -0.552324 2.251060
0.157895 -0.798517 2.205750
0.166431 -0.825705 2.139030
0.379762 -0.381019 2.591000
0.484670 -0.548247 2.302450
0.481225 -0.824380 2.192730
0.450708 -0.883895 2.202930
0.317965 -0.327422 2.591990
0.311801 -0.296572 2.622570
0.298510 -0.112278 2.626640
0.323535 0.054918 2.615130
0.177827 -0.201747 2.596360
0.135669 -0.361649 2.537780
0.080865 -0.435460 2.707710
0.048252 -0.449074 2.690280
0.423000 -0.202554 2.632940
0.501951 -0.170676 2.510380
0.421217 -0.094293 2.417990
0.396753 -0.070647 2.399550
0.265554 -0.388563 2.569810
0.206840 -0.547153 2.254420
0.157935 -0.798557 2.205760
0.166722 -0.825738 2.139040
0.379510 -0.380828 2.590930
0.484801 -0.548990 2.300420
0.481234 -0.824356 2.192720
0.450660 -0.883917 2.202930
0.317740 -0.327431 2.591730
0.311420 -0.296622 2.622260
0.298233 -0.112460 2.625950
0.323053 0.054791 2.614610
0.177671 -0.201293 2.596270
0.135746 -0.361414 2.537160
0.081011 -0.435043 2.707100
0.042858 -0.438506 2.693070
0.423302 -0.203804 2.633560
0.497591 -0.153394 2.505870
0.404147 -0.078474 2.415810
0.381162 -0.063004 2.394800
0.265341 -0.388379 2.569500
0.208293 -0.546302 2.254470
0.157965 -0.798578 2.205760
0.166899 -0.825736 2.139060
0.379283 -0.380721 2.590830
0.485374 -0.549648 2.298130
0.481215 -0.824333 2.192710
0.450616 -0.883938 2.202940
0.317524 -0.327391 2.591460
0.311099 -0.296633 2.621950
0.298087 -0.112791 2.625100
0.322654 0.054636 2.614100
0.177524 -0.200859 2.596140
0.135801 -0.361371 2.536410
0.081257 -0.434905 2.706400
0.040128 -0.433177 2.694180
0.425055 -0.206550 2.633370
0.495131 -0.143379 2.502550
0.392212 -0.069043 2.421400
0.367026 -0.055238 2.399160
0.265116 -0.388145 2.569100
0.209326 -0.546481 2.253540
0.157993 -0.798593 2.205760
0.167025 -0.825734 2.139070
0.379077 -0.380628 2.590740
0.485850 -0.550134 2.296360
0.481183 -0.824306 2.192700
0.450580 -0.883954 2.202930
0.317316 -0.327295 2.591140
0.310927 -0.296581 2.621650
0.298009 -0.112997 2.624110
0.322350 0.054502 2.613610
0.177325 -0.200344 2.595660
0.135820 -0.361423 2.535670
0.081310 -0.434227 2.705910
0.038439 -0.431490 2.694000
0.443454 -0.228770 2.616080
0.497109 -0.137659 2.493690
0.373506 -0.075879 2.454980
0.338441 -0.060769 2.442390
0.264833 -0.387818 2.568540
0.209972 -0.547214 2.252110
0.158025 -0.798603 2.205770
0.167011 -0.825736 2.139060
0.378950 -0.380619 2.590660
0.486260 -0.550393 2.295170
0.481154 -0.824279 2.192700
0.450539 -0.883977 2.202920
0.317228 -0.325391 2.590190
0.310981 -0.295566 2.620870
0.298268 -0.113236 2.622830
0.322121 0.054378 2.613180
0.177114 -0.199907 2.595130
0.135845 -0.361899 2.534770
0.081414 -0.434019 2.705530
0.036989 -0.429560 2.694610
0.463119 -0.234894 2.609210
0.502993 -0.126801 2.448940
0.356805 -0.117170 2.458860
0.337643 -0.143936 2.451610
0.264395 -0.387246 2.567790
0.210646 -0.546617 2.251870
0.158072 -0.798606 2.205770
0.167009 -0.825732 2.139050
0.379134 -0.380304 2.590350
0.486365 -0.548195 2.297890
0.481141 -0.824271 2.192680
0.450500 -0.884004 2.202900
0.317141 -0.323539 2.588960
0.311173 -0.294239 2.619700
0.298597 -0.112869 2.620960
0.322106 0.054204 2.612640
0.176944 -0.199538 2.594540
0.135786 -0.362449 2.534040
0.081478 -0.433887 2.705280
0.035817 -0.428001 2.695600
0.466519 -0.233550 2.604230
0.536237 -0.150829 2.416510
0.413427 -0.094412 2.418470
0.394423 -0.087398 2.409350
0.263930 -0.386528 2.566920
0.211037 -0.546254 2.251690
0.158121 -0.798595 2.205770
0.166882 -0.825703 2.139030
0.379457 -0.379683 2.589370
0.486367 -0.545891 2.300910
0.481134 -0.824243 2.192660
0.450474 -0.884026 2.202840
0.316945 -0.321774 2.587300
0.311470 -0.292796 2.618090
0.298904 -0.112236 2.619050
0.322283 0.053845 2.611710
0.176792 -0.199203 2.593930
0.135724 -0.362908 2.533540
0.081570 -0.433862 2.705080
0.035156 -0.426350 2.696770
0.465502 -0.227416 2.596230
0.561768 -0.169738 2.398040
0.496796 -0.071809 2.351260
0.477525 -0.048081 2.337190
0.263327 -0.385664 2.565740
0.211276 -0.546011 2.251530
0.158175 -0.798577 2.205770
0.166432 -0.825636 2.138980
0.379736 -0.378674 2.587020
0.486761 -0.543802 2.303590
0.481131 -0.824185 2.192640
0.450472 -0.884031 2.202790
0.315797 -0.319870 2.584280
0.311393 -0.291005 2.615390
0.299318 -0.110142 2.616260
0.322584 0.053624 2.610750
0.176664 -0.198927 2.593390
0.135672 -0.363193 2.533250
0.081644 -0.433876 2.704970
0.034719 -0.425029 2.698060
0.458412 -0.214514 2.584860
0.571262 -0.175596 2.389250
0.542017 -0.017696 2.316310
0.530707 0.036363 2.293400
0.261776 -0.384412 2.564000
0.211336 -0.545912 2.251280
0.158227 -0.798556 2.205770
0.165440 -0.825531 2.138910
0.377145 -0.376235 2.578980
0.488472 -0.546641 2.302280
0.481127 -0.824219 2.192590
0.450482 -0.884000 2.202750
0.314835 -0.318011 2.580980
0.311586 -0.288963 2.612170
0.300267 -0.107191 2.613060
0.323226 0.054173 2.609490
0.176555 -0.198689 2.592930
0.135624 -0.363347 2.533220
0.081756 -0.434003 2.705080
0.035356 -0.421962 2.702200
0.453195 -0.203141 2.576390
0.576665 -0.178474 2.382860
0.564960 0.015962 2.291100
0.554446 0.074942 2.268430
0.260464 -0.383360 2.562530
0.211147 -0.545958 2.250840
0.158273 -0.798537 2.205770
0.164117 -0.825430 2.138840
0.375384 -0.373123 2.570460
0.490350 -0.551159 2.299260
0.481122 -0.824238 2.192540
0.450502 -0.883954 2.202720
0.313941 -0.316292 2.577530
0.311919 -0.287200 2.608780
0.302365 -0.107143 2.608750
0.324214 0.056042 2.607560
0.176413 -0.198176 2.592470
0.135571 -0.363413 2.533490
0.081910 -0.434248 2.705400
0.035098 -0.425190 2.704070
0.449048 -0.193420 2.569580
0.578671 -0.179878 2.378470
0.563777 0.024667 2.286090
0.566850 0.093267 2.255210
0.259260 -0.382390 2.561220
0.212266 -0.544610 2.250640
0.158311 -0.798520 2.205770
0.162491 -0.825344 2.138800
0.373657 -0.370264 2.561860
0.491891 -0.555084 2.296420
0.481122 -0.824245 2.192510
0.450565 -0.883887 2.202710
0.313078 -0.314610 2.573940
0.312393 -0.285601 2.605170
0.304343 -0.107581 2.604730
0.322757 0.060329 2.604080
0.175913 -0.196599 2.592440
0.135549 -0.362817 2.534670
0.082595 -0.435183 2.706130
0.035621 -0.428585 2.706150
0.445455 -0.186308 2.563680
0.575113 -0.179003 2.374740
0.558997 0.031200 2.281490
0.570211 0.105305 2.247550
0.258154 -0.381483 2.560070
0.212509 -0.544306 2.250530
0.158350 -0.798501 2.205760
0.160448 -0.825254 2.138770
0.372097 -0.367699 2.554240
0.493515 -0.558334 2.293920
0.481152 -0.824282 2.192540
0.450708 -0.883765 2.202670
0.312219 -0.312881 2.570210
0.312926 -0.284107 2.601410
0.305927 -0.108074 2.601430
0.320712 0.063946 2.600540
0.175082 -0.194467 2.592740
0.135695 -0.362205 2.535920
0.083473 -0.436133 2.706970
0.036560 -0.432499 2.707070
0.442379 -0.180844 2.557850
0.570820 -0.179915 2.371110
0.543899 0.028326 2.280260
0.553778 0.104119 2.248870
0.257104 -0.380638 2.559000
0.212036 -0.544887 2.249250
0.158420 -0.798468 2.205740
0.158295 -0.825124 2.138670
0.370666 -0.365134 2.546960
0.494900 -0.560757 2.292220
0.481342 -0.824347 2.192930
0.450898 -0.883602 2.202680
0.312416 -0.310474 2.565250
0.315392 -0.280829 2.595350
0.313653 -0.099065 2.592380
0.317686 0.066906 2.596870
0.176068 -0.188198 2.594080
0.136327 -0.358875 2.539530
0.084292 -0.436805 2.707960
0.037315 -0.435252 2.707830
0.439466 -0.176254 2.550480
0.555146 -0.177824 2.359890
0.512157 0.026317 2.288720
0.497529 0.074842 2.299860
0.256744 -0.379102 2.557510
0.211463 -0.545499 2.248190
0.158516 -0.798431 2.205690
0.155804 -0.825076 2.138640
0.370050 -0.362134 2.540210
0.497164 -0.563255 2.290660
0.482222 -0.824596 2.194630
0.451118 -0.883435 2.202720
0.311985 -0.307731 2.559740
0.316350 -0.277505 2.589160
0.310451 -0.097936 2.582770
0.308193 0.072405 2.590520
0.176810 -0.183759 2.595070
0.136819 -0.356192 2.542370
0.085075 -0.437489 2.708840
0.037816 -0.436718 2.708620
0.435692 -0.168003 2.544300
0.539897 -0.179261 2.352260
0.480649 0.013891 2.300510
0.473828 0.060770 2.320420
0.256464 -0.377300 2.555740
0.210757 -0.546092 2.247510
0.158649 -0.798404 2.205620
0.153751 -0.825181 2.138630
0.369215 -0.358785 2.533830
0.500648 -0.565910 2.288280
0.483153 -0.824938 2.196520
0.451510 -0.883212 2.202870
0.311647 -0.305512 2.555360
0.317126 -0.275143 2.584570
0.310976 -0.095598 2.578750
0.303028 0.075511 2.586770
0.177266 -0.180844 2.595740
0.137168 -0.354199 2.544600
0.085787 -0.438146 2.709670
0.038656 -0.436432 2.709830
0.433334 -0.162302 2.539170
0.528499 -0.179977 2.345180
0.465675 0.006240 2.305410
0.443721 0.037890 2.340530
0.256116 -0.375454 2.553870
0.210327 -0.546246 2.247140
0.158808 -0.798386 2.205520
0.151874 -0.825244 2.138620
0.368419 -0.356033 2.528600
0.503444 -0.567805 2.286430
0.484097 -0.825275 2.198410
0.451947 -0.882989 2.203030
0.310578 -0.303544 2.550890
0.316853 -0.273167 2.579990
0.307615 -0.094990 2.574150
0.299774 0.077808 2.584130
0.177472 -0.179013 2.596170
0.137407 -0.353014 2.546230
0.086393 -0.438847 2.710540
0.041886 -0.430749 2.713120
0.431407 -0.158021 2.533290
0.505757 -0.174879 2.328670
0.454980 0.000079 2.306560
0.431563 0.029138 2.346850
0.255669 -0.373862 2.552170
0.209708 -0.546412 2.246750
0.158985 -0.798396 2.205430
0.150011 -0.825417 2.138720
0.367066 -0.353810 2.522380
0.505838 -0.569187 2.284820
0.485330 -0.825760 2.200830
0.452418 -0.882775 2.203210
0.310150 -0.300405 2.546240
0.317714 -0.270704 2.575330
0.315583 -0.093714 2.569960
0.299560 0.081588 2.580960
0.176358 -0.178780 2.596740
0.137583 -0.352339 2.547360
0.086889 -0.439539 2.711340
0.044365 -0.426352 2.716010
0.428918 -0.152934 2.524500
0.493305 -0.169178 2.316050
0.436722 -0.033875 2.259130
0.410046 0.010516 2.269760
0.254873 -0.371597 2.550350
0.208289 -0.546973 2.245990
0.159156 -0.798409 2.205350
0.147716 -0.825507 2.138950
0.365845 -0.350373 2.514560
0.507601 -0.570107 2.283630
0.486581 -0.826110 2.203260
0.452978 -0.882556 2.203440
0.315329 -0.286352 2.538520
0.324843 -0.261608 2.568100
0.324914 -0.093247 2.567280
0.300121 0.084357 2.578040
0.174093 -0.180228 2.597050
0.137737 -0.351909 2.548190
0.087326 -0.440269 2.712000
0.040700 -0.430780 2.745900
0.428097 -0.148765 2.506520
0.472130 -0.129250 2.290430
0.417836 -0.013125 2.224600
0.383828 0.027806 2.232600
0.254799 -0.365523 2.548820
0.207915 -0.546401 2.246850
0.159379 -0.798428 2.205230
0.136100 -0.824287 2.211330
0.368769 -0.338379 2.497210
0.508914 -0.570714 2.282710
0.487678 -0.826289 2.205390
0.453551 -0.882326 2.203690
0.332082 -0.234591 2.524040
0.347935 -0.208638 2.549780
0.355032 -0.041803 2.544790
0.297138 0.096157 2.574220
0.171895 -0.181845 2.596920
0.137858 -0.351643 2.548830
0.087677 -0.440900 2.712550
0.042834 -0.427297 2.746120
0.439075 -0.093930 2.462400
0.462029 -0.090020 2.265080
0.397688 0.063363 2.218490
0.360592 0.094312 2.212040
0.266773 -0.323600 2.540730
0.208061 -0.544813 2.249460
0.159605 -0.798454 2.205120
0.129613 -0.823807 2.254670
0.379894 -0.290101 2.485120
0.509880 -0.571101 2.282000
0.488590 -0.826286 2.207130
0.454145 -0.882110 2.203970
0.344563 -0.175799 2.516260
0.364079 -0.146565 2.539770
0.373058 0.026628 2.534340
0.277689 0.133857 2.565380
0.170321 -0.182827 2.596940
0.137958 -0.351486 2.549320
0.087965 -0.441441 2.712990
0.044772 -0.424296 2.743580
0.446591 -0.024774 2.440040
0.461350 -0.091487 2.295290
0.394582 0.077137 2.221550
0.332992 0.239539 2.155890
0.276969 -0.274236 2.535370
0.210001 -0.541115 2.260880
0.159793 -0.798485 2.205040
0.127245 -0.823598 2.270560
0.390209 -0.235562 2.479030
0.508918 -0.563955 2.284640
0.489244 -0.826209 2.208450
0.454740 -0.881922 2.204240
0.348935 -0.152888 2.514330
0.369273 -0.127365 2.536980
0.377284 -0.003500 2.537540
0.283050 0.131815 2.562700
0.169058 -0.183617 2.596930
0.138040 -0.351365 2.549670
0.088196 -0.441834 2.713290
0.044951 -0.424718 2.737960
0.449863 -0.024433 2.433370
0.438698 -0.039369 2.301850
0.372718 0.129648 2.208250
0.338844 0.218187 2.156120
0.279782 -0.251167 2.535280
0.211509 -0.538714 2.268020
0.159958 -0.798517 2.204960
0.125730 -0.823474 2.280510
0.392135 -0.215994 2.477350
0.507891 -0.558533 2.286600
0.489748 -0.826089 2.209510
0.455330 -0.881701 2.204530
0.350997 -0.140425 2.513980
0.371756 -0.116558 2.536510
0.382520 -0.005793 2.538140
0.289225 0.125049 2.562400
0.167956 -0.184220 2.596790
0.138128 -0.351327 2.549840
0.088407 -0.442116 2.713450
0.044691 -0.426764 2.730960
0.451942 -0.036770 2.434700
0.442636 -0.023781 2.304620
0.409839 0.114460 2.217720
0.389989 0.163157 2.173970
0.280198 -0.235885 2.535730
0.212623 -0.536095 2.272840
0.160101 -0.798561 2.204890
0.125673 -0.823192 2.284290
0.391310 -0.204949 2.478420
0.506181 -0.552582 2.288890
0.490125 -0.825978 2.210310
0.455854 -0.881539 2.204810
0.347602 -0.138219 2.517000
0.366284 -0.118278 2.541150
0.381450 -0.012913 2.540160
0.294014 0.118799 2.562810
0.166933 -0.184406 2.596590
0.138221 -0.351225 2.549730
0.088724 -0.442298 2.713350
0.044917 -0.427389 2.724330
0.443845 -0.118182 2.463120
0.443122 -0.005950 2.314000
0.409861 0.131245 2.216140
0.396314 0.176822 2.164400
0.276556 -0.223757 2.535100
0.212822 -0.532819 2.275980
0.160219 -0.798618 2.204840
0.131873 -0.825780 2.182080
0.378378 -0.216843 2.489350
0.505667 -0.550551 2.289570
0.490396 -0.825888 2.210920
0.461353 -0.862500 2.171480
0.339054 -0.149074 2.521610
0.357355 -0.129306 2.546430
0.380682 -0.015851 2.541180
0.296045 0.116961 2.562690
0.165613 -0.183900 2.595800
0.138299 -0.351123 2.549010
0.089149 -0.442333 2.712850
0.045068 -0.427886 2.718640
0.440632 -0.148199 2.472460
0.444373 0.002651 2.318380
0.419415 0.132198 2.218880
0.416996 0.151835 2.171250
0.272945 -0.217149 2.534640
0.212821 -0.530724 2.277950
0.160316 -0.798680 2.204800
0.133934 -0.826809 2.149520
0.367967 -0.232014 2.497220
0.505355 -0.549239 2.289970
0.490598 -0.825805 2.211400
0.464200 -0.853692 2.155920
0.328381 -0.172102 2.525170
0.347215 -0.150431 2.550960
0.379366 -0.018674 2.542690
0.297889 0.114985 2.563090
0.164456 -0.183307 2.594980
0.138198 -0.350805 2.547310
0.089681 -0.442026 2.711660
0.044939 -0.428979 2.713500
0.438503 -0.164686 2.478270
0.462556 -0.001902 2.325330
0.429428 0.121963 2.221880
0.426840 0.124721 2.175040
0.264715 -0.219934 2.535000
0.212695 -0.529760 2.278890
0.160403 -0.798749 2.204770
0.135424 -0.827467 2.127730
0.358072 -0.256439 2.496660
0.506254 -0.552060 2.287540
0.490733 -0.825734 2.211780
0.465442 -0.849537 2.148610
0.323089 -0.195446 2.524760
0.340867 -0.169441 2.551530
0.375374 -0.021562 2.543360
0.298608 0.113395 2.563110
0.162958 -0.183175 2.593250
0.138188 -0.349818 2.545240
0.090260 -0.441186 2.709870
0.044739 -0.429975 2.709040
0.437413 -0.173688 2.481680
0.475760 -0.008204 2.330580
0.435760 0.112042 2.226150
0.430000 0.110154 2.178270
0.260340 -0.251458 2.525730
0.212177 -0.529421 2.279240
0.160479 -0.798815 2.204750
0.136162 -0.827809 2.116250
0.356211 -0.270986 2.497490
0.507642 -0.556267 2.284380
0.490821 -0.825673 2.212070
0.466292 -0.847021 2.144160
0.320694 -0.204997 2.524740
0.337941 -0.178334 2.551850
0.374253 -0.022761 2.543940
0.299592 0.112238 2.563320
0.161699 -0.183099 2.591770
0.138217 -0.348864 2.543400
0.090745 -0.440344 2.708210
0.044580 -0.430641 2.705960
0.436596 -0.177842 2.484540
0.485113 -0.014930 2.335920
0.438606 0.102946 2.234100
0.427412 0.099378 2.186130
0.256090 -0.258622 2.523070
0.211582 -0.529383 2.279170
0.160568 -0.798888 2.204720
0.132226 -0.827822 2.209810
0.355036 -0.277927 2.498300
0.508458 -0.559135 2.282360
0.490873 -0.825618 2.212300
0.466894 -0.845240 2.141010
0.319026 -0.210760 2.524840
0.336070 -0.182830 2.552180
0.365153 0.007460 2.541080
0.299205 0.123603 2.562300
0.160602 -0.183247 2.590590
0.138184 -0.347908 2.541890
0.091069 -0.439458 2.706830
0.039246 -0.435185 2.738000
0.436412 -0.176883 2.486880
0.492108 -0.021361 2.341150
0.415546 0.044204 2.237700
0.395202 0.049816 2.183960
0.252903 -0.263992 2.522410
0.211062 -0.529448 2.279000
0.160649 -0.798954 2.204690
0.131563 -0.828557 2.234100
0.354337 -0.282720 2.499050
0.509126 -0.561475 2.280830
0.490901 -0.825578 2.212490
0.467377 -0.844498 2.139300
0.311466 -0.205506 2.532380
0.324199 -0.166895 2.561060
0.367882 0.052330 2.543770
0.368862 0.180532 2.484900
0.256071 -0.000003 2.529780
0.193045 -0.191517 2.524030
0.130815 -0.336946 2.648780
0.036545 -0.436773 2.752620
0.438929 -0.171980 2.488860
0.506228 -0.046817 2.354760
0.416975 0.025582 2.269280
0.391883 0.058714 2.255450
0.239955 -0.229160 2.544470
0.210185 -0.512799 2.292130
0.160695 -0.798995 2.204670
0.147842 -0.829297 2.177630
0.346972 -0.284529 2.509020
0.507253 -0.559878 2.282890
0.490897 -0.825558 2.212640
0.471385 -0.845737 2.139020
0.304437 -0.198726 2.538790
0.316616 -0.156728 2.565260
0.367361 0.067762 2.543660
0.394528 0.199789 2.457070
0.276100 0.040579 2.516690
0.200905 -0.143778 2.526810
0.140875 -0.298602 2.632760
0.094787 -0.376978 2.702640
0.441713 -0.168158 2.491460
0.512121 -0.056499 2.360230
0.418420 0.027768 2.306440
0.387714 0.061622 2.288950
0.231725 -0.211285 2.554090
0.209611 -0.508483 2.295690
0.160729 -0.799028 2.204660
0.154396 -0.830054 2.159550
0.332894 -0.277300 2.531260
0.498319 -0.547998 2.294950
0.490877 -0.825542 2.212760
0.467781 -0.867426 2.181860
0.299452 -0.194839 2.542960
0.311447 -0.153221 2.567460
0.360394 0.036053 2.545710
0.411045 0.191550 2.449640
0.288823 0.068509 2.509060
0.207821 -0.115455 2.526130
0.146629 -0.278532 2.623410
0.099185 -0.311888 2.661480
0.444811 -0.164942 2.495260
0.516110 -0.063502 2.363870
0.418837 0.028200 2.326650
0.386498 0.065409 2.311360
0.227756 -0.206228 2.557810
0.209564 -0.506169 2.297440
0.160754 -0.799062 2.204650
0.159250 -0.830317 2.144720
0.324671 -0.274565 2.541030
0.493279 -0.541632 2.301560
0.490842 -0.825533 2.212860
0.465324 -0.879868 2.206490
0.296340 -0.192256 2.545580
0.308083 -0.151024 2.568640
0.355169 0.022786 2.545790
0.426122 0.188683 2.442580
0.288047 0.068511 2.510210
0.211776 -0.097781 2.525700
0.147352 -0.270429 2.620530
0.100579 -0.272169 2.628190
0.446628 -0.165902 2.499870
0.526453 -0.081605 2.368330
0.426945 0.021970 2.348390
0.390707 0.063758 2.330950
0.225206 -0.202876 2.560050
0.216844 -0.508617 2.449460
0.169526 -0.756557 2.245370
0.171889 -0.786739 2.172910
0.320306 -0.273831 2.546820
0.490558 -0.538355 2.305260
0.490792 -0.825529 2.212940
0.464335 -0.884877 2.216380
0.294888 -0.190498 2.547570
0.306132 -0.149672 2.569520
0.353224 0.016197 2.546300
0.430386 0.159683 2.454590
0.286951 0.068228 2.514320
0.210556 -0.091370 2.528120
0.148776 -0.262492 2.617860
0.102632 -0.259174 2.617170
0.448598 -0.167230 2.503750
0.545471 -0.114702 2.371740
0.446010 0.000723 2.371530
0.403428 0.051949 2.350570
0.227545 -0.206288 2.557010
0.221141 -0.508498 2.494830
0.175359 -0.732957 2.267160
0.178975 -0.763464 2.189070
0.319658 -0.272798 2.553920
0.488717 -0.535638 2.308450
0.490678 -0.825537 2.212960
0.463846 -0.887886 2.222220
0.294611 -0.189522 2.549430
0.305332 -0.149834 2.570310
0.357778 -0.005186 2.552890
0.429606 0.131220 2.463850
0.286132 0.069366 2.517880
0.211554 -0.113440 2.531690
0.148989 -0.264062 2.619910
0.104139 -0.260631 2.610320
0.458557 -0.190526 2.518920
0.551014 -0.153574 2.387630
0.454924 -0.013833 2.382950
0.417547 0.032569 2.365620
0.229971 -0.210725 2.555600
0.224354 -0.511543 2.508760
0.177109 -0.725578 2.274030
0.182598 -0.755959 2.192740
0.322370 -0.281501 2.556450
0.489746 -0.537641 2.307600
0.490549 -0.825556 2.212950
0.482382 -0.871391 2.180990
0.301144 -0.195648 2.553610
0.309910 -0.165293 2.574130
0.356426 -0.047629 2.571530
0.380285 0.087600 2.497520
0.272548 0.050494 2.530570
0.207993 -0.135537 2.536480
0.143141 -0.287122 2.633400
0.114624 -0.330162 2.659290
0.475814 -0.179648 2.560340
0.550315 -0.176493 2.405070
0.461718 -0.025997 2.389400
0.428067 0.016842 2.373540
0.247472 -0.248992 2.546250
0.215950 -0.536473 2.504400
0.174338 -0.740552 2.270920
0.187887 -0.767413 2.193970
0.329346 -0.287835 2.558240
0.491472 -0.540008 2.305980
0.490303 -0.825634 2.212820
0.500917 -0.859619 2.153450
0.310210 -0.247827 2.558450
0.315718 -0.221186 2.579590
0.338391 -0.084606 2.586980
0.314859 0.066424 2.550870
0.182795 -0.135383 2.611690
0.153608 -0.311863 2.552430
0.098735 -0.406883 2.699840
0.062366 -0.404226 2.696950
0.480217 -0.175856 2.575860
0.547787 -0.191785 2.417950
0.446784 -0.078239 2.375520
0.419626 -0.032576 2.363500
0.251316 -0.320576 2.548150
0.201062 -0.592606 2.478430
0.161900 -0.798205 2.245260
0.176763 -0.767560 2.200390
0.360033 -0.323368 2.548160
0.502438 -0.556114 2.290720
0.489988 -0.825794 2.212570
0.498204 -0.854267 2.140210
0.313676 -0.286126 2.560820
0.318135 -0.257071 2.582780
0.332642 -0.097833 2.592390
0.274571 0.059088 2.582170
0.160920 -0.183952 2.630360
0.139650 -0.357266 2.559080
0.083798 -0.447280 2.722740
0.042321 -0.450568 2.714130
0.468411 -0.169318 2.590170
0.540409 -0.203639 2.428880
0.445939 -0.090156 2.380800
0.443970 -0.049634 2.392350
0.250514 -0.365816 2.552070
0.195106 -0.612758 2.477770
0.153631 -0.832867 2.230060
0.168345 -0.768802 2.203990
0.371991 -0.344244 2.542320
0.507101 -0.562744 2.283780
0.489667 -0.825977 2.212280
0.495961 -0.851478 2.133040
0.313871 -0.308278 2.562370
0.318185 -0.277084 2.584780
0.328843 -0.106222 2.595520
0.261130 0.054986 2.591120
0.151263 -0.211257 2.636910
0.130732 -0.383514 2.562020
0.075127 -0.470391 2.735730
0.031646 -0.471378 2.723100
0.449043 -0.164552 2.596470
0.530393 -0.262033 2.464300
0.448230 -0.132044 2.386070
0.453590 -0.077001 2.390690
0.250674 -0.385919 2.554860
0.203165 -0.636843 2.448250
0.154167 -0.850626 2.216640
0.156789 -0.772617 2.211870
0.376332 -0.356404 2.539910
0.509339 -0.566079 2.280140
0.489289 -0.826236 2.211830
0.492639 -0.850226 2.128950
0.311860 -0.322889 2.564210
0.314971 -0.292505 2.587430
0.310173 -0.121495 2.597980
0.255472 0.052751 2.591280
0.150208 -0.220465 2.635490
0.127584 -0.395114 2.563020
0.072093 -0.478363 2.740470
0.025984 -0.481583 2.728250
0.433132 -0.162695 2.600440
0.518169 -0.323627 2.498150
0.472587 -0.204830 2.380750
0.469861 -0.141829 2.377850
0.250429 -0.398413 2.557180
0.226214 -0.643404 2.417260
0.160701 -0.858648 2.201990
0.148246 -0.779475 2.218750
0.375386 -0.367760 2.539780
0.510525 -0.568191 2.277790
0.488904 -0.826507 2.211300
0.471360 -0.869577 2.174160
0.310271 -0.332167 2.565710
0.312636 -0.301943 2.589410
0.302096 -0.128660 2.598970
0.253610 0.051618 2.589120
0.150898 -0.230358 2.631370
0.126472 -0.398502 2.563670
0.071022 -0.480267 2.742410
0.023027 -0.482574 2.730840
0.423989 -0.166960 2.602110
0.491600 -0.374030 2.514390
0.486425 -0.273398 2.360940
0.481780 -0.217115 2.349690
0.249440 -0.406282 2.560040
0.236345 -0.645939 2.403040
0.165514 -0.862038 2.192120
0.144136 -0.784409 2.222410
0.372536 -0.376993 2.541730
0.511339 -0.569662 2.276090
0.488525 -0.826740 2.210790
0.469828 -0.867419 2.167690
0.308621 -0.338230 2.566960
0.310501 -0.307971 2.590990
0.297266 -0.133286 2.598950
0.255676 0.050342 2.581960
0.152780 -0.235274 2.627620
0.125044 -0.405523 2.564590
0.069623 -0.482327 2.744790
0.021086 -0.480235 2.733580
0.418683 -0.173075 2.602340
0.483721 -0.394098 2.522300
0.503587 -0.394402 2.350380
0.499148 -0.350874 2.308600
0.247578 -0.409089 2.563400
0.284752 -0.629145 2.385200
0.187146 -0.844731 2.183890
0.141578 -0.790264 2.224130
0.368415 -0.384128 2.545150
0.511774 -0.570646 2.274850
0.488156 -0.826890 2.210330
0.470032 -0.864735 2.160820
0.306641 -0.341849 2.568260
0.308161 -0.311517 2.592570
0.293967 -0.136430 2.598540
0.260948 0.049827 2.574080
0.157728 -0.231366 2.621530
0.127195 -0.400399 2.564120
0.066669 -0.460106 2.740900
0.032937 -0.469212 2.773070
0.416331 -0.179849 2.601840
0.488009 -0.370920 2.567750
0.513186 -0.460033 2.400170
0.488601 -0.476382 2.304780
0.245426 -0.408702 2.566930
0.316077 -0.611377 2.373540
0.195301 -0.832497 2.180390
0.139490 -0.794190 2.225580
0.364819 -0.388917 2.548410
0.511849 -0.571186 2.274010
0.487756 -0.826995 2.209850
0.471111 -0.862165 2.154440
0.305128 -0.344396 2.569430
0.306360 -0.313882 2.593890
0.291940 -0.138426 2.597570
0.265795 0.048530 2.567410
0.162611 -0.226542 2.616090
0.129048 -0.396527 2.563500
0.065666 -0.452094 2.739390
0.036615 -0.467331 2.786250
0.415542 -0.185459 2.600870
0.468829 -0.370571 2.557050
0.472815 -0.510575 2.382690
0.453069 -0.570479 2.320770
0.244182 -0.408175 2.569560
0.327830 -0.606255 2.368230
0.199479 -0.826274 2.178300
0.138503 -0.797036 2.226330
0.362134 -0.392514 2.551520
0.511309 -0.570733 2.273930
0.487234 -0.826747 2.209260
0.472375 -0.859080 2.149070
0.303846 -0.345751 2.570440
0.304866 -0.315029 2.594970
0.291021 -0.139453 2.596220
0.269645 0.047533 2.562690
0.165742 -0.223397 2.612290
0.130496 -0.393057 2.562990
0.064883 -0.445771 2.738260
0.038784 -0.465478 2.794660
0.416303 -0.190775 2.599660
0.474170 -0.375830 2.571030
0.479462 -0.512220 2.390200
0.455345 -0.553171 2.367380
0.243344 -0.407237 2.571590
0.279749 -0.618012 2.385870
0.196268 -0.828611 2.176980
0.139573 -0.799164 2.225950
0.360359 -0.395011 2.553860
0.498317 -0.545622 2.301860
0.486559 -0.825619 2.208730
0.463090 -0.873776 2.183920
0.302757 -0.346071 2.571260
0.303661 -0.315113 2.595740
0.291337 -0.139673 2.594080
0.272583 0.046835 2.559480
0.167845 -0.220997 2.609770
0.131731 -0.389983 2.562410
0.064999 -0.443270 2.737350
0.041954 -0.465382 2.800180
0.417694 -0.195010 2.598430
0.488121 -0.376808 2.590750
0.480355 -0.505586 2.407850
0.455930 -0.567674 2.340470
0.242812 -0.405943 2.573020
0.299665 -0.613043 2.385080
0.198608 -0.825141 2.178420
0.140023 -0.800913 2.225430
0.359076 -0.396602 2.555640
0.495213 -0.541657 2.306760
0.486004 -0.825021 2.208120
0.458562 -0.881097 2.201230
0.302018 -0.345722 2.571850
0.302867 -0.314463 2.596170
0.292555 -0.139065 2.591640
0.275095 0.046260 2.557270
0.169335 -0.219101 2.608120
0.132669 -0.387502 2.561940
0.065361 -0.441644 2.736480
0.035438 -0.439110 2.767680
0.419120 -0.198061 2.597380
0.493032 -0.376845 2.598440
0.476559 -0.507790 2.414080
0.454383 -0.566014 2.344010
0.242724 -0.404458 2.574000
0.267837 -0.621311 2.394870
0.192752 -0.829750 2.178810
0.141805 -0.801872 2.224430
0.358225 -0.397601 2.556920
0.493173 -0.539326 2.309670
0.485503 -0.824398 2.207570
0.456456 -0.884490 2.209270
0.301469 -0.344857 2.572240
0.302298 -0.313308 2.596330
0.293848 -0.138233 2.589480
0.276996 0.045890 2.555640
0.170494 -0.217437 2.606930
0.133424 -0.385094 2.561430
0.066457 -0.441014 2.735270
0.033200 -0.424110 2.747420
0.420442 -0.200138 2.596570
0.499149 -0.349233 2.608010
0.474797 -0.473039 2.430280
0.450373 -0.582427 2.341300
0.242801 -0.402926 2.574560
0.276404 -0.617412 2.393220
0.192788 -0.829220 2.178980
0.142914 -0.802751 2.223650
0.357599 -0.398106 2.557930
0.491580 -0.538467 2.311110
0.485080 -0.823808 2.207100
0.455178 -0.886471 2.213970
0.301504 -0.343174 2.572340
0.302254 -0.311334 2.596060
0.295625 -0.136730 2.587250
0.278652 0.045758 2.554520
0.171399 -0.216073 2.605910
0.134157 -0.382660 2.560900
0.067855 -0.440979 2.733870
0.032615 -0.417370 2.738530
0.422386 -0.200980 2.596390
0.500927 -0.337093 2.610700
0.473562 -0.455202 2.436350
0.449055 -0.574135 2.335850
0.243442 -0.401080 2.574610
0.285690 -0.614109 2.391230
0.193067 -0.828608 2.179370
0.144006 -0.803379 2.222840
0.357571 -0.397727 2.558790
0.490625 -0.539153 2.310820
0.484730 -0.823290 2.206690
0.454247 -0.887866 2.217270
0.301852 -0.341013 2.572180
0.302519 -0.308945 2.595450
0.297404 -0.135050 2.585210
0.279927 0.045753 2.553680
0.172061 -0.214792 2.605140
0.134881 -0.380541 2.560330
0.069358 -0.441245 2.732430
0.032410 -0.413357 2.733360
0.424913 -0.200809 2.596530
0.499418 -0.344911 2.603990
0.471676 -0.453286 2.431100
0.447884 -0.545220 2.339920
0.244277 -0.399134 2.574280
0.260545 -0.620572 2.396470
0.186538 -0.833851 2.180680
0.145548 -0.803274 2.222080
0.357860 -0.396826 2.559420
0.490245 -0.540743 2.309420
0.484443 -0.822835 2.206350
0.453708 -0.888776 2.219350
0.302579 -0.338487 2.571820
0.303241 -0.306136 2.594540
0.300055 -0.132571 2.583010
0.281329 0.046046 2.553100
0.172580 -0.213424 2.604530
0.135523 -0.378698 2.559800
0.070751 -0.441609 2.731120
0.032326 -0.410668 2.729850
0.427474 -0.200214 2.596800
0.495096 -0.348627 2.592230
0.470249 -0.452299 2.426640
0.451343 -0.528641 2.341530
0.245448 -0.396872 2.573550
0.248627 -0.623529 2.399500
0.181392 -0.837749 2.182230
0.146944 -0.802794 2.221510
0.358368 -0.395618 2.559890
0.490210 -0.542808 2.307400
0.484207 -0.822436 2.206050
0.453520 -0.889201 2.220190
0.303374 -0.336061 2.571370
0.303981 -0.303581 2.593600
0.302052 -0.130597 2.581440
0.282422 0.046341 2.552800
0.172955 -0.212340 2.604070
0.136072 -0.376892 2.559300
0.072089 -0.442096 2.729900
0.031023 -0.416396 2.724930
0.430008 -0.199157 2.597310
0.492453 -0.350996 2.584730
0.468377 -0.455311 2.417050
0.455329 -0.512652 2.343430
0.246489 -0.394960 2.572820
0.242588 -0.625104 2.401220
0.177921 -0.840392 2.183450
0.148135 -0.802177 2.221040
0.359186 -0.393959 2.560050
0.490436 -0.545095 2.304820
0.484015 -0.822097 2.205800
0.453644 -0.889213 2.219970
0.304032 -0.334164 2.570970
0.304621 -0.301626 2.592790
0.303364 -0.129311 2.580450
0.283474 0.046683 2.552580
0.173218 -0.211450 2.603730
0.136491 -0.375500 2.558890
0.073203 -0.442558 2.728920
0.031084 -0.416569 2.723150
0.431320 -0.198799 2.597310
0.490822 -0.352724 2.579750
0.466940 -0.458106 2.410310
0.456897 -0.504893 2.344280
0.247360 -0.393440 2.572130
0.239173 -0.625946 2.402150
0.175505 -0.842192 2.184310
0.149153 -0.801550 2.220710
0.359926 -0.392478 2.560080
0.490897 -0.547380 2.302100
0.483859 -0.821807 2.205600
0.454016 -0.888912 2.218950
0.304578 -0.332711 2.570620
0.305150 -0.300152 2.592120
0.304308 -0.128384 2.579760
0.284378 0.047011 2.552490
0.173407 -0.210820 2.603470
0.136847 -0.374357 2.558570
0.074110 -0.442951 2.728140
0.031390 -0.416755 2.722100
0.432288 -0.198546 2.597250
0.489894 -0.356759 2.574710
0.465167 -0.463302 2.403130
0.457523 -0.500544 2.344590
0.248094 -0.392272 2.571520
0.191968 -0.634139 2.429810
0.148045 -0.848139 2.202930
0.152436 -0.799676 2.219150
0.360586 -0.391227 2.560020
0.491052 -0.549245 2.299980
0.483698 -0.821392 2.205370
0.454420 -0.888501 2.217670
0.305013 -0.331639 2.570340
0.305587 -0.299073 2.591580
0.304959 -0.127753 2.579280
0.285097 0.047294 2.552450
0.173544 -0.210363 2.603290
0.137123 -0.373479 2.558310
0.074845 -0.443332 2.727510
0.031946 -0.417040 2.721800
0.432940 -0.198340 2.597060
0.489396 -0.359794 2.571290
0.463185 -0.468099 2.398860
0.435663 -0.495634 2.367400
0.248687 -0.391425 2.571050
0.183542 -0.635881 2.434330
0.143152 -0.849837 2.205940
0.153915 -0.798360 2.218670
0.361148 -0.390196 2.559900
0.491286 -0.550846 2.298150
0.483558 -0.821016 2.205180
0.454843 -0.888041 2.216300
0.305324 -0.330889 2.570120
0.305948 -0.298288 2.591130
0.305471 -0.127272 2.578920
0.285672 0.047560 2.552470
0.173629 -0.210074 2.603240
0.137346 -0.372817 2.558120
0.075431 -0.443645 2.727030
0.032641 -0.417397 2.722130
0.433377 -0.198191 2.596710
0.489464 -0.361439 2.569410
0.462118 -0.470323 2.396710
0.432691 -0.504205 2.350170
0.249099 -0.390847 2.570690
0.284360 -0.614613 2.402740
0.170722 -0.832239 2.201390
0.153846 -0.798195 2.218520
0.361541 -0.389426 2.559770
0.491447 -0.552130 2.296720
0.483426 -0.820677 2.205020
0.455217 -0.887604 2.215020
0.305555 -0.330422 2.569940
0.306283 -0.297784 2.590720
0.305856 -0.126917 2.578650
0.286123 0.047781 2.552510
0.173686 -0.209866 2.603270
0.137531 -0.372393 2.557980
0.075875 -0.443904 2.726690
0.033378 -0.417800 2.722990
0.431812 -0.197467 2.594720
0.489916 -0.362438 2.568350
0.460473 -0.472714 2.396560
0.419940 -0.524344 2.346080
0.249449 -0.390455 2.570400
0.266058 -0.619534 2.409490
0.174952 -0.832723 2.198820
0.154236 -0.797921 2.218340
0.361815 -0.388857 2.559630
0.491640 -0.553345 2.295460
0.483307 -0.820344 2.204860
0.455534 -0.887231 2.213920
0.305756 -0.330099 2.569780
0.306574 -0.297450 2.590380
0.306186 -0.126652 2.578490
0.286495 0.047948 2.552540
0.173657 -0.209904 2.603350
0.137736 -0.372145 2.557850
0.076009 -0.443499 2.726560
0.031607 -0.430415 2.719860
0.431259 -0.197402 2.593630
0.490166 -0.363212 2.567230
0.458940 -0.474351 2.395810
0.419312 -0.530505 2.343280
0.249752 -0.390206 2.570170
0.243206 -0.625585 2.410180
0.171987 -0.836233 2.196800
0.154660 -0.797526 2.218280
0.362039 -0.388453 2.559490
0.491790 -0.554286 2.294520
0.483201 -0.820028 2.204740
0.455801 -0.886911 2.212980
0.305976 -0.329915 2.569610
0.306897 -0.297268 2.590050
0.306445 -0.126457 2.578360
0.286873 0.048110 2.552600
0.173611 -0.210036 2.603520
0.137934 -0.371930 2.557750
0.076579 -0.443803 2.726350
0.032416 -0.432010 2.721370
0.429519 -0.196844 2.592170
0.490558 -0.363465 2.566430
0.455157 -0.480406 2.400790
0.420122 -0.534340 2.341460
0.250122 -0.390092 2.569960
0.238848 -0.627432 2.409140
0.170871 -0.838777 2.194680
0.154928 -0.797288 2.218220
0.362234 -0.388126 2.559340
0.491912 -0.555059 2.293780
0.483107 -0.819723 2.204630
0.456019 -0.886633 2.212150
0.306209 -0.329790 2.569450
0.307235 -0.297148 2.589730
0.306686 -0.126299 2.578270
0.287210 0.048265 2.552650
0.173551 -0.210213 2.603730
0.138128 -0.371781 2.557660
0.076993 -0.444010 2.726210
0.033254 -0.432449 2.723230
0.428279 -0.196406 2.591100
0.491557 -0.363316 2.566560
0.454169 -0.484005 2.404480
0.422900 -0.537178 2.341690
0.250472 -0.390033 2.569760
0.236192 -0.628525 2.408310
0.169990 -0.840803 2.192920
0.155123 -0.797105 2.218200
0.362450 -0.387805 2.559160
0.492021 -0.555768 2.293100
0.483030 -0.819449 2.204520
0.456193 -0.886410 2.211460
0.306432 -0.329726 2.569290
0.307574 -0.297089 2.589420
0.307053 -0.126145 2.578150
0.287498 0.048398 2.552700
0.173482 -0.210408 2.603960
0.138433 -0.371780 2.557540
0.077396 -0.444235 2.726070
0.034375 -0.431975 2.725500
0.427365 -0.196062 2.590290
0.492511 -0.363174 2.566870
0.453664 -0.487710 2.409130
0.428677 -0.538453 2.342980
0.250784 -0.390021 2.569600
0.236493 -0.628648 2.406320
0.170296 -0.841943 2.190820
0.155243 -0.797009 2.218180
0.362634 -0.387546 2.559000
0.491932 -0.556390 2.292640
0.482965 -0.819187 2.204420
0.456340 -0.886185 2.210800
0.306684 -0.329709 2.569120
0.307960 -0.297067 2.589070
0.307600 -0.125934 2.577940
0.287743 0.048503 2.552740
0.173414 -0.210608 2.604190
0.138757 -0.371835 2.557410
0.077738 -0.444419 2.725950
0.035146 -0.431474 2.727200
0.426714 -0.195793 2.589710
0.493444 -0.362923 2.567370
0.471870 -0.489383 2.461280
0.428473 -0.540177 2.346160
0.251083 -0.390045 2.569450
0.210593 -0.631288 2.413740
0.162287 -0.845051 2.191590
0.155568 -0.796693 2.218220
0.362830 -0.387313 2.558840
0.491827 -0.556891 2.292300
0.482910 -0.818903 2.204320
0.456448 -0.886009 2.210260
0.306946 -0.329847 2.568970
0.308326 -0.297244 2.588770
0.308082 -0.126033 2.577880
0.287948 0.048568 2.552770
0.173341 -0.210852 2.604380
0.139049 -0.371936 2.557280
0.077987 -0.444576 2.725850
0.035599 -0.431042 2.728330
0.426771 -0.195971 2.589230
0.497160 -0.367744 2.570950
0.478938 -0.492962 2.478710
0.430701 -0.539814 2.346130
0.251419 -0.390377 2.569250
0.211742 -0.630859 2.409640
0.161308 -0.846189 2.189470
0.155654 -0.796657 2.218200
0.362978 -0.387252 2.558740
0.491742 -0.557456 2.291880
0.482862 -0.818648 2.204230
0.456559 -0.885855 2.209860
0.307206 -0.330055 2.568840
0.308672 -0.297490 2.588500
0.308558 -0.126205 2.577850
0.288121 0.048615 2.552790
0.173272 -0.211160 2.604550
0.139382 -0.372202 2.557120
0.078127 -0.444704 2.725760
0.035752 -0.430781 2.728970
0.427189 -0.196368 2.588850
0.489414 -0.382143 2.557860
0.466286 -0.497815 2.461280
0.429189 -0.534731 2.354880
0.251750 -0.390817 2.569070
0.195060 -0.574523 2.278570
0.161993 -0.821134 2.198270
0.158784 -0.817678 2.168910
0.363109 -0.387259 2.558650
0.491573 -0.557986 2.291490
0.482809 -0.818420 2.204160
0.456650 -0.885710 2.209530
0.307598 -0.330619 2.568720
0.309113 -0.298051 2.588260
0.309005 -0.126527 2.577920
0.288265 0.048649 2.552810
0.173213 -0.211563 2.604750
0.139711 -0.372794 2.556910
0.078206 -0.444852 2.725700
0.035788 -0.430496 2.729470
0.428171 -0.197122 2.588460
0.490059 -0.385545 2.557260
0.472422 -0.503312 2.469990
0.429221 -0.528600 2.361420
0.252317 -0.391897 2.568830
0.187845 -0.556023 2.236400
0.162431 -0.810178 2.201480
0.160600 -0.830384 2.138120
0.363362 -0.387614 2.558550
0.491206 -0.558558 2.291120
0.482746 -0.818181 2.204130
0.469489 -0.859653 2.164200
0.308134 -0.331439 2.568610
0.309649 -0.298822 2.588030
0.309434 -0.126927 2.578000
0.288406 0.048667 2.552810
0.173233 -0.212067 2.604870
0.139996 -0.373401 2.556720
0.078235 -0.445006 2.725640
0.035780 -0.429891 2.729790
0.430006 -0.198342 2.588070
0.489719 -0.390260 2.554660
0.479562 -0.512801 2.476450
0.429440 -0.523691 2.365680
0.253109 -0.393315 2.568630
0.184736 -0.544668 2.211120
0.162864 -0.804676 2.203170
0.161577 -0.835526 2.126600
0.363780 -0.388303 2.558460
0.490883 -0.559067 2.290800
0.482685 -0.817961 2.204100
0.476966 -0.844646 2.138150
0.308739 -0.332409 2.568520
0.310206 -0.299673 2.587820
0.309868 -0.127309 2.578060
0.288540 0.048678 2.552820
0.173398 -0.212835 2.604770
0.140237 -0.373978 2.556550
0.078239 -0.445159 2.725590
0.035776 -0.429142 2.730010
0.431698 -0.199467 2.587780
0.489477 -0.393438 2.552870
0.484051 -0.519055 2.480190
0.471192 -0.553653 2.427450
0.253882 -0.394708 2.568440
0.186891 -0.537791 2.212940
0.163039 -0.801282 2.204290
0.162097 -0.838609 2.119490
0.364249 -0.389149 2.558430
0.490618 -0.559519 2.290540
0.482631 -0.817753 2.204090
0.479933 -0.838876 2.128160
0.309451 -0.333407 2.568480
0.310857 -0.300558 2.587670
0.310404 -0.127734 2.578200
0.288699 0.048671 2.552780
0.173592 -0.213607 2.604580
0.140436 -0.374503 2.556400
0.078207 -0.445306 2.725540
0.035667 -0.428616 2.730090
0.433194 -0.200413 2.587570
0.489736 -0.393936 2.552380
0.486388 -0.521463 2.482900
0.461348 -0.539642 2.349540
0.254879 -0.396145 2.568300
0.188708 -0.531714 2.216110
0.163187 -0.798952 2.205040
0.162602 -0.840581 2.115660
0.364729 -0.389985 2.558420
0.490388 -0.559894 2.290340
0.482585 -0.817538 2.204070
0.468011 -0.861354 2.173930
0.310087 -0.334302 2.568460
0.311434 -0.301366 2.587560
0.310904 -0.128200 2.578330
0.288864 0.048654 2.552740
0.173810 -0.214412 2.604290
0.140591 -0.375007 2.556270
0.078151 -0.445454 2.725500
0.035565 -0.428057 2.730180
0.434369 -0.201126 2.587450
0.492833 -0.373319 2.558930
0.489795 -0.516302 2.488760
0.462124 -0.535601 2.338920
0.255722 -0.397343 2.568210
0.189736 -0.531366 2.216530
0.163456 -0.797439 2.205560
0.163131 -0.841290 2.115390
0.365172 -0.390751 2.558440
0.490215 -0.560234 2.290100
0.482549 -0.817350 2.204060
0.462165 -0.872320 2.196450
0.310687 -0.335097 2.568450
0.311962 -0.302075 2.587480
0.311371 -0.128610 2.578430
0.289018 0.048633 2.552690
0.174109 -0.215259 2.603780
0.140715 -0.375536 2.556170
0.078077 -0.445606 2.725480
0.035387 -0.427674 2.730080
0.435437 -0.201700 2.587360
0.493700 -0.369137 2.560150
0.491886 -0.514856 2.491520
0.458640 -0.531421 2.329160
0.256474 -0.398342 2.568130
0.192266 -0.535349 2.225760
0.163713 -0.796576 2.205910
0.163393 -0.840833 2.117910
0.365620 -0.391478 2.558490
0.490064 -0.560517 2.289900
0.482514 -0.817161 2.204050
0.459187 -0.877968 2.207730
0.311196 -0.335805 2.568460
0.312412 -0.302716 2.587420
0.311802 -0.129006 2.578540
0.289161 0.048600 2.552640
0.174420 -0.216116 2.603160
0.140813 -0.376004 2.556080
0.077991 -0.445757 2.725460
0.035258 -0.427255 2.730010
0.436410 -0.202193 2.587250
0.485822 -0.379875 2.546300
0.492251 -0.522850 2.486670
0.456092 -0.528732 2.323770
0.257057 -0.399193 2.568070
0.194081 -0.539205 2.233250
0.164276 -0.796796 2.206040
0.137260 -0.798861 2.209390
0.366017 -0.392166 2.558570
0.489813 -0.560823 2.289730
0.482483 -0.816987 2.204040
0.457714 -0.880554 2.213460
0.312287 -0.336641 2.568480
0.313293 -0.303433 2.587350
0.312297 -0.129359 2.578620
0.289331 0.048572 2.552610
0.174794 -0.216902 2.602500
0.140905 -0.376422 2.555990
0.077910 -0.445891 2.725440
0.035110 -0.426895 2.729830
0.437123 -0.202535 2.587150
0.486446 -0.375512 2.548190
0.495507 -0.520276 2.489920
0.443533 -0.516248 2.336130
0.259073 -0.400291 2.568030
0.195381 -0.542033 2.238390
0.164840 -0.797366 2.206020
0.126700 -0.782389 2.246360
0.366752 -0.392789 2.558670
0.489636 -0.561085 2.289580
0.482450 -0.816838 2.204050
0.456717 -0.882364 2.217360
0.313225 -0.337326 2.568500
0.314050 -0.304027 2.587280
0.312708 -0.129676 2.578670
0.289495 0.048555 2.552600
0.175143 -0.217620 2.601820
0.140980 -0.376766 2.555930
0.077815 -0.446005 2.725430
0.034974 -0.426505 2.729700
0.437676 -0.202789 2.587060
0.486626 -0.380300 2.546880
0.498619 -0.524299 2.491150
0.496402 -0.572215 2.446440
0.260716 -0.401129 2.568010
0.196214 -0.544256 2.241940
0.165174 -0.797950 2.206120
0.120798 -0.773610 2.265700
0.367405 -0.393303 2.558770
0.489507 -0.561307 2.289460
0.482423 -0.816710 2.204060
0.456082 -0.883479 2.219860
0.313832 -0.337774 2.568490
0.314566 -0.304438 2.587220
0.313032 -0.129928 2.578710
0.289634 0.048539 2.552580
0.175387 -0.218227 2.601240
0.141041 -0.377061 2.555880
0.077703 -0.446174 2.725390
0.034861 -0.426258 2.729570
0.438120 -0.202993 2.586990
0.489826 -0.381377 2.550980
0.499470 -0.523726 2.490880
0.457621 -0.534118 2.377560
0.261373 -0.401565 2.567950
0.196555 -0.546083 2.244360
0.165513 -0.798781 2.206170
0.117487 -0.768520 2.276790
0.367938 -0.393699 2.558840
0.489402 -0.561487 2.289330
0.482413 -0.816550 2.204090
0.455833 -0.883888 2.220870
0.314264 -0.338148 2.568470
0.314947 -0.304796 2.587160
0.313297 -0.130173 2.578760
0.289745 0.048523 2.552570
0.175586 -0.218739 2.600750
0.141093 -0.377309 2.555830
0.077581 -0.446347 2.725350
0.034726 -0.426104 2.729440
0.438536 -0.203199 2.586920
0.492029 -0.382315 2.553610
0.500149 -0.523463 2.490770
0.446880 -0.523733 2.373650
0.261810 -0.401915 2.567880
0.196729 -0.547846 2.245820
0.165678 -0.799840 2.206290
0.116644 -0.765695 2.279630
0.368337 -0.394056 2.558880
0.489307 -0.561644 2.289220
0.482411 -0.816364 2.204100
0.455889 -0.883735 2.220610
0.314561 -0.338446 2.568460
0.315216 -0.305096 2.587120
0.313483 -0.130388 2.578830
0.289845 0.048508 2.552560
0.175749 -0.219152 2.600350
0.141140 -0.377519 2.555790
0.077472 -0.446537 2.725290
0.034612 -0.425993 2.729290
0.438885 -0.203368 2.586820
0.485632 -0.376049 2.537740
0.488981 -0.505031 2.456430
0.449024 -0.536537 2.319950
0.262105 -0.402196 2.567820
0.196827 -0.549293 2.246750
0.165726 -0.800970 2.206520
0.118021 -0.764889 2.274020
0.368612 -0.394347 2.558890
0.489244 -0.561768 2.289130
0.482411 -0.816187 2.204120
0.456101 -0.883313 2.219570
0.314780 -0.338696 2.568440
0.315419 -0.305365 2.587090
0.313637 -0.130658 2.578920
0.289945 0.048485 2.552550
0.175876 -0.219510 2.600020
0.141179 -0.377710 2.555750
0.077366 -0.446726 2.725240
0.034502 -0.425919 2.729130
0.439201 -0.203526 2.586720
0.495697 -0.384751 2.554560
0.488381 -0.503107 2.453620
0.438898 -0.539258 2.315590
0.262292 -0.402437 2.567750
0.198441 -0.551674 2.249530
0.165705 -0.801991 2.206740
0.120294 -0.765523 2.266870
0.368823 -0.394614 2.558890
0.489206 -0.561886 2.289020
0.482408 -0.816019 2.204130
0.456367 -0.882757 2.218170
0.314942 -0.338910 2.568420
0.315573 -0.305593 2.587060
0.313761 -0.130871 2.578940
0.290018 0.048440 2.552520
0.175982 -0.219810 2.599750
0.141206 -0.377878 2.555710
0.077242 -0.446944 2.725170
0.034418 -0.425859 2.729030
0.439487 -0.203681 2.586590
0.497360 -0.388380 2.556950
0.488185 -0.504138 2.452600
0.423404 -0.537677 2.327350
0.262395 -0.402646 2.567680
0.200708 -0.551682 2.253470
0.165628 -0.802842 2.206970
0.122187 -0.766433 2.260470
0.368986 -0.394844 2.558890
0.489179 -0.561992 2.288910
0.482404 -0.815867 2.204150
0.470438 -0.857612 2.167850
0.315037 -0.339073 2.568380
0.315671 -0.305770 2.587020
0.313867 -0.131050 2.578930
0.290141 0.048350 2.552460
0.176047 -0.220034 2.599560
0.141217 -0.378034 2.555660
0.077131 -0.447103 2.725100
0.034297 -0.425823 2.728890
0.439769 -0.203924 2.586450
0.494124 -0.393807 2.552320
0.464402 -0.503070 2.422400
0.414804 -0.533520 2.341120
0.262240 -0.402806 2.567530
0.201260 -0.552130 2.254630
0.165473 -0.803307 2.207150
0.123189 -0.767659 2.257420
0.369092 -0.395041 2.558870
0.488971 -0.562102 2.288910
0.482399 -0.815719 2.204160
0.468543 -0.861020 2.173620
