0.162915 0.017261 1.955410
0.158071 0.080351 2.011040
0.145853 0.444665 2.011730
0.139323 0.639313 2.048480
-0.007235 0.308809 1.996330
-0.040018 0.037012 1.967620
-0.041107 -0.177720 1.924640
-0.044343 -0.263209 1.913420
0.316049 0.307803 2.008460
0.373648 0.046425 1.966150
0.382681 -0.160634 1.881250
0.390405 -0.253522 1.840470
0.096688 -0.056652 1.941580
0.083066 -0.469223 1.953470
0.088980 -0.739325 1.981780
0.090423 -0.776150 1.890780
0.234915 -0.052717 1.947570
0.263829 -0.482571 1.994170
0.265635 -0.757224 2.022070
0.269224 -0.794030 1.931340
0.163499 0.017070 1.956770
0.158931 0.080274 2.012350
0.146828 0.444612 2.012270
0.140094 0.639380 2.048720
-0.005848 0.309166 1.998580
-0.040158 0.035354 1.976930
-0.045998 -0.178704 1.935200
-0.049091 -0.264980 1.922780
0.316578 0.307856 2.008860
0.374877 0.043950 1.967420
0.389575 -0.164940 1.887000
0.400198 -0.259011 1.849610
0.097394 -0.056914 1.944130
0.083383 -0.469611 1.954290
0.088944 -0.739451 1.982010
0.090450 -0.776280 1.890990
0.235231 -0.052872 1.948390
0.264284 -0.482803 1.994710
0.265729 -0.757288 2.022390
0.269235 -0.794093 1.931580
0.163992 0.016855 1.958170
0.159751 0.080204 2.013660
0.147654 0.444569 2.012710
0.140903 0.639407 2.048860
-0.004462 0.309517 2.001150
-0.040567 0.033786 1.984910
-0.050793 -0.179759 1.945250
-0.053237 -0.267176 1.932540
0.317066 0.307883 2.009140
0.376977 0.040664 1.968560
0.395857 -0.169108 1.892110
0.407383 -0.264139 1.857920
0.097970 -0.057181 1.946880
0.083719 -0.470076 1.955240
0.088933 -0.739575 1.982270
0.090429 -0.776418 1.891240
0.235481 -0.053059 1.949210
0.264716 -0.483010 1.995200
0.265827 -0.757350 2.022700
0.269182 -0.794164 1.931840
0.164387 0.016643 1.959520
0.160540 0.080138 2.014890
0.148433 0.444501 2.013060
0.141641 0.639412 2.048930
-0.003279 0.309753 2.004070
-0.041301 0.032176 1.992890
-0.054755 -0.180706 1.953490
-0.056873 -0.272213 1.942930
0.317577 0.307866 2.009310
0.379296 0.037415 1.969500
0.401484 -0.172774 1.896790
0.412750 -0.268304 1.864930
0.098356 -0.057455 1.949560
0.084003 -0.470490 1.956190
0.088932 -0.739700 1.982570
0.090324 -0.776571 1.891540
0.235674 -0.053260 1.949980
0.265121 -0.483205 1.995620
0.265933 -0.757408 2.023000
0.269050 -0.794242 1.932100
0.164711 0.016439 1.960790
0.161272 0.080068 2.016030
0.149133 0.444411 2.013350
0.142356 0.639356 2.048930
-0.002353 0.309881 2.006830
-0.042270 0.030717 2.000690
-0.057814 -0.181487 1.960350
-0.059230 -0.276133 1.951800
0.318134 0.307831 2.009380
0.381455 0.034461 1.970240
0.405733 -0.175754 1.900640
0.416731 -0.271769 1.870970
0.098626 -0.057758 1.952040
0.084293 -0.470875 1.957210
0.088951 -0.739821 1.982890
0.090168 -0.776727 1.891880
0.235830 -0.053461 1.950670
0.265551 -0.483435 1.996030
0.266073 -0.757495 2.023270
0.268900 -0.794355 1.932350
0.165022 0.016246 1.961980
0.162010 0.080000 2.017130
0.149764 0.444308 2.013600
0.142969 0.639298 2.048890
-0.001636 0.309879 2.009390
-0.043232 0.029578 2.007630
-0.060102 -0.182097 1.966170
-0.060610 -0.278702 1.957970
0.318736 0.307781 2.009340
0.383486 0.031810 1.970890
0.409045 -0.178227 1.903870
0.419461 -0.274813 1.876520
0.098874 -0.058040 1.954200
0.084589 -0.471258 1.958310
0.088993 -0.739942 1.983250
0.089959 -0.776892 1.892270
0.235995 -0.053671 1.951340
0.265966 -0.483628 1.996400
0.266212 -0.757577 2.023530
0.268695 -0.794473 1.932600
0.165327 0.016078 1.963100
0.162766 0.079946 2.018170
0.150333 0.444202 2.013810
0.143531 0.639227 2.048810
-0.001104 0.309796 2.011970
-0.043956 0.028853 2.013350
-0.061909 -0.182537 1.971780
-0.061495 -0.280463 1.962830
0.319311 0.307743 2.009220
0.385146 0.029900 1.971430
0.411540 -0.179978 1.906520
0.421159 -0.276904 1.880820
0.099130 -0.058284 1.956110
0.084850 -0.471554 1.959390
0.089040 -0.740050 1.983600
0.089669 -0.777053 1.892680
0.236169 -0.053868 1.951950
0.266363 -0.483774 1.996730
0.266346 -0.757652 2.023760
0.268414 -0.794599 1.932860
0.165613 0.015925 1.964150
0.163504 0.079900 2.019140
0.150852 0.444091 2.013990
0.144078 0.639121 2.048680
-0.000673 0.309713 2.014380
-0.044392 0.028428 2.017850
-0.063186 -0.182797 1.976530
-0.061931 -0.281617 1.966450
0.319897 0.307672 2.009000
0.386533 0.028351 1.971910
0.413236 -0.181291 1.908480
0.422090 -0.278432 1.883870
0.099374 -0.058491 1.957840
0.085082 -0.471773 1.960450
0.089088 -0.740142 1.983940
0.089315 -0.777203 1.893090
0.236338 -0.054061 1.952530
0.266721 -0.483885 1.997020
0.266522 -0.757768 2.024000
0.268120 -0.794773 1.933110
0.165886 0.015797 1.965120
0.164213 0.079870 2.020030
0.151361 0.443977 2.014140
0.144572 0.639018 2.048540
-0.000313 0.309627 2.016450
-0.044632 0.028196 2.021420
-0.064008 -0.182934 1.980350
-0.062076 -0.282369 1.969190
0.320458 0.307612 2.008710
0.387584 0.027231 1.972280
0.414370 -0.182215 1.909910
0.422426 -0.279507 1.886100
0.099613 -0.058641 1.959390
0.085290 -0.471936 1.961470
0.089139 -0.740221 1.984270
0.088933 -0.777341 1.893500
0.236502 -0.054242 1.953070
0.267086 -0.484034 1.997300
0.266703 -0.757876 2.024210
0.267825 -0.794936 1.933330
0.166196 0.015708 1.966060
0.164971 0.079870 2.020920
0.151919 0.443849 2.014300
0.145066 0.638915 2.048360
0.000048 0.309619 2.018380
-0.044710 0.028174 2.024170
-0.064355 -0.182913 1.983150
-0.061905 -0.282761 1.971220
0.321119 0.307528 2.008350
0.388376 0.026414 1.972570
0.415127 -0.182883 1.910970
0.421982 -0.280266 1.887780
0.099883 -0.058729 1.960790
0.085475 -0.472064 1.962440
0.089205 -0.740286 1.984600
0.088542 -0.777460 1.893910
0.236711 -0.054418 1.953610
0.267409 -0.484158 1.997550
0.266878 -0.757979 2.024410
0.267503 -0.795102 1.933550
0.166493 0.015626 1.966950
0.165692 0.079870 2.021750
0.152464 0.443722 2.014460
0.145519 0.638818 2.048180
0.000374 0.309634 2.020050
-0.044692 0.028247 2.026230
-0.064482 -0.182828 1.985180
-0.060646 -0.281027 1.973030
0.321781 0.307421 2.007930
0.388967 0.025828 1.972790
0.415506 -0.183376 1.911810
0.420487 -0.280711 1.888880
0.100128 -0.058786 1.962010
0.085604 -0.472412 1.963650
0.089300 -0.740364 1.984990
0.088158 -0.777593 1.894360
0.236928 -0.054607 1.954170
0.267706 -0.484263 1.997770
0.267078 -0.758113 2.024590
0.267193 -0.795296 1.933760
0.166817 0.015588 1.967820
0.166426 0.079907 2.022550
0.153051 0.443604 2.014630
0.145951 0.638727 2.047990
0.000666 0.309625 2.021510
-0.044588 0.028373 2.027800
-0.064310 -0.182688 1.986660
-0.059042 -0.279075 1.974140
0.322609 0.307307 2.007450
0.389403 0.025403 1.972950
0.414937 -0.183729 1.912400
0.416474 -0.280690 1.888560
0.100374 -0.058808 1.963110
0.085696 -0.472764 1.964780
0.089404 -0.740432 1.985360
0.087794 -0.777709 1.894780
0.237198 -0.054782 1.954730
0.267979 -0.484344 1.997970
0.267270 -0.758242 2.024760
0.266888 -0.795484 1.933940
0.167132 0.015565 1.968630
0.167121 0.079950 2.023310
0.153683 0.443485 2.014830
0.146353 0.638641 2.047810
0.000937 0.309634 2.022780
-0.044427 0.028529 2.028960
-0.063717 -0.182464 1.987610
-0.057320 -0.277178 1.974520
0.323391 0.307189 2.007000
0.389713 0.025101 1.973060
0.413622 -0.183909 1.912630
0.410661 -0.279999 1.886350
0.100605 -0.058812 1.964100
0.085771 -0.473031 1.965790
0.089513 -0.740492 1.985720
0.087453 -0.777812 1.895180
0.237469 -0.054948 1.955260
0.268222 -0.484409 1.998150
0.267458 -0.758372 2.024920
0.266596 -0.795669 1.934120
0.167428 0.015544 1.969390
0.167762 0.079989 2.024020
0.154373 0.443380 2.015060
0.146722 0.638560 2.047640
0.001199 0.309651 2.023880
-0.044245 0.028701 2.029810
-0.062688 -0.182121 1.987810
-0.055333 -0.274801 1.973960
0.324104 0.307074 2.006600
0.389933 0.024883 1.973100
0.410853 -0.183859 1.911850
0.403288 -0.278743 1.881820
0.100813 -0.058806 1.965000
0.085870 -0.473413 1.966820
0.089668 -0.740556 1.986120
0.087178 -0.777908 1.895570
0.237731 -0.055112 1.955790
0.268444 -0.484454 1.998310
0.267642 -0.758499 2.025070
0.266329 -0.795842 1.934270
0.167701 0.015522 1.970110
0.168353 0.080017 2.024690
0.155069 0.443276 2.015320
0.147079 0.638471 2.047480
0.001519 0.309729 2.024940
-0.044067 0.028876 2.030390
-0.061338 -0.181559 1.986650
-0.053247 -0.272237 1.971480
0.324762 0.306931 2.006230
0.390078 0.024751 1.973050
0.405495 -0.183223 1.908840
0.395059 -0.276851 1.874860
0.101008 -0.058791 1.965850
0.085958 -0.473735 1.967690
0.089818 -0.740607 1.986490
0.086920 -0.777989 1.895930
0.237969 -0.055266 1.956290
0.268643 -0.484493 1.998470
0.267853 -0.758648 2.025220
0.266092 -0.796022 1.934420
0.167973 0.015506 1.970800
0.168941 0.080041 2.025350
0.156050 0.443218 2.015780
0.147449 0.638379 2.047350
0.001864 0.309813 2.025900
-0.043929 0.029061 2.030640
-0.060143 -0.180407 1.981720
-0.052041 -0.269851 1.965290
0.325357 0.306796 2.005900
0.390174 0.024696 1.972920
0.399162 -0.181719 1.902990
0.383854 -0.272003 1.860280
0.101195 -0.058769 1.966640
0.086045 -0.473995 1.968450
0.089982 -0.740649 1.986850
0.086701 -0.778052 1.896260
0.238196 -0.055402 1.956750
0.268809 -0.484493 1.998590
0.268063 -0.758809 2.025370
0.265871 -0.796205 1.934560
0.168275 0.015505 1.971480
0.169561 0.080077 2.026030
0.157260 0.443252 2.016380
0.147796 0.638285 2.047240
0.002230 0.309910 2.026740
-0.043982 0.029621 2.029590
-0.062322 -0.176243 1.964310
-0.054797 -0.266312 1.948780
0.325863 0.306693 2.005630
0.390299 0.025256 1.972500
0.392422 -0.176828 1.892590
0.374891 -0.258477 1.833400
0.101406 -0.058728 1.967370
0.086148 -0.474205 1.969110
0.090135 -0.740671 1.987180
0.086508 -0.778091 1.896550
0.238444 -0.055507 1.957230
0.268950 -0.484459 1.998700
0.268270 -0.758969 2.025510
0.265679 -0.796376 1.934690
0.168603 0.015510 1.972140
0.170179 0.080115 2.026690
0.158423 0.443326 2.017020
0.148161 0.638196 2.047160
0.002596 0.309983 2.027460
-0.047559 0.031253 2.022560
-0.074971 -0.168473 1.931710
-0.069861 -0.255496 1.912100
0.326330 0.306605 2.005400
0.390747 0.026703 1.971740
0.384229 -0.161685 1.864840
0.370103 -0.231315 1.789850
0.101621 -0.058684 1.968010
0.086254 -0.474378 1.969690
0.090281 -0.740677 1.987470
0.086347 -0.778112 1.896810
0.238746 -0.055594 1.957760
0.269080 -0.484378 1.998810
0.268467 -0.759123 2.025640
0.265511 -0.796534 1.934800
0.168911 0.015520 1.972750
0.170738 0.080148 2.027310
0.159587 0.443418 2.017730
0.148555 0.638114 2.047120
0.002947 0.310054 2.028050
-0.059374 0.038277 2.006010
-0.098151 -0.156186 1.897420
-0.092785 -0.240696 1.875230
0.326727 0.306530 2.005230
0.392093 0.029752 1.970980
0.384325 -0.131354 1.823080
0.374063 -0.193140 1.739490
0.101814 -0.058635 1.968560
0.086356 -0.474519 1.970210
0.090426 -0.740691 1.987760
0.086215 -0.778135 1.897050
0.239039 -0.055662 1.958300
0.269198 -0.484287 1.998900
0.268671 -0.759289 2.025770
0.265377 -0.796688 1.934910
0.169206 0.015541 1.973300
0.171248 0.080180 2.027890
0.160759 0.443533 2.018550
0.149095 0.638051 2.047190
0.003252 0.310104 2.028500
-0.074449 0.047709 1.988550
-0.123735 -0.144044 1.863910
-0.125326 -0.224188 1.835680
0.327064 0.306458 2.005100
0.395282 0.040682 1.971130
0.396108 -0.086520 1.785890
0.388205 -0.134770 1.692640
0.101981 -0.058583 1.969010
0.086474 -0.474554 1.970710
0.090564 -0.740705 1.988030
0.086113 -0.778153 1.897270
0.239361 -0.055699 1.958860
0.269330 -0.483982 1.999020
0.268871 -0.759462 2.025890
0.265271 -0.796837 1.935010
0.169516 0.015598 1.973860
0.171730 0.080231 2.028470
0.161884 0.443624 2.019480
0.149776 0.637979 2.047340
0.003516 0.310147 2.028860
-0.092325 0.061122 1.969570
-0.156141 -0.128543 1.831480
-0.160305 -0.207107 1.801910
0.327374 0.306394 2.005040
0.396856 0.055443 1.972950
0.407760 -0.034085 1.758020
0.402424 -0.060079 1.659420
0.102129 -0.058518 1.969380
0.086657 -0.474351 1.971260
0.090692 -0.740720 1.988270
0.086044 -0.778168 1.897460
0.239786 -0.055665 1.959590
0.269458 -0.483597 1.999150
0.269059 -0.759636 2.026010
0.265195 -0.796979 1.935100
0.169887 0.015705 1.974450
0.172215 0.080309 2.029060
0.162984 0.443695 2.020470
0.150752 0.637920 2.047700
0.003767 0.310200 2.029110
-0.108454 0.078371 1.951400
-0.188173 -0.111115 1.806540
-0.204864 -0.183253 1.772650
0.327736 0.306303 2.005080
0.396704 0.066977 1.974580
0.420935 0.012912 1.742070
0.422968 0.013174 1.636840
0.102279 -0.058431 1.969690
0.086939 -0.473747 1.971870
0.090801 -0.740729 1.988480
0.086004 -0.778175 1.897610
0.240415 -0.055542 1.960520
0.269577 -0.483128 1.999270
0.269216 -0.759785 2.026130
0.265145 -0.797100 1.935180
0.170299 0.015829 1.975020
0.172682 0.080378 2.029670
0.164221 0.443771 2.021830
0.152877 0.638002 2.048620
0.004073 0.310296 2.029270
-0.122382 0.092286 1.934650
-0.223710 -0.089175 1.788740
-0.252809 -0.152805 1.754940
0.328229 0.306092 2.005330
0.400024 0.074836 1.966770
0.432557 0.111322 1.707320
0.441146 0.141587 1.619830
0.102436 -0.058329 1.969930
0.087266 -0.472837 1.972440
0.090897 -0.740741 1.988670
0.086002 -0.778179 1.897750
0.241137 -0.055399 1.961530
0.269684 -0.482382 1.999360
0.269356 -0.759920 2.026240
0.265133 -0.797203 1.935250
0.170756 0.015967 1.975590
0.173095 0.080439 2.030260
0.165503 0.443854 2.023390
0.155809 0.638313 2.049940
0.004571 0.310487 2.029180
-0.134590 0.101661 1.920740
-0.247021 -0.071656 1.779910
-0.288495 -0.127705 1.747000
0.329173 0.305574 2.006060
0.412203 0.082408 1.943940
0.443536 0.222071 1.696860
0.453977 0.287215 1.642030
0.102610 -0.058213 1.970130
0.087599 -0.471499 1.972920
0.090964 -0.740750 1.988830
0.086055 -0.778175 1.897890
0.241924 -0.055266 1.962570
0.269768 -0.481544 1.999450
0.269469 -0.760041 2.026350
0.265183 -0.797308 1.935330
0.171232 0.016097 1.976150
0.173436 0.080479 2.030830
0.166665 0.443894 2.024950
0.159406 0.638757 2.051520
0.005395 0.310848 2.028570
-0.143663 0.108161 1.910750
-0.266408 -0.054254 1.775890
-0.327678 -0.099286 1.742720
0.330764 0.304440 2.007260
0.429855 0.104200 1.913130
0.452573 0.306231 1.734960
0.461165 0.381575 1.716270
0.102787 -0.058092 1.970270
0.087883 -0.470204 1.973270
0.091003 -0.740762 1.988970
0.086174 -0.778172 1.898010
0.242789 -0.055218 1.963660
0.269802 -0.480732 1.999520
0.269562 -0.760150 2.026440
0.265338 -0.797422 1.935410
0.171705 0.016207 1.976660
0.173722 0.080495 2.031370
0.167807 0.443966 2.026580
0.163198 0.639376 2.053240
0.006429 0.311340 2.027480
-0.150987 0.114174 1.903330
-0.283304 -0.034525 1.777010
-0.345251 -0.085728 1.740740
0.333425 0.301570 2.008820
0.441436 0.122378 1.893950
0.456702 0.359192 1.789690
0.460220 0.461441 1.785990
0.102968 -0.057972 1.970360
0.088090 -0.468978 1.973490
0.091010 -0.740768 1.989080
0.086312 -0.778157 1.898120
0.243688 -0.055296 1.964760
0.269760 -0.479983 1.999560
0.269621 -0.760227 2.026520
0.265542 -0.797509 1.935490
0.172159 0.016288 1.977120
0.173978 0.080474 2.031880
0.169008 0.443997 2.028360
0.166953 0.639938 2.054950
0.007610 0.312000 2.026000
-0.156759 0.119306 1.898270
-0.299012 -0.016558 1.781000
-0.358948 -0.074711 1.741700
0.336105 0.297964 2.010000
0.462718 0.156432 1.861710
0.463383 0.459597 1.842940
0.451725 0.530758 1.877410
0.103146 -0.057855 1.970400
0.088226 -0.467843 1.973580
0.090992 -0.740780 1.989180
0.086456 -0.778146 1.898210
0.244552 -0.055493 1.965790
0.269634 -0.479302 1.999580
0.269666 -0.760292 2.026580
0.265787 -0.797581 1.935570
0.172575 0.016348 1.977530
0.174206 0.080429 2.032350
0.170166 0.443988 2.030100
0.169990 0.640353 2.056340
0.008702 0.312715 2.024320
-0.161186 0.123660 1.895260
-0.311293 -0.002675 1.786670
-0.370267 -0.064800 1.745570
0.338133 0.294916 2.010620
0.479612 0.188439 1.837650
0.450838 0.464465 1.895980
0.449006 0.522025 1.945800
0.103329 -0.057734 1.970380
0.088290 -0.466731 1.973530
0.090937 -0.740789 1.989250
0.086559 -0.778131 1.898260
0.245314 -0.055736 1.966700
0.269440 -0.478729 1.999560
0.269697 -0.760346 2.026650
0.266038 -0.797637 1.935640
0.172977 0.016396 1.977870
0.174415 0.080376 2.032760
0.171247 0.444044 2.031730
0.172816 0.640715 2.057680
0.009648 0.313478 2.022480
-0.166916 0.130872 1.894580
-0.323842 0.010563 1.797740
-0.383557 -0.056614 1.755190
0.339549 0.292718 2.010950
0.489289 0.217090 1.821700
0.442339 0.468171 1.934910
0.440742 0.519659 1.991690
0.103570 -0.057575 1.970240
0.088300 -0.465775 1.973400
0.090859 -0.740796 1.989320
0.086663 -0.778112 1.898290
0.245980 -0.055978 1.967450
0.269156 -0.478188 1.999520
0.269718 -0.760384 2.026690
0.266298 -0.797666 1.935690
0.173342 0.016430 1.978150
0.174586 0.080321 2.033110
0.172118 0.444151 2.033120
0.175295 0.641050 2.058920
0.010507 0.314360 2.020420
-0.172166 0.138834 1.896980
-0.335233 0.021358 1.815730
-0.395936 -0.049331 1.774640
0.340388 0.291425 2.011110
0.493242 0.239490 1.812370
0.433750 0.458990 1.952330
0.430043 0.500822 2.014960
0.103857 -0.057377 1.969990
0.088270 -0.464932 1.973210
0.090755 -0.740806 1.989360
0.086762 -0.778095 1.898310
0.246524 -0.056189 1.968010
0.268727 -0.477566 1.999380
0.269730 -0.760411 2.026730
0.266559 -0.797675 1.935730
0.173787 0.016635 1.978330
0.174743 0.080345 2.033360
0.172789 0.444267 2.034240
0.177440 0.641336 2.060050
0.011169 0.315221 2.018410
-0.178356 0.149052 1.904370
-0.348675 0.031401 1.849410
-0.411561 -0.042093 1.814540
0.341170 0.295437 2.011940
0.489665 0.265450 1.808850
0.406692 0.469303 2.025600
0.388778 0.518245 2.108350
0.104376 -0.056763 1.969310
0.088172 -0.464051 1.972870
0.090615 -0.740812 1.989370
0.086871 -0.778067 1.898290
0.247021 -0.056197 1.968380
0.268152 -0.476890 1.999140
0.269735 -0.760433 2.026760
0.266849 -0.797670 1.935760
0.174652 0.017769 1.978300
0.174960 0.080705 2.033570
0.173281 0.444390 2.035130
0.178998 0.641558 2.060910
0.011567 0.315948 2.016660
-0.184341 0.160699 1.918540
-0.357729 0.038880 1.886430
-0.421728 -0.036809 1.859930
0.341794 0.310392 2.015980
0.480055 0.295215 1.810130
0.389444 0.465035 2.020560
0.359356 0.514169 2.078000
0.105293 -0.055172 1.967830
0.087995 -0.463118 1.972370
0.090324 -0.740787 1.989280
0.086991 -0.778004 1.898200
0.247941 -0.055279 1.968480
0.267370 -0.475944 1.998640
0.269738 -0.760445 2.026780
0.267244 -0.797613 1.935760
0.175741 0.019810 1.977950
0.175251 0.081562 2.033660
0.173601 0.444528 2.035850
0.180125 0.641716 2.061570
0.011737 0.316614 2.015200
-0.188066 0.167782 1.935400
-0.363137 0.032930 1.927950
-0.425213 -0.042738 1.914300
0.341137 0.323219 2.019070
0.472952 0.314779 1.811640
0.378510 0.463125 2.018690
0.344938 0.509030 2.073750
0.106522 -0.052594 1.965670
0.087659 -0.461815 1.971440
0.089833 -0.740632 1.988960
0.087089 -0.777805 1.897880
0.249110 -0.053215 1.968160
0.266417 -0.474621 1.997760
0.269734 -0.760451 2.026790
0.267609 -0.797543 1.935730
0.176681 0.022681 1.977220
0.175518 0.083058 2.033540
0.173783 0.444726 2.036510
0.180883 0.641833 2.062070
0.011622 0.317259 2.014050
-0.200887 0.162775 1.971310
-0.365260 0.014251 1.970370
-0.416386 -0.058818 1.970290
0.339192 0.333691 2.020960
0.464966 0.329374 1.812240
0.365764 0.460397 1.997550
0.331430 0.505525 2.065540
0.107507 -0.049318 1.963110
0.087025 -0.459761 1.969790
0.089273 -0.740452 1.988530
0.087116 -0.777565 1.897460
0.250064 -0.049786 1.967190
0.265493 -0.473161 1.996610
0.269706 -0.760435 2.026770
0.267891 -0.797434 1.935630
0.176975 0.026543 1.976000
0.175588 0.085455 2.033060
0.173785 0.445040 2.037140
0.181286 0.641895 2.062450
0.010557 0.318107 2.013460
-0.204937 0.157495 1.996300
-0.358223 -0.004658 2.004670
-0.400995 -0.078649 2.013760
0.336091 0.342349 2.021440
0.455565 0.340393 1.811380
0.356072 0.460687 1.978610
0.322337 0.504037 2.033760
0.107687 -0.045610 1.960450
0.086336 -0.457706 1.968030
0.088721 -0.740286 1.988080
0.086950 -0.777304 1.896960
0.250119 -0.044716 1.965180
0.264375 -0.471043 1.994730
0.269656 -0.760386 2.026700
0.268038 -0.797296 1.935470
0.176303 0.030509 1.974470
0.175340 0.088197 2.032240
0.173096 0.445649 2.037890
0.180463 0.641989 2.062930
0.007807 0.319330 2.014230
-0.202615 0.147539 2.024270
-0.341245 -0.027206 2.036870
-0.377916 -0.099326 2.050340
0.329828 0.350935 2.018650
0.442238 0.349249 1.806780
0.343439 0.463681 1.949230
0.314267 0.504251 2.012060
0.107005 -0.042044 1.958120
0.085500 -0.455262 1.965920
0.088185 -0.740125 1.987620
0.086197 -0.776960 1.896290
0.248742 -0.039165 1.962190
0.263458 -0.469127 1.992820
0.269579 -0.760293 2.026510
0.267835 -0.797053 1.935130
0.174736 0.033836 1.972810
0.175001 0.090587 2.031210
0.171771 0.446404 2.038570
0.176550 0.641919 2.063580
0.002677 0.320378 2.017620
-0.195931 0.130781 2.052550
-0.321104 -0.050888 2.058720
-0.350736 -0.122867 2.071730
0.317658 0.357283 2.008420
0.414490 0.355334 1.788610
0.321454 0.487436 1.918220
0.297300 0.526260 1.981780
0.105609 -0.039095 1.956290
0.084845 -0.453361 1.964270
0.087656 -0.739957 1.987140
0.083840 -0.776458 1.895380
0.245937 -0.034356 1.958690
0.262739 -0.466786 1.990410
0.269450 -0.760137 2.026190
0.266301 -0.796566 1.934400
0.172134 0.036166 1.970840
0.174716 0.092342 2.029870
0.169591 0.447249 2.038920
0.167319 0.641242 2.064530
-0.002912 0.320461 2.023110
-0.180800 0.113592 2.077640
-0.289555 -0.078498 2.077030
-0.309429 -0.159097 2.085480
0.294838 0.353470 1.981740
0.384781 0.356965 1.760000
0.304744 0.507302 1.891910
0.285124 0.545942 1.957510
0.103749 -0.036925 1.954980
0.084300 -0.451582 1.962880
0.087174 -0.739801 1.986710
0.078181 -0.775854 1.894670
0.241193 -0.030568 1.954070
0.262989 -0.457651 1.984820
0.269290 -0.759927 2.025760
0.261608 -0.795782 1.933550
0.167856 0.038010 1.968440
0.173712 0.093946 2.028100
0.165953 0.448514 2.038980
0.156058 0.641163 2.066030
-0.008708 0.317583 2.030610
-0.164979 0.098638 2.096100
-0.257251 -0.103682 2.086290
-0.266302 -0.198211 2.087370
0.287413 0.353246 1.973740
0.341094 0.374534 1.734760
0.278733 0.537733 1.849360
0.261692 0.585055 1.901380
0.099826 -0.035029 1.954450
0.083790 -0.446075 1.960900
0.086762 -0.739676 1.986360
0.072827 -0.775421 1.894360
0.234226 -0.027047 1.947620
0.264080 -0.446135 1.979210
0.269011 -0.758915 2.024820
0.256430 -0.793782 1.932480
0.157718 0.048534 1.965400
0.169978 0.101252 2.025150
0.162452 0.450299 2.039170
0.143314 0.642231 2.068430
-0.015373 0.314119 2.042420
-0.146324 0.084963 2.110710
-0.209014 -0.133795 2.092770
-0.216860 -0.235049 2.084670
0.282710 0.353357 1.968790
0.304910 0.386402 1.721110
0.257716 0.583043 1.771600
0.243747 0.645424 1.795970
0.082797 -0.021147 1.962710
0.083631 -0.434640 1.958820
0.086443 -0.739579 1.986120
0.067854 -0.775074 1.894530
0.224137 -0.015652 1.934000
0.265073 -0.433923 1.974300
0.268513 -0.754796 2.022530
0.250243 -0.788715 1.930770
0.147350 0.093942 1.965080
0.167901 0.143811 2.021480
0.159413 0.456231 2.039060
0.134797 0.642821 2.069420
-0.040281 0.310624 2.085280
-0.122001 0.072758 2.123720
-0.159566 -0.151529 2.102040
-0.169078 -0.254620 2.083470
0.279683 0.354137 1.965310
0.279842 0.393716 1.714020
0.227934 0.610040 1.685620
0.212854 0.681313 1.679790
0.059600 0.016513 1.975810
0.083739 -0.424209 1.957530
0.086185 -0.739285 1.985950
0.060652 -0.773874 1.896090
0.225930 0.019448 1.918010
0.265649 -0.425646 1.971140
0.268073 -0.750154 2.020090
0.242018 -0.782947 1.929880
0.143359 0.118217 1.965470
0.167411 0.165647 2.020270
0.158021 0.464372 2.039670
0.129514 0.643329 2.069940
-0.049031 0.310962 2.102340
-0.100037 0.066082 2.132420
-0.122068 -0.169015 2.108220
-0.116930 -0.259777 2.090390
0.278491 0.356059 1.963110
0.246789 0.419416 1.695280
0.197132 0.636279 1.599350
0.181090 0.709434 1.569220
0.051076 0.035752 1.981010
0.083866 -0.418147 1.956880
0.086018 -0.739003 1.985910
0.056440 -0.773093 1.897370
0.227124 0.040833 1.912480
0.265846 -0.420285 1.969060
0.267789 -0.746156 2.017880
0.237235 -0.779065 1.928990
0.141366 0.128600 1.965460
0.167146 0.175316 2.019590
0.157305 0.469676 2.040050
0.123657 0.643074 2.068580
-0.053317 0.310900 2.111000
-0.064393 0.050152 2.146550
-0.090130 -0.176239 2.115430
-0.072882 -0.256639 2.100080
0.278387 0.357991 1.961930
0.234035 0.428144 1.688620
0.166997 0.610935 1.538540
0.145313 0.691565 1.480090
0.046848 0.044185 1.983430
0.083789 -0.415242 1.956610
0.085940 -0.738973 1.986040
0.053539 -0.773189 1.898770
0.227176 0.050737 1.909320
0.265806 -0.416590 1.967500
0.267528 -0.742790 2.015860
0.233930 -0.776185 1.928150
0.137389 0.110394 1.964160
0.163978 0.167146 2.017910
0.156162 0.472272 2.039790
0.107876 0.638289 2.061120
-0.047499 0.309612 2.111370
-0.043060 0.052920 2.151880
-0.051925 -0.163194 2.132400
-0.041373 -0.222930 2.117170
0.277853 0.358901 1.960830
0.225088 0.433093 1.684200
0.151336 0.579721 1.509390
0.128092 0.627820 1.458900
0.056014 0.019698 1.986910
0.083683 -0.413240 1.956530
0.085936 -0.738991 1.986310
0.051547 -0.773390 1.900050
0.216845 0.041562 1.906970
0.265706 -0.414150 1.966370
0.267480 -0.740493 2.014310
0.231901 -0.774427 1.927560
0.135566 0.097067 1.963410
0.161694 0.157531 2.016600
0.151324 0.473133 2.037560
0.093588 0.633098 2.054310
-0.039733 0.308439 2.108050
-0.022246 0.082924 2.150970
-0.025887 -0.128948 2.151890
-0.023656 -0.168815 2.138090
0.277008 0.359343 1.959860
0.205785 0.417934 1.667380
0.121196 0.549883 1.477440
0.116605 0.574836 1.468050
0.061645 0.005720 1.988080
0.083445 -0.412233 1.956830
0.085964 -0.739045 1.986650
0.049877 -0.773754 1.901450
0.210079 0.033015 1.906450
0.265401 -0.412559 1.965400
0.267540 -0.739034 2.013110
0.230463 -0.773333 1.927180
0.134126 0.086109 1.962710
0.159861 0.148696 2.014970
0.135683 0.473895 2.030500
0.081645 0.631148 2.049050
-0.035621 0.308041 2.107730
-0.014061 0.096612 2.151400
-0.015844 -0.110287 2.166050
-0.016536 -0.153794 2.179700
0.272837 0.359937 1.957930
0.193959 0.386092 1.652930
0.094073 0.510166 1.479700
0.096286 0.550784 1.462100
0.065409 -0.003093 1.988200
0.082878 -0.413093 1.957870
0.086020 -0.739132 1.987050
0.047790 -0.774508 1.903560
0.204796 0.025188 1.907140
0.264177 -0.413102 1.964190
0.267584 -0.738660 2.011850
0.228623 -0.773661 1.926850
0.132778 0.074350 1.962490
0.158131 0.140627 2.014180
0.124909 0.484630 2.029310
0.072933 0.635500 2.047110
-0.031196 0.308346 2.106640
-0.010814 0.106234 2.152140
-0.010458 -0.099624 2.174660
-0.010825 -0.147159 2.193900
0.267600 0.366200 1.957960
0.180429 0.343387 1.647600
0.061005 0.467940 1.494710
0.051568 0.520465 1.471180
0.068518 -0.010959 1.988000
0.082131 -0.415515 1.959410
0.086125 -0.739258 1.987510
0.046433 -0.775127 1.905200
0.199001 0.013757 1.909250
0.259898 -0.422481 1.963070
0.267743 -0.740897 2.010550
0.226956 -0.777128 1.926780
0.130735 0.062101 1.963510
0.155759 0.127828 2.014680
0.120539 0.483944 2.028810
0.071518 0.635232 2.046920
-0.027972 0.308402 2.106070
-0.010620 0.097423 2.163130
-0.007791 -0.110441 2.212850
-0.007761 -0.161772 2.229780
0.279658 0.366083 1.939850
0.167794 0.297039 1.639980
0.020305 0.411993 1.515430
0.002604 0.473318 1.495180
0.068025 -0.027593 1.989990
0.081214 -0.418670 1.961220
0.086244 -0.739406 1.988000
0.045049 -0.775752 1.906940
0.192530 -0.008723 1.912090
0.255147 -0.432062 1.962630
0.268021 -0.743292 2.009340
0.225421 -0.780341 1.926850
0.129600 0.052616 1.964020
0.154686 0.118443 2.014810
0.118730 0.482632 2.028360
0.089228 0.637526 2.052420
-0.025451 0.308703 2.105760
-0.008871 0.095978 2.166720
-0.010060 -0.113906 2.230830
-0.009677 -0.168629 2.249430
0.282538 0.365677 1.933750
0.177223 0.235386 1.656830
-0.004685 0.342344 1.537830
-0.037761 0.404761 1.517300
0.067674 -0.037555 1.991360
0.080312 -0.421715 1.962970
0.086358 -0.739554 1.988460
0.043958 -0.776275 1.908380
0.189647 -0.021176 1.912300
0.252111 -0.437861 1.962480
0.268230 -0.745705 2.008320
0.224205 -0.783275 1.926920
0.129598 0.040612 1.964340
0.154695 0.107023 2.014950
0.118498 0.479751 2.028480
0.098796 0.638832 2.055350
-0.023568 0.308833 2.105630
-0.008121 0.103386 2.170800
-0.011611 -0.105543 2.242010
-0.009675 -0.166845 2.259260
0.282390 0.363897 1.930610
0.226263 0.175412 1.703770
-0.003553 0.260335 1.556590
-0.057547 0.310908 1.536470
0.067688 -0.044597 1.991480
0.078973 -0.428043 1.966050
0.086476 -0.739744 1.988950
0.043068 -0.776791 1.909660
0.188961 -0.030789 1.913240
0.249893 -0.442224 1.962560
0.268547 -0.748218 2.007530
0.223382 -0.786101 1.927060
0.128872 0.028682 1.964460
0.154758 0.094837 2.014840
0.121076 0.472342 2.029680
0.101656 0.639007 2.056090
-0.015796 0.316570 2.104260
-0.007865 0.108317 2.173530
-0.013083 -0.096158 2.248310
-0.010109 -0.164255 2.267270
0.266206 0.344003 1.928780
0.257080 0.138764 1.735510
0.049700 0.161981 1.590490
-0.037710 0.188398 1.554750
0.067905 -0.049522 1.990560
0.077295 -0.436698 1.969580
0.086586 -0.739944 1.989430
0.042064 -0.777294 1.911030
0.186251 -0.039715 1.916830
0.247475 -0.448923 1.963400
0.268768 -0.750146 2.006900
0.222510 -0.788217 1.927290
0.128423 0.022298 1.964570
0.154892 0.088138 2.014730
0.124503 0.465233 2.030860
0.103382 0.639124 2.056570
-0.012052 0.319955 2.104460
-0.009660 0.096037 2.178250
-0.010836 -0.107426 2.249470
-0.007301 -0.178682 2.269520
0.257258 0.331723 1.928190
0.285653 0.110999 1.777170
0.059890 0.069018 1.609790
-0.041858 0.070362 1.568850
0.068074 -0.052684 1.989840
0.076048 -0.443005 1.972070
0.086664 -0.740138 1.989880
0.041100 -0.777731 1.912260
0.184382 -0.044713 1.919050
0.245842 -0.453930 1.964150
0.268934 -0.751656 2.006440
0.221769 -0.789840 1.927540
0.128160 0.018376 1.964650
0.155164 0.083284 2.014620
0.133813 0.415372 2.024950
0.104839 0.633853 2.056630
-0.009775 0.321945 2.104780
-0.009886 0.108137 2.176130
-0.006808 -0.098920 2.242820
-0.002849 -0.171408 2.263340
0.252227 0.323549 1.928120
0.292939 0.106779 1.789340
0.069719 0.000243 1.621790
-0.022867 -0.034990 1.589780
0.068630 -0.054725 1.988690
0.075235 -0.447113 1.973680
0.086714 -0.740324 1.990290
0.040306 -0.778078 1.913270
0.183099 -0.047876 1.920720
0.244753 -0.457907 1.964920
0.269076 -0.752881 2.006120
0.221224 -0.791087 1.927760
0.128119 0.015459 1.964730
0.156186 0.077995 2.014430
0.139662 0.382324 2.020510
0.105630 0.625825 2.056350
-0.008257 0.323120 2.105020
-0.009887 0.110138 2.176470
-0.004197 -0.096384 2.238100
0.000118 -0.169420 2.258160
0.249426 0.317967 1.928370
0.299876 0.097731 1.800400
0.113783 -0.027257 1.658500
0.032823 -0.081952 1.624210
0.070325 -0.056231 1.986730
0.074676 -0.450119 1.974860
0.086744 -0.740525 1.990700
0.039685 -0.778386 1.914080
0.182240 -0.050005 1.922370
0.244032 -0.460812 1.965530
0.269185 -0.753825 2.005900
0.220842 -0.792019 1.927940
0.128121 0.013206 1.964880
0.157002 0.073238 2.014460
0.142214 0.367433 2.018570
0.106155 0.617087 2.055820
-0.007140 0.323534 2.105210
-0.009851 0.111115 2.176790
-0.002216 -0.095651 2.234180
0.002282 -0.168917 2.253930
0.247784 0.314173 1.928760
0.305925 0.088540 1.810550
0.141365 -0.053492 1.686510
0.070724 -0.124460 1.656240
0.071725 -0.057403 1.985220
0.074309 -0.452238 1.975690
0.086745 -0.740714 1.991070
0.039209 -0.778631 1.914700
0.181387 -0.051524 1.924270
0.243533 -0.462882 1.965990
0.269269 -0.754570 2.005760
0.220578 -0.792731 1.928090
0.128022 0.011451 1.965130
0.157339 0.069777 2.014630
0.143699 0.359117 2.017580
0.106319 0.611863 2.055280
-0.006342 0.323590 2.105420
-0.009891 0.111083 2.176760
-0.012292 -0.099263 2.219760
-0.005970 -0.157518 2.234080
0.247061 0.311416 1.929440
0.307285 0.084982 1.816480
0.165069 -0.079444 1.711960
0.101839 -0.153128 1.683880
0.072393 -0.058299 1.984340
0.074056 -0.453698 1.976260
0.086690 -0.740930 1.991430
0.038811 -0.778862 1.915190
0.180067 -0.052709 1.926670
0.243198 -0.464337 1.966330
0.269333 -0.755140 2.005670
0.220404 -0.793259 1.928200
0.127854 0.010212 1.965310
0.157426 0.067806 2.014690
0.147325 0.410253 2.023370
0.104868 0.614779 2.054200
-0.005824 0.323194 2.105680
-0.010107 0.110063 2.176390
-0.020553 -0.103587 2.207020
-0.019854 -0.168773 2.211330
0.247287 0.309458 1.930550
0.307500 0.081890 1.821880
0.179640 -0.095659 1.729230
0.120679 -0.173598 1.704680
0.072131 -0.058788 1.983370
0.073877 -0.454725 1.976670
0.086624 -0.741134 1.991760
0.038523 -0.779043 1.915560
0.179034 -0.053384 1.928460
0.243015 -0.465540 1.966710
0.269399 -0.755602 2.005630
0.220312 -0.793673 1.928290
0.127680 0.009343 1.965470
0.157437 0.066448 2.014750
0.149137 0.438479 2.026490
0.103465 0.618435 2.053110
-0.005497 0.322242 2.105950
-0.011181 0.103881 2.174730
-0.031055 -0.117784 2.178030
-0.035668 -0.184766 2.189370
0.248655 0.308307 1.932200
0.307179 0.080018 1.826340
0.189749 -0.102717 1.742190
0.138392 -0.189538 1.723560
0.071444 -0.058950 1.982450
0.073761 -0.455497 1.976990
0.086557 -0.741342 1.992090
0.038326 -0.779194 1.915840
0.178277 -0.053747 1.929770
0.242937 -0.466446 1.967060
0.269454 -0.755964 2.005620
0.220283 -0.793994 1.928360
0.127494 0.008773 1.965620
0.157299 0.065676 2.014840
0.149887 0.450878 2.027820
0.102373 0.621812 2.052170
-0.005328 0.320591 2.106190
-0.012939 0.094942 2.172170
-0.035925 -0.126179 2.165710
-0.047953 -0.201542 2.157600
0.251209 0.307928 1.934330
0.306899 0.078751 1.829870
0.196847 -0.106283 1.751880
0.151127 -0.198818 1.737270
0.070534 -0.058858 1.981630
0.073693 -0.456086 1.977240
0.086485 -0.741563 1.992410
0.038197 -0.779330 1.916060
0.177748 -0.053927 1.930740
0.243043 -0.467258 1.967560
0.269465 -0.756255 2.005650
0.220267 -0.794236 1.928430
0.127280 0.008477 1.965780
0.156975 0.065580 2.014980
0.150481 0.457592 2.028510
0.101625 0.624608 2.051250
-0.005280 0.318707 2.106390
-0.015955 0.084364 2.169180
-0.041265 -0.134595 2.155530
-0.057397 -0.220396 2.135530
0.254975 0.308211 1.936840
0.306774 0.077916 1.832920
0.202825 -0.108609 1.759610
0.159461 -0.201081 1.747130
0.069393 -0.058527 1.980960
0.073686 -0.456591 1.977480
0.086421 -0.741766 1.992700
0.038132 -0.779448 1.916210
0.177371 -0.053981 1.931460
0.243293 -0.467941 1.968120
0.269454 -0.756519 2.005740
0.220307 -0.794443 1.928490
0.127056 0.008384 1.965940
0.156561 0.065960 2.015180
0.150968 0.462190 2.028990
0.101174 0.626734 2.050400
-0.005263 0.316968 2.106530
-0.020692 0.069872 2.165040
-0.051711 -0.149104 2.144020
-0.063503 -0.232365 2.123670
0.258722 0.308684 1.939070
0.306846 0.077393 1.835480
0.207517 -0.110307 1.765350
0.164645 -0.201138 1.753650
0.068233 -0.058095 1.980450
0.073722 -0.457030 1.977730
0.086369 -0.741946 1.992990
0.038123 -0.779552 1.916340
0.177114 -0.053957 1.932010
0.243752 -0.468609 1.968830
0.269449 -0.756728 2.005840
0.220413 -0.794606 1.928540
0.126836 0.008433 1.966100
0.156118 0.066597 2.015410
0.151246 0.464902 2.029200
0.100921 0.628283 2.049660
-0.005269 0.315429 2.106610
-0.026062 0.055764 2.160070
-0.063296 -0.160871 2.133520
-0.073752 -0.247693 2.111650
0.262105 0.309250 1.940970
0.307060 0.077110 1.837610
0.210561 -0.112538 1.769140
0.167787 -0.202674 1.757680
0.067141 -0.057632 1.980070
0.073826 -0.457480 1.978030
0.086338 -0.742107 1.993280
0.038187 -0.779649 1.916460
0.176964 -0.053905 1.932460
0.244333 -0.469172 1.969570
0.269408 -0.756876 2.005960
0.220504 -0.794707 1.928590
0.126623 0.008623 1.966300
0.155694 0.067466 2.015730
0.151450 0.465488 2.029130
0.100881 0.629446 2.048940
-0.005300 0.314095 2.106730
-0.030312 0.046606 2.155010
-0.077817 -0.168851 2.120760
-0.085556 -0.258609 2.101850
0.265258 0.309732 1.942590
0.307399 0.076899 1.839420
0.212816 -0.114470 1.771800
0.169823 -0.203711 1.760050
0.066127 -0.057156 1.979870
0.074087 -0.458161 1.978520
0.086319 -0.742258 1.993580
0.038311 -0.779746 1.916560
0.176927 -0.053819 1.932880
0.244913 -0.469613 1.970250
0.269368 -0.757000 2.006110
0.220646 -0.794782 1.928650
0.126442 0.008970 1.966590
0.155347 0.068547 2.016190
0.151880 0.464403 2.028920
0.101049 0.630234 2.048250
-0.005369 0.312887 2.106910
-0.034507 0.039903 2.148340
-0.086964 -0.172730 2.112500
-0.095211 -0.264701 2.094600
0.268592 0.310145 1.944190
0.307859 0.076798 1.840990
0.214404 -0.116404 1.773350
0.171134 -0.204274 1.760690
0.065216 -0.056697 1.979820
0.074404 -0.458842 1.979020
0.086316 -0.742394 1.993870
0.038526 -0.779840 1.916650
0.177073 -0.053668 1.933340
0.245522 -0.469978 1.970920
0.269333 -0.757108 2.006310
0.220876 -0.794839 1.928720
0.126329 0.009487 1.967060
0.155151 0.069748 2.016870
0.152992 0.462001 2.028900
0.101609 0.630763 2.047340
-0.005435 0.311904 2.107080
-0.038489 0.035703 2.140650
-0.098801 -0.172646 2.097320
-0.113774 -0.263585 2.075530
0.271536 0.310480 1.945600
0.308314 0.076795 1.842230
0.215508 -0.118017 1.773860
0.172079 -0.204129 1.759500
0.064382 -0.056226 1.979990
0.074774 -0.459550 1.979560
0.086329 -0.742522 1.994160
0.038816 -0.779930 1.916720
0.177425 -0.053472 1.933900
0.246196 -0.470309 1.971630
0.269294 -0.757194 2.006540
0.221140 -0.794869 1.928790
0.126345 0.010234 1.967880
0.155162 0.071119 2.017900
0.154564 0.459193 2.029090
0.102728 0.631061 2.046180
-0.005479 0.311135 2.107230
-0.041840 0.033744 2.132580
-0.107448 -0.170302 2.081960
-0.125645 -0.258977 2.058650
0.274132 0.310785 1.946850
0.308730 0.076844 1.843180
0.216136 -0.119545 1.772860
0.173018 -0.203120 1.756100
0.063561 -0.055621 1.980550
0.075131 -0.460156 1.980040
0.086362 -0.742638 1.994440
0.039189 -0.780020 1.916780
0.178111 -0.053253 1.934770
0.247220 -0.470765 1.972640
0.269254 -0.757271 2.006800
0.221444 -0.794890 1.928880
0.126591 0.011312 1.969190
0.155443 0.072718 2.019320
0.156341 0.456435 2.029380
0.104738 0.631176 2.044840
-0.005499 0.310565 2.107360
-0.044790 0.034408 2.123110
-0.112374 -0.165976 2.065850
-0.133294 -0.249443 2.035760
0.276455 0.311053 1.947960
0.309117 0.076940 1.843870
0.216329 -0.120557 1.770120
0.173650 -0.201511 1.751460
0.062787 -0.054772 1.981640
0.075463 -0.460670 1.980460
0.086405 -0.742752 1.994710
0.039613 -0.780118 1.916830
0.179264 -0.052970 1.936100
0.248379 -0.471303 1.973810
0.269227 -0.757347 2.007130
0.221819 -0.794910 1.929000
0.127041 0.012500 1.970810
0.155919 0.074295 2.020940
0.158052 0.453995 2.029700
0.107896 0.631236 2.043420
-0.005493 0.310163 2.107450
-0.046771 0.036126 2.114890
-0.113536 -0.159502 2.045500
-0.137207 -0.243502 2.006040
0.278568 0.311284 1.948970
0.309475 0.077083 1.844350
0.216074 -0.120058 1.765300
0.173415 -0.198968 1.745050
0.062168 -0.053853 1.983070
0.075775 -0.461106 1.980840
0.086449 -0.742854 1.994950
0.040069 -0.780214 1.916860
0.180775 -0.052678 1.937790
0.249648 -0.471842 1.975160
0.269217 -0.757405 2.007460
0.222249 -0.794916 1.929130
0.127633 0.013770 1.972610
0.156500 0.075814 2.022640
0.159542 0.451984 2.029980
0.111797 0.631325 2.041980
-0.005462 0.309885 2.107520
-0.047920 0.037829 2.109140
-0.112188 -0.154545 2.030540
-0.135379 -0.238273 1.983320
0.280639 0.311471 1.949970
0.309871 0.077343 1.844660
0.216850 -0.113367 1.757930
0.172268 -0.192935 1.735890
0.061701 -0.052874 1.984690
0.076105 -0.461487 1.981190
0.086495 -0.742945 1.995160
0.040551 -0.780311 1.916860
0.182470 -0.052325 1.939750
0.250866 -0.472348 1.976530
0.269245 -0.757464 2.007840
0.222785 -0.794930 1.929300
0.128304 0.014940 1.974420
0.157150 0.077146 2.024310
0.161017 0.450283 2.030300
0.115343 0.631353 2.040760
-0.005374 0.309709 2.107600
-0.048532 0.039552 2.105100
-0.108879 -0.149355 2.016880
-0.124793 -0.224097 1.964990
0.282579 0.311589 1.950920
0.310343 0.077778 1.844790
0.217449 -0.104538 1.751340
0.170419 -0.183844 1.726250
0.061402 -0.051965 1.986330
0.076443 -0.461824 1.981520
0.086537 -0.743028 1.995350
0.041037 -0.780404 1.916830
0.184153 -0.051993 1.941770
0.252055 -0.472800 1.977960
0.269291 -0.757517 2.008260
0.223360 -0.794940 1.929490
0.129016 0.015970 1.976100
0.157815 0.078272 2.025850
0.162351 0.448894 2.030580
0.118492 0.631290 2.039600
-0.005064 0.309693 2.107630
-0.048724 0.041181 2.102280
-0.102364 -0.144704 2.004940
-0.112587 -0.213495 1.951220
0.284454 0.311661 1.951860
0.310897 0.078315 1.844740
0.217342 -0.096784 1.746080
0.168258 -0.175647 1.718270
0.061278 -0.051144 1.987870
0.076802 -0.462150 1.981840
0.086581 -0.743120 1.995520
0.041545 -0.780521 1.916790
0.185750 -0.051668 1.943700
0.253165 -0.473047 1.979340
0.269350 -0.757580 2.008750
0.223963 -0.794964 1.929730
0.129767 0.016911 1.977680
0.158518 0.079263 2.027300
0.163657 0.447759 2.030870
0.121299 0.631174 2.038480
-0.004592 0.309815 2.107620
-0.048099 0.043861 2.100140
-0.095707 -0.140272 1.996820
-0.102464 -0.205831 1.943490
0.286163 0.311710 1.952730
0.311555 0.079052 1.844490
0.216858 -0.090809 1.742330
0.166049 -0.169093 1.712380
0.061302 -0.050381 1.989330
0.077164 -0.462475 1.982170
0.086622 -0.743219 1.995680
0.042038 -0.780656 1.916720
0.187219 -0.051312 1.945530
0.254277 -0.473306 1.980770
0.269465 -0.757645 2.009320
0.224654 -0.794994 1.930030
0.130531 0.017684 1.979100
0.159217 0.080059 2.028590
0.164898 0.446803 2.031100
0.123703 0.630968 2.037230
-0.004005 0.310003 2.107550
-0.046892 0.046498 2.098660
-0.089934 -0.137188 1.991860
-0.092235 -0.199981 1.939400
0.287766 0.311781 1.953530
0.312253 0.079946 1.844060
0.216324 -0.086434 1.739730
0.164218 -0.164354 1.708490
0.061442 -0.049752 1.990630
0.077551 -0.462860 1.982520
0.086648 -0.743319 1.995800
0.042485 -0.780801 1.916630
0.188625 -0.051000 1.947260
0.255298 -0.473429 1.982140
0.269587 -0.757702 2.009860
0.225327 -0.795023 1.930320
0.131271 0.018324 1.980420
0.159886 0.080711 2.029740
0.166128 0.446010 2.031190
0.125736 0.630738 2.035970
-0.003246 0.310342 2.107430
-0.044920 0.049047 2.097730
-0.081557 -0.134967 1.989040
-0.081438 -0.196370 1.938860
0.289164 0.311832 1.954200
0.312928 0.080817 1.843540
0.215875 -0.083471 1.738030
0.162750 -0.161095 1.706030
0.061694 -0.049189 1.991940
0.077926 -0.463250 1.982860
0.086654 -0.743384 1.995860
0.042850 -0.780918 1.916450
0.189877 -0.050735 1.948960
0.256169 -0.473466 1.983330
0.269741 -0.757767 2.010380
0.226008 -0.795073 1.930600
0.131983 0.018858 1.981570
0.160515 0.081252 2.030720
0.167298 0.445329 2.031100
0.127688 0.630410 2.034300
-0.002470 0.310705 2.107280
-0.042743 0.051113 2.097230
-0.073088 -0.134022 1.988330
-0.071227 -0.195085 1.941640
0.290421 0.311870 1.954740
0.313541 0.081611 1.843010
0.215539 -0.081439 1.736910
0.161554 -0.158782 1.704480
0.062027 -0.048704 1.993180
0.078255 -0.463594 1.983140
0.086628 -0.743463 1.995870
0.057145 -0.805138 1.944690
0.190998 -0.050508 1.950470
0.256901 -0.473400 1.984340
0.270057 -0.757765 2.010830
0.226960 -0.795050 1.930850
0.132616 0.019321 1.982610
0.161075 0.081724 2.031550
0.168620 0.444762 2.030600
0.129427 0.630009 2.031950
-0.001489 0.311218 2.107030
-0.040107 0.052792 2.097150
-0.063492 -0.134738 1.990690
-0.060416 -0.195496 1.950770
0.291636 0.311905 1.955120
0.314086 0.082314 1.842510
0.215270 -0.079990 1.736170
0.160525 -0.157112 1.703630
0.062395 -0.048202 1.994480
0.078471 -0.463835 1.983250
0.086492 -0.743613 1.995650
0.060292 -0.812852 1.952930
0.191913 -0.050306 1.951870
0.257517 -0.473236 1.985180
0.270379 -0.757760 2.011250
0.227837 -0.795044 1.931070
0.133157 0.019682 1.983530
0.161543 0.082116 2.032230
0.170161 0.444132 2.029450
0.131020 0.629532 2.028140
-0.000190 0.311826 2.106460
-0.037293 0.053899 2.097370
-0.054995 -0.137083 1.995720
-0.052560 -0.199642 1.961290
0.292721 0.311885 1.955300
0.314572 0.082927 1.841990
0.214999 -0.078950 1.735730
0.159443 -0.155965 1.703580
0.062775 -0.047733 1.995860
0.078595 -0.464141 1.982420
0.084900 -0.743323 1.992550
0.050112 -0.798220 1.926070
0.192635 -0.050175 1.953140
0.258087 -0.472897 1.985920
0.270712 -0.757779 2.011640
0.228653 -0.795087 1.931290
0.133585 0.019969 1.984290
0.161880 0.082448 2.032720
0.171784 0.443293 2.027140
0.132063 0.628738 2.023190
0.001769 0.313163 2.105050
-0.034514 0.054648 2.097830
-0.047391 -0.141211 2.005200
-0.046432 -0.208844 1.981640
0.293744 0.311827 1.955240
0.314990 0.083449 1.841460
0.214675 -0.078285 1.735650
0.158138 -0.155529 1.704990
0.063085 -0.047264 1.997210
0.077505 -0.463273 1.977250
0.081709 -0.742136 1.984810
0.049286 -0.802289 1.928100
0.193158 -0.050092 1.954270
0.258609 -0.472478 1.986540
0.271174 -0.757892 2.012100
0.229634 -0.795281 1.931580
0.133909 0.020237 1.984960
0.162111 0.082744 2.033060
0.173358 0.442110 2.023470
0.132392 0.627193 2.015210
0.003669 0.315126 2.103030
-0.032012 0.055188 2.098400
-0.041023 -0.146361 2.018830
-0.042311 -0.216383 1.999610
0.294788 0.311689 1.954710
0.315298 0.083901 1.840800
0.213938 -0.078426 1.736790
0.156392 -0.156404 1.708700
0.063267 -0.046673 1.998640
0.072891 -0.457198 1.963750
0.075602 -0.737827 1.969120
0.036830 -0.783839 1.892090
0.193511 -0.050028 1.955270
0.259106 -0.471971 1.987040
0.271892 -0.758235 2.012860
0.230863 -0.795769 1.932150
0.134100 0.020523 1.985530
0.162187 0.083127 2.033230
0.174041 0.440019 2.017400
0.131329 0.625024 2.006220
0.005139 0.318282 2.099200
-0.029995 0.055614 2.098960
-0.037510 -0.151618 2.036440
-0.040486 -0.226888 2.033340
0.295866 0.311375 1.953400
0.315258 0.084170 1.839700
0.212513 -0.079998 1.739140
0.154188 -0.159414 1.714500
0.063209 -0.045941 2.000120
0.066587 -0.450570 1.951240
0.063401 -0.726254 1.940050
0.022957 -0.764345 1.854430
0.193696 -0.049974 1.956140
0.259602 -0.471113 1.987410
0.272567 -0.758630 2.013690
0.232113 -0.796387 1.932810
0.134095 0.020888 1.985990
0.161567 0.084124 2.032660
0.171475 0.436537 2.006300
0.128073 0.621646 1.993700
0.005063 0.322535 2.092510
-0.028579 0.056078 2.099380
-0.041246 -0.156681 2.074770
-0.040970 -0.209541 2.062120
0.296510 0.310766 1.950170
0.313380 0.083341 1.836300
0.209127 -0.084912 1.742630
0.150552 -0.166076 1.721430
0.062896 -0.045124 2.001450
0.059194 -0.445540 1.940840
0.054236 -0.717585 1.918310
0.013690 -0.752709 1.829520
0.193706 -0.049905 1.956860
0.259765 -0.469856 1.987500
0.273153 -0.758995 2.014430
0.233312 -0.797092 1.933450
0.133523 0.021704 1.986170
0.159003 0.086499 2.029610
0.166596 0.433491 1.993760
0.121022 0.617762 1.977430
0.002139 0.327482 2.083560
-0.027632 0.056483 2.099670
-0.042863 -0.158301 2.090690
-0.044045 -0.193036 2.086950
0.295091 0.309598 1.942120
0.310002 0.081627 1.831460
0.204887 -0.090766 1.746030
0.146762 -0.173140 1.727460
0.062091 -0.044002 2.002530
0.050779 -0.440349 1.931480
0.044346 -0.709636 1.898130
0.004858 -0.744756 1.810610
0.193418 -0.049744 1.957390
0.259034 -0.467782 1.986870
0.273644 -0.759326 2.015060
0.234248 -0.797778 1.934060
0.131561 0.023576 1.985060
0.153236 0.090404 2.022220
0.159839 0.431065 1.981710
0.112187 0.614347 1.961900
-0.004096 0.333141 2.071890
-0.027050 0.056908 2.099840
-0.043979 -0.158798 2.100170
-0.046584 -0.183902 2.100890
0.291664 0.308901 1.932570
0.305467 0.080250 1.825870
0.200760 -0.095335 1.748500
0.143670 -0.178511 1.731720
0.060429 -0.042343 2.002730
0.040785 -0.434772 1.922560
0.032867 -0.701129 1.878180
-0.004828 -0.737539 1.793020
0.192304 -0.049160 1.957320
0.257376 -0.464961 1.985290
0.273905 -0.759529 2.015440
0.234877 -0.798273 1.934400
0.127096 0.026657 1.980780
0.143818 0.094964 2.009290
0.147528 0.428179 1.966380
0.101388 0.610904 1.945940
-0.013413 0.337712 2.059130
-0.027206 0.057953 2.099840
-0.048103 -0.156873 2.109130
-0.051255 -0.177818 2.110970
0.285494 0.308359 1.920870
0.298705 0.078641 1.818700
0.195484 -0.099535 1.749500
0.139987 -0.183241 1.734490
0.057031 -0.040080 2.000720
0.030884 -0.430511 1.914260
0.024131 -0.695525 1.865250
-0.012427 -0.732981 1.781380
0.189326 -0.047788 1.955130
0.253059 -0.461125 1.981350
0.274062 -0.759689 2.015700
0.235327 -0.798745 1.934640
0.118494 0.030099 1.973670
0.131760 0.098235 1.995120
0.136418 0.425502 1.953620
0.088710 0.607413 1.930780
-0.024550 0.340563 2.047290
-0.030943 0.060748 2.099200
-0.054727 -0.152875 2.116680
-0.058501 -0.173633 2.118220
0.276120 0.307326 1.907570
0.290741 0.077238 1.810570
0.167442 -0.119003 1.739990
0.131248 -0.191121 1.734880
0.048795 -0.037404 1.996070
0.019968 -0.427827 1.905010
0.017110 -0.691475 1.855640
-0.018981 -0.729783 1.772590
0.181874 -0.046024 1.949640
0.246718 -0.457128 1.975350
0.274014 -0.759788 2.015780
0.235491 -0.799072 1.934670
0.105061 0.033485 1.961120
0.116410 0.100326 1.977280
0.122490 0.422549 1.939720
0.075080 0.604112 1.916570
-0.039028 0.341086 2.036930
-0.041181 0.066161 2.097350
-0.067812 -0.145705 2.121730
-0.072712 -0.173596 2.123150
0.264929 0.306309 1.895140
0.280056 0.074687 1.800420
0.157446 -0.124822 1.735680
0.118426 -0.199236 1.729860
0.036088 -0.035583 1.986970
0.010843 -0.426141 1.897060
0.010375 -0.688147 1.847330
-0.025647 -0.727302 1.764930
0.168272 -0.044160 1.936360
0.239150 -0.454690 1.967850
0.272891 -0.759699 2.015030
0.234690 -0.799376 1.933900
0.085983 0.034328 1.941150
0.098398 0.099502 1.956350
0.110046 0.420304 1.928180
0.060237 0.601341 1.903460
-0.053860 0.339261 2.027100
-0.057618 0.070585 2.094470
-0.086888 -0.139873 2.121850
-0.100165 -0.194708 2.124230
0.250880 0.305224 1.883330
0.270999 0.072830 1.792480
0.148654 -0.128701 1.728720
0.105466 -0.204880 1.718570
0.014708 -0.036257 1.966460
0.001481 -0.426534 1.888000
0.005214 -0.685973 1.841160
-0.031035 -0.725587 1.759030
0.148186 -0.043894 1.914350
0.227557 -0.452933 1.956100
0.268338 -0.758707 2.011540
0.230474 -0.798773 1.930260
0.068008 0.031662 1.921800
0.081422 0.096078 1.937890
0.095373 0.418294 1.917920
0.046078 0.599595 1.892550
-0.072848 0.332611 2.017630
-0.080166 0.072308 2.090650
-0.110831 -0.137552 2.116230
-0.128974 -0.206136 2.115890
0.236584 0.304144 1.873910
0.261641 0.071325 1.784830
0.142294 -0.130784 1.720540
0.093498 -0.208765 1.702250
-0.004136 -0.040669 1.945830
-0.009682 -0.427448 1.877050
0.000430 -0.683957 1.835860
-0.035993 -0.723851 1.753830
0.129506 -0.046569 1.892790
0.212404 -0.456879 1.940500
0.259606 -0.756561 2.003750
0.230609 -0.800498 1.930190
0.051000 0.026047 1.903990
0.066290 0.090741 1.922530
0.083519 0.417009 1.910680
0.029466 0.598549 1.880970
-0.090550 0.323474 2.009240
-0.105977 0.068323 2.083050
-0.140540 -0.141319 2.105650
-0.147087 -0.213213 2.108640
0.217401 0.302233 1.863800
0.253572 0.069818 1.778880
0.137850 -0.131699 1.710720
0.085856 -0.210770 1.686040
-0.021561 -0.047248 1.926050
-0.018794 -0.429906 1.866700
-0.004750 -0.718206 1.829850
-0.042004 -0.757916 1.747930
0.112119 -0.051318 1.873720
0.191441 -0.469105 1.915850
0.235255 -0.748796 1.977370
0.196820 -0.807530 1.964520
0.034377 0.018818 1.886160
0.050769 0.083857 1.907330
0.067429 0.415502 1.902480
0.008688 0.596421 1.867740
-0.110024 0.309847 2.002770
-0.133038 0.060712 2.069630
-0.162232 -0.148262 2.091590
-0.180144 -0.244176 2.088620
0.200209 0.300393 1.855330
0.246315 0.068614 1.773900
0.135452 -0.132407 1.701250
0.082015 -0.211417 1.670160
-0.037642 -0.055279 1.906500
-0.027286 -0.435393 1.854680
-0.007751 -0.741822 1.827250
-0.045744 -0.781162 1.745410
0.095077 -0.057360 1.854360
0.164589 -0.476118 1.876910
0.206348 -0.731499 1.935070
0.173546 -0.804567 1.964460
0.020351 0.013810 1.871400
0.037554 0.078833 1.894780
0.051323 0.414325 1.894300
-0.006192 0.595799 1.857740
-0.123404 0.301197 1.998530
-0.151402 0.052977 2.055240
-0.185355 -0.157698 2.069650
-0.202086 -0.256699 2.070130
0.183922 0.299281 1.847500
0.239864 0.067270 1.769920
0.134943 -0.133183 1.692650
0.082456 -0.213322 1.656760
-0.050240 -0.060812 1.892040
-0.039098 -0.458631 1.836010
-0.009673 -0.755689 1.826320
-0.048420 -0.794772 1.744650
0.079869 -0.061452 1.836620
0.136456 -0.470333 1.829930
0.181089 -0.711539 1.882020
0.150361 -0.792924 1.927860
0.008369 0.010246 1.859100
0.025808 0.075099 1.884130
0.035435 0.413272 1.885240
-0.027571 0.594070 1.842150
-0.135301 0.293677 1.992870
-0.167366 0.044134 2.030830
-0.205167 -0.168855 2.044200
-0.228500 -0.274977 2.040970
0.170428 0.298713 1.840470
0.233285 0.066063 1.766380
0.136087 -0.133034 1.686190
0.086859 -0.214244 1.646490
-0.061065 -0.064957 1.880420
-0.045473 -0.471832 1.826900
-0.011222 -0.765014 1.826210
-0.050389 -0.803931 1.744580
0.067867 -0.063964 1.822740
0.108203 -0.462615 1.784250
0.159365 -0.686285 1.823650
0.115644 -0.763414 1.853780
-0.002003 0.007224 1.848110
0.015636 0.072072 1.874780
0.022062 0.412992 1.876630
-0.040730 0.593466 1.832070
-0.146917 0.286659 1.983090
-0.182284 0.027937 1.996800
-0.222846 -0.182304 2.012470
-0.244635 -0.288083 2.017890
0.156124 0.298784 1.831710
0.223406 0.060786 1.761060
0.139437 -0.135161 1.678970
0.099252 -0.218527 1.636750
-0.070831 -0.068696 1.869380
-0.049828 -0.484939 1.819990
-0.012035 -0.771701 1.826920
-0.051464 -0.810460 1.745250
0.058208 -0.065350 1.811590
0.094280 -0.467391 1.755090
0.141698 -0.718227 1.774290
0.096804 -0.777852 1.737490
-0.010578 0.005159 1.838510
0.006800 0.070085 1.866410
0.008659 0.413624 1.866860
-0.053551 0.593303 1.820560
-0.158276 0.282234 1.970490
-0.192502 0.019201 1.971180
-0.240981 -0.195434 1.969830
-0.260968 -0.300588 1.973900
0.143099 0.299342 1.822780
0.215136 0.054347 1.755830
0.145531 -0.140726 1.671580
0.116021 -0.223493 1.631590
-0.078776 -0.071581 1.859710
-0.052726 -0.492426 1.814550
-0.012248 -0.776343 1.828810
-0.051759 -0.815017 1.747040
0.050328 -0.065689 1.802180
0.082955 -0.475049 1.724870
0.125810 -0.736599 1.741060
0.078061 -0.790109 1.652520
-0.017972 0.004527 1.828650
-0.001378 0.069563 1.857920
-0.005862 0.415645 1.856220
-0.064464 0.593386 1.809340
-0.173046 0.278685 1.951670
-0.203578 0.012361 1.940460
-0.253201 -0.200868 1.922720
-0.270503 -0.304362 1.926970
0.132039 0.300888 1.813940
0.209762 0.049816 1.752130
0.153592 -0.147442 1.666300
0.136096 -0.229308 1.630780
-0.085800 -0.073472 1.848910
-0.060239 -0.491335 1.807350
-0.011396 -0.778479 1.831540
-0.050534 -0.817103 1.749570
0.044035 -0.064658 1.792840
0.057328 -0.464631 1.689930
0.116472 -0.746592 1.709400
0.071130 -0.792499 1.601860
-0.024569 0.005385 1.818180
-0.009066 0.070482 1.848830
-0.018966 0.418001 1.845350
-0.075836 0.594831 1.797550
-0.186293 0.279735 1.929890
-0.214419 0.008486 1.912240
-0.261802 -0.203255 1.876010
-0.275594 -0.304903 1.872350
0.120345 0.303465 1.802790
0.206046 0.046556 1.749220
0.160080 -0.152532 1.663280
0.157291 -0.234024 1.634490
-0.091643 -0.073783 1.837850
-0.075078 -0.471956 1.794250
-0.011988 -0.779428 1.832730
-0.050708 -0.818174 1.750470
0.038611 -0.062122 1.782990
0.042896 -0.451143 1.665670
0.100715 -0.754371 1.671240
0.060501 -0.793770 1.561510
-0.030449 0.007601 1.805910
-0.016517 0.072772 1.837930
-0.032523 0.420712 1.831890
-0.085487 0.596858 1.786460
-0.201448 0.277347 1.908620
-0.224298 0.008292 1.887940
-0.267788 -0.199651 1.825950
-0.278368 -0.299151 1.811100
0.110123 0.306155 1.791330
0.203233 0.043887 1.746300
0.169710 -0.158407 1.661330
0.170421 -0.237090 1.638200
-0.097054 -0.072999 1.824150
-0.084368 -0.458741 1.786640
-0.015113 -0.778813 1.832910
-0.052264 -0.818436 1.750450
0.034629 -0.058893 1.772340
0.032908 -0.429305 1.635640
0.074846 -0.756171 1.621590
0.042954 -0.792153 1.519660
-0.037303 0.011669 1.791030
-0.024596 0.076562 1.824450
-0.044156 0.422771 1.818100
-0.095470 0.599105 1.773210
-0.212385 0.278909 1.892390
-0.235408 0.009286 1.863960
-0.273224 -0.193644 1.776100
-0.278685 -0.278745 1.750290
0.098764 0.308547 1.775980
0.200893 0.041808 1.742660
0.177657 -0.162860 1.660310
0.187093 -0.239336 1.643640
-0.103664 -0.069602 1.807940
-0.094689 -0.446381 1.780250
-0.022237 -0.774713 1.830510
-0.057145 -0.816166 1.748230
0.029945 -0.054471 1.759210
0.025588 -0.418618 1.617370
0.041246 -0.751835 1.558580
0.014575 -0.786977 1.467040
-0.047160 0.016933 1.772980
-0.035156 0.081258 1.807940
-0.054668 0.424758 1.802690
-0.105312 0.600336 1.757880
-0.223012 0.282261 1.874690
-0.248439 0.013918 1.840290
-0.276828 -0.181396 1.727910
-0.276324 -0.259536 1.687980
0.088872 0.310183 1.761430
0.198756 0.040554 1.737910
0.184821 -0.165944 1.659550
0.197840 -0.240670 1.646460
-0.114483 -0.064202 1.788070
-0.108282 -0.427478 1.769360
-0.037871 -0.761659 1.823120
-0.066753 -0.810796 1.743250
0.022028 -0.049154 1.742530
0.019083 -0.405543 1.599100
0.018037 -0.744991 1.525730
-0.007052 -0.782002 1.436920
-0.057789 0.022045 1.754140
-0.046177 0.085791 1.789910
-0.065173 0.425739 1.783760
-0.114634 0.601717 1.741170
-0.234152 0.285801 1.858600
-0.259926 0.020998 1.819820
-0.282088 -0.163454 1.685190
-0.276408 -0.240313 1.627760
0.079534 0.311138 1.745510
0.195750 0.040576 1.730700
0.192470 -0.167721 1.658660
0.206710 -0.242027 1.647940
-0.126321 -0.059677 1.768010
-0.120695 -0.415388 1.752340
-0.070869 -0.689014 1.777910
-0.040498 -0.666096 1.673930
0.013156 -0.044362 1.725070
0.014525 -0.397801 1.587240
-0.013500 -0.730778 1.483430
-0.039914 -0.771994 1.396240
-0.068032 0.026473 1.732770
-0.056599 0.089264 1.769770
-0.075135 0.425067 1.764000
-0.124038 0.601441 1.721450
-0.246326 0.287314 1.841980
-0.274648 0.034974 1.794280
-0.290492 -0.140524 1.645930
-0.276544 -0.213558 1.574640
0.071565 0.310873 1.729260
0.191503 0.040812 1.719800
0.199324 -0.169103 1.657070
0.212040 -0.242939 1.648360
-0.137509 -0.056763 1.746570
-0.117734 -0.407230 1.715780
-0.086873 -0.653103 1.757000
-0.049742 -0.616877 1.647290
0.004007 -0.040284 1.702000
0.007963 -0.388569 1.574620
-0.064468 -0.701809 1.432250
-0.096755 -0.751997 1.342450
-0.077212 0.028970 1.707900
-0.065602 0.090636 1.746820
-0.084101 0.422774 1.743340
-0.133299 0.598189 1.697700
-0.257187 0.288011 1.823790
-0.286933 0.047101 1.771920
-0.300624 -0.120048 1.613470
-0.280940 -0.189664 1.534910
0.063301 0.308601 1.708490
0.186138 0.041428 1.706690
0.204310 -0.169860 1.654780
0.215707 -0.243701 1.647860
-0.147884 -0.055669 1.720560
-0.119983 -0.404109 1.705100
-0.095470 -0.636110 1.729020
-0.051300 -0.581060 1.602400
-0.003874 -0.037946 1.675600
0.002601 -0.383748 1.564120
-0.094895 -0.686175 1.401940
-0.132537 -0.738543 1.309520
-0.084638 0.030096 1.690800
-0.073167 0.091190 1.729910
-0.092087 0.419814 1.722860
-0.141100 0.592772 1.673810
-0.270086 0.286509 1.800860
-0.301570 0.056069 1.744830
-0.311857 -0.102393 1.577130
-0.288185 -0.169755 1.496640
0.055603 0.304605 1.686210
0.177519 0.039621 1.687250
0.208028 -0.171369 1.650450
0.217755 -0.244552 1.644490
-0.156185 -0.055143 1.704040
-0.123221 -0.403500 1.694410
-0.101390 -0.627704 1.709980
-0.057707 -0.580329 1.585420
-0.010269 -0.037723 1.658080
-0.003537 -0.381429 1.551350
-0.113974 -0.678289 1.385210
-0.153659 -0.732011 1.292260
-0.095463 0.028156 1.666440
-0.083882 0.088646 1.705370
-0.100752 0.414403 1.695790
-0.148645 0.585187 1.649400
-0.281312 0.283868 1.772150
-0.313740 0.062970 1.718420
-0.322267 -0.090379 1.540580
-0.294463 -0.159591 1.467550
0.047312 0.299520 1.661170
0.169693 0.037025 1.670530
0.208247 -0.173889 1.639340
0.215113 -0.246838 1.632870
-0.168136 -0.056689 1.681500
-0.130211 -0.407364 1.677000
-0.105267 -0.621882 1.700590
-0.066862 -0.581213 1.583270
-0.020446 -0.041047 1.633330
-0.013613 -0.384334 1.526380
-0.138265 -0.671680 1.370200
-0.177785 -0.725505 1.277560
-0.105615 0.023916 1.641360
-0.093849 0.084165 1.680340
-0.107752 0.409007 1.669470
-0.154949 0.576636 1.623810
-0.289313 0.281257 1.739820
-0.322780 0.063962 1.686770
-0.332157 -0.086820 1.500470
-0.305194 -0.155683 1.429150
0.039891 0.294413 1.635550
0.160101 0.032450 1.649120
0.201351 -0.178992 1.619380
0.204025 -0.251445 1.611550
-0.179325 -0.060199 1.657140
-0.141563 -0.414887 1.653040
-0.109426 -0.633804 1.658080
-0.077582 -0.579951 1.536470
-0.030624 -0.046091 1.608730
-0.023214 -0.390138 1.502020
-0.178898 -0.654293 1.336370
-0.217028 -0.702893 1.244340
-0.115128 0.020425 1.612540
-0.102750 0.080138 1.652630
-0.114099 0.404172 1.644210
-0.160042 0.568350 1.599410
-0.295866 0.279789 1.713820
-0.333128 0.062840 1.647360
-0.340252 -0.086729 1.471140
-0.314206 -0.156122 1.403300
0.033230 0.289844 1.608590
0.146002 0.025010 1.619320
0.185407 -0.187235 1.589550
0.186704 -0.257730 1.585380
-0.190708 -0.062871 1.626490
-0.161371 -0.421659 1.616990
-0.116751 -0.637285 1.642900
-0.089411 -0.589511 1.526600
-0.039955 -0.050810 1.579670
-0.040450 -0.395677 1.464250
-0.246167 -0.613647 1.286140
-0.278995 -0.654437 1.197250
