0.081880 -0.392333 2.129090
0.078754 -0.348660 2.112650
0.064310 -0.129156 2.044950
0.108521 0.071238 1.998680
-0.065531 -0.183523 2.027950
-0.027716 -0.325451 1.906080
0.115141 -0.409505 1.742060
0.201329 -0.448927 1.659040
0.236537 -0.192497 2.108910
0.230133 -0.316794 1.961670
0.175128 -0.393215 1.757420
0.111486 -0.430341 1.651020
0.016093 -0.461966 2.130580
-0.074847 -0.518671 1.830250
-0.101662 -0.826742 1.806180
-0.082886 -0.874745 1.734750
0.156679 -0.457792 2.165820
0.331014 -0.465996 1.939390
0.359123 -0.778699 1.929340
0.383351 -0.812331 1.869660
0.081880 -0.392316 2.129080
0.078760 -0.348649 2.112660
0.064323 -0.129190 2.044970
0.108538 0.071207 1.998650
-0.065536 -0.183539 2.027930
-0.017208 -0.319381 1.901430
0.122778 -0.405302 1.734980
0.195418 -0.441987 1.664310
0.236537 -0.192494 2.108910
0.230252 -0.317278 1.962030
0.177681 -0.393916 1.754280
0.109658 -0.431165 1.649300
0.016092 -0.461958 2.130570
-0.074858 -0.518663 1.830220
-0.101588 -0.826258 1.806000
-0.082806 -0.874270 1.734580
0.156675 -0.457765 2.165820
0.332043 -0.465080 1.939310
0.360458 -0.772303 1.927760
0.387354 -0.796648 1.867550
0.081882 -0.392307 2.129080
0.078771 -0.348643 2.112670
0.064349 -0.129235 2.044990
0.108554 0.071175 1.998620
-0.065540 -0.183557 2.027900
-0.062550 -0.346234 1.921760
0.061387 -0.424359 1.739880
0.131708 -0.439827 1.692990
0.236538 -0.192491 2.108910
0.231520 -0.318646 1.963440
0.181223 -0.394686 1.752220
0.108397 -0.431739 1.648100
0.016094 -0.461954 2.130560
-0.074872 -0.518658 1.830190
-0.101517 -0.825770 1.805810
-0.082729 -0.873791 1.734410
0.156674 -0.457748 2.165830
0.352033 -0.504787 1.945850
0.361864 -0.799668 1.924650
0.384370 -0.843616 1.858160
0.082062 -0.392316 2.129290
0.078914 -0.348654 2.112840
0.064386 -0.129286 2.045010
0.108573 0.071142 1.998590
-0.065544 -0.183573 2.027870
-0.081683 -0.357598 1.930360
0.067238 -0.415472 1.762340
0.170718 -0.441904 1.673100
0.236538 -0.192490 2.108910
0.233233 -0.320331 1.965220
0.184773 -0.395369 1.751000
0.107497 -0.432364 1.647240
0.016737 -0.462221 2.131400
-0.074893 -0.518646 1.830170
-0.101484 -0.825008 1.805310
-0.082696 -0.873097 1.733960
0.156858 -0.457618 2.166120
0.353570 -0.570927 1.955180
0.376240 -0.867493 1.912180
0.395181 -0.917549 1.841590
0.082240 -0.392321 2.129500
0.079063 -0.348665 2.113010
0.064431 -0.129344 2.045030
0.108593 0.071109 1.998560
-0.065549 -0.183590 2.027840
-0.055182 -0.342975 1.921190
0.102238 -0.406445 1.763070
0.206809 -0.446524 1.667300
0.236538 -0.192488 2.108920
0.234939 -0.321896 1.966910
0.187917 -0.395795 1.750310
0.106909 -0.432817 1.646670
0.017240 -0.462423 2.132090
-0.074914 -0.518633 1.830140
-0.101458 -0.824309 1.804840
-0.082673 -0.872462 1.733540
0.157039 -0.457484 2.166410
0.352984 -0.608138 1.960430
0.382918 -0.894093 1.906700
0.400556 -0.946787 1.834460
0.082390 -0.392317 2.129660
0.079200 -0.348671 2.113150
0.064485 -0.129409 2.045050
0.108616 0.071071 1.998520
-0.065554 -0.183606 2.027820
-0.038555 -0.333758 1.915280
0.110409 -0.401587 1.754070
0.202671 -0.436849 1.686760
0.236538 -0.192487 2.108920
0.236404 -0.323195 1.968340
0.190389 -0.396063 1.749970
0.106533 -0.433147 1.646360
0.017558 -0.462550 2.132520
-0.074933 -0.518622 1.830120
-0.101425 -0.823732 1.804440
-0.082643 -0.871936 1.733190
0.157191 -0.457361 2.166630
0.341983 -0.660600 1.965640
0.412484 -0.921487 1.885420
0.429101 -0.974582 1.812560
0.082518 -0.392311 2.129800
0.079322 -0.348676 2.113280
0.064536 -0.129472 2.045070
0.108638 0.071033 1.998480
-0.065559 -0.183623 2.027790
-0.031947 -0.329769 1.911890
0.112389 -0.399210 1.744950
0.193773 -0.433652 1.692940
0.236538 -0.192486 2.108920
0.237561 -0.324220 1.969480
0.192239 -0.396220 1.749830
0.106313 -0.433351 1.646380
0.017789 -0.462644 2.132830
-0.074954 -0.518615 1.830100
-0.101372 -0.823252 1.804090
-0.082596 -0.871496 1.732870
0.157320 -0.457253 2.166820
0.346947 -0.635097 1.962050
0.401109 -0.929002 1.892660
0.417547 -0.981890 1.819570
0.082632 -0.392300 2.129920
0.079434 -0.348676 2.113400
0.064586 -0.129532 2.045090
0.108659 0.070993 1.998430
-0.065564 -0.183639 2.027770
-0.028126 -0.327417 1.909840
0.115583 -0.396905 1.741490
0.197326 -0.439614 1.680280
0.236538 -0.192486 2.108920
0.238530 -0.325061 1.970410
0.193839 -0.396125 1.749770
0.106250 -0.433638 1.646380
0.017962 -0.462707 2.133060
-0.074980 -0.518613 1.830080
-0.101311 -0.822819 1.803770
-0.082540 -0.871096 1.732580
0.157436 -0.457152 2.166970
0.344537 -0.532158 1.948690
0.371263 -0.788037 1.917270
0.391435 -0.885579 1.858500
0.082731 -0.392290 2.130030
0.079535 -0.348676 2.113510
0.064633 -0.129589 2.045110
0.108681 0.070955 1.998380
-0.065569 -0.183645 2.027760
-0.065475 -0.348057 1.924900
0.061832 -0.418589 1.743360
0.138319 -0.437319 1.704770
0.236538 -0.192485 2.108920
0.239283 -0.325697 1.971130
0.195090 -0.395998 1.749790
0.106282 -0.433819 1.646540
0.018095 -0.462758 2.133250
-0.075007 -0.518610 1.830060
-0.101249 -0.822411 1.803480
-0.082489 -0.870715 1.732310
0.157533 -0.457067 2.167100
0.344522 -0.505693 1.945680
0.360989 -0.760492 1.924930
0.385124 -0.815822 1.881580
0.082815 -0.392281 2.130110
0.079623 -0.348676 2.113610
0.064676 -0.129643 2.045140
0.108706 0.070917 1.998330
-0.065573 -0.183650 2.027750
-0.088030 -0.360552 1.934030
0.026709 -0.433090 1.745450
0.100989 -0.434660 1.722360
0.236538 -0.192484 2.108920
0.239904 -0.326218 1.971710
0.196016 -0.395964 1.749890
0.106437 -0.434124 1.646680
0.018189 -0.462794 2.133370
-0.075036 -0.518610 1.830040
-0.101193 -0.822034 1.803220
-0.082442 -0.870356 1.732070
0.157608 -0.457007 2.167200
0.344676 -0.478578 1.942340
0.355694 -0.729293 1.929880
0.378142 -0.793745 1.890470
0.082883 -0.392277 2.130190
0.079699 -0.348679 2.113690
0.064717 -0.129694 2.045170
0.108731 0.070879 1.998290
-0.065577 -0.183654 2.027740
-0.057597 -0.342973 1.922130
0.020640 -0.441153 1.753540
0.091039 -0.435471 1.729080
0.236539 -0.192483 2.108920
0.240374 -0.326587 1.972130
0.196719 -0.395920 1.749990
0.106650 -0.434201 1.646890
0.018256 -0.462822 2.133470
-0.075065 -0.518610 1.830020
-0.101138 -0.821678 1.802990
-0.082396 -0.870014 1.731850
0.157666 -0.456965 2.167270
0.344675 -0.465904 1.940730
0.352382 -0.714957 1.932620
0.375924 -0.778437 1.893930
0.082925 -0.392281 2.130230
0.079749 -0.348687 2.113750
0.064752 -0.129740 2.045190
0.108758 0.070840 1.998240
-0.065581 -0.183657 2.027730
-0.037558 -0.331513 1.915120
0.022745 -0.445350 1.761530
0.089976 -0.436196 1.735150
0.236539 -0.192483 2.108920
0.240740 -0.326861 1.972450
0.197290 -0.395870 1.750100
0.106939 -0.434172 1.647110
0.018296 -0.462857 2.133520
-0.075100 -0.518611 1.830000
-0.101076 -0.821382 1.802830
-0.082341 -0.869719 1.731690
0.157700 -0.456941 2.167310
0.329069 -0.424368 1.933750
0.347111 -0.722201 1.936420
0.382591 -0.753390 1.891990
0.082917 -0.392299 2.130220
0.079767 -0.348695 2.113770
0.064765 -0.129773 2.045220
0.108785 0.070804 1.998200
-0.065587 -0.183657 2.027720
-0.028269 -0.326167 1.911790
0.027549 -0.447034 1.767210
0.094200 -0.437518 1.738260
0.236540 -0.192486 2.108920
0.241002 -0.327073 1.972690
0.197674 -0.395832 1.750210
0.107149 -0.433959 1.647660
0.018143 -0.462979 2.133350
-0.075121 -0.518608 1.829980
-0.101004 -0.821133 1.802750
-0.082271 -0.869452 1.731610
0.157640 -0.456952 2.167190
0.334230 -0.449018 1.938630
0.343793 -0.723787 1.938840
0.385088 -0.744277 1.891730
0.082894 -0.392319 2.130180
0.079774 -0.348705 2.113780
0.064769 -0.129802 2.045240
0.108809 0.070771 1.998160
-0.065593 -0.183657 2.027720
-0.022932 -0.323138 1.910030
0.106669 -0.411862 1.766360
0.197918 -0.438129 1.694740
0.236541 -0.192490 2.108920
0.241209 -0.327233 1.972880
0.177037 -0.393770 1.757750
0.107415 -0.433625 1.648260
0.017964 -0.463106 2.133140
-0.075141 -0.518606 1.829970
-0.100935 -0.820921 1.802700
-0.082203 -0.869217 1.731550
0.157566 -0.456967 2.167020
0.343113 -0.558453 1.954960
0.341080 -0.828913 1.936340
0.371010 -0.869307 1.871650
0.082851 -0.392356 2.130150
0.079762 -0.348722 2.113790
0.064721 -0.129820 2.045290
0.108831 0.070739 1.998110
-0.065599 -0.183657 2.027710
-0.062272 -0.345765 1.924720
0.102192 -0.410325 1.772460
0.207896 -0.444353 1.666270
0.236542 -0.192499 2.108920
0.241372 -0.327360 1.973030
0.177180 -0.393154 1.758120
0.107676 -0.433269 1.648820
0.017775 -0.463239 2.132930
-0.075153 -0.518603 1.829950
-0.100876 -0.820728 1.802660
-0.082144 -0.868996 1.731500
0.157480 -0.457008 2.166880
0.345809 -0.592412 1.960150
0.340347 -0.893525 1.934160
0.363176 -0.937447 1.860860
0.082800 -0.392398 2.130110
0.079740 -0.348744 2.113790
0.064657 -0.129840 2.045320
0.108852 0.070706 1.998070
-0.065606 -0.183659 2.027710
-0.088003 -0.360592 1.934260
0.056756 -0.428375 1.758790
0.164512 -0.452966 1.639730
0.236543 -0.192509 2.108920
0.241503 -0.327459 1.973140
0.179706 -0.392862 1.757700
0.107917 -0.432916 1.649330
0.017590 -0.463367 2.132740
-0.075165 -0.518600 1.829940
-0.100825 -0.820558 1.802640
-0.082093 -0.868798 1.731470
0.157398 -0.457065 2.166740
0.339013 -0.658582 1.966670
0.362165 -0.946450 1.919620
0.381012 -0.995843 1.841550
0.082742 -0.392442 2.130070
0.079710 -0.348767 2.113790
0.064586 -0.129859 2.045360
0.108873 0.070673 1.998030
-0.065613 -0.183660 2.027710
-0.056557 -0.342877 1.922180
0.104651 -0.409753 1.756520
0.216928 -0.453385 1.638440
0.236544 -0.192520 2.108920
0.241631 -0.327567 1.973240
0.183059 -0.393034 1.757040
0.108086 -0.432943 1.649520
0.017403 -0.463499 2.132540
-0.075172 -0.518595 1.829930
-0.100780 -0.820398 1.802630
-0.082050 -0.868610 1.731460
0.157307 -0.457106 2.166590
0.344593 -0.632773 1.963800
0.370105 -0.958846 1.915370
0.386722 -1.010410 1.835540
0.082674 -0.392487 2.130010
0.079674 -0.348792 2.113780
0.064515 -0.129877 2.045400
0.108896 0.070635 1.997980
-0.065622 -0.183661 2.027700
-0.042434 -0.333972 1.914450
0.114714 -0.402598 1.746820
0.223842 -0.454094 1.634800
0.236544 -0.192540 2.108920
0.277149 -0.354759 2.004840
0.234454 -0.401027 1.779750
0.172027 -0.419308 1.717300
0.017208 -0.463630 2.132320
-0.075176 -0.518589 1.829920
-0.100740 -0.820238 1.802640
-0.082011 -0.868420 1.731470
0.157213 -0.457147 2.166450
0.343471 -0.522190 1.949590
0.359125 -0.798434 1.928340
0.394521 -0.814515 1.864150
0.082613 -0.392527 2.129950
0.079641 -0.348815 2.113770
0.064477 -0.129900 2.045430
0.108922 0.070591 1.997920
-0.065630 -0.183662 2.027700
-0.034296 -0.328912 1.910220
0.113409 -0.404433 1.737800
0.226169 -0.453658 1.635540
0.236543 -0.192560 2.108920
0.297874 -0.370600 2.023440
0.265200 -0.405820 1.793430
0.201987 -0.412755 1.749810
0.017038 -0.463761 2.132110
-0.075178 -0.518583 1.829920
-0.100702 -0.820065 1.802670
-0.081976 -0.868219 1.731480
0.157136 -0.457156 2.166320
0.341615 -0.515073 1.948610
0.361234 -0.823396 1.929110
0.388785 -0.861705 1.856900
0.082506 -0.392599 2.129860
0.079580 -0.348854 2.113740
0.064437 -0.129922 2.045470
0.108946 0.070547 1.997860
-0.065638 -0.183662 2.027700
-0.029825 -0.326094 1.907850
0.116683 -0.403113 1.735360
0.223552 -0.452672 1.639570
0.236541 -0.192589 2.108920
0.269443 -0.348172 1.996830
0.235601 -0.400338 1.771240
0.143718 -0.422994 1.683370
0.016793 -0.463922 2.131820
-0.075182 -0.518579 1.829910
-0.100656 -0.819898 1.802720
-0.081934 -0.868022 1.731520
0.156985 -0.457234 2.166110
0.340250 -0.492894 1.945700
0.354560 -0.763647 1.934110
0.394003 -0.790615 1.872230
0.082389 -0.392678 2.129740
0.079513 -0.348897 2.113700
0.064402 -0.129940 2.045500
0.108974 0.070503 1.997790
-0.065647 -0.183662 2.027690
-0.026604 -0.324211 1.906540
0.122174 -0.401684 1.736980
0.225614 -0.452140 1.646020
0.236539 -0.192618 2.108920
0.256774 -0.338251 1.985070
0.222176 -0.397882 1.761170
0.138195 -0.423379 1.677140
0.016527 -0.464078 2.131480
-0.075184 -0.518574 1.829900
-0.100610 -0.819714 1.802790
-0.081891 -0.867802 1.731580
0.156821 -0.457339 2.165880
0.340045 -0.480212 1.944250
0.350300 -0.735023 1.936750
0.395374 -0.761174 1.882450
0.082272 -0.392761 2.129640
0.079441 -0.348945 2.113660
0.064369 -0.129957 2.045540
0.108998 0.070461 1.997720
-0.065655 -0.183663 2.027690
-0.023924 -0.322751 1.905940
0.124565 -0.400023 1.736600
0.209872 -0.431857 1.693560
0.236536 -0.192654 2.108930
0.248856 -0.332084 1.977780
0.213156 -0.396184 1.754780
0.120622 -0.426550 1.657690
0.016297 -0.464217 2.131220
-0.075186 -0.518570 1.829900
-0.100568 -0.819516 1.802860
-0.081852 -0.867570 1.731640
0.156667 -0.457448 2.165680
0.339922 -0.472066 1.943240
0.350726 -0.721477 1.936260
0.391482 -0.754356 1.887550
0.082334 -0.392755 2.129870
0.079467 -0.348948 2.113830
0.064342 -0.129974 2.045590
0.109020 0.070415 1.997650
-0.065663 -0.183664 2.027690
-0.022146 -0.321784 1.905520
0.125076 -0.398782 1.735800
0.195851 -0.421502 1.715040
0.236532 -0.192684 2.108930
0.244586 -0.328738 1.973870
0.207619 -0.395053 1.751150
0.113402 -0.427782 1.649630
0.016648 -0.464125 2.131920
-0.075187 -0.518568 1.829890
-0.100597 -0.819053 1.802680
-0.081891 -0.867130 1.731480
0.156814 -0.457326 2.166080
0.340167 -0.467766 1.942720
0.354286 -0.715792 1.933240
0.389427 -0.753069 1.881420
0.082386 -0.392764 2.130080
0.079490 -0.348957 2.113980
0.064318 -0.129989 2.045640
0.109040 0.070375 1.997570
-0.065670 -0.183665 2.027680
-0.021025 -0.321130 1.905150
0.124400 -0.397793 1.735080
0.204453 -0.430275 1.696100
0.236528 -0.192711 2.108940
0.241966 -0.326689 1.971490
0.204233 -0.394505 1.749000
0.109190 -0.428470 1.644930
0.016887 -0.464078 2.132420
-0.075189 -0.518565 1.829890
-0.100648 -0.818600 1.802540
-0.081952 -0.866698 1.731350
0.156914 -0.457266 2.166380
0.340993 -0.468097 1.942870
0.359190 -0.718004 1.929010
0.387783 -0.757788 1.873480
0.082398 -0.392791 2.130180
0.079495 -0.348977 2.114090
0.064297 -0.130004 2.045690
0.109063 0.070334 1.997470
-0.065679 -0.183663 2.027680
-0.020468 -0.320749 1.904970
0.122726 -0.397040 1.734390
0.207153 -0.436183 1.681360
0.236522 -0.192752 2.108940
0.240188 -0.325294 1.969850
0.173494 -0.391658 1.754990
0.106213 -0.428951 1.641610
0.016951 -0.464071 2.132600
-0.075182 -0.518558 1.829880
-0.100765 -0.818168 1.802510
-0.082082 -0.866266 1.731320
0.156934 -0.457289 2.166480
0.340562 -0.475856 1.943670
0.359322 -0.724274 1.928560
0.387106 -0.761511 1.873390
0.082410 -0.392815 2.130280
0.079500 -0.348994 2.114180
0.064276 -0.130015 2.045740
0.109094 0.070292 1.997310
-0.065684 -0.183662 2.027690
-0.019807 -0.320447 1.905270
0.122418 -0.396333 1.734370
0.200462 -0.423500 1.702430
0.236517 -0.192790 2.108960
0.238897 -0.324314 1.968710
0.160919 -0.391012 1.757830
0.104193 -0.429612 1.639560
0.017005 -0.464064 2.132750
-0.075170 -0.518547 1.829870
-0.100895 -0.817712 1.802480
-0.082226 -0.865809 1.731290
0.156947 -0.457309 2.166570
0.339836 -0.483919 1.944790
0.356349 -0.734084 1.930360
0.388226 -0.762825 1.874030
0.082420 -0.392847 2.130370
0.079502 -0.349017 2.114270
0.064252 -0.130025 2.045790
0.109167 0.070188 1.996830
-0.065687 -0.183663 2.027690
-0.019405 -0.320311 1.905660
0.121892 -0.395831 1.734410
0.196847 -0.418178 1.711400
0.236514 -0.192828 2.108970
0.238079 -0.323732 1.968090
0.154183 -0.390581 1.759310
0.103156 -0.430137 1.638740
0.017048 -0.464059 2.132860
-0.075159 -0.518535 1.829860
-0.101021 -0.817253 1.802460
-0.082364 -0.865346 1.731270
0.156958 -0.457354 2.166670
0.339324 -0.490169 1.945660
0.354011 -0.742259 1.931900
0.389048 -0.763403 1.874300
0.082413 -0.392876 2.130450
0.079482 -0.349039 2.114360
0.064118 -0.130023 2.045840
0.109346 0.070088 1.995160
-0.065688 -0.183660 2.027700
-0.019258 -0.320313 1.906150
0.121040 -0.395104 1.734380
0.194175 -0.414933 1.718430
0.236515 -0.192866 2.108990
0.237685 -0.323497 1.967960
0.149843 -0.390255 1.760260
0.102801 -0.430414 1.638880
0.017074 -0.464059 2.132960
-0.075144 -0.518517 1.829840
-0.101138 -0.816785 1.802470
-0.082497 -0.864877 1.731280
0.156957 -0.457393 2.166750
0.338925 -0.494629 1.946400
0.352363 -0.746539 1.932930
0.390107 -0.765786 1.875580
0.082393 -0.392900 2.130510
0.079444 -0.349060 2.114420
0.063896 -0.130036 2.045850
0.109874 0.069739 1.992120
-0.065679 -0.183649 2.027750
-0.019270 -0.320327 1.906850
0.120151 -0.394357 1.734520
0.192468 -0.412862 1.723110
0.236524 -0.192907 2.109030
0.237627 -0.323551 1.968260
0.146912 -0.390035 1.761180
0.102851 -0.430422 1.640020
0.017084 -0.464061 2.133030
-0.075129 -0.518497 1.829830
-0.101238 -0.816322 1.802490
-0.082616 -0.864416 1.731300
0.156949 -0.457420 2.166810
0.338579 -0.497935 1.946950
0.350862 -0.749687 1.933880
0.390929 -0.767372 1.876820
0.082363 -0.392922 2.130560
0.079390 -0.349079 2.114460
0.063527 -0.130064 2.045600
0.110894 0.068297 1.985890
-0.065657 -0.183641 2.027820
-0.019375 -0.320393 1.907570
0.120293 -0.392815 1.735610
0.211671 -0.421445 1.703440
0.236539 -0.192952 2.109070
0.237788 -0.323743 1.968850
0.145204 -0.389786 1.762140
0.103145 -0.429839 1.641890
0.017066 -0.464043 2.133090
-0.075118 -0.518474 1.829820
-0.101316 -0.815855 1.802520
-0.082715 -0.863991 1.731340
0.156932 -0.457453 2.166880
0.338256 -0.500328 1.947270
0.349783 -0.751856 1.934580
0.391642 -0.768664 1.877910
0.082261 -0.392958 2.130570
0.079250 -0.349115 2.114450
0.063021 -0.130151 2.044990
0.112310 0.065983 1.978690
-0.065622 -0.183640 2.027920
-0.066363 -0.346694 1.928510
0.078175 -0.396998 1.753570
0.215028 -0.424462 1.693760
0.236566 -0.193025 2.109150
0.238027 -0.324012 1.969630
0.144331 -0.389494 1.763120
0.103447 -0.428589 1.644800
0.016920 -0.464016 2.133120
-0.075116 -0.518453 1.829800
-0.101368 -0.815433 1.802570
-0.082791 -0.863628 1.731410
0.156882 -0.457487 2.166930
0.337993 -0.502073 1.947480
0.349006 -0.753367 1.935100
0.392195 -0.770379 1.879100
0.082127 -0.392999 2.130560
0.079069 -0.349166 2.114390
0.062454 -0.130518 2.043770
0.114015 0.063022 1.971340
-0.065566 -0.183636 2.028060
-0.095238 -0.362938 1.941180
0.057600 -0.399106 1.763160
0.218147 -0.425096 1.688820
0.236623 -0.193139 2.109270
0.238364 -0.324333 1.970490
0.144277 -0.389195 1.764090
0.103802 -0.427340 1.647490
0.016711 -0.463987 2.133130
-0.075117 -0.518433 1.829790
-0.101399 -0.815027 1.802620
-0.082850 -0.863318 1.731480
0.156814 -0.457519 2.166970
0.337799 -0.503315 1.947630
0.348473 -0.754403 1.935460
0.392508 -0.771360 1.879760
0.081968 -0.393064 2.130580
0.078870 -0.349240 2.114350
0.061802 -0.131040 2.042310
0.115659 0.059350 1.963740
-0.065501 -0.183635 2.028210
-0.105593 -0.368786 1.945760
0.043352 -0.401632 1.765410
0.151062 -0.408612 1.747160
0.236702 -0.193308 2.109430
0.238748 -0.324712 1.971370
0.175358 -0.385042 1.757710
0.104102 -0.426281 1.649770
0.016446 -0.463974 2.133300
-0.075127 -0.518417 1.829780
-0.101380 -0.814602 1.802600
-0.082871 -0.863035 1.731500
0.156700 -0.457586 2.167120
0.337656 -0.504230 1.947740
0.348096 -0.755142 1.935720
0.392740 -0.772160 1.880260
0.081829 -0.393118 2.130620
0.078682 -0.349313 2.114310
0.061068 -0.131853 2.040680
0.116995 0.056171 1.957690
-0.065429 -0.183638 2.028360
-0.112193 -0.372525 1.948700
0.035557 -0.403138 1.766450
0.122123 -0.398288 1.770270
0.236879 -0.193572 2.109640
0.239194 -0.325098 1.972260
0.189105 -0.382731 1.754910
0.104356 -0.425436 1.651590
0.016205 -0.463977 2.133620
-0.075143 -0.518397 1.829780
-0.101279 -0.814114 1.802520
-0.082841 -0.862737 1.731500
0.156633 -0.457576 2.167390
0.337536 -0.504902 1.947810
0.347811 -0.755669 1.935920
0.393109 -0.773789 1.881310
0.081686 -0.393169 2.130660
0.078491 -0.349389 2.114260
0.060304 -0.132870 2.038800
0.118324 0.053462 1.953000
-0.065339 -0.183645 2.028520
-0.115261 -0.374490 1.949930
0.030954 -0.403465 1.766800
0.172645 -0.406887 1.709080
0.237105 -0.193925 2.109860
0.239643 -0.325496 1.973060
0.197133 -0.382197 1.753460
0.104565 -0.424775 1.653030
0.015942 -0.463988 2.133990
-0.075156 -0.518380 1.829770
-0.101168 -0.813624 1.802420
-0.082812 -0.862465 1.731500
0.156554 -0.457530 2.167700
0.337460 -0.505412 1.947860
0.347598 -0.756050 1.936070
0.393440 -0.775702 1.882480
0.081547 -0.393216 2.130700
0.078308 -0.349462 2.114210
0.059605 -0.134035 2.036890
0.119290 0.051293 1.949430
-0.065224 -0.183669 2.028680
-0.114507 -0.374540 1.949360
0.028847 -0.403744 1.765980
0.126290 -0.392128 1.766940
0.237351 -0.194303 2.110060
0.240050 -0.325866 1.973780
0.179606 -0.385147 1.761240
0.104667 -0.424263 1.654240
0.015674 -0.463982 2.134400
-0.075168 -0.518364 1.829760
-0.101051 -0.813116 1.802300
-0.082780 -0.862200 1.731480
0.156472 -0.457454 2.168030
0.337406 -0.505785 1.947900
0.347433 -0.756295 1.936200
0.393568 -0.777142 1.883270
0.081387 -0.393254 2.130740
0.078100 -0.349539 2.114150
0.059019 -0.135066 2.035300
0.119971 0.049534 1.946660
-0.065106 -0.183702 2.028830
-0.111374 -0.373554 1.947610
0.036622 -0.401845 1.766880
0.114468 -0.381535 1.807530
0.237629 -0.194724 2.110250
0.240495 -0.326302 1.974420
0.182008 -0.384296 1.760600
0.104741 -0.423877 1.655170
0.015354 -0.463924 2.134800
-0.075178 -0.518349 1.829760
-0.100943 -0.812624 1.802190
-0.082753 -0.861941 1.731480
0.156385 -0.457381 2.168320
0.337370 -0.506057 1.947930
0.347284 -0.756379 1.936350
0.393597 -0.778145 1.883890
0.081550 -0.393061 2.131810
0.078016 -0.349572 2.114290
0.058477 -0.136073 2.033770
0.120439 0.048206 1.944630
-0.064958 -0.183755 2.028960
-0.107732 -0.372168 1.945640
0.042972 -0.400142 1.767070
0.107798 -0.380404 1.817090
0.237908 -0.195128 2.110410
0.240889 -0.326670 1.974940
0.171994 -0.385438 1.764110
0.104791 -0.423567 1.655880
0.017153 -0.462238 2.140830
-0.075191 -0.518336 1.829760
-0.100930 -0.811071 1.801250
-0.082856 -0.861056 1.730980
0.157866 -0.455806 2.172830
0.337367 -0.506210 1.947980
0.347146 -0.756379 1.936510
0.393563 -0.779332 1.884700
0.081866 -0.392805 2.133110
0.077999 -0.349593 2.114530
0.058064 -0.137121 2.032190
0.120859 0.047161 1.943090
-0.064751 -0.183837 2.029080
-0.104346 -0.370879 1.943700
0.045482 -0.399158 1.765720
0.185539 -0.407999 1.709890
0.238203 -0.195595 2.110510
0.241225 -0.326988 1.975350
0.177147 -0.385146 1.761960
0.104819 -0.423312 1.656430
0.018683 -0.460859 2.145620
-0.075214 -0.518335 1.829750
-0.100884 -0.809575 1.800250
-0.082940 -0.860237 1.730460
0.159236 -0.454422 2.176700
0.337341 -0.506304 1.947980
0.347012 -0.756364 1.936660
0.393585 -0.779845 1.885100
0.082190 -0.392557 2.134330
0.078015 -0.349603 2.114810
0.057736 -0.137945 2.030940
0.121208 0.046397 1.941980
-0.064460 -0.183963 2.029150
-0.101481 -0.369843 1.942010
0.047827 -0.398565 1.764600
0.201992 -0.413263 1.689070
0.238476 -0.196024 2.110570
0.241514 -0.327216 1.975610
0.182031 -0.384384 1.759520
0.105062 -0.421833 1.657520
0.019810 -0.459862 2.149010
-0.075240 -0.518335 1.829740
-0.100853 -0.808172 1.799310
-0.083016 -0.859431 1.729950
0.160268 -0.453390 2.179570
0.337234 -0.506293 1.947880
0.346927 -0.756294 1.936780
0.393541 -0.780359 1.885420
0.082261 -0.392455 2.134760
0.077992 -0.349615 2.114890
0.057497 -0.138598 2.029860
0.121673 0.045897 1.941320
-0.064155 -0.184072 2.029180
-0.099159 -0.369097 1.940470
0.047901 -0.400248 1.761140
0.150597 -0.404319 1.729300
0.238777 -0.196494 2.110540
0.241702 -0.327345 1.975810
0.186163 -0.383770 1.757610
0.105402 -0.420759 1.658250
0.020064 -0.459356 2.150210
-0.075264 -0.518337 1.829730
-0.100773 -0.807457 1.798890
-0.083022 -0.859035 1.729740
0.160609 -0.453020 2.180610
0.337093 -0.506223 1.947750
0.346863 -0.756201 1.936870
0.393507 -0.780666 1.885610
0.082309 -0.392385 2.135040
0.077975 -0.349624 2.114940
0.057542 -0.139102 2.028730
0.122316 0.045627 1.941120
-0.063809 -0.184163 2.029150
-0.097336 -0.368578 1.939150
0.066608 -0.398356 1.772120
0.195002 -0.415608 1.680660
0.239107 -0.197014 2.110410
0.241916 -0.327473 1.975920
0.189691 -0.383391 1.755850
0.105822 -0.420081 1.658630
0.020045 -0.458903 2.150750
-0.075284 -0.518336 1.829720
-0.100694 -0.806896 1.798600
-0.083022 -0.858728 1.729610
0.160767 -0.452773 2.181240
0.336930 -0.506107 1.947590
0.346818 -0.756093 1.936940
0.393310 -0.780747 1.885550
0.082325 -0.392313 2.135200
0.077957 -0.349629 2.114950
0.057637 -0.139449 2.028000
0.123613 0.045974 1.942220
-0.063437 -0.184250 2.029050
-0.095942 -0.368216 1.938050
0.047240 -0.425613 1.758960
0.134943 -0.423215 1.703980
0.239427 -0.197483 2.110210
0.242159 -0.327601 1.975970
0.192340 -0.383158 1.754440
0.106172 -0.419573 1.658900
0.019640 -0.458512 2.150180
-0.075308 -0.518342 1.829710
-0.100630 -0.806517 1.798410
-0.083014 -0.858511 1.729530
0.160651 -0.452688 2.181220
0.341004 -0.557526 1.956460
0.346575 -0.833567 1.936060
0.374584 -0.875716 1.874050
0.082324 -0.392248 2.135290
0.077943 -0.349633 2.114950
0.057835 -0.139737 2.027610
0.125034 0.046531 1.944050
-0.063013 -0.184377 2.028870
-0.094918 -0.367969 1.937160
0.069536 -0.414281 1.774790
0.176409 -0.421769 1.683990
0.239725 -0.197922 2.109910
0.242377 -0.327717 1.975960
0.194243 -0.383069 1.753370
0.106395 -0.419231 1.659100
0.019146 -0.458244 2.149200
-0.075338 -0.518351 1.829700
-0.100577 -0.806232 1.798280
-0.083002 -0.858335 1.729470
0.160412 -0.452699 2.180860
0.343298 -0.586728 1.961510
0.347121 -0.869269 1.935050
0.365432 -0.926347 1.866970
0.082317 -0.392165 2.135310
0.077936 -0.349629 2.114950
0.058273 -0.140018 2.027590
0.126600 0.047371 1.946940
-0.062609 -0.184472 2.028640
-0.094185 -0.367790 1.936490
0.078630 -0.408743 1.781020
0.193964 -0.420343 1.677310
0.240010 -0.198284 2.109600
0.242584 -0.327815 1.975930
0.195534 -0.382868 1.752580
0.106579 -0.418976 1.659240
0.018666 -0.458036 2.148040
-0.075384 -0.518381 1.829680
-0.100535 -0.806027 1.798180
-0.082986 -0.858199 1.729420
0.160133 -0.452743 2.180280
0.344199 -0.598043 1.963450
0.347076 -0.886250 1.934800
0.361361 -0.947129 1.864270
0.082300 -0.392089 2.135250
0.077934 -0.349625 2.114920
0.058795 -0.140253 2.027750
0.128076 0.048645 1.951100
-0.062209 -0.184575 2.028360
-0.093651 -0.367679 1.935920
0.083183 -0.404876 1.783730
0.202024 -0.418492 1.673290
0.240265 -0.198580 2.109280
0.242814 -0.327931 1.975830
0.176803 -0.385948 1.758250
0.106708 -0.418800 1.659340
0.018155 -0.458124 2.146480
-0.075437 -0.518416 1.829660
-0.100482 -0.805880 1.798130
-0.082956 -0.858096 1.729400
0.159791 -0.452830 2.179510
0.344751 -0.605142 1.964660
0.347054 -0.896525 1.934660
0.358895 -0.959979 1.862620
0.082289 -0.392052 2.135140
0.077941 -0.349629 2.114890
0.059497 -0.140343 2.028220
0.129173 0.050125 1.955720
-0.061758 -0.184711 2.028020
-0.093251 -0.367635 1.935400
0.086085 -0.402209 1.785400
0.208725 -0.417107 1.671250
0.240488 -0.198825 2.108980
0.243036 -0.328042 1.975700
0.166975 -0.387545 1.761200
0.106815 -0.418670 1.659400
0.017759 -0.458385 2.144920
-0.075505 -0.518474 1.829630
-0.100424 -0.805783 1.798100
-0.082916 -0.858017 1.729390
0.159427 -0.453051 2.178580
0.343435 -0.582381 1.957930
0.357851 -0.889890 1.931460
0.371087 -0.948999 1.858240
0.082276 -0.392043 2.135000
0.077954 -0.349639 2.114850
0.060406 -0.140257 2.029020
0.129797 0.051864 1.960520
-0.061308 -0.184860 2.027650
-0.092954 -0.367641 1.934950
0.088705 -0.399225 1.787290
0.180533 -0.403717 1.713650
0.240677 -0.199018 2.108710
0.243369 -0.328180 1.975490
0.174537 -0.387004 1.757860
0.107675 -0.418592 1.659280
0.017430 -0.458731 2.143510
-0.075559 -0.518527 1.829600
-0.100370 -0.805720 1.798100
-0.082872 -0.857952 1.729390
0.159035 -0.453354 2.177610
0.343451 -0.582013 1.957490
0.359468 -0.892422 1.931060
0.372239 -0.950464 1.857430
0.082264 -0.392055 2.134860
0.077970 -0.349653 2.114810
0.061341 -0.140023 2.029940
0.130096 0.053657 1.964990
-0.060897 -0.184968 2.027300
-0.092735 -0.367669 1.934580
0.090496 -0.396876 1.788670
0.203037 -0.399457 1.711650
0.240833 -0.199166 2.108490
0.243666 -0.328299 1.975290
0.181093 -0.386460 1.755200
0.108479 -0.418597 1.659110
0.017176 -0.459094 2.142320
-0.075615 -0.518585 1.829580
-0.100319 -0.805684 1.798110
-0.082828 -0.857900 1.729400
0.158667 -0.453670 2.176730
0.343465 -0.581743 1.957190
0.360145 -0.893241 1.930980
0.372717 -0.949650 1.857410
0.082242 -0.392077 2.134690
0.077987 -0.349668 2.114770
0.062218 -0.139654 2.030960
0.130142 0.055181 1.968570
-0.060531 -0.185061 2.027000
-0.092576 -0.367708 1.934280
0.091289 -0.395399 1.789150
0.204874 -0.400268 1.707240
0.240952 -0.199269 2.108310
0.243795 -0.328341 1.975230
0.185603 -0.386015 1.753970
0.109028 -0.418666 1.659030
0.016937 -0.459454 2.141260
-0.075657 -0.518629 1.829560
-0.100272 -0.805656 1.798150
-0.082778 -0.857840 1.729420
0.158269 -0.453971 2.175850
0.342189 -0.567751 1.955540
0.358394 -0.880168 1.933640
0.371944 -0.932241 1.861310
0.082217 -0.392105 2.134520
0.078003 -0.349682 2.114740
0.062973 -0.139219 2.032030
0.130093 0.056310 1.971170
-0.060226 -0.185130 2.026740
-0.092462 -0.367741 1.934070
0.092036 -0.394513 1.789760
0.213300 -0.403947 1.705170
0.241046 -0.199344 2.108170
0.243921 -0.328369 1.975200
0.187955 -0.385849 1.753330
0.110211 -0.418699 1.659240
0.016729 -0.459796 2.140340
-0.075696 -0.518664 1.829540
-0.100223 -0.805643 1.798200
-0.082722 -0.857779 1.729450
0.157914 -0.454235 2.175040
0.341936 -0.566467 1.955630
0.357900 -0.878428 1.934290
0.371689 -0.929401 1.862220
0.082171 -0.392138 2.134310
0.078018 -0.349696 2.114700
0.063619 -0.138775 2.033130
0.130011 0.057143 1.973070
-0.059966 -0.185178 2.026520
-0.092381 -0.367771 1.933920
0.092519 -0.393833 1.790240
0.218197 -0.406025 1.703840
0.241118 -0.199400 2.108060
0.244033 -0.328403 1.975170
0.178448 -0.387702 1.757830
0.111083 -0.418778 1.659530
0.016484 -0.460131 2.139420
-0.075733 -0.518698 1.829530
-0.100157 -0.805655 1.798300
-0.082648 -0.857722 1.729510
0.157524 -0.454489 2.174210
0.341854 -0.566894 1.956150
0.357190 -0.877156 1.934850
0.371321 -0.927402 1.862930
0.082100 -0.392186 2.134060
0.078028 -0.349712 2.114650
0.064146 -0.138345 2.034210
0.129921 0.057736 1.974440
-0.059743 -0.185215 2.026330
-0.092319 -0.367814 1.933810
0.092712 -0.393296 1.790530
0.220253 -0.406921 1.701970
0.241174 -0.199435 2.107980
0.244126 -0.328429 1.975160
0.171595 -0.388954 1.761140
0.111736 -0.418866 1.659860
0.016201 -0.460457 2.138480
-0.075769 -0.518729 1.829520
-0.100080 -0.805693 1.798430
-0.082558 -0.857668 1.729590
0.157095 -0.454794 2.173350
0.341979 -0.568694 1.957010
0.356339 -0.876277 1.935320
0.370913 -0.925999 1.863500
0.082026 -0.392228 2.133820
0.078036 -0.349724 2.114620
0.064537 -0.137950 2.035260
0.129806 0.058143 1.975430
-0.059559 -0.185238 2.026170
-0.092272 -0.367857 1.933740
0.092790 -0.392935 1.790790
0.221841 -0.407845 1.700490
0.241219 -0.199457 2.107930
0.244187 -0.328459 1.975170
0.165786 -0.389918 1.763900
0.111927 -0.418973 1.660620
0.015957 -0.460729 2.137710
-0.075804 -0.518761 1.829510
-0.100005 -0.805743 1.798580
-0.082467 -0.857618 1.729670
0.156733 -0.455037 2.172630
0.342190 -0.571231 1.958040
0.354375 -0.875702 1.936250
0.369684 -0.924970 1.864520
0.081938 -0.392257 2.133600
0.078036 -0.349731 2.114590
0.064792 -0.137587 2.036240
0.129674 0.058432 1.976170
-0.059403 -0.185254 2.026040
-0.092238 -0.367905 1.933690
0.092648 -0.392703 1.790920
0.222582 -0.408835 1.698380
0.241255 -0.199470 2.107880
0.279679 -0.354646 2.009710
0.180797 -0.396752 1.802650
0.112147 -0.419056 1.661450
0.015711 -0.460859 2.137070
-0.075822 -0.518778 1.829500
-0.099939 -0.805783 1.798740
-0.082379 -0.857554 1.729760
0.156407 -0.455255 2.172030
0.342418 -0.573910 1.958980
0.352551 -0.875430 1.937040
0.368525 -0.924342 1.865390
0.081849 -0.392267 2.133390
0.078036 -0.349733 2.114560
0.064966 -0.137302 2.037150
0.129545 0.058630 1.976710
-0.059272 -0.185268 2.025920
-0.092210 -0.367965 1.933660
0.092216 -0.392534 1.790800
0.221875 -0.409367 1.695580
0.241286 -0.199476 2.107850
0.270399 -0.347782 2.000950
0.195556 -0.389233 1.782530
0.112302 -0.419149 1.662350
0.015492 -0.460920 2.136540
-0.075838 -0.518794 1.829490
-0.099862 -0.805829 1.798890
-0.082276 -0.857492 1.729850
0.156140 -0.455430 2.171530
0.342667 -0.576281 1.959710
0.350787 -0.875343 1.937720
0.367358 -0.923981 1.866160
0.081759 -0.392275 2.133200
0.078033 -0.349736 2.114530
0.065066 -0.137100 2.037970
0.129397 0.058756 1.977100
-0.059160 -0.185283 2.025830
-0.092188 -0.368032 1.933660
0.091705 -0.392397 1.790640
0.221064 -0.409556 1.693250
0.241312 -0.199475 2.107820
0.293603 -0.364486 2.022980
0.246691 -0.390818 1.794250
0.168504 -0.406692 1.754880
0.015294 -0.460965 2.136100
-0.075854 -0.518808 1.829480
-0.099797 -0.805874 1.799030
-0.082184 -0.857431 1.729930
0.155912 -0.455574 2.171100
0.342790 -0.578178 1.960310
0.349247 -0.875381 1.938280
0.366307 -0.923814 1.866810
0.081674 -0.392280 2.133020
0.078028 -0.349737 2.114510
0.065107 -0.136959 2.038660
0.129125 0.058746 1.977350
-0.059067 -0.185296 2.025740
-0.092174 -0.368090 1.933660
0.065420 -0.401776 1.767410
0.160544 -0.400006 1.736700
0.241339 -0.199466 2.107800
0.302432 -0.370722 2.031810
0.272837 -0.392222 1.800720
0.192692 -0.401568 1.793560
0.015124 -0.460999 2.135750
-0.075861 -0.518819 1.829470
-0.099743 -0.805914 1.799160
-0.082102 -0.857373 1.730010
0.155727 -0.455688 2.170760
0.342882 -0.579785 1.960780
0.348061 -0.875501 1.938630
0.365495 -0.923783 1.867250
0.081573 -0.392294 2.132820
0.078018 -0.349741 2.114480
0.065115 -0.136864 2.039240
0.128813 0.058661 1.977490
-0.058988 -0.185312 2.025670
-0.092166 -0.368146 1.933670
0.068135 -0.398649 1.770950
0.183958 -0.401975 1.714310
0.241365 -0.199454 2.107790
0.307243 -0.374116 2.036910
0.283617 -0.392447 1.803740
0.204273 -0.399021 1.812910
0.014929 -0.461065 2.135390
-0.075867 -0.518830 1.829460
-0.099702 -0.805966 1.799310
-0.082035 -0.857323 1.730090
0.155555 -0.455795 2.170410
0.342956 -0.581057 1.961140
0.346924 -0.875702 1.938960
0.364671 -0.923877 1.867660
0.081386 -0.392343 2.132430
0.077976 -0.349761 2.114390
0.065100 -0.136806 2.039720
0.128458 0.058520 1.977530
-0.058918 -0.185341 2.025590
-0.039591 -0.339512 1.921040
0.133283 -0.384442 1.773210
0.213515 -0.394231 1.732250
0.241387 -0.199443 2.107770
0.310400 -0.376342 2.040320
0.290338 -0.392382 1.806000
0.210975 -0.397504 1.824460
0.014574 -0.461242 2.134750
-0.075871 -0.518842 1.829450
-0.099653 -0.806061 1.799530
-0.081954 -0.857285 1.730210
0.155323 -0.455943 2.169830
0.343021 -0.582003 1.961410
0.345563 -0.876000 1.939390
0.363608 -0.924089 1.868160
0.080982 -0.392442 2.131520
0.077822 -0.349818 2.114030
0.065067 -0.136776 2.040080
0.127876 0.058283 1.977420
-0.058863 -0.185375 2.025510
-0.058580 -0.351160 1.925810
0.088774 -0.396078 1.758340
0.166571 -0.389204 1.758600
0.241418 -0.199418 2.107770
0.312207 -0.377597 2.043250
0.294380 -0.392120 1.808200
0.213178 -0.397223 1.822740
0.013792 -0.461594 2.133130
-0.075870 -0.518855 1.829430
-0.099564 -0.806252 1.799940
-0.081821 -0.857270 1.730460
0.154957 -0.456232 2.168750
0.343095 -0.582654 1.961580
0.344171 -0.876302 1.939860
0.362495 -0.924302 1.868680
0.080585 -0.392565 2.130570
0.077649 -0.349898 2.113600
0.065032 -0.136765 2.040360
0.127274 0.058003 1.977240
-0.058818 -0.185418 2.025410
-0.071323 -0.358832 1.928940
0.092925 -0.390665 1.770660
0.201279 -0.392510 1.723410
0.241456 -0.199385 2.107760
0.312954 -0.378085 2.045280
0.295416 -0.391461 1.809850
0.213019 -0.397250 1.818310
0.013074 -0.461964 2.131620
-0.075868 -0.518875 1.829410
-0.099478 -0.806470 1.800360
-0.081686 -0.857276 1.730710
0.154633 -0.456533 2.167700
0.343153 -0.583173 1.961710
0.342973 -0.876624 1.940260
0.361524 -0.924551 1.869130
0.080493 -0.392592 2.130310
0.077619 -0.349919 2.113500
0.064996 -0.136768 2.040580
0.126656 0.057694 1.976960
-0.058772 -0.185529 2.025240
-0.079631 -0.363778 1.930650
0.065397 -0.401469 1.760140
0.156286 -0.389311 1.747360
0.241495 -0.199349 2.107760
0.312815 -0.378008 2.046330
0.291009 -0.390791 1.810800
0.208380 -0.397868 1.816360
0.013071 -0.462196 2.131410
-0.075866 -0.518905 1.829390
-0.099452 -0.806533 1.800480
-0.081631 -0.857254 1.730790
0.154825 -0.456457 2.167590
0.343183 -0.583626 1.961810
0.342220 -0.876839 1.940460
0.360910 -0.924761 1.869390
0.080432 -0.392618 2.130110
0.077600 -0.349939 2.113420
0.064955 -0.136777 2.040770
0.126048 0.057361 1.976610
-0.058722 -0.185675 2.025040
-0.084889 -0.366864 1.931700
0.066064 -0.401601 1.767720
0.149201 -0.390157 1.748950
0.241534 -0.199323 2.107750
0.312029 -0.377340 2.046390
0.237028 -0.395785 1.823690
0.135541 -0.415330 1.706620
0.013152 -0.462420 2.131350
-0.075851 -0.518949 1.829360
-0.099423 -0.806588 1.800580
-0.081563 -0.857232 1.730850
0.155010 -0.456441 2.167530
0.343200 -0.584015 1.961890
0.341659 -0.877050 1.940550
0.360455 -0.924977 1.869540
0.080401 -0.392641 2.129980
0.077591 -0.349958 2.113360
0.064849 -0.136813 2.040940
0.125409 0.056973 1.976150
-0.058674 -0.185818 2.024840
-0.088280 -0.368856 1.932360
0.068268 -0.401109 1.773820
0.191744 -0.402301 1.705920
0.241574 -0.199304 2.107750
0.311010 -0.376538 2.044620
0.201638 -0.399610 1.828790
0.111786 -0.421187 1.671420
0.013332 -0.462650 2.131470
-0.075825 -0.519001 1.829310
-0.099378 -0.806637 1.800660
-0.081464 -0.857204 1.730890
0.155236 -0.456405 2.167560
0.343236 -0.584339 1.961930
0.341206 -0.877233 1.940610
0.360081 -0.925173 1.869640
0.080609 -0.392694 2.130360
0.077683 -0.350006 2.113550
0.064720 -0.136859 2.041090
0.124858 0.056611 1.975720
-0.058602 -0.186011 2.024610
-0.090507 -0.370196 1.932770
0.063024 -0.402824 1.770280
0.160533 -0.399364 1.734820
0.241618 -0.199296 2.107730
0.309891 -0.375635 2.042340
0.191097 -0.400688 1.830280
0.112168 -0.423871 1.644700
0.014418 -0.463082 2.133330
-0.075784 -0.519062 1.829240
-0.099178 -0.806635 1.800650
-0.081160 -0.857108 1.730840
0.155913 -0.456130 2.168640
0.343270 -0.584619 1.961950
0.340880 -0.877352 1.940590
0.359810 -0.925326 1.869670
0.080842 -0.392745 2.130780
0.077789 -0.350054 2.113780
0.064589 -0.136901 2.041210
0.124411 0.056311 1.975350
-0.058532 -0.186203 2.024380
-0.092017 -0.371105 1.933040
0.058576 -0.403683 1.766230
0.138304 -0.396418 1.760030
0.241665 -0.199294 2.107700
0.308831 -0.374888 2.040090
0.229561 -0.401273 1.812890
0.169317 -0.409364 1.755650
0.015383 -0.463430 2.134960
-0.075734 -0.519129 1.829170
-0.098957 -0.806627 1.800620
-0.080842 -0.857014 1.730780
0.156525 -0.455888 2.169570
0.343300 -0.584850 1.961960
0.340628 -0.877462 1.940540
0.359598 -0.925476 1.869670
0.081027 -0.392753 2.131100
0.077875 -0.350076 2.113950
0.064454 -0.136935 2.041300
0.124045 0.056057 1.975040
-0.058463 -0.186387 2.024160
-0.093058 -0.371757 1.933210
0.055453 -0.404296 1.762630
0.181872 -0.403965 1.706050
0.241719 -0.199292 2.107670
0.307716 -0.374100 2.038340
0.211214 -0.401471 1.818120
0.130375 -0.419789 1.688570
0.015979 -0.463552 2.135880
-0.075676 -0.519198 1.829090
-0.098728 -0.806635 1.800600
-0.080522 -0.856946 1.730740
0.156996 -0.455681 2.170260
0.343328 -0.585046 1.961950
0.340444 -0.877566 1.940460
0.359443 -0.925623 1.869640
0.081675 -0.392657 2.131940
0.078213 -0.350042 2.114410
0.064329 -0.136963 2.041370
0.123761 0.055861 1.974790
-0.058393 -0.186567 2.023940
-0.093816 -0.372235 1.933330
0.053278 -0.404689 1.759800
0.200096 -0.406307 1.683080
0.241785 -0.199283 2.107630
0.269102 -0.346510 1.998880
0.172924 -0.396336 1.787660
0.121966 -0.421793 1.677960
0.017671 -0.463509 2.137950
-0.075632 -0.519273 1.829020
-0.098491 -0.806574 1.800470
-0.080210 -0.856823 1.730600
0.158143 -0.455134 2.171740
0.343353 -0.585212 1.961950
0.340349 -0.877659 1.940300
0.359364 -0.925774 1.869550
0.082047 -0.392612 2.132310
0.078434 -0.350027 2.114640
0.064222 -0.136990 2.041390
0.123536 0.055702 1.974580
-0.058283 -0.186785 2.023690
-0.094352 -0.372596 1.933390
0.051786 -0.404756 1.757470
0.152863 -0.396333 1.743350
0.241857 -0.199268 2.107580
0.245169 -0.329478 1.973830
0.154119 -0.393568 1.771600
0.117399 -0.422802 1.672230
0.018395 -0.463534 2.138620
-0.075593 -0.519348 1.828950
-0.098362 -0.806574 1.800430
-0.080019 -0.856776 1.730560
0.158691 -0.454849 2.172360
0.343377 -0.585371 1.961930
0.340287 -0.877781 1.940120
0.359320 -0.925954 1.869440
0.082611 -0.392528 2.132870
0.078807 -0.349987 2.115010
0.064134 -0.137014 2.041390
0.123383 0.055583 1.974450
-0.058142 -0.187032 2.023420
-0.094707 -0.372861 1.933390
0.050557 -0.405224 1.755500
0.139291 -0.396544 1.754480
0.241930 -0.199252 2.107530
0.276109 -0.352162 2.005860
0.224717 -0.389051 1.786010
0.163587 -0.409131 1.751490
0.019329 -0.463481 2.139430
-0.075551 -0.519427 1.828880
-0.098299 -0.806552 1.800360
-0.079912 -0.856720 1.730490
0.159397 -0.454481 2.173180
0.343393 -0.585515 1.961920
0.340275 -0.877894 1.939910
0.359324 -0.926136 1.869300
0.082808 -0.392504 2.133050
0.078968 -0.349972 2.115150
0.064057 -0.137034 2.041390
0.123278 0.055505 1.974360
-0.057985 -0.187258 2.023160
-0.045453 -0.344760 1.914660
0.096107 -0.397228 1.737440
0.171975 -0.400609 1.735850
0.242005 -0.199233 2.107490
0.286820 -0.361574 2.013960
0.249794 -0.387826 1.786940
0.181886 -0.404555 1.780070
0.019674 -0.463470 2.139640
-0.075506 -0.519513 1.828810
-0.098250 -0.806565 1.800340
-0.079832 -0.856701 1.730470
0.159626 -0.454347 2.173440
0.343408 -0.585673 1.961890
0.340247 -0.878027 1.939760
0.359314 -0.926324 1.869190
0.083493 -0.392502 2.133880
0.079484 -0.349961 2.115740
0.064001 -0.137048 2.041390
0.123202 0.055447 1.974290
-0.057806 -0.187491 2.022910
-0.013619 -0.326815 1.902680
0.122042 -0.392977 1.727820
0.191159 -0.403099 1.724340
0.242077 -0.199212 2.107450
0.296320 -0.369303 2.021500
0.267880 -0.389495 1.789850
0.191875 -0.402354 1.794970
0.020985 -0.463502 2.141060
-0.075468 -0.519593 1.828750
-0.098270 -0.806462 1.800140
-0.079802 -0.856588 1.730300
0.160112 -0.454070 2.174260
0.343413 -0.585829 1.961870
0.340317 -0.878135 1.939530
0.359393 -0.926513 1.869040
0.084099 -0.392510 2.134620
0.079964 -0.349954 2.116290
0.063964 -0.137057 2.041390
0.123151 0.055406 1.974250
-0.057635 -0.187708 2.022680
-0.058660 -0.353360 1.918870
0.085846 -0.403454 1.736420
0.159503 -0.404019 1.742740
0.242146 -0.199190 2.107400
0.301276 -0.373310 2.025420
0.232554 -0.397015 1.811010
0.139761 -0.416321 1.703700
0.021957 -0.463553 2.142120
-0.075444 -0.519719 1.828690
-0.098323 -0.806397 1.799930
-0.079805 -0.856514 1.730140
0.160500 -0.453847 2.174940
0.343395 -0.585989 1.961850
0.340394 -0.878249 1.939320
0.359481 -0.926708 1.868890
0.084545 -0.392543 2.135150
0.080369 -0.349965 2.116740
0.063942 -0.137064 2.041390
0.123127 0.055382 1.974250
-0.057468 -0.187906 2.022480
-0.073242 -0.362094 1.924060
0.066624 -0.408962 1.741070
0.140651 -0.404374 1.753110
0.242211 -0.199167 2.107360
0.304219 -0.375688 2.027760
0.212390 -0.401018 1.822020
0.129220 -0.419206 1.686090
0.022470 -0.463616 2.142650
-0.075422 -0.519841 1.828630
-0.098362 -0.806372 1.799790
-0.079803 -0.856475 1.730030
0.160725 -0.453718 2.175340
0.343377 -0.586130 1.961840
0.340468 -0.878362 1.939140
0.359568 -0.926895 1.868760
0.084763 -0.392563 2.135380
0.080611 -0.349978 2.116980
0.063935 -0.137067 2.041410
0.123162 0.055392 1.974330
-0.057304 -0.188093 2.022310
-0.041223 -0.345201 1.915900
0.101029 -0.402381 1.738560
0.177590 -0.405578 1.743970
0.242273 -0.199140 2.107320
0.306115 -0.377183 2.029500
0.202099 -0.402639 1.827560
0.115668 -0.422672 1.664120
0.022619 -0.463785 2.142530
-0.075411 -0.519957 1.828580
-0.098379 -0.806402 1.799740
-0.079789 -0.856473 1.729990
0.160836 -0.453644 2.175500
0.343358 -0.586258 1.961820
0.340555 -0.878502 1.938970
0.359672 -0.927094 1.868640
0.084908 -0.392590 2.135520
0.080763 -0.349990 2.117130
0.063936 -0.137068 2.041420
0.123225 0.055436 1.974470
-0.057161 -0.188257 2.022170
-0.067998 -0.360180 1.924670
0.073567 -0.407951 1.744590
0.148642 -0.402526 1.765770
0.242326 -0.199115 2.107300
0.307379 -0.378105 2.030810
0.196494 -0.403501 1.830660
0.109711 -0.424200 1.654430
0.022462 -0.464006 2.141990
-0.075410 -0.520068 1.828540
-0.098394 -0.806466 1.799720
-0.079773 -0.856493 1.729980
0.160787 -0.453650 2.175430
0.343384 -0.586360 1.961810
0.340604 -0.878610 1.938840
0.359737 -0.927241 1.868540
0.084948 -0.392661 2.135480
0.080862 -0.350006 2.117210
0.063942 -0.137067 2.041430
0.123285 0.055532 1.974700
-0.057042 -0.188395 2.022050
-0.081128 -0.367507 1.928960
0.060845 -0.410454 1.747360
0.133082 -0.400742 1.776840
0.242371 -0.199092 2.107280
0.308055 -0.378494 2.031780
0.234434 -0.401203 1.815270
0.167613 -0.410402 1.744500
0.021901 -0.464277 2.140950
-0.075414 -0.520163 1.828510
-0.098409 -0.806571 1.799750
-0.079754 -0.856538 1.730000
0.160497 -0.453786 2.174940
0.343426 -0.586459 1.961800
0.340639 -0.878723 1.938720
0.359787 -0.927381 1.868450
0.084919 -0.392765 2.135320
0.080931 -0.350037 2.117240
0.063962 -0.137065 2.041450
0.123332 0.055649 1.974990
-0.056931 -0.188529 2.021960
-0.087916 -0.371279 1.931220
0.053847 -0.411774 1.748900
0.125562 -0.399834 1.782220
0.242411 -0.199071 2.107270
0.308164 -0.378365 2.032480
0.221421 -0.400297 1.818330
0.135374 -0.417402 1.698760
0.021231 -0.464550 2.139800
-0.075420 -0.520250 1.828490
-0.098455 -0.806703 1.799830
-0.079754 -0.856597 1.730050
0.160128 -0.453989 2.174280
0.343473 -0.586546 1.961790
0.340645 -0.878825 1.938640
0.359808 -0.927500 1.868390
0.084855 -0.392870 2.135110
0.080976 -0.350071 2.117230
0.063993 -0.137059 2.041470
0.123362 0.055794 1.975340
-0.056843 -0.188642 2.021880
-0.091883 -0.373491 1.932540
0.049666 -0.412553 1.749830
0.121576 -0.399632 1.785060
0.242445 -0.199052 2.107260
0.270033 -0.348721 1.999030
0.208401 -0.392973 1.778460
0.125267 -0.419383 1.686280
0.020591 -0.464777 2.138750
-0.075438 -0.520343 1.828470
-0.098489 -0.806855 1.799920
-0.079747 -0.856672 1.730110
0.159763 -0.454193 2.173630
0.343524 -0.586623 1.961780
0.340644 -0.878917 1.938580
0.359820 -0.927605 1.868340
0.084717 -0.393024 2.134790
0.080986 -0.350129 2.117170
0.064030 -0.137050 2.041500
0.123375 0.055968 1.975790
-0.056768 -0.188743 2.021820
-0.094450 -0.374945 1.933420
0.046973 -0.413068 1.750450
0.118856 -0.399683 1.786580
0.242472 -0.199038 2.107260
0.245296 -0.329116 1.978440
0.202233 -0.389335 1.760200
0.119543 -0.420485 1.679290
0.019906 -0.464996 2.137690
-0.075449 -0.520431 1.828450
-0.098532 -0.807028 1.800040
-0.079744 -0.856760 1.730200
0.159304 -0.454550 2.172800
0.343601 -0.586700 1.961780
0.340660 -0.879016 1.938510
0.359851 -0.927710 1.868290
0.084490 -0.393198 2.134220
0.080955 -0.350211 2.116970
0.064083 -0.137043 2.041530
0.123372 0.056148 1.976250
-0.056704 -0.188830 2.021770
-0.096300 -0.375997 1.934070
0.046254 -0.412501 1.751840
0.180098 -0.403791 1.713870
0.242498 -0.199024 2.107260
0.236679 -0.322335 1.971270
0.169276 -0.388118 1.755880
0.115919 -0.421080 1.675250
0.019065 -0.465181 2.136300
-0.075463 -0.520514 1.828440
-0.098570 -0.807258 1.800240
-0.079732 -0.856882 1.730340
0.158805 -0.454953 2.171700
0.343695 -0.586785 1.961780
0.340658 -0.879131 1.938490
0.359865 -0.927816 1.868280
0.082663 -0.392257 2.120450
0.080240 -0.349850 2.109880
0.064143 -0.137036 2.041550
0.123360 0.056345 1.976730
-0.056655 -0.188893 2.021730
-0.097566 -0.376682 1.934530
0.046981 -0.411102 1.753490
0.159286 -0.391616 1.739440
0.242524 -0.199009 2.107270
0.231256 -0.317939 1.966810
0.155559 -0.387017 1.755440
0.113335 -0.421135 1.673010
0.008914 -0.461356 2.104350
-0.075489 -0.520614 1.828420
-0.097681 -0.809186 1.804950
-0.078677 -0.857702 1.734020
0.159998 -0.457215 2.147660
0.343779 -0.586850 1.961780
0.337787 -0.880860 1.940560
0.357615 -0.928705 1.869720
0.078298 -0.389146 2.097400
0.077451 -0.347759 2.093490
0.064207 -0.137029 2.041580
0.123321 0.056493 1.977120
-0.056622 -0.188947 2.021700
-0.098369 -0.377039 1.934840
0.045544 -0.411556 1.753360
0.144522 -0.393611 1.730490
0.242588 -0.198977 2.107280
0.228453 -0.315119 1.964900
0.148997 -0.386574 1.754400
0.110760 -0.420171 1.671970
-0.000713 -0.457512 2.076680
-0.076176 -0.521504 1.826640
-0.096311 -0.811318 1.812260
-0.077042 -0.858145 1.739840
0.158660 -0.458470 2.118030
0.343812 -0.586894 1.961800
0.333019 -0.883296 1.943520
0.353793 -0.929702 1.871690
0.077195 -0.386829 2.086180
0.076687 -0.345975 2.083470
0.064561 -0.137224 2.041450
0.123273 0.056526 1.977300
-0.056611 -0.188990 2.021670
-0.098876 -0.377134 1.935070
0.043478 -0.412602 1.752640
0.130471 -0.396185 1.725300
0.242691 -0.198964 2.107280
0.229448 -0.314542 1.965420
0.145356 -0.387882 1.755270
0.108014 -0.418048 1.672120
-0.004197 -0.455552 2.065680
-0.076798 -0.522203 1.825140
-0.094076 -0.812850 1.819280
-0.074567 -0.858289 1.745920
0.160009 -0.458279 2.106700
0.346448 -0.578701 1.956140
0.329257 -0.879137 1.947870
0.350072 -0.923856 1.875620
0.076048 -0.385454 2.078630
0.075715 -0.344942 2.075900
0.065070 -0.137737 2.041120
0.123177 0.056348 1.977300
-0.056680 -0.189057 2.021660
-0.099164 -0.377039 1.935200
0.041740 -0.413483 1.751900
0.122301 -0.397633 1.722780
0.242874 -0.199009 2.107280
0.232354 -0.315517 1.967310
0.163061 -0.374317 1.753680
0.106070 -0.416499 1.672310
-0.006716 -0.454480 2.058620
-0.077756 -0.523242 1.822420
-0.092305 -0.813826 1.825240
-0.072602 -0.858150 1.751250
0.160154 -0.458440 2.099480
0.347041 -0.577277 1.954980
0.325735 -0.878275 1.951040
0.346667 -0.922067 1.878300
0.075690 -0.384674 2.074600
0.075311 -0.344358 2.071730
0.063538 -0.140150 2.039470
0.122929 0.054928 1.976010
-0.056831 -0.189161 2.021660
-0.099243 -0.376750 1.935180
0.063977 -0.398389 1.770200
0.170589 -0.395147 1.699090
0.243030 -0.199099 2.107240
0.285070 -0.348572 2.005610
0.195943 -0.383513 1.791490
0.108258 -0.415185 1.671490
-0.005718 -0.453515 2.056360
-0.077950 -0.523496 1.821870
-0.090280 -0.814562 1.828710
-0.070459 -0.858199 1.754420
0.164813 -0.456834 2.097890
0.347475 -0.576369 1.954040
0.322901 -0.877876 1.954110
0.343837 -0.921052 1.881020
0.075622 -0.384077 2.071930
0.075042 -0.343995 2.069070
0.061094 -0.143126 2.037780
0.122599 0.050448 1.971180
-0.057039 -0.189303 2.021650
-0.099113 -0.376338 1.934860
0.049249 -0.423781 1.762320
0.139623 -0.411569 1.710710
0.243204 -0.199450 2.107050
0.315563 -0.368290 2.023960
0.250178 -0.389257 1.801590
0.164487 -0.405248 1.742220
-0.003312 -0.452900 2.057340
-0.077866 -0.523565 1.821600
-0.088779 -0.814994 1.831040
-0.068902 -0.858150 1.756550
0.169306 -0.455281 2.098950
0.347796 -0.575896 1.953380
0.320458 -0.877878 1.956600
0.341301 -0.920611 1.883270
0.075812 -0.383769 2.071400
0.074777 -0.343822 2.067310
0.057715 -0.146854 2.035960
0.123078 0.043226 1.963670
-0.057278 -0.189576 2.021530
-0.098919 -0.375878 1.934440
0.062591 -0.410170 1.769780
0.176290 -0.411423 1.691400
0.243403 -0.200068 2.106490
0.327229 -0.375921 2.030910
0.244197 -0.394613 1.815720
0.144871 -0.410745 1.705920
-0.000394 -0.453333 2.062940
-0.077356 -0.523276 1.822150
-0.087508 -0.815210 1.832670
-0.067635 -0.858074 1.758070
0.172038 -0.453858 2.103040
0.355989 -0.534635 1.941540
0.332287 -0.800917 1.947260
0.378057 -0.801197 1.886160
0.076027 -0.387778 2.073270
0.073804 -0.346660 2.066870
0.050579 -0.151959 2.032490
0.125200 0.028421 1.947430
-0.057682 -0.190113 2.021200
-0.098885 -0.375424 1.933730
0.046667 -0.416446 1.767950
0.132741 -0.414164 1.712120
0.244136 -0.201809 2.105150
0.334015 -0.379759 2.035640
0.216723 -0.388374 1.835650
0.128453 -0.409352 1.701530
0.007379 -0.464384 2.072260
-0.076814 -0.522803 1.822940
-0.086095 -0.814903 1.833770
-0.066359 -0.857627 1.759140
0.171495 -0.457593 2.106880
0.360054 -0.514349 1.936730
0.340056 -0.758271 1.940940
0.390640 -0.760027 1.886140
0.076371 -0.393454 2.075280
0.072615 -0.351623 2.066900
0.043323 -0.157041 2.029470
0.127032 0.015275 1.933160
-0.058340 -0.191034 2.020700
-0.098993 -0.374986 1.932880
0.037089 -0.420041 1.766960
0.106878 -0.413713 1.729160
0.245445 -0.205140 2.103270
0.335619 -0.379321 2.038130
0.211258 -0.381249 1.838910
0.115978 -0.409082 1.695900
0.012843 -0.472939 2.077020
-0.076542 -0.522445 1.823330
-0.084577 -0.814217 1.834560
-0.065044 -0.856873 1.759930
0.170471 -0.462883 2.109640
0.362344 -0.505532 1.934270
0.343439 -0.741454 1.938220
0.397329 -0.739398 1.885760
0.082165 -0.404812 2.073060
0.074115 -0.359915 2.064780
0.038408 -0.160333 2.027610
0.128303 0.007278 1.924550
-0.059120 -0.192155 2.020080
-0.099227 -0.374559 1.931950
0.031570 -0.422274 1.766160
0.096818 -0.414366 1.734530
0.246413 -0.210283 2.100950
0.335767 -0.379031 2.037200
0.208271 -0.383263 1.838820
0.112639 -0.408854 1.693680
0.031648 -0.489283 2.068510
-0.077045 -0.522021 1.822480
-0.083072 -0.812845 1.835070
-0.063557 -0.854960 1.760300
0.176237 -0.474418 2.104100
0.373621 -0.499376 1.924460
0.345725 -0.731731 1.936540
0.401407 -0.725900 1.885150
0.077274 -0.405716 2.101160
0.070424 -0.363306 2.078400
0.035163 -0.162414 2.026400
0.128979 0.002983 1.919920
-0.059850 -0.193196 2.019450
-0.099590 -0.374066 1.930820
0.028537 -0.423725 1.765660
0.091397 -0.416682 1.737980
0.246969 -0.214053 2.099150
0.333615 -0.378379 2.032580
0.257973 -0.405386 1.849810
0.209269 -0.415964 1.763020
0.024441 -0.481564 2.104890
-0.076694 -0.521478 1.823470
-0.083043 -0.811882 1.832260
-0.063868 -0.854903 1.758630
0.167222 -0.473255 2.140160
0.355538 -0.495870 1.936470
0.347854 -0.730227 1.935360
0.401849 -0.723513 1.882640
0.074983 -0.405756 2.113020
0.068127 -0.364761 2.086720
0.033109 -0.163705 2.025630
0.129360 0.000360 1.916980
-0.060507 -0.194037 2.018780
-0.099906 -0.373643 1.929590
-0.002963 -0.434916 1.778920
0.060212 -0.433888 1.747910
0.247068 -0.216248 2.097410
0.330351 -0.377846 2.026900
0.289239 -0.420012 1.853230
0.268314 -0.433773 1.789930
0.019027 -0.476229 2.123070
-0.077981 -0.523454 1.824660
-0.082596 -0.813055 1.828400
-0.064033 -0.857253 1.755530
0.162330 -0.471920 2.156200
0.358105 -0.518124 1.953810
0.344035 -0.781705 1.936280
0.375741 -0.809078 1.873990
0.072850 -0.400210 2.106220
0.066954 -0.364059 2.087320
0.031798 -0.164591 2.025060
0.128895 0.001675 1.916930
-0.061185 -0.194732 2.018010
-0.100207 -0.373280 1.928480
-0.015338 -0.439229 1.784150
0.049348 -0.437905 1.751150
0.247005 -0.217719 2.095870
0.327388 -0.377253 2.022640
0.299092 -0.424562 1.855280
0.297149 -0.440317 1.804960
0.005302 -0.463244 2.101770
-0.079020 -0.524701 1.824750
-0.081827 -0.813794 1.828200
-0.063529 -0.858123 1.755460
0.161061 -0.466033 2.141650
0.361831 -0.531756 1.960220
0.337873 -0.811411 1.939360
0.353910 -0.865428 1.870050
0.083261 -0.405729 2.089100
0.072335 -0.366276 2.080430
0.031388 -0.165027 2.024530
0.127609 0.007316 1.920080
-0.061888 -0.195248 2.017320
-0.100480 -0.372970 1.927590
-0.020909 -0.439491 1.786730
0.044359 -0.437001 1.753550
0.246901 -0.218678 2.094630
0.324936 -0.376770 2.019550
0.305485 -0.426738 1.855950
0.312393 -0.443104 1.813480
0.024723 -0.478154 2.077040
-0.079829 -0.525363 1.824800
-0.081051 -0.813849 1.827820
-0.062866 -0.858111 1.755100
0.169118 -0.470764 2.117210
0.372074 -0.540052 1.955150
0.335717 -0.821110 1.940900
0.347489 -0.880713 1.868700
0.087948 -0.408511 2.081960
0.076107 -0.368233 2.076170
0.036631 -0.172323 2.026320
0.125616 0.016265 1.926620
-0.062540 -0.195627 2.016720
-0.100720 -0.372691 1.926850
-0.025081 -0.440564 1.788290
0.040080 -0.438237 1.754250
0.246714 -0.219139 2.093570
0.322397 -0.376424 2.016780
0.308554 -0.426921 1.855340
0.319834 -0.442736 1.816350
0.031948 -0.484017 2.069220
-0.080242 -0.525739 1.825070
-0.080523 -0.813887 1.827470
-0.062389 -0.858057 1.754720
0.171953 -0.472985 2.108290
0.375948 -0.563927 1.953020
0.327197 -0.843201 1.946240
0.338192 -0.900531 1.870180
0.092968 -0.411018 2.076360
0.081844 -0.371085 2.071250
0.041917 -0.179415 2.027590
0.122911 0.024068 1.934710
-0.063248 -0.195732 2.016200
-0.100911 -0.372406 1.926140
-0.028020 -0.441309 1.789320
0.037585 -0.439850 1.753480
0.246364 -0.219214 2.092560
0.319656 -0.375896 2.013820
0.306427 -0.424938 1.851130
0.319372 -0.441485 1.813370
0.040131 -0.488819 2.063880
-0.080510 -0.525948 1.825400
-0.080076 -0.813847 1.827100
-0.061947 -0.857818 1.754230
0.176036 -0.474881 2.101210
0.374205 -0.523909 1.919160
0.338915 -0.797350 1.940510
0.376603 -0.804157 1.873750
0.095317 -0.412327 2.073330
0.084663 -0.372386 2.068410
0.045049 -0.171971 2.027210
0.121082 0.030841 1.940520
-0.063945 -0.195717 2.015700
-0.101120 -0.372123 1.925530
-0.029767 -0.441609 1.789860
0.036497 -0.440209 1.751720
0.245568 -0.218626 2.091240
0.317411 -0.375529 2.011520
0.303894 -0.423621 1.847450
0.272325 -0.428593 1.793200
0.042842 -0.490636 2.061150
-0.080714 -0.526082 1.825580
-0.079772 -0.813795 1.826860
-0.061661 -0.857566 1.753870
0.177539 -0.475845 2.097330
0.367189 -0.566409 1.923760
0.323964 -0.843256 1.955550
0.346480 -0.879230 1.884740
0.096881 -0.413188 2.071150
0.086612 -0.373108 2.066110
0.046955 -0.165551 2.026730
0.119421 0.035478 1.944630
-0.064675 -0.195620 2.015300
-0.101427 -0.371824 1.925000
-0.031092 -0.442074 1.790280
0.035624 -0.440316 1.750310
0.244605 -0.217318 2.089920
0.315688 -0.375295 2.010000
0.224457 -0.404949 1.821960
0.132655 -0.416361 1.686510
0.044733 -0.491889 2.059120
-0.080890 -0.526110 1.825640
-0.079474 -0.813598 1.826670
-0.061382 -0.857058 1.753540
0.178601 -0.476535 2.094340
0.370396 -0.542903 1.911900
0.337685 -0.793684 1.943800
0.377224 -0.816046 1.883480
0.097964 -0.413774 2.069660
0.088009 -0.373592 2.064500
0.049390 -0.165331 2.027350
0.118003 0.038978 1.947720
-0.065404 -0.195457 2.015100
-0.101723 -0.371488 1.924630
-0.031926 -0.442330 1.790480
0.035115 -0.440223 1.748810
0.243693 -0.215949 2.088870
0.270979 -0.349761 1.974220
0.158654 -0.392071 1.771890
0.087463 -0.411331 1.653200
0.046038 -0.492741 2.057840
-0.081021 -0.526011 1.825650
-0.079234 -0.813300 1.826510
-0.061191 -0.856368 1.753190
0.179324 -0.476998 2.092330
0.372377 -0.530082 1.906840
0.344722 -0.765802 1.936960
0.391501 -0.786513 1.883650
0.098764 -0.414211 2.068610
0.089109 -0.374004 2.063360
0.052120 -0.166589 2.028610
0.116588 0.041638 1.950150
-0.066182 -0.195186 2.015130
-0.102015 -0.371165 1.924320
-0.033142 -0.443259 1.790310
0.033505 -0.442287 1.746740
0.242787 -0.214565 2.088100
0.242361 -0.333524 1.951920
0.169432 -0.392353 1.777660
0.068369 -0.410941 1.636960
0.046951 -0.493319 2.057160
-0.081112 -0.525866 1.825650
-0.079140 -0.812973 1.826370
-0.061222 -0.855602 1.752850
0.179853 -0.477332 2.090900
0.367773 -0.567182 1.921300
0.322696 -0.823231 1.952560
0.355793 -0.852459 1.888990
0.099327 -0.414524 2.068430
0.089944 -0.374362 2.062900
0.055886 -0.171291 2.031980
0.114617 0.043848 1.953280
-0.066954 -0.194847 2.015300
-0.102290 -0.370859 1.924090
-0.034298 -0.444284 1.789980
0.031943 -0.444367 1.744940
0.241841 -0.213129 2.087580
0.232351 -0.327926 1.944170
0.169635 -0.391075 1.777380
0.069708 -0.413953 1.634410
0.047105 -0.493139 2.059160
-0.081073 -0.525588 1.825870
-0.079164 -0.812675 1.826170
-0.061413 -0.854935 1.752420
0.179899 -0.477690 2.090840
0.364475 -0.529846 1.913300
0.333692 -0.788742 1.942730
0.374502 -0.813405 1.884760
0.099605 -0.414661 2.068940
0.090600 -0.374628 2.062860
0.058616 -0.175028 2.034640
0.112158 0.046347 1.958220
-0.067760 -0.194411 2.015660
-0.102661 -0.370518 1.923960
-0.035579 -0.445479 1.789690
0.029982 -0.447014 1.743370
0.240664 -0.211366 2.087480
0.225860 -0.324278 1.939280
0.145820 -0.388597 1.759190
0.069843 -0.416241 1.633680
0.046710 -0.492668 2.062030
-0.081027 -0.525271 1.826110
-0.079238 -0.812367 1.825960
-0.061635 -0.854313 1.752010
0.179520 -0.477821 2.091670
0.358179 -0.561050 1.926890
0.322604 -0.831239 1.954180
0.348267 -0.871559 1.888410
0.099632 -0.414637 2.069960
0.091091 -0.374793 2.063210
0.060625 -0.177674 2.036750
0.109891 0.048467 1.962640
-0.068726 -0.193809 2.016350
-0.103305 -0.370000 1.924160
-0.036977 -0.446461 1.789690
0.025706 -0.449448 1.740530
0.239583 -0.209745 2.087670
0.223032 -0.322493 1.938760
0.139578 -0.388090 1.754040
0.071364 -0.418291 1.634250
0.045966 -0.492042 2.064980
-0.080986 -0.524784 1.826370
-0.079376 -0.811944 1.825710
-0.061929 -0.853587 1.751560
0.178882 -0.477841 2.093010
0.354987 -0.577221 1.934120
0.316423 -0.852112 1.960170
0.335869 -0.896942 1.890280
0.099600 -0.414498 2.070880
0.091463 -0.374841 2.063640
0.061986 -0.179065 2.038380
0.107810 0.050872 1.966720
-0.069745 -0.193176 2.017270
-0.104169 -0.369363 1.924690
-0.039795 -0.448095 1.789960
0.021630 -0.451278 1.739280
0.238359 -0.207806 2.088280
0.223586 -0.322423 1.942610
0.135436 -0.387550 1.750980
0.079645 -0.420498 1.642390
0.045487 -0.491391 2.066560
-0.080977 -0.524248 1.826630
-0.079547 -0.811468 1.825530
-0.062236 -0.852799 1.751220
0.178375 -0.477798 2.094050
0.360984 -0.540609 1.926020
0.334280 -0.789233 1.943250
0.377818 -0.815578 1.888470
0.099508 -0.414329 2.071790
0.091740 -0.374833 2.064150
0.063108 -0.179922 2.039800
0.106241 0.052908 1.969890
-0.070778 -0.192543 2.018380
-0.105039 -0.368818 1.925320
-0.042062 -0.449294 1.790230
0.019436 -0.452289 1.739030
0.237105 -0.206069 2.089170
0.225653 -0.323329 1.948960
0.132909 -0.387451 1.749500
0.085145 -0.421807 1.648190
0.045057 -0.490843 2.067750
-0.081007 -0.523671 1.826870
-0.079784 -0.810906 1.825370
-0.062597 -0.851933 1.750880
0.177904 -0.477732 2.095000
0.361464 -0.539915 1.925920
0.330447 -0.802756 1.947390
0.362315 -0.842588 1.887870
0.099374 -0.414147 2.072610
0.091927 -0.374788 2.064690
0.063896 -0.180474 2.040890
0.104996 0.054605 1.972520
-0.071844 -0.191920 2.019680
-0.105994 -0.368291 1.926150
-0.044795 -0.450561 1.790690
0.017119 -0.453125 1.739360
0.235916 -0.204641 2.090150
0.228129 -0.324549 1.954870
0.132590 -0.387787 1.749760
0.090635 -0.422272 1.653520
0.044649 -0.490344 2.068640
-0.081061 -0.523141 1.827090
-0.080031 -0.810340 1.825240
-0.062954 -0.851103 1.750620
0.177468 -0.477665 2.095830
0.364393 -0.533901 1.925330
0.363989 -0.777230 1.917650
0.382469 -0.821976 1.856030
0.099197 -0.413944 2.073350
0.092029 -0.374708 2.065220
0.064427 -0.180840 2.041780
0.103912 0.056008 1.974830
-0.072889 -0.191396 2.021070
-0.106898 -0.367834 1.927000
-0.047203 -0.451583 1.791140
0.015221 -0.453663 1.740060
0.234765 -0.203451 2.091220
0.230096 -0.325724 1.959710
0.133337 -0.388339 1.751400
0.093520 -0.422629 1.656840
0.044248 -0.489870 2.069300
-0.081142 -0.522631 1.827300
-0.080257 -0.809760 1.825160
-0.063270 -0.850290 1.750420
0.177057 -0.477581 2.096540
0.366255 -0.528933 1.924120
0.381773 -0.762347 1.901110
0.392332 -0.810656 1.839650
0.099020 -0.413758 2.073990
0.092079 -0.374622 2.065730
0.064709 -0.181106 2.042620
0.103101 0.056910 1.976550
-0.073827 -0.190979 2.022450
-0.107694 -0.367479 1.927790
-0.049259 -0.452400 1.791530
0.013605 -0.454040 1.740790
0.233640 -0.202557 2.092460
0.231427 -0.326481 1.964020
0.134928 -0.388759 1.754270
0.095322 -0.422829 1.659020
0.043921 -0.489461 2.069770
-0.081232 -0.522151 1.827480
-0.080472 -0.809172 1.825090
-0.063545 -0.849485 1.750240
0.176704 -0.477519 2.097140
0.367620 -0.524669 1.922750
0.372400 -0.749307 1.908450
0.402330 -0.782470 1.859750
0.098868 -0.413607 2.074570
0.092107 -0.374556 2.066290
0.064799 -0.181334 2.043480
0.102488 0.057458 1.977870
-0.074618 -0.190666 2.023730
-0.108362 -0.367206 1.928490
-0.050945 -0.453014 1.791840
0.012372 -0.454456 1.741750
0.232537 -0.201855 2.093840
0.232367 -0.327048 1.967200
0.136525 -0.389112 1.757090
0.096474 -0.422980 1.660530
0.043717 -0.489195 2.070140
-0.081394 -0.521506 1.827700
-0.080769 -0.808384 1.825060
-0.063873 -0.848480 1.750110
0.176414 -0.477459 2.097640
0.368546 -0.519856 1.920780
0.363796 -0.743218 1.915440
0.406017 -0.770045 1.870240
0.098738 -0.413492 2.075140
0.092121 -0.374520 2.066890
0.064740 -0.181556 2.044360
0.102007 0.057759 1.978900
-0.075232 -0.190470 2.024850
-0.108908 -0.366999 1.929080
-0.052175 -0.453424 1.792060
0.011457 -0.454686 1.742470
0.231521 -0.201331 2.095260
0.233008 -0.327461 1.969500
0.156187 -0.384302 1.755980
0.097222 -0.423092 1.661550
0.043573 -0.488989 2.070420
-0.081556 -0.520925 1.827900
-0.081016 -0.807575 1.825140
-0.064116 -0.847483 1.750110
0.176162 -0.477424 2.098120
0.368447 -0.520554 1.919580
0.346836 -0.769197 1.932020
0.377265 -0.804395 1.875190
0.098505 -0.413393 2.075820
0.092017 -0.374496 2.067640
0.064559 -0.181726 2.045170
0.101674 0.057931 1.979710
-0.075666 -0.190353 2.025780
-0.109366 -0.366845 1.929600
-0.053443 -0.453859 1.792280
0.010522 -0.454964 1.743180
0.230694 -0.200981 2.096440
0.233460 -0.327788 1.971110
0.157677 -0.384544 1.758280
0.097732 -0.423157 1.662300
0.043390 -0.488768 2.070730
-0.081722 -0.520430 1.828080
-0.081227 -0.806844 1.825210
-0.064313 -0.846620 1.750120
0.175733 -0.477398 2.098780
0.368562 -0.519628 1.918960
0.343106 -0.769100 1.935200
0.382475 -0.789302 1.882400
0.098173 -0.413297 2.076550
0.091826 -0.374473 2.068430
0.064351 -0.181850 2.045840
0.101556 0.057987 1.980360
-0.075964 -0.190283 2.026540
-0.109739 -0.366736 1.930040
-0.054364 -0.454079 1.792390
0.009863 -0.455076 1.743670
0.230046 -0.200737 2.097420
0.233809 -0.328076 1.972190
0.157511 -0.385135 1.760370
0.097990 -0.423150 1.662810
0.043115 -0.488516 2.071070
-0.081879 -0.519994 1.828220
-0.081443 -0.806137 1.825330
-0.064501 -0.845828 1.750190
0.175031 -0.477390 2.099610
0.367973 -0.518657 1.918150
0.340496 -0.768244 1.937300
0.385727 -0.781113 1.886220
0.097979 -0.413239 2.077100
0.091719 -0.374466 2.069070
0.064162 -0.181938 2.046400
0.101635 0.057931 1.980890
-0.076145 -0.190215 2.027170
-0.110048 -0.366650 1.930420
-0.055010 -0.455113 1.793260
0.010457 -0.453335 1.748250
0.229554 -0.200596 2.098210
0.234056 -0.328294 1.972950
0.156215 -0.385868 1.762190
0.097978 -0.423066 1.663120
0.042973 -0.488365 2.071290
-0.082039 -0.519538 1.828360
-0.081655 -0.805378 1.825450
-0.064679 -0.844993 1.750270
0.174696 -0.477351 2.100050
0.367527 -0.517696 1.917240
0.338861 -0.766756 1.938510
0.387901 -0.776332 1.888270
0.097771 -0.413201 2.077670
0.091601 -0.374471 2.069710
0.064012 -0.181999 2.046870
0.101922 0.057780 1.981320
-0.076213 -0.190178 2.027680
-0.110297 -0.366587 1.930730
-0.056662 -0.462984 1.794690
0.010248 -0.454363 1.751630
0.229246 -0.200498 2.098820
0.234248 -0.328459 1.973500
0.154465 -0.386540 1.763670
0.097722 -0.422915 1.663230
0.042787 -0.488247 2.071580
-0.082191 -0.519131 1.828470
-0.081850 -0.804655 1.825560
-0.064839 -0.844229 1.750340
0.174297 -0.477311 2.100590
0.365895 -0.521403 1.917040
0.334308 -0.779305 1.943410
0.367201 -0.810722 1.883780
0.097627 -0.413196 2.078130
0.091526 -0.374494 2.070240
0.063905 -0.182037 2.047220
0.102665 0.057516 1.981710
-0.076173 -0.190164 2.028110
-0.110494 -0.366561 1.930950
-0.057055 -0.464476 1.795460
0.010557 -0.454206 1.753880
0.229072 -0.200460 2.099280
0.234419 -0.328610 1.973880
0.152795 -0.387122 1.764720
0.097423 -0.422738 1.663210
0.042659 -0.488172 2.071800
-0.082328 -0.518778 1.828570
-0.082029 -0.803977 1.825650
-0.064983 -0.843522 1.750410
0.174014 -0.477309 2.100970
0.364622 -0.526652 1.917440
0.330444 -0.790424 1.947430
0.354827 -0.831445 1.881620
0.097525 -0.413200 2.078480
0.091481 -0.374518 2.070650
0.063851 -0.182058 2.047470
0.103468 0.057286 1.981960
-0.076044 -0.190089 2.028470
-0.110638 -0.366550 1.931120
-0.052483 -0.458686 1.794710
0.014904 -0.450463 1.754130
0.228978 -0.200461 2.099610
0.234586 -0.328762 1.974090
0.151317 -0.387618 1.765420
0.097111 -0.422558 1.663120
0.042557 -0.488119 2.071970
-0.082448 -0.518464 1.828650
-0.082191 -0.803334 1.825730
-0.065120 -0.842869 1.750470
0.173806 -0.477312 2.101240
0.363627 -0.526877 1.916410
0.333270 -0.780959 1.944180
0.371959 -0.791766 1.878890
0.097616 -0.413170 2.078650
0.091613 -0.374505 2.070870
0.063865 -0.182056 2.047610
0.104507 0.057150 1.982030
-0.075861 -0.190016 2.028760
-0.110735 -0.366552 1.931230
-0.048668 -0.453749 1.793740
0.018576 -0.447430 1.753780
0.228979 -0.200499 2.099850
0.234825 -0.328948 1.974110
0.150231 -0.387989 1.765800
0.096827 -0.422369 1.662840
0.042680 -0.488033 2.071960
-0.082524 -0.518237 1.828720
-0.082295 -0.802808 1.825790
-0.065209 -0.842320 1.750510
0.173854 -0.477285 2.101330
0.363241 -0.526433 1.914410
0.336156 -0.772723 1.941190
0.381961 -0.770202 1.877030
0.097694 -0.413152 2.078770
0.091743 -0.374495 2.071040
0.063943 -0.182028 2.047660
0.105622 0.057005 1.981920
-0.075641 -0.189964 2.028940
-0.110798 -0.366571 1.931290
-0.046987 -0.451147 1.792780
0.020273 -0.446061 1.753180
0.229085 -0.200578 2.099970
0.235181 -0.329165 1.973890
0.149684 -0.388205 1.766020
0.096760 -0.422148 1.662150
0.042691 -0.488002 2.072000
-0.082559 -0.518062 1.828750
-0.082420 -0.802337 1.825820
-0.065322 -0.841847 1.750520
0.173880 -0.477265 2.101400
0.363526 -0.523527 1.912280
0.338449 -0.766712 1.938960
0.383569 -0.762421 1.874660
0.093651 -0.401685 2.115540
0.087840 -0.360997 2.101050
0.061681 -0.169148 2.044080
0.106859 0.056690 1.981430
-0.075387 -0.189907 2.029030
-0.110809 -0.366630 1.931220
-0.045833 -0.449497 1.791900
0.021556 -0.445285 1.752330
0.229295 -0.200674 2.100010
0.235737 -0.329542 1.973450
0.168784 -0.385169 1.756000
0.096999 -0.424519 1.658720
0.034806 -0.475740 2.119060
-0.082556 -0.517933 1.828780
-0.084869 -0.800543 1.821230
-0.067658 -0.841975 1.747660
0.171892 -0.463120 2.148110
0.348071 -0.510809 1.926260
0.340214 -0.762449 1.937340
0.384792 -0.757972 1.873470
0.091512 -0.396610 2.130930
0.086068 -0.355548 2.112570
0.060191 -0.160183 2.041460
0.108239 0.056304 1.980590
-0.075001 -0.189820 2.028950
-0.110772 -0.366736 1.931030
-0.044307 -0.447523 1.790710
0.023226 -0.444268 1.751060
0.229616 -0.200830 2.099960
0.236389 -0.329941 1.972800
0.178375 -0.383520 1.750590
0.097406 -0.426076 1.655900
0.029824 -0.469398 2.141700
-0.082520 -0.517843 1.828790
-0.087337 -0.799196 1.817020
-0.070135 -0.842316 1.744790
0.170255 -0.455823 2.170700
0.340689 -0.504978 1.932840
0.341244 -0.760311 1.936470
0.385659 -0.753891 1.872550
0.090355 -0.394130 2.138150
0.085080 -0.352709 2.118380
0.059428 -0.154453 2.039620
0.109825 0.055789 1.979230
-0.074480 -0.189702 2.028670
-0.110688 -0.366906 1.930690
-0.042875 -0.445921 1.789600
0.024849 -0.443422 1.749760
0.230213 -0.201044 2.099770
0.237089 -0.330277 1.972060
0.183819 -0.382335 1.747350
0.097669 -0.426516 1.654530
0.027405 -0.466578 2.150980
-0.082467 -0.517776 1.828790
-0.089238 -0.798244 1.813770
-0.072127 -0.842710 1.742480
0.169411 -0.452824 2.180120
0.336308 -0.501727 1.936500
0.342284 -0.758351 1.935630
0.386186 -0.751816 1.871750
0.088847 -0.392599 2.141480
0.084156 -0.350930 2.121470
0.059089 -0.150670 2.038310
0.111516 0.055139 1.977650
-0.073737 -0.189521 2.028160
-0.110570 -0.367104 1.930260
-0.042140 -0.445717 1.789180
0.025713 -0.443360 1.749320
0.230979 -0.201208 2.099530
0.237768 -0.330551 1.971340
0.187308 -0.381654 1.745320
0.097895 -0.426637 1.653770
0.022319 -0.464295 2.151660
-0.082401 -0.517737 1.828780
-0.090253 -0.797919 1.812250
-0.073291 -0.843185 1.741350
0.167268 -0.451863 2.183550
0.333637 -0.499766 1.938700
0.343099 -0.756873 1.934990
0.386391 -0.751381 1.871060
0.083556 -0.391368 2.132230
0.081087 -0.349607 2.116750
0.058933 -0.148125 2.037340
0.113347 0.054397 1.975960
-0.072925 -0.189326 2.027500
-0.110431 -0.367330 1.929790
-0.041523 -0.445842 1.788870
0.026533 -0.443484 1.749120
0.232005 -0.201394 2.099150
0.238407 -0.330797 1.970680
0.189601 -0.381203 1.743990
0.098183 -0.426311 1.653690
0.009198 -0.462762 2.130130
-0.082309 -0.517731 1.828760
-0.090870 -0.797816 1.811530
-0.073974 -0.843587 1.740900
0.160960 -0.453919 2.168510
0.331919 -0.498407 1.940120
0.343693 -0.755827 1.934520
0.386694 -0.750874 1.870680
0.081956 -0.390390 2.130900
0.079776 -0.348672 2.115050
0.058950 -0.146286 2.036550
0.114975 0.053732 1.974500
-0.071971 -0.189124 2.026630
-0.110248 -0.367557 1.929380
-0.040949 -0.445843 1.788600
0.029775 -0.443322 1.752760
0.233285 -0.201672 2.098580
0.239225 -0.331089 1.969890
0.191822 -0.381153 1.742850
0.098513 -0.425661 1.654240
0.006634 -0.461169 2.129320
-0.082464 -0.520372 1.828590
-0.091962 -0.798996 1.809590
-0.075311 -0.845662 1.739090
0.159465 -0.453811 2.168020
0.330683 -0.497486 1.941250
0.344104 -0.755127 1.934200
0.386997 -0.750287 1.870480
0.080986 -0.389759 2.130260
0.078979 -0.348099 2.114000
0.059015 -0.144974 2.035930
0.116426 0.053186 1.973250
-0.070962 -0.188906 2.025670
-0.110032 -0.367781 1.929010
-0.040450 -0.445810 1.788350
0.032418 -0.443005 1.755540
0.234638 -0.201990 2.097950
0.240441 -0.331377 1.968890
0.194007 -0.381551 1.741900
0.100619 -0.424372 1.655240
0.005439 -0.459892 2.129280
-0.082484 -0.522108 1.828440
-0.092854 -0.799841 1.808010
-0.076410 -0.847222 1.737610
0.158473 -0.453700 2.167790
0.329878 -0.496964 1.942100
0.344401 -0.754672 1.933990
0.387212 -0.749749 1.870430
0.080441 -0.389438 2.129620
0.078537 -0.347866 2.112980
0.059154 -0.144038 2.035420
0.117643 0.052771 1.972260
-0.069960 -0.188676 2.024720
-0.109771 -0.367994 1.928640
-0.039978 -0.445748 1.788100
0.033460 -0.443283 1.755560
0.235975 -0.202279 2.097320
0.282703 -0.357460 1.998610
0.241650 -0.390309 1.769420
0.115907 -0.422559 1.659260
0.005724 -0.459258 2.129780
-0.082419 -0.523272 1.828320
-0.093562 -0.800470 1.806780
-0.077278 -0.848382 1.736480
0.157850 -0.453723 2.167480
0.330085 -0.496407 1.942740
0.344664 -0.754330 1.933840
0.387417 -0.749528 1.870470
0.080379 -0.389248 2.129380
0.078461 -0.347713 2.112500
0.059378 -0.143394 2.034990
0.118697 0.052446 1.971470
-0.068880 -0.188429 2.023700
-0.109384 -0.368247 1.928210
-0.039593 -0.446450 1.787970
0.023984 -0.451216 1.754850
0.237212 -0.202525 2.096730
0.308713 -0.373151 2.015720
0.238617 -0.392830 1.794620
0.127227 -0.418965 1.662480
0.008371 -0.459068 2.131910
-0.082328 -0.524050 1.828220
-0.094119 -0.800847 1.805640
-0.077942 -0.849178 1.735470
0.157758 -0.453722 2.167500
0.344461 -0.511777 1.946570
0.343409 -0.772830 1.935260
0.368057 -0.817602 1.869520
0.094730 -0.403425 2.090850
0.090366 -0.359827 2.079230
0.059695 -0.142976 2.034580
0.119587 0.052165 1.970840
-0.067811 -0.188242 2.022680
-0.109014 -0.368481 1.927800
-0.038811 -0.446555 1.787760
0.020905 -0.452303 1.754150
0.238327 -0.202713 2.096190
0.318446 -0.378902 2.021820
0.226981 -0.394430 1.811630
0.126705 -0.415854 1.663940
0.031734 -0.474250 2.086700
-0.082683 -0.525663 1.827500
-0.091551 -0.803237 1.809380
-0.075564 -0.850085 1.737810
0.171925 -0.470662 2.120570
0.362602 -0.572794 1.942670
0.316472 -0.841863 1.957250
0.332133 -0.896942 1.885010
0.096458 -0.408016 2.079620
0.092536 -0.363900 2.069210
0.060573 -0.142955 2.034130
0.120527 0.051875 1.970330
-0.066805 -0.188222 2.021750
-0.108680 -0.368692 1.927450
-0.037433 -0.446129 1.787450
0.018286 -0.454039 1.753060
0.240361 -0.203305 2.095480
0.324040 -0.380761 2.026700
0.210307 -0.381045 1.825670
0.114404 -0.402450 1.671810
0.033096 -0.477746 2.075330
-0.082682 -0.526200 1.827350
-0.088751 -0.804557 1.812560
-0.072764 -0.850474 1.740220
0.170944 -0.479364 2.107090
0.368948 -0.554961 1.935850
0.335448 -0.792773 1.943850
0.372670 -0.811097 1.878010
0.096255 -0.409158 2.074320
0.093312 -0.365382 2.064520
0.063018 -0.143925 2.034030
0.121832 0.051175 1.969640
-0.065962 -0.188317 2.020960
-0.108406 -0.368891 1.927200
0.007376 -0.409500 1.763540
0.047303 -0.412670 1.720450
0.243059 -0.204803 2.094650
0.328173 -0.382489 2.029470
0.200088 -0.371963 1.831940
0.103911 -0.388234 1.683580
0.032013 -0.478975 2.069390
-0.082922 -0.529763 1.827590
-0.084644 -0.809398 1.817010
-0.068785 -0.854238 1.743920
0.167567 -0.481534 2.101420
0.369844 -0.558150 1.938780
0.329207 -0.813990 1.948960
0.353227 -0.859435 1.881750
0.094358 -0.408760 2.071880
0.092875 -0.365919 2.061910
0.066078 -0.146059 2.034200
0.123790 0.048440 1.967330
-0.065271 -0.188567 2.020340
-0.108171 -0.369063 1.927000
0.047227 -0.367137 1.751680
0.106658 -0.364165 1.675040
0.246885 -0.207930 2.093650
0.331091 -0.380027 2.031800
0.195976 -0.366515 1.837150
0.094105 -0.372956 1.692670
0.028530 -0.478905 2.067030
-0.082274 -0.530480 1.827700
-0.082894 -0.810697 1.819230
-0.067088 -0.855079 1.745780
0.163082 -0.481778 2.099650
0.367640 -0.555127 1.942190
0.329490 -0.816852 1.948910
0.352370 -0.863863 1.880980
