0.267409 -0.448032 2.400210
0.273619 -0.394226 2.450900
0.294458 -0.074260 2.463400
0.283483 0.130274 2.434820
0.129857 -0.173022 2.444610
0.119062 -0.411627 2.363930
0.221754 -0.510585 2.179110
0.251664 -0.545142 2.125700
0.432483 -0.183776 2.433030
0.446652 -0.406767 2.373940
0.391240 -0.502797 2.187810
0.373011 -0.534992 2.129740
0.183182 -0.508937 2.387600
-0.036239 -0.700592 2.264710
0.147999 -0.840836 2.268960
0.164878 -0.848995 2.167870
0.341214 -0.520400 2.386510
0.315152 -0.597902 2.074400
0.416646 -0.815075 2.073430
0.361321 -0.857661 2.098580
0.267384 -0.448077 2.400220
0.273560 -0.394258 2.450890
0.294221 -0.074264 2.463270
0.283703 0.130273 2.434880
0.129915 -0.173034 2.444590
0.119269 -0.412830 2.363490
0.223555 -0.509404 2.177180
0.255276 -0.541977 2.121780
0.432603 -0.183929 2.433050
0.446653 -0.406804 2.373940
0.390351 -0.502159 2.187610
0.372140 -0.534310 2.129530
0.183172 -0.508971 2.387610
-0.036247 -0.700577 2.264730
0.140993 -0.853637 2.299350
0.167806 -0.840718 2.182280
0.341240 -0.520489 2.386560
0.315183 -0.597904 2.074460
0.416416 -0.814610 2.073400
0.362154 -0.858559 2.098620
0.267361 -0.448120 2.400220
0.273501 -0.394288 2.450880
0.293990 -0.074272 2.463140
0.283888 0.130280 2.434950
0.129971 -0.173037 2.444560
0.119335 -0.413015 2.363360
0.221251 -0.510972 2.180570
0.255325 -0.541829 2.122520
0.432714 -0.184066 2.433060
0.446647 -0.406844 2.373920
0.389876 -0.501828 2.187490
0.371506 -0.533822 2.129350
0.183162 -0.509003 2.387610
-0.036250 -0.700566 2.264750
0.179576 -0.823707 2.096580
0.225068 -0.835349 2.129330
0.341263 -0.520569 2.386600
0.315206 -0.597901 2.074520
0.416237 -0.814445 2.073440
0.362330 -0.859069 2.098630
0.267338 -0.448161 2.400230
0.273440 -0.394318 2.450860
0.293640 -0.074282 2.462990
0.284035 0.130291 2.435000
0.130026 -0.173041 2.444530
0.119367 -0.415065 2.363540
0.220010 -0.511415 2.181810
0.255412 -0.540877 2.122360
0.432813 -0.184190 2.433060
0.446636 -0.406894 2.373890
0.389303 -0.501402 2.187280
0.370901 -0.533320 2.129130
0.183152 -0.509037 2.387610
-0.036253 -0.700552 2.264770
0.178493 -0.832368 2.093740
0.242409 -0.842898 2.111360
0.341286 -0.520643 2.386640
0.315224 -0.597893 2.074570
0.416061 -0.814304 2.073510
0.362468 -0.859526 2.098680
0.267311 -0.448199 2.400230
0.273373 -0.394346 2.450850
0.293303 -0.074298 2.462870
0.284141 0.130293 2.435050
0.130075 -0.173042 2.444500
0.118973 -0.414109 2.363940
0.214109 -0.513450 2.190220
0.250603 -0.543487 2.129640
0.432903 -0.184301 2.433070
0.446627 -0.406921 2.373870
0.388825 -0.501024 2.187120
0.370383 -0.532882 2.128970
0.183137 -0.509067 2.387620
-0.036255 -0.700539 2.264780
0.185650 -0.827688 2.056920
0.254762 -0.844711 2.098150
0.341303 -0.520709 2.386670
0.315237 -0.597881 2.074630
0.416107 -0.814250 2.073580
0.362259 -0.859402 2.098510
0.267287 -0.448233 2.400240
0.273311 -0.394374 2.450840
0.292993 -0.074313 2.462790
0.284226 0.130296 2.435090
0.130118 -0.173042 2.444460
0.118370 -0.412229 2.364430
0.209556 -0.515009 2.196910
0.245715 -0.546447 2.137180
0.432985 -0.184402 2.433060
0.446616 -0.406945 2.373860
0.388463 -0.500722 2.187000
0.369833 -0.532378 2.128790
0.183124 -0.509096 2.387620
-0.036254 -0.700524 2.264800
0.189168 -0.825757 2.038890
0.261719 -0.845071 2.091520
0.341322 -0.520770 2.386700
0.315245 -0.597866 2.074680
0.416298 -0.814296 2.073670
0.361453 -0.858742 2.097310
0.267259 -0.448265 2.400250
0.273245 -0.394401 2.450830
0.292726 -0.074324 2.462730
0.284295 0.130302 2.435130
0.130157 -0.173040 2.444420
0.117732 -0.409986 2.364910
0.205944 -0.516167 2.201630
0.241075 -0.549197 2.143520
0.433055 -0.184490 2.433040
0.446594 -0.406981 2.373820
0.388010 -0.500333 2.186800
0.369325 -0.531909 2.128590
0.183101 -0.509123 2.387620
-0.036256 -0.700512 2.264810
0.192208 -0.818174 2.026370
0.224105 -0.840425 2.008800
0.341334 -0.520821 2.386720
0.315250 -0.597850 2.074730
0.416471 -0.814240 2.073730
0.361000 -0.858319 2.096250
0.267232 -0.448297 2.400250
0.273181 -0.394427 2.450830
0.292487 -0.074333 2.462690
0.284345 0.130304 2.435180
0.130192 -0.173037 2.444380
0.117655 -0.410247 2.364870
0.204691 -0.516925 2.202960
0.239524 -0.550168 2.145400
0.433112 -0.184571 2.433020
0.446563 -0.407026 2.373770
0.387728 -0.500097 2.186660
0.368887 -0.531503 2.128400
0.183079 -0.509150 2.387620
-0.036257 -0.700497 2.264820
0.193895 -0.814095 2.019410
0.203666 -0.837728 1.968670
0.341344 -0.520871 2.386750
0.315249 -0.597826 2.074790
0.416676 -0.814237 2.073750
0.360769 -0.857980 2.095930
0.267198 -0.448331 2.400260
0.273113 -0.394456 2.450810
0.292276 -0.074345 2.462670
0.284378 0.130305 2.435210
0.130221 -0.173032 2.444350
0.117459 -0.409712 2.364950
0.203291 -0.517848 2.204580
0.237147 -0.552137 2.148310
0.433153 -0.184644 2.433000
0.446528 -0.407073 2.373720
0.387481 -0.499886 2.186540
0.368486 -0.531120 2.128210
0.183051 -0.509176 2.387620
-0.036260 -0.700481 2.264840
0.194698 -0.809920 2.017540
0.194918 -0.836407 1.950540
0.341345 -0.520917 2.386760
0.315236 -0.597803 2.074830
0.416628 -0.814002 2.073840
0.360906 -0.858244 2.095620
0.267166 -0.448362 2.400260
0.273047 -0.394485 2.450810
0.292059 -0.074351 2.462670
0.284404 0.130314 2.435270
0.130247 -0.173032 2.444300
0.117167 -0.408777 2.365050
0.202236 -0.518484 2.205910
0.235188 -0.553763 2.150920
0.433184 -0.184706 2.432970
0.446492 -0.407121 2.373660
0.387180 -0.499648 2.186390
0.368124 -0.530800 2.128060
0.183027 -0.509201 2.387620
-0.036261 -0.700462 2.264850
0.193872 -0.803600 2.024920
0.189610 -0.835459 1.939160
0.341348 -0.520957 2.386770
0.315217 -0.597773 2.074880
0.416877 -0.814653 2.073680
0.359210 -0.855677 2.096160
0.267124 -0.448388 2.400260
0.272969 -0.394508 2.450800
0.291872 -0.074355 2.462660
0.284413 0.130364 2.435390
0.130266 -0.173025 2.444260
0.116803 -0.407591 2.365130
0.201453 -0.518942 2.206960
0.233640 -0.555085 2.153140
0.433212 -0.184760 2.432950
0.446445 -0.407200 2.373600
0.386975 -0.499487 2.186280
0.367783 -0.530490 2.127890
0.182984 -0.509221 2.387610
-0.036264 -0.700447 2.264870
0.193582 -0.800723 2.027640
0.185478 -0.834614 1.932780
0.341345 -0.520992 2.386780
0.315196 -0.597737 2.074940
0.416937 -0.814664 2.073540
0.358978 -0.855266 2.096220
0.267084 -0.448411 2.400270
0.272892 -0.394528 2.450780
0.291725 -0.074360 2.462650
0.284319 0.130464 2.435760
0.130283 -0.173015 2.444210
0.116397 -0.406219 2.365180
0.200897 -0.519244 2.207780
0.232487 -0.556090 2.154960
0.433236 -0.184805 2.432930
0.446400 -0.407280 2.373540
0.386672 -0.499206 2.186090
0.367426 -0.530124 2.127700
0.182939 -0.509239 2.387610
-0.036265 -0.700431 2.264890
0.193144 -0.798744 2.030750
0.182595 -0.833876 1.931580
0.341342 -0.521022 2.386780
0.315173 -0.597700 2.074990
0.416765 -0.814629 2.073500
0.358891 -0.855471 2.096430
0.267039 -0.448429 2.400260
0.272813 -0.394544 2.450760
0.291604 -0.074369 2.462640
0.284135 0.130590 2.436260
0.130292 -0.173006 2.444160
0.116313 -0.406903 2.364820
0.201228 -0.520311 2.207330
0.232033 -0.556909 2.155650
0.433256 -0.184843 2.432910
0.446359 -0.407356 2.373480
0.386382 -0.498909 2.185890
0.367087 -0.529746 2.127500
0.182882 -0.509254 2.387590
-0.036266 -0.700417 2.264900
0.189853 -0.805301 2.042570
0.232185 -0.804135 2.003450
0.341336 -0.521047 2.386790
0.315149 -0.597662 2.075040
0.416526 -0.814582 2.073550
0.358081 -0.856223 2.095200
0.266991 -0.448445 2.400260
0.272733 -0.394559 2.450750
0.291501 -0.074377 2.462620
0.283773 0.130717 2.436880
0.130297 -0.172996 2.444110
0.116226 -0.406765 2.364730
0.201112 -0.521840 2.207770
0.231371 -0.558751 2.156920
0.433268 -0.184873 2.432900
0.446313 -0.407434 2.373420
0.386143 -0.498647 2.185710
0.366806 -0.529408 2.127320
0.182821 -0.509268 2.387580
-0.036267 -0.700402 2.264910
0.187817 -0.809760 2.049830
0.250804 -0.793130 2.029090
0.341327 -0.521069 2.386790
0.315127 -0.597622 2.075090
0.416175 -0.814399 2.073620
0.357558 -0.856803 2.094070
0.266867 -0.448455 2.400250
0.272556 -0.394564 2.450720
0.291284 -0.074331 2.462660
0.283228 0.130811 2.437710
0.130297 -0.172984 2.444060
0.116135 -0.406485 2.364660
0.200980 -0.522435 2.208070
0.230868 -0.559742 2.157820
0.433277 -0.184889 2.432900
0.446266 -0.407504 2.373380
0.386012 -0.498486 2.185590
0.366641 -0.529186 2.127190
0.182681 -0.509276 2.387550
-0.036273 -0.700394 2.264910
0.186399 -0.812980 2.054440
0.260960 -0.787923 2.043730
0.341268 -0.521091 2.386770
0.315110 -0.597588 2.075120
0.415934 -0.814163 2.073660
0.357262 -0.857249 2.092910
0.266725 -0.448457 2.400220
0.272359 -0.394562 2.450680
0.291058 -0.074279 2.462700
0.282324 0.130840 2.438820
0.130286 -0.172973 2.444020
0.115966 -0.405916 2.364630
0.200886 -0.522753 2.208260
0.230525 -0.560287 2.158450
0.433283 -0.184901 2.432890
0.446217 -0.407568 2.373330
0.385938 -0.498397 2.185510
0.366548 -0.529048 2.127100
0.182524 -0.509280 2.387520
-0.036282 -0.700385 2.264920
0.185482 -0.815087 2.057370
0.266679 -0.784656 2.051780
0.341195 -0.521105 2.386750
0.315095 -0.597558 2.075150
0.415589 -0.813889 2.073780
0.357178 -0.857909 2.092060
0.266539 -0.448450 2.400190
0.272135 -0.394553 2.450630
0.290844 -0.074224 2.462750
0.281120 0.130856 2.440160
0.130266 -0.172960 2.443970
0.115720 -0.405131 2.364600
0.200864 -0.522592 2.208300
0.230315 -0.560354 2.158810
0.433279 -0.184907 2.432890
0.446167 -0.407631 2.373280
0.385891 -0.498326 2.185440
0.366482 -0.528939 2.127020
0.182315 -0.509272 2.387470
-0.036294 -0.700377 2.264930
0.184907 -0.816379 2.059250
0.269370 -0.784031 2.055570
0.341055 -0.521106 2.386670
0.315079 -0.597530 2.075160
0.415275 -0.813598 2.073870
0.357282 -0.858707 2.091030
0.266250 -0.448433 2.400130
0.271806 -0.394534 2.450570
0.290515 -0.074112 2.462850
0.278925 0.131127 2.442070
0.130222 -0.172946 2.443930
0.115655 -0.406520 2.364470
0.201550 -0.522774 2.207460
0.230609 -0.560463 2.158520
0.433172 -0.184856 2.432890
0.446121 -0.407676 2.373260
0.385880 -0.498240 2.185360
0.366455 -0.528817 2.126930
0.182049 -0.509259 2.387410
-0.036311 -0.700374 2.264930
0.184515 -0.817251 2.060530
0.270552 -0.784261 2.057120
0.340764 -0.521070 2.386520
0.315053 -0.597493 2.075160
0.414980 -0.813321 2.073980
0.357409 -0.859460 2.090010
0.265905 -0.448405 2.400050
0.271417 -0.394499 2.450500
0.289915 -0.073914 2.462980
0.276777 0.131405 2.443880
0.130069 -0.172959 2.443930
0.115498 -0.406604 2.364470
0.201701 -0.523034 2.207600
0.230643 -0.560834 2.158890
0.432823 -0.184640 2.432920
0.446084 -0.407635 2.373220
0.385924 -0.498230 2.185360
0.366469 -0.528790 2.126920
0.181756 -0.509251 2.387360
-0.036334 -0.700370 2.264930
0.184229 -0.817898 2.061440
0.267273 -0.788080 2.052300
0.340408 -0.520994 2.386330
0.315024 -0.597442 2.075150
0.414673 -0.812912 2.074060
0.358036 -0.860414 2.089100
0.265559 -0.448370 2.399990
0.271043 -0.394468 2.450430
0.289230 -0.073632 2.463320
0.273919 0.131934 2.446800
0.129706 -0.173000 2.444100
0.114774 -0.405947 2.364770
0.201585 -0.523258 2.208840
0.230584 -0.561361 2.160120
0.431958 -0.184166 2.433140
0.446002 -0.407428 2.373270
0.390447 -0.499970 2.185980
0.370459 -0.530485 2.127350
0.181470 -0.509238 2.387320
-0.036355 -0.700366 2.264930
0.184685 -0.810944 2.057400
0.216527 -0.813243 1.998580
0.340021 -0.520867 2.386110
0.314144 -0.596415 2.074890
0.414222 -0.812083 2.074280
0.359911 -0.862053 2.087540
0.264871 -0.448229 2.399910
0.270366 -0.394380 2.450400
0.287991 -0.073205 2.464260
0.270950 0.132544 2.450370
0.128938 -0.172973 2.444620
0.112835 -0.404122 2.365770
0.200658 -0.523189 2.211740
0.230138 -0.561890 2.162480
0.430710 -0.183563 2.433550
0.445817 -0.406766 2.373610
0.396658 -0.501953 2.187510
0.376619 -0.532832 2.128550
0.180851 -0.509116 2.387280
-0.036386 -0.700383 2.264910
0.184864 -0.811899 2.057780
0.221780 -0.810840 2.001970
0.339265 -0.520561 2.385750
0.313383 -0.595518 2.074610
0.413836 -0.811327 2.074520
0.361482 -0.863377 2.086180
0.263401 -0.447873 2.399950
0.268814 -0.394143 2.450590
0.284680 -0.072378 2.466780
0.266736 0.132878 2.455310
0.127198 -0.173115 2.445990
0.109969 -0.401924 2.367150
0.196092 -0.526934 2.220430
0.227009 -0.566310 2.170140
0.427959 -0.182466 2.434710
0.445665 -0.405829 2.374020
0.400966 -0.503388 2.188920
0.381541 -0.534880 2.129850
0.179687 -0.508860 2.387380
-0.036449 -0.700445 2.264860
0.185189 -0.812457 2.058000
0.230841 -0.811186 2.007890
0.337720 -0.519836 2.385260
0.312774 -0.594767 2.074390
0.413665 -0.810832 2.075440
0.362152 -0.863832 2.081860
0.261026 -0.447327 2.400470
0.266211 -0.393762 2.451410
0.279554 -0.071116 2.471170
0.259816 0.133254 2.462090
0.123798 -0.173435 2.448560
0.106730 -0.399908 2.368490
0.191134 -0.532019 2.228310
0.219363 -0.577120 2.184340
0.422873 -0.180845 2.436990
0.445371 -0.404744 2.374620
0.404271 -0.504134 2.190010
0.385806 -0.536251 2.130930
0.177676 -0.508448 2.388070
-0.036524 -0.700557 2.264740
0.186720 -0.811826 2.058480
0.252732 -0.815647 2.025950
0.335568 -0.518840 2.384970
0.312298 -0.594135 2.074320
0.413674 -0.810381 2.076520
0.362617 -0.863906 2.078860
0.257916 -0.446624 2.401750
0.262749 -0.393259 2.453130
0.273065 -0.069794 2.476860
0.253392 0.133473 2.468220
0.118872 -0.174127 2.452260
0.094351 -0.391881 2.375810
0.184360 -0.527004 2.237370
0.215714 -0.576015 2.191280
0.416936 -0.179181 2.439860
0.444354 -0.403026 2.376240
0.408148 -0.504014 2.191500
0.391117 -0.536824 2.132250
0.174929 -0.507963 2.389680
-0.036593 -0.700669 2.264550
0.189575 -0.810520 2.059620
0.231904 -0.828383 2.008870
0.333102 -0.517675 2.385090
0.311885 -0.593277 2.074440
0.413731 -0.810030 2.077460
0.363663 -0.864162 2.074940
0.253949 -0.445650 2.403890
0.258346 -0.392517 2.455810
0.263599 -0.068287 2.483910
0.244970 0.133817 2.474910
0.110125 -0.174756 2.459600
0.081109 -0.385071 2.382230
0.174975 -0.519343 2.243400
0.210152 -0.571632 2.196530
0.409726 -0.177283 2.444020
0.441917 -0.400739 2.379880
0.413725 -0.501461 2.193530
0.398746 -0.535060 2.133630
0.171457 -0.507404 2.392390
-0.036632 -0.700773 2.264190
0.193585 -0.809300 2.061750
0.220777 -0.835351 2.000230
0.330257 -0.516278 2.385590
0.311570 -0.592430 2.074790
0.413874 -0.809806 2.078230
0.337607 -0.837161 2.054730
0.249686 -0.444526 2.407120
0.253629 -0.391668 2.459490
0.254916 -0.067614 2.490060
0.234713 0.134008 2.482330
0.100168 -0.175698 2.467510
0.071444 -0.381283 2.386630
0.141856 -0.516981 2.244520
0.169550 -0.567416 2.197890
0.402941 -0.175600 2.448800
0.438303 -0.399666 2.385580
0.421133 -0.495758 2.195720
0.409217 -0.529511 2.134630
0.167513 -0.506940 2.396720
-0.036488 -0.700606 2.263150
0.207419 -0.807816 2.074750
0.217512 -0.838726 1.998250
0.327529 -0.514924 2.386620
0.311667 -0.591755 2.075590
0.414013 -0.809654 2.078830
0.329304 -0.828521 2.048030
0.244941 -0.443592 2.412390
0.248096 -0.391004 2.465250
0.243870 -0.067478 2.497720
0.224684 0.134272 2.488580
0.090887 -0.176086 2.474290
0.049330 -0.376690 2.395210
0.106434 -0.509826 2.245040
0.128134 -0.556563 2.197150
0.394227 -0.174138 2.454480
0.434209 -0.400949 2.393800
0.432028 -0.485000 2.198440
0.424430 -0.517299 2.135360
0.163464 -0.506949 2.403730
-0.037879 -0.695893 2.259500
0.211883 -0.804965 2.080040
0.214356 -0.840400 1.996840
0.324345 -0.513481 2.389220
0.313005 -0.591129 2.078410
0.414148 -0.809549 2.079230
0.324235 -0.823191 2.043850
0.240565 -0.443064 2.418500
0.242982 -0.390568 2.471300
0.235575 -0.067672 2.502750
0.214071 0.134682 2.494600
0.082782 -0.176114 2.479920
0.029614 -0.372762 2.403240
0.081322 -0.506077 2.248230
0.107884 -0.552776 2.199040
0.384847 -0.173151 2.461090
0.431614 -0.403078 2.404270
0.442431 -0.478612 2.204210
0.438470 -0.509030 2.139040
0.160202 -0.507396 2.410920
-0.037846 -0.692994 2.256760
-0.058572 -0.875479 2.233340
0.022884 -0.874736 2.174550
0.320603 -0.512023 2.394530
0.315554 -0.590692 2.084580
0.414237 -0.809497 2.079500
0.320895 -0.819749 2.041080
0.235234 -0.443818 2.425400
0.236149 -0.391495 2.478530
0.218577 -0.069464 2.510500
0.202165 0.134661 2.500980
0.071458 -0.176576 2.486470
0.000550 -0.370503 2.418250
0.016681 -0.517936 2.267380
0.028069 -0.567591 2.220390
0.372856 -0.173632 2.468290
0.431446 -0.406263 2.417670
0.485139 -0.522464 2.257000
0.480457 -0.502637 2.177010
0.156817 -0.508957 2.417400
-0.035860 -0.691454 2.252030
-0.138004 -0.892861 2.279210
-0.049189 -0.886460 2.235790
0.316048 -0.511432 2.401340
0.314537 -0.596225 2.092400
0.414469 -0.809683 2.079770
0.318646 -0.817406 2.039140
0.229926 -0.445019 2.431120
0.229673 -0.392720 2.484330
0.208586 -0.070635 2.514900
0.189872 0.133941 2.504940
0.062932 -0.176873 2.490970
-0.025612 -0.372063 2.428250
-0.032136 -0.532765 2.285680
-0.020466 -0.581527 2.237460
0.363193 -0.174701 2.474010
0.433041 -0.408532 2.436000
0.514662 -0.549356 2.302320
0.532556 -0.546983 2.223490
0.153367 -0.510791 2.422390
-0.033261 -0.691079 2.246460
-0.195890 -0.905916 2.308650
-0.089805 -0.892509 2.270920
0.310984 -0.511433 2.407680
0.314065 -0.603769 2.098250
0.415591 -0.811646 2.080150
0.317151 -0.815870 2.037920
0.223623 -0.446325 2.436100
0.222113 -0.394052 2.489240
0.198860 -0.072339 2.517740
0.180006 0.132782 2.507010
0.052804 -0.176713 2.495110
-0.050889 -0.376083 2.436330
-0.053714 -0.542297 2.298310
-0.047820 -0.596806 2.256800
0.353812 -0.175314 2.479900
0.444238 -0.407917 2.470270
0.524850 -0.562472 2.337020
0.568208 -0.581387 2.272450
0.149193 -0.512753 2.426150
-0.031459 -0.691704 2.241430
-0.206426 -0.907429 2.308130
-0.104364 -0.893939 2.281640
0.304217 -0.511752 2.414470
0.313725 -0.606614 2.101220
0.415936 -0.812320 2.080380
0.316063 -0.814872 2.037220
0.217596 -0.447864 2.439460
0.214815 -0.395584 2.492410
0.189397 -0.074234 2.518770
0.169074 0.130522 2.507980
0.042399 -0.177394 2.497730
-0.076763 -0.383386 2.439820
-0.064562 -0.549156 2.305900
-0.051575 -0.606227 2.266980
0.341523 -0.177170 2.485620
0.449324 -0.407277 2.492660
0.544315 -0.580947 2.397760
0.599658 -0.615650 2.339190
0.144824 -0.514910 2.428380
-0.030616 -0.693134 2.237070
-0.212292 -0.908935 2.303310
-0.108341 -0.893856 2.280040
0.297987 -0.512376 2.419580
0.313507 -0.607983 2.103170
0.416081 -0.812600 2.080510
0.429982 -0.841444 2.042560
0.211939 -0.449298 2.441950
0.208049 -0.396926 2.494580
0.182226 -0.075692 2.518890
0.160463 0.128683 2.507910
0.032972 -0.178997 2.498460
-0.094359 -0.385516 2.442460
-0.075130 -0.556521 2.316770
-0.067414 -0.613115 2.277780
0.332933 -0.178039 2.490320
0.453488 -0.408815 2.523270
0.538964 -0.593028 2.438490
0.610371 -0.635744 2.391310
0.139982 -0.517234 2.429770
-0.030456 -0.694934 2.233380
-0.213953 -0.910785 2.297000
-0.106077 -0.893886 2.273130
0.292249 -0.513100 2.423830
0.313179 -0.607991 2.104920
0.416171 -0.812688 2.080640
0.477640 -0.849858 2.065650
0.205779 -0.450785 2.444070
0.200536 -0.398336 2.496260
0.173519 -0.078145 2.517520
0.152457 0.126497 2.506740
0.023160 -0.181032 2.497870
-0.111075 -0.385943 2.443940
-0.081221 -0.559580 2.323400
-0.070568 -0.617232 2.288340
0.324919 -0.178662 2.495010
0.450126 -0.414158 2.555200
0.538449 -0.597420 2.466090
0.617974 -0.643312 2.428390
0.134329 -0.519748 2.430470
-0.030933 -0.697236 2.230050
-0.195995 -0.908745 2.279120
-0.092225 -0.892202 2.255180
0.286020 -0.514073 2.428370
0.312735 -0.603764 2.108090
0.416182 -0.812620 2.080770
0.507160 -0.853994 2.077320
0.199931 -0.452110 2.445660
0.192976 -0.399579 2.497290
0.163180 -0.081252 2.514170
0.145140 0.124150 2.505350
0.012936 -0.184181 2.495830
-0.134686 -0.377625 2.447000
-0.088023 -0.561877 2.332140
-0.074991 -0.622164 2.300750
0.317209 -0.178607 2.500330
0.439434 -0.416713 2.579740
0.562186 -0.579545 2.519720
0.620684 -0.600948 2.478020
0.128802 -0.522234 2.430620
-0.031838 -0.699829 2.227100
-0.183386 -0.907548 2.266440
-0.082539 -0.889696 2.236400
0.280483 -0.514929 2.432340
0.312450 -0.597657 2.111220
0.415837 -0.810669 2.077930
0.536207 -0.841822 2.085970
0.192762 -0.453674 2.447530
0.184125 -0.400904 2.498310
0.153744 -0.084145 2.510530
0.138714 0.121710 2.503460
0.004154 -0.186668 2.493440
-0.149508 -0.370536 2.447490
-0.102246 -0.557047 2.343840
-0.083962 -0.621498 2.310700
0.307687 -0.178105 2.506890
0.409521 -0.413277 2.615970
0.564132 -0.569092 2.545100
0.615927 -0.584558 2.510270
0.122652 -0.524802 2.430750
-0.033100 -0.702447 2.224440
-0.174594 -0.907095 2.257190
-0.076008 -0.888544 2.223570
0.272404 -0.516228 2.438370
0.312329 -0.590787 2.114440
0.343579 -0.838801 2.055670
0.377935 -0.878268 1.995570
0.185787 -0.455047 2.448800
0.175119 -0.402066 2.498700
0.144624 -0.086533 2.506690
0.133635 0.119631 2.501440
-0.004046 -0.188640 2.490150
-0.163624 -0.361859 2.445080
-0.115025 -0.554143 2.351210
-0.112104 -0.615132 2.329770
0.295118 -0.174838 2.514960
0.379169 -0.403001 2.646960
0.548628 -0.552818 2.569540
0.590831 -0.560475 2.535280
0.116828 -0.527013 2.430590
-0.034410 -0.705162 2.222060
-0.164752 -0.907138 2.247200
-0.071748 -0.888043 2.214780
0.265467 -0.517032 2.442690
0.313187 -0.580136 2.121360
0.310181 -0.848155 2.045680
0.332172 -0.885382 1.966220
0.179337 -0.456180 2.449820
0.166292 -0.403004 2.498900
0.132668 -0.088388 2.502560
0.128151 0.117243 2.498190
-0.011464 -0.190646 2.485770
-0.176230 -0.351224 2.438400
-0.122342 -0.551486 2.354260
-0.119858 -0.612834 2.334790
0.283286 -0.170353 2.521930
0.344156 -0.385802 2.679090
0.514434 -0.525867 2.592650
0.552790 -0.531442 2.555770
0.111863 -0.528807 2.430600
-0.035419 -0.707720 2.220280
-0.159657 -0.907593 2.241070
-0.067632 -0.888177 2.205880
0.259428 -0.517257 2.445940
0.316400 -0.569129 2.127010
0.286224 -0.826697 2.040040
0.351499 -0.836608 1.995670
0.171441 -0.457348 2.450530
0.155768 -0.403933 2.498620
0.119947 -0.089892 2.498360
0.122539 0.114790 2.494650
-0.019038 -0.192467 2.479170
-0.185369 -0.342015 2.429040
-0.177069 -0.542126 2.362260
-0.178708 -0.607322 2.347600
0.270738 -0.166399 2.526320
0.326261 -0.379054 2.692390
0.426679 -0.510557 2.502570
0.455369 -0.541398 2.424670
0.106890 -0.530188 2.430490
-0.036095 -0.710252 2.218590
-0.156962 -0.907831 2.237060
-0.065652 -0.888225 2.200490
0.250529 -0.517094 2.449160
0.322623 -0.556593 2.134680
0.278212 -0.816207 2.038780
0.362727 -0.810961 2.008980
0.162211 -0.460097 2.451430
0.144954 -0.406071 2.498530
0.111437 -0.091015 2.495840
0.118523 0.113097 2.492080
-0.024987 -0.193938 2.470620
-0.191034 -0.335674 2.419950
-0.205615 -0.537448 2.367230
-0.204822 -0.603080 2.356320
0.257716 -0.163396 2.528380
0.265862 -0.374156 2.576490
0.351588 -0.540773 2.328870
0.356203 -0.510508 2.273150
0.101423 -0.531865 2.430700
-0.036398 -0.712757 2.216600
-0.155498 -0.907993 2.233450
-0.064526 -0.888285 2.196490
0.238963 -0.518231 2.452500
0.348187 -0.541935 2.133900
0.279457 -0.806786 2.041150
0.377332 -0.787302 2.020700
0.153656 -0.463333 2.452160
0.134411 -0.408832 2.498320
0.103547 -0.091866 2.494090
0.114955 0.111395 2.489900
-0.030504 -0.195448 2.460070
-0.195484 -0.333834 2.407500
-0.217475 -0.536752 2.369880
-0.217694 -0.602194 2.361700
0.246797 -0.162174 2.530670
0.235163 -0.412799 2.470940
0.342912 -0.493867 2.201250
0.357918 -0.445164 2.155370
0.095780 -0.533748 2.430890
-0.036309 -0.715701 2.214310
-0.155029 -0.908447 2.230120
-0.063931 -0.888573 2.193370
0.228744 -0.520182 2.455130
0.323674 -0.544946 2.145380
0.287026 -0.799635 2.045430
0.379302 -0.790688 2.027540
0.145523 -0.466394 2.452190
0.124017 -0.411648 2.497410
0.097069 -0.092693 2.492770
0.111021 0.109263 2.487640
-0.034902 -0.196437 2.451160
-0.200354 -0.340679 2.389910
-0.221620 -0.543268 2.372490
-0.225067 -0.604082 2.366270
0.234837 -0.163630 2.534980
0.237192 -0.433985 2.430650
0.343734 -0.496397 2.228120
0.376547 -0.445072 2.124580
0.089065 -0.535617 2.429620
-0.035489 -0.721439 2.211140
-0.152440 -0.913632 2.226770
-0.061197 -0.892423 2.190550
0.218032 -0.522923 2.457560
0.299571 -0.574113 2.132040
0.305625 -0.828552 2.047000
0.366417 -0.852997 1.995920
0.139509 -0.468610 2.452040
0.115704 -0.413948 2.496450
0.087469 -0.093603 2.492190
0.107193 0.107428 2.485840
-0.038669 -0.197368 2.443090
-0.202293 -0.345803 2.378720
-0.220741 -0.550599 2.371750
-0.228516 -0.607064 2.368890
0.224435 -0.165959 2.538760
0.274974 -0.384912 2.388130
0.407042 -0.434480 2.170400
0.493080 -0.468091 2.098910
0.084026 -0.536966 2.428080
-0.034347 -0.726951 2.208490
-0.149738 -0.919544 2.224590
-0.057977 -0.897443 2.189120
0.210492 -0.524840 2.459430
0.287889 -0.588872 2.125360
0.325343 -0.846139 2.049990
0.368787 -0.879869 1.983650
0.135306 -0.470082 2.451870
0.109209 -0.415707 2.495520
0.077401 -0.094865 2.492360
0.101431 0.105173 2.484110
-0.042075 -0.198238 2.435960
-0.203179 -0.350453 2.370460
-0.216217 -0.557874 2.369690
-0.227942 -0.611377 2.370450
0.210918 -0.168851 2.543550
0.275086 -0.378596 2.371690
0.411031 -0.442916 2.224390
0.519863 -0.476909 2.095410
0.080383 -0.537858 2.426340
-0.032927 -0.731993 2.206430
-0.147897 -0.923135 2.223470
-0.054495 -0.902810 2.189080
0.205240 -0.525992 2.461010
0.311372 -0.567812 2.155190
0.341022 -0.821604 2.063480
0.373098 -0.870038 1.999200
0.131628 -0.470793 2.451990
0.102879 -0.416658 2.495090
0.064440 -0.095434 2.494510
0.096167 0.103280 2.483560
-0.045030 -0.199038 2.429900
-0.204445 -0.356450 2.363690
-0.206024 -0.566746 2.367130
-0.221918 -0.618083 2.371530
0.200384 -0.171787 2.549240
0.291515 -0.389680 2.368200
0.443688 -0.402168 2.192140
0.558001 -0.485360 2.114230
0.077545 -0.538130 2.424840
-0.030378 -0.736670 2.205140
-0.145356 -0.926889 2.223380
-0.049640 -0.908328 2.190760
0.200815 -0.526372 2.463170
0.344183 -0.540628 2.182890
0.349371 -0.808044 2.070770
0.391888 -0.842224 2.018840
0.127162 -0.470496 2.452450
0.095075 -0.416553 2.494850
0.053113 -0.095162 2.496980
0.091167 0.101742 2.484420
-0.047352 -0.199598 2.425450
-0.205049 -0.361901 2.358920
-0.196188 -0.573681 2.364290
-0.214036 -0.624702 2.371890
0.187600 -0.172360 2.560960
0.261118 -0.421270 2.449980
0.413580 -0.449896 2.307470
0.489250 -0.424260 2.178080
0.074645 -0.537533 2.422940
-0.027668 -0.740600 2.204490
-0.072774 -0.955612 2.233380
0.019282 -0.928458 2.197260
0.195502 -0.525901 2.466650
0.362132 -0.525872 2.197820
0.356841 -0.801723 2.077110
0.403146 -0.824785 2.026890
0.122472 -0.469840 2.452850
0.087977 -0.416236 2.494690
0.044471 -0.094723 2.499430
0.086026 0.100647 2.486080
-0.049258 -0.199960 2.422240
-0.205062 -0.367060 2.355610
-0.188577 -0.578882 2.362340
-0.205708 -0.630918 2.371540
0.178398 -0.174355 2.567370
0.258457 -0.432496 2.465460
0.411047 -0.472265 2.330480
0.494992 -0.413607 2.198490
0.071459 -0.536137 2.420400
-0.024981 -0.744050 2.204150
-0.038098 -0.969660 2.238600
0.050318 -0.938163 2.200700
0.190037 -0.525563 2.469890
0.369263 -0.519612 2.206220
0.363046 -0.797691 2.081200
0.411898 -0.816700 2.031780
0.114390 -0.468240 2.453400
0.078022 -0.415266 2.494770
0.035088 -0.093556 2.503360
0.080819 0.099745 2.488330
-0.050859 -0.200094 2.419940
-0.204792 -0.372204 2.353260
-0.183664 -0.582195 2.361450
-0.197448 -0.636450 2.371280
0.171242 -0.175514 2.573250
0.253029 -0.440464 2.491340
0.417771 -0.455715 2.377190
0.476003 -0.396433 2.241090
0.065558 -0.533127 2.416700
-0.021610 -0.747729 2.204200
-0.020189 -0.977385 2.241320
0.067086 -0.943800 2.202670
0.181525 -0.525071 2.473430
0.374155 -0.517764 2.210530
0.380267 -0.794598 2.082600
0.418396 -0.817113 2.031080
0.108721 -0.467017 2.453780
0.071073 -0.414559 2.494780
0.026883 -0.091667 2.507350
0.075064 0.099417 2.492110
-0.052345 -0.199908 2.418310
-0.204391 -0.375972 2.351810
-0.179041 -0.584578 2.360750
-0.189656 -0.640635 2.370500
0.165292 -0.176827 2.578320
0.250961 -0.444085 2.503720
0.400682 -0.484885 2.378660
0.468821 -0.387771 2.265560
0.061417 -0.530739 2.413970
-0.019117 -0.750331 2.204430
-0.009955 -0.981856 2.242810
0.076898 -0.947208 2.203900
0.175615 -0.524716 2.475790
0.377986 -0.520208 2.218350
0.390789 -0.793396 2.083640
0.434651 -0.826482 2.037250
0.103831 -0.464899 2.454850
0.064921 -0.412982 2.495540
0.017111 -0.087729 2.514190
0.069361 0.100554 2.498090
-0.054499 -0.199165 2.417480
-0.203939 -0.378643 2.350990
-0.174820 -0.586135 2.360210
-0.183240 -0.643438 2.369780
0.158699 -0.178852 2.586390
0.243741 -0.446941 2.529570
0.387709 -0.451099 2.397270
0.433746 -0.421750 2.315630
0.058262 -0.528373 2.411780
-0.017125 -0.752145 2.204900
-0.004248 -0.984728 2.244280
0.082840 -0.949680 2.205500
0.170540 -0.522801 2.479940
0.391421 -0.514419 2.255700
0.398639 -0.792817 2.097470
0.441221 -0.827774 2.047390
0.098978 -0.462144 2.456670
0.059323 -0.410776 2.497130
0.010327 -0.084403 2.519500
0.062154 0.103585 2.506310
-0.058952 -0.196771 2.418310
-0.203001 -0.380435 2.351060
-0.171492 -0.586963 2.359770
-0.178516 -0.645116 2.368830
0.153518 -0.180133 2.592650
0.240666 -0.448501 2.540440
0.382250 -0.435814 2.403250
0.421331 -0.430556 2.334770
0.055315 -0.525972 2.410130
-0.015395 -0.753410 2.205520
-0.005510 -0.985313 2.245880
0.083273 -0.951025 2.208000
0.165810 -0.520229 2.484820
0.387817 -0.573582 2.206950
0.405901 -0.803717 2.105990
0.453584 -0.826891 2.055880
0.093955 -0.458473 2.459950
0.053493 -0.407592 2.500380
0.002101 -0.078907 2.528000
0.056520 0.106529 2.513060
-0.063983 -0.193948 2.420230
-0.201553 -0.381483 2.352220
-0.168057 -0.586963 2.359430
-0.174969 -0.646124 2.367960
0.148435 -0.180492 2.599290
0.237324 -0.448572 2.547290
0.378867 -0.429139 2.407010
0.415169 -0.440533 2.347040
0.052498 -0.523429 2.409290
-0.013684 -0.754038 2.206450
-0.013775 -0.983141 2.247290
0.077949 -0.950959 2.211330
0.161284 -0.516532 2.491140
0.389840 -0.597190 2.193500
0.411969 -0.811038 2.111810
0.467863 -0.828889 2.066530
0.090413 -0.451898 2.476400
0.048176 -0.401853 2.513510
-0.004498 -0.073974 2.536800
0.050882 0.109994 2.519280
-0.069280 -0.190788 2.423500
-0.199791 -0.381761 2.354450
-0.165284 -0.586516 2.359350
-0.172274 -0.646635 2.367210
0.142120 -0.180843 2.610440
0.225646 -0.441096 2.542730
0.339949 -0.465439 2.377150
0.373106 -0.496587 2.331610
0.051645 -0.519495 2.415460
-0.010949 -0.749438 2.210680
-0.025942 -0.974849 2.249940
0.059639 -0.942074 2.219850
0.159428 -0.508356 2.521510
0.391255 -0.607727 2.187570
0.418098 -0.814999 2.116750
0.479753 -0.835090 2.076510
0.072943 -0.444090 2.484610
0.033913 -0.394885 2.522060
-0.010365 -0.069608 2.544970
0.045272 0.114018 2.529200
-0.076085 -0.186720 2.429740
-0.197947 -0.381432 2.357500
-0.163364 -0.585967 2.359060
-0.169932 -0.646767 2.366300
0.135220 -0.179703 2.627510
0.219395 -0.437952 2.542820
0.212526 -0.534970 2.360310
0.272409 -0.562210 2.320050
0.028243 -0.504919 2.420120
-0.005934 -0.746113 2.215730
-0.031771 -0.970591 2.251910
0.055934 -0.940341 2.222890
0.135532 -0.507326 2.525960
0.392540 -0.614423 2.185540
0.422690 -0.818619 2.123860
0.485332 -0.842223 2.086350
0.059997 -0.439492 2.488090
0.021705 -0.390702 2.526600
-0.017808 -0.066002 2.555920
0.040647 0.116850 2.537350
-0.082497 -0.182916 2.436810
-0.196063 -0.380507 2.360910
-0.161969 -0.585191 2.358890
-0.168100 -0.646595 2.365490
0.129773 -0.179367 2.638790
0.188707 -0.437151 2.641730
0.165459 -0.536736 2.389480
0.231148 -0.573795 2.336070
0.015762 -0.497469 2.421260
-0.002706 -0.744057 2.219260
-0.036252 -0.967537 2.253210
0.053254 -0.939216 2.225070
0.120027 -0.508116 2.526110
0.395869 -0.617703 2.191980
0.426231 -0.822432 2.131470
0.487758 -0.847484 2.092730
0.051996 -0.437597 2.491260
0.013037 -0.389124 2.530630
-0.025365 -0.064564 2.568270
0.034844 0.117826 2.547870
-0.087853 -0.180666 2.444030
-0.194748 -0.379650 2.363730
-0.161006 -0.584422 2.358750
-0.166640 -0.646266 2.364710
0.122346 -0.179193 2.651630
0.174998 -0.438864 2.686980
0.157280 -0.533216 2.428780
0.211502 -0.575887 2.358680
0.009302 -0.494038 2.422580
-0.000791 -0.742531 2.221530
-0.040089 -0.964991 2.253870
0.051157 -0.938372 2.226610
0.111147 -0.509407 2.527870
0.399314 -0.615843 2.206930
0.427998 -0.824380 2.137820
0.486885 -0.853975 2.100370
0.046045 -0.437782 2.494870
0.006342 -0.389802 2.535200
-0.031889 -0.066002 2.579550
0.029002 0.116414 2.557570
-0.094186 -0.180038 2.452650
-0.194297 -0.378807 2.366350
-0.160407 -0.583469 2.358320
-0.165237 -0.645653 2.363690
0.114507 -0.181506 2.659840
0.168949 -0.439366 2.706850
0.175141 -0.529659 2.474220
0.222443 -0.564519 2.406910
0.004963 -0.492615 2.424380
0.000228 -0.741345 2.222900
-0.112930 -0.927643 2.244680
-0.015598 -0.912291 2.223580
0.105016 -0.511868 2.530650
0.400138 -0.613473 2.221550
0.428495 -0.825792 2.144510
0.485675 -0.856982 2.105450
0.040646 -0.440157 2.501580
-0.000129 -0.392859 2.542400
-0.039091 -0.071942 2.591540
0.021107 0.112340 2.569500
-0.102237 -0.182085 2.462540
-0.194762 -0.377545 2.369570
-0.161411 -0.581753 2.356880
-0.164753 -0.644690 2.362130
0.101919 -0.188130 2.671990
0.160835 -0.420947 2.764990
0.173490 -0.524990 2.509860
0.232787 -0.551713 2.442180
0.001807 -0.493940 2.429070
0.000871 -0.739837 2.224110
-0.124583 -0.921851 2.242820
-0.025442 -0.909133 2.222560
0.100187 -0.516642 2.537800
0.401219 -0.585205 2.247720
0.433142 -0.824125 2.146510
0.491883 -0.856067 2.100660
0.024471 -0.457131 2.511130
-0.015672 -0.407614 2.552220
-0.047421 -0.081115 2.602280
0.005278 0.099158 2.585720
-0.112315 -0.189082 2.472820
-0.201489 -0.377613 2.374120
-0.161284 -0.580376 2.355270
-0.163425 -0.643538 2.360040
0.089542 -0.197338 2.682060
0.157656 -0.413847 2.787290
0.186376 -0.519098 2.527910
0.239980 -0.544725 2.461020
-0.010947 -0.507281 2.439910
0.002201 -0.738453 2.223930
-0.127517 -0.920497 2.238200
-0.021677 -0.911109 2.215690
0.083390 -0.536721 2.544000
0.373917 -0.533230 2.288960
0.434979 -0.802568 2.144840
0.493492 -0.835004 2.090170
0.015689 -0.466535 2.516560
-0.024782 -0.417345 2.558300
-0.056626 -0.093440 2.610750
-0.007264 0.088133 2.596100
-0.126347 -0.200283 2.483740
-0.218121 -0.381214 2.378330
-0.160514 -0.578828 2.352920
-0.159499 -0.640793 2.354600
0.078926 -0.206103 2.690290
0.157776 -0.434714 2.765110
0.196287 -0.516802 2.540570
0.247516 -0.540270 2.475730
-0.019448 -0.516776 2.447160
0.003713 -0.736970 2.223170
-0.123997 -0.921821 2.233270
-0.013281 -0.913578 2.207990
0.075536 -0.546274 2.547400
0.373694 -0.528093 2.291680
0.441286 -0.796639 2.131830
0.494312 -0.833635 2.083110
0.009531 -0.473752 2.522070
-0.031345 -0.426146 2.564690
-0.068622 -0.112104 2.619000
-0.021234 0.072964 2.604750
-0.146459 -0.219708 2.496010
-0.236484 -0.384712 2.382050
-0.160615 -0.576521 2.349410
-0.156439 -0.637015 2.347260
0.067552 -0.220793 2.697070
0.156720 -0.442142 2.760690
0.207441 -0.518635 2.550760
0.256677 -0.539034 2.488090
-0.026411 -0.525999 2.452740
0.005996 -0.735368 2.221300
-0.116264 -0.924661 2.227270
-0.009028 -0.914596 2.202750
0.071356 -0.554360 2.555760
0.363363 -0.508341 2.301820
0.448470 -0.781023 2.124020
0.520640 -0.812297 2.071380
0.004851 -0.478769 2.527510
-0.036312 -0.432909 2.570740
-0.081999 -0.130027 2.624360
-0.037967 0.055006 2.611730
-0.164277 -0.235070 2.504260
-0.251667 -0.389060 2.383650
-0.162760 -0.576035 2.346780
-0.156293 -0.635990 2.342720
0.058314 -0.229040 2.701640
0.160519 -0.454168 2.735390
0.223141 -0.525432 2.549360
0.268332 -0.540830 2.492980
-0.031370 -0.533122 2.456970
0.008339 -0.733625 2.219220
-0.106161 -0.927905 2.222140
-0.004881 -0.903897 2.211990
0.069505 -0.559459 2.564370
0.360749 -0.500269 2.303930
0.451482 -0.778572 2.129180
0.514123 -0.816532 2.085680
0.000012 -0.483034 2.532640
-0.042150 -0.439913 2.576370
-0.099901 -0.152238 2.627550
-0.055270 0.037567 2.615880
-0.182828 -0.250149 2.512660
-0.267549 -0.394872 2.383260
-0.164833 -0.575682 2.344120
-0.155649 -0.634971 2.338530
0.043758 -0.264274 2.704380
0.162226 -0.459123 2.724230
0.229356 -0.527949 2.549840
0.276788 -0.542598 2.494760
-0.037876 -0.540444 2.459980
0.011957 -0.731755 2.216660
-0.099929 -0.929095 2.218480
-0.002732 -0.894411 2.219120
0.068563 -0.563280 2.571650
0.363091 -0.511841 2.297890
0.496496 -0.788606 2.132300
0.568848 -0.798738 2.077180
-0.003085 -0.485667 2.535970
-0.045578 -0.444601 2.580200
-0.112727 -0.167705 2.629520
-0.072754 0.022326 2.617340
-0.203143 -0.266837 2.520260
-0.284426 -0.403833 2.380600
-0.164528 -0.574050 2.341930
-0.149561 -0.630567 2.331940
0.037392 -0.280017 2.705950
0.163628 -0.462102 2.715770
0.252915 -0.528577 2.550610
0.309997 -0.542886 2.497510
-0.041860 -0.545040 2.461530
0.075670 -0.710774 2.224350
-0.096212 -0.800388 2.152250
-0.007682 -0.814164 2.202800
0.068938 -0.565671 2.577340
0.364272 -0.510655 2.297450
0.522172 -0.774764 2.196790
0.591437 -0.753488 2.127420
-0.012028 -0.491345 2.537650
-0.056481 -0.455525 2.581970
-0.130493 -0.186749 2.633520
-0.094380 0.005302 2.615930
-0.222574 -0.280573 2.525600
-0.300589 -0.412967 2.377000
-0.158757 -0.564817 2.340990
-0.136452 -0.617387 2.327780
0.033939 -0.314650 2.710580
0.165948 -0.465390 2.711200
0.269419 -0.509350 2.475640
0.366657 -0.536350 2.311070
-0.062216 -0.557635 2.456340
0.115153 -0.693172 2.229460
-0.094756 -0.755645 2.129530
-0.012290 -0.764337 2.191760
0.068281 -0.568263 2.579550
0.366238 -0.509500 2.296930
0.592511 -0.710313 2.178620
0.653567 -0.696707 2.124900
-0.018114 -0.494849 2.538510
-0.062965 -0.462252 2.582990
-0.145735 -0.201191 2.637070
-0.110789 -0.006388 2.614650
-0.239636 -0.293663 2.530010
-0.312353 -0.421536 2.372790
-0.150912 -0.553354 2.341940
-0.125317 -0.605013 2.326390
0.032658 -0.330042 2.713390
0.167972 -0.469031 2.707250
0.277940 -0.501370 2.434080
0.394029 -0.533034 2.228830
-0.071354 -0.563197 2.453950
0.132925 -0.683625 2.232280
-0.092427 -0.728406 2.117640
-0.012815 -0.743537 2.189550
0.067915 -0.570205 2.580780
0.381940 -0.504669 2.307570
0.658056 -0.652000 2.173890
0.710028 -0.662399 2.110420
-0.066136 -0.509972 2.529650
-0.106225 -0.481149 2.577100
-0.165173 -0.216219 2.640570
-0.138392 -0.020902 2.613890
-0.255809 -0.306178 2.532840
-0.319524 -0.428375 2.370310
-0.139019 -0.536583 2.344260
-0.114013 -0.589692 2.325850
0.031009 -0.338801 2.715140
0.169230 -0.473997 2.703120
0.280274 -0.497997 2.415370
0.405492 -0.531377 2.191070
-0.127615 -0.575433 2.432120
0.135119 -0.663355 2.256860
-0.093815 -0.705031 2.124380
-0.014001 -0.729041 2.196600
0.037205 -0.595885 2.567160
0.379984 -0.508098 2.331440
0.703709 -0.587644 2.173820
0.747310 -0.618561 2.106960
-0.087965 -0.519398 2.524050
-0.124975 -0.491628 2.573340
-0.182744 -0.227759 2.641950
-0.163279 -0.032121 2.611760
-0.269141 -0.317789 2.534950
-0.325272 -0.438919 2.369200
-0.129690 -0.521526 2.335950
-0.104382 -0.573581 2.314210
0.015995 -0.343658 2.712040
0.167409 -0.474982 2.700350
0.277808 -0.494607 2.406090
0.411914 -0.530233 2.169540
-0.149636 -0.584868 2.420110
0.136474 -0.658472 2.260670
-0.094639 -0.694724 2.124950
-0.015107 -0.722520 2.198610
0.023190 -0.607883 2.560280
0.378892 -0.511721 2.340420
0.712591 -0.570066 2.179240
0.755159 -0.608758 2.110050
-0.065452 -0.523813 2.522120
-0.117453 -0.500469 2.571280
-0.200455 -0.239823 2.643970
-0.185781 -0.042981 2.613620
-0.281127 -0.328764 2.537170
-0.329045 -0.449942 2.368450
-0.130003 -0.528141 2.324750
-0.111906 -0.583567 2.296520
0.009839 -0.348747 2.710310
0.163465 -0.478593 2.700660
0.267657 -0.495120 2.413580
0.409620 -0.528408 2.168320
-0.108310 -0.591651 2.407650
0.136662 -0.681109 2.225210
-0.089247 -0.712173 2.111030
-0.014148 -0.740048 2.184560
0.067565 -0.594324 2.567810
0.409630 -0.509032 2.334210
0.697758 -0.543513 2.221290
0.759730 -0.554058 2.187400
-0.074788 -0.554970 2.507840
-0.122294 -0.527687 2.561410
-0.212900 -0.249519 2.644760
-0.208300 -0.055314 2.612340
-0.294644 -0.338934 2.542620
-0.330924 -0.460426 2.369720
-0.136926 -0.538914 2.301620
-0.115025 -0.590041 2.274540
-0.053896 -0.360221 2.664490
0.148844 -0.454850 2.677530
0.364295 -0.429823 2.508520
0.444616 -0.451528 2.405990
-0.119562 -0.603396 2.396840
0.138689 -0.681541 2.221570
-0.086233 -0.714924 2.109910
-0.011863 -0.743625 2.184510
0.045990 -0.628233 2.555500
0.398527 -0.508334 2.345920
0.689975 -0.525924 2.265300
0.731986 -0.563873 2.207830
-0.065878 -0.555581 2.509860
-0.118031 -0.534406 2.560820
-0.227076 -0.262192 2.644530
-0.251157 -0.076684 2.610750
-0.304924 -0.349626 2.547850
-0.332343 -0.473939 2.373080
-0.151258 -0.566857 2.288220
-0.111078 -0.597604 2.264150
-0.051643 -0.386665 2.639110
0.179853 -0.418664 2.617080
0.387433 -0.396361 2.496800
0.453727 -0.405794 2.458490
-0.089632 -0.606415 2.440090
0.100742 -0.679803 2.206530
-0.101144 -0.721447 2.106850
-0.035842 -0.749429 2.174380
0.050012 -0.598778 2.532030
0.408853 -0.497279 2.344380
0.710217 -0.503535 2.281530
0.789680 -0.492268 2.245810
-0.080991 -0.528066 2.522750
-0.124538 -0.519582 2.570300
-0.239876 -0.274980 2.645230
-0.274481 -0.090088 2.609530
-0.313269 -0.357877 2.553200
-0.330290 -0.486837 2.378200
-0.155820 -0.577768 2.279440
-0.107341 -0.602503 2.252610
-0.048400 -0.398316 2.627640
0.197359 -0.402959 2.580070
0.377852 -0.370012 2.448510
0.445745 -0.377818 2.478530
-0.113007 -0.578630 2.472330
0.060600 -0.671791 2.231430
-0.132364 -0.726125 2.131920
-0.058445 -0.750368 2.186280
0.045227 -0.570530 2.520190
0.412738 -0.489972 2.346910
0.715120 -0.493775 2.290720
0.778650 -0.502430 2.244620
-0.111799 -0.493892 2.544130
-0.143150 -0.494018 2.588950
-0.252374 -0.290462 2.645840
-0.294734 -0.104696 2.608710
-0.319969 -0.365105 2.556890
-0.327984 -0.500564 2.383650
-0.157630 -0.581868 2.274510
-0.102500 -0.599877 2.243250
0.005409 -0.415993 2.614100
0.248124 -0.404329 2.543830
0.297741 -0.354923 2.369440
0.362239 -0.355130 2.404140
-0.143371 -0.548870 2.498900
0.045232 -0.661430 2.264410
-0.146184 -0.725826 2.156220
-0.064782 -0.749444 2.200800
0.029002 -0.549427 2.520970
0.408709 -0.484991 2.353770
0.716494 -0.488087 2.298330
0.751101 -0.519565 2.243570
-0.082758 -0.570925 2.484480
-0.119101 -0.563483 2.535490
-0.243258 -0.358066 2.614610
-0.307956 -0.148989 2.592550
-0.311431 -0.431034 2.532390
-0.301707 -0.574411 2.362800
-0.148301 -0.496910 2.303300
-0.094814 -0.448782 2.296920
-0.031530 -0.405764 2.651430
0.190017 -0.401217 2.533260
0.245905 -0.356923 2.354950
0.255005 -0.369867 2.341880
-0.100536 -0.642651 2.427710
0.102033 -0.650481 2.240040
-0.097777 -0.719550 2.139980
-0.024186 -0.748028 2.196880
0.014011 -0.579705 2.482270
0.407207 -0.488890 2.353330
0.714590 -0.500983 2.295080
0.732045 -0.567549 2.229230
-0.102302 -0.601900 2.450790
-0.125280 -0.596261 2.506010
-0.237028 -0.399240 2.594710
-0.313872 -0.167501 2.586100
-0.309322 -0.458535 2.522380
-0.292315 -0.606005 2.353980
-0.235757 -0.440024 2.405550
-0.223233 -0.377322 2.439880
-0.043907 -0.420837 2.598310
0.081943 -0.500252 2.447320
0.272179 -0.459004 2.359670
0.317280 -0.419893 2.352370
-0.120721 -0.665964 2.388670
0.133354 -0.643889 2.242890
-0.072244 -0.714747 2.145850
-0.028895 -0.757600 2.120360
-0.017322 -0.631023 2.441040
0.363081 -0.531348 2.291910
0.670347 -0.552892 2.227410
0.671032 -0.624578 2.154060
-0.108297 -0.618855 2.434740
-0.126676 -0.609697 2.494430
-0.240129 -0.411814 2.590200
-0.319327 -0.176637 2.583530
-0.311303 -0.471053 2.518990
-0.290608 -0.620267 2.351290
-0.246481 -0.405861 2.432580
-0.219688 -0.335648 2.461200
-0.060281 -0.436672 2.546070
0.041307 -0.557789 2.376100
0.290199 -0.482631 2.350600
0.355722 -0.451150 2.350770
-0.123968 -0.679545 2.379120
0.140799 -0.642189 2.242950
-0.066044 -0.713720 2.147200
-0.005669 -0.752602 2.160430
-0.038869 -0.645108 2.420120
0.342577 -0.542627 2.275260
0.647212 -0.569478 2.206180
0.637246 -0.641028 2.127950
-0.111802 -0.624620 2.432340
-0.131135 -0.616246 2.490360
-0.245374 -0.413453 2.590750
-0.323147 -0.182884 2.582020
-0.313180 -0.479215 2.516880
-0.291267 -0.629039 2.349900
-0.252842 -0.397285 2.433420
-0.225532 -0.332255 2.449040
-0.143719 -0.445889 2.550390
-0.068836 -0.589179 2.399230
0.157042 -0.540330 2.367580
0.254917 -0.515153 2.354650
-0.115738 -0.681338 2.315690
0.171573 -0.643867 2.252670
-0.037519 -0.713825 2.158270
0.042683 -0.755641 2.197770
-0.017825 -0.695115 2.499540
0.322604 -0.551862 2.270540
0.626983 -0.581332 2.199380
0.657221 -0.597561 2.146880
-0.065685 -0.622409 2.416160
-0.095166 -0.617563 2.472660
-0.241537 -0.422874 2.584320
-0.323149 -0.189501 2.581710
-0.311485 -0.488056 2.511820
-0.289358 -0.637592 2.346030
-0.285471 -0.444056 2.481480
-0.280474 -0.395242 2.531320
-0.185824 -0.450658 2.552330
-0.097129 -0.599455 2.416140
0.120977 -0.567735 2.375450
0.191113 -0.546612 2.366430
-0.062834 -0.675721 2.278740
0.243552 -0.610704 2.262030
0.033721 -0.677521 2.168650
0.075509 -0.739017 2.155170
0.042835 -0.677126 2.465130
0.372903 -0.556691 2.255760
0.677690 -0.587934 2.182100
0.699792 -0.626632 2.134410
-0.035960 -0.628944 2.387210
-0.075132 -0.623104 2.450820
-0.238514 -0.426053 2.580730
-0.322217 -0.193421 2.581680
-0.310245 -0.493623 2.508280
-0.288163 -0.643091 2.343180
-0.298855 -0.444210 2.499310
-0.296821 -0.408666 2.550850
-0.203098 -0.452704 2.553100
-0.152120 -0.630008 2.397310
0.103022 -0.569050 2.383990
0.172982 -0.558841 2.368590
-0.036847 -0.674564 2.315580
0.251637 -0.589729 2.230700
0.041584 -0.654274 2.136800
0.040314 -0.724916 2.071700
0.022907 -0.646946 2.399840
0.382341 -0.559806 2.246670
0.687147 -0.591803 2.172090
0.707962 -0.638066 2.126770
-0.042789 -0.615202 2.407930
-0.081105 -0.612578 2.462500
-0.238371 -0.421086 2.580960
-0.320807 -0.192620 2.582180
-0.310342 -0.496017 2.506380
-0.289442 -0.644004 2.341320
-0.307314 -0.451248 2.508460
-0.313905 -0.415152 2.568160
-0.207109 -0.452262 2.557210
-0.137140 -0.618422 2.415620
0.098172 -0.561114 2.398920
0.160078 -0.561749 2.376530
-0.034886 -0.669122 2.279550
0.201368 -0.559843 2.382460
0.013404 -0.622689 2.253130
0.041787 -0.700154 2.257810
0.048734 -0.670990 2.452440
0.385300 -0.559958 2.244470
0.690049 -0.592065 2.169620
0.747705 -0.560741 2.227500
-0.045002 -0.605626 2.427550
-0.086156 -0.602226 2.479090
-0.240078 -0.409948 2.585410
-0.319468 -0.190019 2.583390
-0.311320 -0.494302 2.506090
-0.292773 -0.639972 2.341280
-0.309119 -0.462224 2.510430
-0.309693 -0.428366 2.564770
-0.207525 -0.451422 2.560810
-0.123420 -0.609498 2.428100
0.097018 -0.555800 2.405760
0.156442 -0.557399 2.383860
-0.033420 -0.666459 2.271700
0.234520 -0.562984 2.348870
0.025374 -0.625772 2.254790
0.050149 -0.715125 2.178460
0.065219 -0.670661 2.497680
0.392882 -0.537422 2.283920
0.697707 -0.567625 2.210590
0.786714 -0.534337 2.268930
-0.051539 -0.594365 2.445050
-0.091639 -0.592488 2.492900
-0.241196 -0.402284 2.588660
-0.318092 -0.186997 2.584620
-0.312324 -0.491155 2.506440
-0.295930 -0.635054 2.341750
-0.308085 -0.468401 2.511140
-0.299948 -0.438101 2.560820
-0.199805 -0.449416 2.564950
-0.105555 -0.599500 2.436940
0.102830 -0.547345 2.410350
0.159504 -0.549001 2.390220
-0.035795 -0.662558 2.267800
0.241909 -0.577783 2.345490
0.033226 -0.640671 2.251080
0.051083 -0.728295 2.169270
0.071585 -0.670061 2.526730
0.395314 -0.533584 2.293230
0.700108 -0.563429 2.220060
0.801930 -0.519180 2.293840
-0.054416 -0.589295 2.453320
-0.094173 -0.587664 2.500190
-0.241426 -0.397761 2.590760
-0.316761 -0.184409 2.585750
-0.312844 -0.488024 2.507040
-0.298067 -0.630907 2.342330
-0.300292 -0.475059 2.504580
-0.290215 -0.441322 2.552660
-0.192129 -0.447729 2.567790
-0.042637 -0.570074 2.453780
0.150254 -0.532390 2.396290
0.204556 -0.531458 2.375790
-0.037632 -0.660322 2.266300
0.247776 -0.591837 2.338660
0.039446 -0.654916 2.243960
0.052681 -0.737439 2.162120
0.074927 -0.670071 2.538190
0.396899 -0.531436 2.298990
0.701667 -0.561065 2.225890
0.810362 -0.510982 2.306740
-0.054774 -0.587587 2.456970
-0.094665 -0.585796 2.503330
-0.241322 -0.394964 2.592120
-0.315479 -0.182373 2.586660
-0.313014 -0.485223 2.507680
-0.299451 -0.627606 2.342870
-0.297319 -0.478187 2.502100
-0.283821 -0.441912 2.546380
-0.185617 -0.446564 2.569520
0.021094 -0.555336 2.427440
0.266455 -0.540944 2.383180
0.313349 -0.543346 2.371830
-0.039633 -0.659328 2.267170
0.250712 -0.596659 2.336210
0.042555 -0.659781 2.241390
0.053329 -0.739408 2.160540
0.075973 -0.671710 2.539880
0.398311 -0.529924 2.302190
0.703069 -0.559459 2.229100
0.813712 -0.508320 2.312300
-0.062277 -0.579449 2.467140
-0.097858 -0.581201 2.509990
-0.241183 -0.393097 2.593060
-0.314401 -0.180775 2.587370
-0.313053 -0.482757 2.508320
-0.300429 -0.624910 2.343370
-0.294593 -0.480119 2.499490
-0.279670 -0.441339 2.541780
-0.180580 -0.445818 2.570660
-0.013375 -0.553565 2.427200
0.259657 -0.544537 2.387620
0.331537 -0.546166 2.373090
-0.043432 -0.656703 2.270720
0.252407 -0.603032 2.331650
0.044381 -0.666254 2.236750
0.053818 -0.741586 2.158840
0.075546 -0.671445 2.543150
0.398781 -0.529294 2.304750
0.703549 -0.558679 2.231670
0.809321 -0.511809 2.311440
-0.059095 -0.589274 2.460340
-0.098211 -0.580904 2.511760
-0.241117 -0.391230 2.594530
-0.313473 -0.179391 2.588040
-0.313229 -0.479778 2.509690
-0.301418 -0.621882 2.344540
-0.292991 -0.480885 2.497940
-0.277849 -0.439415 2.539300
-0.176723 -0.445510 2.571320
-0.084713 -0.551119 2.396650
0.157200 -0.552498 2.371730
0.217103 -0.559290 2.365170
-0.050185 -0.655140 2.288010
0.251926 -0.608350 2.313000
0.044015 -0.671709 2.218130
0.052697 -0.741695 2.141630
0.058711 -0.668156 2.509920
0.399312 -0.527963 2.306720
0.704052 -0.557182 2.233660
0.806542 -0.512846 2.310210
-0.075113 -0.573279 2.479500
-0.109355 -0.568726 2.528000
-0.241081 -0.389638 2.596030
-0.312552 -0.178099 2.588840
-0.313413 -0.476905 2.511230
-0.302239 -0.619061 2.345880
-0.291757 -0.480934 2.496680
-0.277139 -0.436572 2.537770
-0.173683 -0.445364 2.571800
-0.087804 -0.560928 2.407710
0.202740 -0.555055 2.378030
0.260323 -0.561305 2.369430
-0.055057 -0.651777 2.294390
0.250961 -0.614429 2.304800
0.043106 -0.677882 2.209930
0.052038 -0.744079 2.136350
0.048579 -0.662197 2.537210
0.393400 -0.527375 2.314320
0.698064 -0.556360 2.241310
0.785773 -0.522909 2.306470
-0.057839 -0.595615 2.454000
-0.093558 -0.589325 2.506590
-0.240802 -0.388739 2.596910
-0.311490 -0.177155 2.589540
-0.313258 -0.474984 2.512220
-0.302550 -0.617216 2.346700
-0.290493 -0.480697 2.495290
-0.276580 -0.434516 2.536470
-0.171238 -0.445382 2.572130
-0.091057 -0.564141 2.410370
0.203004 -0.558879 2.382380
0.260260 -0.564577 2.372420
-0.056503 -0.651164 2.297020
0.251071 -0.616063 2.301400
0.043261 -0.679567 2.206540
0.051976 -0.743366 2.135530
0.054259 -0.672573 2.501360
0.395243 -0.528226 2.310400
0.699853 -0.557029 2.237430
0.784373 -0.525805 2.292310
-0.066211 -0.584549 2.463520
-0.098661 -0.583110 2.512600
-0.240472 -0.388184 2.597540
-0.310514 -0.176470 2.590060
-0.313052 -0.473586 2.512940
-0.302693 -0.615885 2.347300
-0.289378 -0.480298 2.493960
-0.276270 -0.432925 2.535470
-0.169445 -0.445435 2.572350
-0.084444 -0.569867 2.418910
0.204016 -0.561095 2.386010
0.260893 -0.566744 2.375250
-0.057617 -0.650499 2.298760
0.251131 -0.617544 2.299210
0.043346 -0.681076 2.204360
0.051993 -0.743158 2.136610
0.055024 -0.670497 2.513620
0.393374 -0.529908 2.310460
0.697971 -0.558584 2.237510
0.777135 -0.533549 2.284880
-0.070221 -0.579902 2.467580
-0.101900 -0.579589 2.516040
-0.240083 -0.387884 2.598030
-0.309637 -0.175980 2.590450
-0.312829 -0.472532 2.513500
-0.302731 -0.614885 2.347770
-0.287245 -0.478944 2.491790
-0.275707 -0.431615 2.534680
-0.168100 -0.445520 2.572480
-0.078894 -0.573256 2.424220
0.205019 -0.562446 2.388800
0.262078 -0.567942 2.378870
-0.058495 -0.649955 2.299730
0.250854 -0.618605 2.297950
0.043077 -0.682162 2.203110
0.051632 -0.743086 2.139030
0.054809 -0.669989 2.519200
0.391495 -0.531744 2.310120
0.696075 -0.560328 2.237180
0.772957 -0.538147 2.280460
-0.070235 -0.581264 2.466520
-0.102429 -0.579563 2.516330
-0.239684 -0.387766 2.598400
-0.308898 -0.175631 2.590750
-0.312616 -0.471725 2.513940
-0.302709 -0.614120 2.348160
-0.285993 -0.478268 2.490590
-0.275171 -0.430537 2.534090
-0.167083 -0.445620 2.572550
-0.075411 -0.577362 2.428970
0.205265 -0.563880 2.391460
0.262669 -0.569101 2.382320
-0.059135 -0.649736 2.300070
0.250348 -0.619172 2.297340
0.042568 -0.682749 2.202520
0.051141 -0.742787 2.141390
0.054626 -0.670180 2.519620
0.390485 -0.533268 2.309000
0.695047 -0.561791 2.236060
0.771045 -0.540841 2.277270
-0.071202 -0.580413 2.467370
-0.103072 -0.579131 2.516900
-0.239284 -0.387790 2.598680
-0.308254 -0.175383 2.591000
-0.312418 -0.471112 2.514290
-0.302647 -0.613539 2.348470
-0.284883 -0.477629 2.489570
-0.274664 -0.429646 2.533620
-0.166319 -0.445725 2.572600
-0.073796 -0.579823 2.431780
0.205386 -0.565144 2.393840
0.263160 -0.570046 2.385530
-0.059595 -0.649457 2.299830
0.249857 -0.620358 2.296950
0.042068 -0.683966 2.202160
0.050923 -0.744562 2.143110
0.054609 -0.670183 2.521210
0.268581 -0.450870 2.425300
0.573113 -0.479374 2.352300
0.573667 -0.513098 2.330090
-0.052154 -0.595834 2.445470
-0.091988 -0.589128 2.502540
-0.238907 -0.387902 2.598870
-0.307724 -0.175214 2.591190
-0.312237 -0.470642 2.514560
-0.302560 -0.613091 2.348720
-0.283924 -0.477038 2.488710
-0.274204 -0.428902 2.533250
-0.165738 -0.445836 2.572610
-0.071760 -0.581797 2.434100
0.205592 -0.565886 2.395440
0.263656 -0.570606 2.387800
-0.058989 -0.649765 2.298610
0.249575 -0.620707 2.297510
0.041778 -0.684331 2.202740
0.051121 -0.746078 2.148210
0.064158 -0.670586 2.498800
0.203712 -0.403152 2.502890
0.508182 -0.431613 2.429900
0.516985 -0.502742 2.366530
-0.044888 -0.603690 2.435830
-0.086714 -0.595295 2.494720
-0.238531 -0.388119 2.598980
-0.307262 -0.175108 2.591340
-0.312074 -0.470297 2.514770
-0.302458 -0.612761 2.348910
-0.283085 -0.476525 2.487970
-0.273776 -0.428314 2.532940
-0.165297 -0.445949 2.572600
-0.070071 -0.582605 2.435210
0.205855 -0.566213 2.396410
0.264177 -0.570797 2.389410
-0.058125 -0.651166 2.296950
0.248819 -0.619289 2.299450
0.041007 -0.682923 2.204710
0.050730 -0.744648 2.153240
0.066572 -0.673105 2.487210
0.172766 -0.383551 2.534460
0.477223 -0.412011 2.461460
0.479659 -0.497693 2.385000
-0.041154 -0.607858 2.430990
-0.083683 -0.598984 2.490340
-0.238150 -0.388423 2.599020
-0.306834 -0.175060 2.591450
-0.311917 -0.470044 2.514930
-0.302335 -0.612521 2.349070
-0.282340 -0.476092 2.487340
-0.273356 -0.427853 2.532670
-0.164961 -0.446066 2.572580
-0.069402 -0.583471 2.436050
0.205694 -0.566576 2.397190
0.264255 -0.571088 2.390540
-0.056843 -0.653051 2.295510
0.248187 -0.616819 2.301450
0.040360 -0.680461 2.206730
0.050612 -0.742101 2.156790
0.067860 -0.674605 2.480970
0.155416 -0.372197 2.552290
0.459863 -0.400652 2.479290
0.479651 -0.497504 2.385800
-0.059767 -0.587738 2.456550
-0.097790 -0.583424 2.509730
-0.237781 -0.388769 2.599030
-0.306447 -0.175055 2.591550
-0.311763 -0.469860 2.515050
-0.302195 -0.612348 2.349200
-0.281678 -0.475725 2.486800
-0.272939 -0.427488 2.532450
-0.164710 -0.446163 2.572580
-0.069007 -0.584169 2.436670
0.205114 -0.566930 2.397920
0.264117 -0.571354 2.391530
-0.056378 -0.653554 2.294710
0.247767 -0.616028 2.302740
0.039931 -0.679676 2.208050
0.050663 -0.741430 2.158300
0.062311 -0.670120 2.514070
0.166567 -0.384643 2.509220
0.471010 -0.413148 2.436210
0.494275 -0.501392 2.337130
-0.070805 -0.576547 2.471000
-0.104387 -0.576478 2.518480
-0.237439 -0.389119 2.599010
-0.306113 -0.175075 2.591630
-0.311612 -0.469728 2.515160
-0.302045 -0.612224 2.349310
-0.281093 -0.475412 2.486360
-0.272530 -0.427199 2.532260
-0.164516 -0.446265 2.572570
-0.068775 -0.584761 2.437090
0.204666 -0.567163 2.398440
0.263962 -0.571514 2.392440
-0.056239 -0.653722 2.294060
0.247284 -0.615707 2.303760
0.039439 -0.679361 2.209080
0.050623 -0.741121 2.159330
0.058288 -0.669041 2.529670
0.172910 -0.392861 2.487690
0.477336 -0.421383 2.414690
0.487926 -0.502526 2.329350
-0.062365 -0.594084 2.458270
-0.098626 -0.588373 2.509940
-0.237117 -0.389478 2.598970
-0.305827 -0.175112 2.591710
-0.311460 -0.469638 2.515240
-0.301882 -0.612142 2.349410
-0.280572 -0.475152 2.485980
-0.272124 -0.426977 2.532100
-0.164372 -0.446381 2.572550
-0.067948 -0.584500 2.436920
0.204777 -0.567004 2.398720
0.264166 -0.571409 2.393090
-0.055951 -0.654181 2.293500
0.246861 -0.614762 2.304810
0.039011 -0.678418 2.210140
0.050602 -0.740299 2.160070
0.056300 -0.677702 2.516140
0.173896 -0.396457 2.485240
0.478317 -0.424991 2.412240
0.496090 -0.505687 2.334100
-0.066083 -0.590583 2.463190
-0.100230 -0.587331 2.512110
-0.236801 -0.389850 2.598930
-0.305571 -0.175164 2.591780
-0.311300 -0.469588 2.515310
-0.301703 -0.612099 2.349500
-0.280097 -0.474942 2.485660
-0.271709 -0.426819 2.531960
-0.164265 -0.446500 2.572530
-0.067104 -0.583963 2.436610
0.205376 -0.566381 2.398740
0.264591 -0.571115 2.393600
-0.055809 -0.654358 2.293180
0.246598 -0.614354 2.305420
0.038744 -0.678011 2.210760
0.050649 -0.739857 2.160310
0.055019 -0.678623 2.518130
0.179841 -0.401635 2.476480
0.484251 -0.430176 2.403490
0.506531 -0.506852 2.328180
-0.068824 -0.587725 2.466700
-0.101690 -0.586116 2.514010
-0.236527 -0.390193 2.598870
-0.305351 -0.175220 2.591850
-0.311147 -0.469563 2.515360
-0.301528 -0.612078 2.349580
-0.279516 -0.474712 2.485310
-0.271357 -0.426710 2.531850
-0.164186 -0.446650 2.572480
-0.065731 -0.582658 2.435680
0.206050 -0.565790 2.398620
0.265118 -0.570661 2.394070
-0.055806 -0.654383 2.292890
0.246298 -0.614115 2.305970
0.038441 -0.677773 2.211320
0.050583 -0.739650 2.160420
0.054053 -0.679086 2.519830
0.184804 -0.405583 2.470190
0.489204 -0.434127 2.397210
0.512750 -0.507445 2.324890
-0.060285 -0.597418 2.456260
-0.098869 -0.589559 2.510740
-0.236259 -0.390531 2.598820
-0.305140 -0.175299 2.591920
-0.310984 -0.469564 2.515410
-0.301340 -0.612081 2.349650
-0.279146 -0.474576 2.485080
-0.271029 -0.426650 2.531760
-0.164119 -0.446829 2.572400
-0.065436 -0.581153 2.433750
0.206101 -0.564821 2.397710
0.265275 -0.570080 2.394120
-0.055665 -0.654605 2.292540
0.245980 -0.613315 2.306840
0.038121 -0.676973 2.212200
0.050505 -0.739058 2.160710
0.054917 -0.680259 2.516590
0.186925 -0.407171 2.468390
0.491318 -0.435717 2.395410
0.516364 -0.506582 2.328590
-0.063160 -0.594503 2.458990
-0.098941 -0.589774 2.510740
-0.236028 -0.390834 2.598770
-0.304949 -0.175379 2.591990
-0.310828 -0.469579 2.515450
-0.301159 -0.612096 2.349720
-0.278840 -0.474470 2.484900
-0.270751 -0.426617 2.531690
-0.164065 -0.447012 2.572310
-0.064854 -0.579854 2.432380
0.206578 -0.563883 2.396990
0.265648 -0.569443 2.394060
-0.055625 -0.654638 2.292380
0.245796 -0.613023 2.307240
0.037937 -0.676682 2.212600
0.050501 -0.738698 2.160460
0.054673 -0.680716 2.516430
0.189285 -0.408899 2.466610
0.493670 -0.437446 2.393630
0.518823 -0.506496 2.328790
-0.065857 -0.590519 2.462190
-0.099510 -0.588488 2.511660
-0.235822 -0.391089 2.598730
-0.304768 -0.175452 2.592080
-0.310672 -0.469600 2.515500
-0.300977 -0.612114 2.349790
-0.278579 -0.474381 2.484770
-0.270506 -0.426596 2.531640
-0.164026 -0.447214 2.572200
-0.064120 -0.578775 2.431310
0.207036 -0.563308 2.396600
0.266026 -0.568977 2.394070
-0.055610 -0.653496 2.292280
0.245733 -0.613367 2.307640
0.037875 -0.677024 2.213000
0.050834 -0.739872 2.159800
0.054604 -0.680264 2.517110
0.191622 -0.410049 2.464720
0.495998 -0.438595 2.391750
0.520633 -0.506262 2.328480
-0.067964 -0.586804 2.464850
-0.100253 -0.586569 2.512820
-0.235644 -0.391310 2.598700
-0.304605 -0.175522 2.592170
-0.310524 -0.469627 2.515530
-0.300803 -0.612135 2.349860
-0.278359 -0.474309 2.484650
-0.270296 -0.426587 2.531610
-0.163992 -0.447428 2.572080
-0.063710 -0.578252 2.430790
0.207435 -0.562908 2.396350
0.266386 -0.568582 2.394120
-0.055657 -0.651839 2.292100
0.245722 -0.614377 2.308090
0.037867 -0.678032 2.213460
0.051222 -0.742276 2.159130
0.054920 -0.678669 2.518600
0.194065 -0.410751 2.462750
0.498431 -0.439297 2.389780
0.522218 -0.505799 2.327880
-0.069437 -0.583874 2.467110
-0.101021 -0.584417 2.514370
-0.235543 -0.391432 2.598730
-0.304459 -0.175581 2.592270
-0.310412 -0.469622 2.515610
-0.300662 -0.612118 2.349980
-0.277984 -0.474167 2.484660
-0.269937 -0.426561 2.531730
-0.163964 -0.447640 2.571960
-0.063075 -0.577570 2.430220
0.207935 -0.562502 2.396130
0.266822 -0.568147 2.394110
-0.055729 -0.650346 2.292060
0.245768 -0.615696 2.308240
0.037917 -0.679348 2.213610
0.051616 -0.745014 2.157880
0.055593 -0.675521 2.522640
0.196381 -0.409880 2.465010
0.500738 -0.438425 2.392050
0.522961 -0.501205 2.335860
-0.070398 -0.582087 2.468500
-0.101655 -0.582829 2.515530
-0.235457 -0.391539 2.598760
-0.304327 -0.175639 2.592370
-0.310305 -0.469624 2.515690
-0.300528 -0.612107 2.350100
-0.277767 -0.474047 2.484640
-0.269774 -0.426525 2.531770
-0.163939 -0.447824 2.571860
-0.062299 -0.576798 2.429760
0.208587 -0.562049 2.395940
0.267370 -0.567640 2.394090
-0.055825 -0.648992 2.292460
0.245829 -0.616671 2.308180
0.037983 -0.680320 2.213550
0.051943 -0.746792 2.156570
0.055216 -0.674620 2.523580
0.198036 -0.410249 2.465770
0.502385 -0.438793 2.392810
0.523639 -0.500608 2.337970
-0.070881 -0.581247 2.469120
-0.101969 -0.582094 2.516000
-0.235369 -0.391650 2.598790
-0.304208 -0.175698 2.592460
-0.310195 -0.469642 2.515750
-0.300391 -0.612112 2.350210
-0.277642 -0.473980 2.484610
-0.269678 -0.426503 2.531790
-0.163920 -0.447993 2.571770
-0.061518 -0.576097 2.429450
0.209278 -0.561611 2.395780
0.267925 -0.567211 2.393920
-0.055919 -0.647837 2.293090
0.245941 -0.617725 2.307720
0.038099 -0.681371 2.213100
0.052263 -0.748544 2.154740
0.053362 -0.673877 2.521580
0.201952 -0.412370 2.468130
0.504718 -0.439928 2.393980
0.524982 -0.501498 2.340030
-0.063986 -0.587556 2.464290
-0.100500 -0.583108 2.515210
-0.235326 -0.391718 2.598850
-0.304122 -0.175735 2.592560
-0.310116 -0.469638 2.515840
-0.300289 -0.612089 2.350350
-0.277499 -0.473848 2.484630
-0.269575 -0.426446 2.531840
-0.163905 -0.448147 2.571680
-0.058684 -0.575015 2.430780
0.213860 -0.560444 2.396940
0.270645 -0.566198 2.394460
-0.055431 -0.648009 2.293420
0.246176 -0.617522 2.307560
0.038341 -0.681164 2.212940
0.052921 -0.747052 2.153560
0.053426 -0.673413 2.520230
0.204006 -0.411861 2.477290
0.506854 -0.439435 2.403440
0.524788 -0.500362 2.355100
-0.060439 -0.592134 2.456890
-0.098907 -0.585199 2.511470
-0.235295 -0.391772 2.598920
-0.304049 -0.175768 2.592660
-0.310047 -0.469633 2.515930
-0.300198 -0.612064 2.350490
-0.277348 -0.473751 2.484640
-0.269360 -0.426369 2.531900
-0.163875 -0.448302 2.571590
-0.056097 -0.574020 2.431800
0.216046 -0.559791 2.397370
0.272316 -0.565482 2.394750
-0.043484 -0.675503 2.379250
0.160566 -0.596510 2.205180
-0.030910 -0.664298 2.130010
-0.033806 -0.726144 2.053260
0.008757 -0.620214 2.397730
0.195114 -0.461841 2.531760
0.498801 -0.489192 2.457730
0.512310 -0.552774 2.406730
-0.058453 -0.594874 2.452160
-0.097757 -0.586817 2.508460
-0.235700 -0.391328 2.599640
-0.304021 -0.175734 2.592910
-0.310150 -0.469345 2.516380
-0.300298 -0.611703 2.351050
-0.276787 -0.473019 2.485180
-0.268552 -0.425754 2.532540
-0.163785 -0.448508 2.571470
-0.054613 -0.573433 2.432120
0.217354 -0.559373 2.397520
0.273506 -0.564931 2.394910
-0.037614 -0.688906 2.422410
0.152523 -0.518107 2.253670
-0.059508 -0.593194 2.144490
-0.042700 -0.647498 2.102320
-0.005405 -0.602099 2.359180
0.177483 -0.495137 2.578060
0.484943 -0.517940 2.497080
0.496422 -0.582589 2.443500
-0.057175 -0.596678 2.447980
-0.096616 -0.588525 2.504530
-0.235567 -0.391507 2.599630
-0.303970 -0.175759 2.593090
-0.310012 -0.469392 2.516430
-0.300157 -0.611714 2.351160
-0.276582 -0.472951 2.485160
-0.268363 -0.425743 2.532560
-0.163691 -0.448706 2.571340
-0.053762 -0.573049 2.432260
0.218254 -0.559035 2.397590
0.274405 -0.564500 2.394970
-0.034516 -0.694504 2.440550
0.134479 -0.534841 2.210400
-0.073268 -0.598456 2.115820
-0.058424 -0.681701 2.047810
-0.013952 -0.591523 2.335330
0.174229 -0.507850 2.592350
0.481960 -0.529759 2.510770
0.491920 -0.598936 2.459050
-0.056296 -0.597782 2.445020
-0.095665 -0.589776 2.501450
-0.235386 -0.391727 2.599580
-0.303919 -0.175796 2.593250
-0.309849 -0.469467 2.516460
-0.299994 -0.611750 2.351240
-0.276371 -0.472970 2.485120
-0.268180 -0.425839 2.532570
-0.163593 -0.448893 2.571220
-0.053235 -0.572975 2.432440
0.218758 -0.558876 2.397690
0.274883 -0.564261 2.395030
-0.032375 -0.697752 2.451550
0.139646 -0.497429 2.240370
-0.073914 -0.569411 2.132700
-0.053875 -0.631983 2.090170
-0.015601 -0.588942 2.329670
0.172612 -0.515432 2.600620
0.480097 -0.537024 2.519540
0.489545 -0.607281 2.467620
-0.075974 -0.570768 2.472440
-0.110349 -0.569082 2.522490
-0.235187 -0.391964 2.599490
-0.303851 -0.175848 2.593430
-0.309676 -0.469558 2.516460
-0.299824 -0.611803 2.351290
-0.276184 -0.473026 2.485050
-0.268033 -0.425971 2.532550
-0.163457 -0.449099 2.571090
-0.052887 -0.573006 2.432570
0.219010 -0.558831 2.397780
0.275228 -0.564091 2.395090
-0.015076 -0.707686 2.494920
0.099630 -0.566713 2.220000
-0.107645 -0.617040 2.121860
-0.048618 -0.681690 2.148770
-0.016294 -0.584388 2.323360
0.171953 -0.520072 2.604550
0.478983 -0.542257 2.524990
0.489912 -0.610815 2.467820
-0.071675 -0.573915 2.463540
-0.105569 -0.573300 2.513780
-0.234969 -0.392215 2.599380
-0.303770 -0.175918 2.593590
-0.309490 -0.469665 2.516450
-0.299643 -0.611870 2.351330
-0.276057 -0.473059 2.485020
-0.267913 -0.426133 2.532510
-0.163243 -0.449360 2.570910
-0.053506 -0.574042 2.432380
0.218300 -0.559143 2.397750
0.275325 -0.564015 2.395100
-0.014547 -0.698037 2.465380
0.106371 -0.567835 2.199850
-0.103593 -0.633626 2.102980
-0.057025 -0.704923 2.068760
-0.014204 -0.584018 2.325010
0.172855 -0.521187 2.603350
0.478986 -0.544967 2.526410
0.490779 -0.612767 2.466680
-0.067482 -0.577800 2.455750
-0.101487 -0.577341 2.506770
-0.234760 -0.392454 2.599280
-0.303693 -0.175989 2.593740
-0.309307 -0.469775 2.516440
-0.299466 -0.611942 2.351360
-0.275928 -0.473165 2.484960
-0.267834 -0.426333 2.532480
-0.163017 -0.449626 2.570720
-0.054357 -0.575277 2.432140
0.217319 -0.559578 2.397680
0.275217 -0.564098 2.395010
-0.013839 -0.694411 2.454850
0.134087 -0.514402 2.240870
-0.081684 -0.588996 2.136610
-0.052542 -0.655560 2.100940
-0.009463 -0.587286 2.334430
0.174508 -0.519797 2.599220
0.479757 -0.545380 2.524780
0.492479 -0.611850 2.462770
-0.064279 -0.581014 2.450220
-0.098503 -0.580442 2.501900
-0.234557 -0.392682 2.599170
-0.303603 -0.176071 2.593900
-0.309126 -0.469890 2.516420
-0.299290 -0.612017 2.351380
-0.275840 -0.473235 2.484930
-0.267777 -0.426556 2.532460
-0.162792 -0.449876 2.570530
-0.054633 -0.575810 2.431960
0.216917 -0.559736 2.397630
0.275218 -0.564133 2.394910
-0.014921 -0.690940 2.443720
0.143197 -0.494025 2.255520
-0.070759 -0.567196 2.153270
-0.048948 -0.629071 2.110700
-0.005656 -0.590374 2.342510
0.176444 -0.517173 2.594170
0.481017 -0.544233 2.521480
0.493408 -0.611461 2.460940
-0.061957 -0.583531 2.446320
-0.096390 -0.582767 2.498480
-0.234365 -0.392897 2.599070
-0.303515 -0.176156 2.594050
-0.308949 -0.470005 2.516390
-0.299120 -0.612092 2.351400
-0.275767 -0.473310 2.484900
-0.267739 -0.426786 2.532430
-0.162595 -0.450078 2.570390
-0.054914 -0.576254 2.431790
0.216483 -0.559882 2.397580
0.275157 -0.564205 2.394800
-0.016219 -0.688613 2.436320
0.149142 -0.480858 2.265340
-0.065153 -0.554941 2.162420
-0.047836 -0.616965 2.115100
-0.003066 -0.592826 2.348570
0.180793 -0.508658 2.582320
0.482853 -0.541286 2.516540
0.496133 -0.606612 2.454720
-0.060512 -0.585398 2.443610
-0.095050 -0.584438 2.496130
-0.234196 -0.393089 2.598980
-0.303433 -0.176239 2.594200
-0.308784 -0.470116 2.516370
-0.298962 -0.612164 2.351410
-0.275712 -0.473392 2.484870
-0.267733 -0.427035 2.532430
-0.162415 -0.450255 2.570260
-0.055041 -0.576489 2.431670
0.216254 -0.559938 2.397560
0.275130 -0.564258 2.394670
-0.018082 -0.687132 2.431020
0.151981 -0.474360 2.270210
-0.061921 -0.547928 2.167890
-0.047329 -0.610708 2.117430
-0.001466 -0.594595 2.352700
0.184418 -0.502635 2.573640
0.485169 -0.537765 2.510840
0.499102 -0.601918 2.448580
-0.059533 -0.586762 2.441760
-0.094145 -0.585638 2.494510
-0.234046 -0.393259 2.598890
-0.303367 -0.176321 2.594330
-0.308630 -0.470220 2.516340
-0.298815 -0.612231 2.351430
-0.275643 -0.473537 2.484840
-0.267723 -0.427278 2.532420
-0.162243 -0.450422 2.570130
-0.055396 -0.576847 2.431420
0.215728 -0.559947 2.397570
0.547775 -0.547455 2.371500
-0.019462 -0.686226 2.427610
0.154416 -0.470843 2.273540
-0.059447 -0.543637 2.171520
-0.046545 -0.606963 2.119120
-0.000430 -0.595899 2.355550
0.186404 -0.498783 2.568490
0.486928 -0.534528 2.506110
0.500946 -0.598362 2.444400
-0.058894 -0.587786 2.440420
-0.093550 -0.586516 2.493350
-0.233923 -0.393398 2.598820
-0.303309 -0.176400 2.594460
-0.308495 -0.470312 2.516320
-0.298686 -0.612288 2.351440
-0.275598 -0.473625 2.484820
-0.267716 -0.427501 2.532420
-0.162099 -0.450548 2.570050
-0.055591 -0.577011 2.431250
0.215387 -0.559920 2.397560
0.598345 -0.544357 2.367720
-0.020939 -0.685618 2.425070
0.144599 -0.552204 2.205600
-0.062534 -0.602000 2.122380
-0.053928 -0.683079 2.056630
0.000239 -0.596838 2.357540
0.187682 -0.496338 2.565220
0.488333 -0.531874 2.502320
0.502221 -0.595898 2.441540
-0.058488 -0.588515 2.439490
-0.093163 -0.587133 2.492550
-0.233830 -0.393499 2.598780
-0.303259 -0.176476 2.594580
-0.308382 -0.470385 2.516310
-0.298575 -0.612330 2.351460
-0.275559 -0.473699 2.484820
-0.267707 -0.427689 2.532440
-0.161972 -0.450657 2.569970
-0.055844 -0.577166 2.431040
0.214969 -0.559902 2.397540
0.627849 -0.542695 2.365440
-0.022174 -0.685260 2.423340
0.149722 -0.519221 2.237660
-0.059880 -0.595009 2.130670
-0.048833 -0.650141 2.088920
0.000680 -0.597508 2.358920
0.188466 -0.494883 2.563220
0.489387 -0.529720 2.499350
0.503065 -0.594111 2.439540
-0.063000 -0.584356 2.448880
-0.095487 -0.585021 2.497270
-0.233744 -0.393591 2.598750
-0.303212 -0.176546 2.594700
-0.308272 -0.470455 2.516300
-0.298467 -0.612370 2.351490
-0.275509 -0.473783 2.484820
-0.267666 -0.427897 2.532480
-0.161860 -0.450751 2.569910
-0.063025 -0.583122 2.431830
0.207601 -0.562844 2.398480
0.628245 -0.542700 2.365470
-0.016976 -0.696516 2.449820
0.124236 -0.519790 2.243970
-0.072491 -0.593028 2.136560
-0.071060 -0.649708 2.092000
0.001010 -0.597944 2.359830
0.189349 -0.493687 2.561350
0.490645 -0.527900 2.496460
0.504703 -0.591642 2.436230
-0.063185 -0.584659 2.449480
-0.095716 -0.584968 2.497790
-0.233668 -0.393666 2.598720
-0.303170 -0.176608 2.594810
-0.308170 -0.470518 2.516300
-0.298365 -0.612404 2.351510
-0.275460 -0.473863 2.484820
-0.267620 -0.428091 2.532520
-0.161752 -0.450838 2.569850
-0.065078 -0.584514 2.431520
0.205237 -0.563695 2.398560
0.338690 -0.565265 2.385660
-0.019625 -0.695208 2.445430
0.131680 -0.500943 2.257610
-0.069976 -0.578603 2.148650
-0.062931 -0.629994 2.107410
0.001241 -0.598324 2.360530
0.190099 -0.492788 2.559970
0.491789 -0.526380 2.494100
0.505484 -0.590547 2.434770
-0.063065 -0.585283 2.449500
-0.095854 -0.584953 2.498120
-0.233598 -0.393731 2.598690
-0.303133 -0.176665 2.594910
-0.308072 -0.470575 2.516290
-0.298267 -0.612433 2.351540
-0.275404 -0.473944 2.484820
-0.267555 -0.428275 2.532560
-0.161655 -0.450915 2.569790
-0.066318 -0.585219 2.431170
0.203884 -0.564121 2.398560
0.297045 -0.567755 2.387810
-0.021834 -0.693593 2.440620
0.136401 -0.492171 2.264070
-0.067501 -0.568763 2.156990
-0.058271 -0.621414 2.114470
0.001405 -0.598624 2.361050
0.190634 -0.492146 2.558990
0.492682 -0.525197 2.492300
0.506192 -0.589639 2.433570
-0.062754 -0.586073 2.449120
-0.095938 -0.584996 2.498340
-0.233532 -0.393790 2.598670
-0.303098 -0.176722 2.595010
-0.307979 -0.470629 2.516290
-0.298174 -0.612459 2.351560
-0.275417 -0.474023 2.484830
-0.267652 -0.428420 2.532590
-0.161574 -0.450977 2.569740
-0.066825 -0.585304 2.430770
0.203114 -0.564337 2.398560
0.222221 -0.572059 2.392540
-0.023494 -0.692101 2.436450
0.139690 -0.487151 2.267800
-0.065452 -0.561965 2.162780
-0.055190 -0.616648 2.118530
0.001515 -0.598864 2.361420
0.190990 -0.491687 2.558310
0.493382 -0.524277 2.490910
0.506706 -0.588986 2.432710
-0.062258 -0.586976 2.448390
-0.095936 -0.585134 2.498410
-0.233464 -0.393841 2.598650
-0.303064 -0.176773 2.595100
-0.307884 -0.470679 2.516280
-0.298078 -0.612480 2.351590
-0.275449 -0.474071 2.484820
-0.267908 -0.428530 2.532590
-0.161501 -0.451032 2.569700
-0.066964 -0.585180 2.430480
0.202923 -0.564304 2.398430
0.189551 -0.574247 2.394700
-0.024645 -0.690878 2.433140
0.115158 -0.562535 2.184300
-0.086942 -0.614401 2.103220
-0.080492 -0.693629 2.035520
0.001588 -0.599066 2.361690
0.191401 -0.491342 2.557730
0.494069 -0.523507 2.489700
0.507226 -0.588484 2.431980
-0.040568 -0.615681 2.412940
-0.077414 -0.610033 2.469320
-0.233240 -0.393999 2.598580
-0.303007 -0.176833 2.595190
-0.307679 -0.470800 2.516250
-0.297881 -0.612553 2.351610
-0.275506 -0.474141 2.484790
-0.268309 -0.428685 2.532510
-0.161443 -0.451070 2.569680
-0.064333 -0.583562 2.431190
0.207108 -0.563011 2.398860
0.201994 -0.571118 2.396800
-0.032620 -0.680954 2.386600
0.160004 -0.577634 2.174720
-0.050377 -0.639893 2.081570
-0.032284 -0.712961 2.027150
0.005859 -0.609081 2.369330
0.193335 -0.489207 2.557750
0.495664 -0.521451 2.488730
0.508148 -0.587474 2.431920
-0.045399 -0.609567 2.420400
-0.081182 -0.605863 2.474710
-0.233026 -0.394156 2.598510
-0.302951 -0.176887 2.595280
-0.307480 -0.470921 2.516210
-0.297691 -0.612626 2.351610
-0.275636 -0.474213 2.484740
-0.268999 -0.428820 2.532360
-0.161396 -0.451099 2.569660
-0.064054 -0.583331 2.431240
0.207492 -0.562893 2.398920
0.193591 -0.571989 2.397960
-0.029497 -0.683792 2.400530
0.134278 -0.608134 2.151620
-0.064461 -0.660381 2.065500
-0.059423 -0.742195 2.003760
0.006552 -0.610687 2.370570
0.193787 -0.488772 2.557710
0.496163 -0.520825 2.488230
0.508548 -0.587063 2.431870
-0.035471 -0.622667 2.403710
-0.074564 -0.614910 2.463530
-0.232816 -0.394308 2.598430
-0.302895 -0.176938 2.595360
-0.307281 -0.471042 2.516170
-0.297503 -0.612697 2.351620
-0.275808 -0.474337 2.484670
-0.269480 -0.428967 2.532260
-0.161356 -0.451122 2.569640
-0.063973 -0.583220 2.431240
0.207302 -0.562942 2.398860
0.205283 -0.571663 2.397510
-0.034556 -0.677901 2.376480
0.149228 -0.614390 2.143460
-0.052743 -0.667065 2.057540
-0.031057 -0.744042 1.999730
0.007867 -0.613666 2.373070
0.194296 -0.487972 2.558060
0.496841 -0.519609 2.488130
0.509164 -0.585914 2.433210
-0.059369 -0.596052 2.440300
-0.093614 -0.593659 2.492540
-0.232622 -0.394448 2.598360
-0.302841 -0.176984 2.595440
-0.307092 -0.471158 2.516120
-0.297323 -0.612764 2.351630
-0.275902 -0.474420 2.484640
-0.269859 -0.429116 2.532190
-0.161321 -0.451142 2.569630
-0.064007 -0.583155 2.431200
0.206763 -0.563067 2.398760
0.217763 -0.571360 2.396650
-0.025490 -0.694885 2.427160
0.108351 -0.618945 2.159280
-0.083766 -0.675978 2.064230
-0.044605 -0.720571 2.110860
0.006947 -0.613082 2.370780
0.193974 -0.488139 2.558300
0.496821 -0.519346 2.487910
0.508905 -0.585692 2.433130
-0.043954 -0.614152 2.417270
-0.082588 -0.606581 2.476230
-0.232438 -0.394576 2.598290
-0.302779 -0.177029 2.595550
-0.306908 -0.471267 2.516080
-0.297149 -0.612826 2.351640
-0.275971 -0.474498 2.484610
-0.270118 -0.429251 2.532160
-0.161294 -0.451153 2.569630
-0.064139 -0.583100 2.431130
0.205996 -0.563188 2.398650
0.228094 -0.571087 2.395700
-0.032222 -0.684181 2.394230
0.133739 -0.611826 2.156730
-0.068607 -0.672529 2.062290
-0.022187 -0.726798 2.055710
0.008048 -0.615948 2.373950
0.194157 -0.487188 2.559230
0.497185 -0.517981 2.488420
0.509103 -0.584037 2.435370
