0.294546 -0.422418 2.453710
0.292557 -0.374825 2.491360
0.278646 -0.111809 2.487320
0.282490 0.073402 2.464380
0.138296 -0.203042 2.475310
0.113105 -0.408195 2.402670
0.142483 -0.538984 2.310610
0.141480 -0.575434 2.276300
0.426248 -0.217002 2.470410
0.438478 -0.426642 2.412310
0.381383 -0.524894 2.291690
0.367532 -0.565819 2.280850
0.221537 -0.491125 2.441070
0.259127 -0.643016 2.173100
0.196669 -0.913472 2.190920
0.196034 -0.941908 2.122370
0.373334 -0.483486 2.447920
0.319499 -0.739099 2.180770
0.326737 -0.987467 2.128350
0.326260 -1.015850 2.059760
0.294549 -0.422548 2.453690
0.292528 -0.374949 2.491360
0.278593 -0.111807 2.487330
0.282746 0.073354 2.464420
0.138194 -0.203150 2.475260
0.112993 -0.408352 2.402680
0.142499 -0.539072 2.310480
0.142288 -0.575008 2.275370
0.426278 -0.217106 2.470400
0.438427 -0.426774 2.412280
0.381696 -0.525120 2.291630
0.368131 -0.565517 2.281310
0.221582 -0.491311 2.441040
0.259163 -0.643048 2.173080
0.196753 -0.913446 2.191030
0.196134 -0.941879 2.122480
0.373391 -0.483592 2.447920
0.319468 -0.739194 2.180890
0.326700 -0.987813 2.128280
0.326228 -1.016190 2.059680
0.294564 -0.422704 2.453680
0.292505 -0.375083 2.491360
0.278531 -0.111803 2.487350
0.282969 0.073298 2.464440
0.138108 -0.203246 2.475220
0.112875 -0.408506 2.402700
0.142531 -0.539145 2.310370
0.142718 -0.574768 2.274790
0.426308 -0.217201 2.470390
0.438380 -0.426901 2.412250
0.379191 -0.523299 2.291110
0.366191 -0.565689 2.279510
0.221654 -0.491520 2.441000
0.259197 -0.643075 2.173070
0.196721 -0.913408 2.191070
0.196117 -0.941841 2.122520
0.373459 -0.483719 2.447910
0.319445 -0.739226 2.181030
0.326640 -0.988110 2.128270
0.326173 -1.016490 2.059680
0.294588 -0.422869 2.453650
0.292490 -0.375224 2.491360
0.278478 -0.111801 2.487360
0.283157 0.073247 2.464460
0.138027 -0.203341 2.475170
0.112760 -0.408660 2.402720
0.142719 -0.539122 2.310040
0.142931 -0.574505 2.274240
0.426323 -0.217309 2.470370
0.438326 -0.427050 2.412210
0.377842 -0.522301 2.290640
0.365283 -0.565697 2.278530
0.221732 -0.491725 2.440970
0.259232 -0.643093 2.173050
0.196624 -0.913340 2.191110
0.196035 -0.941773 2.122560
0.373531 -0.483847 2.447900
0.319406 -0.739215 2.181140
0.326499 -0.988403 2.128500
0.326036 -1.016780 2.059900
0.294609 -0.423047 2.453630
0.292476 -0.375378 2.491350
0.278438 -0.111802 2.487370
0.283324 0.073198 2.464480
0.137956 -0.203430 2.475120
0.112659 -0.408808 2.402730
0.142987 -0.539053 2.309620
0.143036 -0.574244 2.273720
0.426339 -0.217405 2.470350
0.438276 -0.427191 2.412170
0.377199 -0.521880 2.290390
0.364984 -0.565652 2.278200
0.221803 -0.491932 2.440930
0.259289 -0.643255 2.173000
0.196197 -0.913341 2.191060
0.195634 -0.941769 2.122510
0.373592 -0.483991 2.447890
0.319355 -0.739176 2.181250
0.326332 -0.988678 2.128800
0.325875 -1.017060 2.060200
0.294623 -0.423235 2.453610
0.292458 -0.375538 2.491350
0.278399 -0.111804 2.487380
0.283437 0.073167 2.464500
0.137886 -0.203516 2.475070
0.112565 -0.408953 2.402750
0.143363 -0.538894 2.309050
0.143062 -0.573948 2.273180
0.426351 -0.217498 2.470320
0.438228 -0.427330 2.412140
0.376914 -0.521682 2.290230
0.364886 -0.565593 2.278030
0.221864 -0.492149 2.440900
0.259341 -0.643394 2.172930
0.196152 -0.913359 2.191080
0.195601 -0.941786 2.122520
0.373640 -0.484139 2.447890
0.319301 -0.739116 2.181350
0.326125 -0.988927 2.129160
0.325673 -1.017310 2.060560
0.294627 -0.423417 2.453600
0.292432 -0.375693 2.491350
0.278337 -0.111801 2.487380
0.283521 0.073146 2.464520
0.137822 -0.203596 2.475020
0.112468 -0.409093 2.402760
0.143684 -0.538776 2.308600
0.143038 -0.573707 2.272740
0.426359 -0.217583 2.470300
0.438186 -0.427462 2.412110
0.376711 -0.521547 2.290100
0.364829 -0.565541 2.277910
0.221914 -0.492353 2.440870
0.259391 -0.643510 2.172880
0.196063 -0.913378 2.191050
0.195521 -0.941803 2.122490
0.373674 -0.484280 2.447900
0.319229 -0.739032 2.181440
0.325954 -0.989126 2.129530
0.325505 -1.017500 2.060930
0.294593 -0.423585 2.453580
0.292373 -0.375842 2.491350
0.278220 -0.111790 2.487400
0.283581 0.073138 2.464550
0.137761 -0.203668 2.474980
0.112379 -0.409222 2.402780
0.143940 -0.538679 2.308210
0.142952 -0.573492 2.272350
0.426336 -0.217672 2.470240
0.438148 -0.427592 2.412100
0.376580 -0.521462 2.289990
0.364822 -0.565481 2.277830
0.221910 -0.492517 2.440840
0.259434 -0.643601 2.172820
0.195966 -0.913388 2.191010
0.195424 -0.941812 2.122450
0.373679 -0.484397 2.447900
0.319137 -0.738942 2.181500
0.325791 -0.989295 2.129910
0.325333 -1.017670 2.061310
0.294527 -0.423731 2.453560
0.292291 -0.375980 2.491340
0.278096 -0.111780 2.487420
0.283598 0.073145 2.464620
0.137683 -0.203747 2.474940
0.112279 -0.409363 2.402790
0.144173 -0.538601 2.307850
0.142850 -0.573307 2.272000
0.426292 -0.217757 2.470180
0.438115 -0.427709 2.412080
0.376490 -0.521400 2.289890
0.364793 -0.565458 2.277750
0.221866 -0.492655 2.440810
0.259475 -0.643668 2.172780
0.195859 -0.913382 2.190970
0.195314 -0.941805 2.122410
0.373652 -0.484496 2.447910
0.319010 -0.738846 2.181550
0.325842 -0.989410 2.130180
0.325373 -1.017790 2.061570
0.294454 -0.423868 2.453540
0.292199 -0.376112 2.491330
0.277919 -0.111778 2.487430
0.283589 0.073165 2.464730
0.137593 -0.203826 2.474890
0.112133 -0.409516 2.402820
0.144292 -0.538575 2.307660
0.142683 -0.573182 2.271760
0.426225 -0.217847 2.470100
0.438080 -0.427829 2.412070
0.376606 -0.521741 2.289940
0.365036 -0.565406 2.278020
0.221808 -0.492783 2.440790
0.259513 -0.643723 2.172730
0.195843 -0.913385 2.190960
0.195295 -0.941806 2.122400
0.373619 -0.484585 2.447910
0.318846 -0.738719 2.181580
0.325877 -0.989505 2.130530
0.325396 -1.017880 2.061920
0.294359 -0.424004 2.453530
0.292080 -0.376254 2.491340
0.277646 -0.111809 2.487450
0.283516 0.073213 2.464900
0.137496 -0.203902 2.474850
0.111976 -0.409668 2.402860
0.144353 -0.538599 2.307550
0.142411 -0.573132 2.271610
0.426122 -0.217915 2.470010
0.438049 -0.427916 2.412060
0.376707 -0.522011 2.290000
0.365297 -0.565310 2.278350
0.221741 -0.492899 2.440770
0.259544 -0.643766 2.172690
0.195901 -0.913389 2.190990
0.195344 -0.941809 2.122430
0.373559 -0.484677 2.447910
0.318671 -0.738592 2.181590
0.325878 -0.989599 2.130970
0.325382 -1.017980 2.062360
0.294266 -0.424106 2.453530
0.291954 -0.376369 2.491350
0.277205 -0.111863 2.487470
0.283399 0.073264 2.465110
0.137310 -0.204026 2.474770
0.111799 -0.409867 2.402880
0.144386 -0.538649 2.307430
0.142097 -0.573110 2.271440
0.425987 -0.217964 2.469910
0.438023 -0.427985 2.412060
0.376879 -0.522331 2.290100
0.365590 -0.565232 2.278700
0.221684 -0.492973 2.440800
0.259589 -0.643771 2.172650
0.196090 -0.913358 2.191010
0.195520 -0.941778 2.122440
0.373503 -0.484749 2.447920
0.318507 -0.738434 2.181590
0.325837 -0.989664 2.131450
0.325325 -1.018050 2.062830
0.294038 -0.424159 2.453570
0.291697 -0.376455 2.491400
0.276629 -0.111952 2.487550
0.283225 0.073316 2.465330
0.137021 -0.204152 2.474710
0.111549 -0.410083 2.402960
0.144411 -0.538675 2.307350
0.141793 -0.573077 2.271310
0.425779 -0.217972 2.469800
0.438003 -0.428027 2.412070
0.375725 -0.521147 2.289830
0.363527 -0.565588 2.276540
0.221416 -0.492940 2.440950
0.259631 -0.643767 2.172620
0.196318 -0.913316 2.191000
0.195729 -0.941737 2.122430
0.373372 -0.484805 2.447930
0.318321 -0.738264 2.181590
0.326611 -0.989456 2.130910
0.326057 -1.017840 2.062310
0.293764 -0.424204 2.453630
0.291373 -0.376544 2.491470
0.275946 -0.112085 2.487660
0.282973 0.073371 2.465530
0.136672 -0.204339 2.474580
0.111227 -0.410391 2.403040
0.144429 -0.538730 2.307270
0.141517 -0.573074 2.271190
0.425527 -0.217959 2.469690
0.437971 -0.428060 2.412070
0.374230 -0.519978 2.289010
0.360636 -0.566344 2.273150
0.221111 -0.492901 2.441100
0.259675 -0.643743 2.172590
0.196839 -0.913265 2.191030
0.196243 -0.941684 2.122450
0.373205 -0.484852 2.447950
0.318145 -0.738108 2.181580
0.327377 -0.989253 2.130420
0.326809 -1.017640 2.061820
0.293505 -0.424231 2.453680
0.291054 -0.376621 2.491540
0.274944 -0.112282 2.487840
0.282520 0.073427 2.465680
0.136268 -0.204519 2.474440
0.110895 -0.410691 2.403140
0.144438 -0.538780 2.307210
0.128395 -0.574328 2.280130
0.425183 -0.217900 2.469570
0.437929 -0.428078 2.412090
0.373190 -0.519369 2.288080
0.357541 -0.567380 2.268890
0.220861 -0.492851 2.441230
0.259713 -0.643716 2.172560
0.197467 -0.913218 2.191100
0.196870 -0.941632 2.122520
0.373068 -0.484875 2.447960
0.317976 -0.737968 2.181570
0.327529 -0.989206 2.130410
0.326952 -1.017590 2.061800
0.292973 -0.424077 2.453750
0.290517 -0.376568 2.491620
0.274012 -0.112425 2.488010
0.281853 0.073490 2.465790
0.135711 -0.204686 2.474290
0.110506 -0.410976 2.403240
0.144451 -0.538812 2.307160
0.117587 -0.574332 2.289630
0.424801 -0.217821 2.469480
0.437843 -0.428081 2.412090
0.371594 -0.518525 2.286500
0.354965 -0.568208 2.265370
0.220235 -0.492501 2.441430
0.259740 -0.643682 2.172530
0.198023 -0.913170 2.191130
0.197432 -0.941577 2.122540
0.372728 -0.484808 2.447960
0.318570 -0.737596 2.182130
0.327343 -0.989105 2.129430
0.326764 -1.017490 2.060810
0.292228 -0.423785 2.453850
0.289777 -0.376404 2.491750
0.273006 -0.112446 2.488310
0.280171 0.073722 2.465900
0.135023 -0.204815 2.474170
0.110124 -0.411212 2.403340
0.144639 -0.538710 2.306960
0.135639 -0.576485 2.285190
0.424101 -0.217578 2.469390
0.437719 -0.428012 2.412110
0.371317 -0.518202 2.286170
0.354505 -0.568181 2.264620
0.219401 -0.491965 2.441700
0.259763 -0.643646 2.172510
0.198683 -0.913119 2.191180
0.198094 -0.941517 2.122580
0.372081 -0.484597 2.447880
0.319196 -0.737208 2.182680
0.326947 -0.989116 2.129150
0.326364 -1.017490 2.060530
0.291344 -0.423408 2.453920
0.288965 -0.376179 2.491870
0.272057 -0.112302 2.488770
0.276950 0.074365 2.465820
0.133904 -0.204833 2.474230
0.109748 -0.411355 2.403440
0.144761 -0.538573 2.306790
0.141016 -0.577139 2.284140
0.422559 -0.217013 2.469350
0.437549 -0.427806 2.412170
0.408183 -0.540051 2.301530
0.391835 -0.583054 2.271500
0.218474 -0.491371 2.441890
0.259774 -0.643599 2.172480
0.199650 -0.913080 2.191320
0.199017 -0.941461 2.122710
0.371029 -0.484168 2.447700
0.319685 -0.736872 2.183170
0.326852 -0.989106 2.128930
0.326253 -1.017480 2.060300
0.290166 -0.422701 2.453990
0.287837 -0.375676 2.492030
0.270798 -0.111909 2.489470
0.272011 0.075676 2.465640
0.131753 -0.204637 2.474450
0.108864 -0.411348 2.403430
0.144859 -0.538449 2.306730
0.145522 -0.577635 2.283510
0.420584 -0.216068 2.469520
0.437212 -0.427272 2.412250
0.388931 -0.528187 2.288880
0.383668 -0.581411 2.264850
0.217360 -0.490552 2.442000
0.259787 -0.643543 2.172440
0.200707 -0.913027 2.191530
0.200050 -0.941382 2.122900
0.369807 -0.483506 2.447510
0.320088 -0.736653 2.183560
0.325377 -0.989254 2.129810
0.324757 -1.017590 2.061160
0.287548 -0.420747 2.453810
0.285547 -0.374282 2.492120
0.268914 -0.110964 2.490730
0.257369 0.078492 2.464970
0.128372 -0.204041 2.475230
0.107764 -0.411066 2.403340
0.144204 -0.537661 2.306010
0.147871 -0.577567 2.282320
0.417096 -0.213797 2.470120
0.436590 -0.425579 2.412520
0.387294 -0.523809 2.287680
0.383000 -0.577474 2.265970
0.214722 -0.488622 2.441590
0.259760 -0.643452 2.172410
0.201826 -0.912999 2.191780
0.201103 -0.941314 2.123110
0.366762 -0.481059 2.446680
0.320423 -0.736420 2.183870
0.324136 -0.989180 2.130820
0.323454 -1.017470 2.062160
0.285102 -0.418680 2.453530
0.283297 -0.372727 2.492130
0.266624 -0.109667 2.492250
0.245957 0.080449 2.464280
0.123767 -0.203320 2.476280
0.106386 -0.410569 2.402870
0.144544 -0.534075 2.302530
0.155060 -0.572022 2.273430
0.413088 -0.210922 2.470980
0.435549 -0.422923 2.412500
0.386238 -0.520799 2.287090
0.381768 -0.573142 2.267650
0.212319 -0.486726 2.440900
0.259681 -0.643225 2.172410
0.202764 -0.912924 2.191990
0.201980 -0.941198 2.123300
0.364165 -0.478611 2.445920
0.320690 -0.736224 2.184100
0.322943 -0.989036 2.132300
0.322199 -1.017260 2.063610
0.282123 -0.416251 2.453090
0.280487 -0.370845 2.492020
0.263960 -0.108342 2.493810
0.232689 0.081092 2.462740
0.118375 -0.202940 2.477530
0.104399 -0.410014 2.401920
0.144983 -0.531061 2.299360
0.159897 -0.568241 2.267380
0.409065 -0.207961 2.471890
0.434194 -0.419738 2.412140
0.384612 -0.517504 2.286610
0.379448 -0.569629 2.268180
0.209130 -0.484625 2.439840
0.259564 -0.642968 2.172410
0.203616 -0.912844 2.192230
0.202754 -0.941079 2.123510
0.361516 -0.476014 2.445110
0.320884 -0.736069 2.184200
0.321345 -0.988696 2.134790
0.320497 -1.016830 2.066090
0.275780 -0.413316 2.452520
0.274001 -0.368450 2.491800
0.256778 -0.107177 2.495660
0.216641 0.080304 2.460410
0.111601 -0.203122 2.478600
0.100354 -0.409511 2.399880
0.118011 -0.520273 2.278230
0.112713 -0.558860 2.276730
0.404056 -0.204992 2.472330
0.432594 -0.416488 2.411470
0.383391 -0.515168 2.286270
0.377194 -0.566698 2.268540
0.202782 -0.482313 2.439020
0.259436 -0.642617 2.172440
0.204480 -0.912682 2.192390
0.203502 -0.940884 2.123640
0.356139 -0.473045 2.443730
0.321067 -0.735913 2.184210
0.320061 -0.988506 2.137670
0.319061 -1.016550 2.068940
0.270611 -0.411350 2.452050
0.268467 -0.366687 2.491510
0.248032 -0.106028 2.496050
0.191784 0.078356 2.455020
0.100801 -0.204477 2.479430
0.071617 -0.385732 2.406010
0.102091 -0.498275 2.285520
0.080421 -0.535199 2.280800
0.394856 -0.200353 2.472040
0.430140 -0.411745 2.410580
0.382533 -0.513048 2.286250
0.375141 -0.564352 2.268620
0.197908 -0.481079 2.438550
0.259300 -0.642276 2.172460
0.205270 -0.912510 2.192520
0.204126 -0.940703 2.123740
0.351703 -0.470846 2.442680
0.321251 -0.735739 2.184130
0.319274 -0.988310 2.139920
0.318087 -1.016310 2.071190
0.265183 -0.411013 2.451530
0.262244 -0.366337 2.490920
0.234362 -0.106561 2.493720
0.168844 0.073289 2.448530
0.087096 -0.208441 2.478880
0.055589 -0.377241 2.407150
0.095190 -0.490643 2.286650
0.071617 -0.528105 2.279010
0.383756 -0.196663 2.470540
0.427246 -0.407471 2.409090
0.381924 -0.511736 2.286130
0.373372 -0.562525 2.268610
0.193138 -0.482025 2.438400
0.259152 -0.641981 2.172440
0.217337 -0.880999 2.183490
0.257819 -0.908470 2.169960
0.347311 -0.469686 2.441820
0.321379 -0.735623 2.184000
0.319203 -0.988257 2.142330
0.317807 -1.016250 2.073580
0.254809 -0.413740 2.449710
0.250120 -0.368739 2.488420
0.210823 -0.110610 2.485200
0.139151 0.064028 2.439170
0.070021 -0.217084 2.475800
0.029146 -0.395104 2.390370
0.098410 -0.491126 2.283640
0.090765 -0.532177 2.259010
0.364493 -0.193509 2.466630
0.423099 -0.402784 2.407020
0.381517 -0.510842 2.286040
0.371899 -0.561095 2.268570
0.186507 -0.485059 2.438230
0.259047 -0.641864 2.172330
0.220880 -0.869120 2.180240
0.275631 -0.897502 2.186930
0.337681 -0.470923 2.439770
0.336565 -0.724088 2.142950
0.310358 -0.965761 2.166290
0.308193 -0.994007 2.097670
0.246581 -0.417036 2.447780
0.240484 -0.371728 2.485830
0.194937 -0.114895 2.478280
0.115272 0.056494 2.427760
0.060884 -0.221566 2.473220
0.009446 -0.397060 2.388890
0.088467 -0.492920 2.285530
0.085933 -0.532206 2.255000
0.348495 -0.192327 2.463910
0.417133 -0.398724 2.404190
0.381216 -0.510280 2.285900
0.370588 -0.560185 2.268290
0.181447 -0.488020 2.437820
0.257595 -0.641761 2.172220
0.220241 -0.874120 2.183310
0.253048 -0.912457 2.168860
0.330036 -0.472558 2.438130
0.334720 -0.725123 2.149480
0.308908 -0.967638 2.174880
0.306562 -0.996140 2.106390
0.239165 -0.420433 2.445290
0.230208 -0.374892 2.481490
0.163272 -0.124758 2.459700
0.092161 0.047916 2.415910
0.046372 -0.230120 2.467160
-0.003397 -0.397283 2.389510
0.050036 -0.506589 2.291340
0.072142 -0.538925 2.254460
0.329014 -0.191764 2.460960
0.411823 -0.394627 2.402960
0.381011 -0.509642 2.285930
0.369506 -0.559406 2.268070
0.177545 -0.490840 2.437270
0.253110 -0.641343 2.172100
0.211556 -0.881931 2.185770
0.220517 -0.925667 2.148650
0.323304 -0.474119 2.436240
0.331644 -0.728077 2.157620
0.309591 -0.971572 2.181150
0.307531 -1.000770 2.112940
0.231732 -0.424845 2.441900
0.218968 -0.379750 2.475420
0.139565 -0.134467 2.447690
0.073955 0.040912 2.404860
0.029734 -0.240024 2.458540
-0.015151 -0.397269 2.392440
0.031064 -0.512048 2.295690
0.047145 -0.547430 2.259210
0.314461 -0.192680 2.458440
0.407808 -0.391708 2.402300
0.379828 -0.508440 2.285360
0.366874 -0.558850 2.266260
0.173422 -0.495438 2.435880
0.248501 -0.641147 2.171360
0.206232 -0.875920 2.182000
0.223581 -0.920299 2.150470
0.318048 -0.475804 2.434310
0.336888 -0.678140 2.170470
0.311936 -0.960650 2.188760
0.310535 -0.990191 2.120670
0.221605 -0.430241 2.436830
0.205649 -0.385407 2.467760
0.123370 -0.142072 2.439780
0.060132 0.035472 2.396300
0.016489 -0.245105 2.451060
-0.036610 -0.407674 2.392070
-0.031516 -0.539970 2.298440
0.019856 -0.563596 2.259440
0.294997 -0.195809 2.454500
0.404037 -0.388764 2.402090
0.370007 -0.508029 2.275640
0.357762 -0.559892 2.257180
0.167945 -0.500645 2.433330
0.244675 -0.641290 2.170150
0.202503 -0.871990 2.178350
0.229320 -0.912780 2.159590
0.309941 -0.478503 2.430810
0.344416 -0.637003 2.170940
0.315853 -0.942366 2.193010
0.315376 -0.972093 2.125000
0.206853 -0.434386 2.430730
0.186577 -0.389586 2.457900
0.098457 -0.151941 2.426500
0.045986 0.030225 2.385260
-0.004515 -0.236664 2.434070
-0.049865 -0.410118 2.392300
-0.065485 -0.551847 2.303390
-0.007215 -0.577427 2.262900
0.278232 -0.198101 2.450530
0.397244 -0.385763 2.402200
0.367909 -0.505642 2.275060
0.355100 -0.559032 2.255430
0.159792 -0.504563 2.429470
0.204177 -0.644166 2.159180
0.200342 -0.882067 2.182790
0.221908 -0.920634 2.152040
0.295066 -0.480908 2.427120
0.353456 -0.610065 2.169300
0.331110 -0.870840 2.177690
0.334257 -0.901111 2.109950
0.182910 -0.437345 2.423340
0.163331 -0.392598 2.447570
0.083366 -0.158372 2.418390
0.031833 0.024495 2.372100
-0.036807 -0.247885 2.416420
-0.063467 -0.412137 2.391010
-0.087214 -0.556891 2.302810
-0.025238 -0.582845 2.263100
0.261719 -0.200285 2.445640
0.387843 -0.381086 2.404820
0.365771 -0.504098 2.273760
0.352136 -0.558295 2.253130
0.133916 -0.511352 2.421040
0.186609 -0.645412 2.153900
0.198628 -0.890172 2.186190
0.215859 -0.927059 2.145620
0.274950 -0.482833 2.423510
0.361382 -0.593838 2.168830
0.358738 -0.824501 2.162990
0.378895 -0.856756 2.109120
0.164110 -0.438383 2.417790
0.144136 -0.393619 2.438520
0.064548 -0.166045 2.405560
0.017721 0.015953 2.355040
-0.056828 -0.259879 2.404920
-0.086695 -0.418464 2.383330
-0.106109 -0.561414 2.295150
-0.036280 -0.586513 2.261970
0.244269 -0.203496 2.439900
0.379939 -0.378295 2.405340
0.362262 -0.499730 2.275090
0.347740 -0.552258 2.255350
0.115380 -0.515368 2.415620
0.178230 -0.645714 2.151240
0.195349 -0.896352 2.187870
0.208012 -0.932993 2.138560
0.258780 -0.483350 2.420980
0.368314 -0.582289 2.168870
0.389157 -0.793587 2.139920
0.421176 -0.839810 2.114700
0.137986 -0.436668 2.409930
0.119027 -0.392605 2.426440
0.046244 -0.172777 2.391600
0.006171 0.010617 2.342400
-0.068259 -0.265691 2.396650
-0.102680 -0.421394 2.375670
-0.122125 -0.563741 2.287850
-0.048516 -0.589081 2.259380
0.227659 -0.205455 2.435060
0.370767 -0.374536 2.406630
0.333045 -0.505970 2.314420
0.326118 -0.529922 2.300150
0.084208 -0.514733 2.405690
0.172960 -0.645587 2.149270
0.192797 -0.900321 2.188410
0.202508 -0.936694 2.132720
0.235467 -0.481899 2.418280
0.375131 -0.573124 2.171690
0.424457 -0.773555 2.114670
0.448243 -0.815054 2.073780
0.102051 -0.429879 2.402350
0.089855 -0.388504 2.415350
0.033833 -0.177547 2.381840
-0.003092 0.006516 2.330760
-0.075880 -0.269194 2.390960
-0.126596 -0.421333 2.354910
-0.131144 -0.566548 2.286380
-0.097732 -0.609560 2.267490
0.199447 -0.209063 2.428230
0.356064 -0.367506 2.411420
0.326764 -0.504849 2.326320
0.322040 -0.527018 2.307720
0.048291 -0.507634 2.391850
0.170041 -0.644444 2.147220
0.190776 -0.902993 2.188220
0.198654 -0.939003 2.127660
0.187328 -0.474049 2.423320
0.387412 -0.566269 2.174680
0.457316 -0.763279 2.094920
0.476365 -0.800382 2.038860
0.068780 -0.424555 2.395190
0.057740 -0.384758 2.404410
0.022068 -0.181980 2.372930
-0.013386 0.002601 2.318620
-0.088839 -0.271393 2.364410
-0.151751 -0.417419 2.337420
-0.150136 -0.570735 2.295990
-0.142485 -0.623184 2.288680
0.186214 -0.211038 2.425430
0.325123 -0.349440 2.433930
0.319107 -0.495608 2.336250
0.317883 -0.521591 2.313260
0.002884 -0.497766 2.374660
0.169168 -0.642868 2.145670
0.189380 -0.905348 2.186250
0.197516 -0.940775 2.121690
0.156259 -0.472083 2.425710
0.414984 -0.561468 2.179520
0.508193 -0.764440 2.066920
0.542850 -0.789091 2.009470
0.055119 -0.422609 2.391370
0.044370 -0.383444 2.398680
0.014274 -0.184901 2.367070
-0.023144 -0.001596 2.306740
-0.094275 -0.272669 2.355510
-0.164753 -0.414902 2.327640
-0.162928 -0.572007 2.309770
-0.173196 -0.629084 2.319990
0.176093 -0.212880 2.423670
0.310156 -0.344426 2.443090
0.310768 -0.489943 2.338590
0.295405 -0.496249 2.278870
-0.014181 -0.494242 2.367440
0.169709 -0.641050 2.144660
0.188339 -0.907844 2.181030
0.197816 -0.942430 2.113530
0.143162 -0.471329 2.425610
0.436578 -0.518977 2.205110
0.563698 -0.742272 2.042750
0.614933 -0.767223 1.982770
0.047998 -0.421765 2.388700
0.036577 -0.382894 2.395000
0.001525 -0.190322 2.359220
-0.050943 -0.012792 2.285110
-0.099991 -0.274296 2.347450
-0.173338 -0.415489 2.320860
-0.170282 -0.574756 2.319800
-0.186798 -0.634097 2.336520
0.164443 -0.214962 2.423820
0.270740 -0.374778 2.420100
0.306806 -0.495447 2.323160
0.291103 -0.499618 2.247010
0.007965 -0.501461 2.357030
0.175119 -0.640925 2.139820
0.186705 -0.909244 2.179600
0.197075 -0.943291 2.110910
0.137349 -0.471011 2.425600
0.448265 -0.497159 2.219250
0.612919 -0.713757 2.028810
0.650029 -0.743223 1.965500
0.042446 -0.421245 2.385960
0.030599 -0.382790 2.391290
-0.006781 -0.193668 2.354430
-0.062664 -0.016970 2.276440
-0.104515 -0.275542 2.341600
-0.178896 -0.415755 2.316750
-0.174873 -0.576839 2.326580
-0.194531 -0.637251 2.346590
0.151733 -0.212870 2.434210
0.247320 -0.389283 2.416990
0.301587 -0.496637 2.317880
0.285854 -0.498749 2.236490
-0.001658 -0.502869 2.348450
0.177043 -0.638437 2.138940
0.186727 -0.910060 2.175470
0.199953 -0.943205 2.105850
0.133673 -0.471209 2.424970
0.464920 -0.482813 2.230790
0.672434 -0.669218 2.024500
0.702860 -0.699279 1.959490
0.036601 -0.422739 2.381000
0.024097 -0.384774 2.385580
-0.014853 -0.196766 2.351390
-0.080895 -0.025249 2.266740
-0.109155 -0.276866 2.337250
-0.185702 -0.416453 2.309970
-0.178235 -0.577681 2.329740
-0.197349 -0.637669 2.352780
0.130717 -0.218736 2.439470
0.234808 -0.396759 2.417160
0.210186 -0.444275 2.292810
0.196703 -0.448470 2.213050
-0.010237 -0.505176 2.339570
0.182068 -0.635764 2.136630
0.187906 -0.909922 2.170020
0.204252 -0.942006 2.100100
0.128932 -0.473851 2.421750
0.500071 -0.479944 2.246130
0.735480 -0.624935 2.029620
0.778515 -0.631778 1.982780
0.032147 -0.424725 2.378340
0.018726 -0.387888 2.382240
-0.035092 -0.211382 2.352330
-0.107645 -0.042998 2.265810
-0.120965 -0.284493 2.334790
-0.186687 -0.427393 2.295010
-0.179361 -0.585406 2.325650
-0.194855 -0.645379 2.346900
0.099382 -0.223146 2.437770
0.225726 -0.399321 2.417160
0.357851 -0.461853 2.296380
0.412960 -0.489182 2.253720
-0.015795 -0.507747 2.334890
0.191738 -0.631326 2.129870
0.192227 -0.907053 2.163930
0.211416 -0.937774 2.094120
0.125297 -0.475599 2.421230
0.514424 -0.469792 2.261200
0.801297 -0.559500 2.046950
0.857753 -0.522748 2.016280
0.025899 -0.427774 2.375500
0.009995 -0.392873 2.378320
-0.058181 -0.224650 2.351510
-0.120617 -0.050637 2.264660
-0.139217 -0.294729 2.332350
-0.187894 -0.438997 2.282320
-0.180238 -0.592534 2.323220
-0.192656 -0.651385 2.344430
0.078994 -0.227494 2.438460
0.218203 -0.400922 2.417150
0.366793 -0.454555 2.296880
0.425021 -0.480998 2.257640
-0.021339 -0.511061 2.330620
0.198693 -0.628496 2.128060
0.199765 -0.904274 2.158650
0.222121 -0.933803 2.089520
0.121295 -0.478168 2.421250
0.519245 -0.464070 2.273670
0.839833 -0.504338 2.086400
0.896665 -0.445659 2.059630
0.016768 -0.431585 2.374140
-0.000446 -0.398615 2.376480
-0.075715 -0.239879 2.355170
-0.137093 -0.065855 2.268470
-0.157107 -0.308765 2.334020
-0.188058 -0.451577 2.269030
-0.180768 -0.598509 2.321700
-0.190931 -0.655549 2.343840
0.054426 -0.237069 2.440870
0.188433 -0.404702 2.422660
0.400594 -0.420837 2.326920
0.476474 -0.431838 2.306800
-0.030926 -0.516856 2.326250
0.230829 -0.629186 2.105550
0.217127 -0.868355 2.145920
0.263708 -0.887272 2.132530
0.114236 -0.480513 2.423640
0.510530 -0.468392 2.299870
0.732699 -0.480434 2.185710
0.752639 -0.497867 2.130250
0.008853 -0.435707 2.373590
-0.009504 -0.404495 2.375690
-0.089215 -0.251117 2.359110
-0.147556 -0.075653 2.272800
-0.173203 -0.321226 2.337130
-0.204562 -0.462394 2.259410
-0.187314 -0.603331 2.321290
-0.191979 -0.657639 2.344180
0.036091 -0.246381 2.444150
0.171039 -0.405032 2.427480
0.400654 -0.400071 2.352050
0.470035 -0.405548 2.336880
-0.038143 -0.521866 2.323250
0.249933 -0.633046 2.102350
0.223266 -0.865800 2.142720
0.271275 -0.887801 2.125260
0.109129 -0.482430 2.425540
0.503461 -0.458749 2.332830
0.825551 -0.437229 2.208340
0.873296 -0.403541 2.163210
-0.009468 -0.437611 2.373870
-0.029384 -0.408442 2.375250
-0.117715 -0.262276 2.359480
-0.155152 -0.080197 2.275030
-0.200361 -0.334035 2.338130
-0.215436 -0.471957 2.237410
-0.196221 -0.601336 2.323260
-0.200418 -0.648717 2.351640
0.021227 -0.255217 2.451590
0.179522 -0.349083 2.420400
0.412285 -0.380710 2.368780
0.498545 -0.385634 2.365600
-0.047403 -0.525183 2.320630
0.257975 -0.634270 2.100280
0.228129 -0.859089 2.142760
0.293741 -0.861916 2.151370
0.099695 -0.483091 2.429930
0.489967 -0.439625 2.368880
0.844520 -0.441099 2.249820
0.895340 -0.392228 2.197820
-0.023119 -0.440878 2.374920
-0.043675 -0.412590 2.375500
-0.133787 -0.267894 2.359350
-0.163653 -0.083417 2.279550
-0.219166 -0.342064 2.338590
-0.177237 -0.455221 2.219250
-0.178487 -0.596120 2.292500
-0.177533 -0.642224 2.310180
0.003702 -0.266150 2.459260
0.127437 -0.367797 2.424460
0.349434 -0.389734 2.390110
0.442557 -0.384077 2.391450
-0.066961 -0.531270 2.324800
0.262600 -0.635520 2.099740
0.231464 -0.852753 2.152170
0.300644 -0.853839 2.157230
0.091912 -0.483275 2.432510
0.485527 -0.433363 2.381760
0.854917 -0.426494 2.281150
0.903569 -0.364485 2.266720
-0.037088 -0.444679 2.376530
-0.058414 -0.417099 2.376580
-0.152625 -0.273622 2.361180
-0.197084 -0.089084 2.295900
-0.239401 -0.349820 2.340680
-0.174318 -0.456467 2.214940
-0.180571 -0.599123 2.284930
-0.179629 -0.645172 2.300960
-0.010488 -0.275748 2.467330
-0.006376 -0.400546 2.367650
0.212907 -0.404373 2.373030
0.312987 -0.394153 2.381930
-0.081699 -0.534815 2.327900
0.266307 -0.606307 2.121640
0.238611 -0.832068 2.155800
0.302908 -0.850217 2.161000
0.082935 -0.483429 2.434070
0.480526 -0.428312 2.390770
0.764098 -0.426750 2.344050
0.799493 -0.383167 2.335610
-0.029891 -0.456233 2.409740
-0.058355 -0.427201 2.401810
-0.168802 -0.277999 2.363010
-0.218158 -0.098279 2.307440
-0.256992 -0.355864 2.342760
-0.134588 -0.456007 2.228110
-0.151808 -0.605181 2.272270
-0.148058 -0.653370 2.283680
-0.038014 -0.306101 2.467570
-0.123083 -0.404865 2.325710
0.102704 -0.405411 2.362580
0.171885 -0.402037 2.357960
-0.057040 -0.541201 2.377490
0.279414 -0.598262 2.141200
0.240874 -0.823751 2.158980
0.302131 -0.848593 2.161660
0.082156 -0.475056 2.463110
0.478513 -0.425158 2.397530
0.718002 -0.427655 2.379740
0.793011 -0.371633 2.377800
-0.030200 -0.461044 2.418730
-0.060032 -0.431664 2.410220
-0.183098 -0.280563 2.368590
-0.232324 -0.107002 2.319160
-0.272250 -0.359958 2.347400
-0.113795 -0.459998 2.239580
-0.134578 -0.611251 2.267280
-0.130470 -0.660530 2.276630
-0.057612 -0.324574 2.464370
-0.174523 -0.409372 2.307350
0.043225 -0.410676 2.355390
0.107802 -0.407671 2.348130
-0.053372 -0.543359 2.386470
0.289162 -0.591333 2.151650
0.251713 -0.815400 2.156680
0.301253 -0.853995 2.158990
0.078345 -0.474465 2.469390
0.471627 -0.429246 2.392800
0.707835 -0.426818 2.397820
0.785862 -0.371057 2.398300
-0.056910 -0.485180 2.403830
-0.085546 -0.452670 2.400850
-0.197674 -0.282510 2.374750
-0.244572 -0.115823 2.335060
-0.287172 -0.363087 2.352590
-0.107339 -0.462540 2.251440
-0.123487 -0.615294 2.265840
-0.118220 -0.665519 2.273670
-0.078660 -0.346654 2.455070
-0.125074 -0.452476 2.307440
0.046200 -0.435836 2.353100
0.113072 -0.434847 2.343730
-0.084964 -0.557791 2.360790
0.281182 -0.561369 2.171800
0.278566 -0.832191 2.153530
0.327204 -0.865694 2.138160
0.049765 -0.507501 2.451980
0.447657 -0.462123 2.378570
0.710537 -0.429470 2.416940
0.788395 -0.374798 2.416820
-0.070503 -0.498823 2.396680
-0.096855 -0.463017 2.398120
-0.210963 -0.283912 2.383570
-0.258054 -0.121880 2.357320
-0.300777 -0.365353 2.359740
-0.111706 -0.463611 2.265960
-0.108723 -0.616834 2.269700
-0.097691 -0.667395 2.277740
-0.086562 -0.355958 2.454840
-0.127715 -0.458317 2.309650
0.076028 -0.442732 2.368290
0.103423 -0.439925 2.349490
-0.105836 -0.569351 2.349160
0.273659 -0.548116 2.181420
0.300597 -0.839682 2.148620
0.358762 -0.857973 2.124330
0.032337 -0.532296 2.437520
0.432557 -0.499199 2.367570
0.721558 -0.434016 2.434730
0.797219 -0.380687 2.432420
-0.110246 -0.502928 2.398930
-0.129586 -0.467530 2.403550
-0.222064 -0.284811 2.393780
-0.266869 -0.125133 2.371940
-0.312606 -0.366852 2.368250
-0.114317 -0.461110 2.277180
-0.102175 -0.614860 2.280920
-0.090131 -0.665777 2.289370
-0.091392 -0.361238 2.462390
-0.127253 -0.462166 2.319540
0.074769 -0.450172 2.370350
0.116276 -0.446441 2.353410
-0.155312 -0.570501 2.351100
0.239736 -0.540251 2.198000
0.305744 -0.842103 2.148690
0.368509 -0.854932 2.121160
-0.007238 -0.542923 2.433120
0.397951 -0.492564 2.363150
0.694902 -0.443112 2.454040
0.770213 -0.398131 2.452510
-0.136284 -0.492492 2.407580
-0.151515 -0.461362 2.413880
-0.234624 -0.286871 2.414650
-0.282770 -0.128715 2.398330
-0.325339 -0.368706 2.383970
-0.122980 -0.457134 2.293170
-0.099329 -0.611743 2.294970
-0.086157 -0.663052 2.302540
-0.091486 -0.365560 2.475020
-0.125049 -0.465700 2.325460
0.084295 -0.453032 2.377410
0.128846 -0.450145 2.360020
-0.176617 -0.563474 2.343600
0.221218 -0.536202 2.207750
0.398017 -0.760213 2.115150
0.428098 -0.787000 2.060370
-0.032852 -0.548491 2.466470
0.371271 -0.486674 2.365670
0.666367 -0.453331 2.473420
0.742705 -0.415125 2.471830
-0.143758 -0.494618 2.413350
-0.159858 -0.462708 2.420960
-0.245124 -0.288197 2.430580
-0.292780 -0.128827 2.415750
-0.336899 -0.369982 2.398870
-0.214075 -0.436735 2.293070
-0.242472 -0.543213 2.368500
-0.264722 -0.572425 2.404550
-0.100487 -0.366551 2.486520
-0.121248 -0.466894 2.333280
0.090369 -0.455053 2.384230
0.138688 -0.452986 2.367250
-0.181385 -0.570098 2.370400
0.208158 -0.524571 2.237110
0.438223 -0.712231 2.116790
0.456655 -0.742568 2.045880
-0.040686 -0.550177 2.468640
0.361718 -0.485903 2.367370
0.657175 -0.459653 2.483640
0.734040 -0.426419 2.483780
-0.149147 -0.492545 2.422140
-0.166372 -0.461548 2.431540
-0.254997 -0.290543 2.446720
-0.300393 -0.129335 2.434110
-0.347810 -0.371886 2.414880
-0.250581 -0.427125 2.300970
-0.312293 -0.517001 2.406930
-0.330226 -0.548001 2.445800
-0.102692 -0.367231 2.501720
-0.116703 -0.467283 2.346090
0.096962 -0.457731 2.397990
0.148917 -0.456155 2.379190
-0.186244 -0.568671 2.377890
0.202105 -0.520168 2.246390
0.407127 -0.680440 2.147940
0.449576 -0.696214 2.078480
-0.044320 -0.547467 2.472870
0.355052 -0.484731 2.372540
0.650621 -0.464498 2.491240
0.728085 -0.434166 2.492140
-0.147105 -0.492184 2.431140
-0.166649 -0.461690 2.442520
-0.261741 -0.292109 2.459370
-0.307292 -0.129997 2.451660
-0.355999 -0.373274 2.428760
-0.288622 -0.437511 2.318150
-0.333470 -0.536359 2.416830
-0.341148 -0.587151 2.446480
-0.123887 -0.372049 2.496730
-0.108569 -0.474738 2.354780
0.109598 -0.473857 2.410450
0.163543 -0.468106 2.390570
-0.181848 -0.567029 2.384720
0.199192 -0.517323 2.252590
0.518479 -0.613987 2.124310
0.533357 -0.634440 2.053560
-0.042652 -0.542559 2.476260
0.352978 -0.487271 2.380070
0.647344 -0.472465 2.497560
0.725764 -0.444627 2.498790
-0.146301 -0.493886 2.435940
-0.166844 -0.463735 2.450000
-0.266827 -0.293778 2.469330
-0.312592 -0.131723 2.469940
-0.362361 -0.374771 2.440360
-0.303816 -0.439990 2.325730
-0.339978 -0.554679 2.417770
-0.344503 -0.609142 2.443100
-0.134369 -0.374345 2.493540
-0.094480 -0.484757 2.368870
0.126531 -0.487117 2.425350
0.181619 -0.479533 2.404630
-0.179808 -0.566834 2.386750
0.094705 -0.446795 2.517390
0.348268 -0.499312 2.324280
0.385420 -0.527718 2.228390
-0.044274 -0.542754 2.477870
0.349717 -0.495295 2.379500
0.596730 -0.536095 2.227520
0.604727 -0.567135 2.117840
0.126313 -0.478819 2.555710
0.110137 -0.462408 2.564860
0.020344 -0.407169 2.547440
-0.143622 -0.272211 2.535910
-0.115409 -0.474884 2.520280
-0.024282 -0.548942 2.397890
-0.028592 -0.694307 2.455690
-0.030812 -0.745849 2.476060
-0.109578 -0.398184 2.500100
-0.098542 -0.486518 2.369740
0.116849 -0.489483 2.422640
0.179395 -0.483218 2.405750
0.195825 -0.521086 2.547240
0.002503 -0.392909 2.586980
0.284689 -0.413565 2.366790
0.272318 -0.454245 2.299870
0.129677 -0.484831 2.566950
0.370653 -0.506785 2.371190
0.616586 -0.534948 2.145180
0.609508 -0.576277 2.089670
-0.046713 -0.471408 2.560490
-0.071686 -0.438308 2.559750
-0.238389 -0.323243 2.519210
-0.294958 -0.170376 2.517170
-0.301053 -0.418169 2.510020
-0.209530 -0.492376 2.384450
-0.215094 -0.642360 2.433690
-0.217303 -0.693966 2.451730
-0.263312 -0.395230 2.426830
-0.159638 -0.460860 2.316220
0.051169 -0.465551 2.362660
0.118958 -0.462720 2.350020
0.005083 -0.551758 2.679450
-0.355905 -0.467228 2.611570
-0.117859 -0.513943 2.387340
-0.150903 -0.523849 2.312900
0.079706 -0.535300 2.480950
0.388071 -0.512616 2.369500
0.631404 -0.484110 2.094880
0.598613 -0.531703 2.064080
-0.105749 -0.530865 2.583710
-0.122107 -0.489742 2.583560
-0.241262 -0.326868 2.528700
-0.297290 -0.178568 2.535590
-0.318426 -0.418861 2.523970
-0.232829 -0.490567 2.393300
-0.230321 -0.648726 2.434490
-0.229788 -0.701256 2.450630
-0.249991 -0.407517 2.418680
-0.227952 -0.501137 2.301000
-0.018823 -0.506356 2.338290
0.051332 -0.505873 2.328180
-0.138110 -0.598214 2.581270
-0.569135 -0.505580 2.558250
-0.328940 -0.541031 2.341430
-0.359238 -0.549703 2.258390
-0.029910 -0.555003 2.584570
0.346572 -0.520102 2.427240
0.469820 -0.465703 2.191800
0.508414 -0.500954 2.140240
-0.170817 -0.489734 2.528390
-0.176877 -0.459938 2.545140
-0.267256 -0.322841 2.536870
-0.320636 -0.166796 2.538670
-0.356245 -0.408359 2.524130
-0.262703 -0.481875 2.393830
-0.259541 -0.641250 2.431190
-0.259196 -0.692724 2.446680
-0.257214 -0.409815 2.408620
-0.255054 -0.519415 2.296830
-0.055316 -0.516909 2.289840
-0.023534 -0.480066 2.268860
-0.233144 -0.532311 2.466000
-0.689444 -0.422401 2.429480
-0.460479 -0.473099 2.218910
-0.478484 -0.464754 2.130680
-0.057856 -0.531766 2.560350
0.312834 -0.523600 2.419760
0.407554 -0.456619 2.140360
0.447483 -0.506098 2.084850
-0.175355 -0.531333 2.585900
-0.187119 -0.490998 2.590140
-0.284981 -0.319032 2.540380
-0.324129 -0.159262 2.558110
-0.372311 -0.405047 2.527680
-0.276475 -0.478897 2.397190
-0.273880 -0.638342 2.433160
-0.273851 -0.689107 2.448630
-0.254041 -0.410535 2.418240
-0.268690 -0.527365 2.296310
-0.069535 -0.520426 2.276150
-0.051140 -0.446636 2.265520
-0.205347 -0.593139 2.562310
-0.636807 -0.521360 2.487060
-0.399977 -0.577535 2.278370
-0.417116 -0.578635 2.194050
-0.089444 -0.553780 2.615820
0.296299 -0.522234 2.468270
0.375261 -0.450462 2.231600
0.447599 -0.479815 2.185200
-0.197057 -0.541328 2.625660
-0.206123 -0.499682 2.617390
-0.295215 -0.317460 2.543330
-0.324844 -0.156091 2.569140
-0.382250 -0.403511 2.530710
-0.285340 -0.477507 2.400160
-0.283646 -0.636614 2.436170
-0.283975 -0.686820 2.451980
-0.228588 -0.414598 2.437010
-0.280775 -0.488175 2.292510
-0.075675 -0.457374 2.259260
-0.080097 -0.374308 2.249100
-0.245939 -0.601540 2.609070
-0.674513 -0.527279 2.508010
-0.438324 -0.585358 2.302050
-0.447430 -0.587128 2.216560
-0.109559 -0.557182 2.659530
0.283334 -0.489457 2.532160
0.358979 -0.418691 2.312750
0.434983 -0.437699 2.265620
-0.071921 -0.518649 2.640320
-0.109607 -0.480358 2.632460
-0.301345 -0.317094 2.546530
-0.322624 -0.157020 2.583410
-0.389076 -0.402481 2.532950
-0.291431 -0.476626 2.402490
-0.290459 -0.635140 2.439360
-0.291062 -0.684897 2.455700
-0.216733 -0.416946 2.445910
-0.284599 -0.489072 2.295470
-0.063359 -0.456458 2.282620
-0.084261 -0.364184 2.259000
-0.071489 -0.560589 2.688590
-0.495178 -0.520530 2.564660
-0.259352 -0.579987 2.360850
-0.294323 -0.585626 2.279930
0.035888 -0.547688 2.617510
0.339432 -0.453612 2.549810
0.434840 -0.387835 2.342640
0.433095 -0.420763 2.304680
-0.261401 -0.590993 2.614770
-0.255252 -0.543133 2.617520
-0.302023 -0.320026 2.554580
-0.318626 -0.161959 2.597920
-0.393798 -0.402471 2.536170
-0.295884 -0.476611 2.406390
-0.295661 -0.634076 2.445550
-0.296498 -0.683532 2.462740
-0.206043 -0.418123 2.459310
-0.286876 -0.471014 2.298980
-0.066437 -0.421844 2.293520
-0.078728 -0.338403 2.277980
-0.322140 -0.643438 2.592020
-0.657968 -0.547837 2.514970
-0.425242 -0.610592 2.313490
-0.424915 -0.614482 2.230620
-0.208209 -0.642191 2.640840
0.180172 -0.603902 2.509770
0.288565 -0.543819 2.311760
0.272033 -0.591298 2.275260
-0.066519 -0.565010 2.637430
-0.106123 -0.523814 2.634640
-0.299420 -0.325961 2.566570
-0.315817 -0.168178 2.610270
-0.396349 -0.404318 2.541800
-0.298766 -0.478220 2.413040
-0.299418 -0.634194 2.454880
-0.300441 -0.683508 2.472900
-0.200711 -0.418845 2.467460
-0.268437 -0.486548 2.316770
-0.046457 -0.443536 2.317050
-0.049482 -0.373143 2.305660
-0.089924 -0.607153 2.631420
-0.517067 -0.552298 2.529810
-0.281024 -0.613597 2.328190
-0.311361 -0.621154 2.247850
0.023266 -0.580871 2.653750
0.315231 -0.497562 2.531040
0.443323 -0.518545 2.322270
0.349837 -0.542630 2.364970
-0.050256 -0.572707 2.642850
-0.088142 -0.530040 2.639840
-0.297350 -0.332637 2.579510
-0.315184 -0.173462 2.617840
-0.397690 -0.408006 2.550130
-0.300901 -0.481505 2.422530
-0.302540 -0.635691 2.466730
-0.303723 -0.684959 2.485360
-0.198196 -0.419777 2.476030
-0.261370 -0.492634 2.326860
-0.039557 -0.453168 2.329120
-0.040248 -0.386441 2.317880
-0.078049 -0.613572 2.633820
-0.443702 -0.554493 2.534800
-0.208082 -0.615396 2.333010
-0.238652 -0.620921 2.255410
0.032024 -0.589277 2.662390
0.347266 -0.474831 2.543410
0.443850 -0.538637 2.340020
0.367350 -0.541897 2.406340
-0.188439 -0.577008 2.542610
-0.195335 -0.539489 2.563570
-0.295968 -0.336893 2.587830
-0.315527 -0.177522 2.622960
-0.398051 -0.411462 2.557500
-0.302060 -0.484514 2.430660
-0.304445 -0.637163 2.476280
-0.305726 -0.686406 2.495220
-0.198226 -0.420870 2.485890
-0.268567 -0.475850 2.336300
-0.046968 -0.443784 2.338690
-0.045130 -0.379826 2.326080
-0.238701 -0.623025 2.481750
-0.587691 -0.545409 2.446740
-0.352308 -0.604447 2.243030
-0.349548 -0.613069 2.164340
-0.110094 -0.625549 2.567760
0.271121 -0.535460 2.439140
0.375200 -0.614648 2.235690
0.309883 -0.639638 2.190830
-0.213201 -0.544945 2.554730
-0.217164 -0.518548 2.572710
-0.293802 -0.343345 2.598150
-0.317335 -0.184523 2.628550
-0.397056 -0.417302 2.567520
-0.302060 -0.489780 2.441280
-0.305168 -0.640775 2.487690
-0.306520 -0.690017 2.506760
-0.199099 -0.423203 2.496240
-0.267250 -0.478432 2.344670
-0.046907 -0.449288 2.346940
-0.044095 -0.385869 2.333410
-0.257485 -0.637345 2.593490
-0.608458 -0.551902 2.473230
-0.371888 -0.610567 2.269620
-0.371228 -0.617040 2.185170
-0.141893 -0.601283 2.474860
0.242661 -0.558295 2.381540
0.343126 -0.649966 2.170710
0.296114 -0.669977 2.131320
-0.214456 -0.490365 2.575120
-0.225887 -0.472580 2.589860
-0.292458 -0.349097 2.605820
-0.319573 -0.191665 2.633260
-0.395987 -0.423286 2.576280
-0.301831 -0.495265 2.450410
-0.305474 -0.644924 2.497200
-0.306871 -0.694168 2.516290
-0.199847 -0.426222 2.505440
-0.265721 -0.480302 2.350910
-0.046485 -0.453031 2.352580
-0.043083 -0.389779 2.338360
-0.266950 -0.530792 2.615380
-0.641513 -0.432495 2.533040
-0.405160 -0.490885 2.328580
-0.393541 -0.489061 2.244460
-0.086103 -0.529662 2.525740
0.246691 -0.569962 2.349020
0.348278 -0.661706 2.136520
0.308292 -0.659381 2.149400
-0.234517 -0.481355 2.521280
-0.240819 -0.469728 2.550510
-0.291641 -0.353819 2.611260
-0.322104 -0.198162 2.637070
-0.395025 -0.428683 2.583280
-0.301512 -0.500277 2.457650
-0.305523 -0.648967 2.504630
-0.306945 -0.698217 2.523700
-0.183791 -0.432445 2.554750
-0.256862 -0.479812 2.370920
-0.041380 -0.455300 2.365280
-0.037749 -0.391954 2.349940
-0.283271 -0.558407 2.522770
-0.656456 -0.443314 2.425640
-0.420336 -0.501199 2.221080
-0.408357 -0.502756 2.135600
-0.121791 -0.513956 2.430650
0.265426 -0.519712 2.411800
0.369916 -0.590054 2.207410
0.346124 -0.629256 2.151700
-0.175362 -0.508883 2.575970
-0.193149 -0.481408 2.586270
-0.291646 -0.362294 2.615410
-0.325931 -0.209113 2.639760
-0.394420 -0.436448 2.589140
-0.301443 -0.507716 2.463690
-0.305689 -0.655652 2.510770
-0.307115 -0.704944 2.529790
-0.275595 -0.439212 2.509180
-0.321298 -0.484111 2.342700
-0.108201 -0.463200 2.331770
-0.104338 -0.398881 2.315480
-0.191160 -0.582446 2.618690
-0.583146 -0.477799 2.448820
-0.347131 -0.535786 2.244190
-0.355691 -0.532032 2.154880
-0.073303 -0.521928 2.514710
0.307636 -0.497690 2.545980
0.410546 -0.565227 2.335410
0.383808 -0.612569 2.296090
-0.205088 -0.529016 2.605400
-0.209032 -0.502184 2.615620
-0.291297 -0.375674 2.618960
-0.329317 -0.223327 2.641520
-0.393353 -0.447519 2.594610
-0.300813 -0.518563 2.469270
-0.305180 -0.666110 2.516380
-0.306592 -0.715472 2.535320
-0.303408 -0.443774 2.504800
-0.351152 -0.486830 2.330240
-0.153454 -0.486733 2.333570
-0.107611 -0.464071 2.334420
-0.232912 -0.584571 2.632280
-0.589325 -0.488889 2.448220
-0.353535 -0.546877 2.243520
-0.357523 -0.549334 2.158100
-0.143401 -0.538017 2.588110
0.264933 -0.458462 2.656610
0.367163 -0.519466 2.444160
0.345149 -0.538842 2.480130
-0.229198 -0.455877 2.649690
-0.232257 -0.439229 2.649470
-0.290999 -0.386607 2.620840
-0.331701 -0.235257 2.642060
-0.392397 -0.457672 2.598430
-0.300140 -0.528627 2.473160
-0.304534 -0.676109 2.520250
-0.305927 -0.725536 2.539100
-0.222420 -0.475139 2.509040
-0.300736 -0.514778 2.333030
-0.068958 -0.525197 2.359590
0.884049 -0.482965 2.499840
-0.301661 -0.468343 2.682440
-0.639521 -0.408190 2.483860
-0.403880 -0.466299 2.279260
-0.395181 -0.472669 2.195280
-0.095603 -0.444660 2.651210
0.261282 -0.435841 2.712090
0.363331 -0.492583 2.501080
0.339911 -0.494126 2.588370
-0.217922 -0.422334 2.722940
-0.226451 -0.405096 2.707530
-0.289357 -0.398422 2.623780
-0.332978 -0.244257 2.642580
-0.390499 -0.469011 2.602650
-0.298411 -0.539967 2.477410
-0.302745 -0.687589 2.524430
-0.304113 -0.737062 2.543190
-0.208206 -0.487046 2.507460
-0.273683 -0.528222 2.334640
-0.065581 -0.538665 2.362690
0.945989 -0.510632 2.511460
-0.295730 -0.432868 2.783990
-0.636180 -0.359382 2.561800
-0.400619 -0.417593 2.357300
-0.389740 -0.425167 2.273070
-0.073722 -0.402700 2.736660
0.259376 -0.426273 2.738960
0.361426 -0.481308 2.528090
0.336895 -0.478048 2.630820
-0.135103 -0.402345 2.801660
-0.164494 -0.385787 2.771540
-0.286633 -0.408448 2.626460
-0.332632 -0.254690 2.643040
-0.387828 -0.479367 2.606270
-0.295813 -0.550375 2.481040
-0.300039 -0.698207 2.527960
-0.301383 -0.747711 2.546640
-0.185793 -0.493570 2.509220
-0.258193 -0.535129 2.336030
-0.047701 -0.546275 2.367890
0.970947 -0.492972 2.509500
-0.129422 -0.415837 2.859200
-0.528310 -0.317744 2.676370
-0.292777 -0.376022 2.471960
-0.261302 -0.387304 2.393280
-0.038211 -0.375421 2.827640
0.258312 -0.420360 2.755440
0.360331 -0.474508 2.544500
0.333680 -0.476641 2.633340
-0.096582 -0.396482 2.833320
-0.128033 -0.379357 2.802890
-0.283712 -0.415786 2.628850
-0.331789 -0.262298 2.643830
-0.384981 -0.487656 2.609330
-0.292981 -0.558726 2.484080
-0.297094 -0.706742 2.530920
-0.298419 -0.756262 2.549530
-0.176893 -0.496703 2.510230
-0.249951 -0.538909 2.337170
-0.038200 -0.550227 2.371170
0.973312 -0.491844 2.511560
-0.096037 -0.405733 2.884980
-0.455940 -0.300967 2.740670
-0.220408 -0.359276 2.536330
-0.185348 -0.370783 2.457840
-0.028114 -0.379836 2.842100
0.257811 -0.418854 2.764950
0.359791 -0.473169 2.553610
0.331086 -0.474038 2.652100
-0.100393 -0.399709 2.837090
-0.125886 -0.383024 2.805830
-0.281712 -0.420513 2.630530
-0.331130 -0.267307 2.644460
-0.382819 -0.493564 2.611560
-0.290811 -0.564686 2.486300
-0.294839 -0.712832 2.533050
-0.296149 -0.762361 2.551620
-0.171082 -0.497801 2.511650
-0.244064 -0.541206 2.338360
-0.031375 -0.552042 2.373580
0.976739 -0.490926 2.514000
-0.113602 -0.406946 2.895700
-0.447875 -0.299463 2.758960
-0.212308 -0.357751 2.554660
-0.185048 -0.373131 2.470660
-0.037288 -0.383321 2.849750
0.258073 -0.421774 2.764690
0.359983 -0.477058 2.552810
0.328919 -0.478223 2.649700
-0.103511 -0.403190 2.839580
-0.128319 -0.386808 2.807670
-0.280424 -0.423636 2.631610
-0.330616 -0.270791 2.644850
-0.381284 -0.497719 2.613060
-0.289262 -0.568881 2.487790
-0.293224 -0.717119 2.534480
-0.294524 -0.766654 2.553020
-0.168166 -0.496899 2.513370
-0.239905 -0.542483 2.339460
-0.026568 -0.552224 2.375240
0.977918 -0.490796 2.514520
-0.114502 -0.410478 2.898380
-0.451002 -0.304247 2.767280
-0.215445 -0.362538 2.562990
-0.188891 -0.376771 2.479550
-0.042537 -0.387050 2.854700
0.258730 -0.426729 2.758650
0.360551 -0.483119 2.546460
0.327782 -0.487352 2.633410
-0.225511 -0.380163 2.759100
-0.233002 -0.372429 2.735650
-0.279490 -0.425797 2.632390
-0.330221 -0.273194 2.645130
-0.380147 -0.500667 2.614140
-0.288108 -0.571859 2.488870
-0.292021 -0.720162 2.535500
-0.293313 -0.769699 2.554010
-0.167726 -0.494669 2.515090
-0.237006 -0.542962 2.340520
-0.023378 -0.551137 2.376290
0.978546 -0.489853 2.513800
-0.325577 -0.387483 2.810790
-0.644457 -0.313442 2.641900
-0.408908 -0.371715 2.437610
-0.400209 -0.381418 2.350740
-0.112580 -0.336032 2.789720
0.255765 -0.430426 2.751640
0.357458 -0.487659 2.539440
0.324575 -0.493285 2.621590
-0.219012 -0.385105 2.793830
-0.228410 -0.375517 2.762330
-0.278762 -0.427316 2.632980
-0.329865 -0.274892 2.645330
-0.379298 -0.502802 2.614930
-0.287242 -0.574016 2.489650
-0.291117 -0.722366 2.536230
-0.292402 -0.771905 2.554730
-0.168846 -0.492087 2.516490
-0.235111 -0.542854 2.341530
-0.021516 -0.549277 2.376830
0.957757 -0.488303 2.508270
-0.297719 -0.389751 2.853900
-0.633299 -0.312877 2.675110
-0.397756 -0.371150 2.470850
-0.392345 -0.381370 2.385390
-0.122836 -0.353241 2.819410
0.256540 -0.434725 2.744330
0.358165 -0.492633 2.532230
0.324658 -0.498462 2.611050
-0.185482 -0.402730 2.787970
-0.207498 -0.389296 2.759280
-0.278053 -0.428318 2.633530
-0.329487 -0.276057 2.645500
-0.378570 -0.504404 2.615580
-0.286494 -0.575635 2.490290
-0.290340 -0.724017 2.536830
-0.291619 -0.773557 2.555320
-0.170540 -0.489707 2.517570
-0.233977 -0.542304 2.342490
-0.020608 -0.547040 2.377040
0.934299 -0.487557 2.502110
-0.206474 -0.414803 2.855660
-0.594445 -0.333616 2.667000
-0.358930 -0.391868 2.462740
-0.351758 -0.400651 2.377130
-0.099110 -0.379245 2.799910
0.257323 -0.438077 2.738340
0.358894 -0.496452 2.526400
0.324949 -0.502040 2.603540
-0.173830 -0.410141 2.784320
-0.195294 -0.396342 2.757700
-0.277520 -0.428960 2.633810
-0.329098 -0.276828 2.645510
-0.378044 -0.505571 2.615980
-0.285949 -0.576815 2.490680
-0.289767 -0.725223 2.537190
-0.291041 -0.774764 2.555670
-0.172353 -0.487726 2.518350
-0.233436 -0.541478 2.343390
-0.020386 -0.544737 2.377020
0.923484 -0.487088 2.499090
-0.206910 -0.419618 2.852810
-0.568092 -0.344470 2.664720
-0.332594 -0.402712 2.460460
-0.326623 -0.410407 2.374480
-0.084639 -0.393133 2.788840
0.258013 -0.440584 2.733720
0.359541 -0.499278 2.521930
0.325282 -0.504498 2.598260
-0.190656 -0.408554 2.470090
-0.203414 -0.423026 2.503790
-0.276928 -0.429278 2.634360
-0.328651 -0.277309 2.645590
-0.377526 -0.506468 2.616450
-0.285413 -0.577719 2.491140
-0.289215 -0.726145 2.537610
-0.290485 -0.775685 2.556080
-0.174007 -0.486185 2.518930
-0.233313 -0.540518 2.344200
-0.020589 -0.542577 2.376890
0.917530 -0.487185 2.496140
-0.193377 -0.402408 2.420170
-0.536829 -0.307337 2.595290
-0.301344 -0.365574 2.391040
-0.314011 -0.414013 2.364400
-0.151503 -0.406282 2.421570
0.189845 -0.439218 2.663650
0.291337 -0.498446 2.452270
0.283992 -0.503533 2.532660
-0.191883 -0.412142 2.415300
-0.204765 -0.431228 2.451830
-0.276419 -0.429372 2.634870
-0.328225 -0.277583 2.645650
-0.377100 -0.507120 2.616820
-0.284969 -0.578376 2.491510
-0.288760 -0.726816 2.537950
-0.290025 -0.776354 2.556420
-0.175327 -0.485050 2.519320
-0.233423 -0.539550 2.344900
-0.020984 -0.540679 2.376690
0.918499 -0.487813 2.492100
-0.184387 -0.405527 2.362970
-0.522258 -0.288569 2.562860
-0.286787 -0.346806 2.358630
-0.305384 -0.415782 2.358100
-0.159188 -0.414668 2.360630
0.153555 -0.438084 2.627150
0.255104 -0.497531 2.416050
0.265820 -0.502907 2.504260
-0.244908 -0.446153 2.606040
-0.244468 -0.441564 2.613880
-0.276056 -0.429392 2.635240
-0.327824 -0.277716 2.645660
-0.376783 -0.507601 2.617100
-0.284638 -0.578861 2.491780
-0.288419 -0.727311 2.538200
-0.289680 -0.776848 2.556660
-0.176326 -0.484237 2.519590
-0.233651 -0.538644 2.345500
-0.021441 -0.539082 2.376470
0.923394 -0.488585 2.488330
-0.303768 -0.500201 2.644990
-0.597205 -0.372550 2.485200
-0.361747 -0.430783 2.280980
-0.364376 -0.468129 2.245200
-0.107072 -0.451707 2.578580
0.203175 -0.443587 2.665130
0.304595 -0.503028 2.454030
0.299850 -0.533931 2.453430
-0.221787 -0.426662 2.419070
-0.226712 -0.441801 2.457130
-0.275789 -0.429419 2.635410
-0.327469 -0.277765 2.645640
-0.376537 -0.507969 2.617260
-0.284379 -0.579231 2.491940
-0.288146 -0.727689 2.538330
-0.289403 -0.777225 2.556790
-0.177127 -0.483639 2.519780
-0.233971 -0.537805 2.346000
-0.021941 -0.537742 2.376250
0.047815 -0.492284 2.338410
-0.222382 -0.428691 2.374840
-0.557798 -0.320393 2.505250
-0.322358 -0.378625 2.301040
-0.322690 -0.440454 2.290230
-0.154054 -0.433122 2.362480
0.177804 -0.441348 2.643110
0.279283 -0.500774 2.432130
0.287195 -0.528954 2.448240
0.043687 -0.467998 2.729440
0.005323 -0.451882 2.718450
-0.202139 -0.434988 2.667250
-0.291342 -0.280933 2.660300
-0.306324 -0.515283 2.647170
-0.214051 -0.586521 2.521770
-0.217724 -0.734985 2.567900
-0.218949 -0.784488 2.586320
-0.177689 -0.483224 2.519960
-0.234283 -0.537076 2.346480
-0.022367 -0.536683 2.376120
-0.023045 -0.493344 2.323420
0.078823 -0.488479 2.745330
-0.285380 -0.357689 2.579310
-0.049938 -0.415921 2.375110
-0.054509 -0.488995 2.361020
0.071183 -0.457927 2.727430
0.302970 -0.439530 2.671080
0.404441 -0.498798 2.460040
0.369309 -0.515504 2.493860
-0.108191 -0.429413 2.796460
-0.130528 -0.417520 2.769680
-0.238161 -0.431697 2.658430
-0.294671 -0.280314 2.660850
-0.314896 -0.515199 2.646740
-0.222557 -0.586426 2.521330
-0.226176 -0.734891 2.567330
-0.227380 -0.784380 2.585740
-0.178103 -0.482974 2.520100
-0.234557 -0.536537 2.346860
-0.022720 -0.535920 2.376010
-0.031484 -0.494076 2.324380
-0.121646 -0.437520 2.870620
-0.444792 -0.347222 2.707180
-0.209358 -0.405451 2.502980
-0.183866 -0.434415 2.436630
-0.033663 -0.418605 2.796930
0.308309 -0.441809 2.688730
0.409804 -0.501018 2.477640
0.365985 -0.509403 2.554130
-0.110022 -0.426247 2.842330
-0.133542 -0.411115 2.811750
-0.251703 -0.430662 2.654950
-0.301290 -0.279500 2.658980
-0.329066 -0.514507 2.643070
-0.236704 -0.585721 2.517650
-0.240287 -0.734183 2.563560
-0.241478 -0.783662 2.581960
-0.178392 -0.482807 2.520250
-0.234785 -0.536078 2.347250
-0.022978 -0.535338 2.375980
-0.031948 -0.494585 2.324730
-0.119516 -0.435644 2.920690
-0.444735 -0.349359 2.757410
-0.209319 -0.407585 2.553230
-0.184492 -0.422849 2.475090
-0.032587 -0.411350 2.853970
0.309944 -0.443587 2.703600
0.411452 -0.502737 2.492480
0.363016 -0.506893 2.579850
-0.127928 -0.421054 2.855630
-0.151235 -0.405422 2.824990
-0.263007 -0.429802 2.651330
-0.307531 -0.278851 2.656930
-0.341842 -0.513706 2.639200
-0.249482 -0.584910 2.513770
-0.253040 -0.733367 2.559630
-0.254223 -0.782840 2.578020
-0.179229 -0.482681 2.520620
-0.235527 -0.535486 2.347830
-0.023714 -0.534684 2.376060
-0.034091 -0.496161 2.326720
-0.139598 -0.430515 2.935970
-0.477305 -0.347934 2.791170
-0.241909 -0.406157 2.587000
-0.211888 -0.410005 2.495930
-0.045196 -0.405906 2.861580
0.305941 -0.444995 2.714520
0.407449 -0.504099 2.503390
0.360016 -0.505560 2.594300
-0.136646 -0.418696 2.858640
-0.160845 -0.403016 2.827680
-0.269732 -0.429351 2.648980
-0.312526 -0.278408 2.655100
-0.351827 -0.513041 2.635880
-0.259477 -0.584237 2.510460
-0.263016 -0.732690 2.556280
-0.264195 -0.782159 2.574660
-0.180385 -0.482588 2.521130
-0.236535 -0.534882 2.348480
-0.024703 -0.534061 2.376240
-0.035167 -0.496991 2.327810
-0.148455 -0.428525 2.937320
-0.495419 -0.346963 2.805100
-0.260034 -0.405183 2.600940
-0.229409 -0.403453 2.503730
-0.052226 -0.403200 2.864520
0.299386 -0.446021 2.721870
0.400886 -0.505091 2.510740
0.356566 -0.504838 2.603110
-0.061973 -0.482572 2.655460
-0.096298 -0.460434 2.668150
-0.273924 -0.429126 2.647420
-0.316258 -0.278126 2.653610
-0.359166 -0.512565 2.633280
-0.266827 -0.583755 2.507860
-0.270352 -0.732204 2.553660
-0.271528 -0.781671 2.572030
-0.182014 -0.482479 2.521770
-0.237903 -0.534240 2.349220
-0.026054 -0.533431 2.376520
-0.036751 -0.497982 2.329060
-0.046652 -0.497967 2.695070
-0.450741 -0.376669 2.713120
-0.215372 -0.434884 2.508980
-0.202973 -0.425226 2.423600
0.026761 -0.493271 2.601810
0.345495 -0.557560 2.404780
0.446978 -0.616595 2.193680
0.429959 -0.626935 2.276450
0.022430 -0.476587 2.739830
-0.015386 -0.454855 2.732080
-0.204308 -0.437207 2.668890
-0.289901 -0.282139 2.661190
-0.307850 -0.518433 2.649280
-0.215564 -0.589610 2.523880
-0.219069 -0.738047 2.569680
-0.220241 -0.787516 2.588040
-0.183220 -0.482434 2.522370
-0.239033 -0.533725 2.349910
-0.027169 -0.532941 2.376830
-0.010164 -0.498474 2.334660
0.060824 -0.495966 2.781870
-0.286448 -0.375408 2.643800
-0.051077 -0.433620 2.439660
0.063640 -0.447003 2.416850
0.073948 -0.472128 2.719860
0.379540 -0.479445 2.613730
0.481019 -0.538472 2.402630
0.425171 -0.562052 2.428760
-0.105923 -0.433248 2.787680
-0.129565 -0.418550 2.762300
-0.242343 -0.434646 2.651550
-0.300427 -0.282281 2.655470
-0.328442 -0.517155 2.639350
-0.236173 -0.588326 2.513980
-0.239664 -0.736755 2.559770
-0.240832 -0.786226 2.578120
-0.184395 -0.482391 2.522900
-0.240171 -0.533257 2.350530
-0.028306 -0.532505 2.377130
0.009746 -0.498583 2.338500
-0.110086 -0.445111 2.880210
-0.433205 -0.355225 2.712410
-0.197851 -0.413435 2.508300
-0.149188 -0.424375 2.516820
-0.024050 -0.417014 2.781850
0.308881 -0.473021 2.652860
0.410354 -0.532037 2.441770
0.438493 -0.573860 2.396430
-0.108648 -0.430235 2.801890
-0.131863 -0.416117 2.770660
-0.259285 -0.433568 2.643930
-0.308469 -0.282158 2.651420
-0.344243 -0.516016 2.632350
-0.251984 -0.587183 2.507000
-0.255465 -0.735607 2.552780
-0.256629 -0.785078 2.571120
-0.185064 -0.482406 2.523310
-0.240922 -0.532937 2.351050
-0.029053 -0.532214 2.377400
0.019616 -0.498697 2.340450
-0.113499 -0.442727 2.878970
-0.456101 -0.350006 2.719270
-0.220770 -0.408210 2.515170
-0.124673 -0.425995 2.523300
-0.041287 -0.414606 2.822290
0.281015 -0.459063 2.697410
0.382476 -0.518074 2.486340
0.440505 -0.564127 2.414840
-0.080560 -0.472711 2.660650
-0.114312 -0.450119 2.670500
-0.269708 -0.432558 2.639330
-0.314441 -0.281652 2.648520
-0.355671 -0.514939 2.627320
-0.263419 -0.586102 2.501980
-0.266890 -0.734522 2.547750
-0.268049 -0.783994 2.566090
-0.185512 -0.482438 2.523640
-0.241473 -0.532702 2.351470
-0.029603 -0.532006 2.377630
0.026096 -0.498728 2.341620
-0.062321 -0.489487 2.714850
-0.459040 -0.362307 2.694290
-0.223726 -0.420504 2.490210
-0.118424 -0.446151 2.488120
0.019898 -0.490387 2.596260
0.335704 -0.558067 2.402430
0.437160 -0.617091 2.191390
0.444958 -0.669409 2.147620
-0.127659 -0.427594 2.805800
-0.156030 -0.414352 2.771880
-0.275617 -0.431916 2.636750
-0.318524 -0.281203 2.646530
-0.363586 -0.514106 2.623900
-0.271338 -0.585266 2.498570
-0.274799 -0.733682 2.544330
-0.275955 -0.783154 2.562660
-0.196751 -0.467401 2.568490
-0.251969 -0.519333 2.388270
-0.040198 -0.519026 2.413290
0.006520 -0.499177 2.373130
-0.140226 -0.444102 2.871470
-0.495520 -0.354551 2.720760
-0.260232 -0.412741 2.516710
-0.161235 -0.434468 2.523880
-0.051106 -0.409442 2.817290
0.273037 -0.473374 2.648120
0.374485 -0.532397 2.437090
0.368530 -0.555919 2.423220
-0.143469 -0.422007 2.809240
-0.169935 -0.406863 2.781650
-0.279258 -0.431460 2.635180
-0.321381 -0.280793 2.645160
-0.369052 -0.513434 2.621600
-0.276810 -0.584592 2.496280
-0.280262 -0.733005 2.542030
-0.281413 -0.782477 2.560360
-0.191973 -0.471505 2.562780
-0.251830 -0.519003 2.390570
-0.040140 -0.518777 2.415330
0.005883 -0.498972 2.367200
-0.158223 -0.438545 2.883140
-0.512317 -0.350746 2.733370
-0.277044 -0.408934 2.529330
-0.191479 -0.425789 2.541680
-0.058031 -0.408584 2.806000
0.260529 -0.462921 2.677660
0.361967 -0.521941 2.466650
0.364260 -0.566305 2.392400
-0.052956 -0.487197 2.641080
-0.091036 -0.464141 2.656380
-0.281669 -0.431174 2.634130
-0.323352 -0.280493 2.644220
-0.372854 -0.512952 2.620020
-0.280615 -0.584106 2.494710
-0.284059 -0.732518 2.540450
-0.285207 -0.781990 2.558770
-0.187377 -0.475920 2.554500
-0.250448 -0.520112 2.389260
-0.038867 -0.519918 2.413920
0.005279 -0.498731 2.359490
-0.048585 -0.505620 2.659060
-0.463142 -0.376979 2.672570
-0.227886 -0.435164 2.468540
-0.144175 -0.448756 2.481690
0.034672 -0.494468 2.611450
0.338780 -0.558928 2.400920
0.440214 -0.617947 2.189930
0.422813 -0.667230 2.139030
-0.047099 -0.493387 2.622180
-0.081695 -0.471652 2.637370
-0.283380 -0.430959 2.633390
-0.324758 -0.280244 2.643590
-0.375528 -0.512590 2.618920
-0.283293 -0.583742 2.493620
-0.286729 -0.732153 2.539350
-0.287875 -0.781625 2.557670
-0.184077 -0.479240 2.547540
-0.248521 -0.521916 2.385960
-0.037052 -0.521718 2.410640
0.004820 -0.498535 2.352850
-0.048121 -0.508467 2.643360
-0.433864 -0.390722 2.639450
-0.198631 -0.448901 2.435440
-0.108480 -0.463728 2.439800
0.039741 -0.501453 2.593090
0.350108 -0.576730 2.349160
0.451531 -0.635744 2.138190
0.428365 -0.688716 2.084070
-0.120495 -0.432218 2.788000
-0.144806 -0.415898 2.759240
-0.284536 -0.430720 2.633100
-0.325757 -0.280055 2.643160
-0.377427 -0.512326 2.618210
-0.285195 -0.583476 2.492920
-0.288624 -0.731886 2.538640
-0.289767 -0.781357 2.556960
-0.181861 -0.481523 2.542410
-0.246537 -0.523862 2.382010
-0.035162 -0.523646 2.406750
0.004505 -0.498399 2.347810
-0.132337 -0.440516 2.862530
-0.469996 -0.368212 2.689760
-0.234778 -0.426389 2.485770
-0.147804 -0.442305 2.480820
-0.040584 -0.418743 2.794800
0.279329 -0.472491 2.649020
0.380748 -0.531501 2.438060
0.355130 -0.512650 2.518530
-0.120098 -0.432233 2.788540
-0.146783 -0.413206 2.764470
-0.285230 -0.430495 2.633060
-0.326478 -0.279913 2.642840
-0.378808 -0.512128 2.617700
-0.286579 -0.583276 2.492410
-0.290001 -0.731686 2.538120
-0.291142 -0.781157 2.556440
-0.181200 -0.482932 2.538490
-0.245477 -0.525498 2.378050
-0.034165 -0.525263 2.402880
0.004121 -0.498346 2.344270
-0.132578 -0.439839 2.860190
-0.492522 -0.354333 2.720030
-0.257323 -0.412504 2.516060
-0.171437 -0.429560 2.505420
-0.043959 -0.419269 2.798170
0.277573 -0.468829 2.659240
0.378981 -0.527832 2.448300
0.350816 -0.504710 2.535980
-0.046635 -0.486268 2.641580
-0.084463 -0.460264 2.659710
-0.285550 -0.430286 2.633240
-0.327003 -0.279809 2.642600
-0.379826 -0.511976 2.617340
-0.287600 -0.583122 2.492050
-0.291016 -0.731533 2.537750
-0.292155 -0.781005 2.556070
-0.181369 -0.483805 2.535600
-0.245091 -0.526781 2.374650
-0.033816 -0.526531 2.399550
0.003681 -0.498388 2.341870
-0.034935 -0.502747 2.635710
-0.443555 -0.375460 2.663350
-0.208371 -0.433628 2.459380
-0.123935 -0.448483 2.457090
0.026859 -0.492246 2.635330
0.329331 -0.554297 2.417520
0.430734 -0.613298 2.206590
0.416721 -0.663225 2.157580
-0.123471 -0.433350 2.776530
-0.146193 -0.415448 2.748310
-0.285697 -0.430124 2.633320
-0.327390 -0.279722 2.642420
-0.380576 -0.511867 2.617040
-0.288351 -0.583011 2.491760
-0.291764 -0.731422 2.537460
-0.292902 -0.780894 2.555770
-0.181405 -0.484432 2.533440
-0.244615 -0.527910 2.371620
-0.033370 -0.527646 2.396590
0.003407 -0.498399 2.340020
-0.137773 -0.440906 2.867610
-0.479815 -0.358422 2.707000
-0.244646 -0.416586 2.503050
-0.161511 -0.432378 2.496580
-0.038033 -0.421424 2.780820
0.277648 -0.473055 2.648810
0.379044 -0.532051 2.437900
0.346928 -0.513171 2.515840
-0.137503 -0.424111 2.798600
-0.163451 -0.403473 2.770090
-0.285682 -0.429964 2.633440
-0.327672 -0.279635 2.642280
-0.381134 -0.511777 2.616830
-0.288911 -0.582920 2.491540
-0.292321 -0.731331 2.537240
-0.293458 -0.780803 2.555550
-0.181470 -0.484868 2.531840
-0.244217 -0.528838 2.369070
-0.032993 -0.528564 2.394100
0.003214 -0.498400 2.338650
-0.145596 -0.435696 2.886030
-0.497633 -0.350196 2.728360
-0.262482 -0.408355 2.524430
-0.179180 -0.424907 2.515250
-0.050000 -0.407804 2.806920
0.263605 -0.451490 2.710380
0.364991 -0.510478 2.499490
0.332767 -0.485725 2.581350
-0.149564 -0.416366 2.819480
-0.173201 -0.396862 2.783500
-0.285575 -0.429818 2.633550
-0.327874 -0.279550 2.642170
-0.381548 -0.511702 2.616660
-0.289326 -0.582843 2.491380
-0.292732 -0.731253 2.537070
-0.293868 -0.780725 2.555380
-0.181447 -0.485188 2.530750
-0.243826 -0.529653 2.366800
-0.032617 -0.529371 2.391870
0.003102 -0.498381 2.337560
-0.161949 -0.426615 2.917760
-0.507980 -0.345606 2.739470
-0.272843 -0.403762 2.535560
-0.189690 -0.420634 2.525310
-0.066343 -0.397807 2.837450
0.256628 -0.440627 2.741320
0.358008 -0.499610 2.530450
0.324566 -0.469360 2.620180
-0.067083 -0.477429 2.652330
-0.101501 -0.451026 2.666900
-0.285224 -0.429687 2.633710
-0.328006 -0.279474 2.642090
-0.381824 -0.511633 2.616550
-0.289603 -0.582774 2.491270
-0.293006 -0.731182 2.536960
-0.294140 -0.780653 2.555260
-0.181491 -0.485420 2.529810
-0.243503 -0.530299 2.364990
-0.032306 -0.530012 2.390100
0.003020 -0.498370 2.336770
-0.054112 -0.492379 2.688440
-0.460612 -0.368376 2.685780
-0.225493 -0.426528 2.481880
-0.141831 -0.441693 2.479490
0.022877 -0.490012 2.606450
0.335944 -0.556401 2.405540
0.437318 -0.615383 2.194680
0.424032 -0.667755 2.148180
-0.059072 -0.484226 2.632530
-0.089793 -0.460566 2.645100
-0.285014 -0.429594 2.633680
-0.328098 -0.279400 2.642010
-0.382033 -0.511574 2.616410
-0.289815 -0.582713 2.491140
-0.293211 -0.731119 2.536820
-0.294343 -0.780589 2.555120
-0.181546 -0.485579 2.529110
-0.243251 -0.530805 2.363570
-0.032062 -0.530515 2.388700
0.002961 -0.498363 2.336180
-0.048772 -0.496365 2.677380
-0.434332 -0.381166 2.656020
-0.199235 -0.439311 2.452140
-0.116783 -0.452837 2.455530
0.027992 -0.496453 2.588450
0.347566 -0.572865 2.357450
0.448930 -0.631840 2.146620
0.432735 -0.684419 2.108200
-0.083368 -0.488882 2.605150
-0.103798 -0.467351 2.622840
-0.284864 -0.429529 2.633570
-0.328166 -0.279330 2.641880
-0.382199 -0.511519 2.616250
-0.289982 -0.582657 2.490980
-0.293373 -0.731060 2.536650
-0.294503 -0.780529 2.554950
-0.181602 -0.485689 2.528590
-0.243050 -0.531202 2.362440
-0.031868 -0.530911 2.387580
0.002920 -0.498358 2.335730
-0.051222 -0.507317 2.694910
-0.427684 -0.385237 2.649490
-0.192596 -0.443380 2.445620
-0.110183 -0.456383 2.449990
0.045526 -0.516749 2.506650
0.373849 -0.603669 2.263740
0.475202 -0.662637 2.052930
0.463341 -0.732633 1.989980
-0.131646 -0.431940 2.790280
-0.153939 -0.415751 2.758480
-0.284687 -0.429503 2.633460
-0.328189 -0.279282 2.641690
-0.382307 -0.511484 2.616110
-0.290093 -0.582621 2.490850
-0.293477 -0.731021 2.536500
-0.294605 -0.780490 2.554790
-0.181643 -0.485767 2.528200
-0.242878 -0.531516 2.361550
-0.031701 -0.531224 2.386700
0.002868 -0.498357 2.335370
-0.135720 -0.440011 2.849200
-0.475288 -0.362205 2.694990
-0.240219 -0.420345 2.491130
-0.157383 -0.435505 2.489350
-0.062044 -0.419708 2.809090
0.279822 -0.472039 2.648930
0.381174 -0.531008 2.438120
0.370480 -0.553944 2.421650
-0.158771 -0.429747 2.754290
-0.179360 -0.411367 2.734490
-0.284240 -0.429697 2.632930
-0.327805 -0.279517 2.640220
-0.382287 -0.511541 2.615770
-0.290079 -0.582673 2.490510
-0.293448 -0.731074 2.536140
-0.294571 -0.780543 2.554420
-0.181862 -0.485769 2.527840
-0.242837 -0.531745 2.360810
-0.031664 -0.531452 2.385980
0.002525 -0.498298 2.334930
-0.156202 -0.443041 2.874860
-0.514789 -0.348513 2.730120
-0.279749 -0.406645 2.526300
-0.194285 -0.423598 2.518030
-0.051924 -0.410516 2.728790
0.279545 -0.470581 2.652530
0.380885 -0.529543 2.441750
0.378831 -0.569063 2.385720
-0.214299 -0.453716 2.683700
-0.222992 -0.432223 2.688100
-0.283444 -0.430226 2.631280
-0.326733 -0.280444 2.636140
-0.382082 -0.511761 2.614790
-0.289883 -0.582886 2.489560
-0.293231 -0.731288 2.535140
-0.294346 -0.780757 2.553410
-0.182175 -0.485713 2.527520
-0.242856 -0.531913 2.360190
-0.031687 -0.531621 2.385350
0.000833 -0.497654 2.334100
-0.279713 -0.514744 2.709610
-0.610840 -0.414845 2.545030
-0.375812 -0.472977 2.341210
-0.371100 -0.527993 2.288330
-0.075119 -0.429289 2.685360
0.254399 -0.435685 2.754830
0.355732 -0.494643 2.544070
0.360613 -0.534434 2.469690
-0.205133 -0.411515 2.442980
-0.215984 -0.429342 2.472230
-0.281192 -0.431105 2.624720
-0.324317 -0.281336 2.626670
-0.381109 -0.512167 2.611050
-0.288928 -0.583279 2.485860
-0.292233 -0.731678 2.531350
-0.293334 -0.781146 2.549590
-0.182729 -0.485530 2.526990
-0.242999 -0.532012 2.359460
-0.032114 -0.531513 2.381630
-0.001379 -0.496410 2.331900
-0.210737 -0.410246 2.402880
-0.573925 -0.330162 2.540310
-0.338911 -0.388286 2.336510
-0.232914 -0.390412 2.356610
-0.156933 -0.402552 2.400870
0.159550 -0.419890 2.686490
0.260877 -0.478846 2.475720
0.334563 -0.509873 2.502370
-0.114518 -0.419727 2.760400
-0.144015 -0.407574 2.726000
-0.277199 -0.432040 2.616400
-0.320676 -0.282225 2.614730
-0.378872 -0.512699 2.605570
-0.286713 -0.583797 2.480420
-0.289964 -0.732191 2.525820
-0.291047 -0.781656 2.544020
-0.183695 -0.485193 2.525590
-0.243362 -0.532045 2.358160
-0.032889 -0.531052 2.375950
-0.003907 -0.494882 2.328520
-0.114199 -0.432303 2.808690
-0.505333 -0.327871 2.643510
-0.270336 -0.385993 2.439720
-0.256585 -0.454973 2.432710
-0.060300 -0.403301 2.775930
0.194903 -0.415642 2.739910
0.296226 -0.474594 2.529160
0.334098 -0.506047 2.510200
-0.111946 -0.415351 2.759670
-0.141223 -0.404371 2.724140
-0.272653 -0.431934 2.601990
-0.317612 -0.281310 2.599310
-0.375766 -0.512734 2.595250
-0.283628 -0.583817 2.470140
-0.286825 -0.732199 2.515440
-0.287890 -0.781660 2.533610
-0.184304 -0.484940 2.523030
-0.243541 -0.532126 2.356040
-0.032948 -0.530883 2.372080
-0.005773 -0.493566 2.324550
-0.110790 -0.427465 2.805230
-0.479370 -0.321194 2.676870
-0.244390 -0.379312 2.473090
-0.243512 -0.459940 2.469660
-0.066583 -0.399476 2.781250
0.206675 -0.415785 2.747950
0.307982 -0.474729 2.537230
0.336108 -0.506043 2.509260
-0.126811 -0.406733 2.793300
-0.152848 -0.392790 2.753310
-0.269799 -0.431339 2.592730
-0.314804 -0.279539 2.586140
-0.373158 -0.512373 2.586530
-0.281036 -0.583444 2.461440
-0.284193 -0.731814 2.506680
-0.285245 -0.781271 2.524840
-0.183410 -0.484588 2.520850
-0.242824 -0.532100 2.354120
-0.028528 -0.527978 2.357530
-0.005636 -0.490765 2.316410
-0.139107 -0.408385 2.827180
-0.482901 -0.320668 2.683490
-0.247936 -0.378785 2.479730
-0.252266 -0.464398 2.479080
-0.075597 -0.395712 2.833440
0.227735 -0.422854 2.742790
0.329032 -0.481794 2.532080
0.342186 -0.512196 2.495220
