0.258399 -0.371058 2.553780
0.258057 -0.334581 2.594310
0.260010 -0.109854 2.594600
0.271855 0.066710 2.559590
0.115618 -0.184264 2.585000
0.061441 -0.373442 2.560560
0.062431 -0.526130 2.468230
0.081445 -0.574994 2.409190
0.407717 -0.197602 2.582690
0.449504 -0.389854 2.568480
0.454332 -0.546629 2.482620
0.454344 -0.588046 2.447890
0.189198 -0.435564 2.536940
0.238272 -0.669012 2.177230
0.174004 -0.867107 2.071650
0.174130 -0.896525 1.998300
0.327839 -0.435471 2.545400
0.310548 -0.637703 2.231640
0.306599 -0.877436 2.059420
0.307452 -0.897037 1.987650
0.258564 -0.370771 2.553600
0.258266 -0.334347 2.594130
0.260824 -0.109862 2.594370
0.271791 0.066746 2.559510
0.115839 -0.184341 2.584750
0.061603 -0.373500 2.560020
0.062400 -0.526288 2.468170
0.081786 -0.577513 2.407590
0.407979 -0.197478 2.582630
0.449779 -0.389776 2.568410
0.454635 -0.546662 2.482950
0.452017 -0.587293 2.444760
0.189244 -0.435300 2.536800
0.238326 -0.668831 2.177270
0.202879 -0.869153 2.069080
0.203309 -0.898545 1.995740
0.327980 -0.435189 2.545140
0.311132 -0.602756 2.261890
0.305904 -0.867347 2.058640
0.307175 -0.892665 1.986940
0.258714 -0.370514 2.553440
0.258467 -0.334135 2.593950
0.261551 -0.109907 2.594140
0.271709 0.066764 2.559410
0.116046 -0.184408 2.584500
0.061746 -0.373564 2.559500
0.062374 -0.526454 2.468110
0.081875 -0.579146 2.406540
0.408240 -0.197390 2.582530
0.450067 -0.389736 2.568320
0.454863 -0.546730 2.483220
0.449695 -0.586763 2.441800
0.189285 -0.435064 2.536660
0.238376 -0.668669 2.177300
0.219822 -0.870319 2.067580
0.220258 -0.899674 1.994280
0.328104 -0.434942 2.544890
0.311189 -0.588532 2.274110
0.305883 -0.860110 2.058210
0.307273 -0.888947 1.986440
0.258849 -0.370285 2.553280
0.258649 -0.333943 2.593770
0.262155 -0.109937 2.593950
0.271626 0.066780 2.559310
0.116269 -0.184467 2.584240
0.061873 -0.373616 2.559030
0.062347 -0.526604 2.468050
0.081750 -0.579892 2.406040
0.408490 -0.197309 2.582420
0.450351 -0.389656 2.568210
0.455108 -0.546770 2.483500
0.449825 -0.586894 2.442290
0.189324 -0.434847 2.536530
0.227828 -0.679188 2.173790
0.220680 -0.874470 2.064410
0.222590 -0.901000 1.992650
0.328214 -0.434724 2.544670
0.311685 -0.579895 2.281520
0.306254 -0.854884 2.057930
0.307688 -0.885843 1.986050
0.258970 -0.370081 2.553140
0.258817 -0.333769 2.593610
0.262692 -0.109974 2.593770
0.271545 0.066789 2.559220
0.116537 -0.184535 2.583960
0.061988 -0.373668 2.558610
0.062322 -0.526749 2.467980
0.081440 -0.579946 2.405970
0.408738 -0.197246 2.582290
0.450646 -0.389544 2.568090
0.455435 -0.546788 2.483820
0.450228 -0.587060 2.443170
0.189359 -0.434652 2.536410
0.226777 -0.680363 2.173420
0.215996 -0.874700 2.064570
0.217634 -0.901286 1.992810
0.328309 -0.434532 2.544460
0.313751 -0.579519 2.282550
0.306218 -0.851200 2.057670
0.307705 -0.883384 1.985680
0.259091 -0.369874 2.553000
0.258980 -0.333596 2.593450
0.263144 -0.110009 2.593610
0.271418 0.066862 2.559030
0.116798 -0.184612 2.583650
0.062094 -0.373724 2.558230
0.062299 -0.526893 2.467920
0.081037 -0.579548 2.406190
0.408974 -0.197174 2.582160
0.450949 -0.389417 2.567970
0.455753 -0.546793 2.484140
0.450761 -0.587249 2.444250
0.189399 -0.434459 2.536300
0.226754 -0.680595 2.173370
0.210479 -0.874309 2.064870
0.211840 -0.901125 1.993000
0.328401 -0.434332 2.544260
0.317307 -0.584128 2.278450
0.306140 -0.848402 2.057490
0.307642 -0.881249 1.985400
0.259211 -0.369675 2.552860
0.259134 -0.333430 2.593290
0.263421 -0.110022 2.593480
0.271364 0.066906 2.558890
0.117069 -0.184700 2.583350
0.062197 -0.373755 2.557890
0.062279 -0.527004 2.467870
0.080571 -0.578795 2.406610
0.409211 -0.197133 2.581990
0.451248 -0.389298 2.567860
0.456258 -0.546747 2.484380
0.451410 -0.587425 2.445300
0.189461 -0.434264 2.536200
0.227395 -0.680183 2.173520
0.211032 -0.874470 2.064680
0.212288 -0.901314 1.992810
0.328508 -0.434132 2.544080
0.319782 -0.589948 2.273590
0.306240 -0.846378 2.057400
0.307772 -0.879587 1.985220
0.259321 -0.369497 2.552740
0.259278 -0.333276 2.593150
0.263652 -0.110033 2.593350
0.271357 0.066949 2.558710
0.117339 -0.184781 2.583060
0.062286 -0.373777 2.557600
0.062261 -0.527099 2.467820
0.080184 -0.577935 2.407130
0.409490 -0.197105 2.581810
0.451530 -0.389186 2.567760
0.456772 -0.546683 2.484580
0.452073 -0.587580 2.446310
0.189525 -0.434090 2.536110
0.228409 -0.679389 2.173790
0.203388 -0.873259 2.065660
0.204332 -0.900548 1.993590
0.328604 -0.433960 2.543920
0.321618 -0.594658 2.269360
0.306359 -0.844844 2.057340
0.307916 -0.878198 1.985090
0.259428 -0.369353 2.552640
0.259415 -0.333150 2.593020
0.263841 -0.110047 2.593230
0.271373 0.066988 2.558550
0.117688 -0.184930 2.582710
0.062364 -0.373800 2.557340
0.062242 -0.527185 2.467770
0.079841 -0.577092 2.407630
0.409756 -0.197093 2.581610
0.451794 -0.389082 2.567660
0.457179 -0.546646 2.484780
0.452685 -0.587708 2.447230
0.189598 -0.433947 2.536030
0.229577 -0.678421 2.174080
0.201971 -0.873015 2.065700
0.202839 -0.900424 1.993570
0.328691 -0.433810 2.543770
0.322584 -0.598397 2.266210
0.306645 -0.843677 2.057320
0.308229 -0.877069 1.985000
0.259542 -0.369201 2.552530
0.259551 -0.333018 2.592890
0.263970 -0.110049 2.593140
0.271405 0.067024 2.558400
0.118011 -0.185082 2.582370
0.062459 -0.373842 2.557070
0.062212 -0.527294 2.467700
0.079558 -0.576416 2.408060
0.410011 -0.197078 2.581400
0.452044 -0.388965 2.567570
0.457579 -0.546581 2.484970
0.453260 -0.587789 2.448060
0.189694 -0.433797 2.535960
0.230694 -0.677466 2.174360
0.199316 -0.872059 2.065370
0.200079 -0.899714 1.993130
0.328796 -0.433640 2.543630
0.323249 -0.600866 2.263900
0.306780 -0.842817 2.057320
0.308381 -0.876160 1.984970
0.259651 -0.369053 2.552430
0.259679 -0.332891 2.592770
0.264078 -0.110051 2.593050
0.271433 0.067055 2.558290
0.118308 -0.185238 2.582040
0.062546 -0.373884 2.556830
0.062180 -0.527393 2.467620
0.079276 -0.575834 2.408430
0.410249 -0.197071 2.581210
0.452282 -0.388855 2.567470
0.457967 -0.546518 2.485140
0.453785 -0.587860 2.448800
0.189788 -0.433651 2.535890
0.231731 -0.676560 2.174600
0.196923 -0.871154 2.065170
0.197618 -0.899039 1.992840
0.328894 -0.433481 2.543490
0.323719 -0.602083 2.262610
0.306991 -0.842121 2.057360
0.308608 -0.875335 1.984980
0.259778 -0.368888 2.552330
0.259815 -0.332747 2.592640
0.264157 -0.110045 2.592940
0.271512 0.067089 2.558160
0.118580 -0.185374 2.581740
0.062629 -0.373934 2.556600
0.062151 -0.527492 2.467530
0.079035 -0.575331 2.408710
0.410482 -0.197068 2.581020
0.452515 -0.388783 2.567380
0.458422 -0.546509 2.485320
0.454272 -0.587961 2.449470
0.189935 -0.433470 2.535830
0.232719 -0.675633 2.174800
0.195074 -0.870165 2.064790
0.195727 -0.898262 1.992380
0.329003 -0.433316 2.543370
0.324083 -0.602974 2.261650
0.307063 -0.841598 2.057380
0.308651 -0.874613 1.984980
0.259913 -0.368705 2.552230
0.259959 -0.332589 2.592510
0.264224 -0.110038 2.592820
0.271651 0.067104 2.557990
0.118852 -0.185529 2.581420
0.062716 -0.374000 2.556410
0.062098 -0.527596 2.467410
0.078890 -0.574910 2.408930
0.410773 -0.197127 2.580750
0.452769 -0.388757 2.567260
0.458793 -0.546556 2.485470
0.454647 -0.588095 2.450040
0.190087 -0.433281 2.535770
0.233342 -0.675314 2.174780
0.198041 -0.869569 2.062730
0.198622 -0.897234 1.990610
0.329117 -0.433140 2.543240
0.324300 -0.603579 2.260850
0.307233 -0.841164 2.057450
0.308815 -0.873976 1.985040
0.260050 -0.368525 2.552120
0.260099 -0.332434 2.592370
0.264266 -0.110019 2.592720
0.271799 0.067120 2.557810
0.119111 -0.185684 2.581100
0.062808 -0.374073 2.556260
0.062041 -0.527694 2.467290
0.078751 -0.574551 2.409090
0.411059 -0.197195 2.580490
0.453014 -0.388733 2.567150
0.459284 -0.546600 2.485600
0.455016 -0.588224 2.450570
0.190251 -0.433093 2.535710
0.233899 -0.675014 2.174750
0.198064 -0.869156 2.062110
0.198631 -0.896742 1.990030
0.329246 -0.432960 2.543090
0.324467 -0.603976 2.260180
0.307666 -0.840795 2.057610
0.309200 -0.873372 1.985180
0.260203 -0.368344 2.552010
0.260259 -0.332274 2.592230
0.264310 -0.109998 2.592610
0.272044 0.067137 2.557580
0.119358 -0.185834 2.580800
0.062902 -0.374155 2.556130
0.061990 -0.527784 2.467170
0.074480 -0.545167 2.427050
0.411367 -0.197271 2.580190
0.453238 -0.388723 2.567040
0.459721 -0.546650 2.485710
0.455336 -0.588346 2.451030
0.190427 -0.432908 2.535660
0.234355 -0.674784 2.174710
0.200466 -0.868944 2.061230
0.200998 -0.896332 1.989270
0.329389 -0.432784 2.542940
0.320344 -0.663114 2.204910
0.309796 -0.853500 2.057640
0.310430 -0.878551 1.986320
0.260377 -0.368194 2.551880
0.260446 -0.332137 2.592060
0.264372 -0.110012 2.592420
0.272428 0.067129 2.557290
0.119640 -0.185973 2.580490
0.062997 -0.374258 2.556110
0.061946 -0.527834 2.467050
0.072721 -0.532822 2.434620
0.411714 -0.197398 2.579830
0.453444 -0.388726 2.566940
0.460091 -0.546713 2.485830
0.455606 -0.588457 2.451420
0.190651 -0.432747 2.535590
0.229652 -0.678770 2.173060
0.205681 -0.871520 2.058440
0.205188 -0.896509 1.987680
0.329533 -0.432645 2.542800
0.317364 -0.696364 2.174140
0.311694 -0.863637 2.057730
0.311682 -0.883509 1.987350
0.260718 -0.368059 2.551720
0.260815 -0.332003 2.591830
0.264596 -0.110119 2.591980
0.273042 0.067171 2.557010
0.119919 -0.186096 2.580180
0.063220 -0.374704 2.556790
0.061899 -0.527793 2.466860
0.071751 -0.526184 2.439150
0.412090 -0.197536 2.579450
0.453652 -0.388749 2.566850
0.460388 -0.546782 2.485920
0.455820 -0.588555 2.451730
0.191147 -0.432628 2.535520
0.225517 -0.682292 2.171600
0.205524 -0.873469 2.057090
0.205534 -0.896746 1.987050
0.329780 -0.432522 2.542630
0.316135 -0.709169 2.162200
0.313676 -0.871339 2.057880
0.313164 -0.887968 1.988260
0.261128 -0.367950 2.551520
0.261278 -0.331864 2.591530
0.265002 -0.110241 2.591100
0.273956 0.067311 2.556620
0.120281 -0.186215 2.579860
0.063518 -0.375239 2.558830
0.061889 -0.527440 2.466680
0.071182 -0.522247 2.441710
0.412537 -0.197677 2.579000
0.453854 -0.388763 2.566770
0.460653 -0.546872 2.486090
0.455996 -0.588632 2.452040
0.191743 -0.432534 2.535440
0.222836 -0.684703 2.170480
0.217014 -0.876904 2.054770
0.215617 -0.897715 1.985980
0.330052 -0.432431 2.542470
0.317430 -0.717981 2.156040
0.314890 -0.878247 2.058110
0.314281 -0.891956 1.988690
0.261745 -0.367806 2.551250
0.261966 -0.331664 2.591130
0.265547 -0.110323 2.590020
0.275654 0.067365 2.556050
0.120877 -0.186291 2.579410
0.063810 -0.375663 2.560480
0.062000 -0.527124 2.466560
0.070744 -0.519475 2.443540
0.413321 -0.197993 2.578210
0.454152 -0.388835 2.566700
0.460447 -0.546972 2.486140
0.456072 -0.588668 2.452180
0.192581 -0.432388 2.535340
0.220875 -0.686385 2.169670
0.221898 -0.878571 2.052610
0.219949 -0.897974 1.984760
0.330486 -0.432332 2.542280
0.320727 -0.721898 2.155840
0.315774 -0.883232 2.058350
0.315192 -0.895104 1.989000
0.262915 -0.367575 2.550870
0.263189 -0.331317 2.590550
0.266667 -0.110352 2.588230
0.278844 0.067077 2.554600
0.121889 -0.186332 2.578680
0.064128 -0.376006 2.561620
0.062284 -0.526862 2.466450
0.070391 -0.517757 2.444810
0.414423 -0.198233 2.577350
0.454644 -0.388987 2.566750
0.460070 -0.547013 2.486050
0.456060 -0.588605 2.452180
0.194169 -0.432166 2.535190
0.219402 -0.687782 2.169200
0.225674 -0.879890 2.050980
0.223432 -0.898163 1.983680
0.331337 -0.432190 2.542100
0.325415 -0.720678 2.160640
0.316736 -0.887195 2.059040
0.316284 -0.897955 1.989610
0.264384 -0.367226 2.550390
0.264720 -0.330826 2.589840
0.268407 -0.110329 2.586090
0.283823 0.066659 2.552320
0.123891 -0.186055 2.577440
0.064494 -0.376359 2.562720
0.063730 -0.526173 2.465980
0.070195 -0.517190 2.445420
0.416561 -0.198514 2.576240
0.455942 -0.389418 2.567270
0.459611 -0.546717 2.485300
0.456187 -0.588216 2.451650
0.195869 -0.431865 2.535020
0.216942 -0.688986 2.168690
0.232565 -0.880376 2.049090
0.229983 -0.897832 1.982450
0.332371 -0.431999 2.541880
0.339886 -0.695697 2.177450
0.317499 -0.888362 2.060760
0.317102 -0.900175 1.991050
0.268973 -0.366657 2.549990
0.268805 -0.330020 2.589010
0.271767 -0.110339 2.583300
0.293636 0.066190 2.548620
0.128679 -0.185460 2.574860
0.065634 -0.376904 2.563650
0.065624 -0.525506 2.464950
0.070413 -0.518063 2.444740
0.421614 -0.199202 2.574940
0.465024 -0.393062 2.575700
0.463550 -0.545217 2.483960
0.458871 -0.588118 2.451050
0.201589 -0.431475 2.535430
0.214930 -0.689696 2.168470
0.236500 -0.880607 2.047970
0.233977 -0.897523 1.981660
0.336626 -0.431702 2.542110
0.346447 -0.683201 2.185630
0.318223 -0.888433 2.062690
0.317904 -0.901774 1.992410
0.275261 -0.366345 2.550060
0.274306 -0.329329 2.588470
0.275960 -0.110365 2.580570
0.305147 0.065303 2.544870
0.135154 -0.184434 2.571650
0.072551 -0.378387 2.560100
0.066677 -0.526514 2.464590
0.072396 -0.520641 2.441540
0.426845 -0.199988 2.573810
0.478349 -0.395043 2.588930
0.483588 -0.536686 2.482420
0.486507 -0.572237 2.430730
0.209720 -0.431178 2.536840
0.213437 -0.690064 2.168540
0.239084 -0.880692 2.047310
0.236659 -0.897192 1.981140
0.342383 -0.431717 2.542810
0.349725 -0.676812 2.189800
0.318820 -0.887855 2.064480
0.318596 -0.902934 1.993550
0.280283 -0.366107 2.549780
0.279257 -0.328671 2.587600
0.285404 -0.110046 2.576350
0.320631 0.064164 2.539870
0.144595 -0.182653 2.567890
0.084029 -0.378902 2.550790
0.068114 -0.527963 2.463840
0.074630 -0.522661 2.437750
0.435909 -0.201438 2.572670
0.490869 -0.393217 2.598750
0.505685 -0.524686 2.481170
0.515340 -0.553558 2.416570
0.215079 -0.430811 2.537320
0.212372 -0.690372 2.168540
0.240834 -0.880822 2.046820
0.238560 -0.897048 1.980760
0.346678 -0.431837 2.543140
0.351678 -0.672600 2.192500
0.319248 -0.887114 2.066010
0.319185 -0.903871 1.994530
0.287093 -0.365057 2.548310
0.286743 -0.326969 2.585170
0.298871 -0.108470 2.570350
0.332920 0.063928 2.535930
0.154845 -0.180942 2.564450
0.095834 -0.378559 2.541010
0.070639 -0.529425 2.461800
0.076799 -0.523904 2.433750
0.447463 -0.202893 2.572790
0.517395 -0.388516 2.625010
0.554028 -0.512995 2.501600
0.544581 -0.517217 2.422550
0.220598 -0.429752 2.536700
0.211647 -0.690632 2.168490
0.222031 -0.882218 2.047890
0.224961 -0.898236 1.981690
0.351717 -0.431602 2.542750
0.353010 -0.669846 2.194270
0.319902 -0.886497 2.067440
0.320208 -0.904912 1.995760
0.293323 -0.364108 2.546390
0.293088 -0.325679 2.582670
0.308426 -0.107446 2.566710
0.346739 0.063537 2.530770
0.167901 -0.178762 2.560600
0.107102 -0.376449 2.533060
0.073372 -0.529193 2.458350
0.080640 -0.524354 2.427990
0.459184 -0.204583 2.574040
0.529365 -0.386628 2.636300
0.582215 -0.484633 2.495930
0.573600 -0.495472 2.426540
0.225673 -0.428458 2.535280
0.211283 -0.690844 2.168390
0.207080 -0.883095 2.048480
0.213795 -0.899306 1.982480
0.356786 -0.431430 2.541510
0.352902 -0.667182 2.195680
0.320363 -0.886039 2.068490
0.321200 -0.905849 1.996760
0.298917 -0.363369 2.544390
0.298661 -0.324793 2.580420
0.317215 -0.106459 2.564770
0.361380 0.062624 2.524070
0.178474 -0.177350 2.557990
0.115162 -0.374219 2.528240
0.083441 -0.524164 2.445880
0.087381 -0.546086 2.391910
0.472551 -0.206785 2.576570
0.539326 -0.386886 2.642070
0.595457 -0.474701 2.492110
0.603986 -0.488659 2.421190
0.230362 -0.427076 2.533350
0.211334 -0.690859 2.168340
0.195153 -0.883082 2.049600
0.204242 -0.900237 1.983380
0.361501 -0.431571 2.539760
0.352670 -0.665284 2.196610
0.320579 -0.885787 2.069210
0.321921 -0.906714 1.997530
0.304875 -0.362957 2.542170
0.305334 -0.324266 2.577990
0.333006 -0.105339 2.563370
0.373225 0.062172 2.518590
0.192571 -0.175479 2.556310
0.123007 -0.370263 2.526850
0.102770 -0.509182 2.428400
0.093958 -0.549782 2.370540
0.482374 -0.208316 2.578240
0.564433 -0.375438 2.619440
0.611936 -0.473137 2.481770
0.627571 -0.486725 2.419980
0.235348 -0.425486 2.531010
0.211621 -0.690783 2.168260
0.186106 -0.882965 2.050710
0.196490 -0.900982 1.984310
0.365615 -0.431933 2.537960
0.352049 -0.663873 2.197110
0.320702 -0.885621 2.069760
0.322491 -0.907525 1.998170
0.314126 -0.362768 2.539610
0.314956 -0.324083 2.575520
0.346435 -0.104922 2.562710
0.388505 0.060545 2.511840
0.210318 -0.174441 2.554910
0.131324 -0.366492 2.524810
0.113868 -0.499851 2.415810
0.102621 -0.547316 2.349830
0.496528 -0.211753 2.581020
0.580645 -0.380632 2.629410
0.622309 -0.470186 2.479800
0.649633 -0.488641 2.421120
0.243262 -0.423060 2.528060
0.212792 -0.690486 2.168080
0.205455 -0.882732 2.050930
0.214519 -0.901944 1.984470
0.372812 -0.433074 2.535500
0.351240 -0.662861 2.197290
0.320583 -0.885474 2.070230
0.322805 -0.908220 1.998670
0.321502 -0.363024 2.537540
0.323124 -0.324388 2.573540
0.360035 -0.105397 2.562050
0.411920 0.056878 2.504440
0.228410 -0.173056 2.554710
0.138972 -0.362403 2.522780
0.127287 -0.488781 2.400110
0.108844 -0.545825 2.339160
0.507415 -0.216868 2.582010
0.591322 -0.382704 2.627050
0.639354 -0.474168 2.476280
0.666924 -0.491122 2.423570
0.249995 -0.421084 2.525530
0.218637 -0.685565 2.168790
0.215761 -0.880358 2.052790
0.224185 -0.902634 1.985070
0.378067 -0.434144 2.533620
0.350458 -0.662045 2.197290
0.320018 -0.885278 2.070620
0.322826 -0.908801 1.999040
0.329916 -0.362898 2.535190
0.331593 -0.324491 2.571510
0.370210 -0.105990 2.561660
0.427303 0.054063 2.499470
0.244786 -0.171679 2.553700
0.147361 -0.357758 2.519950
0.146183 -0.480241 2.379310
0.124740 -0.544614 2.341340
0.517284 -0.222826 2.582670
0.600308 -0.386598 2.627030
0.652405 -0.477678 2.475770
0.688381 -0.493489 2.429880
0.259557 -0.417334 2.521710
0.225542 -0.680057 2.169380
0.219636 -0.878598 2.053320
0.227965 -0.902589 1.984990
0.384249 -0.435139 2.531510
0.349838 -0.661398 2.197160
0.316675 -0.884659 2.071100
0.321280 -0.909389 1.999480
0.338963 -0.362370 2.533430
0.340693 -0.324217 2.570000
0.381145 -0.106925 2.561220
0.453575 0.048857 2.491770
0.257698 -0.170853 2.552590
0.156482 -0.353141 2.515360
0.171087 -0.470056 2.351590
0.166235 -0.523495 2.318960
0.527983 -0.229649 2.583340
0.616744 -0.402192 2.632740
0.666936 -0.482508 2.476700
0.706413 -0.499461 2.428110
0.268442 -0.413641 2.518860
0.231830 -0.675478 2.169780
0.221563 -0.876244 2.053090
0.230014 -0.901923 1.984450
0.391561 -0.436089 2.530030
0.349305 -0.660900 2.196930
0.313153 -0.883852 2.071690
0.319561 -0.909740 2.000020
0.346382 -0.362189 2.532060
0.348711 -0.324129 2.568700
0.395638 -0.109138 2.559290
0.467472 0.045442 2.487820
0.269572 -0.171026 2.550730
0.168177 -0.347058 2.507800
0.204814 -0.486808 2.321820
0.197455 -0.528987 2.300130
0.535966 -0.235253 2.583250
0.626589 -0.411311 2.637560
0.689728 -0.485666 2.483520
0.721986 -0.500966 2.434820
0.275033 -0.411002 2.516960
0.235731 -0.672709 2.169890
0.219674 -0.871977 2.051340
0.228933 -0.899490 1.982500
0.397299 -0.436987 2.529000
0.348966 -0.660491 2.196740
0.309201 -0.883117 2.072450
0.317277 -0.910099 2.000760
0.353969 -0.361357 2.530780
0.356287 -0.323449 2.567360
0.406883 -0.110948 2.557250
0.479344 0.042387 2.485240
0.285583 -0.171081 2.547020
0.182996 -0.345197 2.491430
0.230825 -0.475762 2.319300
0.222075 -0.519714 2.295900
0.544255 -0.240284 2.583670
0.632663 -0.415062 2.640150
0.727079 -0.493267 2.475100
0.747294 -0.505542 2.429630
0.283195 -0.406682 2.514330
0.240702 -0.669370 2.170090
0.213023 -0.864393 2.048490
0.224090 -0.894244 1.979490
0.402774 -0.437519 2.528580
0.348715 -0.660185 2.196540
0.305168 -0.882049 2.073120
0.315109 -0.910097 2.001460
0.377322 -0.359252 2.527810
0.376300 -0.321987 2.564040
0.419807 -0.112862 2.553900
0.491407 0.038881 2.483110
0.300380 -0.171285 2.543270
0.201049 -0.340053 2.473130
0.272385 -0.456120 2.321670
0.306052 -0.486635 2.271490
0.552566 -0.244460 2.584400
0.642934 -0.418054 2.640980
0.740800 -0.495790 2.473190
0.765564 -0.505857 2.430070
0.308476 -0.400492 2.506790
0.245325 -0.666519 2.170290
0.194170 -0.848144 2.044450
0.175636 -0.810007 2.018350
0.429737 -0.437475 2.531310
0.348539 -0.660028 2.196280
0.301578 -0.879794 2.074050
0.313225 -0.909041 2.002410
0.391363 -0.357213 2.525900
0.388915 -0.320150 2.561500
0.432967 -0.114735 2.550020
0.506798 0.034203 2.480730
0.322459 -0.173127 2.535530
0.236258 -0.340196 2.440070
0.329362 -0.450081 2.319080
0.385049 -0.467160 2.264100
0.564211 -0.248299 2.586770
0.652567 -0.419559 2.641620
0.750819 -0.496906 2.472580
0.784284 -0.504156 2.426530
0.323341 -0.396028 2.501150
0.248331 -0.664679 2.170350
0.182205 -0.838159 2.040840
0.138543 -0.778887 2.026730
0.442977 -0.437054 2.533140
0.348292 -0.660595 2.195500
0.272927 -0.855652 2.074140
0.209826 -0.847600 2.033550
0.401873 -0.355786 2.524030
0.398964 -0.318478 2.558620
0.444979 -0.115655 2.544950
0.529778 0.028229 2.480480
0.337911 -0.174988 2.528540
0.250043 -0.343442 2.428280
0.382831 -0.446095 2.317980
0.449811 -0.460925 2.265920
0.577908 -0.253212 2.590410
0.672529 -0.417382 2.631250
0.758934 -0.497043 2.472290
0.801437 -0.501770 2.419300
0.334640 -0.393588 2.495860
0.250019 -0.663450 2.170250
0.175574 -0.833169 2.038790
0.115659 -0.767814 2.029450
0.451744 -0.436922 2.534600
0.347122 -0.663307 2.193460
0.260084 -0.848226 2.073070
0.169025 -0.826239 2.044180
0.431536 -0.355283 2.522620
0.422271 -0.317172 2.553600
0.458345 -0.116984 2.537300
0.541485 0.025561 2.480690
0.356105 -0.177467 2.517880
0.282301 -0.329702 2.416720
0.445938 -0.452197 2.310640
0.508314 -0.467451 2.274820
0.612895 -0.252203 2.603410
0.692886 -0.408536 2.627450
0.766689 -0.495631 2.472810
0.814591 -0.498486 2.413080
0.371104 -0.403301 2.487710
0.214522 -0.586027 2.222820
0.133882 -0.790991 2.037080
0.064215 -0.768002 2.018640
0.489072 -0.435313 2.548100
0.345956 -0.668774 2.197100
0.249429 -0.843529 2.076820
0.143549 -0.812140 2.054270
0.450178 -0.349336 2.519630
0.440213 -0.312083 2.547980
0.473603 -0.119383 2.529260
0.557594 0.020424 2.481440
0.367490 -0.179507 2.510910
0.306132 -0.327221 2.412910
0.490378 -0.465258 2.313920
0.537989 -0.487371 2.292110
0.631365 -0.249486 2.608770
0.704016 -0.403277 2.623870
0.796464 -0.484721 2.452120
0.841835 -0.494552 2.383910
0.385385 -0.401509 2.481460
0.179219 -0.597699 2.178640
0.075974 -0.765580 2.018790
0.063145 -0.787232 1.966570
0.507443 -0.431145 2.552040
0.346062 -0.671597 2.199560
0.241064 -0.838270 2.079660
0.145356 -0.810806 2.060330
0.459028 -0.347120 2.518220
0.449462 -0.309798 2.544690
0.483988 -0.121444 2.523010
0.567594 0.016952 2.481740
0.376004 -0.181464 2.505060
0.318632 -0.326690 2.410020
0.482563 -0.466089 2.344440
0.541198 -0.495818 2.322050
0.645615 -0.247004 2.610700
0.721632 -0.404803 2.597620
0.813379 -0.478678 2.437160
0.853658 -0.492940 2.371570
0.392909 -0.401210 2.478570
0.162407 -0.558381 2.237030
0.040545 -0.730190 2.025630
0.050673 -0.775781 1.963810
0.516180 -0.429765 2.553940
0.346221 -0.672966 2.200470
0.236700 -0.835226 2.080620
0.204649 -0.783904 2.047870
0.466902 -0.346620 2.517450
0.459464 -0.309424 2.541380
0.496263 -0.125369 2.514840
0.574939 0.014278 2.481700
0.384525 -0.184167 2.499450
0.331919 -0.329581 2.410460
0.525121 -0.478394 2.352800
0.589673 -0.515800 2.346120
0.657995 -0.246363 2.609440
0.745697 -0.408118 2.565220
0.826077 -0.478584 2.421470
0.882945 -0.511944 2.341370
0.399063 -0.401655 2.477460
0.157424 -0.551515 2.236840
0.026789 -0.731422 2.010120
0.005233 -0.778545 1.956040
0.523747 -0.429476 2.555110
0.347511 -0.673765 2.201150
0.234210 -0.832750 2.081360
0.218829 -0.774079 2.042560
0.472431 -0.347411 2.516100
0.466844 -0.310656 2.537340
0.506210 -0.128974 2.508580
0.580874 0.012081 2.481150
0.397895 -0.189912 2.491010
0.344839 -0.335209 2.411940
0.548490 -0.484516 2.364510
0.599948 -0.523971 2.354770
0.669321 -0.247041 2.604720
0.757605 -0.410799 2.548720
0.834006 -0.480426 2.409570
0.897376 -0.519512 2.318290
0.403258 -0.402411 2.476500
0.160170 -0.530999 2.253030
0.016711 -0.702063 2.015790
0.032982 -0.747464 1.954340
0.528546 -0.430608 2.554040
0.349301 -0.674884 2.200060
0.234768 -0.830581 2.077490
0.228191 -0.765794 2.055100
0.478519 -0.349748 2.513770
0.476073 -0.313630 2.531790
0.517037 -0.132931 2.503110
0.589277 0.008869 2.480680
0.407072 -0.193677 2.485380
0.403500 -0.379228 2.394350
0.590496 -0.508984 2.366130
0.629011 -0.550865 2.358360
0.680850 -0.250897 2.594530
0.773796 -0.401862 2.497890
0.854253 -0.482227 2.352940
0.916193 -0.529099 2.264090
0.406807 -0.403350 2.475720
0.157249 -0.559965 2.171190
0.002193 -0.707891 1.993070
-0.024610 -0.734986 1.921940
0.533653 -0.433323 2.550300
0.352333 -0.675177 2.197110
0.240336 -0.827628 2.068050
0.267765 -0.818190 2.015490
0.484685 -0.352393 2.511610
0.485185 -0.316632 2.526650
0.527856 -0.137503 2.497440
0.597216 0.005647 2.480310
0.415084 -0.196668 2.480900
0.444927 -0.409933 2.379270
0.602812 -0.515046 2.368230
0.638187 -0.556538 2.362100
0.692575 -0.254926 2.582830
0.775202 -0.406929 2.500960
0.861907 -0.492427 2.326210
0.921591 -0.532399 2.241760
0.410101 -0.404479 2.475620
0.154642 -0.559786 2.152970
-0.034134 -0.703470 1.965660
-0.072628 -0.719330 1.884040
0.539262 -0.436147 2.546380
0.363260 -0.673692 2.189680
0.246918 -0.822217 2.059380
0.226460 -0.823542 2.040220
0.490185 -0.354950 2.511450
0.492931 -0.319236 2.524200
0.542826 -0.145540 2.492740
0.605358 0.002645 2.479660
0.424380 -0.200112 2.476000
0.463600 -0.422352 2.372600
0.609859 -0.520626 2.368300
0.640495 -0.557702 2.363130
0.703983 -0.258500 2.570090
0.783323 -0.406829 2.488410
0.865345 -0.496692 2.314160
0.920937 -0.534514 2.224560
0.413606 -0.406056 2.478990
0.154478 -0.561689 2.139610
-0.060498 -0.681411 1.958960
-0.100722 -0.690741 1.870690
0.543353 -0.438153 2.545540
0.372604 -0.670939 2.186360
0.252110 -0.814893 2.054250
0.217102 -0.829133 2.035930
0.501645 -0.359990 2.507030
0.507071 -0.324360 2.517080
0.554313 -0.150545 2.488620
0.615127 0.000154 2.479650
0.433184 -0.202088 2.471430
0.474486 -0.429248 2.368940
0.609691 -0.525030 2.365860
0.635715 -0.555005 2.361680
0.713535 -0.262211 2.552490
0.793021 -0.402314 2.451890
0.866174 -0.499138 2.300130
0.915396 -0.557698 2.190500
0.418460 -0.407641 2.479980
0.188889 -0.519397 2.215890
-0.023351 -0.628089 2.013620
-0.009805 -0.654163 1.948390
0.561402 -0.444128 2.531450
0.377629 -0.670053 2.183090
0.253386 -0.806792 2.046770
0.197291 -0.825290 2.037540
0.509893 -0.364479 2.507170
0.516958 -0.328233 2.514720
0.570644 -0.156001 2.483600
0.629685 -0.003762 2.478010
0.445315 -0.204715 2.464740
0.479897 -0.431674 2.366490
0.605926 -0.529937 2.360270
0.637666 -0.556119 2.362010
0.727195 -0.272875 2.527640
0.804068 -0.407197 2.423310
0.870444 -0.520767 2.261330
0.911138 -0.574502 2.172820
0.424336 -0.411164 2.488230
0.195903 -0.504899 2.233290
-0.025376 -0.597015 2.029310
-0.014993 -0.629668 1.956450
0.568958 -0.447643 2.530320
0.381170 -0.668754 2.181990
0.253475 -0.794094 2.040490
0.184918 -0.812624 2.030910
0.515308 -0.368462 2.507800
0.523633 -0.331591 2.513370
0.586985 -0.160897 2.478360
0.646471 -0.008731 2.475710
0.461868 -0.208282 2.456620
0.479099 -0.427762 2.365020
0.601800 -0.532867 2.355950
0.638742 -0.556899 2.361860
0.736966 -0.280259 2.512450
0.809628 -0.411614 2.409120
0.871734 -0.532281 2.243560
0.905651 -0.586779 2.162900
0.427960 -0.413835 2.494300
0.200990 -0.495969 2.248110
-0.022607 -0.582817 2.041980
-0.003482 -0.620429 1.975360
0.573093 -0.450578 2.529900
0.383051 -0.667524 2.181000
0.252992 -0.786422 2.035540
0.164503 -0.798647 2.019650
0.519940 -0.372464 2.508780
0.529873 -0.335245 2.512560
0.601440 -0.164232 2.473630
0.671359 -0.015503 2.469560
0.478088 -0.211556 2.449980
0.475900 -0.421294 2.364820
0.599072 -0.534940 2.353320
0.639176 -0.558015 2.361490
0.744179 -0.286227 2.499910
0.846696 -0.421756 2.406450
0.880618 -0.540926 2.251460
0.895686 -0.609515 2.158170
0.431138 -0.416029 2.499460
0.199904 -0.490752 2.255850
-0.022770 -0.574431 2.048080
-0.002262 -0.616736 1.984400
0.575825 -0.452976 2.529930
0.383942 -0.666505 2.180430
0.254229 -0.782771 2.031580
0.158309 -0.792902 2.014160
0.523090 -0.376275 2.508500
0.535003 -0.339129 2.510660
0.622215 -0.168561 2.465920
0.690697 -0.020648 2.464800
0.490777 -0.213114 2.445720
0.472902 -0.414481 2.365570
0.600118 -0.538499 2.352130
0.643359 -0.563658 2.359580
0.751025 -0.292162 2.487650
0.852909 -0.430008 2.391680
0.877684 -0.570458 2.233560
0.883224 -0.635534 2.168360
0.433121 -0.417372 2.502210
0.197426 -0.489372 2.259470
-0.025239 -0.572790 2.051470
-0.011486 -0.624731 1.987180
0.574192 -0.457343 2.526820
0.371377 -0.664840 2.179520
0.326929 -0.843817 2.071200
0.237507 -0.828624 2.044010
0.549141 -0.392744 2.484360
0.563657 -0.354649 2.487420
0.635869 -0.170838 2.461560
0.705593 -0.024213 2.460260
0.501858 -0.214952 2.442250
0.472129 -0.409089 2.365490
0.601903 -0.541715 2.351560
0.645791 -0.566940 2.358820
0.758609 -0.296086 2.474980
0.861771 -0.432543 2.390910
0.883565 -0.571274 2.263880
0.894242 -0.607783 2.229250
0.461952 -0.427616 2.479730
0.192809 -0.482925 2.285250
0.115398 -0.681939 2.082320
0.041742 -0.657350 2.027070
0.591806 -0.471116 2.494820
0.370184 -0.645066 2.188050
0.337850 -0.860129 2.085740
0.306755 -0.880119 2.037340
0.556807 -0.395186 2.466210
0.574523 -0.358645 2.473410
0.665484 -0.173619 2.455240
0.716431 -0.026946 2.454440
0.516339 -0.217062 2.440070
0.471450 -0.403616 2.367220
0.604534 -0.543880 2.351290
0.648113 -0.569628 2.358130
0.769970 -0.300768 2.458690
0.869340 -0.440829 2.398300
0.885810 -0.574406 2.274090
0.893943 -0.611221 2.238310
0.469661 -0.419697 2.453680
0.166871 -0.477087 2.282260
0.147745 -0.711501 2.084020
0.073839 -0.685580 2.042310
0.581782 -0.466872 2.457980
0.369595 -0.635266 2.192780
0.360757 -0.892004 2.114210
0.370296 -0.932781 2.051400
0.560402 -0.394659 2.455880
0.580387 -0.359509 2.465240
0.680534 -0.174782 2.452310
0.726374 -0.028452 2.448370
0.529857 -0.217381 2.440310
0.473894 -0.398919 2.367380
0.614954 -0.545101 2.346560
0.658429 -0.573407 2.351860
0.779763 -0.303515 2.447650
0.873688 -0.447630 2.403860
0.887252 -0.577038 2.277820
0.896135 -0.609168 2.247630
0.472773 -0.414005 2.441730
0.153082 -0.474418 2.279480
0.185047 -0.741315 2.083650
0.104112 -0.735634 2.034790
0.577617 -0.464595 2.443360
0.369236 -0.629605 2.195780
0.370743 -0.905583 2.126470
0.391834 -0.949797 2.055650
0.562918 -0.393693 2.449580
0.584678 -0.359493 2.459870
0.694548 -0.175600 2.450380
0.737735 -0.028053 2.442190
0.546117 -0.216573 2.442730
0.477395 -0.394976 2.367640
0.623650 -0.545588 2.343040
0.666584 -0.575883 2.347270
0.799317 -0.304272 2.434970
0.881456 -0.459489 2.406470
0.895720 -0.585894 2.281860
0.907891 -0.614723 2.253890
0.475729 -0.411251 2.435970
0.141661 -0.473307 2.277480
0.188638 -0.741891 2.080540
0.116718 -0.755721 2.031640
0.575911 -0.463322 2.435480
0.368972 -0.626508 2.197380
0.376729 -0.913677 2.133170
0.403759 -0.960461 2.057760
0.565903 -0.392499 2.445830
0.589513 -0.358622 2.456580
0.716043 -0.176337 2.452110
0.773365 -0.028499 2.435130
0.572897 -0.213494 2.448970
0.483313 -0.390196 2.369640
0.631752 -0.544793 2.341490
0.673614 -0.576781 2.344890
0.815903 -0.301296 2.428700
0.887934 -0.473286 2.409050
0.901502 -0.592393 2.284120
0.916394 -0.619534 2.256680
0.480580 -0.408434 2.433770
0.136139 -0.472389 2.277190
0.112190 -0.709384 2.056160
0.100384 -0.745453 1.995230
0.575599 -0.461718 2.431030
0.369844 -0.625227 2.198900
0.380557 -0.919577 2.137500
0.406466 -0.965919 2.058080
0.576355 -0.387908 2.445430
0.602252 -0.354899 2.456710
0.736156 -0.178249 2.456190
0.795435 -0.030539 2.433700
0.591302 -0.212320 2.454050
0.489098 -0.387392 2.371370
0.641612 -0.543567 2.341150
0.682303 -0.577103 2.343690
0.848242 -0.294847 2.426960
0.890929 -0.484771 2.410060
0.905819 -0.598906 2.285140
0.894858 -0.654413 2.206220
0.491480 -0.405083 2.436950
0.107570 -0.474061 2.275220
0.137129 -0.724205 2.062300
0.093981 -0.752269 1.994180
0.583610 -0.457000 2.431740
0.369686 -0.623765 2.199920
0.367618 -0.911557 2.131790
0.376627 -0.946434 2.048250
0.589020 -0.384335 2.449140
0.616814 -0.352028 2.460990
0.754601 -0.179219 2.462240
0.810777 -0.032162 2.433220
0.610963 -0.211420 2.460780
0.505508 -0.363549 2.396310
0.654918 -0.529033 2.354320
0.694278 -0.565037 2.355060
0.861991 -0.292405 2.426470
0.889376 -0.483683 2.411740
0.907600 -0.596561 2.284220
0.875458 -0.682409 2.183750
0.507423 -0.403106 2.446250
0.100867 -0.473828 2.275400
0.130576 -0.716381 2.062430
0.086512 -0.747474 1.992200
0.598122 -0.452843 2.438760
0.372564 -0.622275 2.202350
0.367291 -0.909255 2.132440
0.372314 -0.940253 2.048470
0.623685 -0.379200 2.454090
0.650452 -0.348960 2.467650
0.776881 -0.181909 2.470100
0.838476 -0.037596 2.433120
0.643455 -0.215064 2.474030
0.516186 -0.350558 2.410110
0.670081 -0.511653 2.371330
0.708967 -0.548729 2.371370
0.877141 -0.292062 2.430310
0.896089 -0.494087 2.412580
0.915230 -0.604556 2.284430
0.867728 -0.693688 2.174400
0.540188 -0.396844 2.456540
0.212544 -0.453645 2.498800
0.113728 -0.634062 2.216970
0.097985 -0.665495 2.146230
0.639944 -0.450012 2.440080
0.387225 -0.623297 2.208060
0.212095 -0.792054 2.095430
0.160482 -0.787767 2.018960
0.653793 -0.371510 2.456090
0.676565 -0.345140 2.472340
0.794579 -0.186165 2.479170
0.855672 -0.043348 2.434520
0.661428 -0.218363 2.482280
0.522709 -0.344675 2.419680
0.678660 -0.504025 2.382820
0.717485 -0.541445 2.382810
0.887433 -0.292165 2.435250
0.899089 -0.496204 2.413350
0.919364 -0.606693 2.284840
0.864563 -0.699177 2.168760
0.571364 -0.383219 2.458800
0.240267 -0.407305 2.545180
0.118745 -0.550038 2.297720
0.117202 -0.583539 2.222270
0.678826 -0.443309 2.438660
0.402305 -0.623851 2.213980
0.183430 -0.761313 2.083950
0.124867 -0.754060 2.010150
0.675088 -0.365686 2.460000
0.697812 -0.342146 2.478770
0.811043 -0.192318 2.488990
0.869952 -0.049552 2.437980
0.680587 -0.223779 2.494590
0.525659 -0.306674 2.456670
0.620796 -0.423967 2.358840
0.671151 -0.470154 2.365270
0.896168 -0.293268 2.440340
0.901826 -0.497185 2.414200
0.923790 -0.607878 2.285540
0.863146 -0.699990 2.166480
0.590616 -0.374972 2.464010
0.280511 -0.438976 2.554180
0.127200 -0.543463 2.321910
0.139993 -0.603362 2.229510
0.698842 -0.438923 2.438780
0.424477 -0.625438 2.222450
0.163711 -0.741331 2.077860
0.123256 -0.738166 2.011540
0.690372 -0.373627 2.468810
0.714930 -0.351074 2.490170
0.832738 -0.203460 2.503020
0.890113 -0.060874 2.445930
0.707447 -0.245029 2.510360
0.534058 -0.281298 2.482210
0.601455 -0.391447 2.350390
0.649463 -0.437904 2.355580
0.910064 -0.298457 2.451290
0.910397 -0.497149 2.418050
0.935484 -0.609504 2.289660
0.865077 -0.695331 2.166560
0.611803 -0.397912 2.485840
0.313532 -0.500425 2.575030
0.153780 -0.626994 2.314070
0.159183 -0.688256 2.220440
0.709108 -0.438388 2.439580
0.446347 -0.629636 2.230710
0.164742 -0.732176 2.076270
0.141162 -0.737729 2.018350
0.699586 -0.383004 2.476630
0.725640 -0.361812 2.500680
0.849571 -0.215587 2.517320
0.919918 -0.088144 2.467440
0.720808 -0.256481 2.519970
0.537260 -0.272350 2.492120
0.592574 -0.376566 2.346310
0.641082 -0.423327 2.351910
0.924882 -0.307443 2.466040
0.923449 -0.499069 2.426480
0.951277 -0.613859 2.298500
0.868237 -0.689293 2.167990
0.620592 -0.409311 2.495330
0.295253 -0.465434 2.526630
0.156106 -0.605548 2.317920
0.159047 -0.632110 2.216640
0.716116 -0.442639 2.443540
0.466409 -0.635249 2.239650
0.193199 -0.715197 2.085620
0.108765 -0.698031 2.017140
0.710890 -0.400985 2.491210
0.738275 -0.379640 2.517090
0.864527 -0.228832 2.530030
0.932379 -0.099901 2.476780
0.730807 -0.265787 2.529240
0.539328 -0.267973 2.499660
0.587840 -0.368107 2.344530
0.636162 -0.413778 2.350270
0.940497 -0.319520 2.481290
0.940456 -0.504634 2.437800
0.969976 -0.621836 2.309950
0.871308 -0.684014 2.169830
0.628090 -0.421544 2.505680
0.317020 -0.470873 2.541580
0.177431 -0.595990 2.289540
0.184087 -0.620773 2.198610
0.724989 -0.462305 2.457940
0.498103 -0.666176 2.260340
0.221623 -0.685938 2.096420
0.180817 -0.695742 2.027050
0.755111 -0.427952 2.506970
0.778287 -0.405565 2.535430
0.875761 -0.241264 2.541870
0.953591 -0.113895 2.498200
0.737234 -0.274941 2.539380
0.541106 -0.285469 2.508760
0.594926 -0.377991 2.345220
0.634925 -0.410843 2.349060
0.953922 -0.332228 2.496020
0.956747 -0.512751 2.450760
0.986787 -0.631628 2.322700
0.877420 -0.662936 2.172430
0.665081 -0.450770 2.513080
0.345969 -0.564558 2.255230
0.117639 -0.597810 2.067800
0.085725 -0.619429 1.986410
0.782907 -0.493021 2.475470
0.485506 -0.527638 2.475720
0.225328 -0.545047 2.271120
0.214327 -0.573060 2.198100
0.778105 -0.441584 2.514640
0.796595 -0.418256 2.544240
0.883991 -0.253956 2.556470
0.963058 -0.121741 2.509770
0.740604 -0.282156 2.548280
0.549199 -0.283888 2.524970
0.617668 -0.400924 2.352180
0.645994 -0.421399 2.351590
0.964846 -0.345298 2.512180
0.970871 -0.522842 2.466600
1.000770 -0.642704 2.338150
0.882320 -0.641520 2.179150
0.682282 -0.464745 2.515890
0.363538 -0.589668 2.208570
0.158836 -0.630422 2.056610
0.098777 -0.624152 2.001520
0.824793 -0.512693 2.485550
0.507947 -0.483630 2.537480
0.239033 -0.452868 2.364780
0.214500 -0.486856 2.293400
0.790121 -0.447946 2.520530
0.807190 -0.425218 2.551170
0.889251 -0.264789 2.569540
0.970755 -0.129864 2.526070
0.738413 -0.283371 2.568130
0.552034 -0.283428 2.530770
0.637649 -0.418683 2.357810
0.669831 -0.457045 2.338310
0.972772 -0.356908 2.526490
0.981409 -0.532868 2.481330
1.010960 -0.653202 2.352550
0.949262 -0.641596 2.274910
0.691052 -0.471574 2.518690
0.371939 -0.609247 2.162200
0.172204 -0.641607 2.049730
0.096794 -0.621291 2.005110
0.840093 -0.520191 2.490600
0.510578 -0.454021 2.584390
0.243846 -0.419295 2.409860
0.213371 -0.455067 2.340540
0.796550 -0.452038 2.525390
0.812807 -0.429916 2.556970
0.892803 -0.272422 2.580030
0.974982 -0.134595 2.541920
0.739227 -0.286972 2.578160
0.555404 -0.283422 2.534480
0.649820 -0.427945 2.361450
0.686556 -0.478902 2.330950
0.978467 -0.365777 2.538180
0.988994 -0.541008 2.493710
1.018180 -0.661529 2.364720
0.982005 -0.637590 2.320060
0.696621 -0.476055 2.520780
0.373360 -0.617515 2.152930
0.174022 -0.569928 2.072150
0.148187 -0.586378 2.002700
0.843457 -0.524437 2.499380
0.508016 -0.441052 2.606990
0.240203 -0.415958 2.423870
0.220115 -0.447950 2.357000
0.797357 -0.454993 2.531560
0.812505 -0.434047 2.564660
0.892742 -0.279320 2.592250
0.975788 -0.137987 2.555270
0.739860 -0.290497 2.584420
0.559866 -0.285585 2.534800
0.654135 -0.432423 2.362580
0.693915 -0.486888 2.329280
0.981088 -0.373584 2.550010
0.992892 -0.548542 2.506300
1.021710 -0.669116 2.377280
1.000370 -0.639893 2.352190
0.698171 -0.479754 2.524140
0.374311 -0.626995 2.157400
0.185172 -0.542928 2.073940
0.126306 -0.558032 2.011130
0.839374 -0.525219 2.506830
0.502545 -0.438020 2.616460
0.237905 -0.410847 2.438110
0.226703 -0.442953 2.370530
0.788635 -0.470307 2.546910
0.803457 -0.446216 2.580770
0.888386 -0.284176 2.607040
0.974461 -0.141562 2.568500
0.740219 -0.293926 2.588680
0.563281 -0.286710 2.534790
0.657129 -0.435317 2.363530
0.698797 -0.490977 2.329390
0.980432 -0.379794 2.562890
0.993053 -0.554776 2.519920
1.021460 -0.675288 2.391050
1.008470 -0.639151 2.370820
0.696449 -0.495253 2.535490
0.376305 -0.649787 2.186950
0.167412 -0.482264 2.104430
0.094783 -0.488479 2.053760
0.829023 -0.535940 2.522180
0.490095 -0.491240 2.610280
0.231931 -0.451351 2.440070
0.234531 -0.482442 2.369170
0.785278 -0.477263 2.555090
0.798801 -0.452425 2.590190
0.883158 -0.286521 2.619000
0.968050 -0.143695 2.590090
0.740265 -0.296699 2.591620
0.563007 -0.306888 2.510500
0.704588 -0.451412 2.368310
0.723789 -0.504493 2.330180
0.977987 -0.383927 2.574230
0.991078 -0.559077 2.531770
1.019100 -0.679453 2.403090
1.013220 -0.637936 2.383140
0.697321 -0.501848 2.539690
0.377624 -0.657863 2.210670
0.153682 -0.449852 2.133110
0.079899 -0.458848 2.076080
0.823956 -0.543498 2.539630
0.485393 -0.523259 2.598930
0.229921 -0.476335 2.433970
0.240569 -0.505550 2.362530
0.782809 -0.481871 2.560260
0.795033 -0.456838 2.596480
0.877989 -0.287727 2.628120
0.963527 -0.144856 2.602490
0.738258 -0.300719 2.592850
0.562782 -0.320193 2.494390
0.721490 -0.457505 2.369650
0.732819 -0.509403 2.330560
0.974490 -0.386721 2.583800
0.987813 -0.562124 2.541700
1.015520 -0.682326 2.413170
1.018400 -0.677780 2.397800
0.697397 -0.506719 2.542630
0.377646 -0.661591 2.225990
0.146692 -0.438197 2.147020
0.071323 -0.444235 2.089220
0.821695 -0.547563 2.547590
0.402567 -0.490574 2.556500
0.163654 -0.467545 2.393280
0.180377 -0.495530 2.321130
0.781823 -0.484765 2.564940
0.792870 -0.459558 2.602040
0.873097 -0.287935 2.635480
0.960146 -0.145466 2.610700
0.736464 -0.303584 2.593700
0.564228 -0.323104 2.490110
0.729659 -0.459959 2.371270
0.738646 -0.512414 2.331060
0.970417 -0.388297 2.592050
0.983824 -0.563991 2.550190
1.011300 -0.683998 2.421780
1.019150 -0.698431 2.405920
0.697407 -0.510350 2.545980
0.273380 -0.501720 2.421710
0.137733 -0.464639 2.164360
0.064952 -0.445049 2.104370
0.822792 -0.549796 2.554020
0.378313 -0.482467 2.541590
0.140915 -0.463908 2.376050
0.159905 -0.491315 2.303440
0.781699 -0.486495 2.569750
0.791604 -0.461155 2.607270
0.868802 -0.287556 2.641140
0.958044 -0.145928 2.615970
0.735088 -0.305580 2.594370
0.565974 -0.323873 2.487720
0.735027 -0.461029 2.372830
0.742861 -0.514228 2.331790
0.966284 -0.388970 2.598860
0.979685 -0.564948 2.557130
0.977985 -0.493701 2.361750
0.991111 -0.426436 2.352780
0.697753 -0.512868 2.549070
0.257683 -0.478292 2.467890
0.127191 -0.472346 2.178560
0.057085 -0.449725 2.117360
0.826720 -0.550464 2.561560
0.366512 -0.477268 2.535150
0.130514 -0.462852 2.369050
0.151062 -0.489918 2.296230
0.774975 -0.482801 2.579290
0.785891 -0.458659 2.615530
0.865540 -0.287107 2.644750
0.956494 -0.146307 2.619720
0.733985 -0.306972 2.594720
0.567789 -0.322913 2.486860
0.737216 -0.460896 2.374100
0.744218 -0.513364 2.334140
0.962750 -0.389192 2.603650
0.976099 -0.565403 2.561990
0.981190 -0.423494 2.380570
1.001070 -0.363873 2.395530
0.691164 -0.509426 2.557510
0.234751 -0.448726 2.505190
0.111664 -0.481859 2.186780
0.090551 -0.493269 2.117390
0.810954 -0.540814 2.578750
0.351143 -0.462554 2.538300
0.170873 -0.477325 2.312390
0.181854 -0.503625 2.242970
0.774568 -0.482408 2.584350
0.784550 -0.458167 2.620180
0.863379 -0.286821 2.646920
0.955328 -0.146574 2.622270
0.732441 -0.308708 2.593540
0.569372 -0.327304 2.478280
0.738348 -0.460732 2.374580
0.744687 -0.512039 2.336120
0.960179 -0.389301 2.606810
0.973461 -0.565686 2.565190
1.001210 -0.375054 2.403230
1.012890 -0.310210 2.441630
0.690642 -0.510010 2.559900
0.227438 -0.436410 2.521200
0.107922 -0.485805 2.191410
0.110969 -0.512211 2.119840
0.821765 -0.545826 2.594160
0.354835 -0.464753 2.540710
0.185762 -0.486768 2.295570
0.200527 -0.513999 2.223900
0.801534 -0.491011 2.567290
0.798910 -0.465541 2.607250
0.861808 -0.286640 2.647970
0.954583 -0.146941 2.624040
0.731726 -0.310047 2.592270
0.571475 -0.311434 2.487340
0.731367 -0.452120 2.379510
0.745681 -0.511126 2.337510
0.955901 -0.403132 2.639420
0.970398 -0.573691 2.583560
1.018590 -0.351380 2.428980
1.025660 -0.281488 2.472550
0.719008 -0.519090 2.536410
0.252059 -0.441066 2.515300
0.115557 -0.493145 2.194270
0.111130 -0.515556 2.125060
0.859784 -0.559362 2.568900
0.400342 -0.498410 2.504270
0.200754 -0.497591 2.274440
0.223025 -0.526482 2.203290
0.814505 -0.495591 2.560040
0.807748 -0.469264 2.601130
0.871996 -0.292812 2.638790
0.953588 -0.148603 2.624080
0.731896 -0.313688 2.587470
0.573089 -0.303484 2.492070
0.726592 -0.447563 2.381540
0.746573 -0.511149 2.338010
0.956448 -0.411762 2.649650
0.970208 -0.580935 2.592940
1.043140 -0.354376 2.455120
1.047080 -0.280911 2.501810
0.732050 -0.524164 2.526290
0.267164 -0.446490 2.509240
0.120939 -0.498475 2.196250
0.106232 -0.515348 2.130370
0.880160 -0.569348 2.555800
0.421471 -0.517937 2.491520
0.209268 -0.504046 2.264250
0.234641 -0.533652 2.193860
0.803241 -0.495724 2.574100
0.809064 -0.469227 2.603770
0.899996 -0.304600 2.625000
0.954479 -0.152157 2.623050
0.733688 -0.318667 2.581800
0.574753 -0.299085 2.495050
0.723939 -0.445250 2.382570
0.747462 -0.511380 2.338160
0.965290 -0.421468 2.653010
0.979427 -0.592623 2.598510
1.076530 -0.377966 2.473780
1.077530 -0.304758 2.519770
0.716105 -0.520473 2.536190
0.265602 -0.452928 2.497540
0.091872 -0.520560 2.281840
0.055455 -0.495816 2.220080
0.819067 -0.579282 2.592430
0.381338 -0.571423 2.520380
0.162418 -0.544845 2.295420
0.184709 -0.577237 2.226550
0.857002 -0.490680 2.649050
0.860881 -0.456893 2.662780
0.912425 -0.310031 2.618430
0.968095 -0.163938 2.619290
0.737143 -0.324566 2.575730
0.588291 -0.333387 2.484420
0.735529 -0.472594 2.370590
0.792468 -0.495397 2.360730
0.973218 -0.428826 2.653160
0.986916 -0.601171 2.600940
1.093400 -0.393516 2.481370
1.093660 -0.325065 2.525450
0.760939 -0.522219 2.642540
0.329021 -0.470484 2.502450
0.188019 -0.572038 2.344200
0.107401 -0.516142 2.305530
0.927441 -0.568865 2.697900
0.478161 -0.535503 2.686950
0.266546 -0.525714 2.451610
0.276934 -0.569098 2.385460
0.864593 -0.498733 2.622740
0.872615 -0.464622 2.649180
0.926970 -0.318359 2.609430
0.984257 -0.177470 2.611800
0.753724 -0.346842 2.561840
0.605560 -0.372538 2.474090
0.747026 -0.511969 2.352570
0.810403 -0.547548 2.329320
0.986187 -0.438709 2.646770
0.998796 -0.612246 2.598080
1.107810 -0.412589 2.480390
1.107960 -0.348567 2.520830
0.760986 -0.532120 2.606510
0.339882 -0.476006 2.496700
0.184745 -0.585019 2.352050
0.112607 -0.518631 2.328650
0.911054 -0.577355 2.625620
0.474285 -0.541515 2.640490
0.256781 -0.530929 2.422810
0.270585 -0.569988 2.354120
0.868082 -0.503357 2.616130
0.875262 -0.469931 2.639980
0.933711 -0.322492 2.605150
1.006630 -0.194567 2.602210
0.780239 -0.365247 2.549270
0.623863 -0.394036 2.465170
0.760074 -0.534600 2.338480
0.824341 -0.576024 2.307140
0.994599 -0.445151 2.641700
1.006550 -0.619569 2.595490
1.110140 -0.460496 2.494320
1.122930 -0.418813 2.496480
0.765513 -0.536361 2.603950
0.345342 -0.480245 2.490760
0.185810 -0.588958 2.349050
0.115835 -0.519807 2.343050
0.915176 -0.579320 2.622400
0.478251 -0.535770 2.632320
0.258124 -0.527119 2.414370
0.274362 -0.565835 2.347880
0.868725 -0.515587 2.593990
0.875837 -0.481688 2.622600
0.939684 -0.326999 2.600240
1.029540 -0.211150 2.596100
0.789889 -0.373671 2.544510
0.633673 -0.405340 2.459560
0.767699 -0.546551 2.330740
0.831775 -0.589774 2.296370
1.003290 -0.451513 2.634080
1.014800 -0.626797 2.590090
1.111210 -0.482351 2.499560
1.128260 -0.461025 2.477750
0.777251 -0.554119 2.578020
0.358098 -0.506743 2.466720
0.161608 -0.529167 2.383680
0.110778 -0.506230 2.347650
0.910402 -0.586406 2.591360
0.473596 -0.539638 2.590530
0.253290 -0.533069 2.369810
0.271452 -0.568762 2.302200
0.868931 -0.523085 2.583290
0.876466 -0.489536 2.612730
0.946856 -0.333145 2.593980
1.051480 -0.226946 2.591660
0.800397 -0.381121 2.542030
0.641720 -0.411775 2.456590
0.772825 -0.553698 2.326170
0.836375 -0.597783 2.290180
1.013170 -0.458384 2.624660
1.024580 -0.634544 2.582280
1.118660 -0.487390 2.482740
1.147990 -0.450119 2.425670
0.781729 -0.560677 2.572900
0.362364 -0.518796 2.454950
0.149747 -0.505697 2.392350
0.103179 -0.492148 2.341340
0.907751 -0.592724 2.574030
0.470678 -0.548303 2.574430
0.250535 -0.542655 2.353090
0.268747 -0.577200 2.285080
0.911200 -0.551149 2.642470
0.912169 -0.509060 2.653200
0.950818 -0.336578 2.590570
1.066920 -0.239770 2.588000
0.807399 -0.386489 2.540630
0.647742 -0.416217 2.454640
0.776585 -0.558822 2.323020
0.839446 -0.603568 2.285840
1.019380 -0.462643 2.618590
1.030820 -0.639401 2.577080
1.123100 -0.487859 2.469300
1.156300 -0.442880 2.402670
0.817208 -0.587158 2.630540
0.399594 -0.537737 2.456820
0.186330 -0.488772 2.408170
0.117465 -0.485924 2.346230
0.995535 -0.617500 2.688760
0.540474 -0.558101 2.679950
0.319022 -0.535081 2.527020
0.318128 -0.580765 2.425600
0.932858 -0.565466 2.673510
0.932202 -0.519819 2.677730
0.953321 -0.338884 2.588680
1.075100 -0.247502 2.585530
0.812512 -0.390663 2.540170
0.653470 -0.419246 2.452470
0.780316 -0.562687 2.320070
0.841620 -0.608092 2.281990
1.023290 -0.465516 2.615030
1.034800 -0.642680 2.574010
1.125550 -0.487033 2.460470
1.160460 -0.437262 2.390740
0.837629 -0.602243 2.663040
0.417406 -0.546738 2.457470
0.209585 -0.482372 2.408780
0.190584 -0.519136 2.339960
1.018630 -0.626260 2.715450
0.580091 -0.562890 2.746560
0.334784 -0.536008 2.559660
0.343507 -0.582190 2.497390
0.941410 -0.571462 2.685190
0.939779 -0.524455 2.685480
0.955195 -0.340854 2.587540
1.080500 -0.252741 2.583980
0.815882 -0.393583 2.540180
0.657440 -0.420921 2.451250
0.782992 -0.565115 2.318300
0.843045 -0.611113 2.279520
1.026190 -0.467686 2.612580
1.037800 -0.645151 2.571870
1.127340 -0.485899 2.454340
1.162880 -0.432145 2.384320
0.845315 -0.608153 2.674040
0.427649 -0.551994 2.457710
0.220625 -0.478869 2.406170
0.229307 -0.535436 2.329830
1.033150 -0.632131 2.735720
0.593582 -0.566246 2.768170
0.346249 -0.536285 2.588640
0.353065 -0.583716 2.523600
0.891747 -0.558499 2.609760
0.901913 -0.524383 2.632880
0.956462 -0.344781 2.589410
1.083460 -0.257790 2.583370
0.818096 -0.395690 2.540860
0.660476 -0.422186 2.450330
0.784997 -0.566985 2.316940
0.843721 -0.613422 2.277560
1.028480 -0.469981 2.611390
1.040150 -0.647644 2.570890
1.128620 -0.486205 2.451400
1.163900 -0.428381 2.383280
0.807678 -0.587309 2.589990
0.409703 -0.550975 2.447770
0.200653 -0.489511 2.345400
0.232134 -0.546088 2.270990
0.930867 -0.622560 2.609350
0.508661 -0.562074 2.636230
0.232967 -0.526376 2.430070
0.271467 -0.565337 2.398350
0.915070 -0.563542 2.649770
0.916580 -0.525995 2.656640
0.957237 -0.348768 2.593060
1.084760 -0.262424 2.585770
0.819461 -0.397441 2.542140
0.662687 -0.422288 2.450320
0.786715 -0.567598 2.316760
0.843552 -0.614473 2.276920
1.030300 -0.472206 2.611270
1.042020 -0.649941 2.570790
1.129530 -0.486360 2.449600
1.163740 -0.424844 2.386640
0.828382 -0.594412 2.629830
0.415214 -0.552254 2.449640
0.214502 -0.493873 2.332780
0.249031 -0.553049 2.260390
0.983322 -0.631028 2.689120
0.541229 -0.570048 2.708570
0.284715 -0.533355 2.538890
0.299625 -0.575304 2.475690
0.920105 -0.563947 2.658900
0.921209 -0.526525 2.664170
0.960537 -0.351480 2.599540
1.086330 -0.264778 2.586760
0.820562 -0.399108 2.544300
0.664603 -0.421174 2.451420
0.788276 -0.567070 2.317800
0.842753 -0.614443 2.277540
1.033250 -0.474108 2.613230
1.045020 -0.651864 2.572580
1.131300 -0.485323 2.449790
1.165220 -0.420803 2.394620
0.833010 -0.594867 2.640480
0.420005 -0.552792 2.452080
0.224542 -0.496928 2.325940
0.259734 -0.556776 2.254280
0.990355 -0.634268 2.697310
0.548999 -0.573972 2.726130
0.291876 -0.536778 2.556120
0.307574 -0.579168 2.493610
0.912898 -0.525667 2.702520
0.919916 -0.492826 2.698710
0.964091 -0.355489 2.604660
1.091690 -0.270951 2.599830
0.821555 -0.400770 2.546870
0.666107 -0.419064 2.454020
0.789731 -0.565385 2.320660
0.841510 -0.613275 2.280040
1.036530 -0.477021 2.615690
1.048360 -0.654724 2.574800
1.133160 -0.485173 2.450380
1.166940 -0.419702 2.401320
0.814141 -0.539251 2.702150
0.405281 -0.482613 2.521890
0.216622 -0.498389 2.315040
0.246370 -0.560626 2.250460
0.977338 -0.597351 2.754980
0.546401 -0.575412 2.737810
0.289936 -0.538060 2.566120
0.301120 -0.585734 2.510400
0.864392 -0.553952 2.678280
0.882725 -0.516184 2.682690
0.966578 -0.360411 2.609560
1.093360 -0.275319 2.606880
0.822562 -0.402637 2.549710
0.670744 -0.424963 2.454700
0.790540 -0.572706 2.318880
0.836991 -0.623055 2.276370
1.039260 -0.480884 2.618940
1.051160 -0.658468 2.577750
1.134780 -0.485816 2.451920
1.167980 -0.420639 2.408260
0.750659 -0.576973 2.657950
0.344909 -0.523871 2.512910
0.229619 -0.500374 2.286310
0.204323 -0.536433 2.219070
0.919354 -0.627282 2.715080
0.542635 -0.579107 2.743540
0.286866 -0.541715 2.571230
0.298445 -0.589097 2.515750
0.831714 -0.543705 2.612230
0.852573 -0.515498 2.629940
0.968650 -0.364467 2.612940
1.095180 -0.279507 2.612210
0.825063 -0.407217 2.553060
0.674738 -0.429414 2.455480
0.791174 -0.578061 2.317610
0.833830 -0.629742 2.273870
1.041710 -0.484581 2.621860
1.053670 -0.662062 2.580410
1.136430 -0.486847 2.453750
1.169020 -0.422259 2.413890
0.702637 -0.563143 2.579850
0.275475 -0.551491 2.477020
0.217628 -0.496804 2.246630
0.145103 -0.515588 2.179290
0.890757 -0.600901 2.619030
0.508862 -0.501470 2.631840
0.256469 -0.466974 2.455650
0.274502 -0.502010 2.388140
0.817327 -0.562240 2.622050
0.839704 -0.530740 2.632190
0.967690 -0.377376 2.617650
1.092520 -0.289204 2.618900
0.828189 -0.413851 2.555960
0.677995 -0.433040 2.456160
0.791648 -0.582362 2.316620
0.831556 -0.634717 2.272060
1.042380 -0.493844 2.626310
1.054480 -0.671158 2.584560
1.136810 -0.492738 2.457540
1.167980 -0.430059 2.420960
0.694613 -0.590326 2.599320
0.259831 -0.563141 2.472890
-0.023217 -0.517652 2.195100
-0.040526 -0.523764 2.127140
0.875587 -0.623817 2.658220
0.498845 -0.546237 2.675780
0.248516 -0.513851 2.497890
0.266492 -0.555734 2.436380
0.818516 -0.570611 2.629330
0.843137 -0.537542 2.639090
0.997109 -0.384348 2.636120
1.102400 -0.291264 2.620230
0.830199 -0.418342 2.557840
0.680355 -0.435727 2.456710
0.791936 -0.585558 2.315920
0.829920 -0.638216 2.270840
1.061600 -0.501497 2.640720
1.073880 -0.678758 2.598700
1.156470 -0.498166 2.472910
1.185250 -0.436588 2.437510
0.690900 -0.600701 2.601500
0.253249 -0.572093 2.470300
-0.052474 -0.518386 2.174060
-0.085359 -0.542883 2.106810
0.872158 -0.629347 2.661690
0.494247 -0.570764 2.699610
0.244867 -0.539214 2.520400
0.263987 -0.580701 2.457230
0.946088 -0.488370 2.661070
0.949787 -0.476148 2.664240
1.010010 -0.425068 2.646320
1.104040 -0.302934 2.624760
0.831538 -0.421542 2.559190
0.682065 -0.437722 2.457200
0.792107 -0.587918 2.315490
0.828749 -0.640682 2.270060
1.075810 -0.536123 2.653680
1.088230 -0.713365 2.611450
1.170820 -0.531502 2.486810
1.198320 -0.471445 2.452020
0.819012 -0.554194 2.628650
0.364691 -0.487350 2.529940
0.178732 -0.511377 2.320490
0.178006 -0.565624 2.267830
0.930456 -0.569154 2.786580
0.495564 -0.585221 2.715060
0.246522 -0.554103 2.535290
0.259238 -0.605835 2.480160
0.780963 -0.509023 2.598250
0.796655 -0.498967 2.610380
0.894740 -0.467904 2.614110
1.065450 -0.347908 2.633980
0.826898 -0.425254 2.559750
0.680981 -0.439303 2.457510
0.788864 -0.590100 2.314850
0.824031 -0.642794 2.269160
0.994380 -0.584786 2.637600
1.006900 -0.762036 2.595260
1.089640 -0.579793 2.471690
1.116330 -0.520437 2.436210
0.575055 -0.527415 2.490690
0.179541 -0.490223 2.370640
0.370167 -0.535218 2.358380
0.261111 -0.554204 2.290420
0.781099 -0.583912 2.683340
0.467593 -0.602526 2.745900
0.217914 -0.571618 2.566280
0.235912 -0.618178 2.503970
0.765797 -0.499193 2.587500
0.779089 -0.494145 2.600600
0.865029 -0.488420 2.605720
1.043810 -0.371782 2.638570
0.824509 -0.427750 2.560040
0.679703 -0.440571 2.458250
0.787721 -0.591412 2.315300
0.822378 -0.643988 2.269610
0.949564 -0.608295 2.625730
0.962100 -0.785561 2.583370
1.045050 -0.603375 2.460280
1.071480 -0.544225 2.424050
0.560847 -0.515910 2.472190
0.138946 -0.479618 2.329460
0.422861 -0.540002 2.385560
0.358660 -0.554268 2.334990
0.760110 -0.574865 2.681010
0.458621 -0.610998 2.759670
0.208684 -0.580142 2.579980
0.227593 -0.624822 2.515230
0.745590 -0.497446 2.579370
0.760706 -0.493682 2.594080
0.857691 -0.486455 2.601290
1.040190 -0.378674 2.641400
0.824567 -0.429498 2.561420
0.679413 -0.441364 2.460890
0.788546 -0.592056 2.319450
0.823741 -0.644072 2.274980
0.936570 -0.617528 2.623090
0.949130 -0.794800 2.580700
1.032150 -0.612521 2.457890
1.058330 -0.553466 2.421530
0.530944 -0.508413 2.456300
0.111555 -0.475230 2.306400
0.462368 -0.545419 2.381390
0.387469 -0.552806 2.331820
0.739418 -0.573245 2.669290
0.453507 -0.616253 2.768230
0.203397 -0.585406 2.588470
0.222375 -0.629057 2.522470
0.734849 -0.496170 2.574890
0.750219 -0.493056 2.590160
0.855678 -0.482174 2.598540
1.042810 -0.377138 2.643760
0.863025 -0.430842 2.568440
0.699092 -0.440752 2.469780
0.814637 -0.590630 2.331390
0.852915 -0.641363 2.288600
0.929469 -0.620439 2.620650
0.942022 -0.797735 2.578270
1.024960 -0.615794 2.455610
1.051290 -0.556500 2.418930
0.531645 -0.508834 2.460320
0.095684 -0.472496 2.292860
0.467017 -0.546064 2.379110
0.392096 -0.552431 2.329910
0.728938 -0.572397 2.662820
0.449986 -0.619599 2.773280
0.199802 -0.588766 2.593460
0.218811 -0.631819 2.526940
0.693306 -0.499774 2.563520
0.721832 -0.492741 2.584240
0.857107 -0.475865 2.597520
1.049220 -0.369997 2.645370
0.838885 -0.429153 2.563190
0.691217 -0.439442 2.471470
0.809100 -0.589074 2.333950
0.848238 -0.639289 2.291590
0.929354 -0.616404 2.619130
0.941875 -0.793727 2.576780
1.024670 -0.612411 2.454120
1.051420 -0.552715 2.417040
0.508139 -0.490918 2.466130
0.083410 -0.469310 2.290500
0.442597 -0.533296 2.378280
0.369794 -0.541586 2.327210
0.724168 -0.559220 2.623680
0.449484 -0.621722 2.777340
0.198946 -0.590832 2.597460
0.218112 -0.633040 2.530500
0.713315 -0.504486 2.579230
0.733319 -0.492051 2.596230
0.868301 -0.462326 2.600410
1.057100 -0.360875 2.646210
0.825564 -0.428074 2.560360
0.683957 -0.438849 2.471690
0.804767 -0.588107 2.335410
0.844874 -0.637932 2.293490
0.934813 -0.606498 2.619370
0.947299 -0.783837 2.577070
1.029970 -0.603183 2.454290
1.057180 -0.543150 2.416820
0.517818 -0.496623 2.476290
0.085708 -0.471590 2.299750
0.458861 -0.539640 2.379360
0.384549 -0.545391 2.329210
0.737445 -0.571060 2.638130
0.447770 -0.622738 2.779690
0.197022 -0.591676 2.599720
0.215886 -0.633285 2.532440
0.820498 -0.555714 2.640770
0.835375 -0.529823 2.651250
0.935412 -0.438936 2.623890
1.083260 -0.339327 2.646720
0.816911 -0.428454 2.557710
0.677643 -0.439968 2.469970
0.801207 -0.588529 2.335240
0.842209 -0.637966 2.293810
1.002870 -0.575296 2.640270
1.015310 -0.752629 2.598060
1.098160 -0.572596 2.475010
1.125790 -0.512452 2.437020
0.695089 -0.578995 2.614450
0.245848 -0.553660 2.432110
0.028638 -0.522103 2.212490
0.000240 -0.552891 2.135910
0.866819 -0.624305 2.673590
0.475255 -0.615257 2.765500
0.223286 -0.583770 2.585780
0.239284 -0.626708 2.520850
0.849508 -0.571487 2.658780
0.866932 -0.542426 2.668030
0.979476 -0.427330 2.637320
1.094210 -0.330804 2.647790
0.815963 -0.428987 2.557190
0.676786 -0.441100 2.469170
0.802298 -0.589178 2.335740
0.844239 -0.638408 2.294760
1.040460 -0.560631 2.650460
1.052870 -0.737961 2.608300
1.135810 -0.558223 2.485110
1.163660 -0.498042 2.446910
0.725427 -0.591451 2.642330
0.300987 -0.582197 2.477990
-0.002554 -0.510608 2.199980
-0.033562 -0.544983 2.121110
0.902870 -0.640200 2.679990
0.491052 -0.610687 2.756090
0.238583 -0.578882 2.576390
0.253185 -0.622590 2.512640
0.872282 -0.582527 2.671470
0.888710 -0.550934 2.678310
0.995823 -0.422787 2.642340
1.099820 -0.326414 2.648350
0.817440 -0.429277 2.558050
0.675959 -0.441385 2.469270
0.802093 -0.589306 2.336210
0.844156 -0.638463 2.295310
1.057540 -0.553938 2.655060
1.069940 -0.731266 2.612910
1.152920 -0.551674 2.489680
1.180840 -0.491488 2.451370
0.754401 -0.604531 2.662130
0.334010 -0.598674 2.505030
-0.056504 -0.503943 2.179850
-0.052062 -0.541474 2.115470
0.928656 -0.651560 2.687090
0.500329 -0.607880 2.750360
0.247611 -0.575862 2.570610
0.261482 -0.619886 2.507330
0.883776 -0.588407 2.678130
0.900488 -0.555748 2.684020
1.007440 -0.422490 2.644660
1.103330 -0.323701 2.648730
0.820767 -0.429693 2.559440
0.675630 -0.441542 2.469540
0.801795 -0.589404 2.336500
0.843607 -0.638552 2.295490
1.069630 -0.551039 2.657570
1.082030 -0.728366 2.615430
1.165020 -0.548864 2.492170
1.192970 -0.488675 2.453810
0.753009 -0.606628 2.658640
0.352227 -0.608204 2.520210
-0.055752 -0.501781 2.180520
-0.051624 -0.540540 2.116100
0.937067 -0.655535 2.690600
0.506191 -0.606096 2.746690
0.253318 -0.573934 2.566890
0.266408 -0.618248 2.503930
0.895136 -0.526621 2.648100
0.914075 -0.514071 2.660810
1.014030 -0.425014 2.645000
1.105800 -0.321979 2.649070
0.824786 -0.429732 2.560980
0.675839 -0.441581 2.469950
0.801503 -0.589477 2.336650
0.842864 -0.638655 2.295380
1.077920 -0.549667 2.659090
1.090320 -0.726993 2.616950
1.173310 -0.547528 2.493680
1.201280 -0.487346 2.455290
0.735048 -0.531396 2.548340
0.330620 -0.590476 2.490730
-0.054786 -0.499663 2.180670
-0.051018 -0.539698 2.116270
0.875313 -0.584842 2.706220
0.465131 -0.460679 2.640600
0.212208 -0.428378 2.460610
0.226423 -0.469621 2.395400
0.907376 -0.533953 2.655990
0.922107 -0.513166 2.662000
1.011550 -0.429346 2.643190
1.107180 -0.321301 2.649480
0.828288 -0.429568 2.562390
0.676384 -0.441515 2.470430
0.801183 -0.589526 2.336690
0.841958 -0.638751 2.295070
1.082380 -0.549347 2.659760
1.094780 -0.726671 2.617620
1.177780 -0.547215 2.494360
1.205730 -0.487072 2.455960
0.763222 -0.581946 2.571020
0.334796 -0.592729 2.489230
-0.051865 -0.497946 2.181570
-0.050713 -0.539025 2.116360
0.897051 -0.616746 2.740020
0.488671 -0.537204 2.684770
0.235691 -0.504877 2.504660
0.248981 -0.548748 2.440560
0.764617 -0.507951 2.585270
0.780501 -0.496941 2.598050
0.881161 -0.450608 2.603560
1.061380 -0.346947 2.648210
0.830383 -0.429431 2.563420
0.676845 -0.441519 2.470750
0.800735 -0.589649 2.336530
0.840828 -0.638996 2.294440
0.987955 -0.567101 2.629930
1.000370 -0.744418 2.587750
1.083370 -0.564717 2.464480
1.111170 -0.504677 2.426300
0.575773 -0.525665 2.469630
0.175752 -0.517355 2.349010
0.333587 -0.513503 2.334130
0.299515 -0.530393 2.292070
0.768909 -0.580293 2.660220
0.455540 -0.560661 2.712420
0.202267 -0.528147 2.531990
0.220026 -0.567638 2.466020
0.876927 -0.431609 2.645570
0.896550 -0.425632 2.647550
0.972935 -0.448807 2.625840
1.074710 -0.340014 2.652630
0.831957 -0.429277 2.564270
0.677355 -0.441476 2.471090
0.800145 -0.589762 2.336270
0.839438 -0.639243 2.293680
1.021530 -0.572504 2.635720
1.033950 -0.749817 2.593520
1.116930 -0.569978 2.470260
1.144580 -0.510000 2.432210
0.722982 -0.373465 2.610220
0.263995 -0.430904 2.483670
0.435229 -0.500427 2.367770
0.369482 -0.524888 2.313350
0.894444 -0.464770 2.714770
0.474414 -0.456672 2.651770
0.220877 -0.424253 2.471180
0.215025 -0.485503 2.428850
0.759166 -0.485815 2.586560
0.777838 -0.475288 2.600560
0.890491 -0.457394 2.607750
1.059230 -0.349514 2.652620
0.833311 -0.429311 2.564800
0.677985 -0.441445 2.471370
0.799486 -0.589925 2.335830
0.837949 -0.639571 2.292660
0.971319 -0.580182 2.625460
0.983746 -0.757493 2.583240
1.066710 -0.577589 2.460000
1.094290 -0.517659 2.422050
0.564375 -0.493947 2.475690
0.156913 -0.453386 2.358150
0.491634 -0.502654 2.405390
0.426035 -0.521543 2.349670
0.769788 -0.551681 2.651970
0.457722 -0.538718 2.718890
0.203909 -0.506294 2.538080
0.212651 -0.543376 2.477000
0.736113 -0.465514 2.551490
0.749096 -0.463978 2.570400
0.848774 -0.457371 2.588780
1.047770 -0.355678 2.650590
0.834612 -0.429480 2.565180
0.678754 -0.441410 2.471670
0.798867 -0.590096 2.335370
0.836566 -0.639902 2.291680
0.942941 -0.582020 2.613160
0.955369 -0.759330 2.570930
1.038320 -0.579414 2.447720
1.065900 -0.519509 2.409820
0.543824 -0.464437 2.444230
0.117795 -0.454145 2.299740
0.497222 -0.494262 2.405690
0.429480 -0.514147 2.350690
0.740443 -0.508645 2.598370
0.430609 -0.481220 2.633080
0.176442 -0.448708 2.451970
0.197821 -0.488811 2.392710
0.715904 -0.495288 2.550520
0.730698 -0.480413 2.567040
0.836213 -0.458794 2.584260
1.043300 -0.358444 2.650150
0.835602 -0.429686 2.565450
0.679432 -0.441357 2.472000
0.798210 -0.590244 2.334950
0.835217 -0.640185 2.290820
0.931335 -0.583861 2.608960
0.943764 -0.761171 2.566720
1.026700 -0.581250 2.443520
1.054270 -0.521358 2.405650
0.528540 -0.498891 2.437800
0.100396 -0.459054 2.279020
0.493191 -0.498829 2.415020
0.426858 -0.515956 2.357470
0.733489 -0.560238 2.612150
0.430837 -0.548877 2.694500
0.176330 -0.516412 2.513250
0.199398 -0.552131 2.446780
0.703738 -0.507809 2.548310
0.720552 -0.491815 2.567730
0.828966 -0.459662 2.581930
1.040320 -0.360234 2.649910
0.836492 -0.430002 2.565640
0.680116 -0.441264 2.472320
0.797602 -0.590347 2.334570
0.834019 -0.640390 2.290080
0.923783 -0.585128 2.606320
0.936213 -0.762437 2.564080
1.019150 -0.582508 2.440890
1.046710 -0.522627 2.403040
0.522270 -0.513507 2.436240
0.091763 -0.466734 2.268700
0.489946 -0.499202 2.419260
0.423937 -0.515177 2.360240
0.722213 -0.575108 2.606900
0.432631 -0.589038 2.731630
0.177751 -0.556391 2.550000
0.201778 -0.590238 2.480070
0.720628 -0.495489 2.534030
0.727124 -0.488295 2.558770
0.829015 -0.458796 2.579020
1.038300 -0.361371 2.649260
0.837183 -0.430294 2.565780
0.680741 -0.441168 2.472620
0.797046 -0.590429 2.334210
0.832988 -0.640551 2.289440
0.918612 -0.585678 2.603700
0.931042 -0.762988 2.561460
1.013960 -0.583072 2.438280
1.041520 -0.523196 2.400440
0.532329 -0.508364 2.424580
0.093078 -0.470988 2.262360
0.468619 -0.492350 2.405190
0.402697 -0.510266 2.346100
0.731219 -0.543736 2.571490
0.436501 -0.463534 2.607420
0.181324 -0.430970 2.425740
0.212702 -0.463859 2.358980
0.721550 -0.492277 2.529120
0.727204 -0.486715 2.555510
0.830381 -0.456454 2.577440
1.036730 -0.362072 2.648600
0.837821 -0.430567 2.566090
0.681505 -0.441056 2.472970
0.796566 -0.590503 2.333890
0.832079 -0.640698 2.288860
0.915013 -0.585372 2.601560
0.927442 -0.762683 2.559320
1.010340 -0.582803 2.436170
1.037900 -0.522928 2.398330
0.539842 -0.506766 2.423010
0.099127 -0.475562 2.262500
0.452482 -0.488222 2.395350
0.386690 -0.507542 2.336010
0.736199 -0.528339 2.555600
0.430167 -0.452306 2.591070
0.174624 -0.419579 2.409030
0.207601 -0.449836 2.339920
0.723684 -0.505030 2.548910
0.733262 -0.494940 2.572170
0.834794 -0.454732 2.578720
1.035820 -0.362510 2.648120
0.838318 -0.430745 2.566530
0.682253 -0.440921 2.473320
0.796155 -0.590549 2.333620
0.831320 -0.640796 2.288380
0.913154 -0.584955 2.600440
0.925582 -0.762266 2.558200
1.008460 -0.582421 2.435060
1.036020 -0.522549 2.397220
0.547465 -0.517108 2.449130
0.107655 -0.486327 2.276350
0.439950 -0.489581 2.393670
0.375231 -0.508741 2.333180
0.746089 -0.558312 2.598180
0.438119 -0.540730 2.684510
0.182285 -0.508085 2.502420
0.204442 -0.543987 2.434420
0.717003 -0.514211 2.555280
0.731559 -0.500849 2.579170
0.841167 -0.453229 2.582610
1.035800 -0.362452 2.647760
0.838701 -0.430861 2.567080
0.682956 -0.440779 2.473640
0.795810 -0.590575 2.333380
0.830704 -0.640860 2.287990
0.913389 -0.584062 2.600650
0.925817 -0.761374 2.558410
1.008670 -0.581576 2.435280
1.036240 -0.521707 2.397440
0.552187 -0.521248 2.470310
0.115858 -0.493738 2.291720
0.432095 -0.490579 2.394090
0.368302 -0.509532 2.332560
0.755489 -0.563040 2.595590
0.458657 -0.573759 2.714540
0.202448 -0.541011 2.532150
0.223441 -0.576336 2.462580
0.814907 -0.565167 2.629720
0.832175 -0.537076 2.647950
0.956377 -0.426374 2.629010
1.081870 -0.335371 2.650100
0.839066 -0.430887 2.567700
0.683731 -0.440569 2.473920
0.795586 -0.590563 2.333190
0.830297 -0.640870 2.287690
1.008390 -0.558702 2.637100
1.020810 -0.736016 2.594860
1.103630 -0.556390 2.471810
1.131220 -0.496535 2.433930
0.688647 -0.590360 2.584310
0.235744 -0.555321 2.411470
0.438442 -0.480084 2.388190
0.371334 -0.503245 2.329310
0.858060 -0.628666 2.671480
0.477082 -0.595370 2.731930
0.220708 -0.562601 2.549450
0.239886 -0.601635 2.481430
0.854887 -0.579294 2.659240
0.872416 -0.549141 2.674600
0.993632 -0.420304 2.646980
1.100790 -0.324519 2.652060
0.839351 -0.430827 2.568610
0.685433 -0.441233 2.473510
0.795737 -0.591328 2.332110
0.830250 -0.641671 2.286510
1.056430 -0.548117 2.657810
1.068850 -0.725431 2.615570
1.151630 -0.545914 2.492560
1.179230 -0.486072 2.454670
0.732887 -0.613130 2.612790
0.302784 -0.588431 2.473000
0.446658 -0.471585 2.382710
0.376736 -0.497474 2.326200
0.896938 -0.653401 2.719340
0.486203 -0.606313 2.740890
0.229750 -0.573542 2.558360
0.247626 -0.614062 2.490880
0.898294 -0.538680 2.645600
0.911834 -0.519805 2.669740
1.014400 -0.415560 2.657610
1.109770 -0.319493 2.653010
0.839620 -0.430969 2.569490
0.689037 -0.444554 2.471310
0.797081 -0.594861 2.328770
0.831331 -0.645241 2.283070
1.076570 -0.542897 2.667410
1.088990 -0.720211 2.625160
1.171750 -0.540745 2.502180
1.199360 -0.480912 2.464280
0.759437 -0.571681 2.536160
0.329194 -0.598555 2.492500
0.458249 -0.457225 2.367860
0.384533 -0.487964 2.317160
0.917829 -0.619252 2.696500
0.499234 -0.513666 2.632210
0.242830 -0.480963 2.449760
0.266341 -0.517037 2.381490
0.890305 -0.566069 2.668130
0.907299 -0.535931 2.684770
1.023030 -0.413298 2.663510
1.115290 -0.316340 2.653580
0.839836 -0.431078 2.570510
0.692056 -0.447423 2.469400
0.798287 -0.597916 2.325920
0.832335 -0.648317 2.280150
1.088830 -0.539685 2.673210
1.101250 -0.717000 2.630970
1.184010 -0.537567 2.508000
1.211610 -0.477738 2.470100
0.762802 -0.610288 2.601210
0.344932 -0.606438 2.507370
0.461384 -0.453439 2.364510
0.387111 -0.485117 2.314870
0.926920 -0.645470 2.723720
0.507437 -0.554320 2.681180
0.250997 -0.521571 2.498660
0.272092 -0.564366 2.435380
0.896026 -0.571055 2.676440
0.910686 -0.540188 2.690560
1.021360 -0.413126 2.666870
1.118720 -0.314712 2.654750
0.840210 -0.431356 2.571410
0.695390 -0.450623 2.467190
0.800000 -0.601255 2.322880
0.833879 -0.651660 2.277080
1.057440 -0.497764 2.657960
1.082600 -0.684052 2.621640
1.165350 -0.504682 2.498710
1.192950 -0.444876 2.460820
0.779131 -0.618877 2.607830
0.353544 -0.609699 2.513270
0.467379 -0.451431 2.363060
0.392859 -0.483143 2.314150
0.932406 -0.649933 2.737840
0.512378 -0.572915 2.703040
0.255959 -0.540175 2.520540
0.276148 -0.584031 2.457420
0.895660 -0.571715 2.680140
0.909371 -0.541582 2.692560
1.015020 -0.414730 2.668140
1.119360 -0.315075 2.656320
0.840498 -0.431546 2.572250
0.697297 -0.452159 2.465930
0.800877 -0.602897 2.321090
0.834648 -0.653306 2.275270
1.041220 -0.476869 2.651740
1.069120 -0.666427 2.616050
1.151860 -0.487090 2.493140
1.179460 -0.427297 2.455270
0.773482 -0.624006 2.604420
0.349773 -0.606751 2.505880
0.471575 -0.450398 2.362120
0.396879 -0.481985 2.313640
0.922969 -0.647935 2.750040
0.514512 -0.583630 2.716140
0.258110 -0.550892 2.533650
0.277911 -0.595082 2.470340
0.752911 -0.526264 2.600370
0.770052 -0.512055 2.619890
0.889361 -0.450562 2.629200
1.072250 -0.342284 2.658480
0.840854 -0.431687 2.573090
0.698327 -0.452979 2.465330
0.801282 -0.603779 2.320170
0.834984 -0.654193 2.274340
0.942880 -0.486398 2.621850
0.964758 -0.670999 2.583570
1.047470 -0.491697 2.460700
1.075050 -0.431922 2.422840
0.573877 -0.542252 2.483860
0.175697 -0.531189 2.359140
0.440366 -0.478080 2.375330
0.377186 -0.498003 2.317790
0.765772 -0.582537 2.661920
0.468308 -0.602630 2.752130
0.211735 -0.569872 2.569570
0.237704 -0.610500 2.503070
0.720235 -0.517055 2.584460
0.735120 -0.505615 2.604520
0.852268 -0.461086 2.618950
1.041050 -0.359289 2.659260
0.841190 -0.431915 2.573790
0.699006 -0.453419 2.465000
0.801462 -0.604275 2.319580
0.835110 -0.654691 2.273730
0.889491 -0.495366 2.605730
0.903088 -0.677357 2.564390
0.985771 -0.498087 2.441530
1.013330 -0.438328 2.403690
0.543025 -0.532485 2.466970
0.121559 -0.507592 2.313430
0.424935 -0.492078 2.382590
0.364938 -0.508165 2.320950
0.732911 -0.569504 2.648800
0.449537 -0.609955 2.765420
0.192763 -0.577183 2.582780
0.219898 -0.616818 2.515950
0.690576 -0.507444 2.567690
0.706026 -0.499182 2.590480
0.826304 -0.468042 2.611200
1.029620 -0.365088 2.659920
0.841504 -0.432114 2.574460
0.699393 -0.453498 2.464920
0.801425 -0.604404 2.319260
0.835031 -0.654817 2.273410
0.867305 -0.498148 2.599270
0.879377 -0.678852 2.557280
0.962047 -0.499602 2.434440
0.989600 -0.439852 2.396600
0.509643 -0.517346 2.446710
0.086191 -0.492216 2.283730
0.416231 -0.500213 2.386500
0.357136 -0.514888 2.322760
0.700456 -0.555616 2.629370
0.438714 -0.613726 2.772220
0.181722 -0.580930 2.589490
0.209447 -0.620049 2.522580
0.684531 -0.505189 2.563720
0.698093 -0.497108 2.586950
0.814280 -0.471218 2.607560
1.022890 -0.368685 2.660300
0.841760 -0.432313 2.574930
0.699576 -0.453312 2.465000
0.801267 -0.604263 2.319150
0.834843 -0.654672 2.273300
0.853698 -0.499794 2.595250
0.864752 -0.679420 2.552800
0.947413 -0.500188 2.429970
0.974963 -0.440444 2.392140
0.509982 -0.516538 2.446720
0.066529 -0.483679 2.267140
0.410849 -0.505217 2.389000
0.351958 -0.519308 2.324060
0.700371 -0.554935 2.626520
0.431457 -0.615849 2.776120
0.174249 -0.582999 2.593260
0.202289 -0.621807 2.526330
0.685758 -0.505459 2.563760
0.698549 -0.497083 2.588590
0.814038 -0.472414 2.607460
1.018500 -0.370925 2.660620
0.841997 -0.432479 2.575380
0.699627 -0.452984 2.465190
0.801052 -0.603971 2.319180
0.834606 -0.654374 2.273330
0.847421 -0.503569 2.593870
0.857701 -0.682139 2.551050
0.940357 -0.502928 2.428230
0.967905 -0.443193 2.390400
0.510641 -0.515892 2.447240
0.060399 -0.480987 2.262250
0.407371 -0.508505 2.390620
0.348551 -0.522301 2.324920
0.701567 -0.555069 2.625160
0.426287 -0.616750 2.777920
0.168885 -0.583825 2.594870
0.197132 -0.622488 2.528050
0.686332 -0.505344 2.563270
0.699936 -0.497213 2.590330
0.817567 -0.471146 2.606170
1.017780 -0.370768 2.660590
0.842208 -0.432627 2.575800
0.699461 -0.452454 2.465560
0.800671 -0.603468 2.319420
0.834211 -0.653863 2.273590
0.847877 -0.507204 2.593510
0.858149 -0.685033 2.550570
0.940794 -0.505846 2.427770
0.968340 -0.446119 2.389950
0.510996 -0.515276 2.447540
0.067719 -0.484134 2.268860
0.404916 -0.510806 2.391760
0.346197 -0.524351 2.325560
0.702367 -0.554962 2.623840
0.422799 -0.616579 2.777890
0.165209 -0.583577 2.594630
0.193066 -0.621882 2.527530
0.697017 -0.508205 2.568320
0.710003 -0.498883 2.596540
0.827087 -0.467777 2.607480
1.017400 -0.370355 2.660890
0.842432 -0.432703 2.576220
0.699208 -0.451840 2.466090
0.800254 -0.602875 2.319850
0.833784 -0.653260 2.274040
0.852348 -0.510157 2.594500
0.863096 -0.687477 2.551630
0.945728 -0.508317 2.428850
0.973270 -0.448599 2.391030
0.522329 -0.519201 2.454220
0.079304 -0.489175 2.279030
0.408227 -0.523619 2.377620
0.343589 -0.529564 2.322690
0.713802 -0.559329 2.628360
0.420681 -0.615590 2.776310
0.162889 -0.582520 2.592830
0.190293 -0.620625 2.525620
0.703183 -0.510154 2.571660
0.716212 -0.499895 2.600850
0.835238 -0.464293 2.609330
1.018440 -0.368810 2.661560
0.842596 -0.432791 2.576580
0.698906 -0.451169 2.466820
0.799826 -0.602217 2.320510
0.833351 -0.652591 2.274710
0.858611 -0.511953 2.596330
0.869953 -0.688928 2.553610
0.952568 -0.509797 2.430850
0.980106 -0.450089 2.393040
0.530363 -0.522209 2.459300
0.089552 -0.493720 2.288210
0.410146 -0.529982 2.370260
0.341788 -0.533564 2.320210
0.721872 -0.562412 2.631830
0.419749 -0.614348 2.774490
0.161750 -0.581234 2.590820
0.188735 -0.619331 2.523700
0.707030 -0.511551 2.573830
0.720159 -0.500613 2.603770
0.840999 -0.461824 2.610760
1.022680 -0.364823 2.662400
0.842736 -0.432865 2.576880
0.698607 -0.450474 2.467660
0.799433 -0.601526 2.321290
0.832956 -0.651888 2.275520
0.864819 -0.513075 2.598180
0.876646 -0.689845 2.555590
0.959245 -0.510744 2.432850
0.986777 -0.451045 2.395040
0.535367 -0.524143 2.462620
0.097306 -0.497193 2.295240
0.411382 -0.533624 2.365920
0.340565 -0.536606 2.318140
0.727199 -0.564413 2.634150
0.419632 -0.612966 2.772440
0.161412 -0.579823 2.588610
0.187978 -0.617973 2.521590
0.806007 -0.567701 2.638980
0.816269 -0.538402 2.662890
0.932235 -0.424921 2.650120
1.109770 -0.320838 2.680820
0.842816 -0.432981 2.577220
0.698303 -0.449778 2.468550
0.799058 -0.600826 2.322150
0.832580 -0.651176 2.276390
0.987274 -0.481949 2.642170
0.977875 -0.665104 2.591910
1.060440 -0.486077 2.469200
1.087970 -0.426402 2.431420
0.691209 -0.606053 2.578130
0.232384 -0.558713 2.413800
0.038617 -0.518658 2.208830
0.035306 -0.553476 2.155600
0.850641 -0.622676 2.693320
0.462713 -0.602612 2.748110
0.203586 -0.569524 2.564080
0.227041 -0.609650 2.498760
0.842359 -0.588516 2.662880
0.855292 -0.553810 2.686430
0.976544 -0.409229 2.668750
1.151330 -0.300876 2.691040
0.842788 -0.433340 2.577570
0.698026 -0.449093 2.469500
0.798730 -0.600129 2.323090
0.832254 -0.650467 2.277360
1.030480 -0.471625 2.657630
1.036600 -0.650310 2.613030
1.119130 -0.471346 2.490360
1.146640 -0.411691 2.452580
0.730266 -0.626118 2.607270
0.299119 -0.589113 2.472540
-0.047807 -0.527460 2.170790
-0.085826 -0.566533 2.096890
0.891672 -0.642286 2.712310
0.481848 -0.598121 2.736650
0.222452 -0.565023 2.552450
0.245337 -0.605956 2.487500
0.896021 -0.581755 2.688290
0.906481 -0.547200 2.707940
0.998761 -0.402936 2.678130
1.170670 -0.292091 2.695620
0.842721 -0.433726 2.577910
0.697753 -0.448452 2.470470
0.798419 -0.599469 2.324060
0.831945 -0.649796 2.278340
1.052040 -0.465589 2.666080
1.057170 -0.644879 2.620870
1.139680 -0.465944 2.498220
1.167190 -0.406298 2.460440
0.765570 -0.641057 2.603090
0.332382 -0.603030 2.496710
0.061507 -0.528643 2.202450
0.049188 -0.573965 2.122940
0.927390 -0.649241 2.763840
0.497276 -0.596333 2.732380
0.237738 -0.563226 2.548060
0.260819 -0.605006 2.483530
0.880237 -0.593363 2.684850
0.895521 -0.555815 2.703970
1.009890 -0.399831 2.682850
1.131740 -0.310288 2.669030
0.842638 -0.434104 2.578220
0.697509 -0.447871 2.471360
0.798150 -0.598866 2.324970
0.831679 -0.649181 2.279270
1.054740 -0.463406 2.668130
1.070680 -0.641382 2.625960
1.153180 -0.462466 2.503310
1.180690 -0.402828 2.465550
0.767609 -0.644939 2.617370
0.351208 -0.611324 2.512210
-0.093415 -0.527329 2.150560
-0.112911 -0.578363 2.060530
0.921134 -0.651026 2.746110
0.507117 -0.595460 2.730210
0.247533 -0.562351 2.545830
0.270854 -0.604663 2.481590
0.905216 -0.569555 2.686550
0.914470 -0.540586 2.702980
1.007230 -0.403458 2.679340
1.122160 -0.315016 2.659910
0.842581 -0.434417 2.578490
0.697287 -0.447271 2.472260
0.797910 -0.598238 2.325890
0.831442 -0.648542 2.280210
1.054360 -0.462026 2.668760
1.076340 -0.639175 2.628540
1.158830 -0.460287 2.505910
1.186330 -0.400657 2.468150
0.774074 -0.643559 2.601220
0.358995 -0.613496 2.514100
-0.037523 -0.521096 2.176940
-0.103397 -0.571897 2.073230
0.930573 -0.646107 2.776560
0.513789 -0.595050 2.729120
0.254192 -0.561945 2.544710
0.277663 -0.604635 2.480710
0.854734 -0.557591 2.609960
0.870672 -0.536000 2.639830
1.002760 -0.406285 2.676010
1.109480 -0.320947 2.653100
0.842515 -0.434740 2.578830
0.697102 -0.446723 2.473080
0.797712 -0.597661 2.326740
0.831246 -0.647955 2.281080
1.049500 -0.461988 2.667910
1.074310 -0.638569 2.628600
1.156790 -0.459716 2.505990
1.184280 -0.400098 2.468240
0.737759 -0.593148 2.544980
0.319915 -0.594382 2.480090
-0.086999 -0.523412 2.158300
-0.135167 -0.574605 2.057980
0.893385 -0.609815 2.634140
0.511893 -0.510039 2.633040
0.252498 -0.476926 2.448650
0.280340 -0.512640 2.382080
0.840898 -0.578251 2.636090
0.855969 -0.550006 2.657740
0.993455 -0.410021 2.671430
1.102360 -0.324297 2.649770
0.842809 -0.434980 2.579590
0.696905 -0.446233 2.473840
0.797504 -0.597143 2.327530
0.831040 -0.647427 2.281880
1.039160 -0.463568 2.665130
1.067820 -0.639059 2.627220
1.150280 -0.460243 2.504640
1.177770 -0.400638 2.466900
0.732689 -0.609095 2.582310
0.313308 -0.591851 2.476450
-0.037055 -0.521090 2.179120
-0.012590 -0.566708 2.112810
0.891423 -0.629397 2.675580
0.509036 -0.546272 2.679610
0.249813 -0.513180 2.495300
0.275454 -0.554914 2.432520
0.824932 -0.588534 2.642850
0.843711 -0.556005 2.660540
0.987812 -0.413821 2.668550
1.098110 -0.326437 2.647970
0.842905 -0.435352 2.580010
0.696741 -0.445790 2.474520
0.797332 -0.596670 2.328240
0.830869 -0.646945 2.282610
1.030720 -0.465002 2.662750
1.059560 -0.640091 2.625120
1.142000 -0.461313 2.502570
1.169480 -0.401721 2.464830
0.719952 -0.610843 2.594410
0.307784 -0.589916 2.473590
-0.053259 -0.521025 2.173670
-0.043871 -0.569274 2.099460
0.878834 -0.634058 2.677880
0.507489 -0.563920 2.702010
0.248355 -0.530816 2.517720
0.273573 -0.573873 2.454930
0.817746 -0.593500 2.646500
0.837716 -0.559206 2.661960
0.983740 -0.416746 2.665560
1.095450 -0.327847 2.646880
0.842984 -0.435687 2.580390
0.696585 -0.445380 2.475130
0.797170 -0.596232 2.328880
0.830707 -0.646498 2.283260
1.024790 -0.465899 2.660960
1.051940 -0.641039 2.622990
1.134370 -0.462296 2.500460
1.161840 -0.402714 2.462730
0.713702 -0.612287 2.601030
0.303569 -0.588493 2.471480
0.045087 -0.526309 2.211950
0.058919 -0.571504 2.142590
0.871651 -0.637429 2.682560
0.505975 -0.577371 2.718670
0.246889 -0.544270 2.534400
0.271437 -0.589085 2.472430
0.813933 -0.596377 2.649120
0.834332 -0.561241 2.663020
0.980460 -0.418967 2.662930
1.093600 -0.328960 2.646400
0.842890 -0.436102 2.580770
0.696451 -0.445027 2.475650
0.797030 -0.595851 2.329430
0.830567 -0.646109 2.283820
1.020620 -0.466605 2.659580
1.045580 -0.641958 2.621050
1.127990 -0.463246 2.498540
1.155460 -0.403675 2.460820
0.710215 -0.613445 2.605320
0.300386 -0.587440 2.469940
0.089484 -0.528546 2.229440
0.112010 -0.572774 2.164850
0.868312 -0.639181 2.686240
0.504665 -0.585406 2.727830
0.245606 -0.552305 2.543580
0.269722 -0.597844 2.481730
0.812987 -0.598176 2.652110
0.833292 -0.562734 2.664460
0.978345 -0.420970 2.660540
1.092670 -0.329983 2.646670
0.842844 -0.436429 2.581040
0.696322 -0.444721 2.476100
0.796895 -0.595518 2.329910
0.830432 -0.645769 2.284310
1.017850 -0.467907 2.658590
1.040850 -0.643510 2.619530
1.123240 -0.464828 2.497040
1.150700 -0.405267 2.459320
0.708683 -0.614618 2.609150
0.298304 -0.586701 2.468990
0.110286 -0.529757 2.237530
0.134030 -0.573385 2.174160
0.868121 -0.640336 2.690600
0.505250 -0.591444 2.735110
0.246208 -0.558344 2.550870
0.269882 -0.604284 2.488930
0.815330 -0.597961 2.655090
0.834724 -0.563309 2.665960
0.976901 -0.422864 2.658640
1.092300 -0.330973 2.647350
0.842814 -0.436702 2.581270
0.696197 -0.444455 2.476480
0.796764 -0.595228 2.330320
0.830300 -0.645471 2.284730
1.015820 -0.469536 2.657830
1.037150 -0.645245 2.618330
1.119530 -0.466593 2.495860
1.146990 -0.407043 2.458140
0.708443 -0.615259 2.611730
0.296867 -0.586137 2.468300
0.122850 -0.530454 2.242260
0.148535 -0.573715 2.180210
0.869718 -0.640127 2.694750
0.505466 -0.594867 2.739390
0.246437 -0.561766 2.555150
0.269823 -0.607942 2.493140
