0.220601 -0.415419 2.406180
0.205280 -0.377083 2.445240
0.203247 -0.146097 2.440410
0.251568 0.041597 2.401790
0.051278 -0.214889 2.388990
-0.018779 -0.400165 2.277420
0.041353 -0.523596 2.156120
0.048949 -0.601214 2.143710
0.374067 -0.237682 2.496350
0.404292 -0.420501 2.440020
0.396791 -0.529188 2.217090
0.395829 -0.576560 2.160150
0.150706 -0.487400 2.360990
0.150769 -0.599189 2.041190
0.230625 -0.851857 1.899820
0.257069 -0.885201 1.822750
0.300593 -0.497297 2.426660
0.442426 -0.572316 2.176310
0.473099 -0.862985 2.067920
0.499846 -0.896264 1.990840
0.220944 -0.415536 2.406490
0.205610 -0.377224 2.445600
0.203641 -0.146140 2.440950
0.252476 0.041254 2.402660
0.051679 -0.214903 2.389320
-0.018564 -0.400269 2.277410
0.041895 -0.523000 2.155330
0.049226 -0.601336 2.143470
0.374310 -0.237817 2.496710
0.403515 -0.424558 2.438570
0.391872 -0.541865 2.216880
0.389173 -0.580929 2.155400
0.151034 -0.487426 2.361230
0.150789 -0.599223 2.041220
0.230560 -0.851680 1.899650
0.257014 -0.885016 1.822580
0.300914 -0.497379 2.426910
0.442431 -0.572516 2.176430
0.476008 -0.863279 2.065800
0.502743 -0.896545 1.988750
0.221254 -0.415638 2.406780
0.205907 -0.377352 2.445940
0.203969 -0.146164 2.441490
0.253195 0.041062 2.403550
0.052049 -0.214905 2.389660
-0.018389 -0.400278 2.277480
0.041962 -0.523128 2.155550
0.049309 -0.601833 2.143900
0.374552 -0.237945 2.497100
0.403348 -0.425994 2.438170
0.388570 -0.548031 2.218350
0.383775 -0.583956 2.154220
0.151328 -0.487449 2.361450
0.150800 -0.599243 2.041250
0.230476 -0.851583 1.899570
0.256936 -0.884915 1.822510
0.301215 -0.497456 2.427160
0.442432 -0.572704 2.176550
0.473129 -0.864307 2.067030
0.499855 -0.897560 1.990000
0.221543 -0.415721 2.407050
0.206187 -0.377466 2.446270
0.204296 -0.146181 2.442090
0.253718 0.040914 2.404340
0.052383 -0.214894 2.389990
-0.018239 -0.400234 2.277590
0.042052 -0.523085 2.155620
0.049417 -0.602081 2.144130
0.374802 -0.238073 2.497500
0.404022 -0.425566 2.439010
0.387893 -0.547830 2.219850
0.414918 -0.539234 2.178020
0.151593 -0.487465 2.361640
0.150811 -0.599261 2.041270
0.230338 -0.851497 1.899510
0.256810 -0.884825 1.822450
0.301496 -0.497523 2.427390
0.442427 -0.572882 2.176670
0.469433 -0.865308 2.068530
0.496155 -0.898543 1.991510
0.221841 -0.415808 2.407330
0.206461 -0.377579 2.446600
0.204561 -0.146173 2.442690
0.254114 0.040787 2.404960
0.052677 -0.214888 2.390290
-0.018115 -0.400163 2.277710
0.041818 -0.523522 2.156420
0.049247 -0.603187 2.145610
0.375023 -0.238187 2.497910
0.404657 -0.424989 2.439850
0.387460 -0.546658 2.221310
0.434021 -0.489133 2.163280
0.151897 -0.487496 2.361850
0.150819 -0.599267 2.041300
0.230131 -0.851432 1.899520
0.256624 -0.884752 1.822460
0.301806 -0.497588 2.427640
0.442439 -0.572944 2.176730
0.465135 -0.865778 2.070600
0.491873 -0.898991 1.993580
0.222121 -0.415880 2.407610
0.206717 -0.377678 2.446920
0.204798 -0.146144 2.443300
0.254402 0.040711 2.405560
0.052945 -0.214880 2.390580
-0.018015 -0.400087 2.277830
0.041835 -0.523523 2.156590
0.047662 -0.597286 2.149950
0.375226 -0.238280 2.498320
0.405252 -0.424246 2.440690
0.374246 -0.547759 2.230250
0.419681 -0.496762 2.186670
0.152189 -0.487520 2.362040
0.150801 -0.599229 2.041390
0.229987 -0.851338 1.899530
0.256497 -0.884653 1.822470
0.302098 -0.497641 2.427880
0.442455 -0.573012 2.176810
0.469265 -0.865361 2.067690
0.496038 -0.898545 1.990680
0.222367 -0.415936 2.407870
0.206942 -0.377760 2.447240
0.205001 -0.146096 2.443910
0.254596 0.040693 2.406090
0.053167 -0.214870 2.390850
-0.017940 -0.400026 2.277950
0.041879 -0.523434 2.156690
0.047738 -0.596802 2.150340
0.375399 -0.238352 2.498720
0.405666 -0.423572 2.441360
0.373565 -0.548351 2.232810
0.394093 -0.554465 2.177380
0.152445 -0.487535 2.362230
0.150786 -0.599192 2.041450
0.229858 -0.851252 1.899580
0.256383 -0.884559 1.822520
0.302355 -0.497683 2.428100
0.442466 -0.573061 2.176880
0.466823 -0.865513 2.067940
0.493623 -0.898677 1.990940
0.222590 -0.415972 2.408130
0.207144 -0.377822 2.447550
0.205176 -0.146034 2.444520
0.254657 0.040702 2.406630
0.053350 -0.214857 2.391160
-0.017877 -0.399915 2.278150
0.041927 -0.523136 2.156740
0.047984 -0.596453 2.150240
0.375578 -0.238361 2.499240
0.405878 -0.423340 2.441730
0.374657 -0.543538 2.231510
0.416799 -0.510786 2.163160
0.152676 -0.487543 2.362400
0.150769 -0.599151 2.041520
0.229759 -0.851166 1.899650
0.256299 -0.884465 1.822590
0.302583 -0.497713 2.428310
0.442476 -0.573095 2.176940
0.464039 -0.865573 2.068190
0.490876 -0.898719 1.991190
0.222770 -0.415996 2.408360
0.207305 -0.377870 2.447820
0.205310 -0.145964 2.445060
0.254561 0.040794 2.407230
0.053513 -0.214840 2.391450
-0.017828 -0.399771 2.278390
0.042678 -0.518492 2.154030
0.049301 -0.594196 2.147170
0.375706 -0.238324 2.499760
0.405923 -0.423428 2.441830
0.376914 -0.539301 2.227640
0.426663 -0.538744 2.174620
0.152868 -0.487543 2.362560
0.150748 -0.599108 2.041590
0.229864 -0.850969 1.899730
0.256439 -0.884244 1.822680
0.302748 -0.497727 2.428480
0.442483 -0.573135 2.177020
0.461231 -0.865653 2.068420
0.488109 -0.898784 1.991440
0.222943 -0.416010 2.408580
0.207457 -0.377904 2.448080
0.205418 -0.145885 2.445550
0.254366 0.040953 2.407810
0.053658 -0.214811 2.391760
-0.017780 -0.399742 2.278520
0.043848 -0.514291 2.150900
0.050936 -0.592012 2.143540
0.375781 -0.238262 2.500220
0.405936 -0.423459 2.441910
0.381380 -0.530263 2.222480
0.428301 -0.516083 2.170710
0.153071 -0.487531 2.362720
0.150725 -0.599065 2.041660
0.229884 -0.850828 1.899810
0.256481 -0.884086 1.822770
0.302911 -0.497720 2.428650
0.442484 -0.573186 2.177110
0.460799 -0.865713 2.068240
0.487694 -0.898833 1.991260
0.223096 -0.416016 2.408790
0.207590 -0.377928 2.448330
0.205498 -0.145798 2.446010
0.254053 0.041209 2.408460
0.053782 -0.214782 2.392040
-0.017737 -0.399733 2.278620
0.044261 -0.513074 2.150050
0.052337 -0.591319 2.140360
0.375835 -0.238196 2.500640
0.405922 -0.423457 2.441970
0.405631 -0.500220 2.207150
0.430160 -0.500971 2.155100
0.153254 -0.487514 2.362880
0.150698 -0.599020 2.041730
0.229860 -0.850692 1.899830
0.256472 -0.883935 1.822800
0.303059 -0.497703 2.428810
0.442475 -0.573261 2.177220
0.461256 -0.865797 2.067800
0.488166 -0.898907 1.990820
0.223233 -0.416018 2.409000
0.207708 -0.377948 2.448580
0.205545 -0.145684 2.446480
0.253823 0.041364 2.408980
0.053890 -0.214752 2.392300
-0.017705 -0.399720 2.278720
0.044576 -0.512181 2.149470
0.053137 -0.590787 2.138550
0.375882 -0.238145 2.501010
0.405747 -0.423636 2.441960
0.416555 -0.485486 2.199600
0.430813 -0.496614 2.150240
0.153417 -0.487497 2.363030
0.150672 -0.598977 2.041800
0.229821 -0.850548 1.899840
0.256447 -0.883779 1.822820
0.303196 -0.497683 2.428970
0.442470 -0.573333 2.177340
0.460941 -0.865849 2.067680
0.487860 -0.898952 1.990710
0.223342 -0.416013 2.409190
0.207796 -0.377959 2.448810
0.205534 -0.145508 2.447010
0.253384 0.041566 2.409440
0.053982 -0.214726 2.392550
-0.017680 -0.399712 2.278810
0.044808 -0.511545 2.149070
0.053653 -0.590521 2.137550
0.375911 -0.238095 2.501370
0.405597 -0.423678 2.442000
0.421437 -0.478701 2.196420
0.431117 -0.493824 2.147120
0.153550 -0.487476 2.363170
0.150660 -0.598951 2.041850
0.229987 -0.850262 1.899820
0.256647 -0.883463 1.822800
0.303304 -0.497654 2.429120
0.442466 -0.573418 2.177490
0.460323 -0.865915 2.067540
0.487256 -0.899009 1.990580
0.223338 -0.415989 2.409400
0.207783 -0.377947 2.449080
0.205477 -0.145296 2.447610
0.252767 0.041770 2.409940
0.054053 -0.214707 2.392790
-0.017683 -0.399656 2.279000
0.044971 -0.511061 2.148830
0.053974 -0.590289 2.136900
0.375924 -0.238068 2.501720
0.405302 -0.423892 2.442030
0.416349 -0.480473 2.203040
0.430436 -0.491784 2.146230
0.153541 -0.487427 2.363290
0.150652 -0.598916 2.041890
0.230125 -0.849989 1.899780
0.256816 -0.883165 1.822770
0.303261 -0.497619 2.429290
0.442422 -0.573487 2.177770
0.461394 -0.865805 2.066800
0.488349 -0.898887 1.989840
0.223307 -0.415961 2.409610
0.207743 -0.377932 2.449340
0.205393 -0.145101 2.448160
0.252071 0.041906 2.410410
0.054057 -0.214686 2.393060
-0.017681 -0.399656 2.279100
0.045117 -0.510743 2.148650
0.054255 -0.590212 2.136390
0.375920 -0.238090 2.502110
0.404904 -0.424256 2.442010
0.384306 -0.498859 2.253230
0.430382 -0.489884 2.145540
0.153500 -0.487377 2.363410
0.150646 -0.598893 2.041920
0.230255 -0.849738 1.899740
0.256973 -0.882889 1.822730
0.303194 -0.497589 2.429450
0.442410 -0.573526 2.178070
0.461180 -0.865785 2.066730
0.488147 -0.898860 1.989780
0.223243 -0.415920 2.409810
0.207669 -0.377907 2.449600
0.205267 -0.144923 2.448700
0.251258 0.042051 2.410970
0.053934 -0.214658 2.393470
-0.017713 -0.399627 2.279290
0.044574 -0.511802 2.149800
0.053832 -0.591672 2.137220
0.375839 -0.238204 2.502650
0.404430 -0.424698 2.442010
0.382944 -0.501335 2.253130
0.426126 -0.494183 2.150630
0.153427 -0.487316 2.363520
0.150647 -0.598884 2.041950
0.230521 -0.849388 1.899590
0.257274 -0.882512 1.822580
0.303103 -0.497557 2.429610
0.442405 -0.573508 2.178350
0.460610 -0.865685 2.066840
0.487589 -0.898751 1.989890
0.223060 -0.415849 2.410080
0.207474 -0.377861 2.449920
0.205027 -0.144764 2.449270
0.250030 0.042102 2.411670
0.053728 -0.214665 2.393910
-0.017757 -0.399588 2.279480
0.044139 -0.512695 2.150810
0.052345 -0.590596 2.140010
0.375706 -0.238339 2.503210
0.403954 -0.425239 2.442010
0.374103 -0.539143 2.247860
0.436742 -0.571334 2.197250
0.153224 -0.487228 2.363650
0.150651 -0.598879 2.041970
0.230800 -0.849027 1.899420
0.257585 -0.882126 1.822410
0.302915 -0.497502 2.429810
0.442396 -0.573435 2.178730
0.459792 -0.865499 2.067020
0.486781 -0.898555 1.990070
0.222427 -0.415665 2.410480
0.206647 -0.377715 2.450420
0.202680 -0.144146 2.450390
0.246983 0.041980 2.412780
0.053123 -0.214705 2.394610
-0.017827 -0.399587 2.279640
0.043448 -0.514536 2.152540
0.049711 -0.588754 2.144770
0.375204 -0.238467 2.504290
0.403325 -0.425992 2.442190
0.378446 -0.533325 2.247580
0.431287 -0.525941 2.198630
0.152719 -0.487072 2.363840
0.150657 -0.598875 2.041990
0.231050 -0.848705 1.899290
0.257889 -0.881769 1.822280
0.302521 -0.497389 2.430090
0.442368 -0.573349 2.179290
0.461146 -0.865068 2.066340
0.488218 -0.898091 1.989390
0.221415 -0.415352 2.410980
0.205304 -0.377481 2.451040
0.199023 -0.143616 2.451760
0.241352 0.041266 2.414160
0.051997 -0.215011 2.395440
-0.017930 -0.399600 2.279800
0.042948 -0.515748 2.153670
0.047259 -0.585688 2.148510
0.374422 -0.238526 2.505780
0.402448 -0.427008 2.442310
0.387548 -0.522053 2.240270
0.426673 -0.508981 2.193710
0.152018 -0.486880 2.364050
0.150662 -0.598872 2.042010
0.231101 -0.848561 1.899260
0.257970 -0.881611 1.822260
0.301984 -0.497194 2.430400
0.442271 -0.573215 2.179870
0.460859 -0.864871 2.066500
0.487987 -0.897878 1.989560
0.220207 -0.414954 2.411560
0.203732 -0.377223 2.451730
0.195217 -0.143342 2.453300
0.231259 0.041604 2.416510
0.050131 -0.215502 2.396630
-0.018115 -0.399618 2.280050
0.042776 -0.515520 2.153680
0.052613 -0.569596 2.135120
0.373253 -0.238337 2.507940
0.401265 -0.428108 2.442440
0.390419 -0.516115 2.238060
0.422321 -0.499150 2.191200
0.151190 -0.486671 2.364300
0.150668 -0.598868 2.042040
0.227980 -0.849004 1.899380
0.255112 -0.881976 1.822410
0.301377 -0.496931 2.430730
0.442022 -0.572897 2.180380
0.460195 -0.864482 2.066710
0.487405 -0.897471 1.989770
0.218597 -0.414402 2.412260
0.201760 -0.376909 2.452540
0.191378 -0.143417 2.454910
0.221936 0.041708 2.418490
0.046821 -0.216412 2.398460
-0.018795 -0.399441 2.280790
0.042538 -0.514736 2.153860
0.056071 -0.558820 2.127310
0.370759 -0.237621 2.511210
0.400404 -0.428538 2.442570
0.370600 -0.517545 2.267890
0.419084 -0.492198 2.188900
0.150100 -0.486405 2.364590
0.150674 -0.598861 2.042070
0.223617 -0.849718 1.899660
0.251047 -0.882598 1.822730
0.300492 -0.496509 2.431150
0.441505 -0.572317 2.180950
0.459371 -0.863959 2.067240
0.486671 -0.896923 1.990310
0.216884 -0.413877 2.413050
0.199662 -0.376684 2.453450
0.187134 -0.143730 2.456870
0.205521 0.042666 2.421260
0.042344 -0.217772 2.400970
-0.019655 -0.399414 2.281780
0.042077 -0.514466 2.154210
0.057239 -0.562660 2.125340
0.366553 -0.236204 2.515050
0.398973 -0.428838 2.442510
0.372309 -0.521353 2.240940
0.398754 -0.525277 2.171190
0.148947 -0.486187 2.364940
0.150686 -0.598847 2.042110
0.219580 -0.850554 1.900470
0.247177 -0.883350 1.823550
0.299490 -0.495985 2.431620
0.440898 -0.571720 2.181590
0.458295 -0.863399 2.067800
0.485661 -0.896325 1.990880
0.214957 -0.413501 2.414010
0.197430 -0.376685 2.454610
0.181988 -0.144486 2.459300
0.194016 0.043130 2.423990
0.034377 -0.220463 2.405540
-0.021497 -0.399188 2.284250
0.041003 -0.513507 2.155210
0.057793 -0.563387 2.124440
0.361335 -0.234387 2.518320
0.396430 -0.428965 2.442100
0.369572 -0.521441 2.235660
0.388420 -0.535190 2.168460
0.147339 -0.486245 2.365790
0.150712 -0.598839 2.042150
0.216269 -0.851048 1.901120
0.243587 -0.883795 1.824170
0.298498 -0.495453 2.432080
0.439835 -0.571140 2.182100
0.457409 -0.863002 2.068450
0.484648 -0.895865 1.991530
0.212503 -0.413364 2.415260
0.194577 -0.377005 2.456120
0.175553 -0.145470 2.462250
0.178865 0.042434 2.426390
0.026154 -0.223636 2.410310
-0.023513 -0.400014 2.286790
0.036548 -0.516244 2.158940
0.057308 -0.568359 2.124730
0.352324 -0.231885 2.521480
0.388735 -0.428988 2.438490
0.387889 -0.481802 2.240440
0.357520 -0.501930 2.147630
0.145344 -0.486598 2.366980
0.150754 -0.598743 2.042370
0.217718 -0.850192 1.902180
0.244600 -0.882952 1.825080
0.297184 -0.494794 2.432670
0.434571 -0.570798 2.181830
0.456914 -0.862920 2.069200
0.484039 -0.895740 1.992240
0.208629 -0.413282 2.417070
0.190509 -0.377502 2.458210
0.167207 -0.147101 2.465560
0.162630 0.042436 2.428640
0.013544 -0.228075 2.417150
-0.026180 -0.401902 2.289870
0.035134 -0.516820 2.160390
0.056978 -0.566449 2.123900
0.342051 -0.229641 2.523460
0.381416 -0.427267 2.435320
0.352361 -0.496422 2.265250
0.328072 -0.476548 2.138190
0.141977 -0.487268 2.369090
0.150741 -0.598425 2.042890
0.219274 -0.849064 1.903420
0.245393 -0.881943 1.826020
0.294940 -0.493678 2.433440
0.443719 -0.608468 2.175110
0.507254 -0.866347 2.038250
0.530837 -0.898794 1.961270
0.203524 -0.413253 2.419310
0.185193 -0.378275 2.460840
0.153793 -0.149934 2.470410
0.141328 0.040750 2.432280
-0.000687 -0.233340 2.425080
-0.031345 -0.405105 2.295780
0.032938 -0.517018 2.162810
0.056264 -0.564644 2.123850
0.331023 -0.227511 2.524540
0.374346 -0.421621 2.432290
0.352004 -0.501199 2.250210
0.289221 -0.448104 2.122290
0.137450 -0.488272 2.372110
0.150724 -0.597255 2.044260
0.220766 -0.847530 1.904780
0.245956 -0.880602 1.826990
0.291973 -0.492037 2.434160
0.444563 -0.614421 2.174410
0.496846 -0.874097 2.040630
0.518129 -0.906649 1.963160
0.191023 -0.411527 2.423680
0.174807 -0.378059 2.465510
0.142049 -0.152314 2.475890
0.115279 0.038243 2.436910
-0.020549 -0.239718 2.435430
-0.038141 -0.408973 2.303210
0.031613 -0.515816 2.166110
0.056271 -0.560585 2.124930
0.317638 -0.225448 2.524130
0.365384 -0.402342 2.428280
0.344084 -0.498775 2.248400
0.270426 -0.436496 2.117460
0.122295 -0.488531 2.378940
0.149136 -0.591995 2.048800
0.222007 -0.844139 1.907290
0.245813 -0.877311 1.828980
0.282386 -0.486559 2.434790
0.443243 -0.618384 2.174400
0.516165 -0.868135 2.032700
0.534631 -0.900923 1.954660
0.164295 -0.410127 2.427160
0.153115 -0.378317 2.469860
0.129276 -0.155202 2.480390
0.081982 0.036821 2.443530
-0.039669 -0.245019 2.445430
-0.043957 -0.412912 2.309370
0.029920 -0.515366 2.169420
0.055738 -0.557820 2.126230
0.301588 -0.222523 2.523100
0.354571 -0.390390 2.419880
0.335087 -0.494305 2.248530
0.243124 -0.424227 2.123110
0.086968 -0.491992 2.384860
0.147722 -0.587269 2.052940
0.222986 -0.840591 1.909670
0.245183 -0.873725 1.830900
0.257159 -0.478150 2.432760
0.441992 -0.619952 2.175350
0.493496 -0.872929 2.048560
0.508496 -0.905646 1.969780
0.140878 -0.409225 2.428850
0.132904 -0.378509 2.472460
0.116117 -0.157998 2.483860
0.062562 0.035210 2.446580
-0.057364 -0.250590 2.455340
-0.051195 -0.418073 2.316550
0.032048 -0.509322 2.175680
0.059949 -0.546767 2.130630
0.285258 -0.219763 2.521410
0.346482 -0.382415 2.413790
0.327245 -0.489276 2.249800
0.241800 -0.437658 2.173780
0.060922 -0.494282 2.388640
0.143639 -0.576596 2.063320
0.223347 -0.834978 1.912850
0.243112 -0.867716 1.833630
0.232565 -0.471810 2.429500
0.439509 -0.620155 2.176260
0.507905 -0.829943 2.051020
0.466632 -0.856432 2.034170
0.127914 -0.408858 2.429430
0.120651 -0.379033 2.473660
0.090479 -0.161823 2.489680
0.037744 0.030938 2.451370
-0.076025 -0.256394 2.468860
-0.056843 -0.421684 2.322000
0.024042 -0.510053 2.179730
0.055349 -0.543943 2.132650
0.271562 -0.216699 2.519780
0.337869 -0.373193 2.408950
0.267684 -0.439828 2.238310
0.213629 -0.427965 2.184870
0.049456 -0.495501 2.390400
0.140579 -0.550222 2.083340
0.220445 -0.824457 1.919170
0.235343 -0.855945 1.839720
0.219489 -0.468193 2.426700
0.438624 -0.623922 2.174000
0.569504 -0.782504 2.045380
0.480833 -0.816148 2.060020
0.117535 -0.411193 2.426370
0.110918 -0.381932 2.472110
0.069554 -0.165516 2.495710
0.008030 0.025175 2.455150
-0.089066 -0.260666 2.477820
-0.061056 -0.424839 2.325530
0.005569 -0.519154 2.183330
0.040638 -0.547601 2.135160
0.235447 -0.213346 2.512570
0.320882 -0.372213 2.389270
0.213517 -0.409375 2.229230
0.163818 -0.413563 2.185790
0.042704 -0.496510 2.391190
0.139712 -0.536928 2.093550
0.214960 -0.816191 1.925590
0.224199 -0.846711 1.846280
0.199602 -0.469625 2.402640
0.437392 -0.626688 2.172070
0.577757 -0.788291 2.036830
0.522813 -0.837090 2.001750
0.108448 -0.414313 2.423260
0.101327 -0.385803 2.469960
0.051940 -0.168939 2.499260
-0.026206 0.015031 2.457850
-0.101401 -0.265720 2.485770
-0.091552 -0.422801 2.357670
-0.015618 -0.514767 2.201440
0.013327 -0.540029 2.155690
0.218582 -0.212168 2.509030
0.309877 -0.372982 2.375860
0.168876 -0.389310 2.229990
0.139834 -0.408406 2.192590
0.037863 -0.497751 2.391670
0.138783 -0.528930 2.099870
0.191304 -0.770633 1.951910
0.236757 -0.793725 1.915790
0.189992 -0.470374 2.392940
0.433615 -0.626694 2.170410
0.578839 -0.797376 2.031460
0.542681 -0.848888 1.971490
0.098490 -0.417561 2.420320
0.090997 -0.389632 2.467950
0.032599 -0.172342 2.503030
-0.055109 0.006114 2.459860
-0.122150 -0.280471 2.493780
-0.102658 -0.425062 2.367760
-0.028504 -0.512125 2.210710
-0.003037 -0.535280 2.165290
0.193796 -0.211846 2.503270
0.272042 -0.361153 2.367400
0.153510 -0.390684 2.225580
0.130701 -0.407978 2.213400
0.033364 -0.499771 2.392230
0.137494 -0.523646 2.104190
0.174337 -0.745197 1.967180
0.238255 -0.766752 1.951040
0.182098 -0.470212 2.386590
0.429861 -0.627262 2.168960
0.560831 -0.801357 2.034830
0.486517 -0.813059 2.037810
0.088997 -0.418301 2.419180
0.081438 -0.390993 2.467340
0.015644 -0.175186 2.505510
-0.079032 0.000446 2.462780
-0.139273 -0.290830 2.500410
-0.108431 -0.425804 2.373380
-0.037396 -0.509729 2.215620
-0.011705 -0.532766 2.169310
0.178001 -0.212273 2.499170
0.255374 -0.356134 2.364360
0.098317 -0.386008 2.221060
0.060827 -0.416959 2.197260
0.028734 -0.501273 2.393940
0.140641 -0.556930 2.077640
0.162892 -0.773272 1.955470
0.188691 -0.813184 1.902030
0.175817 -0.468498 2.382640
0.427014 -0.627050 2.167840
0.547759 -0.802810 2.038530
0.469481 -0.806035 2.053260
0.082141 -0.421168 2.418400
0.073545 -0.396086 2.466460
-0.008373 -0.209416 2.496890
-0.103989 -0.010611 2.464810
-0.153906 -0.300791 2.504960
-0.120832 -0.430522 2.378280
-0.047866 -0.430535 2.212320
-0.019636 -0.431775 2.162780
0.161351 -0.212813 2.495120
0.217426 -0.363902 2.345740
0.069006 -0.389293 2.216790
0.023580 -0.423161 2.186360
0.028194 -0.511311 2.395850
0.142103 -0.578503 2.060820
0.156544 -0.799797 1.945330
0.157717 -0.847213 1.871350
0.171243 -0.467864 2.380420
0.420590 -0.627533 2.166880
0.540506 -0.802674 2.041170
0.456751 -0.803830 2.066240
0.071700 -0.423023 2.420170
0.061410 -0.398518 2.468740
-0.039922 -0.207025 2.505850
-0.131258 -0.018603 2.464650
-0.164928 -0.312510 2.508010
-0.168442 -0.456471 2.392830
-0.071333 -0.350870 2.220010
-0.036659 -0.313578 2.165980
0.144396 -0.213850 2.491160
0.192535 -0.373903 2.333460
0.047850 -0.392442 2.214380
-0.002541 -0.426962 2.179030
0.022382 -0.516408 2.401500
0.141652 -0.587452 2.054280
0.152432 -0.809790 1.940640
0.142828 -0.858182 1.858390
0.163150 -0.464261 2.381340
0.412056 -0.623841 2.167800
0.532731 -0.800234 2.044840
0.452938 -0.817586 2.069300
0.059690 -0.423388 2.423490
0.050067 -0.398938 2.471830
-0.055112 -0.206298 2.510100
-0.171657 -0.032663 2.465610
-0.179333 -0.322565 2.514840
-0.189565 -0.465646 2.399450
-0.142092 -0.283208 2.296870
-0.121100 -0.220224 2.264740
0.121770 -0.215482 2.486920
0.177935 -0.377529 2.328220
0.032176 -0.396103 2.214870
-0.020577 -0.429727 2.175560
0.016233 -0.519059 2.406660
0.140647 -0.592859 2.050680
0.149589 -0.816077 1.937790
0.133445 -0.864171 1.851570
0.152988 -0.458940 2.384680
0.406304 -0.585648 2.187070
0.526079 -0.795418 2.048340
0.472535 -0.841657 2.064470
0.022027 -0.424974 2.432480
0.015557 -0.399367 2.480190
-0.071319 -0.204776 2.514460
-0.190006 -0.039759 2.465630
-0.190238 -0.327884 2.519230
-0.209268 -0.471794 2.404510
-0.181927 -0.257648 2.338750
-0.174027 -0.183560 2.328170
0.097858 -0.217093 2.483030
0.167849 -0.355472 2.348360
0.030367 -0.399237 2.235450
-0.030163 -0.430624 2.179070
-0.023739 -0.522138 2.419510
0.134933 -0.599965 2.052650
0.147428 -0.819114 1.936710
0.127204 -0.866970 1.847010
0.119329 -0.454422 2.394140
0.400720 -0.533584 2.232150
0.519095 -0.785308 2.054750
0.490091 -0.825085 2.015150
0.014402 -0.429431 2.432960
0.008642 -0.405545 2.479930
-0.082319 -0.238341 2.507340
-0.205819 -0.061828 2.460770
-0.204952 -0.334283 2.527020
-0.222982 -0.476606 2.408830
-0.202683 -0.249712 2.360190
-0.194216 -0.184293 2.352180
0.073954 -0.219537 2.480050
0.161732 -0.385992 2.363860
0.025283 -0.396951 2.243170
-0.037841 -0.428722 2.182200
-0.010692 -0.534015 2.407350
0.132596 -0.604462 2.052030
0.145227 -0.833852 1.933200
0.121139 -0.875434 1.843690
0.109237 -0.453483 2.397430
0.394320 -0.530835 2.235770
0.516863 -0.783231 2.056130
0.504579 -0.822343 1.976510
0.006579 -0.434774 2.436840
0.001349 -0.410461 2.482590
-0.093104 -0.251173 2.505260
-0.226328 -0.079472 2.457630
-0.223196 -0.337994 2.534710
-0.243925 -0.480326 2.415150
-0.225853 -0.255843 2.375840
-0.221867 -0.187599 2.371340
0.042897 -0.222887 2.478390
0.141291 -0.356068 2.367100
0.010074 -0.400008 2.258070
-0.049744 -0.429113 2.191460
-0.013098 -0.541764 2.417220
0.130514 -0.607549 2.052650
0.144227 -0.837368 1.932120
0.118002 -0.877446 1.842080
0.096094 -0.456278 2.406720
0.391010 -0.523380 2.242270
0.522262 -0.780322 2.054480
0.516803 -0.818183 1.958170
-0.007685 -0.443785 2.446320
-0.013281 -0.418181 2.490510
-0.113299 -0.259835 2.506240
-0.248255 -0.093293 2.456880
-0.246764 -0.339962 2.543140
-0.267826 -0.482358 2.421920
-0.247862 -0.268288 2.384770
-0.244216 -0.204907 2.379090
0.021008 -0.226103 2.477690
0.128749 -0.337028 2.368450
0.003973 -0.401130 2.263230
-0.057325 -0.429651 2.197530
-0.020294 -0.548775 2.429770
0.126908 -0.609844 2.059060
0.151958 -0.831120 1.929760
0.127865 -0.865232 1.839220
0.077285 -0.464594 2.419970
0.388182 -0.515438 2.246540
0.528712 -0.768034 2.056130
0.523528 -0.804593 1.953440
-0.016901 -0.449482 2.451250
-0.023542 -0.423404 2.494880
-0.131268 -0.265515 2.506870
-0.270398 -0.105523 2.457070
-0.268275 -0.342274 2.548590
-0.288814 -0.484696 2.426230
-0.266662 -0.283992 2.386920
-0.261484 -0.226637 2.377550
0.000735 -0.230021 2.477700
0.093715 -0.328123 2.356620
-0.034847 -0.414960 2.268850
-0.097015 -0.441788 2.208980
-0.026130 -0.552903 2.436060
0.124062 -0.612354 2.064150
0.160158 -0.824606 1.926740
0.137394 -0.855298 1.836830
0.066980 -0.469350 2.426550
0.386840 -0.510051 2.249130
0.537782 -0.754801 2.056040
0.529902 -0.790338 1.953670
-0.025982 -0.461795 2.452640
-0.031797 -0.432885 2.495940
-0.138483 -0.269599 2.506350
-0.282004 -0.113290 2.456970
-0.278585 -0.344687 2.550670
-0.299055 -0.487035 2.427830
-0.275089 -0.300062 2.383440
-0.267056 -0.247537 2.369920
-0.036922 -0.239613 2.481100
0.060887 -0.331796 2.353350
-0.073150 -0.428706 2.272060
-0.134930 -0.454214 2.216920
-0.033232 -0.557995 2.439070
0.122347 -0.615078 2.067530
0.167194 -0.819601 1.923180
0.144507 -0.848976 1.834520
0.050364 -0.483983 2.431420
0.385119 -0.512118 2.243470
0.547937 -0.749458 2.052180
0.534914 -0.785333 1.951610
-0.035390 -0.472552 2.454140
-0.045072 -0.445426 2.497930
-0.176447 -0.287361 2.512420
-0.318741 -0.138788 2.462630
-0.312440 -0.358849 2.556070
-0.306832 -0.514753 2.452460
-0.263109 -0.466928 2.302740
-0.256985 -0.426340 2.270310
-0.057062 -0.247164 2.482520
0.039505 -0.337047 2.351220
-0.096501 -0.438093 2.274130
-0.157985 -0.462921 2.221700
-0.041730 -0.563448 2.440210
0.120572 -0.617701 2.070540
0.172300 -0.816078 1.920740
0.149796 -0.844396 1.832950
0.041945 -0.491647 2.434370
0.382902 -0.514644 2.237600
0.554165 -0.745504 2.049650
0.538302 -0.781281 1.951190
-0.072854 -0.502511 2.473260
-0.085433 -0.469337 2.515540
-0.214305 -0.290486 2.518550
-0.343794 -0.152070 2.466500
-0.344741 -0.364488 2.560490
-0.315744 -0.521387 2.460890
-0.283190 -0.525196 2.282990
-0.286423 -0.567432 2.256930
-0.080203 -0.259574 2.485620
0.024739 -0.341741 2.351450
-0.112192 -0.446240 2.278520
-0.182142 -0.474421 2.263550
-0.090464 -0.588038 2.460630
0.097483 -0.623283 2.105710
0.164037 -0.812719 1.951940
0.210331 -0.791060 1.916890
0.014156 -0.526755 2.459980
0.346030 -0.544099 2.232550
0.585225 -0.746551 2.030510
0.561649 -0.781909 1.944580
-0.089013 -0.513388 2.478580
-0.102526 -0.478990 2.521400
-0.236594 -0.292719 2.525320
-0.370494 -0.163949 2.473440
-0.368761 -0.368818 2.565940
-0.308331 -0.541659 2.465180
-0.206362 -0.519604 2.286430
-0.191369 -0.533621 2.239040
-0.107720 -0.269115 2.493210
0.005224 -0.349220 2.356220
-0.137025 -0.459134 2.286880
-0.196728 -0.479745 2.277280
-0.110088 -0.597174 2.464800
0.093372 -0.626245 2.117100
0.163554 -0.810531 1.956310
0.235545 -0.768666 1.950140
0.000245 -0.535359 2.463080
0.334777 -0.540503 2.234710
0.560347 -0.732904 2.045200
0.596740 -0.755262 1.975340
-0.096299 -0.517983 2.482360
-0.110573 -0.483520 2.524830
-0.251668 -0.298067 2.532890
-0.391348 -0.178066 2.480650
-0.386680 -0.375149 2.572190
-0.302804 -0.557411 2.468400
-0.190662 -0.528087 2.287150
-0.163439 -0.540901 2.230000
-0.122883 -0.274056 2.498190
-0.011265 -0.357939 2.363110
-0.153702 -0.464985 2.295640
-0.212092 -0.482447 2.291690
-0.113558 -0.600484 2.468540
0.092882 -0.628121 2.123420
0.163907 -0.807838 1.957390
0.270213 -0.758178 1.974440
-0.005231 -0.524638 2.473660
0.327250 -0.513759 2.244850
0.539246 -0.711235 2.065620
0.613508 -0.725976 2.002950
-0.099671 -0.518772 2.484530
-0.115576 -0.485675 2.527130
-0.263010 -0.301632 2.536580
-0.413972 -0.192559 2.483490
-0.401036 -0.379945 2.575720
-0.300336 -0.565554 2.469180
-0.186973 -0.550947 2.280720
-0.151456 -0.556348 2.221910
-0.131183 -0.276956 2.500580
0.021129 -0.390018 2.378710
0.124453 -0.470245 2.482930
0.121655 -0.491657 2.508920
-0.108365 -0.601289 2.463510
0.124785 -0.616721 2.144230
0.175217 -0.794037 1.959620
0.300980 -0.759784 1.984860
-0.005249 -0.515826 2.478420
0.326927 -0.495296 2.250150
0.543672 -0.676162 2.076130
0.587625 -0.704039 2.009650
-0.094990 -0.511864 2.474170
-0.104060 -0.479360 2.515950
-0.177628 -0.263793 2.535190
-0.390760 -0.194248 2.483930
-0.344684 -0.353643 2.576630
-0.281657 -0.545956 2.467330
-0.204061 -0.565656 2.273680
-0.172079 -0.569922 2.214180
-0.054796 -0.247546 2.504530
0.111402 -0.390295 2.374130
0.126352 -0.477538 2.515340
0.106603 -0.490982 2.534290
-0.110435 -0.601934 2.456600
0.138226 -0.610435 2.151180
0.182194 -0.784218 1.959650
0.314157 -0.762677 1.987520
-0.007085 -0.524697 2.435810
0.335996 -0.475907 2.247530
0.566774 -0.633576 2.069910
0.571106 -0.665416 1.998670
-0.049227 -0.483205 2.441020
-0.060866 -0.463666 2.486790
-0.178496 -0.301541 2.525930
-0.388831 -0.216891 2.476620
-0.333788 -0.371530 2.570560
-0.283272 -0.556885 2.461140
-0.255167 -0.617282 2.263180
-0.238580 -0.629060 2.201670
-0.107234 -0.280079 2.515220
0.081756 -0.408562 2.387270
0.175951 -0.471630 2.534640
0.213324 -0.490910 2.593650
-0.038072 -0.547021 2.409730
0.161548 -0.622512 2.114720
0.207730 -0.792104 1.911790
0.237616 -0.815040 1.859170
0.019685 -0.487958 2.410820
0.359420 -0.458906 2.242090
0.615021 -0.592911 2.060770
0.581658 -0.638059 1.991690
0.002410 -0.484686 2.407800
-0.009349 -0.477611 2.453640
-0.140861 -0.372676 2.492180
-0.355905 -0.270806 2.457470
-0.296545 -0.448128 2.535410
-0.262977 -0.626184 2.423400
-0.129912 -0.557599 2.339040
-0.102303 -0.539793 2.305660
-0.098665 -0.342691 2.494730
0.105989 -0.450164 2.368330
0.194405 -0.466373 2.559430
0.209161 -0.469139 2.607180
0.015184 -0.541579 2.373480
0.168450 -0.659131 2.042190
0.216367 -0.818800 1.840040
0.200943 -0.849823 1.768900
0.061866 -0.478647 2.390850
0.398183 -0.447745 2.228120
0.682002 -0.556262 2.055450
0.636406 -0.598218 1.982250
-0.000705 -0.479724 2.407130
-0.016842 -0.475957 2.455490
-0.180503 -0.388911 2.505520
-0.373338 -0.284193 2.455060
-0.310175 -0.469349 2.537370
-0.285838 -0.644418 2.424790
-0.159582 -0.537425 2.381110
-0.109974 -0.496757 2.366900
-0.138711 -0.361853 2.506090
0.056744 -0.445833 2.385250
0.207383 -0.464162 2.559070
0.243167 -0.471371 2.604880
0.014661 -0.530285 2.371570
0.101600 -0.632316 2.017330
0.233922 -0.788288 1.905350
0.313200 -0.793410 1.926290
0.057207 -0.470131 2.393560
0.405140 -0.442684 2.226270
0.694854 -0.542907 2.057720
0.643710 -0.584871 1.982980
0.059341 -0.501079 2.387610
0.042591 -0.495214 2.435900
-0.141118 -0.428792 2.485250
-0.346404 -0.310550 2.457120
-0.293785 -0.497050 2.527510
-0.292901 -0.584782 2.337130
-0.134028 -0.455710 2.335250
-0.077090 -0.403975 2.331230
-0.160959 -0.409204 2.485510
0.061107 -0.461354 2.379410
0.195463 -0.454316 2.550000
0.228339 -0.450231 2.602660
0.079144 -0.539489 2.316690
0.074581 -0.625147 1.992440
0.242319 -0.780473 1.902260
0.243296 -0.821777 1.841820
0.137885 -0.508221 2.410870
0.430301 -0.440683 2.213870
0.717093 -0.536762 2.052700
0.754651 -0.515824 2.002380
0.066398 -0.507696 2.391740
0.053763 -0.501761 2.433910
-0.126976 -0.472325 2.462470
-0.326312 -0.337399 2.446670
-0.281843 -0.537280 2.509230
-0.296289 -0.570365 2.296170
-0.122667 -0.411876 2.301660
-0.063243 -0.357611 2.304210
-0.169642 -0.427347 2.477960
0.058618 -0.467218 2.378490
0.177381 -0.447719 2.539340
0.211172 -0.439052 2.596030
0.102709 -0.546138 2.294620
0.087951 -0.621266 1.994940
0.267335 -0.771940 1.912340
0.246502 -0.820069 1.839460
0.171103 -0.510284 2.453720
0.474826 -0.470701 2.235930
0.756025 -0.571995 2.081570
0.831724 -0.511374 2.050830
0.031866 -0.517567 2.401860
0.013165 -0.513825 2.444700
-0.134589 -0.485554 2.455240
-0.322653 -0.346426 2.443220
-0.282765 -0.553911 2.502110
-0.281402 -0.543457 2.277630
-0.111285 -0.390320 2.288170
-0.050980 -0.334611 2.291920
-0.173852 -0.437830 2.473440
0.054901 -0.478181 2.375690
0.038571 -0.430699 2.553590
-0.020709 -0.433717 2.564330
0.067488 -0.557001 2.281290
0.102947 -0.617687 1.996850
0.286606 -0.766645 1.919260
0.253447 -0.816570 1.838800
0.146769 -0.530878 2.478410
0.480275 -0.483876 2.248190
0.768731 -0.486767 2.145460
0.807701 -0.480344 2.085940
0.018990 -0.518131 2.411850
0.001983 -0.514997 2.452850
-0.137124 -0.492569 2.452160
-0.320774 -0.351667 2.440780
-0.282549 -0.563997 2.498090
-0.281613 -0.535800 2.272100
-0.108371 -0.379547 2.279730
-0.049935 -0.325597 2.281180
-0.173900 -0.443540 2.469320
0.054255 -0.484868 2.372900
-0.039942 -0.422970 2.558820
-0.100433 -0.430536 2.549320
0.071445 -0.557579 2.275430
0.113448 -0.616476 2.005280
0.296088 -0.763721 1.923660
0.257969 -0.814002 1.839570
0.149733 -0.522444 2.500430
0.482543 -0.491767 2.255940
0.783707 -0.462768 2.165980
0.849231 -0.405038 2.135920
0.009110 -0.515246 2.420320
-0.006301 -0.511790 2.460630
-0.140399 -0.486130 2.457810
-0.322579 -0.350062 2.440190
-0.282938 -0.568555 2.497330
-0.282372 -0.529298 2.269500
-0.109256 -0.375005 2.274280
-0.053967 -0.325003 2.273220
-0.170732 -0.444075 2.466260
0.054085 -0.488989 2.370970
-0.067517 -0.419695 2.560860
-0.143134 -0.429872 2.541930
0.062805 -0.556542 2.284020
0.119926 -0.616016 2.014790
0.302130 -0.761802 1.927200
0.260985 -0.811793 1.841940
0.139060 -0.513005 2.508710
0.480302 -0.497669 2.262600
0.785947 -0.477190 2.224400
0.861472 -0.392663 2.195780
0.002891 -0.512476 2.425730
-0.011307 -0.508260 2.465950
-0.143227 -0.474406 2.465540
-0.323738 -0.348438 2.440410
-0.284596 -0.567193 2.499510
-0.288232 -0.530193 2.290790
-0.114009 -0.377391 2.270800
-0.061581 -0.331706 2.266830
-0.166105 -0.442271 2.463910
0.056157 -0.487561 2.383500
-0.084257 -0.415909 2.571530
-0.163582 -0.427975 2.549270
0.056393 -0.555190 2.292060
0.088731 -0.606012 2.019710
0.258842 -0.758305 1.919910
0.233245 -0.804543 1.839230
0.126295 -0.506634 2.510070
0.474211 -0.502722 2.269450
0.788261 -0.477886 2.247630
0.865062 -0.390789 2.223430
0.033468 -0.529622 2.427750
0.015765 -0.516960 2.468880
-0.144433 -0.469659 2.469560
-0.333097 -0.336575 2.462300
-0.286154 -0.565370 2.502000
-0.291864 -0.535347 2.298310
-0.124297 -0.394100 2.267600
-0.073872 -0.352471 2.259800
-0.154708 -0.447236 2.453070
0.057052 -0.503711 2.385620
-0.085662 -0.437713 2.577590
-0.164904 -0.454906 2.553760
0.070512 -0.568466 2.323740
0.102076 -0.607278 2.038660
0.257813 -0.759173 1.923650
0.233228 -0.805208 1.845200
0.144045 -0.530162 2.487820
0.473773 -0.505818 2.271570
0.791602 -0.484187 2.256450
0.866882 -0.390570 2.236540
0.006524 -0.510426 2.427150
-0.009756 -0.501252 2.471260
-0.176635 -0.440537 2.492010
-0.368847 -0.311612 2.472820
-0.318624 -0.535420 2.524800
-0.322544 -0.531698 2.321180
-0.162537 -0.399279 2.277950
-0.111618 -0.358814 2.266540
-0.163218 -0.410409 2.475920
0.052445 -0.497579 2.395010
-0.013143 -0.466226 2.581960
-0.016554 -0.478346 2.613580
0.041618 -0.552179 2.348470
0.119806 -0.613014 2.071100
0.303900 -0.804822 1.954830
0.275807 -0.842631 1.878750
0.088084 -0.507536 2.451920
0.454620 -0.508178 2.278090
0.777558 -0.494338 2.262530
0.848278 -0.407822 2.242790
-0.010838 -0.500408 2.426160
-0.025994 -0.490336 2.472250
-0.218857 -0.414156 2.515520
-0.409201 -0.287140 2.486120
-0.360262 -0.506660 2.549190
-0.365293 -0.522541 2.347200
-0.210548 -0.396331 2.295870
-0.159202 -0.356236 2.282180
-0.216149 -0.411923 2.491550
0.008176 -0.478348 2.418820
0.046014 -0.479059 2.589670
0.065328 -0.485183 2.644860
0.017742 -0.538596 2.364760
0.128909 -0.612508 2.091470
0.326693 -0.824273 1.974780
0.294842 -0.859316 1.900550
0.040975 -0.503477 2.430200
0.428192 -0.511936 2.286070
0.753463 -0.507638 2.264820
0.823618 -0.433314 2.243070
-0.019294 -0.496291 2.425630
-0.034223 -0.485484 2.472620
-0.231010 -0.409159 2.521160
-0.421292 -0.280442 2.492360
-0.372279 -0.500106 2.555540
-0.379336 -0.522775 2.354840
-0.226874 -0.399279 2.300120
-0.175468 -0.359335 2.285520
-0.232117 -0.418906 2.493420
-0.001682 -0.473639 2.428390
0.068955 -0.485563 2.592760
0.110491 -0.489793 2.660110
0.008798 -0.533549 2.371230
0.133308 -0.611668 2.101390
0.257496 -0.866904 1.945890
0.223064 -0.901726 1.874380
0.020943 -0.501572 2.421740
0.413777 -0.514821 2.291820
0.739745 -0.516346 2.266470
0.811110 -0.450228 2.243140
-0.054366 -0.517173 2.426960
-0.065224 -0.501795 2.474940
-0.239043 -0.405437 2.525320
-0.429665 -0.275456 2.498730
-0.380571 -0.495271 2.560210
-0.388622 -0.522175 2.360280
-0.237409 -0.400255 2.303450
-0.186068 -0.360442 2.288340
-0.243918 -0.427105 2.494260
-0.008602 -0.471546 2.435060
0.194093 -0.484397 2.481530
0.263165 -0.487443 2.531280
-0.040007 -0.559032 2.407840
0.153094 -0.597195 2.133550
0.192925 -0.791105 1.941620
0.161489 -0.848370 1.871770
-0.019770 -0.518282 2.399310
0.386214 -0.526190 2.299710
0.172447 -0.670412 2.113080
0.237354 -0.712214 2.055820
-0.082168 -0.531519 2.433100
-0.095921 -0.518105 2.481610
-0.264328 -0.424914 2.523840
-0.436206 -0.274195 2.501910
-0.398276 -0.500762 2.562820
-0.407382 -0.530483 2.363230
-0.255404 -0.408134 2.306760
-0.203757 -0.367734 2.291770
-0.183317 -0.427356 2.474650
0.049213 -0.470315 2.429750
0.271999 -0.494396 2.445350
0.358212 -0.496102 2.469180
-0.075630 -0.589235 2.432640
0.160981 -0.591950 2.144240
0.166979 -0.786084 1.951680
0.249796 -0.794967 1.957420
-0.032283 -0.522383 2.391910
0.374908 -0.531102 2.303210
0.107384 -0.684385 2.102270
0.176569 -0.741708 2.046550
-0.095254 -0.536862 2.435140
-0.109434 -0.524324 2.483680
-0.274519 -0.432403 2.523180
-0.440303 -0.275422 2.503930
-0.409371 -0.504910 2.563970
-0.418570 -0.535466 2.364630
-0.266293 -0.510044 2.290260
-0.215387 -0.482470 2.274300
-0.156498 -0.426991 2.466580
0.079703 -0.470291 2.428430
0.295025 -0.494410 2.426660
0.395463 -0.498647 2.440490
-0.091621 -0.601346 2.440190
0.165215 -0.589387 2.150560
0.154779 -0.778471 1.954050
0.257267 -0.776829 1.975100
-0.038456 -0.525714 2.387570
0.365635 -0.533359 2.300600
0.092759 -0.688198 2.081970
0.171953 -0.739800 2.032110
-0.148167 -0.531507 2.474950
-0.164633 -0.517473 2.521560
-0.324626 -0.417178 2.547920
-0.458516 -0.274932 2.515750
-0.464478 -0.493336 2.588230
-0.474425 -0.521464 2.388560
-0.312093 -0.531223 2.309130
-0.285163 -0.562609 2.283210
-0.149005 -0.400557 2.486560
0.085042 -0.453124 2.447630
0.268228 -0.492919 2.424930
0.366359 -0.505067 2.420080
-0.148769 -0.618001 2.463460
0.155117 -0.588162 2.164690
0.128740 -0.779758 1.997930
0.258392 -0.767018 2.000730
-0.050034 -0.516260 2.444710
0.339909 -0.481887 2.368000
0.232767 -0.636740 2.114760
0.260737 -0.709301 2.044330
-0.188255 -0.529835 2.490070
-0.200013 -0.516293 2.535540
-0.347629 -0.411602 2.557680
-0.468155 -0.275120 2.520990
-0.485820 -0.490329 2.596290
-0.495795 -0.517654 2.396400
-0.329924 -0.546394 2.314390
-0.323531 -0.594783 2.290020
-0.144671 -0.395746 2.488260
0.088641 -0.447685 2.453030
0.270298 -0.492088 2.427070
0.364521 -0.507031 2.413610
-0.208365 -0.627485 2.462260
0.111526 -0.610339 2.174780
0.101954 -0.803422 2.025400
0.224341 -0.789368 2.016910
-0.058739 -0.517873 2.450120
0.304619 -0.461404 2.372340
0.225736 -0.660650 2.055430
0.284658 -0.728510 1.996500
-0.092574 -0.536371 2.357500
-0.100254 -0.542160 2.402900
-0.238563 -0.460892 2.466710
-0.423348 -0.309297 2.482310
-0.417598 -0.530122 2.529810
-0.426965 -0.554557 2.329130
-0.196280 -0.588761 2.168140
-0.088320 -0.634194 2.088370
-0.143835 -0.408411 2.475200
0.090700 -0.453081 2.446320
0.281631 -0.492756 2.420570
0.350558 -0.504450 2.422970
-0.081674 -0.600127 2.301770
0.180721 -0.628320 2.085420
0.174703 -0.857749 1.953020
0.201463 -0.878635 1.900060
-0.018204 -0.516856 2.349540
0.290190 -0.452196 2.375820
0.236081 -0.655931 2.046760
0.299879 -0.714720 1.983100
-0.099788 -0.517429 2.423940
-0.114807 -0.514035 2.470290
-0.275739 -0.447423 2.498600
-0.432259 -0.305441 2.493930
-0.421982 -0.531132 2.533030
-0.393224 -0.468690 2.330060
-0.211616 -0.543020 2.183930
-0.043442 -0.665187 2.038170
-0.145120 -0.410004 2.473630
0.088493 -0.454235 2.444130
0.262673 -0.487700 2.434140
0.332674 -0.500315 2.431740
-0.075700 -0.582599 2.402460
0.168628 -0.629397 2.100310
0.177805 -0.858338 1.960590
0.264512 -0.828950 1.929960
-0.000869 -0.496209 2.395060
0.276321 -0.468236 2.366320
0.296494 -0.652527 2.016500
0.359984 -0.705576 1.952400
-0.155592 -0.522971 2.454630
-0.165091 -0.514519 2.498470
-0.305249 -0.425574 2.525760
-0.443429 -0.297183 2.506910
-0.448101 -0.514528 2.556030
-0.348917 -0.483163 2.374220
-0.186349 -0.563778 2.185310
-0.057560 -0.604765 2.068240
-0.147985 -0.410714 2.473190
0.086182 -0.452704 2.444670
0.257429 -0.485933 2.437680
0.321372 -0.498225 2.436640
-0.170793 -0.609471 2.429900
0.115177 -0.610867 2.155040
0.143679 -0.838532 2.010390
0.223789 -0.818677 1.960530
-0.036012 -0.513305 2.420350
0.268222 -0.479618 2.360330
0.323808 -0.646341 2.008400
0.410693 -0.670892 1.943260
-0.179504 -0.526173 2.472750
-0.188813 -0.514331 2.517710
-0.327501 -0.402175 2.555750
-0.456485 -0.284437 2.521960
-0.469753 -0.494148 2.583720
-0.332857 -0.488221 2.404110
-0.175995 -0.564212 2.189340
-0.056055 -0.594201 2.067980
-0.151034 -0.410628 2.473060
0.083351 -0.451518 2.444190
0.250893 -0.483617 2.442340
0.313151 -0.496239 2.440970
-0.190496 -0.614320 2.443270
0.105307 -0.608101 2.167050
0.126787 -0.826662 2.038320
0.210019 -0.802259 1.980210
-0.056477 -0.527497 2.437690
0.264353 -0.489549 2.355390
0.339010 -0.643422 2.003380
0.414159 -0.648233 1.939850
-0.262837 -0.536548 2.505110
-0.259688 -0.519949 2.548010
-0.338512 -0.387806 2.571670
-0.464060 -0.276052 2.530000
-0.480881 -0.481438 2.598990
-0.325765 -0.490480 2.420970
-0.178280 -0.555127 2.218160
-0.054028 -0.585384 2.068600
-0.153613 -0.409825 2.472700
0.080796 -0.449840 2.443290
0.246869 -0.482075 2.445300
0.307438 -0.494886 2.444410
-0.318292 -0.622011 2.495860
-0.025631 -0.573495 2.211270
-0.001633 -0.786464 2.082330
0.090738 -0.760008 2.036940
-0.156287 -0.583983 2.451280
0.209817 -0.522050 2.358160
0.335825 -0.628661 2.011980
0.405430 -0.614100 1.967730
-0.277946 -0.537695 2.513240
-0.274995 -0.520060 2.556100
-0.344139 -0.385482 2.572760
-0.468490 -0.272276 2.533120
-0.486214 -0.477527 2.603620
-0.322040 -0.494992 2.427400
-0.175637 -0.554078 2.222610
-0.057614 -0.574546 2.075220
-0.156256 -0.408279 2.471640
0.078195 -0.447312 2.441900
0.244293 -0.480866 2.446700
0.303632 -0.493870 2.446270
-0.293792 -0.605293 2.470060
-0.072492 -0.553668 2.215700
-0.049355 -0.762903 2.085550
0.044414 -0.732537 2.043620
-0.163063 -0.597390 2.496830
0.200558 -0.530170 2.358350
0.376619 -0.598676 2.038340
0.457882 -0.576911 1.983760
-0.264459 -0.531256 2.509070
-0.268037 -0.514788 2.552040
-0.344745 -0.388084 2.563430
-0.471082 -0.269870 2.534140
-0.489717 -0.475243 2.604540
-0.320886 -0.499652 2.428850
-0.173510 -0.552738 2.224660
-0.067628 -0.566748 2.086250
-0.179703 -0.384023 2.479850
0.063877 -0.435515 2.435620
0.225310 -0.479392 2.428540
0.279208 -0.496201 2.423460
-0.261112 -0.596064 2.418650
-0.093213 -0.542879 2.212310
-0.069795 -0.750319 2.080380
0.025005 -0.717623 2.044160
-0.135941 -0.591429 2.527150
0.204667 -0.536044 2.357650
0.448793 -0.537977 2.074630
0.462912 -0.541959 2.008100
-0.262437 -0.529001 2.509250
-0.265746 -0.511816 2.550580
-0.343002 -0.391922 2.553080
-0.473824 -0.272888 2.505670
-0.491420 -0.474589 2.602270
-0.322012 -0.503439 2.427010
-0.172791 -0.550294 2.225180
-0.075344 -0.559224 2.093930
-0.188587 -0.374714 2.482120
0.051983 -0.431873 2.426620
0.190704 -0.506136 2.383610
0.238256 -0.533444 2.371570
-0.276426 -0.593882 2.436460
-0.104367 -0.536724 2.208070
-0.080768 -0.743488 2.074990
0.013488 -0.708800 2.043390
-0.136107 -0.592675 2.535560
0.210460 -0.539073 2.357530
0.470830 -0.515408 2.085830
0.462297 -0.528943 2.014820
-0.254312 -0.525375 2.505420
-0.258963 -0.508418 2.546020
-0.341895 -0.395247 2.544010
-0.475997 -0.273243 2.495620
-0.492289 -0.475144 2.597440
-0.325375 -0.506415 2.422470
-0.173502 -0.547090 2.224190
-0.080427 -0.553911 2.098450
-0.191900 -0.371096 2.482700
0.046792 -0.431312 2.420150
0.180691 -0.519802 2.365100
0.225901 -0.552249 2.350000
-0.269034 -0.589846 2.431290
-0.105502 -0.534173 2.200430
-0.082234 -0.740920 2.066440
0.009665 -0.703265 2.041780
-0.130321 -0.589334 2.540400
0.216578 -0.539928 2.357910
0.483297 -0.501885 2.092650
0.449371 -0.522304 2.018660
-0.249575 -0.522239 2.503570
-0.254041 -0.505315 2.543070
-0.340865 -0.397998 2.537530
-0.477156 -0.273385 2.490640
-0.492329 -0.476525 2.591990
-0.329358 -0.508517 2.417100
-0.173853 -0.545150 2.223530
-0.085071 -0.549726 2.101600
-0.190824 -0.374885 2.477820
0.043418 -0.435174 2.411500
0.176257 -0.532709 2.351510
0.220567 -0.567299 2.335770
-0.264553 -0.586243 2.428750
-0.100088 -0.534336 2.192400
-0.077465 -0.741417 2.057760
0.012839 -0.701441 2.037950
-0.125334 -0.583033 2.542490
0.222221 -0.536762 2.360710
0.486984 -0.489536 2.099030
0.442620 -0.516113 2.023000
-0.247100 -0.520721 2.501570
-0.251099 -0.503948 2.540580
-0.340095 -0.399782 2.533490
-0.477973 -0.273320 2.487750
-0.491952 -0.477938 2.587310
-0.333201 -0.509586 2.412140
-0.174783 -0.543235 2.222380
-0.088778 -0.546285 2.103090
-0.188667 -0.379006 2.474560
0.041836 -0.438476 2.408360
0.179368 -0.543129 2.352970
0.226884 -0.579645 2.341870
-0.263146 -0.584302 2.427540
-0.075044 -0.537449 2.173660
-0.053501 -0.745402 2.038480
-0.019161 -0.680893 2.046760
-0.133840 -0.578463 2.509050
0.224120 -0.535569 2.361730
0.408591 -0.453263 2.150680
0.379351 -0.489436 2.067480
-0.245405 -0.519834 2.499840
-0.249110 -0.503347 2.538640
-0.339659 -0.401044 2.531050
-0.478525 -0.273364 2.485920
-0.491559 -0.479299 2.583760
-0.336587 -0.510170 2.408250
-0.176068 -0.541660 2.221210
-0.091542 -0.543775 2.103650
-0.186941 -0.382224 2.473210
0.040957 -0.441540 2.406760
0.183926 -0.550097 2.357690
0.234128 -0.586712 2.350310
-0.262242 -0.582940 2.427110
-0.058984 -0.539768 2.162780
-0.037990 -0.748298 2.027270
-0.033993 -0.671157 2.050930
-0.137869 -0.576234 2.492630
0.225558 -0.534654 2.362290
0.393766 -0.437539 2.167020
0.352064 -0.478094 2.086180
-0.244146 -0.519290 2.498420
-0.247663 -0.503108 2.537180
-0.339435 -0.401940 2.529480
-0.478596 -0.273595 2.486580
-0.491267 -0.480471 2.581150
-0.339574 -0.510418 2.405240
-0.177650 -0.540355 2.220070
-0.093802 -0.541906 2.103420
-0.184796 -0.385168 2.473070
0.040976 -0.444592 2.406420
0.189110 -0.554312 2.363960
0.241030 -0.590132 2.358920
-0.261462 -0.581902 2.426400
-0.050218 -0.541360 2.156750
-0.029485 -0.750246 2.021050
-0.046356 -0.665627 2.053230
-0.138512 -0.575246 2.487990
0.227180 -0.533863 2.362600
0.380679 -0.430046 2.176900
0.340293 -0.472312 2.094980
-0.243158 -0.518996 2.497230
-0.246517 -0.503062 2.536020
-0.339241 -0.402605 2.528410
-0.478352 -0.273809 2.488090
-0.490944 -0.481428 2.579150
-0.341927 -0.510474 2.402940
-0.179146 -0.539322 2.219030
-0.095314 -0.540739 2.102330
-0.181595 -0.390649 2.472420
0.041651 -0.447822 2.404810
0.190292 -0.557293 2.363850
0.242494 -0.593108 2.359290
-0.260890 -0.581134 2.425910
-0.044623 -0.542480 2.152970
-0.024027 -0.751611 2.017150
-0.052071 -0.661927 2.054410
-0.138121 -0.574775 2.485320
0.228749 -0.533076 2.362800
0.372484 -0.425681 2.182870
0.332526 -0.468350 2.100870
-0.241254 -0.519938 2.494940
-0.244891 -0.504045 2.534290
-0.339091 -0.403186 2.527650
-0.478287 -0.274008 2.488620
-0.490634 -0.482348 2.577460
-0.343774 -0.510668 2.401140
-0.180612 -0.538799 2.217980
-0.095053 -0.541950 2.098770
-0.178633 -0.396072 2.471900
0.042843 -0.451101 2.403530
0.191629 -0.559413 2.363700
0.244022 -0.594988 2.359280
-0.260013 -0.580936 2.425380
-0.036147 -0.545907 2.148190
-0.015598 -0.755318 2.012330
-0.053888 -0.660719 2.053450
-0.133901 -0.575947 2.484910
0.231357 -0.532383 2.362400
0.368333 -0.425444 2.184450
0.329945 -0.467693 2.103030
-0.268984 -0.541713 2.484120
-0.266313 -0.527197 2.525000
-0.338869 -0.403828 2.527270
-0.478037 -0.274350 2.489400
-0.490261 -0.483254 2.576140
-0.345159 -0.510925 2.399810
-0.181883 -0.538632 2.217080
-0.094469 -0.544363 2.095120
-0.176232 -0.400416 2.471640
0.044283 -0.454156 2.402630
0.192973 -0.560922 2.363610
0.245431 -0.596160 2.359140
-0.315048 -0.609663 2.444340
-0.041050 -0.551110 2.155080
-0.020588 -0.760783 2.019350
-0.057430 -0.659769 2.054900
-0.164876 -0.597202 2.456450
0.221750 -0.539222 2.359880
0.347477 -0.445026 2.176430
0.315540 -0.480362 2.098770
-0.279425 -0.551301 2.478700
-0.274283 -0.536817 2.520710
-0.338669 -0.404429 2.527160
-0.477456 -0.274974 2.491020
-0.489931 -0.484050 2.575130
-0.355545 -0.525311 2.379380
-0.185330 -0.608612 2.223900
-0.093724 -0.548218 2.091220
-0.174767 -0.403590 2.471340
0.045422 -0.457211 2.401510
0.193752 -0.562465 2.362790
0.246035 -0.597465 2.357410
-0.339921 -0.631464 2.456280
-0.043800 -0.559226 2.159870
-0.023347 -0.769082 2.024240
-0.059136 -0.663504 2.056020
-0.176389 -0.604736 2.437070
0.217862 -0.543226 2.357620
0.339773 -0.456209 2.170150
0.309908 -0.488850 2.094260
-0.284558 -0.556122 2.475890
-0.278448 -0.541976 2.518390
-0.338468 -0.405054 2.527330
-0.476879 -0.275831 2.491810
-0.489626 -0.484778 2.574390
-0.361557 -0.533852 2.367570
-0.186763 -0.639148 2.227070
-0.093456 -0.553537 2.087860
-0.173337 -0.406105 2.471430
0.046778 -0.460622 2.400700
0.194276 -0.564607 2.361630
0.245993 -0.599659 2.355080
-0.349391 -0.639112 2.460530
-0.046043 -0.564865 2.163830
-0.025566 -0.774810 2.028270
-0.060335 -0.667114 2.056880
-0.181419 -0.608226 2.428510
0.201353 -0.506584 2.424860
0.329506 -0.431106 2.224890
0.301705 -0.462050 2.150000
-0.287627 -0.558864 2.474220
-0.280866 -0.544930 2.516980
-0.338239 -0.405701 2.527630
-0.476388 -0.276581 2.492030
-0.489307 -0.485495 2.573810
-0.365266 -0.539137 2.360090
-0.187489 -0.654245 2.228500
-0.093733 -0.557981 2.085420
-0.171967 -0.408309 2.471810
0.048224 -0.463662 2.400360
0.194851 -0.566334 2.360900
0.246142 -0.601304 2.353600
-0.353962 -0.643532 2.464270
-0.047911 -0.568995 2.167150
-0.027399 -0.778981 2.031630
-0.060869 -0.670499 2.057550
-0.183421 -0.608799 2.420580
0.195467 -0.490047 2.452550
0.326339 -0.416709 2.251740
0.392773 -0.426986 2.219800
-0.289518 -0.560435 2.473050
-0.282567 -0.547014 2.515960
-0.337890 -0.406872 2.528170
-0.472721 -0.280813 2.488110
-0.488880 -0.486568 2.573340
-0.367497 -0.542675 2.355190
-0.187877 -0.663500 2.229330
-0.094187 -0.561473 2.083690
-0.170836 -0.410049 2.472300
0.049545 -0.466186 2.400300
0.195370 -0.567707 2.360430
0.246303 -0.602531 2.352600
-0.353014 -0.644833 2.467730
-0.049509 -0.572054 2.169920
-0.028958 -0.782057 2.034420
-0.061171 -0.673561 2.058060
-0.183910 -0.607845 2.414740
0.191912 -0.478250 2.472520
0.324767 -0.409646 2.265430
0.416405 -0.416020 2.246000
-0.289014 -0.560553 2.472390
-0.282287 -0.548064 2.515190
-0.332970 -0.410308 2.528650
-0.464572 -0.284639 2.482390
-0.485634 -0.489183 2.572440
-0.366440 -0.545530 2.351100
-0.185010 -0.669551 2.229490
-0.094521 -0.564112 2.082470
-0.169467 -0.411452 2.473510
0.051046 -0.468232 2.400890
0.196034 -0.568738 2.360420
0.246543 -0.603289 2.352160
-0.348375 -0.644155 2.469380
-0.050525 -0.574033 2.171900
-0.029945 -0.784046 2.036420
-0.061200 -0.675922 2.058420
-0.182879 -0.605844 2.411490
0.189872 -0.472913 2.481970
0.434771 -0.435080 2.327880
0.475715 -0.452541 2.284370
-0.286888 -0.559479 2.472400
-0.281795 -0.548500 2.514900
-0.331022 -0.412174 2.529170
-0.460547 -0.286741 2.478940
-0.483936 -0.490950 2.572000
-0.366207 -0.547250 2.348530
-0.183020 -0.672642 2.229600
-0.094716 -0.565951 2.081550
-0.175486 -0.394836 2.506270
0.052452 -0.446790 2.437370
0.225221 -0.514207 2.416820
0.283487 -0.538751 2.411280
-0.340491 -0.642547 2.469690
-0.051070 -0.575415 2.173190
-0.030471 -0.785435 2.037730
-0.061086 -0.678099 2.058610
-0.177287 -0.599129 2.412950
0.189714 -0.469135 2.488530
0.512624 -0.452559 2.364040
0.504052 -0.468040 2.298700
-0.284676 -0.557832 2.472960
-0.280488 -0.547895 2.515140
-0.329844 -0.413392 2.529790
-0.458015 -0.288017 2.476760
-0.482777 -0.492226 2.571870
-0.365910 -0.548322 2.346910
-0.181045 -0.672992 2.229830
-0.094796 -0.567211 2.080870
-0.171919 -0.399545 2.507670
0.055572 -0.444587 2.443580
0.234957 -0.500871 2.429390
0.295654 -0.519216 2.426840
-0.335780 -0.640419 2.470160
-0.051647 -0.576319 2.174480
-0.031028 -0.786337 2.039040
-0.060982 -0.679515 2.058790
-0.173574 -0.594822 2.414660
0.190597 -0.467051 2.492050
0.538475 -0.458028 2.377230
0.517700 -0.476668 2.305470
-0.212886 -0.520108 2.472990
-0.227218 -0.519558 2.515900
-0.329060 -0.414309 2.530370
-0.456288 -0.288896 2.475240
-0.481913 -0.493252 2.571860
-0.365441 -0.548946 2.345960
-0.179285 -0.671565 2.230040
-0.094825 -0.568108 2.080360
-0.197229 -0.354759 2.558670
0.035107 -0.391821 2.502680
0.214522 -0.434720 2.493600
0.274450 -0.448394 2.493050
-0.232102 -0.605831 2.463560
0.037046 -0.498726 2.207150
0.057811 -0.708602 2.071770
-0.009393 -0.640621 2.073320
-0.072068 -0.500551 2.425540
0.205403 -0.468216 2.492860
0.560679 -0.463782 2.381820
0.539719 -0.496151 2.291340
-0.224627 -0.524401 2.475640
-0.228562 -0.519009 2.517830
-0.328510 -0.415011 2.530880
-0.455048 -0.289522 2.474130
-0.481232 -0.494096 2.571910
-0.364806 -0.549217 2.345550
-0.177779 -0.669183 2.230210
-0.094844 -0.568756 2.080000
-0.213818 -0.325955 2.589210
0.026298 -0.380435 2.516200
0.213002 -0.442318 2.480760
0.278583 -0.474920 2.457050
-0.257690 -0.622866 2.464790
0.019158 -0.526693 2.195060
0.039996 -0.736472 2.059720
-0.010121 -0.652468 2.068560
-0.130207 -0.533999 2.427200
0.209184 -0.468600 2.492750
0.424539 -0.514452 2.231620
0.437667 -0.543590 2.176970
-0.191440 -0.499067 2.479000
-0.210144 -0.502746 2.520770
-0.328211 -0.415516 2.531350
-0.455987 -0.288716 2.479280
-0.480768 -0.494732 2.571980
-0.364200 -0.549184 2.345530
-0.176737 -0.666298 2.230360
-0.094850 -0.569233 2.079720
-0.219234 -0.316378 2.599890
0.020362 -0.373674 2.523990
0.212138 -0.452018 2.467330
0.280618 -0.488617 2.438910
-0.197855 -0.594610 2.465730
0.070944 -0.470922 2.216510
0.091869 -0.680601 2.081200
0.005510 -0.636322 2.074470
-0.075717 -0.474522 2.437020
0.212371 -0.469553 2.491580
0.420061 -0.527944 2.214770
0.464011 -0.544811 2.156420
-0.234047 -0.523194 2.478320
-0.237793 -0.517503 2.520420
-0.328108 -0.415930 2.531750
-0.457310 -0.287992 2.483650
-0.480452 -0.495265 2.572070
-0.363681 -0.549032 2.345700
-0.176091 -0.663582 2.230410
-0.094866 -0.569598 2.079510
-0.222792 -0.310455 2.605600
0.015146 -0.370212 2.527290
0.211852 -0.462906 2.453530
0.281913 -0.500529 2.424430
-0.260103 -0.626807 2.469850
0.015677 -0.526278 2.194720
0.036506 -0.736037 2.059370
-0.010744 -0.657223 2.066560
-0.145261 -0.537652 2.423730
0.212949 -0.472622 2.488490
0.393974 -0.539000 2.186310
0.463912 -0.549823 2.142040
-0.252647 -0.533578 2.478040
-0.255299 -0.527303 2.519930
-0.328170 -0.416261 2.532130
-0.457993 -0.287664 2.485840
-0.480246 -0.495709 2.572160
-0.363235 -0.548783 2.346020
-0.175730 -0.661123 2.230420
-0.094894 -0.569883 2.079350
-0.224763 -0.307478 2.607700
0.010859 -0.369449 2.526840
0.211999 -0.470131 2.444120
0.282856 -0.507329 2.415860
-0.271896 -0.634270 2.470710
-0.014855 -0.556771 2.182440
0.005998 -0.766500 2.047090
-0.022117 -0.671062 2.060990
-0.156675 -0.544211 2.422210
0.211728 -0.478299 2.478210
0.380869 -0.544663 2.170540
0.466278 -0.550245 2.133080
-0.263429 -0.539769 2.477610
-0.263672 -0.532004 2.519560
-0.328315 -0.416520 2.532440
-0.458695 -0.287784 2.485990
-0.480110 -0.496081 2.572250
-0.362876 -0.548623 2.346390
-0.175538 -0.659404 2.230460
-0.094941 -0.570107 2.079210
-0.224420 -0.311365 2.599270
0.007485 -0.370284 2.523890
0.211489 -0.473284 2.439120
0.282913 -0.509949 2.411730
-0.288732 -0.642030 2.471190
-0.030005 -0.571530 2.176350
-0.009166 -0.781269 2.041000
-0.029548 -0.679498 2.057310
-0.173852 -0.560336 2.418390
0.210862 -0.481412 2.471140
0.373263 -0.548851 2.162970
0.478205 -0.546610 2.139860
-0.268911 -0.542728 2.477420
-0.268203 -0.534388 2.519390
-0.328699 -0.416626 2.532850
-0.459720 -0.287608 2.486670
-0.480069 -0.496359 2.572390
-0.362616 -0.548414 2.346950
-0.175521 -0.657984 2.230630
-0.094996 -0.570284 2.079100
-0.224982 -0.312366 2.596170
0.005140 -0.372034 2.523270
0.212990 -0.478086 2.441660
0.285708 -0.515472 2.419470
-0.296258 -0.645317 2.471430
-0.038303 -0.579610 2.172830
-0.017470 -0.789351 2.037480
-0.034585 -0.685010 2.054670
-0.181025 -0.566336 2.416840
0.210500 -0.483174 2.466740
0.371962 -0.550368 2.165920
0.487460 -0.543890 2.150480
-0.272433 -0.544567 2.477320
-0.271140 -0.535831 2.519270
-0.329670 -0.416527 2.533300
-0.460664 -0.287427 2.487220
-0.480243 -0.496568 2.572550
-0.362588 -0.548199 2.347530
-0.175808 -0.656759 2.230820
-0.095049 -0.570418 2.079010
-0.225925 -0.313766 2.592490
0.002775 -0.374242 2.521950
0.213486 -0.481545 2.444280
0.286723 -0.519026 2.426230
-0.300936 -0.647332 2.471600
-0.043454 -0.584510 2.170700
-0.022624 -0.794253 2.035350
-0.038508 -0.688500 2.052970
-0.185857 -0.570214 2.415850
0.207128 -0.484392 2.456500
0.372629 -0.550898 2.170280
0.491141 -0.543126 2.154880
-0.274937 -0.545880 2.477260
-0.273138 -0.536826 2.519230
-0.330501 -0.416477 2.533690
-0.461435 -0.287337 2.487700
-0.480435 -0.496762 2.572730
-0.362605 -0.548017 2.348090
-0.176127 -0.655787 2.230970
-0.095109 -0.570540 2.078950
-0.226247 -0.317375 2.585890
0.001214 -0.376499 2.520470
0.214116 -0.484065 2.446920
0.287684 -0.521213 2.431920
-0.304088 -0.648613 2.471750
-0.047087 -0.588042 2.169220
-0.026260 -0.797784 2.033860
-0.041114 -0.690893 2.051820
-0.188277 -0.572438 2.415090
0.205470 -0.486260 2.451050
0.374578 -0.553205 2.174670
0.493139 -0.544080 2.156460
-0.276427 -0.546716 2.477130
-0.274578 -0.537554 2.519180
-0.331254 -0.416431 2.533970
-0.462121 -0.287269 2.488070
-0.480650 -0.496931 2.572880
-0.362699 -0.547860 2.348530
-0.176566 -0.654963 2.231030
-0.095259 -0.570558 2.078810
-0.226319 -0.320001 2.581390
0.000283 -0.378183 2.519650
0.215394 -0.485644 2.452440
0.289309 -0.521724 2.441230
-0.305908 -0.649043 2.471650
-0.049476 -0.590210 2.168220
-0.028650 -0.799952 2.032860
-0.043090 -0.692605 2.050980
-0.187832 -0.572864 2.415000
0.204004 -0.488096 2.446790
0.380680 -0.552139 2.182580
0.495807 -0.544348 2.159940
-0.275652 -0.548104 2.476470
-0.272516 -0.539211 2.518170
-0.307929 -0.416977 2.530190
-0.451501 -0.287663 2.487320
-0.468601 -0.497922 2.571270
-0.351578 -0.547512 2.347340
-0.167152 -0.653540 2.228260
-0.095554 -0.570395 2.078500
-0.171264 -0.379993 2.522350
0.052888 -0.422170 2.484770
0.241528 -0.496117 2.463240
0.310240 -0.524959 2.460780
-0.307653 -0.649305 2.470910
-0.050924 -0.591250 2.167740
-0.030099 -0.800990 2.032390
-0.044690 -0.693832 2.050410
-0.184148 -0.579333 2.416780
0.202833 -0.489618 2.443640
0.385894 -0.550844 2.188990
0.497590 -0.544488 2.162660
0.004596 -0.505425 2.470180
-0.012688 -0.490278 2.508030
-0.157796 -0.452495 2.501050
-0.352533 -0.327779 2.468450
-0.340514 -0.527799 2.547360
-0.223616 -0.574977 2.324170
-0.121584 -0.598856 2.127860
-0.086202 -0.563462 2.024080
-0.148911 -0.424602 2.474170
0.083263 -0.472754 2.441050
0.257502 -0.526915 2.455650
0.320468 -0.548095 2.461000
0.055569 -0.538853 2.468680
0.369782 -0.521494 2.271980
0.390610 -0.731220 2.136640
0.476338 -0.679656 2.118670
0.033263 -0.502296 2.448960
0.318595 -0.493459 2.435350
0.390297 -0.547191 2.194960
0.498626 -0.543389 2.164920
-0.236709 -0.534863 2.476350
-0.235058 -0.526407 2.516840
-0.296544 -0.427157 2.526180
-0.422795 -0.311899 2.463760
-0.407050 -0.517787 2.559350
-0.289767 -0.563791 2.336440
-0.148683 -0.619039 2.164220
-0.091311 -0.565218 2.038560
-0.145631 -0.422765 2.475010
0.092718 -0.481669 2.430120
0.259954 -0.526599 2.449090
0.318381 -0.543017 2.453790
-0.281376 -0.617049 2.465750
0.026404 -0.567139 2.194420
0.047231 -0.776859 2.059080
0.025703 -0.687996 2.059930
-0.131407 -0.569329 2.423280
0.267917 -0.484223 2.434790
0.394723 -0.537903 2.201080
0.498869 -0.534656 2.169790
-0.235020 -0.535655 2.475510
-0.234575 -0.526956 2.516270
-0.296901 -0.428158 2.525920
-0.417816 -0.315798 2.459710
-0.436164 -0.513462 2.564540
-0.318501 -0.558911 2.342000
-0.163876 -0.631255 2.186450
-0.095014 -0.566636 2.050810
-0.162012 -0.409295 2.492880
0.088172 -0.476025 2.428630
0.249210 -0.518056 2.440260
0.302257 -0.531265 2.441470
-0.280748 -0.617180 2.462800
0.027626 -0.564632 2.194580
0.048452 -0.774346 2.059240
0.023786 -0.687813 2.060330
-0.128630 -0.570631 2.424850
0.243045 -0.477727 2.435650
0.397760 -0.530611 2.205360
0.498765 -0.528460 2.172930
0.025860 -0.497731 2.471950
0.004368 -0.474858 2.505250
-0.159144 -0.453047 2.500640
-0.312204 -0.333121 2.434640
-0.339020 -0.531225 2.546610
-0.218112 -0.577667 2.326240
-0.127748 -0.593433 2.116540
-0.089387 -0.563471 2.015150
-0.102177 -0.478031 2.456130
0.136299 -0.519728 2.393300
0.196437 -0.628367 2.444620
0.163785 -0.649628 2.439410
0.089065 -0.520124 2.474870
0.400293 -0.509799 2.276640
0.421119 -0.719509 2.141300
0.493651 -0.654736 2.115080
0.064398 -0.505178 2.445020
0.346299 -0.449276 2.458170
0.399482 -0.528174 2.207630
0.498998 -0.526705 2.174310
-0.232766 -0.548749 2.472510
-0.230419 -0.534401 2.513530
-0.294362 -0.419464 2.531760
-0.419562 -0.299657 2.459890
-0.405511 -0.511787 2.563670
-0.282616 -0.559133 2.344620
-0.150122 -0.616122 2.174920
-0.095338 -0.566823 2.043710
-0.139625 -0.440517 2.473320
0.115173 -0.517027 2.388020
0.179550 -0.636526 2.396550
0.176886 -0.658661 2.378330
-0.287121 -0.620541 2.459340
0.025911 -0.565219 2.192770
0.046736 -0.774925 2.057440
0.020162 -0.685544 2.061330
-0.130015 -0.592357 2.424160
0.237332 -0.466908 2.454610
0.400676 -0.526644 2.209260
0.498988 -0.525810 2.175260
-0.234057 -0.547972 2.473160
-0.231664 -0.533515 2.513860
-0.310926 -0.414222 2.536890
-0.421377 -0.297224 2.458750
-0.450709 -0.499204 2.575100
-0.326545 -0.547213 2.356490
-0.164671 -0.630915 2.211620
-0.099289 -0.568116 2.058710
-0.146538 -0.434992 2.475470
0.095637 -0.509830 2.388660
0.173969 -0.634856 2.372640
0.184521 -0.661942 2.350230
-0.287661 -0.618347 2.460700
0.012232 -0.566186 2.190930
0.033057 -0.775886 2.055600
0.013280 -0.684143 2.061290
-0.131687 -0.593939 2.421950
0.232941 -0.462992 2.458910
0.401567 -0.525572 2.210470
0.498996 -0.525084 2.175900
-0.282824 -0.556498 2.473820
-0.279969 -0.545091 2.516360
-0.337154 -0.407933 2.542630
-0.443261 -0.291033 2.463590
-0.471621 -0.493887 2.579870
-0.347311 -0.542106 2.361500
-0.172032 -0.638384 2.228770
-0.101414 -0.568796 2.066810
-0.175380 -0.399558 2.504970
0.060867 -0.461011 2.426820
0.191860 -0.551656 2.392640
0.237880 -0.564321 2.383350
-0.339102 -0.633403 2.459790
-0.064576 -0.578561 2.174090
-0.043751 -0.788258 2.038760
-0.081065 -0.691017 2.051610
-0.174126 -0.605339 2.416760
0.203798 -0.467894 2.459440
0.402254 -0.524960 2.211360
0.498919 -0.524790 2.176270
-0.300475 -0.559300 2.474200
-0.296545 -0.548866 2.517250
-0.347901 -0.405190 2.545140
-0.459877 -0.286771 2.467790
-0.482973 -0.491010 2.582450
-0.358645 -0.539340 2.364220
-0.176119 -0.642628 2.238360
-0.102722 -0.569110 2.071450
-0.179669 -0.390847 2.512760
0.054910 -0.445815 2.438930
0.216515 -0.502599 2.407800
0.275065 -0.519944 2.399190
-0.361957 -0.639938 2.459540
-0.091539 -0.582716 2.168180
-0.070715 -0.792411 2.032850
-0.112713 -0.692894 2.048050
-0.188452 -0.609671 2.415000
0.194110 -0.469037 2.460770
0.403563 -0.524859 2.212460
0.499879 -0.525406 2.177070
-0.310987 -0.560481 2.474690
-0.306499 -0.550855 2.517960
-0.354936 -0.403496 2.546700
-0.467510 -0.284533 2.469500
-0.490097 -0.489196 2.584090
-0.365862 -0.537659 2.365900
-0.178770 -0.645366 2.244360
-0.103578 -0.569285 2.074330
-0.179551 -0.389696 2.512980
0.051207 -0.439521 2.443180
0.225931 -0.486522 2.410480
0.291808 -0.502226 2.404540
-0.362302 -0.640332 2.461370
-0.108899 -0.585436 2.164590
-0.088075 -0.795129 2.029260
-0.131580 -0.694132 2.045930
-0.196930 -0.611396 2.414180
0.187499 -0.470170 2.461710
0.404465 -0.525149 2.213230
0.500463 -0.526489 2.177610
0.024259 -0.502748 2.463280
0.004139 -0.465850 2.482700
-0.160574 -0.449317 2.503020
-0.328834 -0.313491 2.444240
-0.347571 -0.522747 2.551950
-0.227682 -0.571251 2.332150
-0.132955 -0.597141 2.138390
-0.094665 -0.563204 2.026910
-0.184330 -0.482811 2.420190
0.047729 -0.465548 2.423940
0.244484 -0.472616 2.434910
0.326483 -0.471394 2.463050
0.068587 -0.518395 2.466590
0.380038 -0.508388 2.268050
0.400861 -0.718077 2.132720
0.473304 -0.652545 2.106590
0.041044 -0.511114 2.439650
0.316383 -0.453086 2.489350
0.405137 -0.525711 2.213800
0.500737 -0.527170 2.177940
-0.245503 -0.536454 2.477630
-0.241761 -0.523826 2.515050
-0.296374 -0.423845 2.528760
-0.390365 -0.302225 2.457350
-0.409119 -0.513339 2.561990
-0.290021 -0.561833 2.340500
-0.153188 -0.619262 2.171650
-0.097565 -0.563961 2.039210
-0.166318 -0.458424 2.442660
0.057091 -0.467898 2.430950
0.300752 -0.483207 2.476580
0.388434 -0.486711 2.507400
-0.296133 -0.610782 2.469130
0.017388 -0.565126 2.199460
0.038211 -0.774811 2.064130
0.013281 -0.684474 2.065570
-0.143795 -0.584146 2.420770
0.252052 -0.466880 2.476930
0.405533 -0.526486 2.214130
0.500828 -0.527964 2.178120
-0.241894 -0.535560 2.477540
-0.241673 -0.523616 2.515390
-0.299740 -0.424827 2.528250
-0.421167 -0.296900 2.463890
-0.439351 -0.508982 2.566760
-0.321837 -0.557189 2.344600
-0.165352 -0.632510 2.192110
-0.100001 -0.564774 2.049760
-0.181786 -0.408705 2.495800
0.051724 -0.452009 2.459180
0.309930 -0.481536 2.491180
0.400267 -0.487273 2.521500
-0.288899 -0.616141 2.467030
0.023244 -0.563923 2.199130
0.044067 -0.773603 2.063810
0.017070 -0.684150 2.064940
-0.134731 -0.572944 2.424030
0.223508 -0.473672 2.468920
0.405783 -0.527323 2.214330
0.500745 -0.529402 2.178150
-0.270040 -0.538365 2.479320
-0.269038 -0.529918 2.519590
-0.323856 -0.420736 2.532490
-0.439253 -0.293738 2.467620
-0.457636 -0.506103 2.569810
-0.340464 -0.554265 2.347270
-0.172962 -0.640852 2.205600
-0.101751 -0.565414 2.057310
-0.185957 -0.391727 2.513870
0.048800 -0.442968 2.474800
0.313693 -0.481341 2.500940
0.401388 -0.492333 2.528140
-0.308975 -0.624213 2.469980
-0.033234 -0.573162 2.187110
-0.012411 -0.782838 2.051780
-0.039912 -0.688632 2.059540
-0.161914 -0.579165 2.421360
0.211067 -0.476564 2.465400
0.405916 -0.528215 2.214460
0.500687 -0.530299 2.178210
-0.285984 -0.540814 2.479900
-0.284336 -0.534148 2.521660
-0.334224 -0.418973 2.534310
-0.450399 -0.291781 2.469870
-0.469061 -0.504196 2.571790
-0.351899 -0.552361 2.349060
-0.177770 -0.646107 2.214430
-0.103047 -0.565912 2.062490
-0.188846 -0.379552 2.526900
0.047057 -0.437447 2.484150
0.312491 -0.482575 2.507020
0.394569 -0.499458 2.527970
-0.330271 -0.632954 2.470330
-0.056046 -0.576944 2.181950
-0.035224 -0.786617 2.046630
-0.069402 -0.690982 2.056440
-0.172617 -0.581476 2.420140
0.204550 -0.478043 2.463540
0.405995 -0.529023 2.214540
0.500537 -0.531525 2.178200
-0.294677 -0.541855 2.480360
-0.292482 -0.536052 2.522880
-0.340033 -0.418049 2.535250
-0.457585 -0.290536 2.471240
-0.476473 -0.502929 2.573060
-0.359263 -0.551052 2.350190
-0.180897 -0.649425 2.220150
-0.104028 -0.566262 2.066060
-0.174073 -0.393312 2.511240
0.051999 -0.438609 2.484660
0.314995 -0.487306 2.506680
0.395309 -0.507812 2.522250
-0.340828 -0.636797 2.470730
-0.068862 -0.579042 2.179310
-0.048039 -0.788714 2.043990
-0.085125 -0.692202 2.054950
-0.178822 -0.582987 2.419420
0.200878 -0.478975 2.462560
0.406089 -0.529706 2.214580
0.500509 -0.532211 2.178210
-0.300148 -0.543042 2.480670
-0.297525 -0.537571 2.523660
-0.343901 -0.417481 2.535850
-0.462355 -0.289691 2.472150
-0.481410 -0.502043 2.573920
-0.364160 -0.550092 2.350970
-0.182973 -0.651541 2.224010
-0.104766 -0.566338 2.068300
-0.158644 -0.412327 2.491900
0.061107 -0.443963 2.480120
0.317587 -0.492882 2.504410
0.396753 -0.514446 2.517350
-0.347886 -0.639364 2.471010
-0.077817 -0.580498 2.177530
-0.056994 -0.790168 2.042210
-0.095976 -0.693053 2.053960
-0.182860 -0.589737 2.421530
0.197234 -0.479757 2.460580
0.405975 -0.530613 2.214140
0.500287 -0.533143 2.177720
-0.301834 -0.544183 2.480770
-0.299246 -0.538569 2.523980
-0.346611 -0.416979 2.536340
-0.465730 -0.289063 2.472810
-0.484921 -0.501355 2.574580
-0.367602 -0.549388 2.351590
-0.184464 -0.652973 2.226790
-0.105335 -0.566305 2.069780
-0.154941 -0.414002 2.490260
0.064979 -0.444476 2.479740
0.317775 -0.496968 2.501120
0.395513 -0.520145 2.510250
-0.350025 -0.640173 2.471110
-0.083082 -0.581346 2.176550
-0.062260 -0.791015 2.041230
-0.101159 -0.693405 2.053520
-0.185050 -0.592683 2.422330
0.195074 -0.480246 2.459730
0.406074 -0.531236 2.213960
0.500306 -0.533786 2.177510
-0.300377 -0.545043 2.480670
-0.298547 -0.539095 2.523950
-0.348229 -0.416541 2.536680
-0.468142 -0.288621 2.473270
-0.487425 -0.500865 2.575040
-0.370039 -0.548885 2.352050
-0.185516 -0.653972 2.228770
-0.105768 -0.566275 2.070840
-0.162543 -0.398492 2.509840
0.065958 -0.442199 2.482230
0.314035 -0.497458 2.500990
0.390497 -0.521205 2.507840
-0.347575 -0.639571 2.471460
-0.084687 -0.581291 2.176430
-0.063865 -0.790958 2.041120
-0.101124 -0.692937 2.053670
-0.186258 -0.593972 2.422330
0.193563 -0.480584 2.459130
0.406167 -0.531732 2.213800
0.500340 -0.534293 2.177330
-0.297027 -0.545524 2.480430
-0.295710 -0.539063 2.523570
-0.348751 -0.416188 2.536880
-0.469891 -0.288307 2.473610
-0.489221 -0.500523 2.575360
-0.371752 -0.548507 2.352420
-0.186234 -0.654687 2.230220
-0.106118 -0.566260 2.071620
-0.168920 -0.390393 2.518310
0.065430 -0.440984 2.482120
0.296828 -0.505752 2.482890
0.368177 -0.533235 2.480340
-0.342221 -0.638217 2.472000
-0.083205 -0.580673 2.176920
-0.062383 -0.790337 2.041610
-0.097447 -0.692158 2.054140
-0.185800 -0.593737 2.421760
0.192634 -0.480746 2.458750
0.406251 -0.532114 2.213690
0.500380 -0.534682 2.177210
-0.293250 -0.545630 2.480120
-0.292160 -0.538693 2.523030
-0.348261 -0.416058 2.536840
-0.471152 -0.288091 2.473810
-0.490528 -0.500283 2.575580
-0.372802 -0.548245 2.352770
-0.186678 -0.655211 2.231300
-0.106395 -0.566242 2.072180
-0.169291 -0.388653 2.520390
0.066462 -0.440898 2.480590
0.285481 -0.509835 2.471550
0.353167 -0.537327 2.466300
-0.337145 -0.636604 2.472170
-0.079982 -0.579730 2.177640
-0.059160 -0.789391 2.042330
-0.092235 -0.691262 2.054680
-0.184167 -0.592794 2.420980
0.192345 -0.480701 2.458510
0.406301 -0.532462 2.213570
0.500397 -0.535033 2.177070
-0.289346 -0.545643 2.479790
-0.288319 -0.538267 2.522460
-0.346968 -0.416016 2.536760
-0.471956 -0.287954 2.473910
-0.491389 -0.500085 2.575760
-0.373085 -0.548042 2.353220
-0.186758 -0.655514 2.232160
-0.106621 -0.566221 2.072580
-0.170047 -0.387108 2.522050
0.066526 -0.439889 2.479790
0.266432 -0.505094 2.465580
0.326048 -0.528591 2.460270
-0.332223 -0.635439 2.472320
-0.075841 -0.578848 2.178400
-0.055019 -0.788506 2.043090
-0.086659 -0.690605 2.055160
-0.182128 -0.591503 2.420150
0.192531 -0.480515 2.458400
0.406333 -0.532768 2.213460
0.500415 -0.535419 2.176910
-0.286081 -0.545656 2.479450
-0.285089 -0.537938 2.521940
-0.345474 -0.416046 2.536640
-0.472405 -0.287884 2.473930
-0.491900 -0.499931 2.575890
-0.373097 -0.547862 2.353570
-0.186751 -0.655657 2.232750
-0.106816 -0.566202 2.072860
-0.171008 -0.385920 2.523130
0.066063 -0.438710 2.479010
0.254384 -0.501513 2.462450
0.311043 -0.523138 2.457620
-0.328224 -0.634769 2.472350
-0.071899 -0.578171 2.178940
-0.051078 -0.787826 2.043630
-0.081724 -0.690199 2.055470
-0.180204 -0.590234 2.419340
0.192967 -0.480266 2.458330
0.406355 -0.533039 2.213350
0.500424 -0.535661 2.176810
0.010103 -0.496361 2.467570
-0.008919 -0.488977 2.507870
-0.157439 -0.446931 2.501480
-0.325544 -0.312687 2.444960
-0.345408 -0.523499 2.548750
-0.228693 -0.568864 2.325690
-0.138474 -0.598891 2.129110
-0.099683 -0.561623 2.019920
-0.163383 -0.393530 2.515050
0.069186 -0.440511 2.474140
0.250899 -0.502212 2.458020
0.306283 -0.523003 2.453560
0.069448 -0.533365 2.470130
0.380056 -0.515557 2.270330
0.400875 -0.725201 2.135020
0.303181 -0.688497 2.123480
0.047122 -0.491696 2.437690
0.325306 -0.477917 2.489740
0.406368 -0.533279 2.213260
0.500429 -0.535855 2.176730
-0.238790 -0.531751 2.478090
-0.236072 -0.524725 2.519730
-0.296320 -0.419253 2.535590
-0.387490 -0.299006 2.462220
-0.407073 -0.509215 2.566930
-0.293920 -0.554615 2.342210
-0.158044 -0.612396 2.165890
-0.102654 -0.562563 2.033420
-0.158638 -0.398069 2.510170
0.072416 -0.441461 2.466430
0.245964 -0.501126 2.446920
0.299960 -0.520710 2.442380
-0.288439 -0.612951 2.464530
0.024073 -0.557260 2.196390
0.044892 -0.766899 2.061080
0.014961 -0.681988 2.070470
-0.134040 -0.567632 2.420800
0.240506 -0.477134 2.468800
0.406368 -0.533499 2.213160
0.500426 -0.536068 2.176630
-0.238925 -0.530930 2.478300
-0.236352 -0.523888 2.519910
-0.295028 -0.418692 2.535890
-0.411773 -0.293715 2.468300
-0.431503 -0.503572 2.573530
-0.318776 -0.549255 2.348200
-0.169326 -0.622493 2.189120
-0.105059 -0.562921 2.044600
-0.155593 -0.400944 2.507030
0.074399 -0.442373 2.463510
0.244290 -0.501130 2.444270
0.298514 -0.520244 2.440470
-0.288032 -0.612435 2.466890
0.023139 -0.556582 2.197430
0.043957 -0.766215 2.062130
0.014632 -0.680722 2.070720
-0.134265 -0.567254 2.420270
0.235129 -0.476586 2.466940
0.406260 -0.533673 2.213060
0.500288 -0.536225 2.176540
-0.260442 -0.534770 2.478460
-0.258566 -0.527906 2.520380
-0.322177 -0.413763 2.541390
-0.432541 -0.289810 2.472660
-0.452218 -0.499559 2.578060
-0.339211 -0.545511 2.352590
-0.176657 -0.630088 2.204910
-0.106760 -0.563321 2.053020
-0.169893 -0.393251 2.513230
0.068774 -0.440412 2.463290
0.243168 -0.501506 2.442360
0.301031 -0.522126 2.438890
-0.303992 -0.617762 2.466380
-0.026474 -0.562305 2.186660
-0.005657 -0.771932 2.051370
-0.038818 -0.679804 2.060680
-0.157012 -0.576346 2.417360
0.216837 -0.476514 2.462200
0.405578 -0.533876 2.212900
0.499724 -0.536362 2.176520
-0.282153 -0.538561 2.479210
-0.278636 -0.531551 2.521280
-0.334164 -0.411604 2.543760
-0.445362 -0.287469 2.475230
-0.464993 -0.497186 2.580690
-0.351572 -0.543448 2.355230
-0.181284 -0.635371 2.215270
-0.107901 -0.563684 2.058980
-0.168776 -0.393957 2.512280
0.069085 -0.441561 2.461060
0.253757 -0.511041 2.435670
0.319295 -0.536366 2.430570
-0.336188 -0.627368 2.467460
-0.056917 -0.567108 2.180540
-0.036100 -0.776732 2.045240
-0.063740 -0.680257 2.056150
-0.172730 -0.582970 2.415820
0.210248 -0.476326 2.460540
0.404484 -0.533905 2.212830
0.498771 -0.536330 2.176650
-0.292229 -0.540113 2.479580
-0.288113 -0.533113 2.521710
-0.340688 -0.410367 2.545100
-0.453633 -0.285991 2.476760
-0.473238 -0.495702 2.582220
-0.359475 -0.542190 2.356830
-0.184288 -0.638923 2.221990
-0.108649 -0.563954 2.063030
-0.167043 -0.394873 2.511180
0.069716 -0.441107 2.460010
0.254090 -0.505339 2.437780
0.318663 -0.525789 2.436050
-0.349674 -0.630877 2.467740
-0.072152 -0.569241 2.177640
-0.051335 -0.778864 2.042340
-0.076949 -0.680284 2.053850
-0.180388 -0.586111 2.414940
0.204908 -0.476211 2.459240
0.403402 -0.533895 2.212770
0.497825 -0.536264 2.176810
-0.298966 -0.541198 2.479830
-0.294588 -0.534190 2.522010
-0.345108 -0.409537 2.546000
-0.460245 -0.285325 2.477440
-0.478793 -0.494772 2.583150
-0.364647 -0.541417 2.357860
-0.186258 -0.641409 2.226500
-0.109156 -0.564178 2.065840
-0.167724 -0.393572 2.513110
0.068967 -0.439271 2.460510
0.251302 -0.498383 2.440590
0.314565 -0.516238 2.439940
-0.356851 -0.633573 2.468680
-0.082573 -0.570734 2.175720
-0.061756 -0.780355 2.040420
-0.085998 -0.680254 2.052270
-0.185671 -0.588254 2.414220
0.201437 -0.476183 2.458480
0.402477 -0.533865 2.212700
0.497027 -0.536188 2.176940
