0.164178 -0.001899 2.120950
0.164953 0.061606 2.174520
0.158701 0.429638 2.197670
0.158175 0.620652 2.185290
0.021744 0.312637 2.179730
-0.018948 0.051153 2.153860
-0.030628 -0.153030 2.088400
-0.023579 -0.228186 2.080530
0.293139 0.303182 2.167760
0.361314 0.052046 2.162610
0.375683 -0.164042 2.091170
0.378055 -0.236003 2.072080
0.102536 -0.063994 2.107950
0.086575 -0.497559 2.114130
0.101151 -0.796600 2.108800
0.130971 -0.855358 2.082380
0.227200 -0.064096 2.107140
0.256801 -0.501392 2.134370
0.236911 -0.804838 2.137390
0.280255 -0.861908 2.154960
0.163989 -0.002118 2.120870
0.164855 0.061451 2.174510
0.158527 0.429764 2.197830
0.157916 0.620780 2.185700
0.021578 0.312637 2.179810
-0.018610 0.050736 2.153960
-0.029970 -0.153079 2.089030
-0.021248 -0.230803 2.080770
0.292901 0.303075 2.166640
0.361600 0.051895 2.161080
0.376315 -0.164070 2.090340
0.378758 -0.235197 2.071030
0.102391 -0.064074 2.108020
0.086184 -0.497814 2.115200
0.101330 -0.796722 2.108970
0.162923 -0.851154 2.105840
0.226885 -0.064183 2.106830
0.257488 -0.501462 2.137180
0.237383 -0.804997 2.139790
0.283164 -0.863410 2.161390
0.163888 -0.002333 2.120750
0.164838 0.061288 2.174450
0.158440 0.429880 2.197950
0.157795 0.620930 2.186140
0.021510 0.312642 2.179850
-0.018090 0.050287 2.154010
-0.029175 -0.153146 2.089530
-0.019510 -0.232679 2.080630
0.292882 0.303030 2.165620
0.361940 0.051749 2.159540
0.377004 -0.164068 2.089530
0.379422 -0.234510 2.070070
0.102312 -0.064152 2.108060
0.085959 -0.498116 2.116150
0.101522 -0.796888 2.109150
0.170244 -0.851193 2.112070
0.226676 -0.064261 2.106520
0.257969 -0.501515 2.139130
0.237644 -0.805117 2.141450
0.284060 -0.865539 2.163440
0.163880 -0.002551 2.120590
0.164905 0.061113 2.174350
0.158427 0.430013 2.198050
0.157893 0.621146 2.186670
0.021613 0.312652 2.179780
-0.017387 0.049836 2.153970
-0.028230 -0.153190 2.089970
-0.018133 -0.233999 2.080350
0.293110 0.303022 2.164610
0.362281 0.051635 2.158200
0.377718 -0.164033 2.088780
0.379985 -0.233959 2.069270
0.102318 -0.064235 2.108070
0.085857 -0.498444 2.116980
0.101713 -0.797106 2.109340
0.175500 -0.850579 2.116520
0.226574 -0.064339 2.106190
0.258324 -0.501557 2.140530
0.237842 -0.805189 2.142650
0.284692 -0.866724 2.163780
0.163952 -0.002731 2.120400
0.165015 0.060967 2.174220
0.158530 0.430167 2.198110
0.158170 0.621421 2.187300
0.021921 0.312663 2.179590
-0.016600 0.049398 2.153880
-0.027321 -0.153237 2.090300
-0.016734 -0.234955 2.079760
0.294715 0.303325 2.163770
0.362627 0.051555 2.157050
0.378421 -0.164110 2.088120
0.380452 -0.233595 2.068690
0.102382 -0.064303 2.108050
0.085809 -0.498696 2.117650
0.101893 -0.797317 2.109510
0.178806 -0.849362 2.119210
0.226581 -0.064405 2.105860
0.258608 -0.501583 2.141530
0.238049 -0.805240 2.143440
0.284797 -0.867698 2.162350
0.164125 -0.002868 2.120180
0.165166 0.060852 2.174080
0.158703 0.430328 2.198170
0.158806 0.621769 2.188090
0.022462 0.312635 2.179240
-0.015657 0.048948 2.153690
-0.026359 -0.153275 2.090500
-0.015540 -0.234844 2.078840
0.298714 0.304013 2.163430
0.362977 0.051450 2.156080
0.379043 -0.164179 2.087580
0.380834 -0.233322 2.068230
0.102505 -0.064363 2.108000
0.085814 -0.498923 2.118200
0.102062 -0.797514 2.109670
0.175268 -0.850693 2.117500
0.226781 -0.064463 2.105470
0.258849 -0.501595 2.142180
0.238326 -0.805317 2.143810
0.282471 -0.869871 2.155020
0.164380 -0.003021 2.119930
0.165393 0.060715 2.173910
0.159016 0.430501 2.198210
0.159527 0.622094 2.188860
0.023348 0.312564 2.178670
-0.014722 0.048526 2.153430
-0.025483 -0.153285 2.090520
-0.014498 -0.232228 2.077210
0.301556 0.304506 2.163060
0.363311 0.051334 2.155280
0.379617 -0.164284 2.087140
0.381139 -0.233125 2.067860
0.102706 -0.064431 2.107920
0.085842 -0.499112 2.118650
0.102214 -0.797698 2.109820
0.174921 -0.849450 2.117210
0.227038 -0.064525 2.105080
0.259054 -0.501606 2.142540
0.238642 -0.805408 2.143870
0.280274 -0.871590 2.148970
0.164681 -0.003185 2.119660
0.165689 0.060566 2.173690
0.159512 0.430691 2.198130
0.160209 0.622336 2.189530
0.024325 0.312494 2.178060
-0.013853 0.048181 2.153170
-0.024688 -0.153296 2.090450
-0.013784 -0.229771 2.076060
0.303424 0.304761 2.162650
0.363646 0.051207 2.154620
0.380105 -0.164379 2.086770
0.381380 -0.232981 2.067570
0.102948 -0.064504 2.107830
0.085902 -0.499286 2.119010
0.102357 -0.797885 2.109960
0.174271 -0.848187 2.116870
0.227318 -0.064589 2.104700
0.259227 -0.501622 2.142660
0.238930 -0.805481 2.143750
0.278414 -0.872751 2.144220
0.165024 -0.003362 2.119370
0.166033 0.060402 2.173450
0.160043 0.430869 2.198040
0.161019 0.622534 2.190120
0.025322 0.312443 2.177460
-0.013002 0.047891 2.152900
-0.024014 -0.153297 2.090300
-0.013257 -0.227032 2.075090
0.304718 0.304940 2.162300
0.363943 0.051091 2.154090
0.380537 -0.164465 2.086480
0.381557 -0.232900 2.067350
0.103255 -0.064587 2.107710
0.085978 -0.499442 2.119310
0.102482 -0.798057 2.110080
0.173792 -0.847197 2.116340
0.227610 -0.064654 2.104350
0.259373 -0.501647 2.142610
0.239195 -0.805559 2.143480
0.277540 -0.873334 2.141500
0.165382 -0.003532 2.119080
0.166407 0.060240 2.173210
0.160690 0.431025 2.197890
0.161771 0.622679 2.190620
0.026241 0.312408 2.176920
-0.012228 0.047673 2.152660
-0.023417 -0.153319 2.090150
-0.012908 -0.225101 2.074530
0.305667 0.305055 2.162020
0.364203 0.050988 2.153660
0.380946 -0.164521 2.086260
0.381744 -0.232847 2.067220
0.103596 -0.064667 2.107570
0.086064 -0.499575 2.119550
0.102588 -0.798210 2.110190
0.173340 -0.846382 2.115730
0.227899 -0.064715 2.104040
0.259511 -0.501682 2.142390
0.239429 -0.805642 2.143140
0.210118 -0.849476 2.127590
0.165803 -0.003712 2.118780
0.166833 0.060072 2.172950
0.161307 0.431168 2.197740
0.162443 0.622787 2.191030
0.027106 0.312380 2.176430
-0.011513 0.047530 2.152430
-0.022893 -0.153350 2.090010
-0.012638 -0.223080 2.074280
0.306355 0.305137 2.161810
0.364427 0.050895 2.153320
0.381327 -0.164557 2.086110
0.381926 -0.232825 2.067130
0.104057 -0.064758 2.107380
0.086158 -0.499700 2.119750
0.102677 -0.798350 2.110290
0.172903 -0.845731 2.115110
0.228231 -0.064774 2.103750
0.259629 -0.501728 2.142050
0.239660 -0.805729 2.142700
0.168497 -0.832930 2.119090
0.166315 -0.003798 2.118470
0.167284 0.059979 2.172680
0.161911 0.431307 2.197580
0.163122 0.622912 2.191360
0.027904 0.312377 2.176010
-0.010881 0.047449 2.152230
-0.022424 -0.153379 2.089900
-0.012699 -0.221042 2.074430
0.307473 0.305409 2.161840
0.364640 0.050799 2.153040
0.381671 -0.164579 2.086000
0.382126 -0.232807 2.067100
0.104560 -0.064807 2.107160
0.086258 -0.499814 2.119910
0.102755 -0.798476 2.110380
0.172517 -0.845252 2.114470
0.228741 -0.064775 2.103450
0.259727 -0.501733 2.141630
0.239879 -0.805807 2.142220
0.153755 -0.827226 2.115760
0.166800 -0.003871 2.118190
0.167729 0.059899 2.172430
0.162521 0.431442 2.197390
0.163746 0.623053 2.191640
0.028643 0.312373 2.175640
-0.010338 0.047399 2.152070
-0.022028 -0.153410 2.089800
-0.012543 -0.221315 2.074930
0.308241 0.305582 2.161830
0.364839 0.050706 2.152810
0.382005 -0.164607 2.085940
0.382305 -0.232797 2.067100
0.105046 -0.064849 2.106950
0.086361 -0.499919 2.120050
0.102822 -0.798591 2.110460
0.169046 -0.846061 2.111020
0.229217 -0.064769 2.103180
0.259811 -0.501740 2.141180
0.240102 -0.805889 2.141720
0.144443 -0.823365 2.113580
0.167230 -0.003935 2.117930
0.168141 0.059825 2.172200
0.163145 0.431530 2.197200
0.164328 0.623166 2.191910
0.029313 0.312392 2.175340
-0.009872 0.047369 2.151930
-0.021683 -0.153437 2.089730
-0.012449 -0.222647 2.075510
0.308784 0.305702 2.161810
0.365018 0.050608 2.152610
0.382340 -0.164637 2.085910
0.382493 -0.232793 2.067130
0.105483 -0.064883 2.106750
0.086464 -0.500018 2.120170
0.102888 -0.798702 2.110530
0.167904 -0.845934 2.109960
0.229623 -0.064766 2.102950
0.259893 -0.501755 2.140710
0.240301 -0.805964 2.141240
0.141086 -0.820596 2.113060
0.167609 -0.003988 2.117710
0.168533 0.059758 2.171990
0.163810 0.431607 2.197030
0.164851 0.623261 2.192120
0.029890 0.312435 2.175130
-0.009467 0.047355 2.151840
-0.021363 -0.153461 2.089670
-0.012269 -0.224868 2.076140
0.309143 0.305771 2.161760
0.365194 0.050492 2.152430
0.382638 -0.164665 2.085890
0.382668 -0.232792 2.067180
0.105869 -0.064910 2.106580
0.086563 -0.500109 2.120270
0.102941 -0.798795 2.110580
0.165686 -0.846608 2.107810
0.229978 -0.064763 2.102740
0.259964 -0.501777 2.140250
0.240523 -0.806063 2.140770
0.143756 -0.819350 2.113930
0.167951 -0.004033 2.117510
0.168899 0.059700 2.171790
0.164406 0.431671 2.196870
0.165336 0.623352 2.192310
0.030415 0.312488 2.174970
-0.009115 0.047355 2.151760
-0.021078 -0.153484 2.089630
-0.012216 -0.225503 2.076370
0.309412 0.305813 2.161720
0.365372 0.050376 2.152270
0.382920 -0.164681 2.085880
0.382815 -0.232803 2.067230
0.106223 -0.064931 2.106430
0.086658 -0.500192 2.120350
0.102984 -0.798879 2.110630
0.164898 -0.846497 2.106910
0.230292 -0.064761 2.102570
0.260024 -0.501806 2.139800
0.240710 -0.806153 2.140370
0.149181 -0.819515 2.115260
0.168246 -0.004083 2.117340
0.169241 0.059634 2.171610
0.165021 0.431684 2.196710
0.165757 0.623433 2.192460
0.030950 0.312530 2.174840
-0.008809 0.047364 2.151700
-0.020832 -0.153504 2.089590
-0.012169 -0.225778 2.076510
0.309601 0.305836 2.161670
0.365551 0.050264 2.152140
0.383173 -0.164697 2.085880
0.382952 -0.232816 2.067280
0.106531 -0.064948 2.106300
0.086748 -0.500267 2.120420
0.103021 -0.798952 2.110680
0.163812 -0.846709 2.105630
0.230545 -0.064763 2.102410
0.260075 -0.501845 2.139380
0.240892 -0.806269 2.140010
0.159802 -0.826842 2.117310
0.168501 -0.004129 2.117190
0.169547 0.059566 2.171460
0.165632 0.431736 2.196700
0.166233 0.623497 2.192590
0.031453 0.312571 2.174740
-0.008523 0.047399 2.151680
-0.020599 -0.153520 2.089560
-0.012070 -0.226222 2.076660
0.309739 0.305848 2.161620
0.365732 0.050151 2.152010
0.383407 -0.164706 2.085890
0.383067 -0.232823 2.067330
0.106799 -0.064961 2.106180
0.086836 -0.500336 2.120480
0.103051 -0.799015 2.110710
0.163330 -0.846669 2.105080
0.230760 -0.064767 2.102280
0.260120 -0.501890 2.138970
0.241032 -0.806334 2.139750
0.164086 -0.828442 2.118320
0.168726 -0.004176 2.117060
0.169832 0.059498 2.171320
0.166211 0.431776 2.196680
0.166658 0.623551 2.192700
0.031932 0.312616 2.174680
-0.008261 0.047433 2.151680
-0.020381 -0.153538 2.089540
-0.012403 -0.225571 2.076980
0.309830 0.305835 2.161550
0.365917 0.050031 2.151900
0.383616 -0.164714 2.085910
0.383170 -0.232830 2.067380
0.107036 -0.064973 2.106080
0.086929 -0.500409 2.120520
0.103079 -0.799075 2.110750
0.163225 -0.846171 2.104830
0.230941 -0.064773 2.102160
0.260160 -0.501940 2.138610
0.241119 -0.806354 2.139530
0.174318 -0.837623 2.117430
0.168925 -0.004198 2.116950
0.170079 0.059457 2.171210
0.166785 0.431815 2.196660
0.167119 0.623616 2.192760
0.032358 0.312656 2.174640
-0.008022 0.047467 2.151690
-0.020179 -0.153552 2.089520
-0.013568 -0.223603 2.076960
0.310084 0.305862 2.161540
0.366123 0.049946 2.151830
0.383831 -0.164686 2.085930
0.383265 -0.232834 2.067440
0.107233 -0.064976 2.106010
0.087025 -0.500478 2.120560
0.103099 -0.799126 2.110780
0.123440 -0.838007 2.057410
0.231108 -0.064776 2.102070
0.260191 -0.501990 2.138270
0.241182 -0.806358 2.139350
0.180780 -0.843702 2.116780
0.169109 -0.004227 2.116870
0.170326 0.059410 2.171120
0.167406 0.431844 2.196650
0.167524 0.623652 2.192800
0.032754 0.312677 2.174640
-0.007797 0.047500 2.151720
-0.019968 -0.153573 2.089510
-0.014135 -0.222385 2.077210
0.310263 0.305858 2.161500
0.366326 0.049867 2.151780
0.384030 -0.164659 2.085960
0.383345 -0.232849 2.067480
0.107407 -0.064980 2.105950
0.087130 -0.500550 2.120580
0.103112 -0.799197 2.110810
0.120752 -0.847359 2.061210
0.231254 -0.064786 2.101990
0.260212 -0.502059 2.137950
0.241188 -0.806237 2.139100
0.182769 -0.844187 2.116080
0.169274 -0.004240 2.116820
0.170560 0.059381 2.171060
0.168109 0.431864 2.196660
0.167918 0.623681 2.192810
0.033143 0.312704 2.174670
-0.007565 0.047539 2.151780
-0.019733 -0.153601 2.089550
-0.014347 -0.221713 2.077480
0.310536 0.305862 2.161490
0.366535 0.049804 2.151750
0.384211 -0.164635 2.085990
0.383412 -0.232861 2.067530
0.107549 -0.064975 2.105920
0.087233 -0.500617 2.120600
0.103115 -0.799292 2.110850
0.124006 -0.854668 2.068840
0.231385 -0.064795 2.101930
0.260231 -0.502131 2.137630
0.241109 -0.805969 2.138780
0.183102 -0.842596 2.115030
0.169445 -0.004252 2.116790
0.170824 0.059357 2.171030
0.168947 0.431838 2.196610
0.168323 0.623697 2.192790
0.033496 0.312724 2.174770
-0.007316 0.047591 2.151900
-0.019467 -0.153636 2.089640
-0.014495 -0.221172 2.077750
0.310724 0.305875 2.161480
0.366734 0.049758 2.151740
0.384373 -0.164618 2.086020
0.383470 -0.232873 2.067570
0.107705 -0.064968 2.105940
0.087358 -0.500682 2.120600
0.103108 -0.799427 2.110890
0.128603 -0.859178 2.075550
0.231513 -0.064804 2.101900
0.260236 -0.502210 2.137330
0.240980 -0.805674 2.138390
0.181751 -0.839018 2.113880
0.169634 -0.004286 2.116850
0.171130 0.059323 2.171060
0.169898 0.431787 2.196510
0.168659 0.623716 2.192740
0.033817 0.312731 2.174890
-0.007051 0.047631 2.152100
-0.019038 -0.153776 2.089850
-0.014524 -0.220679 2.078160
0.310840 0.305873 2.161460
0.366910 0.049736 2.151750
0.384494 -0.164615 2.086060
0.383522 -0.232887 2.067610
0.107908 -0.064991 2.106160
0.087971 -0.500891 2.120610
0.103134 -0.799633 2.110910
0.129520 -0.861717 2.077030
0.231640 -0.064825 2.101920
0.260193 -0.502311 2.137080
0.240812 -0.805398 2.138020
0.180902 -0.836966 2.113430
0.169911 -0.004277 2.117130
0.171503 0.059339 2.171240
0.170727 0.431735 2.196420
0.168903 0.623735 2.192660
0.034095 0.312729 2.175070
-0.006728 0.047705 2.152470
-0.018474 -0.154025 2.090220
-0.014490 -0.220213 2.078710
0.311008 0.305898 2.161450
0.367076 0.049723 2.151770
0.384642 -0.164735 2.086160
0.383587 -0.232919 2.067710
0.108161 -0.065020 2.106910
0.089141 -0.501243 2.120730
0.103267 -0.799954 2.110880
0.130341 -0.863608 2.077930
0.231895 -0.064849 2.102150
0.260135 -0.502411 2.136870
0.240605 -0.805281 2.137450
0.179805 -0.835137 2.113010
0.170360 -0.004269 2.118130
0.172040 0.059411 2.171780
0.171401 0.431682 2.196270
0.169067 0.623763 2.192470
0.034304 0.312751 2.175480
-0.006353 0.047766 2.153130
-0.017684 -0.154403 2.090950
-0.014456 -0.219715 2.079570
0.311127 0.305916 2.161420
0.367229 0.049735 2.151830
0.384755 -0.165028 2.086470
0.383625 -0.233094 2.068140
0.108614 -0.065202 2.109480
0.091240 -0.501628 2.121050
0.103538 -0.800461 2.110790
0.131319 -0.865104 2.078560
0.232394 -0.064915 2.103140
0.260060 -0.502540 2.136720
0.240413 -0.805214 2.136860
0.177843 -0.833079 2.113110
0.171069 -0.004335 2.120520
0.172819 0.059553 2.173040
0.172030 0.431595 2.196000
0.169103 0.623805 2.192060
0.034457 0.312759 2.175980
-0.005947 0.047822 2.154640
-0.016621 -0.154991 2.092490
-0.014526 -0.219286 2.081350
0.311234 0.305933 2.161390
0.367415 0.049728 2.152000
0.384632 -0.165774 2.087350
0.383445 -0.233536 2.069500
0.109149 -0.065700 2.114350
0.093903 -0.502103 2.121650
0.104117 -0.801281 2.110600
0.158237 -0.852322 2.092480
0.233396 -0.065241 2.105970
0.259947 -0.502806 2.136600
0.240142 -0.805339 2.136190
0.176756 -0.832294 2.113430
0.171875 -0.004477 2.124790
0.173787 0.059844 2.175320
0.172624 0.431441 2.195350
0.168879 0.623848 2.191210
0.034470 0.312752 2.176670
-0.005573 0.047646 2.157410
-0.015290 -0.155910 2.095100
-0.014485 -0.219109 2.083880
0.311321 0.305956 2.161320
0.367580 0.049722 2.152250
0.384027 -0.167065 2.089100
0.382936 -0.234447 2.072130
0.109573 -0.066628 2.122820
0.097145 -0.502665 2.122830
0.105084 -0.802481 2.110280
0.163893 -0.850983 2.092530
0.234612 -0.065753 2.110800
0.259794 -0.503166 2.136610
0.239824 -0.805554 2.135540
0.175631 -0.831831 2.114020
0.172689 -0.004960 2.131590
0.174856 0.060211 2.179040
0.172973 0.430749 2.193330
0.167694 0.623186 2.188130
0.034373 0.312726 2.177420
-0.005327 0.047209 2.160910
-0.013385 -0.157284 2.100230
-0.013688 -0.220440 2.089360
0.311409 0.305979 2.161130
0.367756 0.049697 2.152850
0.382974 -0.168494 2.091710
0.381954 -0.235829 2.076620
0.109916 -0.068333 2.134440
0.101034 -0.503819 2.124760
0.106289 -0.803858 2.109850
0.167465 -0.850274 2.092480
0.236099 -0.066805 2.119070
0.259591 -0.503559 2.136700
0.239445 -0.805981 2.134930
0.174421 -0.831831 2.115010
0.173443 -0.005747 2.141490
0.175900 0.060609 2.185190
0.172856 0.429795 2.191080
0.165822 0.621841 2.183770
0.033891 0.312465 2.178280
-0.005187 0.046687 2.163900
-0.011149 -0.158943 2.107540
-0.011040 -0.221355 2.099650
0.311467 0.305941 2.160700
0.367813 0.049556 2.153820
0.381170 -0.170579 2.095520
0.379018 -0.240082 2.083670
0.110143 -0.070310 2.147320
0.104364 -0.504923 2.126680
0.107496 -0.805125 2.109420
0.169794 -0.850103 2.091540
0.237968 -0.068426 2.131250
0.259339 -0.503919 2.136910
0.238959 -0.806760 2.134200
0.173207 -0.832197 2.116100
0.174282 -0.006791 2.153260
0.176846 0.060769 2.192720
0.172407 0.427725 2.188360
0.163397 0.618426 2.177500
0.033032 0.311758 2.179060
-0.005207 0.045024 2.166470
-0.009032 -0.160882 2.113910
-0.002245 -0.234422 2.115270
0.311709 0.305724 2.160120
0.367812 0.047494 2.155980
0.378035 -0.173884 2.101330
0.375678 -0.245172 2.090570
0.110223 -0.072562 2.159850
0.106914 -0.505841 2.128320
0.109261 -0.806546 2.108620
0.165216 -0.854453 2.085600
0.240482 -0.070992 2.147100
0.259096 -0.504212 2.137180
0.238309 -0.808205 2.132890
0.172042 -0.832892 2.117040
0.175356 -0.009249 2.165960
0.177546 0.059910 2.200130
0.170391 0.421102 2.183290
0.161433 0.610948 2.168520
0.031313 0.309493 2.179610
-0.005494 0.041839 2.168370
-0.007023 -0.163975 2.118680
0.003286 -0.244287 2.123220
0.312835 0.303812 2.158960
0.367970 0.039944 2.159750
0.373773 -0.178491 2.107880
0.371470 -0.253166 2.098450
0.110629 -0.076229 2.172550
0.108716 -0.506525 2.129520
0.110866 -0.807708 2.107730
0.154893 -0.860252 2.077710
0.243843 -0.076042 2.165750
0.258884 -0.504470 2.137480
0.237739 -0.809796 2.131310
0.171058 -0.833682 2.117790
0.176257 -0.014651 2.179860
0.177753 0.056700 2.207920
0.167093 0.409173 2.177030
0.160044 0.594710 2.155160
0.027406 0.302342 2.179200
-0.005769 0.029354 2.167980
-0.002766 -0.174947 2.122090
0.008828 -0.260842 2.126750
0.314862 0.297261 2.157480
0.367272 0.027319 2.163480
0.363313 -0.200248 2.118850
0.363712 -0.266417 2.108460
0.110906 -0.083025 2.186700
0.110076 -0.507128 2.130370
0.112273 -0.808477 2.106300
0.141206 -0.865162 2.069350
0.246579 -0.083650 2.183570
0.258692 -0.504682 2.137770
0.237482 -0.810785 2.128670
0.170477 -0.834067 2.118070
0.178051 -0.023449 2.194520
0.178203 0.049804 2.216620
0.164366 0.391903 2.171140
0.159456 0.577211 2.144210
0.022197 0.288102 2.176900
-0.006063 0.011718 2.165750
0.002496 -0.191045 2.122630
0.014178 -0.278830 2.125150
0.317422 0.282370 2.157740
0.365564 0.009492 2.165870
0.354674 -0.221878 2.124880
0.346001 -0.301157 2.115500
0.112416 -0.093649 2.201880
0.111046 -0.507550 2.130930
0.113705 -0.808501 2.103280
0.158606 -0.854992 2.074720
0.249780 -0.093069 2.200640
0.258602 -0.504757 2.137950
0.237828 -0.810028 2.123580
0.170083 -0.834118 2.117880
0.180495 -0.037838 2.210500
0.179076 0.035905 2.226970
0.163236 0.363996 2.165190
0.161036 0.553634 2.132320
0.017607 0.264702 2.171890
-0.005205 -0.014134 2.161170
0.009239 -0.216078 2.119200
0.022629 -0.303115 2.117630
0.319936 0.249873 2.160260
0.363972 -0.012280 2.168020
0.346403 -0.247623 2.125920
0.336477 -0.319749 2.118620
0.114438 -0.107940 2.217360
0.111894 -0.508133 2.131080
0.115019 -0.807257 2.098020
0.174769 -0.847275 2.083590
0.253375 -0.108240 2.219860
0.258540 -0.504801 2.138100
0.238760 -0.808259 2.117850
0.169932 -0.833793 2.116990
0.182469 -0.055490 2.225070
0.179631 0.016964 2.236560
0.162474 0.333470 2.160000
0.163666 0.525786 2.123950
0.014559 0.235131 2.166430
-0.004658 -0.041995 2.155850
0.018387 -0.243969 2.116410
0.035282 -0.328538 2.111100
0.321605 0.223621 2.163590
0.360061 -0.039801 2.170870
0.341047 -0.262685 2.125910
0.326338 -0.336620 2.119300
0.116190 -0.126546 2.232840
0.113221 -0.510539 2.129550
0.115988 -0.805110 2.091960
0.179990 -0.842817 2.084990
0.256069 -0.125365 2.237160
0.258496 -0.504835 2.138190
0.239987 -0.806263 2.112750
0.170080 -0.833143 2.115550
0.183008 -0.073183 2.237020
0.179020 -0.003717 2.244600
0.161623 0.302543 2.158080
0.166806 0.490227 2.118600
0.013842 0.206166 2.161720
-0.003684 -0.067049 2.152020
0.026197 -0.269315 2.116920
0.041762 -0.343823 2.109620
0.322985 0.201153 2.167670
0.357139 -0.062304 2.174080
0.334356 -0.280040 2.126500
0.320057 -0.346514 2.119490
0.116659 -0.142943 2.244880
0.114824 -0.515162 2.126060
0.116686 -0.802318 2.085860
0.183007 -0.839904 2.085490
0.256786 -0.142820 2.251530
0.258403 -0.505074 2.138090
0.241170 -0.804227 2.108230
0.170438 -0.832175 2.113510
0.182938 -0.111313 2.257300
0.177837 -0.042007 2.257740
0.160473 0.272567 2.157010
0.168482 0.456804 2.114380
0.016193 0.172830 2.157530
-0.001714 -0.098377 2.150060
0.034243 -0.303341 2.127600
0.051307 -0.378614 2.112990
0.323107 0.168665 2.173090
0.354647 -0.093300 2.178950
0.327281 -0.302926 2.125040
0.310211 -0.380230 2.113270
0.118217 -0.179816 2.268470
0.120433 -0.531667 2.116490
0.117112 -0.800308 2.081400
0.184955 -0.838245 2.085840
0.255364 -0.177427 2.274110
0.254793 -0.519412 2.130360
0.241949 -0.802642 2.104600
0.170773 -0.831175 2.111200
0.183296 -0.141435 2.269650
0.177697 -0.074382 2.265930
0.161376 0.233592 2.157730
0.169839 0.427854 2.112790
0.018754 0.135136 2.155070
0.000515 -0.126516 2.151390
0.040450 -0.330524 2.134910
0.055476 -0.391347 2.117500
0.323912 0.143369 2.178250
0.353366 -0.119336 2.183730
0.323797 -0.315684 2.124110
0.305873 -0.396863 2.110400
0.119150 -0.204062 2.281030
0.123501 -0.543881 2.109960
0.117288 -0.799296 2.078130
0.186282 -0.837051 2.085890
0.254994 -0.215384 2.291680
0.252859 -0.533286 2.124740
0.242408 -0.801433 2.101580
0.171029 -0.830219 2.108690
0.183352 -0.179924 2.282210
0.177945 -0.112144 2.274020
0.163689 0.199750 2.158900
0.173133 0.389625 2.114370
0.020736 0.107461 2.153890
0.003849 -0.165247 2.157470
0.049263 -0.370700 2.151090
0.061627 -0.432441 2.114660
0.325017 0.102285 2.187580
0.355203 -0.151613 2.191550
0.321006 -0.335987 2.120970
0.301577 -0.418685 2.105320
0.118774 -0.244781 2.295830
0.127349 -0.558427 2.104500
0.115091 -0.831056 2.072990
0.146104 -0.887254 2.031960
0.254538 -0.245377 2.304590
0.251517 -0.544983 2.121350
0.241538 -0.829943 2.098550
0.218329 -0.884767 2.055720
0.183872 -0.203596 2.289220
0.178842 -0.137217 2.278740
0.167724 0.169751 2.161190
0.176377 0.363493 2.117710
0.021785 0.071207 2.155800
0.005403 -0.190568 2.163400
0.053631 -0.392274 2.157420
0.048606 -0.449504 2.161820
0.326382 0.075103 2.194070
0.358997 -0.178082 2.199160
0.316540 -0.385779 2.117110
0.289680 -0.442777 2.095290
0.118517 -0.270048 2.304100
0.138763 -0.595840 2.094520
0.111568 -0.859256 2.069250
0.121139 -0.923839 2.000640
0.255024 -0.268949 2.313220
0.248708 -0.563949 2.118490
0.240616 -0.859161 2.096850
0.245863 -0.925914 2.025960
0.182849 -0.229656 2.297470
0.178471 -0.165022 2.285200
0.170301 0.133608 2.167220
0.176958 0.321544 2.128800
0.021943 0.045540 2.158990
0.004594 -0.217594 2.173110
0.055879 -0.415800 2.166150
0.040602 -0.463192 2.189510
0.326680 0.046080 2.200980
0.363460 -0.200143 2.208530
0.315155 -0.406028 2.115960
0.287543 -0.454989 2.091760
0.116871 -0.292959 2.313290
0.144353 -0.609473 2.090290
0.108774 -0.878711 2.068120
0.109913 -0.941825 1.988070
0.253565 -0.298593 2.322690
0.245497 -0.582214 2.115160
0.237796 -0.885789 2.095970
0.256295 -0.949993 2.012870
0.180871 -0.256458 2.305340
0.177239 -0.192072 2.291430
0.171023 0.108019 2.172290
0.176513 0.294894 2.137390
0.020753 0.017695 2.165540
0.002506 -0.239373 2.182530
0.058123 -0.433630 2.170610
0.023921 -0.476946 2.231240
0.325246 0.020514 2.207660
0.367844 -0.220069 2.218640
0.314721 -0.417501 2.116190
0.297675 -0.471988 2.090490
0.113619 -0.326493 2.322750
0.147923 -0.617368 2.087810
0.104718 -0.897394 2.070670
0.101719 -0.956900 1.983210
0.251787 -0.320020 2.330290
0.235761 -0.637506 2.106140
0.237019 -0.913055 2.091680
0.262580 -0.972350 2.002910
0.178277 -0.279962 2.312820
0.175103 -0.215924 2.297800
0.169872 0.084749 2.179090
0.175659 0.273805 2.147950
0.017562 -0.015994 2.174720
-0.002478 -0.269467 2.198530
0.064390 -0.454643 2.169350
0.020961 -0.486058 2.243550
0.323026 -0.005093 2.216130
0.373803 -0.246899 2.233560
0.314564 -0.426312 2.117210
0.300644 -0.479444 2.089910
0.110930 -0.347234 2.329580
0.156709 -0.622132 2.086660
0.100274 -0.907606 2.072830
0.095246 -0.965714 1.981690
0.248816 -0.347188 2.339440
0.231624 -0.662484 2.102520
0.239501 -0.934964 2.092000
0.267862 -0.990867 2.000590
0.173671 -0.305584 2.319920
0.170515 -0.242681 2.304640
0.163927 0.054654 2.191210
0.174096 0.242326 2.170540
0.014469 -0.043007 2.183060
-0.007074 -0.293070 2.212310
0.095732 -0.480625 2.132240
0.104988 -0.527243 2.140360
0.320537 -0.034367 2.228510
0.376755 -0.266826 2.245180
0.314061 -0.433876 2.119360
0.303837 -0.483641 2.091570
0.105295 -0.374316 2.335990
0.163115 -0.623640 2.086220
0.094977 -0.914754 2.077450
0.089637 -0.971150 1.987170
0.245173 -0.371454 2.346720
0.229809 -0.673914 2.100820
0.244071 -0.951915 2.095900
0.272891 -1.006170 2.005130
0.169244 -0.331311 2.329350
0.166307 -0.268882 2.314090
0.159736 0.028654 2.205910
0.171093 0.219471 2.187210
0.010710 -0.068492 2.192620
-0.010860 -0.313276 2.223830
0.115571 -0.495047 2.107860
0.151104 -0.549122 2.084120
0.317494 -0.057643 2.239420
0.376626 -0.301732 2.265480
0.311434 -0.442268 2.120970
0.306634 -0.485856 2.095840
0.100310 -0.399440 2.344060
0.166614 -0.624772 2.085850
0.092069 -0.918934 2.082620
0.088362 -0.972884 1.997080
0.241444 -0.396403 2.355750
0.228625 -0.681549 2.099850
0.250654 -0.964358 2.102280
0.278445 -1.017360 2.014790
0.165790 -0.353942 2.339540
0.163385 -0.291537 2.324550
0.158972 0.006915 2.223240
0.166314 0.196283 2.206540
0.005810 -0.093166 2.205420
-0.017181 -0.333541 2.235800
0.123566 -0.502041 2.099370
0.173943 -0.557041 2.057090
0.312620 -0.083747 2.256770
0.375969 -0.315844 2.274560
0.303942 -0.457933 2.121550
0.302820 -0.499926 2.093560
0.095969 -0.422664 2.353310
0.171732 -0.624193 2.086870
0.089956 -0.920655 2.088450
0.089320 -0.971602 2.008230
0.238006 -0.418789 2.364960
0.228656 -0.685208 2.100780
0.256502 -0.973584 2.110620
0.282518 -1.025360 2.028010
0.159996 -0.374456 2.350720
0.157526 -0.313350 2.336850
0.152314 -0.019564 2.246680
0.158665 0.174022 2.229660
-0.002024 -0.121379 2.226790
-0.023328 -0.353858 2.249750
0.128644 -0.506743 2.094520
0.186560 -0.561747 2.042760
0.306283 -0.110593 2.281130
0.371046 -0.333763 2.291720
0.299908 -0.466080 2.121840
0.299662 -0.509755 2.091780
0.088816 -0.443091 2.363540
0.178088 -0.623785 2.089480
0.088497 -0.920755 2.093170
0.090848 -0.969077 2.016610
0.232942 -0.440881 2.375430
0.235937 -0.710905 2.105580
0.250701 -0.992483 2.115050
0.271929 -1.043910 2.036670
0.153829 -0.394187 2.362400
0.151267 -0.333672 2.349990
0.144667 -0.040861 2.273500
0.148835 0.154717 2.254870
-0.009849 -0.143574 2.248280
-0.029913 -0.368730 2.263410
0.130842 -0.508176 2.095370
0.194433 -0.563024 2.035200
0.297404 -0.130176 2.306140
0.364345 -0.346045 2.306870
0.297271 -0.471631 2.122560
0.297072 -0.517309 2.090980
0.081520 -0.463769 2.372090
0.185949 -0.623113 2.092460
0.088002 -0.918125 2.097930
0.093858 -0.963672 2.024020
0.228410 -0.459059 2.385560
0.258707 -0.785563 2.117180
0.253067 -0.954084 2.114300
0.299748 -0.984786 2.070020
0.146731 -0.413226 2.379880
0.143389 -0.353370 2.369610
0.132755 -0.058999 2.305290
0.136292 0.136878 2.290060
-0.018312 -0.161558 2.276710
-0.048218 -0.376273 2.288550
0.095739 -0.497745 2.151340
0.157620 -0.547244 2.093710
0.284154 -0.152360 2.344010
0.350620 -0.358862 2.327890
0.295586 -0.476361 2.127740
0.295261 -0.523447 2.092960
0.074582 -0.481119 2.384310
0.192429 -0.621078 2.098290
0.088609 -0.914900 2.100980
0.097945 -0.958143 2.028570
0.223433 -0.477881 2.401510
0.274077 -0.829211 2.124250
0.254939 -0.931489 2.113330
0.314208 -0.953943 2.085460
0.141265 -0.426159 2.394270
0.136937 -0.367155 2.386370
0.117830 -0.075626 2.341730
0.122525 0.125208 2.316850
-0.029579 -0.176359 2.308410
-0.062828 -0.381719 2.312060
0.043356 -0.529587 2.215750
0.047410 -0.585731 2.234930
0.272885 -0.162726 2.374900
0.337425 -0.371001 2.347090
0.290262 -0.483944 2.154160
0.291662 -0.527098 2.122410
0.069018 -0.494402 2.394930
0.198523 -0.619973 2.106350
0.089424 -0.911931 2.103220
0.101365 -0.953370 2.031400
0.219929 -0.490601 2.415000
0.279190 -0.845118 2.126610
0.256376 -0.918270 2.112480
0.321424 -0.939470 2.092690
0.136334 -0.436244 2.409290
0.131111 -0.377453 2.403510
0.107243 -0.083681 2.369330
0.108147 0.115257 2.342450
-0.046312 -0.187803 2.349380
-0.072691 -0.387003 2.328830
0.030603 -0.533103 2.243470
0.064412 -0.577577 2.227820
0.258898 -0.172679 2.411050
0.324085 -0.380202 2.366470
0.289450 -0.483615 2.169070
0.289748 -0.529610 2.134020
0.064159 -0.505459 2.405070
0.205889 -0.615692 2.116260
0.092263 -0.904902 2.104510
0.106386 -0.944780 2.032390
0.217235 -0.500474 2.429920
0.282628 -0.855976 2.129000
0.257151 -0.911588 2.113190
0.325528 -0.931956 2.097940
0.129856 -0.444348 2.426730
0.122644 -0.386100 2.424750
0.087269 -0.092173 2.412320
0.093946 0.109716 2.369170
-0.058030 -0.192937 2.376440
-0.083923 -0.389965 2.346660
0.023023 -0.530871 2.258490
0.062559 -0.562605 2.232050
0.241115 -0.177022 2.448790
0.300764 -0.388896 2.401360
0.290137 -0.479760 2.182240
0.288572 -0.530944 2.141570
0.059611 -0.514127 2.414690
0.212762 -0.609587 2.127600
0.096668 -0.895952 2.104780
0.113781 -0.933361 2.031610
0.213006 -0.507580 2.446710
0.282332 -0.861500 2.134400
0.256458 -0.907700 2.116130
0.327039 -0.927978 2.103530
0.122621 -0.451237 2.449230
0.114168 -0.392829 2.448320
0.075215 -0.097229 2.438090
0.080366 0.104339 2.395070
-0.073160 -0.196455 2.410490
-0.092896 -0.393477 2.364360
-0.006423 -0.539440 2.265270
-0.020989 -0.578046 2.282650
0.222982 -0.181821 2.491260
0.287665 -0.391889 2.419610
0.287795 -0.474156 2.206690
0.283344 -0.520709 2.188210
0.054441 -0.522953 2.430170
0.217983 -0.602499 2.139430
0.103185 -0.886794 2.104150
0.122776 -0.922886 2.029990
0.207534 -0.513449 2.470050
0.278060 -0.862883 2.146770
0.253381 -0.908670 2.127410
0.324357 -0.930928 2.114540
0.115358 -0.456043 2.471410
0.105016 -0.397953 2.473290
0.054931 -0.104658 2.478940
0.065297 0.099828 2.424520
-0.082340 -0.198971 2.431220
-0.105785 -0.396697 2.386840
-0.013555 -0.537335 2.273180
0.015892 -0.564768 2.246940
0.211474 -0.185125 2.515060
0.275177 -0.390909 2.435550
0.282270 -0.471355 2.221850
0.272450 -0.510300 2.229880
0.049783 -0.529340 2.445500
0.222515 -0.594150 2.151180
0.135237 -0.877624 2.105890
0.157715 -0.912442 2.029900
0.201621 -0.516848 2.492540
0.270831 -0.859670 2.163740
0.248452 -0.911578 2.143920
0.318767 -0.936302 2.128590
0.102412 -0.459259 2.509340
0.091610 -0.400925 2.507520
0.043755 -0.107853 2.498360
0.052523 0.094092 2.449330
-0.095564 -0.201177 2.453700
-0.125453 -0.398255 2.398460
-0.009688 -0.530000 2.278730
0.034066 -0.558288 2.248670
0.197083 -0.189692 2.537100
0.262166 -0.387458 2.450810
0.273518 -0.467839 2.237710
0.264877 -0.502782 2.234470
0.038616 -0.535935 2.484280
0.226958 -0.584981 2.162300
0.162592 -0.834021 2.107480
0.234284 -0.852108 2.062340
0.190130 -0.517326 2.533020
0.255897 -0.848111 2.213490
0.237274 -0.916335 2.195120
0.305312 -0.945002 2.172170
0.096455 -0.462191 2.527740
0.084796 -0.404246 2.525920
0.031857 -0.114246 2.518190
0.041684 0.089062 2.468790
-0.106819 -0.204580 2.472570
-0.156305 -0.395622 2.396850
-0.002254 -0.524171 2.278690
0.065771 -0.555413 2.237320
0.184035 -0.196133 2.557810
0.248113 -0.386638 2.466110
0.242930 -0.462886 2.259480
0.232323 -0.491404 2.232030
0.033862 -0.539861 2.502070
0.236081 -0.558441 2.184520
0.173751 -0.814982 2.108110
0.277284 -0.812096 2.078760
0.184582 -0.519040 2.553260
0.249627 -0.846488 2.244000
0.232684 -0.924289 2.228790
0.298674 -0.955348 2.203160
0.089658 -0.466717 2.546180
0.077670 -0.409105 2.544090
0.023892 -0.120119 2.533440
0.030731 0.081478 2.491810
-0.114090 -0.207738 2.484820
-0.172610 -0.394479 2.394840
0.000530 -0.521761 2.278910
0.080935 -0.554713 2.231260
0.173178 -0.204187 2.574820
0.240876 -0.387021 2.474670
0.228562 -0.459300 2.270170
0.215965 -0.483281 2.229260
0.028381 -0.544369 2.518450
0.238066 -0.544843 2.194940
0.179552 -0.806283 2.108460
0.277617 -0.807339 2.081010
0.177174 -0.522963 2.574100
0.242834 -0.847067 2.272750
0.227008 -0.931876 2.259170
0.291295 -0.964618 2.232420
0.079488 -0.470838 2.553420
0.069344 -0.413194 2.553410
0.015671 -0.127421 2.550150
0.023009 0.074960 2.509940
-0.122113 -0.215441 2.498040
-0.186106 -0.394907 2.391420
0.002152 -0.520397 2.278480
0.087737 -0.554433 2.228390
0.163546 -0.212616 2.587630
0.233274 -0.389485 2.482190
0.218371 -0.455677 2.277040
0.204746 -0.475068 2.225840
0.011703 -0.547545 2.521430
0.213657 -0.514663 2.210100
0.182064 -0.800935 2.108730
0.250726 -0.831507 2.087710
0.162426 -0.529081 2.577950
0.222240 -0.841103 2.275220
0.207874 -0.930778 2.262160
0.270359 -0.964334 2.234540
0.068156 -0.474482 2.555350
0.058628 -0.417530 2.558780
0.008828 -0.133494 2.561020
0.016796 0.068346 2.526280
-0.128812 -0.222170 2.507960
-0.194915 -0.395631 2.389880
-0.034659 -0.522527 2.279880
0.025216 -0.563408 2.239580
0.154469 -0.220875 2.598590
0.227820 -0.391672 2.487900
0.208694 -0.451522 2.282190
0.194336 -0.467149 2.223040
-0.002038 -0.549266 2.520470
0.199649 -0.500989 2.217820
0.180263 -0.800045 2.108690
0.243275 -0.837805 2.091340
0.150699 -0.533704 2.577070
0.206136 -0.836073 2.274430
0.191961 -0.928324 2.261200
0.253771 -0.962292 2.233460
0.070012 -0.471272 2.507080
0.054730 -0.419544 2.527100
0.000935 -0.138976 2.571240
0.012622 0.063569 2.538650
-0.133909 -0.226493 2.514800
-0.203590 -0.397247 2.391890
-0.106174 -0.538804 2.269870
-0.066278 -0.586131 2.227730
0.146878 -0.227096 2.606800
0.211400 -0.423289 2.457410
0.197500 -0.483101 2.259810
0.188095 -0.505947 2.188880
0.004858 -0.537296 2.468580
0.206980 -0.489823 2.192900
0.176075 -0.802255 2.108430
0.227210 -0.851492 2.090020
0.162940 -0.527789 2.498720
0.160466 -0.693441 2.156280
0.197789 -0.947218 2.181370
0.235784 -0.981681 2.121840
0.066609 -0.472856 2.500660
0.050707 -0.421865 2.523580
-0.006143 -0.143233 2.578910
0.007851 0.059543 2.549520
-0.138843 -0.231303 2.520710
-0.210417 -0.399388 2.394030
-0.163043 -0.541494 2.249640
-0.143031 -0.589873 2.211070
0.139663 -0.233856 2.614030
0.202887 -0.431635 2.450830
0.191156 -0.492487 2.255150
0.183679 -0.516070 2.180920
0.002024 -0.537477 2.461580
0.179829 -0.512877 2.173860
0.170673 -0.805936 2.108160
0.218338 -0.858384 2.088610
0.157237 -0.530833 2.501160
0.142155 -0.663683 2.131880
0.198093 -0.957417 2.101000
0.221421 -0.991284 2.020980
0.062926 -0.474060 2.497170
0.044825 -0.424549 2.524070
-0.013001 -0.146749 2.586410
0.003386 0.057044 2.559280
-0.144562 -0.234878 2.525850
-0.219470 -0.402491 2.400610
-0.186649 -0.517519 2.230840
-0.168884 -0.578333 2.201470
0.133106 -0.239788 2.619960
0.197502 -0.436373 2.448780
0.240463 -0.499743 2.263090
0.232232 -0.544496 2.210460
-0.000847 -0.537521 2.457050
0.150783 -0.547827 2.163150
0.164175 -0.809847 2.108240
0.211181 -0.861698 2.085800
0.154781 -0.532175 2.495940
0.132332 -0.643830 2.115580
0.202552 -0.963356 2.061100
0.220480 -0.997063 1.971000
0.056243 -0.475307 2.499650
0.035780 -0.427230 2.531280
-0.021767 -0.149152 2.594950
-0.001567 0.055045 2.570370
-0.152637 -0.237319 2.531460
-0.227572 -0.405325 2.408770
-0.180631 -0.502199 2.231380
-0.180043 -0.569706 2.199930
0.126040 -0.244546 2.624540
0.192462 -0.439450 2.447870
0.251892 -0.515901 2.269340
0.252095 -0.557282 2.216000
-0.006859 -0.538569 2.459120
0.136559 -0.561155 2.161130
0.157396 -0.813675 2.108720
0.204191 -0.861365 2.080570
0.148683 -0.533622 2.498740
0.124997 -0.635926 2.108120
0.206393 -0.964806 2.035690
0.221098 -0.998441 1.942410
0.043990 -0.476038 2.507950
0.022940 -0.429247 2.543080
-0.031017 -0.150452 2.604680
-0.008082 0.054969 2.581860
-0.161631 -0.238497 2.536810
-0.235996 -0.408530 2.420110
-0.182534 -0.515491 2.252350
-0.170993 -0.574438 2.217240
0.117477 -0.247226 2.628100
0.187001 -0.441227 2.447550
0.263231 -0.533523 2.281900
0.281745 -0.581152 2.236830
-0.020287 -0.539665 2.467960
0.129566 -0.568275 2.159210
0.152568 -0.816192 2.108450
0.198737 -0.860072 2.074780
0.135405 -0.534157 2.508440
0.119961 -0.640230 2.112130
0.208461 -0.964108 2.019500
0.221599 -0.997638 1.924310
0.028964 -0.475223 2.519650
0.008000 -0.429492 2.557190
-0.042718 -0.149977 2.615310
-0.016125 0.056301 2.593230
-0.171527 -0.238202 2.542550
-0.242243 -0.409607 2.427550
-0.169442 -0.519812 2.272840
-0.186406 -0.569915 2.234460
0.108854 -0.247532 2.631360
0.178782 -0.440592 2.448860
0.273410 -0.546517 2.300520
0.307112 -0.596039 2.264500
-0.035898 -0.539538 2.479920
0.125666 -0.573662 2.157460
0.149154 -0.817898 2.108080
0.194553 -0.857952 2.068980
0.120791 -0.533255 2.520300
0.117035 -0.650556 2.123490
0.210412 -0.960547 2.008500
0.223874 -0.992869 1.913760
0.020186 -0.474363 2.526610
-0.000907 -0.429391 2.565870
-0.052978 -0.148667 2.623870
-0.025030 0.057583 2.604170
-0.182382 -0.237378 2.548190
-0.246919 -0.410505 2.433290
-0.160109 -0.518468 2.283200
-0.147703 -0.555963 2.241900
0.100755 -0.247295 2.633800
0.170035 -0.439416 2.450730
0.282941 -0.557077 2.324950
0.328478 -0.606398 2.297590
-0.044538 -0.539192 2.486450
0.125861 -0.579051 2.156730
0.146734 -0.819285 2.107690
0.192067 -0.856099 2.064610
0.112526 -0.532375 2.527330
0.115866 -0.660472 2.136310
0.211989 -0.955719 2.002590
0.226775 -0.986315 1.910770
0.013355 -0.473466 2.532380
-0.008204 -0.429250 2.573240
-0.064105 -0.147519 2.633130
-0.037239 0.059343 2.615280
-0.192029 -0.236246 2.553370
-0.258080 -0.408709 2.440190
-0.150288 -0.512548 2.299330
-0.114159 -0.540925 2.261070
0.091247 -0.246393 2.636470
0.160012 -0.437741 2.453590
0.294552 -0.562595 2.370490
0.346906 -0.597025 2.333740
-0.049957 -0.538882 2.490540
0.130837 -0.584441 2.155460
0.143318 -0.837629 2.104630
0.177363 -0.877528 2.042110
0.104922 -0.531110 2.534580
0.113542 -0.669929 2.150910
0.214575 -0.947451 2.000710
0.231591 -0.976725 1.913030
0.006255 -0.472326 2.540010
-0.016058 -0.428997 2.582180
-0.075849 -0.147251 2.641910
-0.047016 0.059888 2.623390
-0.201577 -0.235587 2.558610
-0.274845 -0.406035 2.448460
-0.150794 -0.511144 2.311930
-0.106909 -0.537898 2.272100
0.080711 -0.245585 2.640750
0.149110 -0.436193 2.458200
0.298103 -0.562001 2.404440
0.352932 -0.587235 2.356410
-0.054760 -0.538538 2.495100
0.137137 -0.587731 2.154180
0.141693 -0.848652 2.102410
0.170391 -0.888137 2.030250
0.097615 -0.529718 2.544000
0.112453 -0.677542 2.162420
0.215681 -0.937940 2.000990
0.234600 -0.966952 1.916750
-0.001971 -0.469566 2.551070
-0.024945 -0.427558 2.593580
-0.086162 -0.147586 2.649560
-0.056061 0.059511 2.631050
-0.210696 -0.235896 2.563830
-0.286640 -0.404600 2.453010
-0.150486 -0.509986 2.319120
-0.102291 -0.535813 2.281870
0.068255 -0.245671 2.647530
0.136764 -0.435380 2.465010
0.297870 -0.556930 2.429450
0.352525 -0.575068 2.376080
-0.063280 -0.536003 2.504170
0.144513 -0.588896 2.153810
0.141174 -0.848361 2.103000
0.180549 -0.867550 2.038150
0.091838 -0.527715 2.556090
0.350861 -0.484276 2.381750
0.265377 -0.754830 2.111300
0.289039 -0.787033 2.032600
-0.023558 -0.453146 2.544690
-0.038648 -0.422247 2.594930
-0.097552 -0.149783 2.659360
-0.064305 0.058131 2.638540
-0.219896 -0.238170 2.569830
-0.307379 -0.401923 2.458130
-0.160691 -0.506519 2.332280
-0.108307 -0.534008 2.295470
0.055200 -0.246249 2.655830
0.080949 -0.418270 2.498210
0.259630 -0.526951 2.462340
0.307322 -0.533870 2.409770
-0.090857 -0.511941 2.480080
0.170246 -0.582627 2.166360
0.143095 -0.844979 2.104360
0.187227 -0.858081 2.042640
0.078451 -0.517626 2.552990
0.385297 -0.463860 2.433970
0.286422 -0.679942 2.171380
0.311984 -0.716115 2.097150
-0.014064 -0.453329 2.559830
-0.039455 -0.422186 2.603610
-0.108074 -0.153524 2.668210
-0.074291 0.053406 2.647580
-0.229345 -0.242356 2.577410
-0.318857 -0.403869 2.464280
-0.169625 -0.505271 2.339380
-0.117449 -0.533446 2.301910
0.040462 -0.249040 2.664290
0.050071 -0.407273 2.516340
0.243761 -0.519336 2.479360
0.285594 -0.521105 2.428670
-0.071097 -0.513894 2.500160
0.193573 -0.565708 2.185050
0.147101 -0.842355 2.106560
0.191279 -0.853401 2.044730
0.093800 -0.513561 2.569680
0.432034 -0.443788 2.458810
0.314204 -0.648210 2.197840
0.334256 -0.673062 2.129490
-0.044197 -0.452097 2.574010
-0.067149 -0.421488 2.618620
-0.116429 -0.157766 2.675020
-0.083372 0.046374 2.656440
-0.238487 -0.249144 2.585810
-0.330596 -0.407886 2.471070
-0.170749 -0.505635 2.343130
-0.114943 -0.535419 2.304570
0.028866 -0.253172 2.670030
0.038665 -0.403883 2.522760
0.231768 -0.511618 2.510470
0.270419 -0.511371 2.462140
-0.106839 -0.513104 2.509940
0.208816 -0.554213 2.201490
0.158316 -0.837282 2.106830
0.237372 -0.813448 2.059560
0.060278 -0.511179 2.587130
0.391687 -0.462117 2.503280
0.267486 -0.659745 2.241410
0.291165 -0.694468 2.164110
-0.081981 -0.456468 2.603050
-0.099333 -0.422765 2.644270
-0.124154 -0.162990 2.680390
-0.091007 0.039821 2.662310
-0.247265 -0.257693 2.594390
-0.337197 -0.417424 2.479420
-0.169519 -0.507443 2.345470
-0.110825 -0.537535 2.304980
0.018018 -0.259351 2.674530
0.030441 -0.401877 2.527200
0.225643 -0.507551 2.525150
0.262941 -0.506307 2.477460
-0.149138 -0.519000 2.540720
0.201087 -0.536670 2.242310
0.241425 -0.802957 2.078220
0.329693 -0.762356 2.043120
0.012653 -0.515848 2.623870
0.377328 -0.460557 2.528120
0.262396 -0.655066 2.262640
0.284667 -0.688541 2.185290
-0.113706 -0.462973 2.628390
-0.124970 -0.426084 2.666800
-0.130163 -0.168813 2.684370
-0.099857 0.031698 2.667150
-0.254777 -0.266535 2.602320
-0.344268 -0.427325 2.488230
-0.163761 -0.511655 2.347680
-0.099543 -0.542035 2.304650
0.008984 -0.266901 2.677520
0.032785 -0.407124 2.520600
0.223380 -0.505765 2.535530
0.260180 -0.504479 2.488520
-0.187506 -0.527731 2.573330
0.189033 -0.500156 2.297450
0.302441 -0.760440 2.062210
0.354041 -0.758087 1.999560
-0.030676 -0.522072 2.654650
0.376225 -0.436556 2.570460
0.259917 -0.629548 2.290200
0.271995 -0.690350 2.199580
-0.124484 -0.464542 2.636720
-0.134642 -0.427271 2.675070
-0.135137 -0.175901 2.687820
-0.107665 0.024066 2.669880
-0.260890 -0.275385 2.608950
-0.348624 -0.435487 2.493340
-0.156766 -0.515766 2.349830
-0.088696 -0.545185 2.305590
0.003016 -0.273093 2.680210
0.037685 -0.412500 2.514140
0.222731 -0.505157 2.542620
0.259723 -0.504701 2.496000
-0.199435 -0.529919 2.581950
0.190075 -0.464973 2.331600
0.319523 -0.722750 2.081390
0.372397 -0.745512 2.003000
-0.044667 -0.523557 2.664900
0.348469 -0.438711 2.568230
0.249755 -0.631369 2.293970
0.270075 -0.685245 2.205770
-0.153762 -0.496160 2.629310
-0.161459 -0.455312 2.672950
-0.139046 -0.182693 2.690980
-0.113702 0.018172 2.671110
-0.265442 -0.281585 2.613490
-0.353409 -0.446587 2.503450
-0.136162 -0.521531 2.357250
-0.055949 -0.548027 2.312280
-0.002444 -0.279176 2.684110
0.041088 -0.416653 2.510890
0.222825 -0.505542 2.547690
0.260303 -0.506511 2.501230
-0.215605 -0.550353 2.575970
0.184738 -0.461587 2.342320
0.325010 -0.714361 2.086290
0.386560 -0.737819 2.000500
-0.094382 -0.560871 2.653750
0.233611 -0.577817 2.517810
0.145914 -0.783981 2.245580
0.213505 -0.771139 2.183450
-0.167080 -0.512645 2.623500
-0.173328 -0.468972 2.670710
-0.142687 -0.189860 2.692890
-0.119790 0.012297 2.671250
-0.269431 -0.286873 2.616730
-0.355843 -0.453493 2.507850
-0.128996 -0.523756 2.359540
-0.042550 -0.549041 2.314290
-0.007601 -0.285009 2.687500
0.043222 -0.420381 2.508790
0.223034 -0.507053 2.550950
0.260959 -0.509839 2.504350
-0.223817 -0.563350 2.570110
0.179953 -0.458744 2.351200
0.369747 -0.682636 2.083100
0.399162 -0.727527 1.996360
-0.120564 -0.584716 2.642020
0.177750 -0.640331 2.495290
0.098817 -0.846672 2.226860
0.186344 -0.818181 2.171620
-0.178595 -0.523010 2.622550
-0.183169 -0.477518 2.670810
-0.145901 -0.195518 2.694110
-0.125207 0.007901 2.670890
-0.272801 -0.291082 2.618730
-0.357066 -0.457829 2.510070
-0.123359 -0.525554 2.360580
-0.035467 -0.549795 2.315110
-0.011716 -0.289872 2.690060
0.042727 -0.422208 2.507640
0.221116 -0.508123 2.552850
0.258882 -0.512123 2.506080
-0.235363 -0.573421 2.569360
0.160569 -0.466475 2.361030
0.395640 -0.638768 2.115630
0.412994 -0.685212 2.029820
-0.138993 -0.598652 2.641050
0.148065 -0.669323 2.486080
0.070649 -0.878683 2.218220
0.171227 -0.834776 2.170360
-0.186211 -0.529544 2.622090
-0.190156 -0.483276 2.670880
-0.149123 -0.200087 2.694510
-0.132291 0.002766 2.669130
-0.276115 -0.294586 2.619440
-0.358138 -0.461183 2.511050
-0.119964 -0.526742 2.361060
-0.030834 -0.550288 2.315550
-0.017044 -0.295515 2.690320
0.039992 -0.424259 2.505310
0.216420 -0.510414 2.551320
0.254135 -0.515697 2.504290
-0.242869 -0.579633 2.569310
0.149667 -0.464630 2.369100
0.402129 -0.613315 2.133720
0.450577 -0.626056 2.075780
-0.149199 -0.605752 2.640620
0.130847 -0.686662 2.480910
0.055304 -0.897219 2.213520
0.161916 -0.844636 2.170480
-0.190770 -0.534295 2.617250
-0.195122 -0.488090 2.667200
-0.155520 -0.205490 2.692750
-0.142655 -0.002330 2.666690
-0.280424 -0.298257 2.617850
-0.354176 -0.466755 2.507770
-0.180410 -0.578133 2.365740
-0.121527 -0.613706 2.325490
-0.022755 -0.300270 2.689390
0.023637 -0.431539 2.498780
0.197459 -0.519603 2.542730
0.235319 -0.526469 2.495480
-0.246389 -0.584792 2.561460
0.145908 -0.467171 2.370110
0.429885 -0.582131 2.165630
0.505269 -0.572915 2.117420
-0.152676 -0.609770 2.633680
0.124120 -0.692904 2.474400
0.047580 -0.905040 2.207600
0.156218 -0.847653 2.171140
-0.193928 -0.537414 2.609000
-0.199825 -0.491965 2.658900
-0.166011 -0.211188 2.685800
-0.154300 -0.007607 2.660980
-0.286171 -0.301805 2.613430
-0.357513 -0.470361 2.507420
-0.282662 -0.628341 2.374770
-0.256093 -0.677949 2.337080
-0.029133 -0.304707 2.687290
0.010696 -0.437270 2.493810
0.183540 -0.526569 2.536060
0.221645 -0.534322 2.488730
-0.248777 -0.587994 2.553420
0.143138 -0.468959 2.369800
0.438565 -0.570727 2.174470
0.533724 -0.536820 2.148150
-0.152317 -0.611060 2.623610
0.128721 -0.688549 2.466390
0.049294 -0.901677 2.199900
0.155081 -0.845341 2.172980
-0.196927 -0.539908 2.599020
-0.203782 -0.495379 2.649760
-0.174346 -0.215000 2.680540
-0.166222 -0.011515 2.654320
-0.293344 -0.304720 2.606330
-0.357232 -0.474514 2.503690
-0.303622 -0.642414 2.374470
-0.285376 -0.695634 2.337100
-0.046638 -0.322918 2.666680
-0.016119 -0.447846 2.482040
0.160657 -0.532382 2.529830
0.199184 -0.540683 2.482510
-0.252474 -0.590699 2.540620
0.141241 -0.471882 2.367100
0.443421 -0.563819 2.181110
0.534918 -0.531549 2.158250
-0.151675 -0.612308 2.614350
0.136830 -0.680301 2.459920
0.054866 -0.893376 2.193320
0.156101 -0.838623 2.176020
-0.198150 -0.543548 2.585570
-0.206407 -0.499840 2.637840
-0.181553 -0.217860 2.675500
-0.176219 -0.014343 2.647900
-0.299359 -0.307200 2.599410
-0.356498 -0.478799 2.499690
-0.316647 -0.652307 2.372010
-0.303497 -0.707551 2.334430
-0.056513 -0.331995 2.655310
-0.031504 -0.454798 2.474500
0.147088 -0.535597 2.526680
0.185819 -0.544179 2.479360
-0.253341 -0.594081 2.525690
0.141182 -0.474879 2.364080
0.444663 -0.564133 2.183510
0.537350 -0.528289 2.169260
-0.149421 -0.613920 2.603350
0.144559 -0.672098 2.454390
0.060861 -0.884529 2.187520
0.157901 -0.832018 2.178720
-0.198604 -0.545866 2.575210
-0.208245 -0.502964 2.627740
-0.190446 -0.220900 2.667650
-0.183300 -0.016066 2.642730
-0.305775 -0.309430 2.591320
-0.359106 -0.482423 2.495400
-0.326495 -0.658327 2.368970
-0.315770 -0.714234 2.330500
-0.062929 -0.336971 2.648380
-0.040866 -0.459482 2.469810
0.138451 -0.537356 2.525370
0.177275 -0.546098 2.478040
-0.253200 -0.596173 2.515030
0.142277 -0.478210 2.359810
0.442927 -0.569898 2.181580
0.536636 -0.529467 2.177430
-0.147323 -0.614827 2.594230
0.150513 -0.665342 2.449580
0.065722 -0.876991 2.182400
0.159454 -0.826236 2.180090
-0.199030 -0.547263 2.567570
-0.209896 -0.504999 2.619800
-0.200168 -0.223813 2.658240
-0.190199 -0.018163 2.636790
-0.312367 -0.310580 2.584130
-0.361543 -0.485561 2.491530
-0.330131 -0.660027 2.363230
-0.317631 -0.714146 2.322380
-0.068511 -0.340480 2.642980
-0.046432 -0.462625 2.466560
0.130406 -0.533798 2.530310
0.169218 -0.542429 2.483090
-0.253036 -0.597364 2.508250
0.143705 -0.481389 2.355380
0.439580 -0.577926 2.177330
0.536661 -0.529447 2.181740
-0.145931 -0.615286 2.586830
0.154785 -0.660260 2.445760
0.069300 -0.871227 2.178320
0.160687 -0.821687 2.181070
-0.200217 -0.548450 2.562000
-0.212158 -0.506696 2.613830
-0.206388 -0.225851 2.652490
-0.201417 -0.021715 2.625080
-0.317149 -0.311381 2.578900
-0.363240 -0.488209 2.487620
-0.326696 -0.657960 2.355010
-0.309445 -0.709092 2.311760
-0.074275 -0.341626 2.639710
-0.049611 -0.464796 2.464920
0.127011 -0.530183 2.537340
0.165840 -0.538658 2.490220
-0.253421 -0.598253 2.503960
0.144265 -0.483924 2.351210
0.434319 -0.585815 2.171880
0.529936 -0.535578 2.180070
-0.146280 -0.615529 2.580910
0.157543 -0.656936 2.442950
0.071612 -0.867405 2.175310
0.161470 -0.818823 2.181900
-0.200961 -0.549340 2.558010
-0.213659 -0.507991 2.609610
-0.212872 -0.228366 2.646870
-0.210650 -0.025419 2.614760
-0.320645 -0.311815 2.575320
-0.364469 -0.490235 2.484350
-0.320648 -0.654336 2.347500
-0.299351 -0.703069 2.303000
-0.081447 -0.342819 2.635770
-0.050582 -0.467239 2.463810
0.125449 -0.527871 2.543270
0.164282 -0.536216 2.496190
-0.253345 -0.598964 2.500430
0.145503 -0.486653 2.347040
0.430822 -0.593012 2.166790
0.514448 -0.566262 2.196990
-0.146486 -0.615704 2.577020
0.159212 -0.654683 2.440790
0.072977 -0.864782 2.172990
0.161838 -0.816974 2.182520
-0.203892 -0.551285 2.553830
-0.217591 -0.510505 2.605090
-0.219506 -0.231574 2.641920
-0.216604 -0.028503 2.607550
-0.323616 -0.312128 2.572620
-0.365413 -0.491928 2.481490
-0.314378 -0.650679 2.341200
-0.290400 -0.697840 2.296200
-0.087986 -0.344834 2.632160
-0.049675 -0.469859 2.462780
0.124847 -0.526253 2.548240
0.163671 -0.534485 2.501170
-0.254635 -0.599998 2.497520
0.144966 -0.489331 2.343230
0.424779 -0.600174 2.161530
0.505492 -0.578439 2.203320
-0.148978 -0.616966 2.572850
0.160229 -0.653162 2.439200
0.073769 -0.862999 2.171280
0.162001 -0.815775 2.183100
-0.207315 -0.553391 2.550710
-0.221456 -0.512928 2.601890
-0.223890 -0.234067 2.638820
-0.223896 -0.033060 2.600690
-0.326079 -0.312412 2.570700
-0.366143 -0.493332 2.479090
-0.309109 -0.647724 2.336480
-0.283584 -0.693995 2.291430
-0.094086 -0.347217 2.629180
-0.048058 -0.472302 2.461930
0.124567 -0.525319 2.552090
0.163371 -0.533460 2.505010
-0.256745 -0.601148 2.495370
0.143779 -0.491718 2.339970
0.419125 -0.605781 2.157360
0.499883 -0.586797 2.205560
-0.152584 -0.618689 2.569540
0.160877 -0.652072 2.438020
0.074247 -0.861725 2.170020
0.162061 -0.814924 2.183560
-0.209981 -0.555501 2.548690
-0.224365 -0.515307 2.599880
-0.227349 -0.236823 2.636810
-0.230814 -0.038427 2.594780
-0.328993 -0.312715 2.569440
-0.366894 -0.494507 2.477080
-0.305767 -0.645779 2.333260
-0.279508 -0.691626 2.288310
-0.101305 -0.351619 2.625860
-0.044838 -0.474913 2.460990
0.124829 -0.524782 2.556030
0.163605 -0.532832 2.508920
-0.258490 -0.602432 2.494050
0.142800 -0.494258 2.337500
0.415153 -0.610548 2.154570
0.496448 -0.591778 2.205300
-0.155435 -0.620420 2.567380
0.161137 -0.651332 2.437100
0.074403 -0.860852 2.169060
0.161911 -0.814452 2.184040
-0.218631 -0.560962 2.547640
-0.231489 -0.520299 2.599030
-0.230620 -0.240405 2.635840
-0.235960 -0.043363 2.591090
-0.331705 -0.313010 2.568790
-0.367598 -0.495444 2.475490
-0.303521 -0.644435 2.331090
-0.276867 -0.690066 2.286270
-0.106384 -0.355023 2.623740
-0.045303 -0.477594 2.459430
0.122582 -0.524475 2.558250
0.161325 -0.532448 2.511140
-0.268284 -0.606544 2.495270
0.137540 -0.498102 2.335290
0.406849 -0.616042 2.152440
0.490138 -0.597473 2.205120
-0.166665 -0.626478 2.564760
0.160089 -0.651322 2.436310
0.073365 -0.860688 2.168240
0.160690 -0.814829 2.184690
-0.224273 -0.565056 2.547500
-0.236339 -0.524401 2.599110
-0.233539 -0.244471 2.636310
-0.240671 -0.048523 2.589030
-0.334890 -0.313657 2.569270
-0.368378 -0.496303 2.474380
-0.302206 -0.643677 2.329760
-0.275244 -0.689134 2.285000
-0.110023 -0.357734 2.622440
-0.045212 -0.479702 2.458450
0.121247 -0.524426 2.560100
0.159973 -0.532341 2.512980
-0.274580 -0.609942 2.496850
0.133180 -0.501643 2.334020
0.400900 -0.620359 2.151380
0.485682 -0.600427 2.202760
-0.173162 -0.630253 2.563480
0.158640 -0.651782 2.435790
0.071973 -0.861009 2.167700
0.159235 -0.815657 2.185350
-0.230115 -0.568118 2.547780
-0.241644 -0.528012 2.599670
-0.237849 -0.251199 2.637930
-0.246828 -0.054781 2.588330
-0.337994 -0.314455 2.570550
-0.369214 -0.497085 2.473650
-0.301294 -0.643148 2.328930
-0.274102 -0.688493 2.284340
-0.112942 -0.360018 2.621730
-0.045842 -0.481994 2.457590
0.119370 -0.524865 2.561500
0.158079 -0.532725 2.514380
-0.281326 -0.612127 2.498560
0.127415 -0.503717 2.332910
0.394371 -0.622709 2.150540
0.480836 -0.602691 2.201280
-0.179185 -0.632928 2.562610
0.157012 -0.652461 2.435460
0.070420 -0.861573 2.167380
0.157745 -0.816633 2.185900
-0.234774 -0.570131 2.548120
-0.245948 -0.530567 2.600250
-0.241166 -0.256222 2.639230
-0.252865 -0.060177 2.588760
-0.341000 -0.315420 2.572540
-0.370208 -0.497878 2.473310
-0.300702 -0.642802 2.328680
-0.273456 -0.688159 2.284450
-0.115662 -0.362144 2.621590
-0.046753 -0.483854 2.456850
0.117017 -0.525394 2.562700
0.155704 -0.533205 2.515570
-0.286625 -0.613370 2.499540
0.122039 -0.505011 2.332050
0.388785 -0.624034 2.149940
0.445727 -0.594087 2.217450
-0.183805 -0.634733 2.562270
0.155385 -0.653218 2.435290
0.068872 -0.862241 2.167200
0.156335 -0.817620 2.186360
-0.238171 -0.571392 2.548550
-0.249108 -0.532304 2.600870
-0.243735 -0.259976 2.640520
-0.257919 -0.064103 2.590350
-0.343941 -0.316209 2.575430
-0.371443 -0.498594 2.473520
-0.300550 -0.642552 2.329350
-0.273443 -0.688027 2.285680
-0.118540 -0.364311 2.621920
-0.048357 -0.485572 2.456070
0.113530 -0.525940 2.563830
0.152188 -0.533704 2.516690
-0.290281 -0.614019 2.500370
0.117722 -0.505791 2.331570
0.384495 -0.624745 2.149650
0.427871 -0.589352 2.225910
-0.187242 -0.635812 2.562180
0.153723 -0.654102 2.435350
0.067285 -0.863052 2.167260
0.106407 -0.871150 2.127220
-0.240719 -0.572201 2.548960
-0.251520 -0.533501 2.601470
-0.245642 -0.262555 2.641640
-0.262041 -0.066817 2.593010
-0.346334 -0.316859 2.578310
-0.372764 -0.499252 2.474110
-0.300746 -0.642431 2.330680
-0.273883 -0.688089 2.287590
-0.121179 -0.366212 2.622650
-0.050056 -0.486896 2.455440
0.109996 -0.526420 2.564810
0.148629 -0.534146 2.517670
-0.292861 -0.614365 2.500990
0.114320 -0.506244 2.331320
0.381212 -0.625079 2.149560
0.417561 -0.586512 2.230870
-0.189866 -0.636472 2.562230
0.152010 -0.655033 2.435530
0.065642 -0.863911 2.167440
0.079567 -0.899420 2.096170
-0.242151 -0.572780 2.549220
-0.252952 -0.534342 2.601930
-0.246983 -0.264290 2.642930
-0.264852 -0.068004 2.597340
-0.348156 -0.317333 2.580770
-0.374066 -0.499814 2.474910
-0.301182 -0.642390 2.332330
-0.274596 -0.688254 2.289760
-0.123249 -0.367642 2.623540
-0.051878 -0.487952 2.454980
0.106615 -0.526779 2.565690
0.145226 -0.534475 2.518550
-0.294037 -0.614645 2.501530
0.112695 -0.506979 2.331260
0.379554 -0.625706 2.149550
0.411799 -0.585193 2.233980
-0.191365 -0.636888 2.562190
0.150526 -0.655868 2.435750
0.064215 -0.864689 2.167660
0.068353 -0.911296 2.083210
-0.243338 -0.573060 2.549640
-0.254177 -0.534866 2.602530
-0.248062 -0.265375 2.644390
-0.266399 -0.068391 2.601210
-0.349443 -0.317704 2.582710
-0.375235 -0.500301 2.475780
-0.301705 -0.642435 2.334040
-0.275382 -0.688498 2.291880
-0.124862 -0.368704 2.624640
-0.053599 -0.488701 2.454740
0.103755 -0.527069 2.566410
0.142349 -0.534742 2.519270
-0.295002 -0.614573 2.502290
0.111170 -0.507249 2.331400
0.378071 -0.625832 2.149790
0.407677 -0.583959 2.236350
-0.192630 -0.636947 2.562310
0.149061 -0.656698 2.436090
0.062798 -0.865457 2.167990
0.061427 -0.918593 2.075300
-0.244043 -0.573203 2.550100
-0.254992 -0.535218 2.603100
-0.249042 -0.265875 2.646020
-0.267191 -0.067189 2.606100
-0.350371 -0.317985 2.584280
-0.376283 -0.500711 2.476680
-0.302280 -0.642524 2.335740
-0.276193 -0.688772 2.293900
-0.126092 -0.369470 2.625790
-0.055216 -0.489233 2.454640
0.101319 -0.527272 2.567030
0.139900 -0.534928 2.519890
-0.295093 -0.614420 2.502960
0.110303 -0.507658 2.331610
0.377290 -0.626106 2.150110
0.405183 -0.583102 2.238200
-0.193344 -0.636856 2.562590
0.147720 -0.657464 2.436470
0.061495 -0.866161 2.168350
0.056863 -0.923347 2.070290
-0.244591 -0.573205 2.550540
-0.255643 -0.535409 2.603670
-0.249833 -0.265939 2.647830
-0.267798 -0.065397 2.611090
-0.351047 -0.318189 2.585580
-0.377222 -0.501046 2.477600
-0.302878 -0.642631 2.337390
-0.276993 -0.689040 2.295770
-0.127040 -0.369998 2.627000
-0.056815 -0.489573 2.454660
0.099206 -0.527417 2.567520
0.137777 -0.535061 2.520380
-0.295356 -0.614217 2.503320
0.109529 -0.507797 2.331730
0.376581 -0.626075 2.150360
0.403593 -0.582304 2.239480
-0.193905 -0.636687 2.562940
0.146470 -0.658187 2.436850
0.060276 -0.866815 2.168700
0.055069 -0.925068 2.068780
-0.244695 -0.573067 2.550990
-0.256008 -0.535502 2.604160
-0.250498 -0.265773 2.649420
-0.267898 -0.063323 2.615980
-0.351551 -0.318270 2.586800
-0.378089 -0.501266 2.478620
-0.303501 -0.642681 2.339080
-0.277787 -0.689229 2.297600
-0.127871 -0.370301 2.628410
-0.058294 -0.489755 2.454890
0.097425 -0.527503 2.568050
0.135988 -0.535137 2.520910
-0.294375 -0.613710 2.503600
0.109254 -0.508007 2.331920
0.376532 -0.626108 2.150680
0.403619 -0.581725 2.240410
-0.193942 -0.636292 2.563340
0.145434 -0.658787 2.437190
0.059261 -0.867361 2.169030
0.055787 -0.924185 2.070190
-0.244895 -0.572942 2.551320
-0.256339 -0.535533 2.604600
-0.251014 -0.265502 2.650840
-0.267707 -0.061693 2.619800
-0.351880 -0.318358 2.587930
-0.392862 -0.493271 2.473750
-0.257439 -0.575776 2.389690
-0.207900 -0.605671 2.367620
-0.128512 -0.370461 2.629780
-0.059638 -0.489865 2.455240
0.095909 -0.527544 2.568590
0.134466 -0.535173 2.521450
-0.294130 -0.613325 2.503820
0.108862 -0.508027 2.331990
0.376246 -0.625917 2.150840
0.403696 -0.581163 2.240820
-0.194188 -0.635988 2.563580
0.144478 -0.659386 2.437540
0.058322 -0.867881 2.169350
0.057639 -0.922059 2.073090
-0.244816 -0.572821 2.551660
-0.256499 -0.535554 2.605000
-0.251458 -0.265180 2.652030
-0.267389 -0.060348 2.622610
-0.352091 -0.318427 2.588840
-0.403082 -0.487546 2.470110
-0.233188 -0.540840 2.416540
-0.162562 -0.552157 2.413350
-0.128979 -0.370500 2.631160
-0.060875 -0.489876 2.455670
0.094647 -0.527563 2.569070
0.133198 -0.535186 2.521930
-0.293124 -0.613025 2.504030
0.109039 -0.508442 2.332310
0.376642 -0.626142 2.151250
0.405001 -0.581135 2.241130
-0.194149 -0.635675 2.563830
0.143640 -0.659928 2.437860
0.057497 -0.868341 2.169620
0.059988 -0.919474 2.076440
-0.244556 -0.572706 2.552010
-0.256523 -0.535556 2.605390
-0.251811 -0.264835 2.653030
-0.267009 -0.059237 2.624900
-0.352223 -0.318486 2.589660
-0.410036 -0.483452 2.467460
-0.223185 -0.526574 2.428050
-0.147449 -0.534516 2.429200
-0.129309 -0.370481 2.632380
-0.061968 -0.489849 2.456130
0.093580 -0.527557 2.569520
0.132127 -0.535177 2.522390
-0.291935 -0.612828 2.504220
0.109471 -0.508954 2.332690
0.377304 -0.626458 2.151720
0.406692 -0.581278 2.241270
-0.193928 -0.635375 2.564110
0.142880 -0.660435 2.438160
0.056746 -0.868761 2.169880
0.062173 -0.917008 2.079620
-0.244580 -0.572581 2.552200
-0.256670 -0.535517 2.605660
-0.252160 -0.264480 2.653890
-0.266617 -0.058286 2.626780
-0.352296 -0.318545 2.590340
-0.414804 -0.480577 2.465530
-0.217039 -0.517690 2.435090
-0.137822 -0.523300 2.439390
-0.129520 -0.370431 2.633440
-0.062868 -0.489807 2.456590
0.092732 -0.527544 2.569940
0.131275 -0.535163 2.522810
-0.291657 -0.612566 2.504250
0.109424 -0.509039 2.332840
0.377365 -0.626388 2.151930
0.407617 -0.581144 2.241230
-0.193985 -0.635134 2.564230
0.141839 -0.660919 2.438380
0.055695 -0.869172 2.170070
0.063435 -0.914981 2.081990
-0.244433 -0.572475 2.552350
-0.256712 -0.535497 2.605880
-0.252468 -0.264135 2.654600
-0.266184 -0.057453 2.628390
-0.352306 -0.318625 2.590920
-0.418145 -0.478519 2.464120
-0.213187 -0.512283 2.439840
-0.134607 -0.520179 2.443940
-0.129664 -0.370370 2.634340
-0.063627 -0.489745 2.457040
0.092048 -0.527534 2.570310
0.130587 -0.535150 2.523180
-0.290860 -0.612353 2.504270
0.109738 -0.509266 2.333080
0.377863 -0.626468 2.152230
0.409142 -0.581239 2.241130
-0.193878 -0.634885 2.564300
0.140925 -0.661341 2.438560
0.054769 -0.869525 2.170220
0.064502 -0.913268 2.083970
-0.244161 -0.572363 2.552510
-0.256672 -0.535467 2.606100
-0.252713 -0.263823 2.655180
-0.265547 -0.056565 2.630050
-0.352290 -0.318697 2.591430
-0.420547 -0.477011 2.463100
-0.212074 -0.510728 2.442020
-0.137226 -0.523727 2.443370
-0.129748 -0.370304 2.635100
-0.064262 -0.489671 2.457460
0.091494 -0.527520 2.570630
0.130030 -0.535135 2.523510
-0.289933 -0.612192 2.504320
0.110220 -0.509548 2.333360
0.378523 -0.626603 2.152570
0.410685 -0.581400 2.241010
-0.193654 -0.634611 2.564350
0.140127 -0.661703 2.438720
0.053957 -0.869825 2.170350
0.065365 -0.911858 2.085590
-0.243647 -0.572229 2.552700
-0.256482 -0.535419 2.606350
-0.252916 -0.263513 2.655710
-0.264870 -0.055601 2.632330
-0.352250 -0.318766 2.591890
-0.422272 -0.475906 2.462360
-0.213139 -0.512189 2.442130
-0.142580 -0.530250 2.440230
-0.129788 -0.370226 2.635770
-0.064808 -0.489578 2.457860
0.091046 -0.527505 2.570900
0.129578 -0.535120 2.523780
-0.288739 -0.612063 2.504440
0.110928 -0.509862 2.333690
0.379412 -0.626768 2.152950
0.412253 -0.581578 2.240910
-0.193164 -0.634256 2.564410
0.139475 -0.661998 2.438860
0.053293 -0.870069 2.170470
0.066104 -0.910689 2.086940
-0.243029 -0.572112 2.552890
-0.256225 -0.535372 2.606600
-0.253101 -0.263218 2.656150
-0.264328 -0.054857 2.634110
-0.352202 -0.318828 2.592270
-0.423524 -0.475091 2.461810
-0.215442 -0.515301 2.440910
-0.148259 -0.536925 2.436410
-0.129800 -0.370138 2.636380
-0.065273 -0.489472 2.458270
0.090671 -0.527483 2.571170
0.129201 -0.535098 2.524050
-0.287501 -0.612004 2.504600
0.111739 -0.510199 2.334050
0.380382 -0.626961 2.153340
0.413711 -0.581766 2.240840
-0.192541 -0.633898 2.564480
0.138946 -0.662237 2.438980
0.052753 -0.870266 2.170580
0.066746 -0.909723 2.088070
-0.242341 -0.572037 2.553080
-0.255905 -0.535339 2.606850
-0.253262 -0.262946 2.656520
-0.263863 -0.054254 2.635580
-0.352147 -0.318884 2.592610
-0.424443 -0.474482 2.461410
-0.218097 -0.518785 2.439320
-0.153087 -0.542405 2.433210
-0.129800 -0.370046 2.636920
-0.065106 -0.489287 2.459070
0.090708 -0.527186 2.572390
0.129237 -0.534801 2.525290
-0.286284 -0.612023 2.504770
0.112610 -0.510555 2.334390
0.381386 -0.627183 2.153720
0.415033 -0.581962 2.240760
-0.191844 -0.633589 2.564550
0.138515 -0.662457 2.439100
0.052314 -0.870440 2.170680
0.067277 -0.908971 2.088970
-0.241613 -0.571999 2.553280
-0.255505 -0.535324 2.607110
-0.253399 -0.262692 2.656840
-0.263465 -0.053806 2.636750
-0.352057 -0.318955 2.592990
-0.425116 -0.474021 2.461120
-0.220609 -0.522134 2.437890
-0.156875 -0.546741 2.430930
-0.129784 -0.369976 2.637370
-0.064939 -0.489146 2.459800
0.090749 -0.526940 2.573480
0.129275 -0.534555 2.526390
-0.285086 -0.612103 2.505020
0.113524 -0.510935 2.334760
0.382408 -0.627438 2.154110
0.416222 -0.582157 2.240730
-0.191144 -0.633314 2.564610
0.138162 -0.662644 2.439210
0.051955 -0.870585 2.170770
0.067709 -0.908372 2.089710
