0.231755 0.002161 1.989210
0.228443 0.067507 2.043760
0.222951 0.439073 2.043680
0.227286 0.634832 2.051460
0.067181 0.311217 2.038570
0.021233 0.030834 2.021890
0.018873 -0.182462 1.959060
0.022145 -0.269719 1.936450
0.393145 0.299062 2.048510
0.446170 0.044876 2.014360
0.445204 -0.169953 1.958520
0.432887 -0.267280 1.937850
0.160191 -0.071024 1.976520
0.173068 -0.485711 1.998630
0.169458 -0.750392 2.004050
0.173125 -0.788136 1.910760
0.306267 -0.069793 1.979330
0.316432 -0.502545 2.022100
0.307913 -0.771149 2.037910
0.332828 -0.837106 1.990880
0.231755 0.002148 1.989190
0.228442 0.067497 2.043750
0.222956 0.439058 2.043650
0.227267 0.634827 2.051410
0.067193 0.311213 2.038540
0.021238 0.030823 2.021880
0.018881 -0.182487 1.959060
0.022331 -0.266644 1.937250
0.393167 0.299097 2.048520
0.446177 0.044875 2.014350
0.445202 -0.169957 1.958510
0.432875 -0.267298 1.937840
0.160189 -0.071034 1.976510
0.173084 -0.485712 1.998630
0.169757 -0.750610 2.004290
0.173465 -0.788361 1.911010
0.306262 -0.069803 1.979320
0.316462 -0.502381 2.022040
0.307906 -0.771133 2.037920
0.332406 -0.837231 1.990860
0.231754 0.002137 1.989180
0.228441 0.067487 2.043730
0.222960 0.439044 2.043620
0.227248 0.634823 2.051360
0.067203 0.311211 2.038510
0.021242 0.030811 2.021870
0.018889 -0.182512 1.959060
0.022448 -0.264353 1.937830
0.393204 0.299140 2.048540
0.446184 0.044874 2.014350
0.445199 -0.169962 1.958510
0.432863 -0.267316 1.937840
0.160186 -0.071044 1.976500
0.173099 -0.485712 1.998620
0.170140 -0.750891 2.004600
0.173896 -0.788649 1.911330
0.306258 -0.069813 1.979310
0.316522 -0.502140 2.021960
0.307899 -0.771117 2.037920
0.332003 -0.837348 1.990840
0.231752 0.002126 1.989170
0.228438 0.067478 2.043720
0.222963 0.439029 2.043600
0.227228 0.634817 2.051320
0.067211 0.311208 2.038480
0.021245 0.030798 2.021850
0.018894 -0.182538 1.959060
0.022525 -0.262661 1.938260
0.393242 0.299180 2.048560
0.446189 0.044872 2.014350
0.445197 -0.169967 1.958510
0.432849 -0.267335 1.937830
0.160182 -0.071055 1.976500
0.173113 -0.485710 1.998610
0.170560 -0.751195 2.004930
0.174361 -0.788958 1.911660
0.306253 -0.069825 1.979300
0.316545 -0.502031 2.021910
0.307892 -0.771103 2.037920
0.331649 -0.837418 1.990770
0.231749 0.002114 1.989160
0.228434 0.067468 2.043710
0.222965 0.439015 2.043570
0.227209 0.634816 2.051280
0.067219 0.311202 2.038450
0.021247 0.030786 2.021840
0.018897 -0.182565 1.959070
0.022583 -0.261361 1.938580
0.393287 0.299227 2.048590
0.446195 0.044871 2.014350
0.445193 -0.169972 1.958500
0.432837 -0.267355 1.937820
0.160176 -0.071068 1.976490
0.173127 -0.485708 1.998610
0.170688 -0.751277 2.005030
0.174511 -0.789042 1.911770
0.306248 -0.069837 1.979290
0.316567 -0.501917 2.021860
0.307886 -0.771089 2.037920
0.331433 -0.837553 1.990860
0.231744 0.002100 1.989140
0.228428 0.067456 2.043700
0.222966 0.439001 2.043540
0.227191 0.634814 2.051240
0.067226 0.311195 2.038420
0.021249 0.030772 2.021830
0.018898 -0.182594 1.959070
0.022615 -0.260409 1.938810
0.393325 0.299266 2.048620
0.446200 0.044869 2.014350
0.445189 -0.169978 1.958500
0.432823 -0.267375 1.937820
0.160168 -0.071082 1.976480
0.173140 -0.485706 1.998600
0.170839 -0.751364 2.005140
0.174690 -0.789131 1.911890
0.306238 -0.069854 1.979270
0.316541 -0.501872 2.021820
0.307881 -0.771079 2.037930
0.331297 -0.837624 1.990900
0.231737 0.002085 1.989130
0.228420 0.067443 2.043680
0.222966 0.438986 2.043520
0.227170 0.634813 2.051210
0.067230 0.311188 2.038390
0.021249 0.030758 2.021810
0.018896 -0.182623 1.959070
0.022634 -0.259709 1.938970
0.393363 0.299304 2.048650
0.446206 0.044866 2.014340
0.445183 -0.169986 1.958500
0.432810 -0.267400 1.937810
0.160156 -0.071098 1.976460
0.173152 -0.485703 1.998590
0.170875 -0.751385 2.005180
0.174747 -0.789153 1.911930
0.306227 -0.069873 1.979260
0.316483 -0.501895 2.021800
0.307876 -0.771071 2.037930
0.331192 -0.837683 1.990920
0.231731 0.002071 1.989120
0.228413 0.067431 2.043670
0.222961 0.438971 2.043490
0.227150 0.634811 2.051170
0.067232 0.311183 2.038360
0.021250 0.030745 2.021800
0.018892 -0.182654 1.959080
0.022646 -0.259152 1.939090
0.393398 0.299337 2.048680
0.446211 0.044863 2.014350
0.445177 -0.169994 1.958490
0.432799 -0.267424 1.937800
0.160145 -0.071115 1.976460
0.173163 -0.485701 1.998590
0.170780 -0.751337 2.005140
0.174676 -0.789106 1.911890
0.306217 -0.069893 1.979240
0.316401 -0.501977 2.021780
0.307873 -0.771066 2.037930
0.331118 -0.837723 1.990930
0.231722 0.002053 1.989100
0.228403 0.067415 2.043660
0.222954 0.438953 2.043470
0.227125 0.634805 2.051140
0.067234 0.311179 2.038340
0.021249 0.030731 2.021790
0.018888 -0.182686 1.959080
0.022651 -0.258736 1.939170
0.393432 0.299365 2.048710
0.446217 0.044860 2.014350
0.445171 -0.170002 1.958490
0.432788 -0.267449 1.937790
0.160128 -0.071137 1.976450
0.173174 -0.485699 1.998580
0.170540 -0.751208 2.005020
0.174460 -0.788977 1.911770
0.306204 -0.069918 1.979230
0.316303 -0.502106 2.021770
0.307869 -0.771062 2.037930
0.331066 -0.837749 1.990940
0.231710 0.002031 1.989090
0.228389 0.067395 2.043640
0.222940 0.438932 2.043440
0.227099 0.634796 2.051110
0.067234 0.311175 2.038330
0.021247 0.030718 2.021780
0.018881 -0.182719 1.959090
0.022656 -0.258442 1.939230
0.393464 0.299388 2.048740
0.446227 0.044849 2.014350
0.445163 -0.170019 1.958480
0.432780 -0.267487 1.937780
0.160108 -0.071165 1.976440
0.173184 -0.485699 1.998570
0.170080 -0.750953 2.004800
0.174027 -0.788721 1.911550
0.306188 -0.069951 1.979210
0.316268 -0.502289 2.021770
0.307867 -0.771060 2.037930
0.331029 -0.837759 1.990920
0.231696 0.002009 1.989080
0.228373 0.067374 2.043630
0.222925 0.438910 2.043420
0.227075 0.634787 2.051080
0.067233 0.311172 2.038320
0.021245 0.030705 2.021770
0.018870 -0.182751 1.959100
0.022658 -0.258220 1.939260
0.393497 0.299412 2.048770
0.446235 0.044840 2.014350
0.445154 -0.170033 1.958470
0.432757 -0.267521 1.937760
0.160086 -0.071194 1.976430
0.173191 -0.485704 1.998570
0.169584 -0.750666 2.004550
0.173553 -0.788432 1.911300
0.306171 -0.069986 1.979190
0.316231 -0.502522 2.021800
0.307864 -0.771057 2.037930
0.331004 -0.837758 1.990890
0.231682 0.001985 1.989070
0.228357 0.067352 2.043620
0.222909 0.438891 2.043400
0.227054 0.634771 2.051050
0.067231 0.311170 2.038310
0.021240 0.030694 2.021760
0.018855 -0.182782 1.959110
0.022658 -0.258057 1.939270
0.393527 0.299432 2.048800
0.446243 0.044829 2.014360
0.445146 -0.170049 1.958460
0.432730 -0.267559 1.937740
0.160064 -0.071225 1.976420
0.173197 -0.485709 1.998560
0.169075 -0.750371 2.004290
0.173058 -0.788132 1.911030
0.306154 -0.070023 1.979180
0.316191 -0.502777 2.021830
0.307860 -0.771055 2.037940
0.331010 -0.837712 1.990810
0.231663 0.001959 1.989050
0.228338 0.067327 2.043600
0.222892 0.438872 2.043390
0.227032 0.634753 2.051020
0.067229 0.311168 2.038300
0.021235 0.030684 2.021750
0.018838 -0.182810 1.959120
0.022653 -0.257935 1.939270
0.393556 0.299450 2.048830
0.446250 0.044817 2.014370
0.445136 -0.170067 1.958460
0.432700 -0.267599 1.937710
0.160034 -0.071258 1.976410
0.173202 -0.485713 1.998550
0.168611 -0.750087 2.004050
0.172604 -0.787842 1.910780
0.306132 -0.070062 1.979160
0.316179 -0.502855 2.021830
0.307857 -0.771053 2.037940
0.331103 -0.837505 1.990530
0.231641 0.001932 1.989040
0.228314 0.067301 2.043590
0.222872 0.438853 2.043370
0.227010 0.634736 2.051000
0.067228 0.311166 2.038290
0.021224 0.030670 2.021730
0.018820 -0.182842 1.959130
0.022644 -0.257845 1.939260
0.393583 0.299466 2.048860
0.446256 0.044805 2.014370
0.445124 -0.170086 1.958450
0.432664 -0.267641 1.937690
0.159999 -0.071293 1.976400
0.173207 -0.485716 1.998550
0.168478 -0.750008 2.003980
0.172478 -0.787761 1.910710
0.306107 -0.070103 1.979150
0.316171 -0.502919 2.021840
0.307855 -0.771053 2.037940
0.331213 -0.837261 1.990180
0.231617 0.001904 1.989030
0.228290 0.067276 2.043580
0.222852 0.438835 2.043360
0.226987 0.634719 2.050990
0.067225 0.311165 2.038290
0.021210 0.030652 2.021720
0.018800 -0.182877 1.959130
0.022305 -0.264906 1.937190
0.393604 0.299479 2.048880
0.446260 0.044794 2.014380
0.445112 -0.170104 1.958440
0.432631 -0.267680 1.937670
0.159961 -0.071329 1.976390
0.173210 -0.485719 1.998540
0.168355 -0.749930 2.003920
0.172359 -0.787680 1.910650
0.306082 -0.070142 1.979130
0.316181 -0.502928 2.021830
0.307853 -0.771053 2.037950
0.331327 -0.837029 1.989860
0.231586 0.001877 1.989030
0.228259 0.067250 2.043570
0.222827 0.438815 2.043350
0.226963 0.634700 2.050970
0.067221 0.311165 2.038290
0.021187 0.030629 2.021710
0.018776 -0.182919 1.959140
0.022017 -0.270135 1.935680
0.393625 0.299490 2.048910
0.446262 0.044780 2.014390
0.445096 -0.170125 1.958440
0.432595 -0.267724 1.937650
0.159908 -0.071367 1.976390
0.173214 -0.485721 1.998540
0.168271 -0.749878 2.003890
0.172278 -0.787626 1.910610
0.306054 -0.070182 1.979120
0.316199 -0.502867 2.021810
0.307851 -0.771053 2.037950
0.331379 -0.836893 1.989660
0.231544 0.001847 1.989020
0.228219 0.067222 2.043570
0.222799 0.438796 2.043350
0.226941 0.634682 2.050960
0.067213 0.311165 2.038290
0.021162 0.030605 2.021690
0.018751 -0.182959 1.959140
0.021791 -0.273821 1.934620
0.393644 0.299495 2.048940
0.446264 0.044764 2.014410
0.445071 -0.170150 1.958430
0.432538 -0.267774 1.937630
0.159831 -0.071409 1.976400
0.173217 -0.485724 1.998530
0.168172 -0.749822 2.003840
0.172177 -0.787568 1.910570
0.306017 -0.070224 1.979110
0.316269 -0.502683 2.021770
0.307849 -0.771053 2.037950
0.331419 -0.836855 1.989600
0.231467 0.001791 1.989020
0.228157 0.067177 2.043570
0.222769 0.438776 2.043340
0.226916 0.634662 2.050940
0.067206 0.311166 2.038290
0.021133 0.030579 2.021680
0.018722 -0.183000 1.959150
0.021577 -0.276439 1.933920
0.393639 0.299476 2.048960
0.446263 0.044748 2.014420
0.445043 -0.170176 1.958420
0.432476 -0.267824 1.937610
0.159727 -0.071465 1.976400
0.173219 -0.485727 1.998530
0.168195 -0.749855 2.003870
0.172191 -0.787595 1.910590
0.305942 -0.070296 1.979100
0.316339 -0.502451 2.021720
0.307848 -0.771052 2.037950
0.331457 -0.836842 1.989580
0.231382 0.001733 1.989020
0.228090 0.067131 2.043560
0.222740 0.438758 2.043340
0.226889 0.634647 2.050940
0.067188 0.311170 2.038300
0.021101 0.030554 2.021670
0.018693 -0.183040 1.959150
0.021397 -0.278292 1.933470
0.393626 0.299452 2.048980
0.446260 0.044732 2.014440
0.445011 -0.170202 1.958420
0.432414 -0.267872 1.937600
0.159608 -0.071524 1.976410
0.173222 -0.485729 1.998520
0.168162 -0.749841 2.003860
0.172152 -0.787580 1.910580
0.305858 -0.070369 1.979090
0.316433 -0.502167 2.021660
0.307847 -0.771051 2.037960
0.331486 -0.836847 1.989580
0.231285 0.001670 1.989020
0.228015 0.067082 2.043570
0.222708 0.438740 2.043340
0.226860 0.634632 2.050940
0.067168 0.311175 2.038310
0.021064 0.030527 2.021650
0.018663 -0.183080 1.959150
0.021261 -0.279624 1.933160
0.393608 0.299427 2.049000
0.446254 0.044716 2.014460
0.444971 -0.170228 1.958420
0.432347 -0.267917 1.937580
0.159480 -0.071584 1.976430
0.173224 -0.485731 1.998520
0.168101 -0.749823 2.003840
0.172079 -0.787559 1.910560
0.305761 -0.070446 1.979090
0.316523 -0.501882 2.021610
0.307846 -0.771049 2.037960
0.331513 -0.836815 1.989530
0.231171 0.001600 1.989030
0.227925 0.067027 2.043580
0.222673 0.438720 2.043340
0.226832 0.634617 2.050940
0.067141 0.311180 2.038330
0.021022 0.030501 2.021640
0.018634 -0.183117 1.959150
0.021157 -0.280577 1.932950
0.393583 0.299398 2.049020
0.446245 0.044699 2.014480
0.444926 -0.170254 1.958420
0.432268 -0.267963 1.937570
0.159328 -0.071650 1.976450
0.173226 -0.485735 1.998510
0.168146 -0.749863 2.003880
0.172108 -0.787594 1.910590
0.305646 -0.070532 1.979100
0.316554 -0.501799 2.021610
0.307845 -0.771048 2.037960
0.331536 -0.836784 1.989490
0.231051 0.001530 1.989040
0.227830 0.066970 2.043590
0.222625 0.438697 2.043350
0.226802 0.634603 2.050940
0.067096 0.311185 2.038360
0.020973 0.030469 2.021630
0.018604 -0.183158 1.959150
0.021074 -0.281283 1.932810
0.393536 0.299361 2.049050
0.446228 0.044680 2.014510
0.444875 -0.170281 1.958420
0.432175 -0.268010 1.937550
0.159172 -0.071717 1.976470
0.173232 -0.485745 1.998510
0.168445 -0.750111 2.004070
0.172365 -0.787828 1.910760
0.305530 -0.070614 1.979110
0.316577 -0.501740 2.021610
0.307845 -0.771047 2.037960
0.331563 -0.836750 1.989440
0.230918 0.001458 1.989060
0.227724 0.066911 2.043610
0.222571 0.438675 2.043370
0.226771 0.634589 2.050950
0.067045 0.311191 2.038410
0.020918 0.030436 2.021620
0.018575 -0.183198 1.959150
0.021010 -0.281801 1.932710
0.393484 0.299323 2.049080
0.446198 0.044665 2.014550
0.444825 -0.170303 1.958430
0.432089 -0.268047 1.937550
0.159003 -0.071783 1.976510
0.173241 -0.485757 1.998510
0.168931 -0.750444 2.004370
0.172801 -0.788147 1.911050
0.305399 -0.070698 1.979120
0.316601 -0.501690 2.021620
0.307845 -0.771047 2.037960
0.331544 -0.836896 1.989600
0.230783 0.001391 1.989090
0.227615 0.066857 2.043640
0.222509 0.438652 2.043390
0.226741 0.634583 2.050960
0.066967 0.311201 2.038470
0.020860 0.030408 2.021610
0.018546 -0.183233 1.959160
0.020956 -0.282186 1.932650
0.393427 0.299287 2.049110
0.446160 0.044651 2.014600
0.444770 -0.170322 1.958450
0.432008 -0.268078 1.937540
0.158825 -0.071849 1.976560
0.173250 -0.485771 1.998510
0.169039 -0.750550 2.004460
0.172888 -0.788249 1.911130
0.305271 -0.070775 1.979140
0.316623 -0.501644 2.021640
0.307845 -0.771047 2.037960
0.331396 -0.837020 1.989660
0.230641 0.001325 1.989130
0.227497 0.066802 2.043680
0.222430 0.438630 2.043420
0.226713 0.634579 2.050980
0.066879 0.311215 2.038560
0.020793 0.030383 2.021600
0.018520 -0.183262 1.959160
0.020908 -0.282471 1.932640
0.393372 0.299250 2.049150
0.446116 0.044635 2.014660
0.444702 -0.170344 1.958480
0.431926 -0.268111 1.937540
0.158640 -0.071916 1.976630
0.173258 -0.485784 1.998510
0.169160 -0.750662 2.004570
0.172985 -0.788355 1.911230
0.305142 -0.070852 1.979170
0.316687 -0.501642 2.021720
0.307845 -0.771048 2.037970
0.331253 -0.837117 1.989690
0.230470 0.001255 1.989190
0.227352 0.066743 2.043740
0.222330 0.438608 2.043470
0.226684 0.634577 2.051010
0.066777 0.311233 2.038660
0.020722 0.030363 2.021600
0.018493 -0.183287 1.959170
0.020861 -0.282676 1.932670
0.393315 0.299213 2.049190
0.446061 0.044610 2.014760
0.444617 -0.170374 1.958530
0.431840 -0.268149 1.937560
0.158419 -0.071987 1.976720
0.173268 -0.485808 1.998520
0.169478 -0.750963 2.004800
0.173264 -0.788647 1.911450
0.304991 -0.070934 1.979210
0.316738 -0.501621 2.021790
0.307847 -0.771049 2.037970
0.331137 -0.837183 1.989690
0.230275 0.001181 1.989290
0.227185 0.066682 2.043820
0.222226 0.438584 2.043520
0.226643 0.634580 2.051040
0.066674 0.311252 2.038760
0.020635 0.030349 2.021610
0.018467 -0.183308 1.959190
0.020812 -0.282812 1.932740
0.393252 0.299178 2.049250
0.445997 0.044592 2.014880
0.444507 -0.170397 1.958600
0.431745 -0.268179 1.937590
0.158169 -0.072062 1.976860
0.173277 -0.485833 1.998530
0.169600 -0.751099 2.004900
0.173365 -0.788781 1.911550
0.304809 -0.071024 1.979300
0.316882 -0.501705 2.021990
0.307849 -0.771051 2.037970
0.331008 -0.837154 1.989540
0.230058 0.001113 1.989420
0.226988 0.066624 2.043940
0.222087 0.438559 2.043610
0.226601 0.634585 2.051070
0.066566 0.311274 2.038870
0.020536 0.030342 2.021630
0.018437 -0.183325 1.959210
0.020751 -0.282891 1.932880
0.393188 0.299142 2.049320
0.445918 0.044588 2.015070
0.444337 -0.170408 1.958730
0.431643 -0.268198 1.937630
0.157905 -0.072129 1.977010
0.173283 -0.485857 1.998540
0.169808 -0.751315 2.005060
0.173557 -0.788998 1.911710
0.304610 -0.071114 1.979430
0.316952 -0.501826 2.022220
0.307850 -0.771051 2.037970
0.330913 -0.837108 1.989400
0.229836 0.001067 1.989600
0.226771 0.066584 2.044110
0.221946 0.438536 2.043710
0.226561 0.634587 2.051110
0.066449 0.311300 2.038990
0.020422 0.030337 2.021670
0.018395 -0.183345 1.959250
0.020680 -0.282931 1.933100
0.393135 0.299134 2.049500
0.445795 0.044604 2.015380
0.444092 -0.170398 1.958980
0.431531 -0.268203 1.937710
0.157633 -0.072184 1.977200
0.173287 -0.485884 1.998560
0.170044 -0.751558 2.005280
0.173807 -0.789253 1.911930
0.304414 -0.071191 1.979620
0.317031 -0.501881 2.022450
0.307853 -0.771052 2.037970
0.330750 -0.836944 1.989060
0.229568 0.001032 1.989860
0.226505 0.066557 2.044360
0.221791 0.438516 2.043840
0.226520 0.634590 2.051150
0.066311 0.311333 2.039140
0.020283 0.030337 2.021720
0.018336 -0.183369 1.959340
0.020601 -0.282936 1.933380
0.393078 0.299137 2.049740
0.445613 0.044641 2.015860
0.443764 -0.170373 1.959390
0.431397 -0.268199 1.937870
0.157281 -0.072235 1.977510
0.173284 -0.485903 1.998590
0.170128 -0.751672 2.005380
0.173898 -0.789374 1.912040
0.304191 -0.071267 1.979900
0.317111 -0.501872 2.022700
0.307855 -0.771054 2.037970
0.330615 -0.836824 1.988800
0.229256 0.000997 1.990250
0.226199 0.066539 2.044710
0.221635 0.438498 2.043980
0.226480 0.634592 2.051190
0.066148 0.311380 2.039330
0.020074 0.030348 2.021820
0.018245 -0.183395 1.959520
0.020119 -0.276067 1.936700
0.392973 0.299156 2.050070
0.445338 0.044692 2.016560
0.443373 -0.170341 1.960030
0.431218 -0.268215 1.938400
0.156884 -0.072283 1.977950
0.173274 -0.485922 1.998640
0.170148 -0.751757 2.005470
0.173930 -0.789463 1.912130
0.303907 -0.071346 1.980350
0.317189 -0.501824 2.022980
0.307859 -0.771059 2.037980
0.330494 -0.836724 1.988580
0.228860 0.000972 1.990850
0.225789 0.066542 2.045250
0.221448 0.438498 2.044200
0.226435 0.634593 2.051240
0.065964 0.311440 2.039540
0.019798 0.030380 2.021960
0.018112 -0.183421 1.959840
0.019654 -0.269124 1.940450
0.392820 0.299183 2.050650
0.444893 0.044852 2.017660
0.442845 -0.170211 1.961120
0.430948 -0.268152 1.939390
0.156393 -0.072324 1.978600
0.173229 -0.485903 1.998720
0.170097 -0.751814 2.005530
0.186193 -0.815979 1.960490
0.303532 -0.071431 1.981070
0.317050 -0.501688 2.023370
0.307860 -0.771078 2.038000
0.330447 -0.836684 1.988480
0.228409 0.001003 1.991790
0.225274 0.066612 2.046110
0.221255 0.438529 2.044570
0.226375 0.634602 2.051300
0.065768 0.311566 2.039790
0.019437 0.030471 2.022170
0.017939 -0.183404 1.960340
0.019112 -0.263528 1.943980
0.392626 0.299257 2.051830
0.444295 0.045098 2.019350
0.442253 -0.170000 1.962680
0.430506 -0.267997 1.940880
0.155883 -0.072328 1.979440
0.173176 -0.485873 1.998820
0.169951 -0.751817 2.005570
0.181335 -0.807544 1.945710
0.303056 -0.071446 1.982420
0.316792 -0.501545 2.023850
0.307836 -0.771164 2.038090
0.330413 -0.836662 1.988420
0.227958 0.001115 1.993110
0.224612 0.066777 2.047340
0.220962 0.438616 2.045150
0.226298 0.634626 2.051390
0.065582 0.311692 2.040040
0.019010 0.030589 2.022440
0.017738 -0.183372 1.960980
0.018680 -0.259582 1.946740
0.392235 0.299890 2.054670
0.443612 0.045379 2.021780
0.441555 -0.169752 1.964990
0.429905 -0.267780 1.942950
0.155424 -0.072283 1.980440
0.173118 -0.485824 1.998960
0.169872 -0.751836 2.005630
0.179143 -0.801661 1.935350
0.302600 -0.071321 1.984590
0.316499 -0.501315 2.024440
0.307769 -0.771295 2.038240
0.329099 -0.837819 1.989540
0.227508 0.001236 1.994930
0.223830 0.066981 2.048990
0.220465 0.438761 2.045980
0.226191 0.634654 2.051540
0.065408 0.311802 2.040260
0.018521 0.030735 2.022740
0.017454 -0.183325 1.961750
0.018311 -0.256721 1.948920
0.391675 0.300573 2.057960
0.442654 0.045816 2.025180
0.440800 -0.169374 1.968620
0.429260 -0.267398 1.945890
0.155034 -0.072224 1.981670
0.173051 -0.485775 1.999130
0.169669 -0.751755 2.005630
0.177231 -0.796578 1.926850
0.302170 -0.071164 1.987880
0.316216 -0.501036 2.025230
0.307649 -0.771487 2.038490
0.327355 -0.839437 1.991300
0.227080 0.001356 1.997350
0.222895 0.067236 2.051150
0.219594 0.439062 2.047180
0.226067 0.634695 2.051750
0.065255 0.311906 2.040460
0.017960 0.030894 2.023030
0.017159 -0.183274 1.962490
0.017964 -0.254685 1.950520
0.391046 0.301234 2.061880
0.441593 0.046243 2.029350
0.440003 -0.169130 1.974660
0.428627 -0.266974 1.949880
0.154745 -0.072133 1.983210
0.172984 -0.485727 1.999330
0.169331 -0.751571 2.005530
0.175984 -0.792940 1.920830
0.301825 -0.071034 1.992360
0.315935 -0.500785 2.026330
0.307359 -0.771971 2.039070
0.326441 -0.840665 1.992660
0.226732 0.001379 2.000390
0.221820 0.067444 2.053840
0.218450 0.439370 2.048680
0.225901 0.634745 2.052050
0.065116 0.312004 2.040630
0.017186 0.031091 2.023290
0.016819 -0.183213 1.963170
0.017501 -0.253062 1.951730
0.389915 0.301899 2.066910
0.440371 0.046284 2.035770
0.439398 -0.169142 1.980820
0.428146 -0.266857 1.955220
0.154606 -0.072052 1.985060
0.172914 -0.485674 1.999560
0.168846 -0.751198 2.005240
0.175327 -0.790160 1.916350
0.301623 -0.071063 1.997960
0.315732 -0.500591 2.027770
0.306927 -0.772591 2.039850
0.325857 -0.841490 1.993590
0.226465 0.001304 2.003960
0.220586 0.067591 2.056970
0.216883 0.439681 2.050500
0.225690 0.634765 2.052420
0.064971 0.312096 2.040790
0.016019 0.031401 2.023380
0.016394 -0.183105 1.963680
0.016890 -0.251598 1.952440
0.388130 0.302719 2.073240
0.439032 0.046246 2.044800
0.439029 -0.169094 1.988260
0.428621 -0.266949 1.963790
0.154624 -0.072011 1.987270
0.172692 -0.485585 1.999780
0.168267 -0.750735 2.004800
0.175098 -0.788214 1.913170
0.301590 -0.071210 2.004070
0.315583 -0.500456 2.029420
0.306267 -0.773316 2.040870
0.325695 -0.842091 1.994480
0.226259 0.001124 2.007840
0.219197 0.067671 2.060370
0.215021 0.440004 2.052500
0.225431 0.634794 2.052970
0.064825 0.312181 2.040910
0.013861 0.032076 2.022720
0.015722 -0.182844 1.963860
0.016025 -0.250208 1.952050
0.385758 0.303612 2.080840
0.437736 0.046172 2.054720
0.438307 -0.168992 1.996160
0.428840 -0.263359 1.975750
0.154769 -0.072004 1.989720
0.172459 -0.485464 1.999990
0.167541 -0.750110 2.004150
0.175129 -0.786727 1.910820
0.301649 -0.071482 2.010380
0.315493 -0.500319 2.031150
0.305588 -0.774004 2.041800
0.325742 -0.842531 1.995250
0.226062 0.000807 2.012240
0.217654 0.067660 2.064200
0.213068 0.440259 2.054580
0.225109 0.634822 2.053720
0.064652 0.312263 2.040990
0.010633 0.032990 2.020560
0.014679 -0.182444 1.963330
0.014675 -0.248838 1.948830
0.383462 0.304291 2.088180
0.436528 0.045601 2.065170
0.437010 -0.169397 2.005550
0.428762 -0.261204 1.984700
0.154994 -0.072065 1.992630
0.172250 -0.485359 2.000200
0.166810 -0.749314 2.003380
0.175419 -0.785493 1.909020
0.301716 -0.071984 2.017020
0.315382 -0.500255 2.032800
0.304965 -0.774631 2.042610
0.325838 -0.842971 1.996010
0.225827 0.000306 2.017000
0.215906 0.067516 2.068320
0.210757 0.440491 2.056810
0.224624 0.634824 2.054840
0.064432 0.312333 2.040990
0.005863 0.033777 2.015510
0.012424 -0.181778 1.959260
0.013337 -0.249040 1.939950
0.380851 0.304967 2.095430
0.435281 0.044715 2.075220
0.435277 -0.170220 2.015490
0.428411 -0.259387 1.991860
0.155314 -0.072239 1.995870
0.172043 -0.485254 2.000430
0.166158 -0.748570 2.002640
0.175958 -0.784539 1.907710
0.301633 -0.072634 2.024180
0.315315 -0.500153 2.034280
0.304435 -0.775145 2.043240
0.325918 -0.843370 1.996690
0.225480 -0.000260 2.022310
0.213824 0.067354 2.072770
0.207940 0.440751 2.059250
0.223653 0.634882 2.056620
0.064034 0.312392 2.040830
0.000442 0.033972 2.008660
0.009609 -0.180985 1.949490
0.012636 -0.250266 1.928030
0.377578 0.305852 2.103890
0.433896 0.044003 2.085540
0.433144 -0.170748 2.025010
0.428021 -0.255518 2.002790
0.155665 -0.072546 1.999580
0.171820 -0.485092 2.000750
0.165554 -0.747891 2.001970
0.176888 -0.783776 1.906800
0.301392 -0.073243 2.032130
0.315310 -0.499696 2.035650
0.304054 -0.775462 2.043640
0.325561 -0.843979 1.997510
0.225313 -0.000757 2.028110
0.211758 0.067264 2.077220
0.205131 0.440923 2.061600
0.222593 0.635006 2.058500
0.063452 0.312357 2.040330
-0.004738 0.034015 2.000490
0.007324 -0.180111 1.937410
0.012769 -0.251474 1.912330
0.373600 0.307436 2.113490
0.432063 0.043745 2.096470
0.431152 -0.170700 2.033860
0.427906 -0.249895 2.013990
0.156291 -0.072912 2.003700
0.171365 -0.484674 2.001370
0.165017 -0.747298 2.001390
0.178423 -0.783181 1.906330
0.301391 -0.073404 2.041340
0.315304 -0.499195 2.036740
0.303772 -0.775641 2.043870
0.324895 -0.844664 1.998390
0.225030 -0.001321 2.033790
0.209779 0.067122 2.081370
0.202552 0.440996 2.063770
0.221143 0.635142 2.060690
0.062613 0.312063 2.039310
-0.008899 0.034219 1.991170
0.005208 -0.178748 1.922530
0.013450 -0.252612 1.897370
0.370116 0.308716 2.120920
0.429925 0.044081 2.108780
0.428965 -0.170810 2.042310
0.427838 -0.245968 2.023010
0.156865 -0.073354 2.007940
0.170562 -0.484014 2.002240
0.164794 -0.747041 2.001150
0.181357 -0.783188 1.906920
0.301053 -0.073573 2.049410
0.315345 -0.498647 2.037650
0.303590 -0.775778 2.044040
0.324226 -0.843500 1.996800
0.224782 -0.002114 2.039540
0.207940 0.066792 2.085470
0.199499 0.441085 2.066520
0.219272 0.635238 2.063340
0.061716 0.311544 2.037890
-0.012365 0.034009 1.980390
0.003905 -0.177981 1.907800
0.014622 -0.252775 1.881740
0.367051 0.309422 2.126710
0.428071 0.044555 2.120560
0.426638 -0.171496 2.050450
0.427943 -0.243728 2.029320
0.157538 -0.073963 2.012110
0.169702 -0.483368 2.003190
0.164619 -0.746841 2.000980
0.184158 -0.783295 1.907770
0.300636 -0.073937 2.057390
0.315440 -0.498089 2.038440
0.303466 -0.775880 2.044160
0.323472 -0.842241 1.995020
0.224491 -0.002877 2.044790
0.206237 0.066431 2.089160
0.196392 0.441139 2.069440
0.217503 0.635265 2.065790
0.060934 0.310902 2.036400
-0.014318 0.033605 1.970600
0.003541 -0.177038 1.891940
0.016200 -0.251503 1.866070
0.364153 0.309902 2.132310
0.426588 0.045406 2.131330
0.424691 -0.172451 2.058570
0.428288 -0.242487 2.035970
0.158139 -0.074592 2.015950
0.168864 -0.482819 2.004120
0.164481 -0.746687 2.000850
0.186885 -0.783492 1.908800
0.300139 -0.074232 2.064370
0.315701 -0.497433 2.039360
0.303379 -0.775966 2.044280
0.322460 -0.842649 1.995310
0.224337 -0.003396 2.049620
0.204812 0.066197 2.092440
0.193451 0.441162 2.072420
0.215897 0.635282 2.068310
0.060321 0.310309 2.035140
-0.015209 0.033160 1.961830
0.004182 -0.176242 1.878770
0.018092 -0.250266 1.853100
0.361337 0.310434 2.138400
0.425346 0.046107 2.141840
0.423174 -0.173677 2.067320
0.428653 -0.242430 2.044280
0.158793 -0.075086 2.019330
0.168096 -0.482431 2.004980
0.164364 -0.746570 2.000770
0.189436 -0.783756 1.909950
0.299809 -0.074279 2.071140
0.316685 -0.496582 2.041570
0.303419 -0.776350 2.045210
0.322165 -0.842578 1.995200
0.225625 -0.004004 2.056080
0.204229 0.065879 2.096400
0.190373 0.441025 2.076200
0.214603 0.635307 2.071030
0.059914 0.309777 2.034220
-0.015204 0.033539 1.954870
0.005800 -0.173898 1.866270
0.021311 -0.248245 1.840550
0.358855 0.310516 2.145030
0.424399 0.046712 2.151360
0.422534 -0.171762 2.081890
0.428453 -0.240336 2.055130
0.161754 -0.075897 2.024990
0.167417 -0.482133 2.005740
0.164262 -0.746486 2.000720
0.191773 -0.784060 1.911130
0.301439 -0.074212 2.079540
0.320640 -0.498388 2.054240
0.304819 -0.779852 2.056380
0.322999 -0.843983 2.000090
0.228338 -0.004884 2.064860
0.204726 0.065405 2.102000
0.187716 0.440850 2.080420
0.214003 0.635353 2.074460
0.059715 0.309313 2.033700
-0.014607 0.034846 1.949740
0.008055 -0.169993 1.856120
0.026450 -0.244074 1.828110
0.356558 0.310353 2.151940
0.423943 0.046989 2.160450
0.422494 -0.171485 2.092200
0.429251 -0.241306 2.066330
0.167627 -0.077181 2.033460
0.166853 -0.481899 2.006400
0.164173 -0.746424 2.000690
0.193815 -0.784368 1.912230
0.303821 -0.074445 2.090420
0.323916 -0.501183 2.067200
0.308057 -0.786392 2.076230
0.325318 -0.847212 2.010940
0.231886 -0.005304 2.072930
0.206387 0.065044 2.107830
0.185936 0.440439 2.086380
0.216477 0.634090 2.080210
0.059736 0.308741 2.033490
-0.013581 0.037397 1.945830
0.010690 -0.164923 1.848630
0.030539 -0.238630 1.819730
0.354936 0.309583 2.161460
0.423822 0.046767 2.168370
0.422904 -0.172039 2.100720
0.431249 -0.244340 2.076970
0.172482 -0.077929 2.039570
0.166423 -0.481642 2.007030
0.164093 -0.746379 2.000670
0.195764 -0.784618 1.913280
0.307989 -0.074570 2.101130
0.326362 -0.508094 2.088090
0.310316 -0.795378 2.100970
0.334928 -0.844647 2.019680
0.247660 -0.003334 2.098360
0.215656 0.066614 2.123570
0.184788 0.440258 2.092170
0.221477 0.632524 2.086600
0.060599 0.307722 2.034170
-0.012308 0.041644 1.943550
0.013642 -0.158256 1.843570
0.034598 -0.231620 1.813940
0.355086 0.308315 2.177680
0.423612 0.047035 2.175900
0.423759 -0.171820 2.111090
0.432797 -0.244125 2.088760
0.192617 -0.078274 2.059950
0.166193 -0.481053 2.007970
0.164025 -0.746345 2.000660
0.197940 -0.784948 1.914500
0.327642 -0.072721 2.138450
0.328578 -0.514848 2.104970
0.311119 -0.803122 2.121770
0.344089 -0.844724 2.033150
0.256520 -0.001860 2.112570
0.223611 0.068188 2.135070
0.185299 0.440243 2.099520
0.229910 0.631566 2.094770
0.062500 0.306554 2.036030
-0.011072 0.048910 1.943480
0.016369 -0.150052 1.841360
0.037887 -0.221617 1.811400
0.356191 0.307343 2.195060
0.423552 0.047163 2.184660
0.424963 -0.171210 2.122150
0.434279 -0.243527 2.099560
0.203308 -0.078198 2.070870
0.166408 -0.480191 2.009290
0.163963 -0.746313 2.000650
0.200134 -0.785172 1.915680
0.337148 -0.071774 2.156920
0.330723 -0.527825 2.126060
0.311031 -0.810171 2.137530
0.351061 -0.847734 2.047650
0.262386 -0.001299 2.122460
0.230082 0.069030 2.143850
0.188505 0.441084 2.110050
0.243760 0.629705 2.104480
0.065302 0.305329 2.038830
-0.010462 0.056125 1.944600
0.018647 -0.142969 1.841390
0.040664 -0.211448 1.812720
0.356983 0.306132 2.207460
0.423367 0.049171 2.200730
0.426954 -0.171535 2.134760
0.435685 -0.247957 2.112030
0.210724 -0.078329 2.079090
0.168026 -0.477768 2.011950
0.163903 -0.746272 2.000630
0.202092 -0.785246 1.916630
0.341971 -0.071639 2.167320
0.331825 -0.534616 2.137180
0.310900 -0.814304 2.146700
0.352943 -0.875795 2.112850
0.267249 -0.000753 2.132000
0.235605 0.069823 2.151570
0.192319 0.441603 2.119250
0.263512 0.625478 2.116770
0.069619 0.304215 2.042960
-0.010388 0.062332 1.946540
0.020665 -0.137202 1.843410
0.043256 -0.203710 1.817260
0.359536 0.304119 2.228860
0.422442 0.050775 2.215950
0.429603 -0.172593 2.149920
0.437104 -0.252547 2.121600
0.216788 -0.078371 2.087060
0.170068 -0.476014 2.014670
0.163837 -0.746218 2.000560
0.204642 -0.785268 1.917760
0.345423 -0.071815 2.177870
0.333154 -0.539320 2.145950
0.310588 -0.816874 2.153010
0.349165 -0.894423 2.151810
0.271849 -0.000710 2.143910
0.241624 0.070330 2.160470
0.197759 0.441594 2.127950
0.281062 0.620433 2.126750
0.074975 0.303324 2.048130
-0.010547 0.066960 1.948710
0.022928 -0.133078 1.847870
0.045504 -0.198981 1.825200
0.361015 0.303080 2.241670
0.419925 0.052716 2.234600
0.431817 -0.173384 2.163760
0.438241 -0.256691 2.129320
0.222726 -0.078624 2.099330
0.172340 -0.474938 2.017190
0.163813 -0.746091 2.000290
0.207024 -0.785251 1.918420
0.347666 -0.072637 2.190640
0.334385 -0.542632 2.152990
0.310491 -0.818884 2.157850
0.357519 -0.874818 2.114020
0.276726 -0.002951 2.160910
0.248855 0.069178 2.172550
0.205550 0.440068 2.136550
0.291756 0.617254 2.132840
0.081557 0.302194 2.054310
-0.010758 0.070607 1.951580
0.026161 -0.132619 1.858540
0.048142 -0.200322 1.843280
0.361551 0.302359 2.249240
0.418000 0.056983 2.263600
0.439148 -0.171098 2.202980
0.440650 -0.259270 2.151480
0.228883 -0.081117 2.118130
0.177001 -0.473926 2.021430
0.163804 -0.745920 1.999680
0.208921 -0.785339 1.918680
0.348703 -0.074625 2.209760
0.335830 -0.544392 2.159840
0.310928 -0.820424 2.162110
0.363551 -0.872653 2.113920
0.279119 -0.006016 2.174140
0.253622 0.067122 2.182060
0.214625 0.437403 2.145330
0.307616 0.609561 2.140140
0.089072 0.300456 2.061030
-0.011010 0.073172 1.954850
0.029703 -0.138290 1.876700
0.049633 -0.208279 1.865540
0.361927 0.299610 2.260770
0.417619 0.055861 2.288960
0.454890 -0.166718 2.262600
0.442419 -0.266092 2.164910
0.231679 -0.083945 2.133020
0.181741 -0.472687 2.025200
0.164218 -0.745539 1.998020
0.212017 -0.785357 1.918370
0.348045 -0.076870 2.222710
0.337154 -0.544463 2.166090
0.311607 -0.821519 2.165540
0.368480 -0.868238 2.107540
0.279743 -0.010703 2.185140
0.256933 0.063639 2.190090
0.224760 0.433238 2.153890
0.319591 0.603051 2.145690
0.098972 0.296801 2.069010
-0.011173 0.072450 1.959990
0.031172 -0.148324 1.897980
0.053927 -0.233089 1.906280
0.363044 0.293673 2.272640
0.417696 0.043544 2.320560
0.442587 -0.216652 2.247380
0.446133 -0.285246 2.179030
0.232378 -0.087218 2.143340
0.190005 -0.469898 2.031400
0.167059 -0.744147 1.994160
0.218699 -0.784565 1.916570
0.344832 -0.082745 2.235830
0.338340 -0.543956 2.171070
0.312253 -0.822440 2.167970
0.371742 -0.866179 2.104000
0.279158 -0.017388 2.196280
0.259597 0.057953 2.198780
0.237668 0.425923 2.163390
0.331809 0.594844 2.151230
0.110880 0.290859 2.077910
-0.010956 0.067919 1.967040
0.030258 -0.159534 1.920800
0.054588 -0.249974 1.931100
0.364925 0.287267 2.284630
0.417194 0.036662 2.337210
0.443015 -0.209212 2.274160
0.445137 -0.282641 2.204030
0.231530 -0.091759 2.152860
0.196741 -0.467737 2.036410
0.169770 -0.742918 1.990890
0.224494 -0.784010 1.915340
0.339986 -0.091642 2.250110
0.339376 -0.543554 2.175220
0.313084 -0.823056 2.169790
0.374266 -0.864924 2.102020
0.277354 -0.022660 2.203930
0.260690 0.053426 2.204580
0.247813 0.419241 2.170480
0.342963 0.586183 2.156500
0.120632 0.285683 2.085240
-0.009938 0.060247 1.975710
0.028053 -0.174889 1.946850
0.050887 -0.268064 1.961330
0.370425 0.279820 2.304240
0.416233 0.029073 2.353580
0.432562 -0.225237 2.279770
0.444433 -0.289913 2.220000
0.228703 -0.095752 2.159980
0.206293 -0.475778 2.042540
0.172441 -0.741747 1.988220
0.230089 -0.783456 1.914730
0.334426 -0.098968 2.259490
0.340464 -0.542958 2.178770
0.313961 -0.823498 2.171080
0.376323 -0.864185 2.100870
0.274413 -0.035933 2.218870
0.262179 0.041276 2.216630
0.258903 0.410129 2.177170
0.354684 0.575634 2.161780
0.128417 0.281034 2.091320
-0.006901 0.049295 1.986290
0.026218 -0.189405 1.973190
0.047060 -0.281692 1.983710
0.373203 0.275191 2.314000
0.407475 -0.002828 2.368960
0.426617 -0.231726 2.286140
0.439747 -0.297403 2.242780
0.223133 -0.109435 2.183670
0.229308 -0.476716 2.068560
0.174449 -0.740880 1.986420
0.212214 -0.807709 1.960440
0.329807 -0.105939 2.267690
0.341432 -0.542551 2.181610
0.316282 -0.823924 2.171750
0.379039 -0.864180 2.099990
0.271389 -0.043008 2.226340
0.262364 0.034567 2.222720
0.268335 0.401701 2.182240
0.365444 0.565508 2.166300
0.135704 0.276323 2.097140
-0.003303 0.038368 1.997190
0.023412 -0.197667 1.991160
0.039649 -0.292536 2.005330
0.377197 0.266610 2.322810
0.403421 -0.026080 2.376970
0.418745 -0.249781 2.321320
0.434972 -0.325534 2.278380
0.216129 -0.115000 2.192320
0.236220 -0.477349 2.076540
0.176876 -0.740779 1.985530
0.227864 -0.803147 1.949070
0.323889 -0.112872 2.274250
0.342401 -0.542190 2.184110
0.320600 -0.826566 2.171230
0.383400 -0.867441 2.098930
0.270388 -0.065255 2.255230
0.265572 0.014196 2.244830
0.278383 0.390617 2.186500
0.375665 0.553837 2.170020
0.143441 0.269571 2.103710
0.000915 0.026535 2.008640
0.020109 -0.205255 2.008170
0.029964 -0.304565 2.026970
0.386045 0.226486 2.338030
0.401033 -0.051909 2.385590
0.411579 -0.271302 2.346000
0.430593 -0.346325 2.298380
0.214180 -0.136101 2.223690
0.240573 -0.478328 2.082450
0.182732 -0.743802 1.987960
0.238991 -0.804361 1.945730
0.319438 -0.135396 2.308080
0.343510 -0.541987 2.186240
0.324838 -0.829316 2.169120
0.327755 -0.893156 2.126940
0.273429 -0.083820 2.278550
0.271039 -0.004757 2.264780
0.288579 0.376650 2.189300
0.386097 0.539296 2.172520
0.151236 0.260595 2.110330
0.005235 0.012105 2.020030
0.015511 -0.221386 2.034220
0.022581 -0.313603 2.042570
0.389230 0.205500 2.343480
0.398672 -0.070131 2.397150
0.394952 -0.285918 2.357180
0.419069 -0.362749 2.309790
0.219096 -0.156018 2.250140
0.243383 -0.480320 2.087390
0.191710 -0.753558 1.998440
0.247486 -0.808681 1.947000
0.319470 -0.151703 2.334100
0.344990 -0.541848 2.188500
0.329026 -0.832545 2.165580
0.268441 -0.843682 2.095560
0.246439 -0.096961 2.268690
0.255254 -0.019761 2.259970
0.300264 0.356201 2.190350
0.396712 0.521207 2.173870
0.159054 0.246533 2.117040
0.008841 -0.000435 2.029500
0.012381 -0.232839 2.050300
0.012402 -0.331457 2.068750
0.391412 0.182151 2.348920
0.396866 -0.078677 2.404420
0.383597 -0.292062 2.363760
0.409586 -0.372102 2.317150
0.182355 -0.160071 2.226430
0.244800 -0.485807 2.090950
0.199296 -0.766813 2.013950
0.252822 -0.813402 1.950310
0.287067 -0.174277 2.329340
0.347100 -0.541583 2.191300
0.323158 -0.821631 2.122660
0.224921 -0.800791 2.046820
0.234662 -0.102240 2.263450
0.247282 -0.027038 2.256330
0.310919 0.331465 2.189170
0.408885 0.493670 2.173020
0.164380 0.232731 2.122200
0.013092 -0.015308 2.039790
0.010099 -0.240984 2.061170
0.006997 -0.341740 2.083830
0.392570 0.168151 2.352720
0.392261 -0.087231 2.412620
0.373790 -0.303147 2.385150
0.400150 -0.384398 2.332890
0.164008 -0.161851 2.214150
0.245515 -0.492762 2.093290
0.203770 -0.777170 2.028000
0.245177 -0.842494 1.993760
0.274756 -0.183870 2.328230
0.349817 -0.541921 2.194630
0.321087 -0.817292 2.104630
0.200917 -0.792446 2.030680
0.229415 -0.106749 2.263230
0.243411 -0.033316 2.255660
0.320069 0.302063 2.187890
0.418625 0.464180 2.171630
0.167715 0.213172 2.126950
0.016978 -0.031506 2.048700
0.008358 -0.252914 2.071620
0.003588 -0.354125 2.096940
0.393093 0.157071 2.355570
0.388642 -0.092339 2.418140
0.363522 -0.309266 2.404330
0.389580 -0.393047 2.348710
0.155703 -0.165293 2.210580
0.245806 -0.503941 2.095800
0.206951 -0.793900 2.053540
0.266537 -0.847389 2.040910
0.268742 -0.190803 2.331110
0.351855 -0.549227 2.193980
0.322297 -0.816168 2.098780
0.205251 -0.802854 2.040100
0.225845 -0.118029 2.269560
0.239901 -0.048502 2.260420
0.324102 0.263127 2.187010
0.423867 0.424971 2.169150
0.169954 0.181438 2.130830
0.020678 -0.053975 2.057420
0.002819 -0.299866 2.092410
0.008938 -0.397197 2.115730
0.393713 0.149136 2.358000
0.383937 -0.096349 2.423160
0.356135 -0.310383 2.456870
0.377391 -0.398577 2.397200
0.148838 -0.184833 2.221010
0.249543 -0.523962 2.103000
0.199979 -0.833796 2.075060
0.261571 -0.886377 2.047300
0.265743 -0.201730 2.342650
0.354043 -0.553076 2.196640
0.325819 -0.816865 2.099520
0.203690 -0.808915 2.049950
0.223432 -0.139910 2.283390
0.236643 -0.072488 2.270460
0.325320 0.238425 2.186750
0.442973 0.376692 2.166940
0.170262 0.157313 2.133530
0.023400 -0.078317 2.063770
-0.001689 -0.361731 2.118270
0.000132 -0.444061 2.133880
0.392925 0.137126 2.360200
0.360444 -0.130648 2.438770
0.354926 -0.342862 2.494350
0.371698 -0.425216 2.432290
0.145847 -0.208009 2.237490
0.252852 -0.539316 2.109270
0.215112 -0.844642 2.112820
0.262240 -0.893739 2.055780
0.264312 -0.214423 2.356120
0.355816 -0.556700 2.199640
0.326266 -0.819003 2.105200
0.201268 -0.812257 2.055320
0.219752 -0.164819 2.296930
0.232115 -0.099516 2.280950
0.322695 0.206605 2.186210
0.450954 0.348599 2.165630
0.168184 0.129909 2.136010
0.024687 -0.096515 2.067910
-0.004007 -0.400924 2.135070
-0.006163 -0.469711 2.143720
0.386118 0.078474 2.374660
0.338073 -0.182373 2.461950
0.322253 -0.389780 2.535190
0.320876 -0.463254 2.524780
0.141590 -0.232179 2.253500
0.252180 -0.559260 2.119780
0.196111 -0.871816 2.135970
0.244848 -0.924312 2.071680
0.260925 -0.239155 2.375170
0.354349 -0.583659 2.198280
0.331619 -0.863084 2.119650
0.325887 -0.913218 2.070470
0.193541 -0.204096 2.298860
0.208767 -0.139495 2.282030
0.319273 0.180184 2.186220
0.453036 0.318107 2.164230
0.162564 0.093966 2.137980
0.023252 -0.140605 2.075860
-0.013069 -0.430379 2.148650
-0.023757 -0.516437 2.162750
0.380624 0.044040 2.381700
0.326958 -0.208747 2.475720
0.294917 -0.415564 2.557500
0.284609 -0.481746 2.575570
0.116568 -0.266598 2.255670
0.253609 -0.573275 2.128380
0.181244 -0.888345 2.148200
0.231055 -0.943890 2.081250
0.226917 -0.278783 2.378010
0.353784 -0.591179 2.199530
0.332586 -0.897141 2.129740
0.387820 -0.978327 2.080980
0.175650 -0.229587 2.300070
0.193270 -0.164537 2.282970
0.310850 0.144950 2.187440
0.446614 0.294517 2.161160
0.154809 0.054863 2.140190
0.012860 -0.195467 2.087270
-0.016429 -0.444616 2.155890
-0.032222 -0.536540 2.170680
0.368384 -0.007731 2.393220
0.320089 -0.226043 2.489640
0.284345 -0.429608 2.570360
0.278080 -0.503464 2.575020
0.101612 -0.286499 2.257590
0.263935 -0.601700 2.148340
0.168519 -0.899692 2.152680
0.219990 -0.957360 2.085250
0.202758 -0.305399 2.378330
0.352606 -0.589362 2.194040
0.335200 -0.908574 2.133750
0.413605 -1.000300 2.087970
0.164353 -0.248113 2.302640
0.182134 -0.184877 2.285440
0.300681 0.111728 2.189600
0.426350 0.254202 2.157350
0.146478 0.021097 2.142030
0.003373 -0.228533 2.094920
-0.024727 -0.453703 2.162740
-0.048000 -0.549091 2.180310
0.362442 -0.032041 2.397880
0.303458 -0.258119 2.514240
0.279057 -0.449552 2.579750
0.280580 -0.540169 2.567280
0.089441 -0.305795 2.260170
0.268255 -0.613282 2.155640
0.158771 -0.906549 2.156290
0.211652 -0.965916 2.089220
0.188708 -0.324467 2.382430
0.352752 -0.588290 2.190320
0.336839 -0.916326 2.136260
0.428955 -1.013940 2.092110
0.147846 -0.281649 2.303350
0.166161 -0.219354 2.287050
0.287002 0.071411 2.195390
0.414299 0.229153 2.156910
0.136567 -0.009345 2.144390
-0.000634 -0.243342 2.098780
-0.064647 -0.455197 2.166370
-0.090880 -0.545500 2.186590
0.353076 -0.063739 2.403100
0.294900 -0.274469 2.526900
0.270662 -0.463420 2.589960
0.275602 -0.556725 2.569060
0.075380 -0.330701 2.261640
0.270709 -0.620377 2.159840
0.150009 -0.910287 2.157710
0.204483 -0.971167 2.091690
0.173735 -0.352765 2.380750
0.362056 -0.592407 2.191450
0.337871 -0.923288 2.137280
0.431140 -1.021280 2.092390
0.131282 -0.325488 2.319900
0.149391 -0.262525 2.302490
0.273391 0.040125 2.202310
0.391158 0.185067 2.157890
0.119804 -0.050912 2.150830
-0.010061 -0.256564 2.105210
-0.094825 -0.453212 2.166960
-0.120685 -0.539545 2.190650
0.342877 -0.090799 2.408080
0.284805 -0.293609 2.537990
0.255200 -0.485089 2.613010
0.267517 -0.574905 2.577170
0.060084 -0.373191 2.283790
0.274289 -0.627274 2.161260
0.143041 -0.910893 2.158200
0.198753 -0.973498 2.093680
0.157998 -0.393456 2.391240
0.369938 -0.593532 2.188810
0.340388 -0.927996 2.136430
0.429474 -1.022050 2.090620
0.120702 -0.359496 2.337380
0.138114 -0.293798 2.317440
0.254600 0.010831 2.211510
0.376206 0.156741 2.161210
0.106931 -0.080875 2.157000
-0.024501 -0.268058 2.113310
-0.126768 -0.454069 2.164130
-0.143423 -0.534969 2.194200
0.326765 -0.119923 2.414760
0.272986 -0.312901 2.547000
0.240858 -0.505165 2.630150
0.234121 -0.590220 2.640660
0.051487 -0.408855 2.304180
0.278394 -0.633857 2.160100
0.154946 -0.919417 2.158310
0.212338 -0.983617 2.097410
0.147349 -0.430448 2.410480
0.375208 -0.597911 2.190580
0.336542 -0.928635 2.139230
0.411927 -1.009020 2.093000
0.102630 -0.409248 2.358410
0.118381 -0.341147 2.337270
0.229578 -0.019359 2.222530
0.353655 0.122957 2.174180
0.088627 -0.113039 2.168290
-0.044801 -0.282283 2.122980
-0.148546 -0.462902 2.164160
-0.162356 -0.529957 2.194780
0.305431 -0.149950 2.422730
0.251286 -0.342837 2.556970
0.217212 -0.535085 2.646650
0.203249 -0.611725 2.678080
0.035615 -0.450956 2.336690
0.280398 -0.637185 2.159770
0.167338 -0.922649 2.157320
0.225441 -0.987394 2.099200
0.137057 -0.468562 2.415560
0.380430 -0.602169 2.187590
0.332912 -0.925551 2.143470
0.399725 -0.994772 2.096930
0.094603 -0.431536 2.368470
0.108879 -0.363572 2.347300
0.203136 -0.048562 2.234150
0.333582 0.098770 2.185050
0.071033 -0.136601 2.178800
-0.062734 -0.294763 2.129190
-0.165086 -0.474685 2.164590
-0.173892 -0.526591 2.193430
0.279831 -0.181373 2.432500
0.228081 -0.373012 2.565950
0.194333 -0.564300 2.659310
0.180005 -0.631990 2.700350
0.028774 -0.470766 2.349950
0.282050 -0.639616 2.158770
0.175290 -0.924220 2.156720
0.234051 -0.988999 2.100390
0.130488 -0.493074 2.424010
0.379308 -0.603998 2.181830
0.331325 -0.920789 2.147980
0.393950 -0.983403 2.100430
0.086895 -0.443798 2.367490
0.100521 -0.376485 2.348810
0.175422 -0.071743 2.245270
0.304860 0.076152 2.198590
0.045746 -0.163205 2.191950
-0.097945 -0.327933 2.141570
-0.193096 -0.515604 2.166350
-0.201487 -0.563018 2.192190
0.252705 -0.207554 2.442530
0.199995 -0.402165 2.575370
0.166590 -0.592839 2.670270
0.153245 -0.654098 2.716080
0.014451 -0.484714 2.319940
0.286568 -0.642990 2.156030
0.179194 -0.924619 2.155950
0.239129 -0.988636 2.100590
0.125961 -0.505716 2.426350
0.377986 -0.604905 2.176160
0.334736 -0.915070 2.154420
0.395287 -0.973609 2.105170
0.148003 -0.451017 2.314470
0.136879 -0.391972 2.312030
0.135398 -0.094058 2.259540
0.265318 0.056926 2.215650
0.020820 -0.181356 2.203270
-0.125340 -0.353303 2.149090
-0.211464 -0.551168 2.164570
-0.217671 -0.594748 2.189770
0.231011 -0.222013 2.450270
0.185315 -0.415688 2.580300
0.152237 -0.606100 2.675930
0.138857 -0.664800 2.724280
0.103221 -0.502035 2.247320
0.350763 -0.707941 2.130700
0.276131 -0.958741 2.117980
0.341517 -0.907560 2.136300
0.200693 -0.536045 2.384210
0.366168 -0.696335 2.202280
0.346474 -0.870099 2.158030
0.409277 -0.917748 2.101490
0.169050 -0.458596 2.295270
0.151651 -0.400117 2.295600
0.107265 -0.106812 2.270340
0.233209 0.042600 2.237640
-0.006156 -0.196458 2.215490
-0.140490 -0.365951 2.152200
-0.220203 -0.568742 2.162410
-0.227577 -0.618615 2.183890
0.190177 -0.234966 2.456460
0.158318 -0.428704 2.583980
0.126168 -0.619113 2.679080
0.113206 -0.677013 2.726480
0.128485 -0.515698 2.221060
0.385366 -0.742350 2.120870
0.206656 -0.886102 2.106890
0.293060 -0.863833 2.139780
0.229226 -0.554347 2.371180
0.294957 -0.792558 2.159970
0.426733 -0.898081 2.172510
0.494260 -0.935478 2.112020
0.083315 -0.451559 2.339010
0.080952 -0.397172 2.329810
0.065812 -0.120310 2.290670
0.198010 0.031903 2.259480
-0.033714 -0.207915 2.228070
-0.158625 -0.375463 2.150890
-0.224506 -0.581761 2.161510
-0.233439 -0.636310 2.179540
0.156874 -0.241144 2.462600
0.128945 -0.437438 2.588340
0.097315 -0.628031 2.682380
0.085152 -0.686272 2.727310
0.020882 -0.510266 2.276300
0.316924 -0.666412 2.148550
0.209284 -0.868465 2.108530
0.311844 -0.846429 2.147830
0.135509 -0.532157 2.425800
0.125282 -0.793527 2.155500
0.384405 -0.858161 2.162790
0.477038 -0.910012 2.107300
0.108370 -0.459386 2.320400
0.089459 -0.405413 2.321280
0.033747 -0.126998 2.306560
0.164989 0.026286 2.277020
-0.066179 -0.215544 2.240260
-0.185518 -0.381710 2.147880
-0.259716 -0.589782 2.137800
-0.275654 -0.652637 2.145840
0.127920 -0.245783 2.471230
0.086857 -0.444332 2.598930
0.055945 -0.635247 2.691300
0.045650 -0.694828 2.732200
0.079222 -0.517043 2.241010
0.360224 -0.703322 2.134920
0.279664 -0.904809 2.104870
0.337179 -0.836981 2.157610
0.173844 -0.549544 2.401600
0.153107 -0.822807 2.145890
0.430913 -0.878233 2.162240
0.506673 -0.918222 2.103250
0.069926 -0.497616 2.286750
0.051120 -0.437968 2.295850
0.001080 -0.127916 2.324760
0.134008 0.026846 2.293630
-0.091764 -0.217820 2.248750
-0.201473 -0.386160 2.146370
-0.284419 -0.593474 2.125410
-0.301866 -0.660675 2.129490
0.102263 -0.247064 2.481530
0.053787 -0.446736 2.610440
0.023000 -0.637893 2.701680
0.013820 -0.698782 2.739520
0.039317 -0.553429 2.211620
0.365367 -0.663343 2.156340
0.299941 -0.896445 2.111560
0.348591 -0.820529 2.191320
0.131544 -0.581221 2.343920
0.080560 -0.943792 2.063750
0.383698 -0.852030 2.157210
0.458873 -0.888473 2.099860
0.020003 -0.476392 2.377280
0.005215 -0.421106 2.367350
-0.027324 -0.126661 2.339480
0.101867 0.031012 2.308340
-0.113141 -0.218548 2.255460
-0.218057 -0.389006 2.147010
-0.293659 -0.597549 2.119860
-0.313525 -0.667397 2.118440
0.070444 -0.229432 2.505180
-0.000048 -0.434969 2.545780
-0.031139 -0.626394 2.635860
-0.040558 -0.689257 2.670400
-0.023394 -0.543104 2.330420
0.301919 -0.619413 2.173860
0.244119 -0.861344 2.117910
0.318837 -0.841270 2.166850
0.083995 -0.547302 2.448700
0.158874 -0.722196 2.114100
0.370093 -0.842667 2.156910
0.454935 -0.882797 2.100140
-0.003935 -0.473959 2.406180
-0.019324 -0.415923 2.399200
-0.050710 -0.124388 2.350950
0.055756 0.053670 2.321770
-0.133461 -0.217368 2.261650
-0.239383 -0.394615 2.150390
-0.298894 -0.602386 2.116110
-0.317610 -0.675287 2.111050
0.046977 -0.212446 2.526180
-0.019316 -0.430059 2.535120
-0.050528 -0.621518 2.624750
-0.059994 -0.685000 2.658130
-0.047217 -0.547461 2.359000
0.265326 -0.593865 2.181800
0.229488 -0.846698 2.122350
0.312957 -0.847158 2.160570
0.060849 -0.541730 2.473260
0.299722 -0.586411 2.207210
0.348561 -0.827107 2.154490
0.426317 -0.866155 2.098880
-0.041264 -0.446104 2.417500
-0.055638 -0.391441 2.409790
-0.076574 -0.119740 2.359120
0.027789 0.067177 2.328720
-0.154709 -0.217186 2.266900
-0.253232 -0.398859 2.153230
-0.299890 -0.608670 2.118950
-0.315394 -0.684157 2.114250
0.030966 -0.206924 2.536580
-0.032295 -0.428150 2.528980
-0.063557 -0.619626 2.618380
-0.073026 -0.683469 2.651080
-0.080779 -0.526836 2.351570
0.243850 -0.578784 2.185490
0.221000 -0.835862 2.125310
0.306268 -0.852342 2.153180
0.022200 -0.514565 2.496730
0.301802 -0.546264 2.226950
0.339122 -0.818284 2.149620
0.415126 -0.857482 2.094230
-0.055145 -0.440310 2.429450
-0.069404 -0.386098 2.419320
-0.095598 -0.116426 2.364230
0.005139 0.074847 2.333490
-0.174118 -0.217204 2.270190
-0.263758 -0.401820 2.156070
-0.304640 -0.612523 2.120730
-0.319794 -0.688761 2.115100
0.004295 -0.210743 2.546630
-0.046828 -0.428466 2.525780
-0.077525 -0.618708 2.617680
-0.087310 -0.682333 2.651460
-0.096010 -0.526816 2.374000
0.228671 -0.567413 2.188020
0.204609 -0.823142 2.125800
0.301234 -0.854124 2.148870
0.008625 -0.508218 2.511500
0.321281 -0.522549 2.258590
0.377290 -0.804036 2.120940
0.452778 -0.844439 2.068300
-0.083983 -0.439303 2.418910
-0.095878 -0.385006 2.412700
-0.125533 -0.114411 2.366450
-0.017474 0.077745 2.336440
-0.195516 -0.219722 2.272210
-0.291058 -0.411405 2.166070
-0.296131 -0.622000 2.132550
-0.295999 -0.700576 2.132650
-0.014258 -0.215160 2.552260
-0.060512 -0.429729 2.533330
-0.090973 -0.618720 2.629620
-0.100981 -0.682028 2.665480
-0.126228 -0.520484 2.355230
0.220572 -0.560538 2.190130
0.194368 -0.816849 2.125340
0.279276 -0.843296 2.113820
-0.021865 -0.507681 2.498250
0.367380 -0.560075 2.252480
0.411321 -0.798015 2.101330
0.486206 -0.838628 2.049420
-0.093953 -0.439058 2.417690
-0.106661 -0.385025 2.411310
-0.144562 -0.115442 2.367710
-0.039794 0.076129 2.338620
-0.215281 -0.223817 2.273510
-0.303749 -0.416369 2.170440
-0.290220 -0.629002 2.141970
-0.282810 -0.707699 2.144250
-0.033013 -0.222278 2.558120
-0.077170 -0.433183 2.547140
-0.106224 -0.619719 2.650290
-0.115980 -0.682150 2.689290
-0.134582 -0.519680 2.351740
0.209155 -0.548582 2.184880
0.187242 -0.813394 2.124750
0.258806 -0.855387 2.095730
-0.029060 -0.508693 2.499290
0.346172 -0.511082 2.271740
0.482746 -0.771389 2.084660
0.558314 -0.811349 2.033410
-0.120508 -0.435427 2.397250
-0.129827 -0.384758 2.397370
-0.164801 -0.121097 2.369160
-0.061115 0.070180 2.340500
-0.236036 -0.230929 2.274720
-0.319231 -0.424264 2.176340
-0.288469 -0.635701 2.149260
-0.277317 -0.713522 2.151290
-0.050162 -0.227975 2.560600
-0.090764 -0.435797 2.564430
-0.119116 -0.621155 2.669050
-0.128716 -0.683197 2.708590
-0.159866 -0.514266 2.315500
0.202176 -0.542291 2.182500
0.181546 -0.811683 2.124100
0.249775 -0.859449 2.088770
-0.051916 -0.512699 2.485130
0.326554 -0.499602 2.282040
0.548083 -0.707596 2.081320
0.623844 -0.747196 2.029680
-0.134397 -0.438707 2.390030
-0.145372 -0.389865 2.390740
-0.185882 -0.132170 2.371500
-0.101689 0.055689 2.346080
-0.254536 -0.240161 2.276270
-0.333765 -0.433238 2.180130
-0.285876 -0.641706 2.155150
-0.270772 -0.718548 2.157230
-0.071301 -0.238033 2.559960
-0.105064 -0.440619 2.579780
-0.132830 -0.625110 2.684650
-0.142230 -0.686823 2.724230
-0.174595 -0.516369 2.301880
0.162769 -0.549231 2.148180
0.176682 -0.811331 2.123510
0.243985 -0.861439 2.085080
-0.064228 -0.518366 2.478830
0.311042 -0.499327 2.291170
0.595049 -0.640463 2.087970
0.671354 -0.679454 2.036080
-0.144231 -0.441181 2.385820
-0.157434 -0.393948 2.386450
-0.206237 -0.143626 2.371440
-0.122330 0.047658 2.350570
-0.272981 -0.250731 2.279350
-0.349978 -0.442975 2.183170
-0.281948 -0.645826 2.159030
-0.259955 -0.721263 2.161120
-0.089030 -0.245267 2.561540
-0.120690 -0.445086 2.594400
-0.046081 -0.569065 2.721870
-0.036085 -0.646114 2.707000
-0.183876 -0.518510 2.294530
0.144279 -0.553591 2.130780
0.173311 -0.811992 2.122920
0.240494 -0.862818 2.084200
-0.072826 -0.522886 2.475650
0.293748 -0.504494 2.298300
0.349294 -0.785108 2.288210
0.300425 -0.805073 2.192920
-0.153281 -0.443451 2.382480
-0.169490 -0.397744 2.382780
-0.230737 -0.156443 2.371330
-0.159066 0.032669 2.353720
-0.294460 -0.264306 2.284270
-0.361590 -0.453348 2.182050
-0.326639 -0.667421 2.147410
-0.320230 -0.742615 2.141220
-0.110197 -0.253771 2.566920
-0.133471 -0.451144 2.606480
0.005226 -0.439065 2.756940
0.044212 -0.452642 2.776240
-0.190841 -0.520747 2.289340
0.136217 -0.554649 2.123680
0.171723 -0.814013 2.122150
0.240477 -0.863409 2.085890
-0.080110 -0.526272 2.473330
0.279100 -0.504511 2.312470
0.347284 -0.774751 2.308860
0.294421 -0.786451 2.205130
-0.183265 -0.442388 2.373440
-0.198483 -0.399339 2.375620
-0.251838 -0.167239 2.373190
-0.181523 0.024776 2.356410
-0.312222 -0.275815 2.287630
-0.372576 -0.463448 2.178810
-0.356338 -0.681911 2.139690
-0.358699 -0.757011 2.129490
-0.127292 -0.261207 2.571020
-0.165292 -0.466464 2.583280
-0.026956 -0.345400 2.738440
0.019046 -0.309970 2.786300
-0.215212 -0.521807 2.276000
0.132746 -0.556225 2.120360
0.172199 -0.815673 2.120910
0.246397 -0.859730 2.090290
-0.115219 -0.525008 2.461000
0.253128 -0.487471 2.343530
0.302569 -0.796508 2.338000
0.240491 -0.810599 2.221630
-0.193071 -0.444293 2.371680
-0.209623 -0.401810 2.373860
-0.270487 -0.176082 2.374220
-0.203121 0.015614 2.360320
-0.333970 -0.287263 2.290730
-0.381333 -0.473102 2.173300
-0.365149 -0.689258 2.138870
-0.368334 -0.763948 2.128380
-0.143937 -0.268968 2.575050
-0.182693 -0.474273 2.588410
0.007735 -0.388133 2.729110
0.073690 -0.370990 2.771430
-0.227001 -0.526273 2.273030
0.137232 -0.550870 2.121510
0.173762 -0.816966 2.119630
0.252138 -0.856785 2.094710
-0.113977 -0.529078 2.464860
0.268302 -0.513323 2.375700
0.298008 -0.796586 2.332920
0.243502 -0.814027 2.216250
-0.199533 -0.445464 2.371140
-0.217164 -0.403447 2.373460
-0.288276 -0.183789 2.377650
-0.225736 0.006494 2.366980
-0.349217 -0.295067 2.292640
-0.390285 -0.481267 2.169950
-0.366621 -0.695169 2.138690
-0.360863 -0.769674 2.130080
-0.159304 -0.276052 2.579700
-0.192897 -0.481016 2.592260
0.014239 -0.349883 2.721830
0.069628 -0.388674 2.746510
-0.236698 -0.527177 2.279200
0.148797 -0.518645 2.137770
0.176061 -0.817876 2.118570
0.256749 -0.854767 2.098090
-0.116984 -0.529079 2.463730
0.273374 -0.520803 2.389020
0.270860 -0.803790 2.363100
0.249764 -0.810300 2.218700
-0.227268 -0.441157 2.356330
-0.246130 -0.402325 2.363020
-0.308681 -0.192021 2.384690
-0.249457 -0.004696 2.375470
-0.363321 -0.300046 2.295320
-0.396925 -0.485779 2.167010
-0.364713 -0.698573 2.140210
-0.349347 -0.771470 2.135500
-0.191430 -0.299458 2.556360
-0.211348 -0.499813 2.580550
-0.013184 -0.384297 2.672760
0.039689 -0.399301 2.705570
-0.265627 -0.511301 2.259190
0.181480 -0.506263 2.138030
0.178714 -0.818354 2.117760
0.259999 -0.853698 2.100390
-0.141216 -0.525067 2.430880
0.297258 -0.614681 2.321650
0.287043 -0.861997 2.282920
0.241421 -0.835944 2.155100
-0.283613 -0.476633 2.334790
-0.299683 -0.432703 2.346630
-0.330924 -0.197605 2.391570
-0.290450 -0.010727 2.387040
-0.380448 -0.304320 2.298600
-0.406095 -0.488788 2.164510
-0.352286 -0.694849 2.143780
-0.317309 -0.759941 2.144590
-0.206295 -0.309663 2.546330
-0.221513 -0.506513 2.583440
-0.045606 -0.377767 2.759090
0.015938 -0.340380 2.830320
-0.326315 -0.532949 2.246630
0.159330 -0.504154 2.145550
0.181755 -0.818521 2.117460
0.262528 -0.853393 2.102320
-0.207882 -0.565437 2.385510
0.266022 -0.641481 2.312550
0.270062 -0.877051 2.300460
0.237146 -0.850348 2.200650
-0.314612 -0.499439 2.323190
-0.326711 -0.450277 2.338590
-0.348618 -0.201964 2.398750
-0.342411 -0.009149 2.398380
-0.390597 -0.307219 2.300080
-0.414888 -0.491330 2.161530
-0.350238 -0.695507 2.144670
-0.311537 -0.759338 2.146680
-0.224975 -0.324806 2.525320
-0.228830 -0.512421 2.584490
-0.045307 -0.380790 2.737730
0.022968 -0.342504 2.802690
-0.357567 -0.546792 2.240060
0.152416 -0.503125 2.148260
0.185340 -0.818256 2.117840
0.267929 -0.849592 2.106050
-0.248182 -0.593143 2.359840
0.258035 -0.655890 2.303220
0.260772 -0.884513 2.309220
0.247040 -0.855127 2.213110
-0.327633 -0.508065 2.319080
-0.339384 -0.457914 2.335810
-0.363074 -0.204608 2.405960
-0.370450 -0.009341 2.405620
-0.398031 -0.309211 2.300860
-0.419570 -0.493583 2.160420
-0.348681 -0.696403 2.144760
-0.307671 -0.759377 2.147400
-0.236222 -0.330509 2.515760
-0.235864 -0.516581 2.584990
-0.041494 -0.388374 2.735560
0.032726 -0.348494 2.794330
-0.370827 -0.552216 2.237110
0.145968 -0.504207 2.150290
0.188811 -0.817694 2.118880
0.272470 -0.845944 2.109290
-0.264240 -0.603608 2.351250
0.250649 -0.664154 2.297770
0.252170 -0.888446 2.318180
0.251529 -0.857918 2.220630
-0.284195 -0.476421 2.362190
-0.311935 -0.437177 2.370640
-0.377267 -0.207140 2.414840
-0.397662 -0.011848 2.416720
-0.403533 -0.310559 2.301340
-0.423281 -0.495110 2.159500
-0.347554 -0.696984 2.144670
-0.305086 -0.759502 2.147510
-0.244171 -0.333185 2.514060
-0.242796 -0.519605 2.588570
-0.054763 -0.388792 2.739710
0.009174 -0.343764 2.795330
-0.316205 -0.530034 2.269230
0.165756 -0.530902 2.155180
0.190559 -0.817101 2.120870
0.274210 -0.843985 2.112210
-0.185370 -0.551179 2.424840
0.295606 -0.558483 2.387140
0.304115 -0.725107 2.275450
0.342010 -0.783288 2.219790
-0.303393 -0.493468 2.358310
-0.325248 -0.447974 2.371500
-0.387925 -0.208217 2.421810
-0.419627 -0.013468 2.427770
-0.407905 -0.311521 2.301500
-0.425616 -0.496222 2.158830
-0.346673 -0.697535 2.144560
-0.303645 -0.760043 2.147240
-0.250161 -0.333599 2.516020
-0.276329 -0.529782 2.511290
-0.100980 -0.409913 2.698680
-0.078376 -0.377744 2.722910
-0.330896 -0.564949 2.244580
0.161177 -0.561592 2.166470
0.167208 -0.828538 2.133680
0.273351 -0.842662 2.117580
-0.221715 -0.603529 2.426150
0.219469 -0.519009 2.464960
0.151404 -0.708685 2.299780
0.166913 -0.770335 2.233260
-0.280729 -0.536033 2.352650
-0.308300 -0.484431 2.368910
-0.396231 -0.208864 2.429420
-0.431351 -0.014967 2.435700
-0.410893 -0.312268 2.301570
-0.427275 -0.497051 2.158340
-0.347223 -0.698844 2.142340
-0.308887 -0.763527 2.140980
-0.266980 -0.317819 2.547380
-0.280924 -0.525174 2.475800
-0.147723 -0.414466 2.695070
-0.125782 -0.381174 2.756570
-0.307797 -0.588127 2.292550
0.164900 -0.551990 2.188830
0.170431 -0.837624 2.142590
0.275001 -0.847805 2.123890
-0.213312 -0.598150 2.375690
0.196320 -0.492869 2.500270
0.280124 -0.678219 2.263850
0.265479 -0.761121 2.207540
-0.281503 -0.545772 2.351710
-0.308498 -0.492562 2.369310
-0.402590 -0.208535 2.437040
-0.440772 -0.017536 2.453600
-0.413000 -0.312779 2.301680
-0.428437 -0.497642 2.157980
-0.346963 -0.699460 2.141200
-0.310394 -0.764961 2.138180
-0.278571 -0.304377 2.571690
-0.280081 -0.521001 2.458700
-0.142742 -0.413939 2.691350
-0.127059 -0.384550 2.755340
-0.319706 -0.595693 2.342940
0.141720 -0.536800 2.193320
0.169864 -0.839940 2.148090
0.277274 -0.853733 2.129380
-0.229842 -0.582446 2.329440
0.181401 -0.479596 2.518010
0.277999 -0.645662 2.256570
0.257500 -0.751568 2.208700
-0.282862 -0.550898 2.350660
-0.308938 -0.497308 2.369430
-0.407386 -0.207814 2.445900
-0.445213 -0.019410 2.472900
-0.414556 -0.313135 2.301940
-0.428755 -0.497692 2.157830
-0.346832 -0.699784 2.140050
-0.312158 -0.765914 2.135530
-0.283938 -0.299519 2.581940
-0.276888 -0.516516 2.449850
-0.101274 -0.417096 2.676030
0.002175 -0.377062 2.697700
-0.324396 -0.597389 2.364240
0.131545 -0.529976 2.197110
0.166610 -0.843167 2.154860
0.276922 -0.859489 2.134540
-0.239571 -0.568742 2.299200
0.159626 -0.462808 2.523320
0.289295 -0.632124 2.250830
0.253503 -0.746483 2.207260
-0.283237 -0.550637 2.350550
-0.309242 -0.498226 2.370020
-0.410918 -0.206314 2.457410
-0.447838 -0.021183 2.491170
-0.415765 -0.313030 2.303810
-0.427357 -0.495611 2.158600
-0.346584 -0.699264 2.138440
-0.313737 -0.765728 2.132570
-0.287062 -0.296400 2.589150
-0.272080 -0.511923 2.446580
-0.074659 -0.413874 2.666210
0.017811 -0.376865 2.657980
-0.322701 -0.598111 2.377230
0.127406 -0.525170 2.198970
0.165862 -0.844680 2.158220
0.277509 -0.864472 2.138160
-0.239250 -0.561373 2.285680
0.154207 -0.457167 2.526620
0.266722 -0.700804 2.246300
0.222094 -0.786873 2.191340
-0.283496 -0.548266 2.350330
-0.309665 -0.496863 2.370390
-0.413434 -0.204267 2.466190
-0.448996 -0.021637 2.505610
-0.416888 -0.312235 2.306770
-0.424420 -0.491632 2.160400
-0.345094 -0.697192 2.136100
-0.313877 -0.764086 2.129230
-0.289364 -0.294462 2.593480
-0.266712 -0.508875 2.446590
-0.061405 -0.412483 2.662110
0.047081 -0.372368 2.625680
-0.320920 -0.597674 2.384350
0.124899 -0.520955 2.199770
0.165499 -0.845483 2.160530
0.277904 -0.868178 2.140650
-0.237884 -0.556915 2.278590
0.154942 -0.457625 2.523310
0.269075 -0.704284 2.241760
0.203791 -0.813683 2.182260
-0.283609 -0.546631 2.350250
-0.310062 -0.495047 2.370840
-0.416396 -0.199305 2.478260
-0.450066 -0.020118 2.524410
-0.418872 -0.309120 2.314150
-0.418923 -0.481816 2.166020
-0.343186 -0.692076 2.133140
-0.313876 -0.759183 2.124600
-0.290968 -0.293002 2.596760
-0.276850 -0.497824 2.442400
-0.067888 -0.412811 2.640280
0.030591 -0.366607 2.589180
-0.318738 -0.595563 2.386150
0.123511 -0.517728 2.200240
0.165249 -0.846072 2.162180
0.278070 -0.871764 2.142740
-0.234337 -0.554987 2.278840
0.159364 -0.461916 2.517340
0.259400 -0.729730 2.243320
0.197425 -0.821270 2.178700
-0.283697 -0.544792 2.350730
-0.310482 -0.492684 2.372180
-0.419217 -0.194122 2.490220
-0.452391 -0.018034 2.541050
-0.421465 -0.304862 2.324410
-0.413965 -0.471193 2.172800
-0.341484 -0.685200 2.130350
-0.314024 -0.752309 2.119860
-0.292062 -0.291826 2.599650
-0.285488 -0.487704 2.441230
-0.071955 -0.412678 2.631940
0.019369 -0.362501 2.580230
-0.316735 -0.592955 2.384850
0.122898 -0.515416 2.200840
0.165312 -0.846404 2.163590
0.278153 -0.875490 2.144940
-0.229940 -0.555008 2.284910
0.164703 -0.466956 2.512030
0.256104 -0.737696 2.242400
0.193439 -0.825475 2.175150
-0.283764 -0.543111 2.351320
-0.310862 -0.490470 2.373670
-0.421953 -0.189659 2.501230
-0.454576 -0.015420 2.558400
-0.424492 -0.300438 2.336020
-0.410865 -0.463431 2.178230
-0.339534 -0.678490 2.129320
-0.313342 -0.745866 2.117580
-0.292840 -0.290802 2.602910
-0.292074 -0.480073 2.441940
-0.076630 -0.414756 2.629080
0.006274 -0.362804 2.593770
-0.315207 -0.590293 2.381580
0.122863 -0.513388 2.201230
0.165587 -0.846367 2.164700
0.279850 -0.863994 2.138750
-0.226092 -0.556245 2.293680
0.185530 -0.517648 2.308950
0.277132 -0.805639 2.162950
0.319187 -0.852680 2.101770
-0.283894 -0.540909 2.352620
-0.311397 -0.487344 2.376690
-0.424163 -0.185871 2.515110
-0.456930 -0.013360 2.573480
-0.427387 -0.296262 2.350890
-0.409249 -0.459257 2.181730
-0.337737 -0.673517 2.129430
-0.312270 -0.741018 2.116920
-0.293202 -0.289893 2.609200
-0.296779 -0.475290 2.443330
-0.079386 -0.417742 2.627720
0.035991 -0.352626 2.664470
-0.314253 -0.587825 2.378540
0.123222 -0.511859 2.201680
0.166023 -0.846200 2.165740
0.281511 -0.852190 2.135850
-0.223722 -0.556661 2.302210
0.193357 -0.538094 2.262010
0.323258 -0.803704 2.117670
0.394186 -0.840986 2.070180
-0.284404 -0.538850 2.354750
-0.312440 -0.484595 2.380660
-0.426007 -0.184013 2.524330
-0.459610 -0.012546 2.585100
-0.429923 -0.293666 2.362360
-0.408553 -0.456684 2.185300
-0.336358 -0.669758 2.129760
-0.311245 -0.737179 2.116560
-0.293713 -0.289470 2.615480
-0.300374 -0.472061 2.445530
-0.081451 -0.420646 2.628300
0.042464 -0.357998 2.668280
-0.314020 -0.586137 2.376730
0.123773 -0.511007 2.202440
0.166494 -0.846206 2.166980
0.281906 -0.847138 2.134990
-0.222890 -0.557143 2.310080
0.201791 -0.549820 2.230120
0.375037 -0.747061 2.108430
0.436297 -0.821790 2.077510
-0.285081 -0.537493 2.356730
-0.313591 -0.482923 2.384210
-0.427885 -0.183973 2.533660
-0.462447 -0.013010 2.594360
-0.432374 -0.292621 2.373490
-0.409000 -0.457340 2.189080
-0.335550 -0.667878 2.129900
-0.310662 -0.735256 2.116220
-0.294487 -0.290056 2.623690
-0.304878 -0.474478 2.447940
-0.084797 -0.424838 2.627700
0.049550 -0.369911 2.673220
-0.314520 -0.584462 2.374610
0.124435 -0.510615 2.203350
0.166923 -0.846307 2.168280
0.282155 -0.843069 2.135280
-0.224087 -0.558334 2.319540
0.205891 -0.559259 2.198120
0.325603 -0.756294 2.259010
0.415571 -0.774847 2.184620
-0.285866 -0.536694 2.358720
-0.314823 -0.482059 2.387630
-0.429884 -0.184944 2.542540
-0.465147 -0.013861 2.601460
-0.434772 -0.292479 2.383770
-0.410135 -0.459709 2.192320
-0.334963 -0.666653 2.130120
-0.310216 -0.733980 2.116050
-0.295660 -0.291187 2.632850
-0.308375 -0.477363 2.450070
-0.087359 -0.427791 2.627570
0.050515 -0.383250 2.671590
-0.315357 -0.583042 2.372630
0.125069 -0.510491 2.204210
0.167254 -0.846421 2.169400
0.281169 -0.833304 2.138180
-0.225935 -0.559735 2.327970
0.208766 -0.561300 2.195540
0.336596 -0.753391 2.274520
0.445519 -0.745755 2.207980
-0.278295 -0.518941 2.386180
-0.311792 -0.472770 2.407130
-0.431479 -0.186441 2.548690
-0.467835 -0.015307 2.606440
-0.436687 -0.293036 2.391310
-0.411424 -0.462609 2.194590
-0.337839 -0.667485 2.130300
-0.314826 -0.735351 2.115490
-0.296814 -0.292692 2.640230
-0.311271 -0.480466 2.451860
-0.094775 -0.430932 2.632210
-0.007620 -0.414888 2.629650
-0.286623 -0.574363 2.312950
0.123670 -0.511234 2.205920
0.164991 -0.847120 2.171720
0.263223 -0.808761 2.153360
-0.202697 -0.591737 2.402800
0.210078 -0.559395 2.206130
0.318434 -0.754528 2.317340
0.438149 -0.718976 2.245360
-0.275054 -0.511680 2.397120
-0.310015 -0.468099 2.416600
-0.432795 -0.188418 2.552840
-0.470336 -0.017366 2.609450
-0.438205 -0.294057 2.396670
-0.412704 -0.465671 2.195830
-0.341562 -0.669226 2.130120
-0.320290 -0.737658 2.114540
-0.297857 -0.294433 2.645730
-0.313492 -0.483462 2.453290
-0.104096 -0.433000 2.639400
-0.014708 -0.421371 2.629800
-0.267198 -0.568922 2.273790
0.122188 -0.512127 2.207340
0.162759 -0.847824 2.173570
0.255665 -0.798600 2.163250
-0.187958 -0.610713 2.446220
0.210441 -0.555922 2.219970
0.312030 -0.754825 2.333740
0.372650 -0.677242 2.294010
-0.273469 -0.507968 2.402180
-0.308990 -0.465490 2.421600
-0.433876 -0.191789 2.555590
-0.473036 -0.021109 2.610540
-0.439414 -0.295856 2.400630
-0.413724 -0.468268 2.196280
-0.345208 -0.671140 2.129570
-0.325329 -0.739989 2.113290
-0.298726 -0.296707 2.649930
-0.315233 -0.486307 2.454330
-0.114093 -0.434555 2.647480
-0.019644 -0.424451 2.636820
-0.261239 -0.566083 2.260980
0.120808 -0.512997 2.208530
0.160770 -0.848430 2.175050
0.252392 -0.793686 2.167170
-0.184781 -0.613257 2.456050
0.210651 -0.552698 2.230690
0.306272 -0.755982 2.337020
0.370277 -0.668588 2.314540
-0.133753 -0.470798 2.402880
-0.190976 -0.436648 2.430820
-0.434412 -0.195979 2.556670
-0.475977 -0.026343 2.608690
-0.440223 -0.298182 2.403270
-0.414467 -0.470160 2.196020
-0.348490 -0.672758 2.128490
-0.329695 -0.741869 2.111540
-0.358335 -0.323127 2.435730
-0.315865 -0.494156 2.457080
-0.118418 -0.435715 2.651730
-0.021922 -0.424681 2.645510
-0.052083 -0.514846 2.295920
0.378917 -0.491918 2.226740
0.416696 -0.824459 2.193440
0.524153 -0.776672 2.185650
-0.093433 -0.524457 2.453940
0.215114 -0.550866 2.235540
0.314699 -0.759903 2.320370
0.338525 -0.760474 2.254850
-0.081765 -0.461607 2.403850
-0.141979 -0.429764 2.436500
-0.434412 -0.200929 2.556230
-0.478267 -0.032212 2.604710
-0.440672 -0.301243 2.404740
-0.415031 -0.471888 2.194230
-0.351456 -0.674253 2.126720
-0.333471 -0.743519 2.109220
-0.371418 -0.329916 2.393460
-0.316136 -0.500419 2.458970
-0.054093 -0.507432 2.445590
0.014601 -0.504742 2.400410
0.002418 -0.502389 2.297280
0.468790 -0.483851 2.235890
0.505950 -0.815374 2.202780
0.610719 -0.766881 2.196050
-0.061421 -0.501692 2.456720
0.219832 -0.549349 2.239210
0.322679 -0.762682 2.304880
0.323901 -0.803255 2.223660
-0.049832 -0.456063 2.403450
-0.115808 -0.426545 2.439380
-0.433702 -0.206436 2.554370
-0.479675 -0.038369 2.599100
-0.440626 -0.305127 2.405000
-0.415232 -0.473087 2.192530
-0.349231 -0.664988 2.094040
-0.327566 -0.725411 2.055550
-0.376476 -0.338433 2.356920
-0.315736 -0.507519 2.460770
-0.032388 -0.535376 2.367540
0.023883 -0.534307 2.315520
0.027225 -0.497714 2.315060
0.522679 -0.477407 2.242700
0.559485 -0.808333 2.209610
0.667288 -0.761322 2.202880
-0.041061 -0.481855 2.452240
0.223788 -0.548202 2.241920
0.319822 -0.765810 2.302500
0.336364 -0.841553 2.263220
0.011460 -0.483133 2.400750
-0.063126 -0.453318 2.440000
-0.431479 -0.214323 2.549890
-0.479034 -0.046722 2.589590
-0.439561 -0.311153 2.403260
-0.414814 -0.474677 2.185580
-0.291517 -0.638838 2.107330
-0.250126 -0.690573 2.081340
-0.372334 -0.343552 2.354830
-0.311527 -0.514531 2.461860
-0.015810 -0.553776 2.325140
0.034541 -0.553972 2.266320
0.078983 -0.519697 2.389390
0.560233 -0.476209 2.250550
0.596911 -0.806846 2.217490
0.705316 -0.760273 2.209660
-0.006505 -0.488214 2.398330
0.271966 -0.550518 2.233510
0.317035 -0.769138 2.301140
0.343955 -0.858540 2.283230
0.032428 -0.494650 2.400430
-0.046053 -0.467367 2.437360
-0.429945 -0.221531 2.544000
-0.478195 -0.053301 2.581330
-0.434219 -0.362033 2.311820
-0.404468 -0.518225 2.134890
-0.226728 -0.608927 2.159520
-0.166808 -0.637428 2.170250
-0.368997 -0.347789 2.354450
-0.307896 -0.521416 2.461070
-0.007441 -0.564322 2.300420
0.039576 -0.564890 2.240440
0.086903 -0.527651 2.417880
0.580572 -0.473259 2.258650
0.617327 -0.803798 2.225430
0.726491 -0.757695 2.216470
0.011338 -0.486036 2.376110
0.293557 -0.553838 2.229300
0.314095 -0.772301 2.300470
0.349041 -0.867097 2.295640
0.034833 -0.500796 2.401570
-0.042876 -0.475255 2.435530
-0.428234 -0.226919 2.539040
-0.522821 -0.090129 2.558670
-0.432053 -0.384751 2.272530
-0.397300 -0.544885 2.101790
-0.199145 -0.595588 2.180680
-0.122674 -0.607976 2.220320
-0.367579 -0.351898 2.351980
-0.305868 -0.527400 2.459400
-0.034971 -0.587254 2.272900
0.017085 -0.585289 2.212460
0.083622 -0.531306 2.432800
0.580980 -0.470574 2.268820
0.618190 -0.801259 2.235410
0.726729 -0.755825 2.225200
0.018551 -0.485675 2.365590
0.305293 -0.555951 2.226890
0.311007 -0.775457 2.300390
0.352719 -0.871325 2.304170
0.036875 -0.504084 2.403300
-0.041483 -0.480335 2.434510
-0.424600 -0.234210 2.532460
-0.548007 -0.112961 2.545280
-0.431009 -0.395078 2.254220
-0.394690 -0.553881 2.090350
-0.182954 -0.587097 2.190480
-0.103539 -0.595359 2.236400
-0.364136 -0.353555 2.360390
-0.304308 -0.532165 2.457470
-0.050638 -0.598837 2.261890
0.002534 -0.596038 2.202770
0.080208 -0.533090 2.442260
0.569425 -0.468467 2.278150
0.607028 -0.799402 2.244620
0.714306 -0.754510 2.233410
0.019784 -0.486687 2.360750
0.312658 -0.557411 2.225160
0.308039 -0.778415 2.300820
0.359315 -0.866358 2.312320
0.031813 -0.506164 2.405090
-0.049390 -0.482748 2.433290
-0.421190 -0.240643 2.525530
-0.556821 -0.121386 2.539520
-0.429997 -0.401197 2.243390
-0.393040 -0.559502 2.082940
-0.176128 -0.563454 2.201910
-0.094941 -0.572861 2.249930
-0.362733 -0.353918 2.366360
-0.303229 -0.535378 2.455770
-0.062656 -0.605000 2.259960
-0.009275 -0.601499 2.203940
0.073580 -0.534152 2.446740
0.555504 -0.467139 2.284900
0.593298 -0.798307 2.251340
0.699590 -0.753717 2.239450
0.015436 -0.489278 2.361290
0.317544 -0.558748 2.223620
0.305801 -0.780796 2.301360
0.366713 -0.856255 2.316470
0.022187 -0.506133 2.406610
-0.057557 -0.483158 2.432450
-0.418477 -0.245303 2.519340
-0.561109 -0.127096 2.533280
-0.428767 -0.403837 2.237980
-0.391780 -0.560806 2.080100
-0.169377 -0.545202 2.211740
-0.087927 -0.553462 2.260710
-0.362122 -0.354455 2.368840
-0.302101 -0.537743 2.453900
-0.070116 -0.607793 2.263330
-0.016062 -0.603484 2.211000
0.063901 -0.533147 2.443990
0.543644 -0.466542 2.289280
0.581500 -0.797889 2.255710
0.687251 -0.753457 2.243410
0.009529 -0.491936 2.364260
0.320437 -0.560044 2.222000
0.304108 -0.782685 2.301920
0.370428 -0.851666 2.318460
0.071154 -0.480254 2.429580
0.001806 -0.469532 2.444960
-0.274614 -0.308890 2.483280
-0.472709 -0.175531 2.518900
-0.311684 -0.440027 2.231750
-0.433162 -0.503367 2.128280
-0.164958 -0.535756 2.214350
-0.079690 -0.544908 2.259030
-0.361749 -0.354784 2.370470
-0.300387 -0.540070 2.450030
-0.073660 -0.609685 2.267020
-0.018621 -0.604856 2.217320
0.090638 -0.505202 2.445220
0.545495 -0.465457 2.290610
0.294616 -0.617656 2.266320
0.429687 -0.587210 2.253580
0.123305 -0.471669 2.416570
0.564401 -0.524868 2.344600
0.324110 -0.696251 2.325930
0.358856 -0.791328 2.319710
0.126642 -0.466390 2.455630
0.058206 -0.462821 2.461610
-0.228643 -0.331106 2.470070
-0.437757 -0.196650 2.506680
-0.236331 -0.461450 2.231870
-0.450388 -0.479560 2.151320
-0.163945 -0.526786 2.208740
-0.074520 -0.538501 2.243210
-0.361499 -0.354982 2.371560
-0.298760 -0.541763 2.446380
-0.074992 -0.610198 2.272160
-0.018929 -0.605036 2.224210
0.147140 -0.502648 2.423890
0.585809 -0.466401 2.279170
0.282635 -0.588560 2.261860
0.382241 -0.532041 2.250310
0.185650 -0.458428 2.481940
0.665944 -0.513246 2.397750
0.348870 -0.656428 2.348720
0.362179 -0.765853 2.326050
0.136094 -0.544949 2.432090
0.080300 -0.531619 2.442980
-0.151331 -0.389297 2.452640
-0.364569 -0.244150 2.494170
-0.157317 -0.513516 2.225580
-0.432300 -0.459220 2.179500
-0.164955 -0.517971 2.196530
-0.078745 -0.531983 2.217230
-0.361311 -0.355135 2.372270
-0.297242 -0.543274 2.442180
-0.075247 -0.610284 2.276150
-0.018432 -0.604972 2.229120
0.174026 -0.579764 2.390240
0.608434 -0.638553 2.229380
0.255772 -0.643702 2.248310
0.334212 -0.539767 2.244970
0.193571 -0.572231 2.449640
0.713244 -0.526291 2.416790
0.353728 -0.660505 2.347550
0.363981 -0.758104 2.324820
0.162587 -0.563973 2.429620
0.106460 -0.557324 2.437140
-0.123562 -0.412528 2.447130
-0.321150 -0.269457 2.485920
-0.125673 -0.532705 2.222380
-0.418888 -0.453273 2.190050
-0.165464 -0.511403 2.157770
-0.087259 -0.526246 2.158910
-0.361131 -0.355237 2.372780
-0.295591 -0.544466 2.438770
-0.073984 -0.609874 2.280370
-0.016578 -0.604540 2.233790
0.198584 -0.611514 2.372980
0.633776 -0.714274 2.211070
0.266451 -0.651214 2.249830
0.334033 -0.554173 2.243540
0.254164 -0.580976 2.469350
0.759423 -0.529465 2.430180
0.377163 -0.649483 2.351300
0.386917 -0.757270 2.317050
0.040785 -0.481462 2.415200
-0.034598 -0.465978 2.430420
-0.370509 -0.278442 2.477770
-0.547360 -0.119288 2.495790
-0.339233 -0.423957 2.244910
-0.167108 -0.453373 2.276690
-0.238758 -0.501181 2.121880
-0.221273 -0.463171 2.099290
-0.360984 -0.355301 2.373140
-0.294113 -0.545277 2.435890
-0.072261 -0.609123 2.283930
-0.014468 -0.603844 2.237490
0.037249 -0.507890 2.351310
0.362635 -0.454784 2.187440
0.027002 -0.432386 2.229060
0.107834 -0.343004 2.235280
0.109412 -0.483488 2.464180
0.627773 -0.519231 2.416230
0.305321 -0.639911 2.354560
0.344181 -0.745239 2.315220
0.109419 -0.477164 2.437900
0.041824 -0.471798 2.446490
-0.252065 -0.332652 2.459600
-0.440320 -0.175732 2.483600
-0.267644 -0.455134 2.237340
0.004351 -0.491213 2.290380
-0.238765 -0.498164 2.122380
-0.252851 -0.437367 2.087160
-0.360852 -0.355316 2.373410
-0.292453 -0.546033 2.433450
-0.095804 -0.512397 2.307020
-0.060838 -0.520115 2.272490
0.156095 -0.520953 2.377640
0.582413 -0.474899 2.248130
0.249996 -0.411601 2.296040
0.336594 -0.330053 2.296730
0.172239 -0.471314 2.497930
0.671938 -0.519468 2.430070
0.301382 -0.636375 2.356500
0.339859 -0.741092 2.316450
0.132261 -0.457495 2.447090
0.063107 -0.455075 2.454740
-0.242584 -0.327523 2.460020
-0.431239 -0.172932 2.481740
-0.261817 -0.452067 2.236530
0.136989 -0.524545 2.297190
-0.240091 -0.501349 2.125610
-0.270382 -0.425614 2.081030
-0.359776 -0.355474 2.373820
-0.290004 -0.546337 2.432000
-0.108194 -0.455893 2.317470
-0.087302 -0.472710 2.291790
0.169772 -0.506305 2.382260
0.607011 -0.440804 2.261780
0.264438 -0.378693 2.307310
0.351218 -0.300786 2.307920
0.198268 -0.450111 2.495290
0.677534 -0.522995 2.420330
0.332215 -0.646863 2.347970
0.351771 -0.744822 2.315930
0.141548 -0.449601 2.450870
0.072379 -0.448212 2.458190
-0.233164 -0.325754 2.460220
-0.420923 -0.174168 2.480390
-0.253201 -0.451395 2.235210
0.026792 -0.496227 2.371930
-0.240827 -0.496184 2.143120
-0.280291 -0.414306 2.092160
-0.358394 -0.355638 2.374330
-0.287191 -0.546567 2.430680
-0.249090 -0.465977 2.193260
-0.184462 -0.453029 2.186940
0.185937 -0.499292 2.389630
0.643174 -0.423862 2.277160
0.318786 -0.371971 2.321660
0.400679 -0.292032 2.320840
0.198966 -0.434777 2.499990
0.672539 -0.523306 2.413850
0.334616 -0.644876 2.347650
0.350976 -0.742088 2.317390
0.147033 -0.443986 2.452260
0.078248 -0.443661 2.459460
-0.225695 -0.325666 2.460250
-0.413188 -0.176577 2.478930
-0.244602 -0.452057 2.233820
0.027689 -0.494681 2.385670
-0.261749 -0.459896 2.195720
-0.300314 -0.376708 2.154310
-0.353914 -0.356445 2.377130
-0.283649 -0.547532 2.429750
-0.272975 -0.455346 2.173660
-0.224831 -0.450242 2.131920
0.196210 -0.490713 2.391330
0.663867 -0.416156 2.284090
0.350997 -0.377828 2.325960
0.435253 -0.301146 2.323990
0.200758 -0.426820 2.501970
0.669670 -0.523689 2.406920
0.336918 -0.643591 2.347090
0.350962 -0.740248 2.318210
0.149866 -0.439828 2.452540
0.081390 -0.440365 2.459940
-0.220533 -0.326247 2.460240
-0.408054 -0.178993 2.477790
-0.237584 -0.453245 2.232640
0.056301 -0.496009 2.414720
-0.270707 -0.445655 2.218400
-0.308179 -0.361521 2.184950
-0.349593 -0.357292 2.380300
-0.329697 -0.558365 2.426730
-0.282746 -0.474626 2.161630
-0.241476 -0.450678 2.110760
0.201957 -0.484433 2.390260
0.676582 -0.413355 2.287240
0.367611 -0.384762 2.325960
0.452571 -0.309154 2.323420
0.201791 -0.421723 2.502820
0.667008 -0.523946 2.400450
0.339247 -0.642499 2.346440
0.350972 -0.739059 2.318810
0.015871 -0.448671 2.417740
-0.052766 -0.440556 2.433000
-0.360174 -0.288334 2.469470
-0.535036 -0.131106 2.474090
-0.338528 -0.424240 2.237190
-0.123447 -0.447848 2.421380
-0.291739 -0.435865 2.226150
-0.322255 -0.353689 2.195910
-0.347213 -0.357741 2.381790
-0.334234 -0.560283 2.428370
-0.276701 -0.495287 2.164770
-0.215179 -0.483612 2.118250
0.033626 -0.487159 2.333380
0.387778 -0.378450 2.213080
0.059952 -0.353349 2.244660
0.135910 -0.268686 2.250470
0.105193 -0.452953 2.480430
0.587702 -0.524071 2.387930
0.267908 -0.638903 2.348700
0.283226 -0.734734 2.323200
-0.029906 -0.493684 2.379560
-0.099602 -0.475055 2.401910
-0.400824 -0.276200 2.472220
-0.573688 -0.115786 2.472300
-0.398890 -0.407338 2.240030
-0.217065 -0.487577 2.313800
-0.117379 -0.548084 2.172290
-0.059609 -0.569552 2.127560
-0.345364 -0.358177 2.382720
-0.311021 -0.557922 2.429910
-0.216665 -0.558348 2.193390
-0.152809 -0.548888 2.144120
-0.013792 -0.524669 2.298400
0.296571 -0.362791 2.212340
-0.023653 -0.342720 2.243810
0.055921 -0.260063 2.247180
0.057540 -0.531447 2.425470
0.519433 -0.601733 2.317680
0.208824 -0.712462 2.289780
0.272843 -0.713493 2.299690
-0.068078 -0.527371 2.352000
-0.138372 -0.500809 2.379290
-0.428984 -0.268551 2.473370
-0.599539 -0.105954 2.471330
-0.421899 -0.400751 2.240680
-0.236729 -0.507242 2.277310
-0.265249 -0.538665 2.110500
-0.285814 -0.487724 2.078120
-0.343987 -0.358528 2.383390
-0.294610 -0.556797 2.429190
-0.176228 -0.597842 2.211780
-0.112900 -0.590098 2.160950
-0.058708 -0.554595 2.272270
0.227839 -0.361347 2.208510
-0.098914 -0.341759 2.239250
-0.018365 -0.258572 2.241700
0.026645 -0.571329 2.397790
0.487481 -0.646114 2.278990
0.178936 -0.754151 2.256650
0.270541 -0.704371 2.289070
-0.060399 -0.484236 2.389550
-0.132438 -0.468549 2.407590
-0.437553 -0.266462 2.473460
-0.610444 -0.101826 2.470950
-0.435879 -0.396612 2.241200
-0.241548 -0.520376 2.250200
-0.359749 -0.498856 2.123860
-0.349703 -0.458706 2.092500
-0.342924 -0.358850 2.383830
-0.283051 -0.556721 2.428340
-0.263627 -0.533063 2.206510
-0.173362 -0.555401 2.163940
-0.043932 -0.518758 2.293900
0.238142 -0.373282 2.209130
-0.090808 -0.350502 2.240080
-0.013775 -0.265009 2.242830
0.048793 -0.511937 2.462120
0.498163 -0.592316 2.328950
0.184016 -0.705983 2.301030
0.303084 -0.628842 2.339640
-0.068633 -0.477048 2.394860
-0.139375 -0.460866 2.413270
-0.437780 -0.266961 2.472870
-0.610558 -0.102019 2.471190
-0.444385 -0.394274 2.241360
-0.238251 -0.527030 2.237870
-0.399367 -0.492864 2.114560
-0.411335 -0.430793 2.093200
-0.342017 -0.359186 2.384350
-0.274826 -0.557012 2.427790
-0.230242 -0.553515 2.212160
-0.171283 -0.551224 2.176350
-0.047880 -0.512028 2.295810
0.240401 -0.383628 2.210580
-0.088171 -0.359653 2.241810
-0.010977 -0.273231 2.244790
0.041757 -0.510414 2.468190
0.499579 -0.571466 2.348100
0.192336 -0.667563 2.335440
0.313990 -0.591186 2.363680
-0.065288 -0.466478 2.404420
-0.135080 -0.452576 2.420960
-0.435779 -0.268083 2.472210
-0.607765 -0.103143 2.471660
-0.446176 -0.394099 2.241140
-0.230743 -0.531415 2.231900
-0.421796 -0.478544 2.121510
-0.438405 -0.415755 2.095790
-0.340946 -0.359703 2.384990
-0.268978 -0.557454 2.427380
-0.228092 -0.543819 2.211620
-0.171952 -0.544501 2.184700
-0.045761 -0.504149 2.301060
0.252626 -0.393062 2.213550
-0.077931 -0.367411 2.244830
-0.002013 -0.280206 2.247790
0.047957 -0.495078 2.483890
0.506622 -0.554373 2.363650
0.199468 -0.644517 2.355820
0.321129 -0.574315 2.376110
-0.058106 -0.459643 2.411060
-0.127415 -0.447284 2.426460
-0.425527 -0.271425 2.471390
-0.598089 -0.106477 2.473360
-0.443096 -0.395371 2.240840
-0.218993 -0.533602 2.231910
-0.423262 -0.471447 2.129500
-0.452395 -0.406716 2.098480
-0.340077 -0.360162 2.385500
-0.264818 -0.557874 2.427170
-0.225967 -0.536040 2.210980
-0.171974 -0.539006 2.190470
-0.035645 -0.498403 2.307510
0.274591 -0.400925 2.217490
-0.054958 -0.374111 2.249360
0.021326 -0.286858 2.252390
0.053294 -0.486485 2.491690
0.511728 -0.544423 2.372560
0.203451 -0.634509 2.364560
0.325207 -0.565439 2.382940
-0.048084 -0.456439 2.414910
-0.118114 -0.444781 2.429850
-0.417655 -0.273634 2.471400
-0.590203 -0.108716 2.475330
-0.437719 -0.397095 2.240880
-0.206804 -0.532490 2.238400
-0.424027 -0.466734 2.136130
-0.455991 -0.399950 2.103850
-0.339272 -0.360626 2.385950
-0.261852 -0.558252 2.427020
-0.224113 -0.530109 2.210280
-0.171704 -0.534706 2.194350
-0.027743 -0.495434 2.312250
0.290207 -0.405385 2.220200
-0.038667 -0.377864 2.252440
0.037899 -0.290662 2.255530
0.057768 -0.481361 2.495220
0.516425 -0.537988 2.378020
0.215366 -0.640043 2.370110
0.334607 -0.584742 2.385870
-0.036883 -0.456742 2.416320
-0.108381 -0.444827 2.431540
-0.411941 -0.275080 2.471930
-0.584229 -0.110128 2.477710
-0.431833 -0.398820 2.241330
-0.199358 -0.531062 2.244110
-0.415662 -0.464848 2.142140
-0.450887 -0.396039 2.109780
-0.338607 -0.361037 2.386290
-0.259652 -0.558632 2.426990
-0.222628 -0.525803 2.209830
-0.171283 -0.531394 2.197050
-0.021399 -0.494339 2.316330
0.301210 -0.408212 2.222260
-0.027266 -0.380265 2.254730
0.049584 -0.293193 2.257870
0.062499 -0.478514 2.495030
0.520831 -0.533863 2.381210
0.224566 -0.646940 2.370640
0.339809 -0.598823 2.384840
-0.029102 -0.457641 2.416710
-0.101298 -0.445425 2.432330
-0.407701 -0.275940 2.472840
-0.579287 -0.110738 2.480810
-0.426294 -0.400245 2.242150
-0.194798 -0.529988 2.249080
-0.404191 -0.464839 2.145780
-0.441001 -0.394301 2.114690
-0.337846 -0.361557 2.386510
-0.258015 -0.558992 2.427000
-0.221437 -0.522651 2.209450
-0.170806 -0.528843 2.198870
-0.016253 -0.494020 2.319410
0.309287 -0.409789 2.223710
-0.018962 -0.381583 2.256330
0.058002 -0.294602 2.259510
0.067116 -0.477529 2.492750
0.525156 -0.531355 2.382890
0.230965 -0.652793 2.369230
0.342794 -0.608002 2.382980
-0.025351 -0.457571 2.417460
-0.097464 -0.445431 2.433190
-0.404356 -0.276294 2.474210
-0.575386 -0.110785 2.484280
-0.421394 -0.401216 2.243410
-0.192059 -0.529111 2.253250
-0.395288 -0.465390 2.147460
-0.430616 -0.394008 2.118120
-0.337228 -0.361994 2.386680
-0.256786 -0.559364 2.427050
-0.220507 -0.520380 2.209180
-0.170323 -0.526897 2.200100
-0.013081 -0.493798 2.321250
0.314943 -0.410788 2.224980
-0.013188 -0.382433 2.257690
0.063835 -0.295531 2.260870
0.070021 -0.476811 2.492180
0.528619 -0.529841 2.384020
0.233979 -0.654840 2.369510
0.344156 -0.613362 2.382060
-0.022044 -0.458394 2.417400
-0.094326 -0.445913 2.433520
-0.401678 -0.276263 2.475720
-0.572360 -0.110400 2.487640
-0.417208 -0.401794 2.244780
-0.190461 -0.528477 2.256450
-0.389051 -0.466006 2.148250
-0.421793 -0.394389 2.120430
-0.336753 -0.362327 2.386830
-0.255871 -0.559748 2.427130
-0.219778 -0.518737 2.208970
-0.169851 -0.525406 2.200900
-0.010849 -0.493885 2.322590
0.318789 -0.411453 2.225840
-0.009288 -0.383009 2.258610
0.067783 -0.296177 2.261780
0.072452 -0.477653 2.489020
0.531684 -0.529313 2.384040
0.235994 -0.656786 2.368820
0.344538 -0.617250 2.380510
-0.012205 -0.512667 2.383910
-0.084970 -0.490135 2.407450
-0.399568 -0.276039 2.477260
-0.570100 -0.109853 2.490750
-0.413733 -0.402140 2.246110
-0.189589 -0.527981 2.258880
-0.385906 -0.466151 2.148840
-0.414937 -0.395025 2.121910
-0.336401 -0.362568 2.386990
-0.255400 -0.559675 2.427760
-0.219287 -0.516293 2.209410
-0.169510 -0.522892 2.202010
-0.008797 -0.539281 2.308720
0.318644 -0.410821 2.228610
-0.009377 -0.382405 2.261390
0.068927 -0.296458 2.263550
0.069368 -0.549209 2.424780
0.531623 -0.605305 2.319920
0.227221 -0.734075 2.302500
0.324894 -0.694517 2.316040
-0.008890 -0.509941 2.389240
-0.081107 -0.489492 2.411100
-0.397721 -0.275562 2.479060
-0.568302 -0.109129 2.493930
-0.410691 -0.402261 2.247560
-0.189206 -0.527588 2.260850
-0.383526 -0.466325 2.149210
-0.409677 -0.395694 2.122910
-0.336155 -0.362735 2.387150
-0.255095 -0.559702 2.428260
-0.270428 -0.516198 2.210620
-0.206276 -0.517676 2.185500
-0.009983 -0.536701 2.316830
0.319867 -0.411069 2.229470
-0.008122 -0.382628 2.262270
0.070419 -0.296874 2.264280
0.068353 -0.521092 2.446290
0.534425 -0.596873 2.326950
0.225864 -0.725529 2.308820
0.327883 -0.656090 2.348630
-0.005284 -0.541173 2.369620
-0.077843 -0.509828 2.399460
-0.395965 -0.275012 2.481170
-0.566702 -0.108391 2.497380
-0.407884 -0.402292 2.249190
-0.189182 -0.527274 2.262430
-0.381050 -0.466965 2.148870
-0.405531 -0.396462 2.123330
-0.335957 -0.362831 2.387440
-0.255937 -0.558954 2.430640
-0.298790 -0.517455 2.213810
-0.224915 -0.515388 2.177120
-0.008720 -0.558785 2.308690
0.318327 -0.410051 2.232160
-0.009661 -0.381705 2.264940
0.069995 -0.296785 2.266100
0.067479 -0.566282 2.407950
0.533063 -0.634684 2.295470
0.221433 -0.761836 2.277390
0.317745 -0.710934 2.304000
-0.010256 -0.504021 2.397700
-0.079832 -0.486303 2.418820
-0.394546 -0.274565 2.483110
-0.565465 -0.107795 2.500440
-0.405538 -0.402308 2.250710
-0.189346 -0.527065 2.263610
-0.379275 -0.467421 2.148530
-0.402462 -0.397058 2.123570
-0.335789 -0.362888 2.387780
-0.256933 -0.557806 2.433840
-0.310026 -0.517962 2.215010
-0.235548 -0.514278 2.172310
-0.011669 -0.534498 2.322790
0.318656 -0.410023 2.233030
-0.009324 -0.381692 2.265820
0.070551 -0.296982 2.266840
0.069591 -0.514374 2.456440
0.537158 -0.589543 2.333000
0.224009 -0.715579 2.314650
0.328247 -0.650143 2.352670
-0.011492 -0.486401 2.410880
-0.081000 -0.471931 2.429810
-0.393473 -0.274102 2.484770
-0.564607 -0.107226 2.502970
-0.403667 -0.402233 2.252060
-0.189400 -0.526919 2.264380
-0.378152 -0.467532 2.148440
-0.400217 -0.397325 2.123730
-0.335669 -0.362901 2.388140
-0.257709 -0.556725 2.436560
-0.316827 -0.518412 2.215550
-0.241938 -0.514120 2.169100
-0.012970 -0.520474 2.330420
0.318902 -0.410001 2.233700
-0.009076 -0.381687 2.266480
0.070934 -0.297129 2.267450
0.070398 -0.500539 2.468890
0.539528 -0.562426 2.355900
0.227527 -0.680003 2.343600
0.328771 -0.648964 2.354010
-0.011137 -0.518669 2.385250
-0.081840 -0.498184 2.408610
-0.392703 -0.273765 2.486050
-0.564022 -0.106801 2.504950
-0.402216 -0.402171 2.253160
-0.189825 -0.526827 2.265130
-0.377117 -0.467591 2.148120
-0.398427 -0.397534 2.123760
-0.335739 -0.362771 2.388530
-0.258421 -0.555499 2.438890
-0.320162 -0.519486 2.215930
-0.246230 -0.513871 2.167000
-0.012464 -0.548332 2.314580
0.316065 -0.409070 2.236190
-0.011975 -0.380870 2.268960
0.068872 -0.296959 2.269350
0.066031 -0.550441 2.420830
0.532950 -0.611082 2.314080
0.222380 -0.733898 2.295540
0.320483 -0.700835 2.308520
