1.398240 0.065299 3.522480
1.403800 0.095921 3.559000
1.421440 0.292847 3.579070
1.386290 0.425145 3.571870
1.267590 0.271024 3.490540
1.231760 0.136354 3.392050
1.327730 0.084174 3.331920
1.366530 0.065406 3.310080
1.469990 0.240353 3.476460
1.482760 0.133165 3.377480
1.433000 0.273997 3.414000
1.407860 0.320378 3.429420
1.344950 0.015122 3.534910
1.287280 -0.228015 3.466470
1.472870 -0.381093 3.393560
1.479620 -0.436877 3.396010
1.432150 0.012448 3.475560
1.464510 -0.226241 3.445070
1.491090 -0.439420 3.397660
1.469870 -0.385868 3.400180
1.396790 0.064192 3.522060
1.402160 0.094628 3.558670
1.420080 0.291729 3.579460
1.384930 0.423955 3.572800
1.266930 0.269517 3.489780
1.229560 0.139458 3.393720
1.324890 0.083023 3.331380
1.376160 0.067482 3.311900
1.469750 0.252125 3.477960
1.484230 0.122116 3.385040
1.427430 0.241480 3.404900
1.397500 0.279473 3.414700
1.343200 0.012413 3.537250
1.286120 -0.229082 3.468150
1.472320 -0.378872 3.394920
1.478040 -0.433986 3.395890
1.430190 0.011409 3.474390
1.464660 -0.227072 3.445240
1.492360 -0.440198 3.396730
1.469840 -0.387332 3.399430
1.395320 0.062840 3.521740
1.400560 0.093001 3.558440
1.418380 0.290138 3.579840
1.383910 0.422868 3.573650
1.266430 0.268176 3.489300
1.227000 0.129060 3.388280
1.342210 0.096319 3.333780
1.399190 0.090774 3.320960
1.459120 0.213112 3.463260
1.491070 0.097370 3.387230
1.429280 0.218375 3.400880
1.397710 0.257425 3.410150
1.341810 0.009980 3.538400
1.285570 -0.230145 3.470050
1.471900 -0.377079 3.396310
1.477710 -0.431048 3.398000
1.428740 0.009997 3.474260
1.464650 -0.228357 3.445120
1.493930 -0.441273 3.395930
1.470170 -0.389203 3.399220
1.394240 0.061428 3.521450
1.399320 0.091457 3.558290
1.417010 0.288967 3.580330
1.383240 0.422100 3.574310
1.266270 0.266778 3.489450
1.225470 0.123217 3.385250
1.352360 0.104320 3.339130
1.409800 0.102499 3.330630
1.464760 0.229544 3.469430
1.508230 0.108626 3.399290
1.444140 0.238761 3.414160
1.415920 0.284799 3.425680
1.341930 -0.000060 3.509080
1.286160 -0.232819 3.473620
1.471580 -0.375682 3.397490
1.477650 -0.428817 3.400140
1.431750 0.005393 3.493090
1.464300 -0.229291 3.444190
1.495080 -0.441723 3.394550
1.470310 -0.390345 3.399210
1.393420 0.060675 3.521440
1.398460 0.090570 3.558390
1.415950 0.288121 3.581000
1.382780 0.421322 3.574970
1.265970 0.267295 3.490670
1.226040 0.130210 3.392350
1.325930 0.086663 3.328310
1.304330 0.067628 3.299820
1.457250 0.202746 3.460080
1.512480 0.098801 3.399850
1.445950 0.233712 3.414580
1.417650 0.280985 3.426200
1.339750 -0.001089 3.517610
1.287340 -0.232348 3.472980
1.471390 -0.374517 3.398400
1.477390 -0.427467 3.400890
1.431400 0.004524 3.495200
1.464150 -0.229762 3.443970
1.496210 -0.441763 3.394090
1.470310 -0.391089 3.399110
1.392640 0.060475 3.521750
1.397680 0.090139 3.558670
1.415100 0.287508 3.581580
1.383830 0.421168 3.576820
1.265610 0.267898 3.491330
1.225890 0.129671 3.392550
1.326280 0.083589 3.325010
1.338950 0.069362 3.301030
1.456700 0.192014 3.457440
1.516320 0.091423 3.400170
1.412780 0.161194 3.389530
1.378620 0.195748 3.394750
1.337960 0.001636 3.523850
1.288990 -0.230232 3.472660
1.471310 -0.373511 3.399260
1.477190 -0.426574 3.401310
1.431060 0.004121 3.496580
1.463890 -0.230085 3.443760
1.497030 -0.441663 3.393810
1.470280 -0.391616 3.399090
1.391760 0.060505 3.522390
1.396820 0.089911 3.559300
1.413980 0.287070 3.582500
1.383430 0.421072 3.577450
1.264910 0.269156 3.492350
1.231880 0.152892 3.405100
1.308280 0.070633 3.338050
1.318400 0.039889 3.317620
1.455830 0.185801 3.455940
1.500950 0.233732 3.452200
1.379550 0.208859 3.405290
1.348680 0.199905 3.393790
1.336700 0.004147 3.528920
1.289730 -0.228753 3.473730
1.471290 -0.372765 3.399940
1.477020 -0.425938 3.401590
1.430590 0.004009 3.497310
1.463400 -0.230364 3.443440
1.497460 -0.441656 3.393590
1.470260 -0.391977 3.399110
1.390560 0.060289 3.523120
1.395750 0.089541 3.560030
1.413000 0.286688 3.583340
1.382490 0.420715 3.578060
1.264240 0.270399 3.493300
1.233550 0.149928 3.404220
1.337910 0.096162 3.355880
1.380060 0.090399 3.347590
1.455270 0.181752 3.454950
1.473290 0.134237 3.415730
1.339710 0.143082 3.375460
1.302110 0.135531 3.361430
1.334750 0.005605 3.529430
1.290170 -0.228269 3.474230
1.471220 -0.372284 3.400300
1.476600 -0.425390 3.401030
1.429460 0.003420 3.498930
1.462620 -0.230915 3.442580
1.498040 -0.441667 3.393240
1.470330 -0.392366 3.399040
1.389130 0.059222 3.523610
1.394490 0.088405 3.560630
1.412080 0.285981 3.584210
1.381490 0.420155 3.578880
1.263670 0.271272 3.494090
1.233840 0.158449 3.407650
1.316680 0.084225 3.355110
1.306550 0.066268 3.335620
1.454800 0.178966 3.454270
1.495680 0.103050 3.428210
1.348400 0.104558 3.374430
1.304190 0.102264 3.358020
1.333250 0.006451 3.529190
1.290400 -0.228029 3.474540
1.471170 -0.371934 3.400570
1.476480 -0.425035 3.401010
1.428400 0.002681 3.500040
1.461910 -0.231619 3.441730
1.498580 -0.441760 3.392920
1.470450 -0.392831 3.399010
1.387740 0.058032 3.524050
1.393250 0.087128 3.561180
1.411130 0.284996 3.584960
1.380080 0.418880 3.580440
1.263160 0.271854 3.494660
1.231250 0.148321 3.400190
1.286990 0.047293 3.333960
1.247790 0.027189 3.310300
1.454450 0.176990 3.453760
1.493490 0.075356 3.419230
1.344730 0.090248 3.370440
1.298290 0.088532 3.353480
1.332060 0.007001 3.528770
1.290560 -0.227936 3.474950
1.470560 -0.371391 3.400610
1.476390 -0.424628 3.400860
1.427440 0.002045 3.500840
1.461360 -0.232235 3.441220
1.498920 -0.441856 3.392740
1.470600 -0.393182 3.398990
1.386370 0.056698 3.524630
1.392100 0.085978 3.561750
1.410280 0.284453 3.585400
1.378900 0.417838 3.581580
1.262370 0.272539 3.495360
1.229190 0.140044 3.396190
1.274770 0.031348 3.324700
1.248950 -0.009428 3.291780
1.454110 0.176311 3.454070
1.487430 0.061971 3.407300
1.373870 0.134258 3.397540
1.330280 0.139463 3.391860
1.331110 0.007368 3.528270
1.290740 -0.228396 3.477540
1.470260 -0.371039 3.400720
1.476330 -0.424356 3.400760
1.426230 0.001075 3.502350
1.460790 -0.232854 3.440660
1.499120 -0.441960 3.392510
1.470740 -0.393441 3.399000
1.384830 0.055145 3.525440
1.390760 0.084573 3.562610
1.408610 0.283917 3.586690
1.376890 0.417061 3.582620
1.261060 0.272738 3.496860
1.227420 0.134766 3.393640
1.268250 0.022557 3.320460
1.254430 -0.026471 3.286340
1.452980 0.177232 3.456060
1.482630 0.055980 3.398210
1.385160 0.156304 3.399790
1.353070 0.183105 3.407340
1.330350 0.007516 3.527920
1.290600 -0.228577 3.478270
1.470040 -0.370713 3.400870
1.476350 -0.424100 3.400750
1.425110 0.000212 3.503620
1.460370 -0.233380 3.440300
1.499250 -0.442064 3.392350
1.470890 -0.393655 3.399050
1.383400 0.053860 3.526580
1.389460 0.083403 3.563800
1.406580 0.283574 3.588410
1.374320 0.416313 3.583780
1.259450 0.272745 3.498730
1.224240 0.145277 3.397460
1.235730 0.031772 3.323930
1.242550 -0.026325 3.288350
1.452100 0.178550 3.458170
1.478770 0.053230 3.391710
1.392950 0.171861 3.405970
1.362900 0.201527 3.416740
1.329730 0.007598 3.527590
1.290380 -0.228901 3.479320
1.469920 -0.370441 3.401050
1.476470 -0.423880 3.400850
1.423840 -0.000533 3.506170
1.460070 -0.233624 3.440070
1.499300 -0.442060 3.392220
1.471030 -0.393754 3.399210
1.382090 0.052700 3.527810
1.388280 0.082428 3.565050
1.404770 0.283766 3.590170
1.372230 0.415920 3.584940
1.257970 0.272819 3.500560
1.222270 0.156485 3.403910
1.253180 0.046484 3.352220
1.274940 -0.004549 3.329940
1.451410 0.179441 3.459930
1.475950 0.052298 3.386910
1.397400 0.178669 3.409340
1.370460 0.212904 3.423560
1.329030 0.007553 3.526880
1.289510 -0.229629 3.482050
1.470070 -0.369785 3.401980
1.476580 -0.423467 3.401290
1.422060 -0.002327 3.512540
1.459760 -0.233769 3.439750
1.499320 -0.442012 3.392110
1.471520 -0.393703 3.399910
1.380580 0.051400 3.529470
1.386840 0.081296 3.566800
1.403100 0.283847 3.592280
1.370640 0.415563 3.586080
1.254410 0.273638 3.505090
1.218630 0.164814 3.413290
1.258120 0.055403 3.362490
1.283220 0.005584 3.341740
1.450530 0.179633 3.462080
1.472830 0.052756 3.382940
1.400080 0.182948 3.411530
1.374630 0.219457 3.427770
1.328190 0.007334 3.526070
1.288290 -0.230584 3.485380
1.470560 -0.369305 3.403460
1.476670 -0.423231 3.401670
1.420320 -0.004263 3.518310
1.458610 -0.234008 3.439180
1.499380 -0.441941 3.392220
1.472330 -0.393358 3.401230
1.371410 0.045363 3.542860
1.379920 0.078584 3.576950
1.399030 0.285581 3.596010
1.369120 0.416967 3.589620
1.249420 0.275355 3.510520
1.221550 0.141670 3.425110
1.279130 0.100451 3.333440
1.307880 0.081793 3.303810
1.449380 0.179876 3.464970
1.462580 0.053846 3.383650
1.397410 0.185080 3.415190
1.374410 0.223568 3.431790
1.320110 0.002704 3.533090
1.287920 -0.231974 3.486690
1.471160 -0.368781 3.405120
1.476760 -0.422955 3.402260
1.412120 -0.012069 3.536930
1.457500 -0.233833 3.438150
1.500040 -0.441337 3.392720
1.473350 -0.392509 3.403180
1.366740 0.041511 3.549700
1.375200 0.076491 3.583290
1.383570 0.291782 3.604070
1.368780 0.418429 3.592890
1.242870 0.274483 3.514290
1.221190 0.133633 3.429520
1.295050 0.061350 3.356160
1.324410 0.052875 3.328470
1.448130 0.179141 3.468570
1.454660 0.054906 3.384280
1.327340 0.086957 3.396740
1.303550 0.117115 3.408580
1.315620 -0.002554 3.537260
1.286840 -0.234726 3.487760
1.472840 -0.367881 3.409330
1.476640 -0.422452 3.402860
1.409420 -0.015841 3.544140
1.456640 -0.234097 3.437360
1.504780 -0.440482 3.398680
1.474300 -0.391733 3.405070
1.364170 0.039229 3.553640
1.372050 0.074852 3.587330
1.374970 0.289543 3.608650
1.370280 0.420581 3.599630
1.236200 0.273830 3.517830
1.207090 0.140775 3.445220
1.294930 0.062602 3.363980
1.324190 0.043721 3.344090
1.446030 0.177416 3.474520
1.449400 0.054383 3.389710
1.303910 0.054899 3.392320
1.259720 0.055280 3.390860
1.313160 -0.007332 3.540780
1.284620 -0.237692 3.487700
1.474360 -0.366441 3.414010
1.476020 -0.421216 3.404820
1.408220 -0.017634 3.547420
1.455830 -0.234805 3.436820
1.509480 -0.440895 3.406580
1.476400 -0.389968 3.411320
1.362060 0.036309 3.563530
1.369840 0.071799 3.599020
1.374970 0.287780 3.620700
1.371530 0.422912 3.605110
1.234210 0.277134 3.527330
1.163680 0.156846 3.460100
1.283620 0.053718 3.375780
1.314590 0.026353 3.358420
1.444460 0.175399 3.482650
1.444060 0.054941 3.394480
1.289110 0.032214 3.389410
1.243640 0.029492 3.385120
1.310850 -0.017136 3.574520
1.276570 -0.239020 3.490170
1.457910 -0.406644 3.406220
1.477350 -0.410560 3.411830
1.407170 -0.019247 3.549960
1.455290 -0.235354 3.436350
1.512490 -0.441078 3.411400
1.477770 -0.388637 3.415540
1.370340 0.026558 3.559600
1.375440 0.057665 3.597120
1.386010 0.251848 3.626520
1.369380 0.416451 3.614450
1.235450 0.266947 3.532830
1.117670 0.140940 3.491100
1.240990 0.033816 3.399970
1.274630 0.002531 3.378740
1.443460 0.173554 3.501050
1.446240 0.050870 3.417170
1.308980 0.002177 3.380990
1.255940 -0.002116 3.369050
1.328520 -0.032039 3.565670
1.257070 -0.244587 3.502390
1.427360 -0.446683 3.415240
1.476240 -0.407265 3.414460
1.416410 -0.026146 3.526830
1.453050 -0.247097 3.438190
1.513910 -0.446275 3.416210
1.480250 -0.390503 3.419970
1.374050 0.018525 3.555640
1.377320 0.045374 3.593780
1.388900 0.226184 3.626710
1.367200 0.407806 3.621040
1.235280 0.253956 3.535880
1.098660 0.132314 3.501580
1.192690 0.011983 3.415600
1.214250 -0.026521 3.393800
1.440390 0.170494 3.510240
1.425320 0.034443 3.425440
1.298610 -0.018049 3.369850
1.249720 -0.022253 3.357930
1.333340 -0.045061 3.564080
1.232580 -0.251079 3.505400
1.399070 -0.469302 3.413330
1.469630 -0.410493 3.421620
1.413800 -0.042254 3.494330
1.451830 -0.261437 3.443220
1.518840 -0.459952 3.426530
1.488630 -0.403833 3.430650
1.373390 0.033019 3.596340
1.376750 0.062700 3.630110
1.385890 0.237647 3.633820
1.358890 0.423565 3.627500
1.233570 0.255119 3.540670
1.084710 0.138579 3.511830
1.129190 0.021854 3.457030
1.124000 -0.016413 3.437940
1.437900 0.168111 3.516030
1.416360 0.027118 3.428500
1.299960 -0.060172 3.378200
1.256520 -0.071352 3.364950
1.323140 -0.021169 3.641930
1.152470 -0.008925 3.777230
1.270590 -0.194977 3.640240
1.279210 -0.213361 3.584180
1.418110 -0.050592 3.517960
1.451650 -0.265512 3.443460
1.520200 -0.463193 3.429640
1.490210 -0.405804 3.435110
1.372900 0.028092 3.603130
1.376250 0.059488 3.638040
1.383490 0.238380 3.645890
1.347020 0.420332 3.627670
1.231620 0.253479 3.550190
1.076560 0.139351 3.522040
1.103930 0.018883 3.480800
1.080940 -0.033219 3.470600
1.435190 0.164952 3.521400
1.410930 0.020834 3.428340
1.301000 -0.077123 3.378760
1.271170 -0.113473 3.370560
1.324740 -0.041055 3.643800
1.099860 -0.023691 3.516870
1.219400 -0.229995 3.384710
1.220940 -0.243546 3.323410
1.418000 -0.054658 3.519320
1.463280 -0.275191 3.449890
1.521830 -0.469376 3.432320
1.492850 -0.410520 3.438960
1.370050 0.017861 3.601990
1.370290 0.044527 3.635240
1.365430 0.213392 3.642670
1.334740 0.396586 3.632550
1.221140 0.236249 3.552560
1.066380 0.126854 3.523930
1.082600 0.001108 3.487670
1.073320 -0.078931 3.472720
1.432780 0.162051 3.525410
1.410360 0.012798 3.425120
1.303290 -0.118336 3.407910
1.272280 -0.161231 3.405160
1.323280 -0.063618 3.633740
1.098480 -0.068786 3.493920
1.194840 -0.247594 3.335700
1.237310 -0.275453 3.332280
1.416970 -0.058236 3.519300
1.373050 -0.267588 3.418000
1.471560 -0.444297 3.419190
1.488270 -0.399924 3.448080
1.368260 0.010212 3.598600
1.366950 0.035001 3.631520
1.358470 0.202507 3.640580
1.328600 0.385203 3.635950
1.214670 0.224509 3.553170
1.060900 0.116643 3.523450
1.071980 -0.011356 3.489430
1.089890 -0.095211 3.478350
1.430830 0.159700 3.528260
1.414080 0.007104 3.420730
1.304780 -0.130898 3.416040
1.274130 -0.177741 3.418670
1.324630 -0.077624 3.623740
1.071110 -0.042699 3.480930
1.180430 -0.254980 3.286530
1.235100 -0.290262 3.308150
1.416170 -0.060535 3.518960
1.395210 -0.275992 3.414910
1.494070 -0.454483 3.441600
1.491680 -0.402660 3.457370
1.366520 0.006225 3.594950
1.364290 0.030111 3.628250
1.354300 0.197240 3.639240
1.324710 0.380054 3.637570
1.210190 0.217599 3.553200
1.057580 0.110037 3.522250
1.066900 -0.019834 3.488110
1.106110 -0.086120 3.500760
1.429010 0.157833 3.530630
1.417690 0.003784 3.418130
1.306580 -0.138583 3.422010
1.275910 -0.187200 3.427720
1.323240 -0.082629 3.617180
1.068360 -0.083345 3.587560
1.187840 -0.295206 3.414580
1.253270 -0.310484 3.406830
1.415500 -0.061857 3.518400
1.261550 -0.230667 3.444670
1.485530 -0.335626 3.469380
1.486050 -0.387058 3.465610
1.340690 0.003315 3.593720
1.345890 0.030031 3.628360
1.340530 0.224510 3.648150
1.313780 0.386970 3.637790
1.200990 0.224455 3.558470
1.181270 0.103843 3.622390
1.158400 -0.059197 3.624930
1.201350 -0.105637 3.656540
1.426590 0.156482 3.532660
1.422700 0.001584 3.417430
1.313400 -0.140736 3.427640
1.283060 -0.189140 3.435380
1.279600 -0.068601 3.613030
1.200240 -0.191241 3.472260
1.320020 -0.397975 3.291510
1.341370 -0.421213 3.256980
1.396800 -0.062481 3.527600
1.156270 -0.067546 3.526330
1.373900 -0.224556 3.506360
1.392370 -0.283692 3.461480
1.317280 0.016030 3.594060
1.323690 0.041949 3.630130
1.331260 0.237877 3.653350
1.305680 0.396158 3.636840
1.191990 0.231312 3.563220
1.213350 0.111849 3.669200
1.203520 -0.069960 3.693580
1.254600 -0.104141 3.739260
1.422570 0.155300 3.534730
1.429880 0.000318 3.418820
1.323330 -0.137406 3.433190
1.293550 -0.183147 3.442230
1.251170 -0.054116 3.615270
1.245190 -0.243462 3.452230
1.366960 -0.449194 3.273900
1.375140 -0.475605 3.218040
1.369460 -0.044803 3.521930
1.130370 -0.119838 3.545850
1.356170 -0.317112 3.505960
1.419470 -0.351978 3.468870
1.305040 0.023234 3.592860
1.307380 0.053273 3.628530
1.315600 0.257304 3.640550
1.294930 0.404477 3.631240
1.177720 0.244854 3.557420
1.227520 0.130605 3.678740
1.220670 -0.070858 3.720230
1.273870 -0.099895 3.770310
1.412710 0.155589 3.538850
1.434720 0.001064 3.422150
1.398570 -0.158898 3.408050
1.383810 -0.203695 3.419480
1.237440 -0.045869 3.615230
1.270000 -0.266532 3.437310
1.393360 -0.472119 3.260720
1.393790 -0.498980 3.195000
1.357950 -0.037951 3.520890
1.171410 -0.191042 3.527830
1.381640 -0.388260 3.483150
1.429280 -0.362511 3.487290
1.298210 0.027213 3.592080
1.299450 0.058411 3.627690
1.309610 0.263361 3.637460
1.289060 0.409348 3.628220
1.169600 0.251546 3.554990
1.229570 0.133792 3.682590
1.222570 -0.057190 3.705040
1.281440 -0.094316 3.777420
1.402880 0.154114 3.541490
1.438330 0.000704 3.425250
1.443810 -0.174094 3.395850
1.429490 -0.217940 3.406710
1.230020 -0.041782 3.615270
1.283820 -0.280519 3.428600
1.408040 -0.486096 3.252940
1.403930 -0.513144 3.181430
1.351190 -0.034619 3.520140
1.182370 -0.223203 3.525080
1.402980 -0.443174 3.466460
1.438870 -0.378675 3.491980
1.286030 0.030203 3.590700
1.284810 0.062064 3.625780
1.294240 0.263857 3.631600
1.283090 0.412837 3.624260
1.155070 0.256093 3.550890
1.225370 0.156203 3.694630
1.235570 -0.052077 3.730410
1.283590 -0.078134 3.781260
1.393560 0.152732 3.542610
1.440680 0.000115 3.428490
1.460150 -0.179884 3.391580
1.451360 -0.224948 3.399490
1.218490 -0.037963 3.615030
1.285870 -0.283407 3.426870
1.411140 -0.489739 3.252290
1.399340 -0.414536 3.292870
1.341440 -0.034265 3.522030
1.220840 -0.272598 3.503020
1.426340 -0.487091 3.448570
1.437130 -0.421806 3.425750
1.277040 0.030259 3.584770
1.274830 0.062170 3.620510
1.285340 0.263126 3.627830
1.276460 0.415408 3.619710
1.145240 0.258641 3.547740
1.225120 0.163466 3.698390
1.173150 -0.020257 3.662560
1.232970 -0.054137 3.727700
1.380580 0.151422 3.541910
1.440710 -0.000592 3.431880
1.458410 -0.176447 3.397460
1.463960 -0.225160 3.394120
1.209600 -0.039397 3.603040
1.277430 -0.285823 3.425370
1.403370 -0.492937 3.251630
1.414060 -0.431940 3.293550
1.335660 -0.033781 3.521780
1.431510 -0.242659 3.415700
1.438980 -0.443338 3.315450
1.443420 -0.448385 3.291350
1.263100 0.026319 3.571180
1.259670 0.057137 3.607210
1.270520 0.255662 3.619720
1.260490 0.416096 3.610110
1.131740 0.257980 3.541630
1.180260 0.145058 3.668900
1.132230 -0.032986 3.637910
1.161780 -0.064396 3.607260
1.358880 0.146411 3.534880
1.428590 -0.001874 3.442180
1.449400 -0.171858 3.404620
1.465870 -0.219376 3.390890
1.198020 -0.042812 3.585890
1.266300 -0.285670 3.424640
1.392500 -0.493512 3.251360
1.414910 -0.425603 3.310700
1.326100 -0.035699 3.517300
1.490360 -0.257634 3.408940
1.474180 -0.455197 3.303550
1.435290 -0.405258 3.310100
1.243620 0.016802 3.549540
1.240040 0.046326 3.587610
1.247860 0.244638 3.611090
1.229040 0.413039 3.607400
1.111890 0.253978 3.533950
1.135790 0.118086 3.637670
1.111890 -0.061026 3.621220
1.150620 -0.077645 3.581120
1.334700 0.138884 3.522660
1.418800 -0.001514 3.448460
1.437460 -0.164398 3.407690
1.459410 -0.211004 3.390150
1.179500 -0.051945 3.554530
1.263950 -0.287068 3.422400
1.390330 -0.495305 3.249360
1.417350 -0.422481 3.318560
1.310000 -0.042302 3.503780
1.525290 -0.218217 3.397950
1.516840 -0.426162 3.301780
1.444950 -0.399983 3.306080
1.226700 0.015093 3.529290
1.221250 0.043240 3.567420
1.224000 0.239864 3.597800
1.182010 0.401216 3.587830
1.088570 0.251598 3.521720
1.106620 0.112181 3.616870
1.098760 -0.066424 3.607240
1.103750 -0.133964 3.561650
1.318480 0.135478 3.514030
1.408500 0.001289 3.451290
1.427690 -0.157526 3.406900
1.441160 -0.203440 3.394030
1.168260 -0.054993 3.538350
1.260900 -0.285545 3.419290
1.387350 -0.494237 3.246290
1.418070 -0.421828 3.320120
1.288590 -0.043053 3.471600
1.551420 -0.216250 3.390070
1.544450 -0.411311 3.315270
1.455160 -0.392890 3.308530
1.215470 0.014218 3.516710
1.209770 0.041334 3.555540
1.211180 0.236767 3.590590
1.157470 0.395673 3.575110
1.072790 0.249145 3.513200
1.090410 0.106379 3.604760
1.086650 -0.072065 3.591230
1.079230 -0.151042 3.540420
1.288670 0.128278 3.498040
1.376980 0.000956 3.448000
1.410830 -0.154041 3.402150
1.428330 -0.200208 3.397730
1.160810 -0.057076 3.528750
1.246080 -0.278628 3.406940
1.372160 -0.487867 3.233370
1.401470 -0.429560 3.295590
1.271720 -0.043504 3.449040
1.471370 -0.230082 3.445370
1.546210 -0.411382 3.350320
1.459300 -0.385836 3.333100
1.203890 0.012985 3.504640
1.199010 0.038971 3.544850
1.202260 0.234054 3.585910
1.136850 0.389382 3.560320
1.060990 0.246401 3.507050
1.081490 0.103274 3.598660
1.078130 -0.076269 3.583360
1.062590 -0.168867 3.535540
1.269550 0.124311 3.487980
1.351830 0.004003 3.443470
1.376730 -0.145958 3.392280
1.393610 -0.190503 3.396040
1.147870 -0.055300 3.507630
1.236750 -0.275672 3.399730
1.362620 -0.485310 3.225770
1.392040 -0.435737 3.281610
1.257990 -0.043806 3.437780
1.459750 -0.234871 3.437980
1.532600 -0.413585 3.352210
1.455580 -0.380505 3.343130
1.156130 0.004849 3.512640
1.156820 0.033301 3.549900
1.183050 0.229504 3.576920
1.123850 0.386354 3.551110
1.042250 0.241761 3.497840
1.072590 0.100685 3.593160
1.058690 -0.081510 3.576690
1.021570 -0.147142 3.560850
1.246750 0.122094 3.472520
1.332810 0.006683 3.438620
1.354020 -0.141790 3.384500
1.380230 -0.187381 3.394280
1.094830 -0.055153 3.529750
1.122610 -0.285301 3.439280
1.248410 -0.495700 3.264540
1.302930 -0.460804 3.294580
1.205920 -0.062284 3.450290
1.420440 -0.228272 3.440270
1.518110 -0.406383 3.349580
1.448820 -0.377340 3.351270
1.110820 0.007700 3.509280
1.112730 0.038325 3.542980
1.140620 0.224420 3.545460
1.110070 0.383195 3.540470
0.998179 0.234392 3.466400
1.045310 0.097872 3.572430
1.030640 -0.085906 3.559170
0.984508 -0.140651 3.553070
1.226980 0.121082 3.460740
1.314430 0.007865 3.432900
1.315860 -0.142588 3.381800
1.343640 -0.180981 3.403330
1.046210 -0.051797 3.542890
1.053310 -0.287401 3.454580
1.179290 -0.498287 3.279300
1.257610 -0.470271 3.294390
1.159400 -0.070263 3.446800
1.376120 -0.226474 3.432660
1.480490 -0.402687 3.334460
1.429770 -0.374314 3.352030
1.083800 0.009019 3.501530
1.087440 0.040049 3.534840
1.119410 0.222548 3.530300
1.080070 0.381330 3.510640
0.977585 0.231322 3.452250
1.029410 0.096649 3.560920
0.985804 -0.069386 3.565940
0.943729 -0.111584 3.570430
1.211370 0.121751 3.452270
1.283790 0.007164 3.421220
1.269610 -0.136977 3.357590
1.286220 -0.178075 3.378080
1.003910 -0.048205 3.529530
1.027260 -0.287934 3.455400
1.168610 -0.438057 3.321660
1.214660 -0.393383 3.344910
1.136230 -0.072071 3.442840
1.343400 -0.227768 3.423590
1.445710 -0.403797 3.319660
1.397470 -0.371532 3.346560
1.052420 0.015418 3.466570
1.051910 0.046769 3.499260
1.075430 0.230397 3.493790
1.067280 0.383502 3.499410
0.932793 0.236104 3.416080
0.984718 0.104106 3.524980
0.963473 -0.061001 3.570120
0.924602 -0.098985 3.577690
1.174440 0.128770 3.434570
1.230120 -0.003346 3.396040
1.245260 -0.135988 3.347820
1.235290 -0.176164 3.341260
0.976254 -0.044499 3.487450
0.984388 -0.267165 3.371330
1.148480 -0.379705 3.283860
1.170720 -0.323834 3.317930
1.115270 -0.064018 3.427330
1.315270 -0.227972 3.414890
1.413200 -0.404125 3.307850
1.367040 -0.368631 3.336760
-0.534690 -0.021990 3.388400
-0.514640 0.017080 3.415340
-0.479983 0.242052 3.408350
-0.517668 0.411148 3.345550
-0.650195 0.117285 3.448150
-0.688105 -0.022063 3.446600
-0.700207 -0.159349 3.426310
-0.694296 -0.188591 3.404810
-0.364697 0.125170 3.326040
-0.313318 -0.009015 3.290090
-0.272443 -0.146983 3.267710
-0.236584 -0.154544 3.270710
-0.613329 -0.093273 3.412090
-0.760196 -0.037559 3.541820
-0.594806 -0.194905 3.412190
-0.536554 -0.185276 3.392680
-0.484854 -0.089724 3.350010
-0.268379 -0.074233 3.301420
-0.359339 -0.190741 3.343690
-0.306290 -0.167121 3.321450
-0.534832 -0.021908 3.390320
-0.515590 0.017546 3.417230
-0.483573 0.242620 3.408970
-0.518302 0.414641 3.347390
-0.653591 0.119817 3.444520
-0.697293 -0.025781 3.450170
-0.732825 -0.143000 3.466370
-0.745481 -0.174640 3.474180
-0.366075 0.124836 3.328190
-0.308964 -0.024171 3.311450
-0.274534 -0.146957 3.270900
-0.238774 -0.157740 3.273790
-0.613292 -0.092892 3.413710
-0.786613 -0.083500 3.553130
-0.646580 -0.228457 3.490190
-0.649681 -0.208390 3.463450
-0.484818 -0.089737 3.352100
-0.251227 -0.072758 3.362470
-0.373275 -0.190206 3.385600
-0.318431 -0.165302 3.370200
-0.534892 -0.021819 3.390630
-0.515966 0.017798 3.417540
-0.486710 0.242751 3.408700
-0.518729 0.415649 3.348000
-0.658436 0.120754 3.442800
-0.701745 -0.026047 3.449400
-0.783000 -0.087277 3.510710
-0.806409 -0.107853 3.537140
-0.366771 0.124766 3.329250
-0.309435 -0.029211 3.328120
-0.277450 -0.147184 3.280690
-0.251013 -0.162681 3.307820
-0.613389 -0.092513 3.413490
-0.804997 -0.127856 3.548890
-0.656139 -0.203509 3.475790
-0.680548 -0.194308 3.435010
-0.484753 -0.089676 3.352560
-0.216406 -0.069556 3.444770
-0.371302 -0.183942 3.378720
-0.361471 -0.184979 3.317490
-0.535337 -0.021674 3.390850
-0.517645 0.018178 3.417900
-0.492754 0.242923 3.409150
-0.521983 0.416788 3.347680
-0.666778 0.121068 3.438030
-0.729900 -0.006912 3.447700
-0.807310 -0.120781 3.470170
-0.820283 -0.161908 3.453100
-0.372141 0.125388 3.335510
-0.310441 -0.031824 3.341420
-0.284734 -0.150623 3.309820
-0.253116 -0.160851 3.314590
-0.614117 -0.092035 3.412310
-0.817622 -0.172520 3.548330
-0.717118 -0.173697 3.400880
-0.777756 -0.180026 3.417290
-0.484824 -0.089538 3.353220
-0.201598 -0.067935 3.480370
-0.368745 -0.178796 3.371930
-0.338891 -0.173722 3.341350
-0.536584 -0.021705 3.390730
-0.521375 0.018282 3.418130
-0.506089 0.244402 3.411850
-0.525740 0.418048 3.347470
-0.674986 0.121341 3.432040
-0.754275 -0.010756 3.438950
-0.838073 -0.160037 3.437050
-0.851961 -0.215828 3.438560
-0.379630 0.127968 3.347530
-0.329753 -0.039782 3.368590
-0.296188 -0.160741 3.351500
-0.263289 -0.158115 3.366760
-0.616123 -0.092155 3.408110
-0.842024 -0.078875 3.481560
-0.760212 -0.070506 3.322950
-0.803419 -0.103356 3.334700
-0.484952 -0.089416 3.353910
-0.194456 -0.067399 3.498100
-0.405877 -0.162867 3.373660
-0.419128 -0.190066 3.355880
-0.538318 -0.021937 3.390070
-0.526315 0.018268 3.417710
-0.517769 0.245863 3.411460
-0.529414 0.418920 3.347510
-0.690371 0.121556 3.417550
-0.767940 -0.015954 3.424970
-0.848165 -0.190289 3.410820
-0.868770 -0.249118 3.417720
-0.385270 0.129708 3.356510
-0.334263 -0.039719 3.382830
-0.304881 -0.164137 3.372580
-0.269362 -0.159947 3.393680
-0.618653 -0.093018 3.400850
-0.858209 -0.084140 3.451670
-0.897364 -0.224753 3.401680
-0.888263 -0.296207 3.412460
-0.485079 -0.089344 3.354620
-0.189661 -0.067029 3.510270
-0.426049 -0.152525 3.373510
-0.403264 -0.165283 3.382210
-0.540351 -0.023121 3.388130
-0.531240 0.017515 3.416590
-0.525972 0.247277 3.411130
-0.532547 0.419902 3.347680
-0.700950 0.122347 3.401500
-0.775633 -0.019716 3.413520
-0.849925 -0.209206 3.390570
-0.871817 -0.275013 3.395430
-0.389835 0.131027 3.363960
-0.338607 -0.040815 3.390530
-0.308467 -0.166770 3.382990
-0.271578 -0.161920 3.406850
-0.619654 -0.096682 3.385300
-0.862041 -0.074049 3.435180
-0.921416 -0.234441 3.397610
-0.930735 -0.289254 3.355100
-0.485057 -0.089553 3.355370
-0.187106 -0.067246 3.517120
-0.422753 -0.151297 3.331870
-0.464869 -0.175363 3.345560
-0.542186 -0.024406 3.386010
-0.536286 0.016520 3.415330
-0.531631 0.248122 3.411090
-0.534838 0.420652 3.347880
-0.704428 0.121659 3.377470
-0.783683 -0.026733 3.385660
-0.848348 -0.222939 3.368790
-0.871775 -0.291006 3.374160
-0.392650 0.131965 3.373130
-0.340013 -0.042639 3.404670
-0.314300 -0.175343 3.406190
-0.274456 -0.181590 3.430950
-0.619931 -0.099684 3.370880
-0.852149 -0.032033 3.395890
-0.894711 -0.246079 3.376220
-0.887626 -0.285071 3.313100
-0.484934 -0.089967 3.356370
-0.186801 -0.068081 3.518930
-0.422226 -0.150574 3.318030
-0.492356 -0.186172 3.324700
-0.543400 -0.026113 3.383150
-0.540135 0.015254 3.413730
-0.537226 0.248520 3.410670
-0.536332 0.421326 3.348030
-0.705662 0.121223 3.363490
-0.785221 -0.033648 3.352320
-0.840118 -0.232292 3.326210
-0.862346 -0.300878 3.326840
-0.394557 0.132380 3.379600
-0.343448 -0.044658 3.413160
-0.320368 -0.180175 3.415920
-0.280533 -0.191735 3.438790
-0.617961 -0.102049 3.359490
-0.848880 -0.019446 3.381660
-0.895762 -0.257879 3.333640
-0.888119 -0.293390 3.259300
-0.484132 -0.090852 3.357590
-0.752767 -0.032076 3.369740
-0.830862 -0.229086 3.312680
-0.786904 -0.176847 3.338930
-0.544333 -0.027616 3.380670
-0.543220 0.014078 3.412340
-0.541039 0.248736 3.410430
-0.537399 0.421917 3.348410
-0.705181 0.120936 3.353460
-0.783911 -0.036502 3.327950
-0.830843 -0.231350 3.300650
-0.851759 -0.298715 3.297640
-0.395799 0.132459 3.384460
-0.346515 -0.045889 3.418500
-0.325468 -0.183747 3.422030
-0.285610 -0.197759 3.443800
-0.616227 -0.103503 3.352670
-0.839212 -0.010534 3.337800
-0.890691 -0.267038 3.313480
-0.875156 -0.293465 3.227510
-0.483754 -0.091668 3.358630
-0.812044 -0.055787 3.351430
-0.867338 -0.255590 3.300300
-0.852023 -0.267557 3.263790
-0.543263 -0.000785 3.358750
-0.551558 0.040658 3.390030
-0.553390 0.270694 3.383260
-0.537376 0.425547 3.348400
-0.672962 0.160361 3.339210
-0.766635 -0.006478 3.307040
-0.808108 -0.186414 3.281830
-0.829644 -0.260666 3.275990
-0.413596 0.165165 3.409210
-0.350322 -0.012835 3.427980
-0.412587 -0.135840 3.324740
-0.399425 -0.177513 3.325280
-0.599657 -0.061513 3.322920
-0.818889 -0.131182 3.314750
-0.876543 -0.336575 3.275200
-0.854486 -0.359008 3.192480
-0.484868 -0.066490 3.364860
-0.846207 -0.064643 3.324900
-0.916785 -0.273802 3.295910
-0.857570 -0.295325 3.235690
-0.542574 0.009962 3.349680
-0.554723 0.050883 3.381150
-0.557595 0.278400 3.375500
-0.534774 0.427835 3.349240
-0.653951 0.182786 3.333240
-0.757206 0.005616 3.297210
-0.788932 -0.150644 3.273330
-0.813871 -0.233944 3.265990
-0.422374 0.181787 3.420730
-0.351551 -0.000082 3.436060
-0.438292 -0.121763 3.300350
-0.430784 -0.174966 3.301300
-0.590061 -0.037992 3.308090
-0.807883 -0.164734 3.287840
-0.860106 -0.377040 3.223300
-0.825988 -0.362388 3.236560
-0.485378 -0.056173 3.366970
-0.845857 -0.054594 3.304510
-0.875805 -0.272526 3.274400
-0.870120 -0.335425 3.239680
-0.541749 0.014959 3.344960
-0.555983 0.055506 3.376770
-0.559561 0.282127 3.371690
-0.529624 0.429704 3.350180
-0.645711 0.191778 3.330470
-0.740966 0.018299 3.287930
-0.777190 -0.135908 3.265460
-0.783326 -0.193100 3.244720
-0.426163 0.189102 3.426000
-0.351280 0.007813 3.443060
-0.451889 -0.110811 3.282240
-0.452819 -0.169389 3.280400
-0.585736 -0.029067 3.301730
-0.801520 -0.188228 3.278440
-0.800200 -0.371135 3.152680
-0.771221 -0.379506 3.122200
-0.485228 -0.050947 3.367730
-0.855269 -0.025239 3.276610
-0.573430 -0.114851 3.389760
-0.627691 -0.164966 3.346140
-0.539478 0.018115 3.341750
-0.555230 0.058380 3.373880
-0.558114 0.284935 3.370710
-0.493439 0.431835 3.348810
-0.637759 0.196981 3.328880
-0.730247 0.023464 3.282840
-0.762995 -0.128292 3.258200
-0.766971 -0.176247 3.232670
-0.428358 0.193807 3.429580
-0.349158 0.013906 3.451000
-0.457581 -0.103883 3.273380
-0.444443 -0.162087 3.282600
-0.580459 -0.023512 3.298020
-0.797166 -0.202558 3.271960
-0.782299 -0.380159 3.123530
-0.773665 -0.305019 3.168190
-0.484249 -0.047391 3.367960
-0.850545 -0.025486 3.265700
-0.569726 -0.114764 3.395100
-0.545104 -0.150607 3.333870
-0.534223 0.019208 3.339810
-0.550276 0.058714 3.372620
-0.549170 0.284836 3.375810
-0.474472 0.433906 3.356140
-0.629575 0.199776 3.329170
-0.719786 0.026497 3.278430
-0.737153 -0.127815 3.243990
-0.737803 -0.172014 3.209040
-0.428150 0.197007 3.432100
-0.347079 0.017629 3.456670
-0.423173 -0.112615 3.295180
-0.444602 -0.164766 3.281050
-0.573783 -0.021018 3.296950
-0.793700 -0.211758 3.267410
-0.770719 -0.381960 3.106920
-0.754924 -0.303495 3.147460
-0.480822 -0.045403 3.366710
-0.813601 -0.028711 3.265860
-0.493593 -0.093513 3.415930
-0.469386 -0.123761 3.351380
-0.525820 0.019284 3.339070
-0.540798 0.057424 3.373020
-0.533796 0.281615 3.384960
-0.463249 0.434131 3.361650
-0.621395 0.199831 3.331340
-0.706290 0.024722 3.272090
-0.704039 -0.126242 3.213390
-0.717523 -0.164714 3.187410
-0.422774 0.197918 3.434010
-0.336591 0.025052 3.477760
-0.398954 -0.113127 3.323490
-0.405217 -0.166728 3.324560
-0.565296 -0.020338 3.297210
-0.789160 -0.214589 3.264240
-0.762226 -0.379873 3.095790
-0.751397 -0.287914 3.149000
-0.475006 -0.044819 3.364310
-0.788809 -0.031532 3.269210
-0.488157 -0.097847 3.415100
-0.461784 -0.126662 3.348640
-0.508902 0.022995 3.339280
-0.525792 0.058443 3.374280
-0.521666 0.279643 3.392180
-0.455460 0.434053 3.365800
-0.605688 0.194851 3.332500
-0.666683 0.039095 3.265900
-0.669268 -0.104234 3.201170
-0.684733 -0.143562 3.184370
-0.414770 0.197769 3.435470
-0.332507 0.037484 3.460180
-0.383271 -0.116380 3.340800
-0.386805 -0.168892 3.344720
-0.555864 -0.019436 3.297440
-0.782542 -0.212315 3.261890
-0.755232 -0.374608 3.090140
-0.748016 -0.278242 3.149580
-0.443417 -0.029361 3.358780
-0.695950 -0.001889 3.293330
-0.389517 -0.130886 3.331630
-0.358640 -0.156646 3.267310
-0.494113 0.026435 3.339730
-0.511447 0.060046 3.375660
-0.508586 0.279037 3.399690
-0.449282 0.434008 3.368520
-0.588525 0.188746 3.333540
-0.647726 0.044003 3.262070
-0.652549 -0.096491 3.194120
-0.652207 -0.131079 3.181160
-0.403028 0.197374 3.437450
-0.328958 0.041231 3.461870
-0.320621 -0.109488 3.469140
-0.326794 -0.160476 3.458620
-0.542770 -0.018822 3.295610
-0.766240 -0.216323 3.250480
-0.746096 -0.375804 3.082350
-0.740721 -0.278363 3.144660
-0.429073 -0.023286 3.356930
-0.650401 0.011243 3.304930
-0.359238 -0.142859 3.314570
-0.329992 -0.169010 3.249990
-0.478884 0.030678 3.340860
-0.497080 0.062405 3.377320
-0.495328 0.278081 3.406390
-0.443720 0.433492 3.370310
-0.572070 0.183942 3.332790
-0.626649 0.050281 3.260840
-0.628741 -0.088153 3.190860
-0.621293 -0.126855 3.179060
-0.388761 0.196009 3.439870
-0.323445 0.040979 3.464340
-0.328820 -0.109585 3.383890
-0.338345 -0.153681 3.400030
-0.524928 -0.015868 3.291720
-0.718096 -0.198792 3.254380
-0.707777 -0.359824 3.093510
-0.711910 -0.271409 3.150830
-0.418935 -0.020590 3.356860
-0.627523 0.015758 3.308690
-0.400965 -0.146981 3.278180
-0.330217 -0.169330 3.217710
-0.444228 0.040729 3.346770
-0.468327 0.069294 3.381910
-0.484318 0.278828 3.410450
-0.437298 0.433300 3.372640
-0.553366 0.180997 3.331620
-0.612174 0.052745 3.258680
-0.608641 -0.085039 3.189200
-0.577825 -0.136126 3.181870
-0.375208 0.195789 3.441480
-0.318076 0.039073 3.461600
-0.285591 -0.107641 3.412970
-0.307071 -0.151250 3.439870
-0.483186 -0.007761 3.289510
-0.689548 -0.187214 3.256680
-0.682624 -0.348365 3.101210
-0.689515 -0.265959 3.155230
-0.386507 -0.019854 3.368430
-0.352127 -0.183201 3.397120
-0.429733 -0.164122 3.219570
-0.397399 -0.170587 3.267480
-0.409959 0.044683 3.359010
-0.437336 0.073776 3.391420
-0.468855 0.281421 3.412410
-0.409611 0.434060 3.381230
-0.526000 0.177810 3.327460
-0.582583 0.044377 3.250380
-0.570445 -0.106075 3.190690
-0.548627 -0.156040 3.183380
-0.358232 0.196619 3.442100
-0.313052 0.037733 3.458520
-0.274414 -0.107857 3.413090
-0.296880 -0.150639 3.440950
-0.440840 -0.011433 3.299840
-0.663957 -0.173914 3.257800
-0.658925 -0.335150 3.107110
-0.665679 -0.257993 3.158040
-0.351677 -0.015791 3.390770
-0.257095 -0.240629 3.423390
-0.410008 -0.272628 3.198460
-0.382524 -0.223777 3.251380
-0.394609 0.047226 3.364150
-0.422112 0.076346 3.395850
-0.451032 0.280709 3.412970
-0.389765 0.431845 3.387220
-0.499375 0.174084 3.325090
-0.549087 0.026053 3.240710
-0.544795 -0.122909 3.199580
-0.527695 -0.171757 3.189150
-0.339531 0.195176 3.442330
-0.303703 0.033002 3.453440
-0.264521 -0.110530 3.412710
-0.286111 -0.153583 3.439970
-0.420905 -0.012782 3.300810
-0.649085 -0.166982 3.257430
-0.644914 -0.328024 3.109560
-0.650500 -0.253627 3.158680
-0.335793 -0.015012 3.402550
-0.217860 -0.272202 3.434780
-0.400392 -0.327957 3.195550
-0.385911 -0.239282 3.253030
-0.382548 0.054036 3.368330
-0.409727 0.081959 3.399340
-0.430574 0.279900 3.413300
-0.371453 0.430033 3.390600
-0.477760 0.172424 3.322780
-0.525867 0.018299 3.235770
-0.486348 -0.121520 3.184420
-0.476472 -0.178257 3.178040
-0.319175 0.193785 3.442830
-0.290010 0.027848 3.448640
-0.255222 -0.113753 3.412090
-0.274687 -0.157373 3.437850
-0.408162 -0.011470 3.297410
-0.635493 -0.163434 3.253410
-0.632045 -0.324312 3.108100
-0.634498 -0.252550 3.154400
-0.326380 -0.013931 3.411100
-0.212710 -0.236594 3.470540
-0.363014 -0.339298 3.238710
-0.383872 -0.242272 3.260640
-0.372664 0.057803 3.369500
-0.398027 0.085724 3.400020
-0.408927 0.279943 3.411250
-0.352089 0.429458 3.392130
-0.460612 0.173666 3.319430
-0.505606 0.010421 3.232090
-0.463117 -0.123296 3.174790
-0.450534 -0.183407 3.167580
-0.298014 0.193126 3.441910
-0.271538 0.023522 3.443110
-0.242975 -0.128369 3.418990
-0.250150 -0.178577 3.425140
-0.399597 -0.010168 3.294310
-0.430668 -0.206301 3.198470
-0.460531 -0.355855 3.067140
-0.462020 -0.285883 3.107380
-0.317893 -0.013138 3.414990
-0.218548 -0.238094 3.483190
-0.346703 -0.344659 3.265110
-0.378748 -0.243773 3.268990
-0.355790 0.071591 3.372840
-0.379808 0.097471 3.402610
-0.388490 0.281409 3.410120
-0.333805 0.429250 3.395060
-0.446784 0.176279 3.315910
-0.494883 0.006800 3.230090
-0.406844 -0.139935 3.155230
-0.404271 -0.194578 3.153110
-0.277397 0.193690 3.441490
-0.251375 0.021332 3.439500
-0.236646 -0.133223 3.421740
-0.241050 -0.184137 3.422290
-0.387480 -0.004958 3.288030
-0.298155 -0.201741 3.235380
-0.292585 -0.361805 3.095580
-0.301861 -0.290662 3.126000
-0.304933 -0.009481 3.424150
-0.208492 -0.235361 3.498080
-0.332165 -0.341978 3.288170
-0.363160 -0.240097 3.286750
-0.339981 0.077284 3.374900
-0.362264 0.103827 3.404030
-0.359535 0.285823 3.406690
-0.312990 0.429823 3.397150
-0.415978 0.178788 3.306360
-0.482437 0.007172 3.243770
-0.386714 -0.144275 3.149320
-0.382501 -0.196362 3.146310
-0.250993 0.196416 3.439560
-0.223316 0.022138 3.435430
-0.231298 -0.135493 3.423310
-0.233278 -0.186486 3.420880
-0.370760 -0.002090 3.287200
-0.234480 -0.214690 3.255580
-0.203446 -0.373575 3.109950
-0.219878 -0.300566 3.134620
-0.293004 -0.008319 3.429390
-0.209225 -0.243062 3.462450
-0.203358 -0.137962 3.517880
-0.234368 -0.163592 3.446000
