0.217061 0.054707 1.990780
0.215603 0.085234 2.038360
0.218400 0.303428 2.042030
0.207564 0.532039 2.029890
0.064431 0.327611 2.064730
-0.022795 0.159335 1.900810
-0.138301 0.171981 1.690970
-0.210080 0.154719 1.623500
0.381837 0.333672 2.077050
0.516046 0.154552 2.053380
0.448248 0.044384 1.909410
0.392476 0.009308 1.873090
0.153047 -0.015883 1.972670
0.106999 -0.435912 1.992250
0.072137 -0.765732 2.003110
0.091140 -0.841855 1.994780
0.282875 -0.014117 1.972800
0.330027 -0.432270 2.006490
0.333258 -0.743735 2.020290
0.335718 -0.776074 1.938760
0.217259 0.054701 1.990750
0.215809 0.085280 2.038340
0.218588 0.303732 2.042050
0.207524 0.532458 2.029960
0.064518 0.327633 2.064680
-0.030196 0.169045 1.893010
-0.151191 0.180285 1.682990
-0.216848 0.156771 1.620760
0.382022 0.333593 2.076870
0.516297 0.154505 2.053180
0.448889 0.047560 1.910030
0.391468 0.009501 1.875110
0.153192 -0.015843 1.972720
0.107144 -0.435867 1.992210
0.072259 -0.765709 2.003200
0.090772 -0.841424 1.994000
0.283076 -0.014145 1.972620
0.330173 -0.432289 2.006430
0.333527 -0.743768 2.020280
0.335949 -0.776107 1.938750
0.217365 0.054670 1.990650
0.215937 0.085305 2.038280
0.218610 0.304056 2.042100
0.207256 0.532941 2.030160
0.064403 0.327530 2.064650
-0.035000 0.175218 1.888130
-0.156842 0.184668 1.679450
-0.220565 0.158566 1.619870
0.382082 0.333519 2.076720
0.516262 0.154434 2.052840
0.446505 0.050429 1.909930
0.388829 0.009359 1.875890
0.153246 -0.015828 1.972700
0.107241 -0.435844 1.992160
0.072361 -0.765685 2.003270
0.090414 -0.840962 1.993190
0.283130 -0.014192 1.972260
0.330257 -0.432324 2.006200
0.333762 -0.743800 2.020220
0.336146 -0.776139 1.938700
0.217372 0.054613 1.990470
0.215981 0.085303 2.038180
0.218484 0.304363 2.042190
0.206699 0.533443 2.030520
0.064035 0.327209 2.064640
-0.038559 0.177414 1.886570
-0.159857 0.186837 1.677550
-0.220822 0.160426 1.621660
0.382025 0.333440 2.076600
0.515878 0.154271 2.052310
0.403622 0.042684 1.885920
0.376698 -0.006748 1.871720
0.153188 -0.015845 1.972580
0.107144 -0.435899 1.991490
0.073164 -0.761068 2.003070
0.082107 -0.802087 1.947580
0.283044 -0.014255 1.971780
0.330231 -0.432394 2.005660
0.333993 -0.743844 2.020050
0.336340 -0.776183 1.938530
0.217245 0.054584 1.990230
0.215903 0.085302 2.038010
0.218088 0.304646 2.042340
0.205964 0.533897 2.031020
0.063122 0.326636 2.064780
-0.041028 0.176431 1.888390
-0.160176 0.186708 1.677490
-0.219434 0.161904 1.624370
0.381873 0.333373 2.076550
0.515393 0.154187 2.051850
0.423860 0.041557 1.887450
0.394490 -0.007947 1.869350
0.152934 -0.015850 1.972270
0.106979 -0.435939 1.990520
0.073763 -0.757152 2.002950
0.076714 -0.777164 1.918950
0.282845 -0.014287 1.971270
0.330067 -0.432466 2.004700
0.334201 -0.743876 2.019750
0.336504 -0.776216 1.938220
0.216899 0.054563 1.989850
0.215637 0.085291 2.037750
0.217485 0.304934 2.042540
0.205109 0.534336 2.031580
0.061526 0.325793 2.065110
-0.042590 0.173877 1.891540
-0.164561 0.186723 1.677140
-0.221019 0.162597 1.624570
0.381622 0.333311 2.076580
0.514772 0.154327 2.051690
0.390602 0.035316 1.873280
0.367699 -0.016135 1.856370
0.152310 -0.015900 1.971720
0.106659 -0.436060 1.989140
0.074155 -0.754320 2.002780
0.074781 -0.768600 1.908910
0.282420 -0.014324 1.970540
0.329775 -0.432546 2.003370
0.334361 -0.743902 2.019350
0.336615 -0.776241 1.937820
0.216170 0.054448 1.989280
0.214998 0.085166 2.037320
0.216274 0.305177 2.042900
0.204120 0.534687 2.032220
0.059354 0.324718 2.065590
-0.043917 0.171813 1.893290
-0.162767 0.185675 1.679500
-0.226482 0.163356 1.621620
0.380937 0.333037 2.076670
0.513288 0.154528 2.051290
0.388871 0.036655 1.875130
0.360016 -0.013475 1.853660
0.151253 -0.016075 1.970880
0.106246 -0.436306 1.987720
0.074404 -0.752428 2.002680
0.073533 -0.763166 1.902500
0.281668 -0.014465 1.969620
0.329371 -0.432730 2.001830
0.334487 -0.743976 2.018880
0.336680 -0.776316 1.937330
0.215282 0.054349 1.988690
0.214131 0.085008 2.036860
0.214501 0.305173 2.043340
0.202871 0.534823 2.032940
0.056982 0.323519 2.066130
-0.044859 0.169918 1.894620
-0.165944 0.185375 1.678980
-0.228221 0.163997 1.621120
0.380022 0.332741 2.076940
0.511547 0.154637 2.050810
0.390690 0.038883 1.879210
0.355248 -0.010963 1.852310
0.150113 -0.016256 1.969960
0.105688 -0.436505 1.986610
0.074370 -0.753005 2.002760
0.078100 -0.800852 1.944680
0.280819 -0.014583 1.968800
0.328922 -0.432900 2.000200
0.334541 -0.744046 2.018330
0.336682 -0.776386 1.936760
0.214249 0.054206 1.988070
0.213056 0.084788 2.036330
0.212438 0.305087 2.043770
0.201523 0.534884 2.033620
0.054838 0.322445 2.066600
-0.045056 0.167873 1.896610
-0.168480 0.177129 1.696070
-0.231584 0.164609 1.618980
0.378851 0.332399 2.077300
0.509170 0.154560 2.050050
0.379169 0.036797 1.873910
0.350573 -0.012954 1.850500
0.148846 -0.016507 1.968850
0.105109 -0.436742 1.985580
0.074245 -0.754018 2.002830
0.077448 -0.803992 1.943710
0.279926 -0.014720 1.968100
0.328430 -0.433103 1.998590
0.334565 -0.744138 2.017760
0.336663 -0.776478 1.936170
0.213029 0.053889 1.987360
0.211799 0.084420 2.035750
0.210481 0.304991 2.044160
0.200169 0.534914 2.034250
0.053005 0.321510 2.066980
-0.045110 0.166134 1.898250
-0.164735 0.176101 1.697920
-0.233973 0.165074 1.617380
0.377177 0.331860 2.077710
0.506671 0.154328 2.049230
0.372775 0.035710 1.870930
0.348018 -0.014483 1.849750
0.147602 -0.016859 1.967800
0.104480 -0.437069 1.984600
0.074061 -0.755209 2.002870
0.076656 -0.805277 1.940560
0.278840 -0.014984 1.967310
0.327948 -0.433394 1.997080
0.334569 -0.744300 2.017160
0.336631 -0.776641 1.935550
0.211834 0.053547 1.986690
0.210518 0.084017 2.035180
0.208631 0.304860 2.044530
0.198945 0.534901 2.034820
0.051508 0.320738 2.067280
-0.045202 0.164862 1.899410
-0.166084 0.173295 1.703380
-0.235780 0.165484 1.616070
0.375645 0.331269 2.078170
0.504265 0.154203 2.048590
0.368880 0.035036 1.869080
0.346300 -0.015760 1.849400
0.146409 -0.017243 1.966760
0.103800 -0.437427 1.983690
0.073813 -0.756376 2.002860
0.075854 -0.805221 1.936570
0.277803 -0.015269 1.966630
0.327457 -0.433711 1.995710
0.334539 -0.744495 2.016560
0.336586 -0.776836 1.934940
0.210708 0.053201 1.986070
0.209294 0.083616 2.034650
0.206916 0.304794 2.044890
0.197843 0.534919 2.035290
0.050168 0.320034 2.067520
-0.045242 0.163839 1.900290
-0.167043 0.171444 1.706880
-0.237094 0.165804 1.615050
0.374197 0.330734 2.078670
0.502031 0.153998 2.048090
0.391053 0.046321 1.886900
0.348855 -0.009251 1.852730
0.145276 -0.017640 1.965720
0.103128 -0.437796 1.982850
0.073528 -0.757427 2.002800
0.075124 -0.804435 1.932680
0.276864 -0.015547 1.966040
0.326896 -0.434049 1.994430
0.334459 -0.744713 2.015980
0.336508 -0.777054 1.934350
0.209667 0.052891 1.985520
0.208129 0.083249 2.034180
0.205377 0.304753 2.045240
0.196900 0.534940 2.035670
0.048813 0.319336 2.067700
-0.045294 0.163021 1.900940
-0.136439 0.169544 1.711950
-0.238041 0.166057 1.614260
0.372847 0.330210 2.079220
0.500162 0.153846 2.047810
0.400331 0.051167 1.894380
0.350762 -0.004785 1.855070
0.144235 -0.018003 1.964760
0.102454 -0.438148 1.982060
0.073227 -0.758356 2.002730
0.074541 -0.803431 1.929450
0.276008 -0.015804 1.965540
0.326363 -0.434358 1.993330
0.334352 -0.744932 2.015430
0.336425 -0.777271 1.933800
0.208735 0.052621 1.985040
0.207069 0.082925 2.033780
0.204007 0.304765 2.045590
0.196069 0.534986 2.036000
0.047417 0.318594 2.067800
-0.045381 0.162356 1.901420
-0.142816 0.167540 1.713530
-0.238777 0.166276 1.613540
0.371619 0.329714 2.079790
0.498326 0.153888 2.047880
0.405291 0.053693 1.898420
0.352222 -0.001598 1.856800
0.143274 -0.018339 1.963860
0.101835 -0.438473 1.981360
0.072945 -0.759166 2.002650
0.074121 -0.802460 1.926940
0.275249 -0.016033 1.965150
0.325846 -0.434641 1.992390
0.334206 -0.745166 2.014850
0.336322 -0.777501 1.933230
0.207870 0.052388 1.984630
0.206070 0.082658 2.033430
0.202637 0.305006 2.045990
0.195248 0.535195 2.036290
0.045985 0.317892 2.067880
-0.045582 0.161752 1.901770
-0.143414 0.171183 1.705960
-0.239316 0.166458 1.612910
0.370468 0.329259 2.080380
0.496653 0.153850 2.048010
0.408322 0.055236 1.900930
0.353386 0.000667 1.858250
0.142375 -0.018643 1.963050
0.101281 -0.438772 1.980760
0.072655 -0.759785 2.002500
0.073734 -0.801376 1.924730
0.274567 -0.016235 1.964810
0.325397 -0.434879 1.991620
0.334065 -0.745379 2.014340
0.336236 -0.777710 1.932730
0.207102 0.052173 1.984270
0.205161 0.082421 2.033130
0.201370 0.305284 2.046340
0.194451 0.535439 2.036530
0.044802 0.317335 2.067920
-0.045919 0.161257 1.901830
-0.161977 0.178889 1.684990
-0.239049 0.166782 1.612900
0.369437 0.328858 2.080980
0.495142 0.153796 2.048260
0.410298 0.056269 1.902610
0.354244 0.002279 1.859340
0.141632 -0.018907 1.962400
0.100733 -0.439058 1.980200
0.072400 -0.760289 2.002360
0.073473 -0.800455 1.923060
0.273965 -0.016423 1.964530
0.324998 -0.435095 1.990980
0.333889 -0.745620 2.013770
0.336137 -0.777946 1.932160
0.206419 0.051997 1.983980
0.204310 0.082231 2.032870
0.200188 0.305576 2.046640
0.193445 0.535731 2.036700
0.043684 0.316767 2.067890
-0.046346 0.160804 1.901650
-0.142866 0.178132 1.690240
-0.239242 0.166978 1.612330
0.368368 0.328571 2.081680
0.493825 0.153774 2.048590
0.385413 0.045172 1.885280
0.353492 -0.001828 1.859030
0.140976 -0.019129 1.961790
0.099976 -0.439363 1.979340
0.072122 -0.759350 2.001900
0.073520 -0.795923 1.920700
0.273394 -0.016587 1.964370
0.324650 -0.435276 1.990460
0.333715 -0.745842 2.013250
0.336061 -0.778162 1.931660
0.205753 0.051813 1.983720
0.203488 0.082046 2.032660
0.198893 0.305988 2.047010
0.192290 0.536120 2.036810
0.042428 0.316130 2.067800
-0.046875 0.160387 1.901350
-0.151436 0.175053 1.694250
-0.239322 0.167167 1.611700
0.366362 0.328170 2.082400
0.492699 0.153752 2.048960
0.374150 0.039853 1.877310
0.352884 -0.006013 1.859080
0.140380 -0.019336 1.961200
0.099329 -0.439637 1.978590
0.071887 -0.758389 2.001490
0.073565 -0.792569 1.919120
0.272809 -0.016761 1.964280
0.324342 -0.435448 1.990040
0.333536 -0.746065 2.012780
0.335970 -0.778379 1.931200
0.205146 0.051654 1.983510
0.202713 0.081896 2.032490
0.197702 0.306399 2.047320
0.191238 0.536510 2.036880
0.041154 0.315464 2.067640
-0.047305 0.160017 1.901100
-0.151105 0.175253 1.692610
-0.239317 0.167336 1.611040
0.364625 0.327905 2.083120
0.491671 0.153733 2.049390
0.368347 0.037252 1.873320
0.352462 -0.009197 1.859110
0.139869 -0.019513 1.960690
0.098746 -0.439863 1.978010
0.071694 -0.757484 2.001130
0.073654 -0.790122 1.918040
0.272267 -0.016921 1.964250
0.324062 -0.435601 1.989700
0.333373 -0.746269 2.012380
0.335902 -0.778578 1.930810
0.204593 0.051533 1.983350
0.201989 0.081788 2.032370
0.196696 0.306772 2.047600
0.190272 0.536881 2.036950
0.040026 0.314876 2.067480
-0.047701 0.159714 1.900810
-0.157084 0.173265 1.694980
-0.239234 0.167540 1.610210
0.363241 0.327745 2.083820
0.490493 0.153933 2.050170
0.364915 0.035711 1.870960
0.352292 -0.010901 1.859170
0.139430 -0.019656 1.960280
0.098190 -0.440050 1.977510
0.071543 -0.756661 2.000830
0.073767 -0.788322 1.917330
0.271755 -0.017055 1.964280
0.323790 -0.435728 1.989440
0.333213 -0.746446 2.012040
0.335845 -0.778746 1.930490
0.204049 0.051402 1.983240
0.201260 0.081673 2.032290
0.195738 0.307049 2.047820
0.189270 0.537175 2.037010
0.038847 0.314177 2.067220
-0.048081 0.159390 1.900460
-0.161446 0.171685 1.696690
-0.239080 0.167726 1.609400
0.361865 0.327707 2.084560
0.489454 0.154161 2.050910
0.362624 0.034693 1.869390
0.352180 -0.012231 1.859200
0.139054 -0.019791 1.959930
0.097679 -0.440231 1.977060
0.071331 -0.756867 2.000650
0.073791 -0.787897 1.916900
0.271189 -0.017218 1.964400
0.323540 -0.435857 1.989260
0.333062 -0.746625 2.011760
0.335802 -0.778915 1.930220
0.203489 0.051272 1.983170
0.200527 0.081564 2.032260
0.194866 0.307281 2.048020
0.188120 0.537430 2.036990
0.037761 0.313528 2.066960
-0.048600 0.159016 1.899670
-0.160198 0.173128 1.692100
-0.238839 0.167922 1.608610
0.360755 0.327686 2.085170
0.488540 0.154360 2.051620
0.376712 0.041422 1.881020
0.353280 -0.009209 1.860440
0.138693 -0.019925 1.959630
0.097212 -0.440403 1.976700
0.071136 -0.757200 2.000500
0.073818 -0.787885 1.916660
0.270570 -0.017398 1.964610
0.323304 -0.435983 1.989140
0.332915 -0.746796 2.011540
0.335756 -0.779074 1.930010
0.202975 0.051152 1.983130
0.199840 0.081471 2.032250
0.194026 0.307556 2.048240
0.186821 0.537733 2.036900
0.036800 0.312953 2.066720
-0.049002 0.158681 1.898990
-0.162361 0.171974 1.693300
-0.238533 0.168111 1.607840
0.359520 0.327884 2.085920
0.487713 0.154546 2.052280
0.388557 0.047566 1.891440
0.357615 0.001049 1.864510
0.138379 -0.020043 1.959380
0.096821 -0.440550 1.976410
0.070958 -0.757604 2.000380
0.073866 -0.788169 1.916560
0.269981 -0.017564 1.964850
0.323091 -0.436097 1.989060
0.332778 -0.746953 2.011360
0.335724 -0.779217 1.929840
0.202492 0.051053 1.983130
0.199187 0.081399 2.032290
0.193266 0.307817 2.048460
0.185181 0.538018 2.036680
0.035937 0.312435 2.066480
-0.049167 0.158506 1.898600
-0.160036 0.174356 1.688010
-0.238160 0.168270 1.607000
0.358277 0.328252 2.086770
0.487016 0.154702 2.052860
0.395624 0.051138 1.897630
0.360865 0.008403 1.867410
0.138109 -0.020142 1.959180
0.096491 -0.440673 1.976170
0.070813 -0.758030 2.000290
0.073949 -0.788635 1.916560
0.269405 -0.017703 1.965140
0.322883 -0.436194 1.989020
0.332653 -0.747086 2.011210
0.335703 -0.779336 1.929710
0.202036 0.050946 1.983140
0.198586 0.081328 2.032340
0.192421 0.308201 2.048770
0.183367 0.538401 2.036290
0.035115 0.311965 2.066270
-0.049307 0.158312 1.898240
-0.161447 0.172636 1.689550
-0.237566 0.168356 1.606120
0.356922 0.328650 2.087550
0.486396 0.154856 2.053380
0.401199 0.054088 1.902940
0.363327 0.016777 1.870820
0.137872 -0.020234 1.959010
0.096149 -0.440801 1.975890
0.070757 -0.757667 2.000130
0.074069 -0.788351 1.916500
0.268874 -0.017836 1.965440
0.322690 -0.436288 1.989020
0.332533 -0.747215 2.011090
0.335680 -0.779451 1.929600
0.201565 0.050865 1.983200
0.197983 0.081300 2.032440
0.191562 0.308657 2.049100
0.181567 0.538814 2.035770
0.034238 0.311519 2.066080
-0.049551 0.158036 1.897650
-0.162655 0.170967 1.691100
-0.236824 0.168357 1.605270
0.355475 0.329087 2.088200
0.485873 0.155020 2.053910
0.397325 0.053930 1.900310
0.354223 0.022310 1.864990
0.137653 -0.020302 1.958870
0.095870 -0.440895 1.975660
0.070717 -0.757217 1.999990
0.074176 -0.788041 1.916480
0.268262 -0.017937 1.965880
0.322511 -0.436358 1.989050
0.332424 -0.747316 2.011000
0.335656 -0.779540 1.929520
0.201117 0.050835 1.983300
0.197386 0.081353 2.032590
0.190430 0.309512 2.049570
0.179699 0.539525 2.035050
0.033392 0.311135 2.065920
-0.049996 0.157582 1.896430
-0.163673 0.169405 1.692390
-0.236050 0.168189 1.604430
0.354232 0.329547 2.088780
0.485414 0.155166 2.054370
0.398296 0.054829 1.901440
0.354533 0.022988 1.866560
0.137462 -0.020348 1.958760
0.095653 -0.440960 1.975490
0.070672 -0.756725 1.999830
0.074265 -0.787729 1.916460
0.267714 -0.017965 1.966380
0.322334 -0.436397 1.989100
0.332330 -0.747385 2.010930
0.335637 -0.779600 1.929450
0.200688 0.050793 1.983420
0.196837 0.081413 2.032750
0.189316 0.310477 2.050020
0.177981 0.540291 2.034210
0.032676 0.310825 2.065790
-0.050365 0.157150 1.895400
-0.170920 0.171942 1.679680
-0.235332 0.167849 1.603580
0.353012 0.329985 2.089250
0.484951 0.155357 2.054950
0.399283 0.055740 1.902570
0.355437 0.023695 1.868180
0.137286 -0.020401 1.958700
0.095457 -0.441031 1.975360
0.070552 -0.756964 1.999720
0.074265 -0.788183 1.916520
0.267230 -0.017982 1.966830
0.322158 -0.436427 1.989210
0.332241 -0.747447 2.010880
0.335618 -0.779652 1.929400
0.200284 0.050741 1.983550
0.196333 0.081477 2.032920
0.188189 0.311626 2.050460
0.176432 0.541162 2.033170
0.032022 0.310576 2.065670
-0.050734 0.156720 1.894380
-0.175037 0.173490 1.671680
-0.234692 0.167450 1.602850
0.352096 0.330314 2.089600
0.484502 0.155524 2.055550
0.399953 0.056353 1.903350
0.356539 0.023887 1.869740
0.137083 -0.020478 1.958690
0.095280 -0.441117 1.975250
0.070401 -0.757291 1.999630
0.074222 -0.788721 1.916600
0.266828 -0.018021 1.967240
0.321996 -0.436471 1.989370
0.332158 -0.747518 2.010840
0.335600 -0.779713 1.929370
0.199900 0.050690 1.983690
0.195852 0.081555 2.033100
0.187061 0.312921 2.050870
0.175172 0.542101 2.032070
0.031381 0.310402 2.065570
-0.050814 0.156518 1.893980
-0.176789 0.174191 1.668310
-0.234153 0.167084 1.602260
0.351339 0.330617 2.089900
0.484073 0.155688 2.056150
0.401206 0.057203 1.904690
0.357694 0.024243 1.871210
0.136859 -0.020565 1.958710
0.095127 -0.441203 1.975190
0.070254 -0.757642 1.999550
0.074175 -0.789259 1.916680
0.266490 -0.018057 1.967600
0.321816 -0.436515 1.989660
0.332074 -0.747590 2.010810
0.335583 -0.779774 1.929340
0.199553 0.050632 1.983830
0.195425 0.081632 2.033260
0.185883 0.314576 2.051340
0.174052 0.543281 2.030760
0.030803 0.310276 2.065470
-0.050906 0.156328 1.893670
-0.177980 0.174674 1.666000
-0.233704 0.166754 1.601780
0.350766 0.330827 2.090110
0.483474 0.156155 2.057240
0.402615 0.058171 1.906310
0.358992 0.024556 1.872700
0.136632 -0.020667 1.958760
0.094978 -0.441300 1.975180
0.070065 -0.758061 1.999520
0.074075 -0.789852 1.916800
0.266218 -0.018105 1.967920
0.321627 -0.436582 1.990100
0.331986 -0.747677 2.010800
0.335562 -0.779853 1.929330
0.199220 0.050653 1.984020
0.194982 0.081832 2.033500
0.184875 0.316148 2.051740
0.173176 0.544414 2.029520
0.030135 0.310253 2.065390
-0.050980 0.156175 1.893430
-0.178813 0.175017 1.664370
-0.233320 0.166454 1.601370
0.350351 0.330992 2.090290
0.482891 0.156567 2.058220
0.387062 0.049203 1.895830
0.352191 0.020387 1.867760
0.136422 -0.020733 1.958820
0.094843 -0.441371 1.975210
0.069860 -0.758513 1.999510
0.073960 -0.790454 1.916950
0.265992 -0.018097 1.968360
0.321435 -0.436593 1.990640
0.331894 -0.747741 2.010820
0.335541 -0.779907 1.929330
0.198925 0.050683 1.984200
0.194585 0.082040 2.033730
0.184082 0.317502 2.052040
0.172602 0.545418 2.028290
0.029504 0.310268 2.065300
-0.051019 0.155996 1.893080
-0.179329 0.175298 1.662980
-0.232619 0.166023 1.600940
0.350043 0.331116 2.090420
0.482368 0.156908 2.059100
0.379211 0.044719 1.890440
0.346633 0.016979 1.863590
0.136220 -0.020793 1.958900
0.094717 -0.441436 1.975270
0.069666 -0.758948 1.999530
0.073849 -0.791011 1.917100
0.265812 -0.018087 1.968770
0.321259 -0.436597 1.991250
0.331789 -0.747807 2.010860
0.335513 -0.779963 1.929350
0.198656 0.050722 1.984390
0.194221 0.082256 2.033960
0.183432 0.318679 2.052280
0.172203 0.546305 2.027110
0.028894 0.310318 2.065180
-0.051036 0.155826 1.892770
-0.179526 0.175524 1.661880
-0.231791 0.165562 1.600460
0.349772 0.331220 2.090510
0.481740 0.157330 2.060080
0.374516 0.042096 1.887230
0.342149 0.014281 1.860220
0.136038 -0.020840 1.958970
0.094599 -0.441491 1.975350
0.069489 -0.759347 1.999560
0.073748 -0.791506 1.917240
0.265639 -0.018069 1.969300
0.321093 -0.436598 1.991930
0.331675 -0.747877 2.010920
0.335478 -0.780025 1.929390
0.198366 0.050825 1.984630
0.193822 0.082567 2.034250
0.182901 0.319686 2.052460
0.171953 0.547076 2.025950
0.028362 0.310382 2.065070
-0.029890 0.115047 1.914580
-0.154199 0.153395 1.685360
-0.230889 0.165118 1.599850
0.349592 0.331305 2.090600
0.481149 0.157668 2.060930
0.371585 0.040468 1.885240
0.338721 0.012226 1.857640
0.135858 -0.020861 1.959050
0.094494 -0.441524 1.975440
0.069335 -0.759711 1.999600
0.073675 -0.791944 1.917370
0.265466 -0.018001 1.969980
0.320921 -0.436557 1.992650
0.331556 -0.747931 2.010980
0.335446 -0.780074 1.929430
0.198104 0.050961 1.984920
0.193459 0.082896 2.034550
0.182493 0.320470 2.052600
0.171792 0.547677 2.024780
0.027861 0.310447 2.064930
-0.019537 0.094259 1.924730
-0.143030 0.143802 1.695050
-0.229606 0.164789 1.599130
0.349458 0.331374 2.090670
0.480597 0.157910 2.061630
0.369683 0.039434 1.883970
0.335456 0.009657 1.857060
0.135710 -0.020867 1.959140
0.094399 -0.441542 1.975550
0.069203 -0.760036 1.999630
0.073622 -0.792325 1.917490
0.265353 -0.017899 1.970790
0.320763 -0.436506 1.993360
0.331437 -0.747979 2.011060
0.335415 -0.780119 1.929490
0.197851 0.051094 1.985200
0.193108 0.083213 2.034850
0.182133 0.321153 2.052700
0.171698 0.548190 2.023720
0.027394 0.310509 2.064760
-0.015147 0.084952 1.929610
-0.137249 0.139062 1.700220
-0.227978 0.164801 1.598400
0.349336 0.331440 2.090730
0.479928 0.158339 2.062510
0.368342 0.038697 1.883080
0.332972 0.007314 1.857320
0.135561 -0.020861 1.959240
0.094312 -0.441550 1.975650
0.069086 -0.760329 1.999670
0.073582 -0.792661 1.917590
0.265238 -0.017817 1.971530
0.320617 -0.436463 1.994030
0.331322 -0.748030 2.011150
0.335387 -0.780167 1.929550
0.197615 0.051218 1.985460
0.192782 0.083510 2.035120
0.181788 0.321824 2.052790
0.171661 0.548682 2.022700
0.026987 0.310578 2.064580
-0.012448 0.079411 1.932460
-0.133794 0.136331 1.703210
-0.226507 0.165275 1.597540
0.349221 0.331499 2.090780
0.479343 0.158719 2.063250
0.367357 0.038158 1.882420
0.331262 0.005549 1.857710
0.135422 -0.020846 1.959320
0.094234 -0.441549 1.975760
0.068981 -0.760646 1.999730
0.073553 -0.793012 1.917710
0.265105 -0.017758 1.972290
0.320487 -0.436441 1.994640
0.331207 -0.748090 2.011250
0.335359 -0.780226 1.929630
0.197404 0.051332 1.985700
0.192491 0.083780 2.035370
0.181491 0.322456 2.052870
0.171670 0.549135 2.021800
0.026616 0.310646 2.064400
-0.010923 0.075880 1.934310
-0.131013 0.134848 1.705040
-0.224603 0.166129 1.596560
0.349098 0.331558 2.090810
0.478689 0.159094 2.063920
0.388974 0.049917 1.903620
0.336820 0.008503 1.862080
0.135296 -0.020826 1.959390
0.094163 -0.441542 1.975870
0.068887 -0.760939 1.999780
0.073532 -0.793329 1.917810
0.264986 -0.017707 1.972960
0.320371 -0.436424 1.995190
0.331089 -0.748151 2.011360
0.335327 -0.780287 1.929720
0.197197 0.051413 1.985920
0.192217 0.084007 2.035580
0.181244 0.322996 2.052930
0.171710 0.549513 2.021050
0.026304 0.310702 2.064180
-0.011084 0.075253 1.934290
-0.113276 0.141657 1.696420
-0.222891 0.167472 1.595010
0.348993 0.331605 2.090830
0.478081 0.159457 2.064560
0.431403 0.046761 1.917610
0.415292 0.001172 1.873900
0.135164 -0.020808 1.959460
0.094094 -0.441538 1.975970
0.068805 -0.761200 1.999830
0.073522 -0.793608 1.917910
0.264852 -0.017708 1.973530
0.320270 -0.436444 1.995660
0.330940 -0.748248 2.011520
0.335281 -0.780384 1.929860
0.197010 0.051487 1.986110
0.191965 0.084216 2.035770
0.180994 0.323480 2.052960
0.171755 0.549843 2.020430
0.025990 0.310755 2.063930
-0.012633 0.077374 1.932120
-0.104567 0.145846 1.690500
-0.221288 0.169073 1.593160
0.348856 0.331653 2.090830
0.477571 0.159763 2.065090
0.452025 0.044762 1.923360
0.454352 -0.002468 1.879310
0.135049 -0.020786 1.959510
0.093996 -0.441526 1.976050
0.068787 -0.760336 1.999770
0.073640 -0.792749 1.917920
0.264730 -0.017707 1.974030
0.320177 -0.436461 1.996070
0.330798 -0.748337 2.011670
0.335238 -0.780476 1.930000
0.196836 0.051554 1.986270
0.191722 0.084414 2.035930
0.180722 0.324009 2.052990
0.171825 0.550197 2.019870
0.025681 0.310784 2.063640
-0.020423 0.085404 1.924410
-0.100715 0.148428 1.685520
-0.219792 0.170720 1.591330
0.348745 0.331692 2.090830
0.477049 0.160059 2.065520
0.462091 0.043905 1.926140
0.472820 -0.004349 1.881940
0.134928 -0.020756 1.959560
0.093907 -0.441510 1.976110
0.068794 -0.759402 1.999720
0.073786 -0.791813 1.917920
0.264628 -0.017713 1.974410
0.320094 -0.436483 1.996410
0.330662 -0.748427 2.011830
0.335200 -0.780570 1.930140
0.196665 0.051621 1.986390
0.191477 0.084611 2.036050
0.180404 0.324625 2.053000
0.171905 0.550609 2.019360
0.025397 0.310818 2.063340
-0.026056 0.091642 1.918350
-0.102777 0.153537 1.678410
-0.218543 0.172670 1.589280
0.348597 0.331744 2.090810
0.476549 0.160356 2.065910
0.468417 0.043402 1.927960
0.483786 -0.005432 1.883590
0.134794 -0.020702 1.959570
0.093829 -0.441481 1.976140
0.068805 -0.758401 1.999650
0.073922 -0.790807 1.917900
0.264532 -0.017712 1.974680
0.320014 -0.436493 1.996690
0.330525 -0.748502 2.011970
0.335154 -0.780648 1.930270
0.196515 0.051665 1.986470
0.191263 0.084774 2.036130
0.180098 0.325232 2.053010
0.171982 0.551021 2.018940
0.025128 0.310833 2.063030
-0.028293 0.094494 1.915400
-0.127135 0.153927 1.679100
-0.217367 0.174865 1.587450
0.348355 0.331768 2.090730
0.476068 0.160532 2.066130
0.471868 0.042393 1.927970
0.491174 -0.006256 1.884490
0.134659 -0.020656 1.959500
0.093766 -0.441461 1.976160
0.068804 -0.757541 1.999570
0.074019 -0.789946 1.917860
0.264450 -0.017717 1.974890
0.319942 -0.436509 1.996900
0.330391 -0.748579 2.012110
0.335103 -0.780730 1.930400
0.196344 0.051674 1.986500
0.191052 0.084893 2.036160
0.179803 0.325777 2.053010
0.172038 0.551386 2.018600
0.024883 0.310832 2.062720
-0.029589 0.096181 1.913610
-0.138683 0.153845 1.680100
-0.216422 0.177219 1.585900
0.348035 0.331671 2.090520
0.475528 0.160653 2.066220
0.472850 0.041568 1.925870
0.493611 -0.006206 1.883350
0.134463 -0.020636 1.959300
0.093694 -0.441456 1.976140
0.068714 -0.757715 1.999550
0.073994 -0.790114 1.917870
0.264364 -0.017743 1.975040
0.319877 -0.436541 1.997060
0.330252 -0.748682 2.012250
0.335034 -0.780840 1.930530
0.196128 0.051639 1.986470
0.190821 0.084969 2.036150
0.179531 0.326218 2.053010
0.172077 0.551696 2.018400
0.024668 0.310829 2.062440
-0.031274 0.097249 1.913040
-0.146433 0.153768 1.682390
-0.216011 0.180025 1.584380
0.347745 0.331452 2.090260
0.475055 0.160734 2.066250
0.471757 0.040716 1.923240
0.496283 -0.006598 1.883440
0.134229 -0.020646 1.959030
0.093616 -0.441468 1.976090
0.068599 -0.757985 1.999500
0.073930 -0.790378 1.917840
0.264239 -0.017825 1.975110
0.319810 -0.436607 1.997170
0.330115 -0.748831 2.012390
0.334962 -0.780998 1.930670
0.195902 0.051609 1.986410
0.190575 0.085036 2.036110
0.179283 0.326593 2.053020
0.172057 0.551997 2.018310
0.024455 0.310815 2.062160
-0.032244 0.097963 1.912550
-0.151139 0.153702 1.683910
-0.215831 0.182554 1.583280
0.347552 0.331317 2.090110
0.474610 0.160785 2.066230
0.469691 0.040031 1.920600
0.481685 -0.004592 1.879420
0.133935 -0.020643 1.958590
0.093520 -0.441477 1.975980
0.068471 -0.758327 1.999410
0.073862 -0.790710 1.917770
0.264114 -0.017907 1.975140
0.319736 -0.436679 1.997220
0.329993 -0.748964 2.012500
0.334906 -0.781138 1.930780
0.195643 0.051522 1.986270
0.190321 0.085058 2.036010
0.179061 0.326908 2.053020
0.172034 0.552281 2.018280
0.024264 0.310800 2.061910
-0.032855 0.098504 1.912090
-0.154159 0.155502 1.685400
-0.215725 0.184723 1.582570
0.347280 0.331114 2.089910
0.474088 0.160698 2.066080
0.466344 0.039912 1.917040
0.467368 -0.001990 1.874840
0.133645 -0.020678 1.958090
0.093417 -0.441515 1.975780
0.068334 -0.758703 1.999300
0.073768 -0.791079 1.917680
0.263945 -0.018036 1.975060
0.319644 -0.436789 1.997190
0.329884 -0.749102 2.012590
0.334851 -0.781286 1.930870
0.195392 0.051417 1.986090
0.190071 0.085053 2.035890
0.178840 0.327152 2.053030
0.171940 0.552561 2.018370
0.024092 0.310783 2.061680
-0.033360 0.098859 1.911860
-0.154018 0.157355 1.686000
-0.215851 0.186594 1.582030
0.347042 0.330916 2.089730
0.473590 0.160551 2.065860
0.419047 0.047774 1.899320
0.403355 0.009685 1.857300
0.133386 -0.020746 1.957540
0.093314 -0.441583 1.975490
0.068221 -0.759057 1.999170
0.073691 -0.791428 1.917560
0.263784 -0.018181 1.974930
0.319531 -0.436943 1.997040
0.329799 -0.749236 2.012640
0.334814 -0.781430 1.930930
0.195069 0.051241 1.985770
0.189763 0.084988 2.035670
0.178628 0.327351 2.053040
0.171834 0.552816 2.018500
0.023938 0.310765 2.061470
-0.034272 0.099575 1.911190
-0.153536 0.159807 1.684650
-0.215904 0.188087 1.581750
0.346867 0.330743 2.089580
0.473184 0.160402 2.065650
0.404141 0.053482 1.897380
0.365170 0.028337 1.857680
0.133092 -0.020863 1.956930
0.093204 -0.441701 1.975130
0.068096 -0.759402 1.999020
0.073598 -0.791770 1.917420
0.263486 -0.018511 1.974310
0.319387 -0.437184 1.996750
0.329721 -0.749408 2.012670
0.334783 -0.781617 1.930960
0.194754 0.051063 1.985430
0.189455 0.084901 2.035410
0.178429 0.327498 2.053050
0.171730 0.553035 2.018680
0.023802 0.310745 2.061290
-0.034608 0.099868 1.910910
-0.154033 0.160801 1.684720
-0.216062 0.189382 1.581550
0.346746 0.330579 2.089460
0.472753 0.160009 2.065200
0.395648 0.056250 1.895530
0.350145 0.033946 1.856180
0.132814 -0.020983 1.956300
0.092997 -0.441884 1.974320
0.068050 -0.759076 1.998740
0.073583 -0.791446 1.917150
0.263196 -0.018840 1.973640
0.319217 -0.437456 1.996340
0.329649 -0.749583 2.012660
0.334757 -0.781805 1.930960
0.194292 0.050687 1.984790
0.189040 0.084677 2.034960
0.178196 0.327639 2.053060
0.171644 0.553256 2.018890
0.023683 0.310725 2.061120
-0.034993 0.100033 1.910850
-0.155334 0.160813 1.685430
-0.216227 0.190406 1.581410
0.346579 0.330337 2.089260
0.472374 0.159618 2.064720
0.369003 0.050333 1.875780
0.329589 0.033912 1.847360
0.132500 -0.021165 1.955590
0.092831 -0.442147 1.973410
0.067958 -0.759267 1.998520
0.073500 -0.791640 1.916940
0.262736 -0.019383 1.972440
0.319043 -0.437814 1.995820
0.329581 -0.749815 2.012630
0.334724 -0.782055 1.930940
0.193879 0.050327 1.984170
0.188654 0.084444 2.034510
0.177967 0.327751 2.053070
0.171580 0.553444 2.019090
0.023574 0.310700 2.060960
-0.035980 0.101724 1.908480
-0.157239 0.160522 1.684630
-0.216481 0.191285 1.581250
0.346431 0.330108 2.089070
0.472013 0.158967 2.064010
0.359054 0.048397 1.868610
0.317945 0.033873 1.842250
0.132237 -0.021355 1.954870
0.092673 -0.442409 1.972490
0.067875 -0.759466 1.998320
0.073423 -0.791843 1.916740
0.262340 -0.019863 1.971360
0.318873 -0.438169 1.995270
0.329515 -0.750045 2.012590
0.334689 -0.782303 1.930900
0.193490 0.049962 1.983560
0.188280 0.084189 2.034050
0.177730 0.327849 2.053080
0.171521 0.553614 2.019290
0.023471 0.310674 2.060810
-0.036450 0.102200 1.907850
-0.156621 0.161760 1.683370
-0.216753 0.191994 1.581100
0.346329 0.329882 2.088880
0.471700 0.158356 2.063320
0.353300 0.047432 1.864610
0.310609 0.033600 1.838800
0.131982 -0.021570 1.954190
0.092547 -0.442696 1.971620
0.067800 -0.759667 1.998120
0.073350 -0.792049 1.916530
0.261994 -0.020348 1.970270
0.318718 -0.438550 1.994670
0.329455 -0.750297 2.012530
0.334659 -0.782574 1.930850
0.193083 0.049461 1.982760
0.187903 0.083851 2.033470
0.177477 0.327973 2.053100
0.171463 0.553805 2.019480
0.023381 0.310648 2.060670
-0.036799 0.102475 1.907510
-0.157535 0.161741 1.683300
-0.217027 0.192581 1.580980
0.346192 0.329596 2.088600
0.471424 0.157490 2.062350
0.349916 0.046458 1.861880
0.306088 0.032774 1.836090
0.131729 -0.021843 1.953450
0.092444 -0.443005 1.970840
0.067734 -0.759862 1.997920
0.073273 -0.792252 1.916340
0.261658 -0.020898 1.969020
0.318576 -0.438980 1.994010
0.329403 -0.750594 2.012450
0.334622 -0.782892 1.930770
0.192738 0.049021 1.982030
0.187567 0.083541 2.032930
0.177237 0.328097 2.053120
0.171425 0.553999 2.019670
0.023307 0.310619 2.060510
-0.037077 0.102524 1.907450
-0.158225 0.161540 1.683580
-0.217340 0.193127 1.580890
0.346085 0.329365 2.088360
0.471206 0.156778 2.061490
0.349088 0.045421 1.860390
0.314068 0.017110 1.836260
0.131512 -0.022089 1.952760
0.092375 -0.443278 1.970150
0.067674 -0.760047 1.997740
0.073204 -0.792443 1.916150
0.261385 -0.021354 1.967960
0.318462 -0.439369 1.993370
0.329355 -0.750873 2.012360
0.334591 -0.783190 1.930690
0.192461 0.048628 1.981380
0.187287 0.083257 2.032420
0.177035 0.328228 2.053130
0.171393 0.554189 2.019830
0.023238 0.310589 2.060350
-0.037299 0.102446 1.907530
-0.128577 0.167389 1.674710
-0.217638 0.193597 1.580840
0.346034 0.329164 2.088160
0.471026 0.156204 2.060680
0.350567 0.044873 1.860080
0.317926 0.010359 1.836970
0.131330 -0.022319 1.952170
0.092324 -0.443528 1.969570
0.067662 -0.760198 1.997560
0.073188 -0.792598 1.915970
0.261200 -0.021760 1.966940
0.318362 -0.439723 1.992790
0.329313 -0.751145 2.012270
0.334568 -0.783478 1.930600
0.192246 0.048299 1.980780
0.187057 0.083016 2.031940
0.176840 0.328412 2.053150
0.171354 0.554434 2.019960
0.023173 0.310561 2.060180
-0.037072 0.102094 1.907790
-0.132155 0.164230 1.677330
-0.217931 0.193996 1.580810
0.346024 0.329001 2.087990
0.470880 0.155767 2.059950
0.360888 0.046098 1.865230
0.333422 0.001090 1.845900
0.131180 -0.022523 1.951640
0.092287 -0.443745 1.969070
0.067668 -0.760327 1.997370
0.073191 -0.792732 1.915780
0.261097 -0.022092 1.965970
0.318277 -0.440019 1.992250
0.329276 -0.751379 2.012180
0.334550 -0.783725 1.930510
0.192066 0.047999 1.980200
0.186854 0.082793 2.031470
0.176653 0.328621 2.053160
0.171306 0.554689 2.020060
0.023112 0.310519 2.059980
-0.036579 0.101635 1.907980
-0.121479 0.166323 1.674300
-0.218179 0.194321 1.580810
0.346031 0.328877 2.087840
0.470786 0.155388 2.059180
0.365453 0.046312 1.867310
0.341508 -0.004480 1.850510
0.131046 -0.022722 1.951180
0.092260 -0.443952 1.968650
0.067676 -0.760424 1.997200
0.073202 -0.792832 1.915600
0.261029 -0.022375 1.965000
0.318200 -0.440267 1.991770
0.329243 -0.751583 2.012100
0.334538 -0.783941 1.930430
0.191909 0.047737 1.979650
0.186684 0.082608 2.031000
0.176449 0.329045 2.053170
0.171235 0.555149 2.020100
0.023044 0.310482 2.059750
-0.036599 0.102299 1.906450
-0.138738 0.160244 1.672650
-0.218421 0.194603 1.580800
0.346033 0.328735 2.087590
0.470705 0.154993 2.058220
0.368293 0.046134 1.868490
0.346775 -0.008347 1.853430
0.130914 -0.022905 1.950730
0.092243 -0.444131 1.968290
0.067698 -0.760488 1.997000
0.073214 -0.792899 1.915400
0.260976 -0.022597 1.964100
0.318133 -0.440468 1.991340
0.329216 -0.751756 2.012020
0.334518 -0.784124 1.930360
0.191811 0.047548 1.979170
0.186563 0.082473 2.030590
0.176270 0.329464 2.053170
0.171191 0.555593 2.020100
0.022972 0.310439 2.059490
-0.036675 0.103091 1.904650
-0.149364 0.156791 1.671490
-0.218632 0.194828 1.580790
0.346068 0.328591 2.087320
0.470672 0.154645 2.057230
0.370035 0.046009 1.869170
0.350168 -0.010889 1.855300
0.130834 -0.023055 1.950270
0.092235 -0.444266 1.967980
0.067722 -0.760540 1.996820
0.073231 -0.792954 1.915220
0.260975 -0.022744 1.963420
0.318075 -0.440624 1.990970
0.329192 -0.751899 2.011950
0.334502 -0.784276 1.930290
0.191751 0.047437 1.978730
0.186479 0.082411 2.030200
0.176115 0.330099 2.053160
0.171133 0.556236 2.020000
0.022898 0.310400 2.059210
-0.036426 0.102004 1.905750
-0.154019 0.153859 1.675370
-0.218811 0.195007 1.580790
0.346164 0.328441 2.087020
0.470662 0.154315 2.056200
0.371174 0.045879 1.869580
0.353340 -0.013090 1.857270
0.130770 -0.023146 1.949750
0.092238 -0.444348 1.967730
0.067747 -0.760581 1.996650
0.073248 -0.792997 1.915050
0.261000 -0.022837 1.962870
0.318027 -0.440742 1.990640
0.329169 -0.752016 2.011880
0.334485 -0.784398 1.930230
0.191715 0.047359 1.978320
0.186427 0.082381 2.029820
0.176014 0.330928 2.053160
0.171045 0.557029 2.019770
0.022811 0.310365 2.058910
-0.036488 0.102238 1.904930
-0.156465 0.154449 1.676950
-0.218995 0.195144 1.580750
0.346207 0.328306 2.086660
0.470658 0.154143 2.055370
0.371972 0.045789 1.869850
0.355561 -0.014589 1.858860
0.130721 -0.023214 1.949190
0.092247 -0.444407 1.967510
0.067777 -0.760598 1.996480
0.073264 -0.793016 1.914880
0.261032 -0.022900 1.962420
0.317981 -0.440838 1.990340
0.329150 -0.752115 2.011820
0.334467 -0.784504 1.930170
0.191708 0.047341 1.977930
0.186400 0.082406 2.029450
0.175950 0.331763 2.053140
0.170951 0.557817 2.019420
0.022705 0.310305 2.058560
-0.036613 0.101325 1.905820
-0.158133 0.155505 1.679750
-0.219148 0.195246 1.580720
0.346328 0.328180 2.086300
0.470657 0.154039 2.054650
0.372527 0.045713 1.870000
0.356870 -0.015566 1.859690
0.130688 -0.023250 1.948630
0.092260 -0.444445 1.967330
0.067817 -0.760596 1.996310
0.081129 -0.817087 1.955390
0.261083 -0.022923 1.962050
0.317939 -0.440900 1.990050
0.329132 -0.752189 2.011770
0.334452 -0.784582 1.930120
0.191716 0.047355 1.977550
0.186395 0.082470 2.029080
0.175883 0.332806 2.053100
0.170797 0.558782 2.018890
0.022600 0.310253 2.058200
-0.036935 0.102456 1.903360
-0.159501 0.155422 1.680180
-0.219263 0.195309 1.580660
0.346388 0.328072 2.085880
0.470685 0.154040 2.054100
0.379385 0.046425 1.874040
0.356995 -0.007992 1.860240
0.130679 -0.023239 1.947950
0.092282 -0.444455 1.967150
0.067857 -0.760587 1.996160
0.079377 -0.810641 1.943520
0.261135 -0.022924 1.961740
0.317905 -0.440942 1.989770
0.329117 -0.752247 2.011730
0.334435 -0.784645 1.930070
0.191732 0.047381 1.977190
0.186402 0.082543 2.028730
0.175829 0.333735 2.053060
0.170616 0.559639 2.018210
0.022492 0.310182 2.057790
-0.043330 0.142569 1.885480
-0.165581 0.183957 1.659090
-0.219396 0.195354 1.580540
0.346314 0.327952 2.085270
0.470724 0.154029 2.053470
0.380446 0.046480 1.874300
0.356176 -0.006699 1.859990
0.130683 -0.023218 1.947320
0.092309 -0.444454 1.966980
0.067889 -0.760577 1.996020
0.077558 -0.804908 1.933130
0.261180 -0.022912 1.961490
0.317876 -0.440966 1.989490
0.329103 -0.752298 2.011670
0.334413 -0.784701 1.930010
0.191776 0.047468 1.976860
0.186438 0.082668 2.028390
0.175820 0.334550 2.053010
0.170473 0.560383 2.017550
0.022379 0.310091 2.057340
-0.043627 0.141147 1.882310
-0.142047 0.185587 1.646850
-0.204832 0.189905 1.597360
0.346333 0.327850 2.084760
0.470798 0.154015 2.052860
0.380409 0.046274 1.873590
0.355561 -0.006041 1.859620
0.130708 -0.023163 1.946760
0.092349 -0.444418 1.966710
0.068003 -0.759994 1.995680
0.076289 -0.798005 1.924520
0.261238 -0.022864 1.961270
0.317857 -0.440950 1.989170
0.329089 -0.752330 2.011610
0.334393 -0.784735 1.929950
0.191839 0.047595 1.976530
0.186490 0.082833 2.028050
0.175837 0.335309 2.052940
0.170370 0.561067 2.016890
0.022283 0.309993 2.056880
-0.043231 0.135492 1.881090
-0.139775 0.186878 1.644190
-0.206120 0.190198 1.595510
0.346366 0.327772 2.084310
0.470947 0.154041 2.052440
0.379690 0.045907 1.872420
0.353686 -0.005700 1.858280
0.130764 -0.023063 1.946150
0.092434 -0.444344 1.966400
0.068036 -0.759913 1.995540
0.075480 -0.795510 1.919970
0.261299 -0.022796 1.961100
0.317842 -0.440907 1.988800
0.329080 -0.752347 2.011530
0.334381 -0.784756 1.929870
0.191910 0.047670 1.976110
0.186558 0.082975 2.027670
0.175870 0.336208 2.052890
0.170286 0.561840 2.016150
0.022201 0.309899 2.056440
-0.042624 0.129180 1.881150
-0.130927 0.185969 1.641370
-0.199912 0.188239 1.601740
0.346300 0.327625 2.083650
0.471099 0.154072 2.052050
0.378601 0.045478 1.870960
0.352611 -0.005491 1.857420
0.130818 -0.022990 1.945590
0.092538 -0.444290 1.966100
0.068070 -0.759857 1.995400
0.074896 -0.793866 1.916850
0.261370 -0.022725 1.960800
0.317844 -0.440880 1.988360
0.329078 -0.752372 2.011430
0.334365 -0.784784 1.929770
0.191995 0.047761 1.975680
0.186635 0.083138 2.027280
0.175933 0.337282 2.052870
0.170220 0.562711 2.015340
0.022133 0.309819 2.056030
-0.042018 0.123883 1.881690
-0.146609 0.169290 1.651720
-0.205481 0.190161 1.594810
0.346324 0.327546 2.083200
0.471263 0.154083 2.051690
0.386193 0.048876 1.875530
0.354428 0.005564 1.857310
0.130875 -0.022897 1.944980
0.092663 -0.444221 1.965790
0.068103 -0.759820 1.995270
0.074516 -0.792767 1.914700
0.261456 -0.022645 1.960500
0.317863 -0.440847 1.987810
0.329102 -0.752404 2.011190
0.334376 -0.784820 1.929530
0.192069 0.047801 1.975250
0.186708 0.083254 2.026910
0.175992 0.338183 2.052850
0.170125 0.563432 2.014430
0.022081 0.309731 2.055640
-0.041561 0.119689 1.882390
-0.154655 0.161108 1.657050
-0.210167 0.191756 1.589070
0.346319 0.327387 2.082610
0.471458 0.154040 2.051280
0.391804 0.051634 1.879150
0.356059 0.012974 1.857460
0.130927 -0.022851 1.944430
0.092802 -0.444186 1.965500
0.068150 -0.759787 1.995120
0.074262 -0.791990 1.913170
0.261524 -0.022587 1.960200
0.317904 -0.440839 1.987200
0.329149 -0.752457 2.010890
0.334396 -0.784877 1.929240
0.192146 0.047839 1.974860
0.186783 0.083360 2.026570
0.176061 0.338923 2.052850
0.170074 0.564003 2.013650
0.022040 0.309648 2.055290
-0.041194 0.116561 1.883070
-0.156205 0.159207 1.658250
-0.213633 0.192930 1.584850
0.346377 0.327229 2.082110
0.471670 0.153972 2.050870
0.395285 0.053247 1.881400
0.356898 0.018114 1.857340
0.130985 -0.022814 1.943920
0.093015 -0.444161 1.965080
0.068285 -0.759336 1.994790
0.074116 -0.790955 1.911840
0.261591 -0.022534 1.959930
0.317967 -0.440839 1.986510
0.329197 -0.752508 2.010580
0.334422 -0.784933 1.928920
0.192228 0.047860 1.974480
0.186862 0.083446 2.026240
0.176134 0.339538 2.052850
0.170032 0.564465 2.012990
0.022019 0.309538 2.054920
-0.040769 0.113881 1.883840
-0.156874 0.158481 1.659220
-0.216258 0.193777 1.581700
0.346459 0.327073 2.081670
0.471905 0.153764 2.050260
0.397347 0.054240 1.882640
0.357105 0.022133 1.856960
0.131049 -0.022803 1.943460
0.093202 -0.444163 1.964650
0.068430 -0.758921 1.994450
0.074038 -0.790209 1.910880
0.261666 -0.022488 1.959650
0.318046 -0.440853 1.985770
0.329268 -0.752567 2.010230
0.334474 -0.784997 1.928580
0.192313 0.047884 1.974130
0.186941 0.083530 2.025930
0.176198 0.340092 2.052850
0.170059 0.564870 2.012350
0.022002 0.309397 2.054570
-0.040451 0.111825 1.884490
-0.157911 0.158301 1.660290
-0.218191 0.194327 1.579420
0.346540 0.326951 2.081310
0.472169 0.153445 2.049520
0.383221 0.048660 1.869730
0.348817 0.010433 1.853770
0.131121 -0.022795 1.943010
0.093386 -0.444032 1.964150
0.068615 -0.758251 1.994010
0.074021 -0.789425 1.910100
0.261742 -0.022438 1.959390
0.318136 -0.440861 1.984990
0.329339 -0.752613 2.009880
0.334528 -0.785048 1.928230
0.192426 0.047873 1.973720
0.187037 0.083588 2.025590
0.176261 0.340570 2.052860
0.170101 0.565211 2.011810
0.021995 0.309259 2.054250
-0.040134 0.110236 1.885060
-0.158853 0.158805 1.661400
-0.219658 0.194678 1.577760
0.346666 0.326819 2.080990
0.472433 0.153037 2.048690
0.375541 0.045572 1.862840
0.344175 0.002609 1.850810
0.131200 -0.022823 1.942610
0.093561 -0.443860 1.963660
0.068798 -0.757554 1.993570
0.074040 -0.788745 1.909500
0.261927 -0.022427 1.958800
0.318244 -0.440927 1.984150
0.329414 -0.752691 2.009520
0.334591 -0.785131 1.927870
0.192555 0.047865 1.973320
0.187143 0.083644 2.025260
0.176323 0.340980 2.052850
0.170208 0.565509 2.011380
0.022031 0.309095 2.053910
-0.039852 0.109008 1.885520
-0.159547 0.159613 1.662330
-0.220768 0.194895 1.576560
0.346792 0.326707 2.080730
0.472683 0.152622 2.047880
0.371102 0.043785 1.858870
0.341479 -0.002368 1.848990
0.131339 -0.022852 1.942160
0.093762 -0.443862 1.963270
0.068883 -0.757404 1.993370
0.074036 -0.788531 1.909130
0.262113 -0.022410 1.958290
0.318362 -0.440995 1.983260
0.329485 -0.752761 2.009160
0.334660 -0.785207 1.927510
0.192699 0.047817 1.972890
0.187256 0.083675 2.024900
0.176383 0.341362 2.052840
0.170326 0.565789 2.010990
0.022076 0.308928 2.053580
-0.039631 0.108090 1.885870
-0.136451 0.166704 1.654000
-0.221739 0.195081 1.575690
0.346943 0.326592 2.080500
0.472887 0.152228 2.047110
0.368453 0.042773 1.856480
0.340499 -0.005964 1.848020
0.131475 -0.022921 1.941740
0.093950 -0.443923 1.962860
0.068969 -0.757186 1.993160
0.074034 -0.788302 1.908850
0.262337 -0.022445 1.957660
0.318480 -0.441115 1.982370
0.329564 -0.752868 2.008770
0.334741 -0.785320 1.927110
0.192846 0.047772 1.972470
0.187373 0.083706 2.024560
0.176466 0.341814 2.052850
0.170457 0.566102 2.010610
0.022122 0.308773 2.053290
-0.039430 0.107391 1.886160
-0.144769 0.162740 1.658960
-0.222524 0.195230 1.575090
0.347118 0.326473 2.080290
0.473022 0.151735 2.046190
0.366796 0.042141 1.854930
0.339821 -0.008208 1.847390
0.131611 -0.022992 1.941330
0.094137 -0.443997 1.962480
0.069035 -0.757141 1.993000
0.074063 -0.788292 1.908680
0.262559 -0.022475 1.957060
0.318591 -0.441229 1.981500
0.329640 -0.752967 2.008380
0.334821 -0.785425 1.926730
0.192997 0.047752 1.972060
0.187498 0.083757 2.024220
0.176563 0.342347 2.052880
0.170602 0.566466 2.010250
0.022170 0.308633 2.053040
-0.039267 0.106864 1.886400
-0.151750 0.159637 1.662750
-0.223187 0.195370 1.574700
0.347322 0.326348 2.080100
0.473193 0.151385 2.045540
0.365610 0.041701 1.853820
0.340294 -0.010383 1.847320
0.131761 -0.023046 1.940910
0.094335 -0.444054 1.962150
0.069091 -0.757143 1.992860
0.074097 -0.788362 1.908570
0.262770 -0.022484 1.956520
0.318690 -0.441315 1.980690
0.329713 -0.753050 2.007990
0.334898 -0.785514 1.926330
0.193144 0.047736 1.971680
0.187621 0.083808 2.023890
0.176665 0.342866 2.052900
0.170743 0.566821 2.009920
0.022216 0.308505 2.052820
-0.039137 0.106472 1.886590
-0.133575 0.166770 1.655350
-0.223747 0.195484 1.574430
0.347533 0.326226 2.079940
0.473342 0.151048 2.044920
0.364729 0.041396 1.853010
0.340602 -0.011768 1.847360
0.131905 -0.023098 1.940520
0.094471 -0.444120 1.961770
0.069155 -0.757028 1.992710
0.074121 -0.788302 1.908470
0.262963 -0.022489 1.956050
0.318776 -0.441393 1.979940
0.329779 -0.753126 2.007610
0.334968 -0.785597 1.925950
0.193316 0.047668 1.971310
0.187765 0.083814 2.023580
0.176776 0.343295 2.052940
0.170867 0.567104 2.009640
0.022259 0.308382 2.052620
-0.039020 0.106152 1.886780
-0.147898 0.160849 1.660880
-0.224244 0.195579 1.574280
0.347745 0.326104 2.079790
0.473459 0.150732 2.044320
0.364099 0.041210 1.852430
0.341950 -0.013066 1.848000
0.132072 -0.023229 1.940200
0.094584 -0.444110 1.961350
0.069233 -0.756828 1.992520
0.074161 -0.788213 1.908390
0.263180 -0.022537 1.955530
0.318858 -0.441503 1.979270
0.329834 -0.753230 2.007250
0.335027 -0.785706 1.925590
0.193467 0.047601 1.970960
0.187893 0.083821 2.023290
0.176878 0.343849 2.052980
0.171009 0.567486 2.009350
0.022298 0.308272 2.052460
-0.038915 0.105899 1.886940
0.075440 0.124363 1.752720
0.125753 0.130166 1.715820
0.347943 0.325990 2.079660
0.473547 0.150421 2.043740
0.363685 0.041127 1.852050
0.342798 -0.013906 1.848410
0.132214 -0.023360 1.939890
0.094688 -0.444254 1.960990
0.069281 -0.756867 1.992410
0.074210 -0.788367 1.908390
0.263366 -0.022583 1.955070
0.318925 -0.441606 1.978680
0.329883 -0.753328 2.006920
0.335078 -0.785810 1.925260
0.193597 0.047540 1.970660
0.188007 0.083824 2.023030
0.176972 0.344352 2.053030
0.171157 0.567837 2.009080
0.022328 0.308174 2.052320
-0.030015 0.095084 1.901630
0.116705 0.116269 1.773720
0.172206 0.128333 1.737300
0.348145 0.325877 2.079550
0.473617 0.150146 2.043210
0.377795 0.049263 1.864060
0.347700 -0.006307 1.849440
0.132332 -0.023486 1.939620
0.094717 -0.444301 1.960640
0.069333 -0.756772 1.992270
0.074240 -0.788355 1.908360
0.263519 -0.022626 1.954680
0.318979 -0.441700 1.978140
0.329922 -0.753421 2.006620
0.335118 -0.785908 1.924960
0.193712 0.047483 1.970400
0.188110 0.083829 2.022800
0.177082 0.345253 2.053210
0.171337 0.568442 2.008740
0.022351 0.308092 2.052210
-0.029096 0.093648 1.903590
0.146754 0.111850 1.786930
0.232666 0.119889 1.762890
0.348317 0.325787 2.079460
0.473621 0.149880 2.042620
0.379011 0.050407 1.865090
0.341191 -0.002487 1.840360
0.132435 -0.023602 1.939390
0.094719 -0.444231 1.960280
0.069418 -0.756534 1.992070
0.074302 -0.788256 1.908330
0.263649 -0.022664 1.954350
0.319021 -0.441782 1.977690
0.329952 -0.753505 2.006350
0.335148 -0.785996 1.924690
0.193811 0.047429 1.970170
0.188200 0.083834 2.022600
0.177175 0.346260 2.053410
0.171534 0.569144 2.008400
0.022368 0.308027 2.052120
-0.029109 0.093244 1.904290
0.153644 0.107941 1.790240
0.237784 0.118651 1.765360
0.348473 0.325707 2.079380
0.473607 0.149673 2.042110
0.378773 0.050842 1.864920
0.340680 -0.001416 1.838950
0.132513 -0.023714 1.939210
0.094709 -0.444342 1.960050
0.069460 -0.756557 1.991960
0.074349 -0.788369 1.908330
0.263758 -0.022700 1.954040
0.319054 -0.441851 1.977310
0.329972 -0.753577 2.006130
0.335166 -0.786072 1.924460
0.193895 0.047379 1.969970
0.188277 0.083838 2.022430
0.177249 0.347279 2.053630
0.171742 0.569870 2.008060
0.022383 0.307969 2.052050
-0.028539 0.092430 1.905390
0.153298 0.107103 1.790390
0.205671 0.112429 1.811870
0.348684 0.325607 2.079310
0.473570 0.149522 2.041690
0.377364 0.050438 1.863730
0.340282 -0.000785 1.837920
0.132572 -0.023818 1.939070
0.094686 -0.444459 1.959860
0.069489 -0.756609 1.991860
0.074386 -0.788504 1.908350
0.263850 -0.022734 1.953770
0.319079 -0.441913 1.977000
0.329987 -0.753642 2.005950
0.335181 -0.786140 1.924280
0.193962 0.047341 1.969810
0.188336 0.083854 2.022290
0.177274 0.348388 2.053870
0.171947 0.570684 2.007690
0.022395 0.307921 2.051980
-0.028673 0.092769 1.904890
0.154076 0.106386 1.790760
0.203068 0.110518 1.824520
0.348883 0.325514 2.079250
0.473507 0.149397 2.041300
0.375559 0.049475 1.862290
0.340190 -0.001088 1.837600
0.132617 -0.023904 1.938950
0.094661 -0.444560 1.959740
0.069512 -0.756678 1.991770
0.074420 -0.788649 1.908370
0.263915 -0.022757 1.953580
0.319095 -0.441958 1.976750
0.329996 -0.753695 2.005800
0.335191 -0.786196 1.924120
0.194008 0.047310 1.969680
0.188379 0.083873 2.022180
0.177288 0.349485 2.054110
0.172166 0.571494 2.007300
0.022408 0.307877 2.051920
-0.029278 0.093838 1.903370
0.144202 0.107837 1.786580
0.212162 0.106884 1.840580
0.349068 0.325424 2.079190
0.473430 0.149331 2.041000
0.383366 0.052754 1.869970
0.342959 0.002504 1.839600
0.132647 -0.023974 1.938860
0.094630 -0.444651 1.959640
0.069526 -0.756751 1.991690
0.074445 -0.788786 1.908390
0.263949 -0.022775 1.953450
0.319100 -0.441994 1.976570
0.330005 -0.753742 2.005670
0.335200 -0.786245 1.924000
0.194043 0.047281 1.969570
0.188410 0.083976 2.022080
0.174901 0.389340 2.063490
0.172622 0.573870 2.005990
0.022420 0.307837 2.051870
-0.030228 0.095409 1.901170
0.135805 0.109234 1.783140
0.200473 0.107940 1.841100
0.349075 0.325274 2.078990
0.473347 0.149292 2.040760
0.383770 0.052978 1.870720
0.343315 0.003350 1.839970
0.132668 -0.024036 1.938790
0.094590 -0.444735 1.959580
0.069527 -0.756846 1.991630
0.074443 -0.788942 1.908430
0.263966 -0.022789 1.953350
0.319097 -0.442021 1.976440
0.330011 -0.753783 2.005570
0.335197 -0.786287 1.923900
0.194064 0.047222 1.969450
0.188432 0.084099 2.021990
0.173778 0.407934 2.067900
0.173052 0.575717 2.004640
0.022432 0.307800 2.051810
-0.031156 0.096860 1.899150
0.129891 0.110298 1.780610
0.190097 0.109546 1.838320
0.348973 0.325112 2.078720
0.473254 0.149283 2.040570
0.386983 0.053984 1.874890
0.346480 0.008935 1.843890
0.132679 -0.024106 1.938710
0.094540 -0.444788 1.959550
0.069532 -0.756868 1.991580
0.074448 -0.788994 1.908440
0.263970 -0.022809 1.953270
0.319089 -0.442049 1.976350
0.330014 -0.753830 2.005490
0.335188 -0.786335 1.923810
0.194085 0.047198 1.969360
0.188481 0.084618 2.021950
0.173362 0.416526 2.069920
0.173684 0.577376 2.003110
0.022449 0.307763 2.051740
-0.031987 0.098127 1.897350
0.126415 0.110932 1.779270
0.182731 0.110997 1.835000
0.348939 0.325037 2.078560
0.473158 0.149303 2.040450
0.386352 0.053896 1.875120
0.345320 0.011709 1.843440
0.132688 -0.024149 1.938650
0.094458 -0.444852 1.959570
0.069524 -0.756965 1.991540
0.074439 -0.789140 1.908480
0.263975 -0.022816 1.953220
0.319076 -0.442064 1.976280
0.330013 -0.753859 2.005440
0.335180 -0.786365 1.923750
0.194104 0.047176 1.969290
0.188528 0.085172 2.021930
0.173087 0.421788 2.071150
0.174498 0.578742 2.001310
0.022478 0.307728 2.051650
-0.030806 0.097141 1.898360
0.123870 0.111342 1.778420
0.177125 0.112162 1.831650
0.348933 0.324978 2.078440
0.473052 0.149352 2.040370
0.390295 0.054609 1.878250
0.345364 0.013835 1.843600
0.132695 -0.024188 1.938600
0.094366 -0.444876 1.959610
0.069522 -0.756980 1.991510
0.074441 -0.789182 1.908500
0.263982 -0.022825 1.953200
0.319058 -0.442084 1.976240
0.330009 -0.753893 2.005390
0.335175 -0.786398 1.923710
0.194120 0.047165 1.969250
0.188575 0.085931 2.021990
0.172911 0.425375 2.071950
0.175404 0.579791 1.999240
0.022507 0.307702 2.051540
-0.029948 0.095030 1.901530
0.121980 0.111545 1.777950
0.173025 0.112954 1.828860
0.348935 0.324926 2.078340
0.472905 0.149447 2.040350
0.378403 0.051163 1.872550
0.332438 0.012765 1.837430
0.132703 -0.024209 1.938570
0.094242 -0.444915 1.959710
0.069521 -0.756997 1.991490
0.074443 -0.789218 1.908520
0.263991 -0.022831 1.953240
0.319036 -0.442100 1.976240
0.330001 -0.753924 2.005360
0.335166 -0.786428 1.923670
0.194139 0.047182 1.969220
0.188610 0.087011 2.022130
0.172847 0.426950 2.072130
0.176421 0.580484 1.996950
0.022545 0.307673 2.051380
-0.029259 0.093593 1.903460
0.120699 0.111630 1.777680
0.170246 0.113468 1.826640
0.348942 0.324889 2.078250
0.472731 0.149591 2.040440
0.371019 0.048839 1.868690
0.323037 0.011575 1.832750
0.132714 -0.024213 1.938540
0.094118 -0.444905 1.959840
0.069494 -0.757126 1.991490
0.074437 -0.789390 1.908610
0.264018 -0.022787 1.953460
0.318994 -0.442098 1.976260
0.329991 -0.753942 2.005340
0.335160 -0.786444 1.923650
0.194160 0.047235 1.969200
0.188612 0.088217 2.022320
0.172860 0.426714 2.071710
0.177670 0.580703 1.994050
0.022582 0.307667 2.051190
-0.029058 0.092286 1.905480
0.119783 0.111679 1.777530
0.168327 0.113859 1.824790
0.348946 0.324863 2.078180
0.472365 0.150006 2.040770
0.366831 0.047277 1.866450
0.324875 0.003485 1.839440
0.132730 -0.024190 1.938520
0.093980 -0.444850 1.959990
0.069473 -0.757105 1.991480
0.074437 -0.789385 1.908660
0.264033 -0.022676 1.953820
0.318938 -0.442067 1.976320
0.329972 -0.753950 2.005320
0.335152 -0.786452 1.923630
0.194180 0.047325 1.969200
0.188587 0.089402 2.022510
0.172945 0.425236 2.070940
0.178912 0.580213 1.990670
0.022624 0.307659 2.050930
-0.028227 0.090779 1.907490
0.119124 0.111695 1.777460
0.167013 0.114156 1.823240
0.348953 0.324848 2.078130
0.471967 0.150446 2.041160
0.381278 0.048871 1.878020
0.339341 0.014519 1.851580
0.132748 -0.024137 1.938490
0.093839 -0.444753 1.960180
0.069445 -0.757042 1.991490
0.074444 -0.789334 1.908730
0.264040 -0.022537 1.954230
0.318870 -0.442015 1.976420
0.329947 -0.753949 2.005310
0.335143 -0.786454 1.923620
0.194202 0.047409 1.969210
0.188557 0.090398 2.022680
0.173107 0.423189 2.070060
0.179978 0.579602 1.987770
0.022672 0.307655 2.050610
-0.027237 0.089498 1.909030
0.118662 0.111674 1.777470
0.166136 0.114375 1.821940
0.348964 0.324844 2.078090
0.471508 0.151012 2.041680
0.381040 0.048993 1.877590
0.339632 0.016931 1.851690
0.132765 -0.024089 1.938480
0.093664 -0.444605 1.960400
0.069415 -0.756939 1.991500
0.074461 -0.789241 1.908810
0.264063 -0.022431 1.954570
0.318793 -0.441968 1.976550
0.329920 -0.753953 2.005310
0.335138 -0.786458 1.923620
0.194227 0.047508 1.969220
0.188524 0.091273 2.022830
0.173301 0.421020 2.069190
0.180982 0.578928 1.985280
0.022744 0.307686 2.050230
-0.026967 0.088874 1.909850
0.118460 0.111554 1.777680
0.165637 0.114503 1.820930
0.348988 0.324856 2.078060
0.470967 0.151897 2.042620
0.385124 0.051233 1.881060
0.346497 0.019964 1.854210
0.132784 -0.024031 1.938470
0.093474 -0.444321 1.960630
0.069388 -0.756688 1.991510
0.074516 -0.788999 1.908900
0.264088 -0.022319 1.954910
0.318707 -0.441910 1.976700
0.329893 -0.753953 2.005320
0.335134 -0.786459 1.923620
0.194255 0.047636 1.969240
0.188484 0.092065 2.022970
0.173547 0.418965 2.068380
0.182013 0.578142 1.982980
0.022858 0.307754 2.049790
-0.027116 0.088410 1.910610
0.122604 0.110465 1.780900
0.167271 0.114333 1.820590
0.349054 0.324920 2.078050
0.470413 0.152708 2.043480
0.384780 0.051004 1.880680
0.347724 0.020327 1.853760
0.132806 -0.023941 1.938450
0.093299 -0.443836 1.960860
0.069365 -0.756187 1.991500
0.074629 -0.788509 1.909000
0.264114 -0.022191 1.955280
0.318618 -0.441840 1.976870
0.329862 -0.753949 2.005330
0.335134 -0.786458 1.923620
0.194282 0.047740 1.969260
0.188445 0.092700 2.023080
0.173791 0.417156 2.067650
0.182960 0.577383 1.981020
0.023015 0.307848 2.049280
-0.027344 0.088076 1.911210
0.124919 0.108898 1.782880
0.168535 0.113732 1.820270
0.349189 0.324988 2.078080
0.469734 0.153769 2.044640
0.383539 0.050673 1.879610
0.348128 0.020234 1.852560
0.132823 -0.023876 1.938450
0.093127 -0.443226 1.961080
0.069346 -0.755541 1.991490
0.074780 -0.787873 1.909100
0.264145 -0.022116 1.955550
0.318534 -0.441797 1.977040
0.329833 -0.753955 2.005340
0.335138 -0.786462 1.923630
0.194311 0.047846 1.969280
0.188410 0.093232 2.023180
0.174015 0.415659 2.067070
0.183805 0.576704 1.979400
0.023172 0.307963 2.048780
-0.027361 0.087876 1.911510
0.127944 0.107622 1.785190
0.170636 0.113120 1.820380
0.349360 0.325044 2.078110
0.469202 0.154610 2.045610
0.381946 0.050304 1.878250
0.347959 0.019823 1.850950
0.132840 -0.023805 1.938440
0.092979 -0.442569 1.961260
0.069336 -0.754837 1.991460
0.074951 -0.787176 1.909180
0.264177 -0.022052 1.955790
0.318454 -0.441759 1.977220
0.329804 -0.753963 2.005350
0.335145 -0.786468 1.923640
0.194343 0.047934 1.969290
0.188382 0.093650 2.023250
0.174224 0.414431 2.066610
0.184680 0.576034 1.977890
0.023370 0.308053 2.048190
-0.027370 0.087759 1.911580
0.129046 0.107122 1.786060
0.171707 0.112831 1.820200
0.349622 0.325098 2.078170
0.468661 0.155526 2.046660
0.380298 0.049968 1.876760
0.347139 0.017050 1.848950
0.132856 -0.023745 1.938430
0.092900 -0.442370 1.961380
0.069319 -0.754625 1.991470
0.075021 -0.786967 1.909240
0.264224 -0.022018 1.955960
0.318383 -0.441746 1.977390
0.329773 -0.753985 2.005360
0.335165 -0.786488 1.923650
0.194374 0.048014 1.969300
0.188356 0.093984 2.023300
0.174425 0.413366 2.066230
0.185582 0.575240 1.976410
0.023562 0.308143 2.047630
-0.027501 0.087675 1.911670
0.129817 0.106796 1.786650
0.172635 0.112624 1.820030
0.350022 0.325138 2.078290
0.468191 0.156444 2.047720
0.378656 0.049524 1.875210
0.346781 0.015206 1.848020
0.132869 -0.023691 1.938430
0.092835 -0.442187 1.961470
0.069299 -0.754428 1.991470
0.075098 -0.786766 1.909300
0.264271 -0.021998 1.956080
0.318318 -0.441746 1.977560
0.329742 -0.754015 2.005390
0.335199 -0.786520 1.923680
0.194403 0.048069 1.969300
0.188336 0.094230 2.023330
0.174602 0.412441 2.065890
0.186528 0.574314 1.974870
0.023757 0.308231 2.047090
-0.027666 0.087629 1.911700
0.130368 0.106561 1.787060
0.173425 0.112455 1.819880
0.350406 0.325160 2.078410
0.467851 0.157018 2.048450
0.379820 0.050174 1.875990
0.347276 0.015120 1.847980
0.132881 -0.023653 1.938430
0.092778 -0.442005 1.961550
0.069276 -0.754223 1.991480
0.075182 -0.786557 1.909350
0.264319 -0.021995 1.956180
0.318259 -0.441757 1.977720
0.329715 -0.754052 2.005420
0.335245 -0.786563 1.923720
0.194437 0.048135 1.969310
0.188314 0.094458 2.023360
0.174744 0.411678 2.065550
0.187539 0.573260 1.973300
0.024015 0.308344 2.046530
-0.028225 0.087684 1.911770
0.131031 0.105884 1.787400
0.174469 0.111824 1.819790
0.350759 0.325189 2.078530
0.467574 0.157422 2.048990
0.379440 0.050227 1.875570
0.346489 0.015154 1.847010
0.132911 -0.023576 1.938430
0.092739 -0.441914 1.961600
0.069262 -0.754120 1.991490
0.075249 -0.786458 1.909410
0.264362 -0.021982 1.956290
0.318204 -0.441755 1.977870
0.329689 -0.754079 2.005440
0.335294 -0.786596 1.923760
0.194463 0.048184 1.969310
0.188291 0.094635 2.023370
0.174855 0.411045 2.065240
0.188511 0.572172 1.971770
0.024309 0.308476 2.045970
-0.029002 0.087850 1.911760
0.131623 0.105029 1.787590
0.175484 0.111045 1.819700
0.351059 0.325202 2.078640
0.467327 0.157753 2.049440
0.378696 0.049993 1.874760
0.345228 0.015174 1.845710
0.132940 -0.023504 1.938430
0.092713 -0.441797 1.961640
0.069245 -0.753976 1.991490
0.075339 -0.786304 1.909460
0.264394 -0.021980 1.956380
0.318158 -0.441765 1.978010
0.329662 -0.754116 2.005470
0.335357 -0.786642 1.923800
0.194487 0.048218 1.969310
0.188269 0.094773 2.023380
0.174925 0.410525 2.064920
0.189375 0.571249 1.970510
0.024707 0.308644 2.045340
-0.029706 0.088039 1.911740
0.132817 0.101529 1.788290
0.186806 0.097220 1.778170
0.351302 0.325203 2.078730
0.467103 0.157978 2.049760
0.377877 0.049756 1.873940
0.343836 0.015313 1.844410
0.132975 -0.023436 1.938430
0.092688 -0.441749 1.961660
0.069234 -0.753916 1.991500
0.075419 -0.786255 1.909510
0.264420 -0.021984 1.956440
0.318116 -0.441783 1.978150
0.329638 -0.754159 2.005500
0.335438 -0.786700 1.923850
0.194510 0.048246 1.969310
0.188246 0.094887 2.023370
0.174951 0.410060 2.064590
0.190277 0.570214 1.969230
0.025102 0.308808 2.044730
-0.030432 0.088230 1.911750
0.132691 0.100753 1.788010
0.187985 0.096383 1.760320
0.351534 0.325202 2.078820
0.466876 0.158166 2.050020
0.377144 0.049530 1.873210
0.342785 0.014294 1.843640
0.133010 -0.023373 1.938440
0.092668 -0.441721 1.961680
0.069223 -0.753876 1.991510
0.075507 -0.786232 1.909570
0.264444 -0.021991 1.956490
0.318080 -0.441803 1.978270
0.329615 -0.754206 2.005530
0.335526 -0.786763 1.923890
0.194535 0.048264 1.969300
0.188227 0.094971 2.023370
0.174966 0.409662 2.064260
0.191133 0.569299 1.968120
0.025549 0.308996 2.044120
-0.031096 0.088422 1.911770
0.132486 0.100271 1.787670
0.188018 0.097450 1.745570
0.351740 0.325195 2.078900
0.466666 0.158350 2.050260
0.376365 0.049282 1.872460
0.342155 0.013470 1.843250
0.133046 -0.023322 1.938440
0.092651 -0.441714 1.961700
0.069214 -0.753859 1.991530
0.075610 -0.786240 1.909640
0.264470 -0.022008 1.956540
0.318049 -0.441831 1.978390
0.329592 -0.754263 2.005560
0.335629 -0.786840 1.923950
0.194563 0.048278 1.969290
0.188209 0.095039 2.023350
0.174968 0.409326 2.063970
0.192024 0.568343 1.967020
0.025965 0.309174 2.043540
-0.030966 0.088340 1.911920
0.132279 0.099732 1.787330
0.187686 0.097476 1.737870
0.351947 0.325182 2.078980
0.466496 0.158479 2.050420
0.375546 0.049016 1.871670
0.341627 0.012472 1.843000
0.133083 -0.023274 1.938440
0.092637 -0.441721 1.961710
0.069206 -0.753855 1.991550
0.075716 -0.786263 1.909710
0.264501 -0.022030 1.956570
0.318024 -0.441858 1.978500
0.329569 -0.754319 2.005590
0.335731 -0.786915 1.924000
0.194592 0.048287 1.969270
0.188192 0.095094 2.023330
0.174954 0.409036 2.063680
0.192886 0.567452 1.966010
0.026378 0.309339 2.042990
-0.031109 0.088352 1.911990
0.131818 0.099526 1.786760
0.187172 0.098089 1.732750
0.352144 0.325113 2.079030
0.466362 0.158601 2.050570
0.374649 0.048729 1.870860
0.342781 0.007631 1.844450
0.133121 -0.023230 1.938440
0.092628 -0.441737 1.961710
0.069197 -0.753861 1.991570
0.075813 -0.786296 1.909770
0.264532 -0.022056 1.956600
0.318001 -0.441886 1.978600
0.329547 -0.754377 2.005610
0.335831 -0.786991 1.924040
0.194621 0.048294 1.969250
0.188175 0.095142 2.023310
0.174930 0.408783 2.063380
0.193729 0.566652 1.965100
0.026830 0.309506 2.042420
-0.031263 0.088373 1.912050
0.131399 0.099445 1.786250
0.186574 0.098924 1.729730
0.352317 0.325050 2.079060
0.466235 0.158746 2.050710
0.373688 0.048457 1.870050
0.344118 0.003326 1.845900
0.133170 -0.023183 1.938430
0.092618 -0.441756 1.961710
0.069186 -0.753871 1.991590
0.075906 -0.786330 1.909820
0.264561 -0.022082 1.956620
0.317980 -0.441913 1.978680
0.329526 -0.754435 2.005640
0.335939 -0.787069 1.924090
0.194665 0.048317 1.969220
0.188157 0.095202 2.023280
0.174899 0.408560 2.063060
0.194455 0.565995 1.964360
0.027259 0.309660 2.041880
-0.031429 0.088405 1.912090
0.131010 0.099463 1.785810
0.185748 0.100133 1.728680
0.352518 0.324994 2.079110
0.466116 0.159014 2.050970
0.372529 0.047989 1.869110
0.345221 -0.000572 1.847120
0.133251 -0.023104 1.938400
0.092613 -0.441763 1.961700
0.069179 -0.753871 1.991600
0.075998 -0.786346 1.909870
0.264595 -0.022100 1.956650
0.317962 -0.441936 1.978750
0.329508 -0.754488 2.005660
0.336049 -0.787142 1.924130
0.194720 0.048337 1.969170
0.188144 0.095254 2.023220
0.174861 0.408352 2.062740
0.195111 0.565367 1.963720
0.027644 0.309808 2.041390
-0.031583 0.088440 1.912130
0.130507 0.099235 1.785240
0.184786 0.100471 1.728450
0.352685 0.324922 2.079120
0.465971 0.159249 2.051160
0.371554 0.047563 1.868310
0.345816 -0.002686 1.847790
0.133358 -0.023022 1.938320
0.092609 -0.441775 1.961690
0.069173 -0.753874 1.991610
0.076085 -0.786366 1.909910
0.264635 -0.022122 1.956680
0.317946 -0.441961 1.978820
0.329495 -0.754546 2.005670
0.336168 -0.787223 1.924150
0.194791 0.048355 1.969110
0.188136 0.095301 2.023160
0.174823 0.408178 2.062440
0.195682 0.564862 1.963190
0.028019 0.309961 2.040930
-0.031719 0.088482 1.912150
0.131882 0.094896 1.785960
0.188122 0.092173 1.736190
0.352885 0.324820 2.079120
0.465820 0.159475 2.051320
0.370753 0.047197 1.867670
0.346404 -0.004713 1.848430
0.133503 -0.022938 1.938200
0.092608 -0.441791 1.961670
0.069166 -0.753879 1.991620
0.076160 -0.786386 1.909940
0.264693 -0.022152 1.956700
0.317933 -0.441984 1.978870
0.329484 -0.754606 2.005680
0.336285 -0.787305 1.924160
0.194889 0.048371 1.969040
0.188137 0.095346 2.023090
0.174781 0.408030 2.062170
0.196152 0.564457 1.962760
0.028363 0.310104 2.040510
-0.031841 0.088523 1.912170
0.131192 0.094777 1.785190
0.187641 0.091987 1.737070
0.353080 0.324720 2.079120
0.465709 0.159580 2.051390
0.370090 0.046904 1.867130
0.346691 -0.005853 1.848760
0.133697 -0.022858 1.938060
0.092609 -0.441811 1.961650
0.069158 -0.753887 1.991620
0.076234 -0.786410 1.909970
0.264781 -0.022191 1.956730
0.317921 -0.442006 1.978920
0.329472 -0.754668 2.005670
0.336397 -0.787385 1.924150
0.194992 0.048393 1.968950
0.188141 0.095397 2.023000
0.174738 0.407911 2.061880
0.196543 0.564159 1.962450
0.028689 0.310251 2.040120
-0.032001 0.088581 1.912210
0.130362 0.095157 1.784340
0.186891 0.092531 1.737780
0.353296 0.324568 2.079100
0.465623 0.159672 2.051450
0.369483 0.046618 1.866650
0.346871 -0.006696 1.848980
0.133904 -0.022764 1.937900
0.092669 -0.441614 1.961420
0.069166 -0.753718 1.991540
0.076398 -0.786219 1.909900
0.264871 -0.022228 1.956750
0.317910 -0.442025 1.978950
0.329457 -0.754733 2.005650
0.336501 -0.787463 1.924140
0.195097 0.048420 1.968860
0.188146 0.095453 2.022910
0.174698 0.407814 2.061610
0.196865 0.563932 1.962210
0.028985 0.310386 2.039760
-0.032131 0.088636 1.912230
0.129512 0.095768 1.783500
0.185980 0.093481 1.738320
0.353479 0.324442 2.079080
0.465539 0.159758 2.051490
0.369000 0.046370 1.866240
0.347029 -0.007409 1.849110
0.134118 -0.022659 1.937710
0.092717 -0.441620 1.961210
0.069165 -0.753698 1.991520
0.076496 -0.786203 1.909870
0.264954 -0.022257 1.956770
0.317901 -0.442043 1.978980
0.329443 -0.754798 2.005630
0.336602 -0.787539 1.924120
0.195209 0.048437 1.968750
0.188154 0.095500 2.022800
0.174661 0.407732 2.061370
0.197142 0.563742 1.962020
0.029251 0.310504 2.039450
-0.032310 0.088689 1.912290
0.128468 0.096785 1.782380
0.184842 0.094937 1.738440
0.353751 0.324249 2.079060
0.465114 0.159818 2.051270
0.368597 0.046102 1.865800
0.347133 -0.007987 1.849170
0.134314 -0.022575 1.937520
0.092779 -0.441655 1.960990
0.069182 -0.753700 1.991470
0.076650 -0.786218 1.909820
0.265066 -0.022311 1.956770
0.317894 -0.442058 1.979000
0.329428 -0.754862 2.005610
0.336697 -0.787611 1.924090
0.195313 0.048450 1.968640
0.188156 0.095542 2.022680
0.174626 0.407665 2.061160
0.197377 0.563590 1.961870
0.029479 0.310606 2.039170
-0.032694 0.088735 1.912520
0.127114 0.098302 1.780900
0.183382 0.097033 1.737990
0.354003 0.324133 2.079090
0.464790 0.159889 2.051090
0.368247 0.045868 1.865400
0.347213 -0.008439 1.849190
0.134482 -0.022503 1.937340
0.092846 -0.441704 1.960760
0.069199 -0.753715 1.991410
0.076804 -0.786248 1.909740
0.265177 -0.022372 1.956750
0.317889 -0.442068 1.979020
0.329410 -0.754918 2.005580
0.336787 -0.787673 1.924060
0.195413 0.048463 1.968530
0.188159 0.095584 2.022570
0.174599 0.407608 2.060960
0.197590 0.563456 1.961760
0.029679 0.310690 2.038930
-0.000833 0.087187 1.942570
0.126875 0.098566 1.780400
0.154755 0.134555 1.764430
0.354242 0.324025 2.079130
0.464411 0.159901 2.050780
0.367945 0.045666 1.865030
0.346059 -0.008443 1.849080
0.134637 -0.022436 1.937160
0.092915 -0.441758 1.960530
0.069213 -0.753738 1.991340
0.076947 -0.786282 1.909660
0.265283 -0.022432 1.956730
0.317885 -0.442079 1.979030
0.329390 -0.754977 2.005550
0.336867 -0.787733 1.924030
0.195514 0.048476 1.968410
0.188162 0.095624 2.022440
0.174575 0.407559 2.060780
0.197810 0.563325 1.961680
0.029863 0.310750 2.038700
-0.016139 0.089989 1.932240
0.126380 0.099051 1.779720
0.140752 0.156512 1.777590
0.354509 0.323919 2.079180
0.464081 0.159920 2.050500
0.381044 0.050543 1.874950
0.347501 -0.001860 1.850580
0.134792 -0.022370 1.936930
0.092986 -0.441812 1.960300
0.069226 -0.753763 1.991270
0.077084 -0.786318 1.909580
0.265391 -0.022493 1.956710
0.317881 -0.442090 1.979040
0.329368 -0.755038 2.005520
0.336946 -0.787795 1.924000
0.195612 0.048496 1.968290
0.188169 0.095667 2.022330
0.174555 0.407518 2.060610
0.198047 0.563187 1.961620
0.030024 0.310800 2.038490
-0.026425 0.091673 1.924700
0.126131 0.099382 1.779350
0.125920 0.168070 1.781010
0.354766 0.323822 2.079240
0.463788 0.159934 2.050240
0.379124 0.050134 1.872090
0.346990 -0.001527 1.850570
0.134947 -0.022301 1.936700
0.093049 -0.441856 1.960090
0.069198 -0.754225 1.991120
0.077248 -0.786779 1.909460
0.265497 -0.022549 1.956700
0.317877 -0.442102 1.979040
0.329346 -0.755100 2.005490
0.337020 -0.787856 1.923970
0.195696 0.048498 1.968190
0.188172 0.095695 2.022220
0.174539 0.407481 2.060460
0.198305 0.563021 1.961580
0.030167 0.310839 2.038310
-0.029908 0.093456 1.914870
0.125923 0.099783 1.779010
0.118750 0.174157 1.782710
0.355003 0.323618 2.079260
0.463564 0.159946 2.050040
0.376617 0.049499 1.868990
0.346450 -0.001578 1.850340
0.135083 -0.022258 1.936470
0.093103 -0.441913 1.959900
0.069150 -0.754703 1.990970
0.077383 -0.787249 1.909330
0.265582 -0.022624 1.956700
0.317874 -0.442114 1.979040
0.329325 -0.755161 2.005450
0.337091 -0.787914 1.923940
0.195775 0.048499 1.968090
0.188175 0.095720 2.022110
0.174527 0.407448 2.060330
0.198557 0.562875 1.961560
0.030295 0.310879 2.038140
-0.030196 0.093209 1.911810
0.125603 0.100503 1.778470
0.113917 0.177748 1.782020
0.355211 0.323379 2.079270
0.463380 0.159952 2.049870
0.374259 0.048800 1.866280
0.345665 -0.001872 1.849720
0.135206 -0.022219 1.936270
0.093152 -0.441967 1.959720
0.069099 -0.755166 1.990820
0.077498 -0.787703 1.909210
0.265658 -0.022695 1.956700
0.317870 -0.442129 1.979040
0.329304 -0.755225 2.005420
0.337159 -0.787975 1.923910
0.195850 0.048501 1.968000
0.188180 0.095746 2.022010
0.174516 0.407415 2.060180
0.198810 0.562739 1.961560
0.030408 0.310913 2.037990
-0.030991 0.093223 1.909870
0.125154 0.101441 1.777760
0.112139 0.179485 1.780910
0.355397 0.323156 2.079270
0.463203 0.159909 2.049680
0.372798 0.048235 1.864560
0.344903 -0.002136 1.849020
0.135324 -0.022181 1.936060
0.093196 -0.442013 1.959560
0.069056 -0.755596 1.990690
0.077604 -0.788124 1.909100
0.265729 -0.022762 1.956710
0.317866 -0.442145 1.979040
0.329280 -0.755292 2.005390
0.337220 -0.788035 1.923880
0.195918 0.048491 1.967900
0.188183 0.095761 2.021900
0.174511 0.407382 2.060040
0.199055 0.562614 1.961580
0.030505 0.310943 2.037870
-0.031677 0.093251 1.908450
0.124745 0.102315 1.777120
0.110959 0.178324 1.775780
0.355562 0.322920 2.079260
0.463060 0.159875 2.049530
0.371588 0.047793 1.863220
0.344694 -0.002647 1.848830
0.135412 -0.022165 1.935890
0.093233 -0.442073 1.959420
0.069013 -0.755991 1.990560
0.077691 -0.788510 1.909000
0.265793 -0.022839 1.956690
0.317859 -0.442166 1.979040
0.329257 -0.755364 2.005350
0.337279 -0.788099 1.923850
0.195976 0.048475 1.967800
0.188183 0.095770 2.021790
0.174508 0.407350 2.059920
0.199290 0.562502 1.961610
0.030589 0.310969 2.037750
-0.032284 0.093270 1.907390
0.124234 0.103306 1.776380
0.116463 0.176107 1.773280
0.355707 0.322708 2.079260
0.462948 0.159849 2.049420
0.370598 0.047440 1.862210
0.344590 -0.003214 1.848700
0.135478 -0.022159 1.935750
0.093263 -0.442136 1.959280
0.068968 -0.756342 1.990450
0.077760 -0.788851 1.908900
0.265847 -0.022922 1.956670
0.317852 -0.442190 1.979030
0.329233 -0.755438 2.005310
0.337335 -0.788165 1.923820
0.196029 0.048449 1.967710
0.188181 0.095770 2.021690
0.174507 0.407321 2.059800
0.199534 0.562391 1.961650
0.030665 0.310993 2.037650
-0.032864 0.093292 1.906570
0.124001 0.103628 1.775950
0.153569 0.133152 1.746490
0.355831 0.322507 2.079260
0.462880 0.159843 2.049370
0.369763 0.047172 1.861440
0.344580 -0.003799 1.848620
0.135531 -0.022160 1.935630
0.093289 -0.442203 1.959160
0.068923 -0.756643 1.990340
0.077815 -0.789143 1.908810
0.265895 -0.023013 1.956640
0.317845 -0.442222 1.979020
0.329208 -0.755524 2.005280
0.337391 -0.788241 1.923790
0.196077 0.048410 1.967610
0.188176 0.095760 2.021580
0.174504 0.407284 2.059670
0.199859 0.562221 1.961700
0.030734 0.311017 2.037560
-0.033375 0.093304 1.905990
0.123554 0.104026 1.775400
0.166713 0.117618 1.735820
0.355955 0.322263 2.079250
0.462771 0.159821 2.049310
0.369074 0.046976 1.860860
0.344580 -0.004163 1.848590
0.135574 -0.022168 1.935530
0.093310 -0.442275 1.959050
0.068881 -0.756904 1.990240
0.077859 -0.789394 1.908720
0.265939 -0.023122 1.956610
0.317838 -0.442256 1.979010
0.329177 -0.755611 2.005240
0.337437 -0.788314 1.923760
0.196122 0.048392 1.967540
0.188172 0.095760 2.021500
0.174499 0.407247 2.059540
0.200271 0.561971 1.961740
0.030790 0.311038 2.037470
-0.034704 0.093084 1.906330
0.123016 0.104467 1.774820
0.173897 0.109483 1.729640
0.356053 0.322136 2.079280
0.462684 0.159810 2.049270
0.368542 0.046848 1.860450
0.344697 -0.004654 1.848600
0.135619 -0.022171 1.935420
0.093331 -0.442327 1.958960
0.068847 -0.757126 1.990150
0.077905 -0.789611 1.908650
0.265989 -0.023202 1.956610
0.317831 -0.442291 1.979000
0.329145 -0.755698 2.005210
0.337483 -0.788387 1.923740
0.196161 0.048381 1.967480
0.188167 0.095762 2.021420
0.174499 0.407212 2.059420
0.200724 0.561716 1.961780
0.030841 0.311061 2.037400
-0.035323 0.092976 1.906350
0.124014 0.104463 1.775850
0.184035 0.101787 1.729510
0.356130 0.322048 2.079320
0.462610 0.159815 2.049300
0.368243 0.046756 1.860210
0.344993 -0.005089 1.848740
0.135659 -0.022170 1.935320
0.093349 -0.442369 1.958870
0.068814 -0.757315 1.990060
0.077945 -0.789795 1.908580
0.266028 -0.023268 1.956630
0.317823 -0.442323 1.979000
0.329112 -0.755782 2.005180
0.337527 -0.788457 1.923710
0.196196 0.048364 1.967420
0.188162 0.095760 2.021340
0.174507 0.407180 2.059310
0.201202 0.561443 1.961800
0.030884 0.311084 2.037340
-0.036766 0.093376 1.905980
0.124516 0.104101 1.776520
0.189465 0.096511 1.729850
0.356196 0.321978 2.079370
0.462554 0.159822 2.049350
0.367988 0.046672 1.860060
0.345741 -0.005889 1.849140
0.135690 -0.022175 1.935240
0.093365 -0.442415 1.958800
0.068777 -0.757478 1.989990
0.077973 -0.789951 1.908520
0.266066 -0.023342 1.956650
0.317816 -0.442355 1.978990
0.329078 -0.755864 2.005150
0.337567 -0.788526 1.923690
0.196233 0.048340 1.967360
0.188162 0.095752 2.021280
0.174518 0.407151 2.059230
0.201708 0.561144 1.961820
0.030931 0.311115 2.037290
-0.037599 0.093567 1.905870
0.124790 0.103905 1.776990
0.192377 0.093651 1.730430
0.356234 0.321843 2.079390
0.462503 0.159840 2.049460
0.367793 0.046609 1.859970
0.346522 -0.006621 1.849590
0.135720 -0.022184 1.935160
0.093378 -0.442460 1.958740
0.068748 -0.757594 1.989920
0.077993 -0.790062 1.908470
0.266104 -0.023419 1.956670
0.317807 -0.442393 1.978980
0.329046 -0.755953 2.005110
0.337604 -0.788600 1.923660
0.196262 0.048322 1.967330
0.188162 0.095746 2.021230
0.174536 0.407118 2.059150
0.202253 0.560822 1.961820
0.030987 0.311158 2.037240
-0.038165 0.093732 1.905780
0.125083 0.103729 1.777520
0.151878 0.130774 1.754690
0.356269 0.321719 2.079420
0.462463 0.159881 2.049650
0.379073 0.050518 1.872820
0.350588 0.001597 1.852210
0.135742 -0.022188 1.935120
0.093388 -0.442494 1.958690
0.068722 -0.757691 1.989870
0.078009 -0.790155 1.908420
0.266128 -0.023488 1.956710
0.317796 -0.442432 1.978980
0.329014 -0.756042 2.005080
0.337640 -0.788676 1.923640
0.196291 0.048301 1.967290
0.188164 0.095737 2.021180
0.174558 0.407086 2.059080
0.202758 0.560525 1.961820
0.031047 0.311213 2.037200
-0.039177 0.094715 1.904780
0.125341 0.103627 1.778030
0.158098 0.125841 1.756650
0.356297 0.321602 2.079440
0.462428 0.159926 2.049890
0.380521 0.051026 1.874560
0.348953 0.005608 1.849740
0.135761 -0.022193 1.935080
0.093398 -0.442526 1.958650
0.068697 -0.757771 1.989810
0.078021 -0.790231 1.908370
0.266155 -0.023559 1.956740
0.317785 -0.442473 1.978970
0.328980 -0.756131 2.005050
0.337669 -0.788751 1.923620
0.196319 0.048279 1.967270
0.188166 0.095727 2.021150
0.174586 0.407054 2.059030
0.203270 0.560252 1.961850
0.031124 0.311306 2.037170
-0.039609 0.095004 1.904640
0.122480 0.106172 1.776910
0.156625 0.127244 1.755700
0.356327 0.321483 2.079460
0.462433 0.160017 2.050230
0.380635 0.051153 1.874980
0.346432 0.009197 1.846560
0.135776 -0.022198 1.935050
0.093406 -0.442555 1.958630
0.068671 -0.757846 1.989770
0.078028 -0.790302 1.908340
0.266180 -0.023637 1.956790
0.317771 -0.442516 1.978970
0.328947 -0.756221 2.005030
0.337696 -0.788826 1.923600
0.196343 0.048259 1.967250
0.188168 0.095719 2.021120
0.174626 0.407019 2.058980
0.203809 0.559974 1.961890
0.031209 0.311408 2.037150
-0.039898 0.095208 1.904590
0.129204 0.105499 1.783720
0.183855 0.115615 1.762730
0.356355 0.321369 2.079490
0.462453 0.160110 2.050560
0.380890 0.051260 1.875460
0.333516 0.024188 1.846190
0.135788 -0.022200 1.935030
0.093412 -0.442578 1.958600
0.068643 -0.757914 1.989730
0.078031 -0.790366 1.908310
0.266200 -0.023713 1.956840
0.317754 -0.442562 1.978970
0.328914 -0.756313 2.005000
0.337722 -0.788905 1.923580
0.196376 0.048227 1.967230
0.188176 0.095704 2.021100
0.174675 0.406983 2.058940
0.204330 0.559729 1.961950
0.031300 0.311526 2.037150
-0.040071 0.095379 1.904590
0.130062 0.105692 1.785030
0.187599 0.114069 1.763800
0.356387 0.321253 2.079520
0.462444 0.160119 2.050700
0.380102 0.051100 1.874990
0.326845 0.030891 1.845380
0.135801 -0.022207 1.935010
0.093416 -0.442607 1.958590
0.068618 -0.757977 1.989700
0.078031 -0.790425 1.908280
0.266237 -0.023821 1.956920
0.317737 -0.442607 1.978970
0.328882 -0.756403 2.004980
0.337743 -0.788982 1.923560
0.196416 0.048213 1.967240
0.188187 0.095699 2.021090
0.174761 0.406930 2.058910
0.204822 0.559510 1.962010
0.031393 0.311644 2.037160
-0.040169 0.095521 1.904650
0.132310 0.102776 1.787900
0.193764 0.105016 1.763990
0.356437 0.321151 2.079560
0.462434 0.160129 2.050830
0.378464 0.050674 1.873810
0.333768 0.016449 1.851490
0.135815 -0.022208 1.935000
0.093419 -0.442623 1.958570
0.068591 -0.758035 1.989670
0.078030 -0.790479 1.908250
0.266296 -0.023926 1.957100
0.317719 -0.442651 1.978970
0.328849 -0.756488 2.004960
0.337763 -0.789055 1.923550
0.196466 0.048196 1.967250
0.188205 0.095693 2.021080
0.174872 0.406875 2.058880
0.205276 0.559340 1.962110
0.031487 0.311763 2.037180
-0.040186 0.095627 1.904800
0.132393 0.102466 1.788500
0.194730 0.103062 1.762510
0.356491 0.321058 2.079610
0.462432 0.160102 2.050910
0.376399 0.049889 1.872260
0.338317 0.006228 1.855140
0.135837 -0.022214 1.935010
0.093421 -0.442643 1.958570
0.068559 -0.758092 1.989640
0.078023 -0.790532 1.908230
0.266359 -0.024029 1.957290
0.317701 -0.442693 1.978970
0.328820 -0.756570 2.004940
0.337781 -0.789126 1.923530
0.196515 0.048173 1.967280
0.188225 0.095684 2.021080
0.175003 0.406815 2.058860
0.205694 0.559181 1.962250
0.031581 0.311876 2.037210
-0.039832 0.095634 1.905110
0.131558 0.102639 1.788310
0.130349 0.123572 1.748360
0.356568 0.320965 2.079680
0.462432 0.160039 2.050980
0.374484 0.049166 1.870850
0.341372 -0.000295 1.857280
0.135861 -0.022235 1.935040
0.093421 -0.442680 1.958570
0.068524 -0.758155 1.989630
0.078012 -0.790590 1.908220
0.266414 -0.024135 1.957470
0.317683 -0.442734 1.978980
0.328793 -0.756648 2.004920
0.337800 -0.789194 1.923520
0.196570 0.048149 1.967320
0.188250 0.095675 2.021090
0.175145 0.406760 2.058850
0.206089 0.559051 1.962440
0.031676 0.311974 2.037250
-0.039477 0.095488 1.905800
0.131623 0.102615 1.788650
0.146839 0.119008 1.746550
0.356666 0.320880 2.079780
0.462431 0.159962 2.051030
0.372816 0.048485 1.869610
0.342352 -0.003588 1.858030
0.135888 -0.022258 1.935090
0.093421 -0.442717 1.958570
0.068473 -0.758228 1.989610
0.077988 -0.790658 1.908210
0.266468 -0.024249 1.957700
0.317665 -0.442774 1.978990
0.328769 -0.756722 2.004910
0.337818 -0.789261 1.923500
0.196624 0.048121 1.967360
0.188279 0.095661 2.021110
0.175342 0.406679 2.058880
0.206448 0.558938 1.962640
0.031775 0.312068 2.037310
-0.038647 0.095218 1.906530
0.131634 0.102657 1.788880
0.157905 0.116290 1.745790
0.356764 0.320803 2.079880
0.462433 0.159889 2.051070
0.372825 0.048174 1.869780
0.343272 -0.005009 1.858580
0.135911 -0.022285 1.935150
0.093418 -0.442759 1.958580
0.068423 -0.758300 1.989600
0.077961 -0.790726 1.908210
0.266514 -0.024362 1.957900
0.317647 -0.442814 1.979000
0.328746 -0.756797 2.004890
0.337834 -0.789329 1.923490
0.196692 0.048074 1.967430
0.188326 0.095630 2.021150
0.175576 0.406582 2.058950
0.206788 0.558827 1.962900
0.031865 0.312130 2.037380
-0.033999 0.092984 1.909430
0.130887 0.103083 1.788510
0.159336 0.116040 1.744390
0.356879 0.320718 2.079980
0.462462 0.159853 2.051160
0.372551 0.047914 1.869670
0.343818 -0.006135 1.858880
0.135938 -0.022324 1.935220
0.093423 -0.442511 1.958600
0.068358 -0.757681 1.989470
0.077933 -0.790118 1.908080
0.266581 -0.024503 1.958090
0.317629 -0.442853 1.979010
0.328723 -0.756868 2.004880
0.337845 -0.789393 1.923490
0.196763 0.048026 1.967490
0.188379 0.095599 2.021190
0.175834 0.406497 2.059040
0.207153 0.558757 1.963280
0.031969 0.312185 2.037480
-0.033261 0.096847 1.903110
0.130785 0.103245 1.788570
0.169956 0.112040 1.749180
0.357086 0.320596 2.080150
0.462476 0.159797 2.051210
0.372320 0.047679 1.869580
0.344159 -0.006910 1.858960
0.135970 -0.022371 1.935340
0.093428 -0.442402 1.958640
0.068300 -0.757332 1.989390
0.077906 -0.789779 1.908000
0.266645 -0.024633 1.958260
0.317613 -0.442893 1.979030
0.328701 -0.756940 2.004880
0.337856 -0.789458 1.923480
0.196843 0.047971 1.967590
0.188446 0.095562 2.021260
0.176104 0.406422 2.059150
0.207510 0.558710 1.963720
0.032093 0.312224 2.037600
-0.033046 0.096955 1.903310
0.130597 0.103515 1.788530
0.173315 0.111281 1.749450
0.357255 0.320450 2.080300
0.462547 0.159782 2.051420
0.372142 0.047476 1.869540
0.344372 -0.007394 1.858910
0.136017 -0.022416 1.935510
0.093425 -0.442355 1.958680
0.068256 -0.757151 1.989350
0.077878 -0.789604 1.907960
0.266698 -0.024761 1.958460
0.317595 -0.442941 1.979070
0.328672 -0.757019 2.004880
0.337857 -0.789530 1.923490
0.196923 0.047916 1.967700
0.188522 0.095525 2.021350
0.176407 0.406354 2.059300
0.207845 0.558709 1.964220
0.032233 0.312258 2.037770
-0.033102 0.096914 1.903870
0.130194 0.103910 1.788270
0.175463 0.110792 1.749470
0.357407 0.320303 2.080440
0.462658 0.159786 2.051720
0.371959 0.047311 1.869520
0.344485 -0.007697 1.858790
0.136065 -0.022455 1.935680
0.093401 -0.441913 1.958810
0.068195 -0.756409 1.989220
0.077832 -0.788871 1.907840
0.266740 -0.024888 1.958680
0.317578 -0.442986 1.979110
0.328640 -0.757093 2.004900
0.337852 -0.789597 1.923500
0.197024 0.047850 1.967840
0.188630 0.095473 2.021480
0.176821 0.406274 2.059550
0.208157 0.558717 1.964770
0.032386 0.312285 2.037970
-0.032964 0.097684 1.902720
0.129595 0.104395 1.787810
0.176829 0.110382 1.749610
0.357565 0.320145 2.080600
0.462864 0.159845 2.052210
0.371736 0.047119 1.869490
0.344460 -0.007913 1.858620
0.136131 -0.022495 1.935900
0.093381 -0.441657 1.958940
0.068151 -0.755964 1.989180
0.077799 -0.788433 1.907790
0.266787 -0.025010 1.958890
0.317559 -0.443031 1.979160
0.328609 -0.757163 2.004920
0.337845 -0.789661 1.923520
0.197145 0.047798 1.968070
0.188759 0.095432 2.021680
0.177219 0.406198 2.059820
0.208437 0.558736 1.965280
0.032541 0.312299 2.038190
-0.033282 0.097148 1.904240
0.130295 0.104114 1.788450
0.182886 0.108136 1.751870
0.357736 0.319997 2.080800
0.463176 0.159821 2.052820
0.371538 0.046947 1.869460
0.344419 -0.008041 1.858420
0.136223 -0.022519 1.936230
0.093353 -0.441537 1.959070
0.068118 -0.755752 1.989170
0.077775 -0.788225 1.907780
0.266833 -0.025115 1.959180
0.317538 -0.443077 1.979240
0.328573 -0.757234 2.004950
0.337835 -0.789725 1.923540
0.197300 0.047709 1.968360
0.188926 0.095356 2.021940
0.177651 0.406084 2.060130
0.208669 0.558742 1.965770
0.032713 0.312295 2.038420
-0.035766 0.091771 1.918080
0.130606 0.103400 1.788820
0.185144 0.106992 1.751930
0.357900 0.319830 2.081010
0.463576 0.159622 2.053500
0.371369 0.046814 1.869450
0.344342 -0.008062 1.858190
0.136372 -0.022574 1.936680
0.093305 -0.441558 1.959290
0.068087 -0.755643 1.989180
0.077752 -0.788119 1.907790
0.266882 -0.025222 1.959450
0.317513 -0.443131 1.979350
0.328533 -0.757312 2.004990
0.337821 -0.789797 1.923590
0.197507 0.047540 1.968710
0.189141 0.095213 2.022270
0.178078 0.405944 2.060480
0.208877 0.558695 1.966210
0.032892 0.312273 2.038650
-0.039240 0.092119 1.919780
0.129459 0.103376 1.787800
0.186088 0.106386 1.751390
0.358038 0.319630 2.081230
0.464020 0.159458 2.054350
0.394174 0.052046 1.890850
0.347501 -0.002797 1.859130
0.136561 -0.022684 1.937150
0.093255 -0.441677 1.959570
0.068050 -0.755616 1.989220
0.077725 -0.788094 1.907840
0.266965 -0.025373 1.959770
0.317487 -0.443189 1.979500
0.328492 -0.757392 2.005040
0.337807 -0.789872 1.923640
0.197740 0.047374 1.969100
0.189373 0.095072 2.022620
0.178459 0.405813 2.060800
0.209069 0.558647 1.966600
0.033073 0.312244 2.038890
-0.039275 0.093613 1.916650
0.131526 0.099550 1.789080
0.191269 0.097663 1.755410
0.358166 0.319430 2.081440
0.464457 0.159267 2.055210
0.389467 0.049948 1.889130
0.347161 -0.002474 1.859050
0.136774 -0.022784 1.937600
0.093216 -0.441856 1.959900
0.068016 -0.755653 1.989300
0.077702 -0.788133 1.907910
0.267105 -0.025547 1.960240
0.317456 -0.443248 1.979700
0.328448 -0.757472 2.005110
0.337790 -0.789948 1.923700
0.197991 0.047222 1.969500
0.189610 0.094942 2.022990
0.178802 0.405685 2.061090
0.209256 0.558584 1.966960
0.033246 0.312209 2.039110
-0.036502 0.092904 1.916050
0.133277 0.097505 1.790270
0.193232 0.095182 1.756810
0.358320 0.319202 2.081710
0.464827 0.159169 2.056110
0.398976 0.051700 1.897810
0.350053 0.003630 1.859020
0.136983 -0.022873 1.938000
0.093258 -0.441672 1.960260
0.068006 -0.755471 1.989370
0.077711 -0.787952 1.907980
0.267326 -0.025749 1.960900
0.317425 -0.443307 1.979940
0.328402 -0.757554 2.005190
0.337777 -0.790026 1.923780
0.198290 0.047085 1.969970
0.189887 0.094826 2.023410
0.179140 0.405561 2.061380
0.209455 0.558525 1.967290
0.033456 0.312181 2.039350
-0.036403 0.093056 1.915620
0.134733 0.096091 1.791310
0.195378 0.093220 1.758170
0.358456 0.319003 2.082000
0.465134 0.159121 2.057010
0.390199 0.049698 1.892690
0.338578 0.008589 1.850760
0.137281 -0.022935 1.938460
0.093295 -0.441651 1.960610
0.067997 -0.755418 1.989430
0.077715 -0.787901 1.908040
0.267572 -0.025920 1.961610
0.317391 -0.443395 1.980260
0.328348 -0.757665 2.005290
0.337762 -0.790133 1.923870
0.198592 0.046979 1.970430
0.190165 0.094735 2.023820
0.179496 0.405439 2.061670
0.209680 0.558487 1.967580
0.033696 0.312162 2.039590
-0.035328 0.092969 1.915090
0.135899 0.095180 1.792210
0.196529 0.092151 1.759020
0.358614 0.318819 2.082340
0.465305 0.159167 2.058170
0.383468 0.048219 1.888360
0.343547 0.003775 1.853400
0.137574 -0.022970 1.938890
0.093342 -0.441708 1.960990
0.067996 -0.755417 1.989520
0.077739 -0.787903 1.908140
0.267817 -0.026050 1.962300
0.317362 -0.443481 1.980610
0.328293 -0.757777 2.005400
0.337754 -0.790243 1.923990
0.198962 0.046918 1.970950
0.190503 0.094677 2.024290
0.179889 0.405311 2.061970
0.209984 0.558458 1.967860
0.033985 0.312164 2.039830
-0.034045 0.092962 1.914430
0.136863 0.094603 1.792970
0.197365 0.091501 1.759750
0.358783 0.318635 2.082710
0.465401 0.159400 2.059620
0.378754 0.047051 1.885150
0.340777 0.005156 1.836080
0.137959 -0.022947 1.939370
0.093385 -0.441784 1.961350
0.067998 -0.755441 1.989620
0.077771 -0.787932 1.908250
0.268106 -0.026129 1.963000
0.317352 -0.443565 1.981010
0.328243 -0.757891 2.005540
0.337757 -0.790358 1.924130
0.199311 0.046874 1.971430
0.190815 0.094633 2.024720
0.180261 0.405191 2.062250
0.210434 0.558425 1.968120
0.034280 0.312172 2.040060
-0.033393 0.092944 1.914150
0.137437 0.094340 1.793510
0.197810 0.091451 1.760330
0.358980 0.318460 2.083150
0.465448 0.159625 2.060910
0.375798 0.045988 1.882940
0.339803 0.005251 1.827020
0.138310 -0.022915 1.939790
0.093440 -0.441866 1.961720
0.068006 -0.755480 1.989730
0.077821 -0.787977 1.908370
0.268406 -0.026209 1.963730
0.317362 -0.443642 1.981420
0.328189 -0.758007 2.005700
0.337766 -0.790474 1.924290
0.199717 0.046798 1.971950
0.191164 0.094569 2.025190
0.180618 0.405074 2.062530
0.211078 0.558314 1.968350
0.034575 0.312186 2.040270
-0.031822 0.092957 1.913360
0.136465 0.095144 1.793040
0.195586 0.092963 1.759460
0.359189 0.318300 2.083630
0.465418 0.159847 2.062020
0.373710 0.045017 1.881330
0.339260 0.004928 1.821640
0.138733 -0.022906 1.940260
0.093495 -0.441975 1.962080
0.068016 -0.755549 1.989860
0.077883 -0.788056 1.908510
0.268757 -0.026317 1.964430
0.317391 -0.443725 1.981850
0.328136 -0.758133 2.005880
0.337788 -0.790604 1.924480
0.200085 0.046752 1.972430
0.191467 0.094528 2.025610
0.180929 0.404973 2.062760
0.211808 0.558210 1.968560
0.034903 0.312228 2.040470
-0.029819 0.092929 1.912600
0.090325 0.115199 1.756660
0.120501 0.125712 1.702910
0.359434 0.318175 2.084210
0.465364 0.160076 2.063140
0.372258 0.044287 1.880200
0.338917 0.004666 1.818190
0.139125 -0.022873 1.940700
0.093553 -0.442064 1.962420
0.068037 -0.755614 1.989990
0.077974 -0.788132 1.908670
0.269070 -0.026395 1.965090
0.317439 -0.443826 1.982290
0.328085 -0.758278 2.006060
0.337826 -0.790755 1.924680
0.200418 0.046715 1.972870
0.191738 0.094496 2.025990
0.181220 0.404873 2.062970
0.212606 0.558088 1.968720
0.035305 0.312295 2.040670
-0.028034 0.092961 1.911950
0.087184 0.118138 1.753040
0.134997 0.087030 1.749020
0.359649 0.318066 2.084750
0.465294 0.160264 2.064090
0.371252 0.043741 1.879400
0.338699 0.004480 1.815910
0.139490 -0.022830 1.941090
0.093607 -0.442139 1.962730
0.068062 -0.755676 1.990120
0.078071 -0.788206 1.908830
0.269349 -0.026456 1.965690
0.317512 -0.443967 1.982780
0.328035 -0.758464 2.006280
0.337876 -0.790951 1.924920
0.200727 0.046697 1.973270
0.191985 0.094477 2.026350
0.181489 0.404775 2.063160
0.213611 0.557920 1.968810
0.035735 0.312386 2.040860
-0.026088 0.092962 1.911390
0.090638 0.119018 1.753520
0.132581 0.102537 1.733500
0.359877 0.317989 2.085310
0.465132 0.160396 2.065070
0.370565 0.043297 1.878850
0.338622 0.004243 1.814320
0.139815 -0.022781 1.941410
0.093661 -0.442200 1.963010
0.068084 -0.755733 1.990250
0.078173 -0.788273 1.908990
0.269638 -0.026506 1.966340
0.317592 -0.444105 1.983250
0.327986 -0.758650 2.006490
0.337933 -0.791146 1.925150
0.201000 0.046714 1.973670
0.192199 0.094480 2.026680
0.181731 0.404680 2.063310
0.214795 0.557717 1.968830
0.036165 0.312490 2.041030
-0.024485 0.093022 1.910890
0.098307 0.117790 1.757350
0.141013 0.108177 1.730930
0.360127 0.317932 2.085880
0.464993 0.160495 2.065950
0.370080 0.042947 1.878450
0.338623 0.003973 1.813240
0.140105 -0.022704 1.941730
0.093716 -0.442233 1.963270
0.068101 -0.755771 1.990380
0.078267 -0.788318 1.909140
0.269881 -0.026527 1.966960
0.317677 -0.444250 1.983710
0.327940 -0.758847 2.006700
0.337997 -0.791353 1.925380
0.201249 0.046742 1.974050
0.192389 0.094491 2.026990
0.181967 0.404575 2.063450
0.216177 0.557313 1.968770
0.036575 0.312590 2.041180
-0.023220 0.093077 1.910500
0.123513 0.108419 1.780750
0.171732 0.106900 1.749620
0.360426 0.317881 2.086500
0.464801 0.160486 2.066520
0.369725 0.042633 1.878160
0.338684 0.003628 1.812680
0.140356 -0.022630 1.942000
0.093770 -0.442259 1.963510
0.068114 -0.755806 1.990500
0.078363 -0.788359 1.909290
0.270108 -0.026541 1.967570
0.317763 -0.444373 1.984130
0.327898 -0.759024 2.006920
0.338069 -0.791542 1.925610
0.201482 0.046772 1.974400
0.192562 0.094505 2.027290
0.182193 0.404467 2.063580
0.217389 0.556952 1.968690
0.037003 0.312702 2.041320
-0.023106 0.090487 1.917840
0.133998 0.104236 1.792480
0.184431 0.107471 1.755930
0.360804 0.317832 2.087190
0.464633 0.160432 2.066980
0.369467 0.042326 1.877950
0.338743 0.003186 1.812530
0.140615 -0.022547 1.942310
0.093819 -0.442278 1.963720
0.068126 -0.755838 1.990610
0.078465 -0.788398 1.909440
0.270308 -0.026553 1.968100
0.317850 -0.444500 1.984550
0.327856 -0.759208 2.007130
0.338152 -0.791739 1.925850
0.201695 0.046806 1.974740
0.192717 0.094524 2.027570
0.182396 0.404369 2.063680
0.218514 0.556576 1.968550
0.037431 0.312833 2.041440
-0.022644 0.089883 1.919530
0.139294 0.102097 1.798340
0.191112 0.107451 1.759970
0.361123 0.317786 2.087790
0.464455 0.160352 2.067400
0.368885 0.041755 1.877760
0.338016 0.002291 1.812700
0.140855 -0.022459 1.942590
0.093868 -0.442287 1.963920
0.068141 -0.755863 1.990730
0.078575 -0.788428 1.909590
0.270484 -0.026566 1.968670
0.317942 -0.444625 1.984960
0.327822 -0.759390 2.007340
0.338239 -0.791933 1.926090
0.201892 0.046837 1.975080
0.192866 0.094540 2.027850
0.182634 0.404245 2.063810
0.219625 0.555920 1.968290
0.037832 0.312952 2.041530
-0.022287 0.089561 1.920400
0.141943 0.101001 1.801350
0.194245 0.107644 1.761860
0.361393 0.317708 2.088290
0.464297 0.160241 2.067740
0.368360 0.041144 1.877700
0.337236 0.001267 1.813230
0.141073 -0.022377 1.942860
0.093913 -0.442290 1.964120
0.068139 -0.756301 1.991000
0.078727 -0.788875 1.909870
0.270631 -0.026583 1.969210
0.318027 -0.444744 1.985330
0.327792 -0.759567 2.007540
0.338328 -0.792122 1.926310
0.202110 0.046897 1.975430
0.193034 0.094578 2.028150
0.182921 0.404106 2.063930
0.220571 0.555318 1.968020
0.038198 0.313067 2.041610
-0.021995 0.089369 1.920950
0.143737 0.100229 1.803450
0.196462 0.107691 1.763300
0.361663 0.317631 2.088770
0.464146 0.160104 2.068060
0.367889 0.040552 1.877710
0.336491 0.000295 1.813860
0.141289 -0.022287 1.943110
0.093957 -0.442281 1.964300
0.068135 -0.756754 1.991270
0.078878 -0.789338 1.910150
0.270794 -0.026578 1.969750
0.318110 -0.444871 1.985710
0.327768 -0.759754 2.007750
0.338427 -0.792322 1.926550
0.202309 0.046956 1.975750
0.193189 0.094616 2.028420
0.183196 0.403964 2.064030
0.221394 0.554741 1.967730
0.038518 0.313171 2.041670
-0.021564 0.089680 1.920370
0.144788 0.099711 1.804710
0.197853 0.107526 1.764450
0.361883 0.317546 2.089170
0.464007 0.159956 2.068330
0.367582 0.040065 1.877830
0.336005 -0.000519 1.814720
0.141482 -0.022204 1.943330
0.093997 -0.442268 1.964470
0.068127 -0.757218 1.991530
0.079017 -0.789808 1.910430
0.270951 -0.026579 1.970290
0.318187 -0.444997 1.986080
0.327755 -0.759939 2.007950
0.338530 -0.792520 1.926770
0.202484 0.047016 1.976040
0.193328 0.094654 2.028670
0.183477 0.403815 2.064130
0.222126 0.554145 1.967380
0.038815 0.313274 2.041720
-0.021167 0.090066 1.919610
0.145070 0.099419 1.805210
0.198379 0.107199 1.765220
0.362068 0.317470 2.089500
0.463877 0.159810 2.068560
0.367382 0.039582 1.878050
0.335714 -0.001299 1.815710
0.141648 -0.022121 1.943510
0.094035 -0.442248 1.964630
0.068119 -0.757662 1.991780
0.079145 -0.790255 1.910690
0.271082 -0.026574 1.970760
0.318252 -0.445114 1.986410
0.327743 -0.760118 2.008160
0.338630 -0.792709 1.927000
0.202644 0.047064 1.976300
0.193454 0.094686 2.028900
0.183718 0.403670 2.064210
0.222745 0.553624 1.967030
0.039075 0.313370 2.041760
-0.020796 0.090707 1.918310
0.143983 0.098463 1.803830
0.196998 0.105050 1.764420
0.362224 0.317391 2.089790
0.463756 0.159658 2.068760
0.367281 0.039179 1.878290
0.335601 -0.001898 1.816630
0.141798 -0.022049 1.943670
0.094071 -0.442229 1.964770
0.068108 -0.758061 1.992000
0.079254 -0.790656 1.910910
0.271215 -0.026588 1.971180
0.318305 -0.445216 1.986720
0.327733 -0.760279 2.008350
0.338723 -0.792879 1.927210
0.202784 0.047108 1.976530
0.193565 0.094715 2.029090
0.183934 0.403531 2.064270
0.223261 0.553213 1.966740
0.039304 0.313462 2.041790
-0.020440 0.091314 1.917050
0.142890 0.097899 1.802380
0.195749 0.103529 1.763660
0.362350 0.317316 2.090030
0.463646 0.159511 2.068920
0.396741 0.045302 1.900320
0.374881 0.007247 1.847360
0.141930 -0.021985 1.943810
0.094103 -0.442209 1.964900
0.068096 -0.758417 1.992190
0.079348 -0.791011 1.911110
0.271332 -0.026602 1.971560
0.318350 -0.445307 1.987010
0.327726 -0.760428 2.008530
0.338809 -0.793034 1.927410
0.202909 0.047147 1.976730
0.193663 0.094743 2.029270
0.184129 0.403394 2.064300
0.223675 0.552880 1.966490
0.039509 0.313550 2.041810
-0.022027 0.096336 1.908680
0.140598 0.098502 1.797830
0.194952 0.102773 1.762620
0.362453 0.317248 2.090230
0.463527 0.159354 2.069100
0.396884 0.045418 1.901260
0.373328 0.007527 1.848060
0.142047 -0.021927 1.943930
0.094133 -0.442189 1.965020
0.068082 -0.758738 1.992370
0.079429 -0.791331 1.911290
0.271440 -0.026614 1.971890
0.318382 -0.445388 1.987260
0.327719 -0.760563 2.008690
0.338887 -0.793174 1.927580
0.203018 0.047191 1.976910
0.193748 0.094773 2.029430
0.184292 0.403269 2.064320
0.223994 0.552636 1.966300
0.039687 0.313635 2.041830
-0.022155 0.097528 1.906550
0.137180 0.099994 1.792560
0.192607 0.102863 1.759860
0.362542 0.317187 2.090410
0.463339 0.159145 2.069190
0.393879 0.045135 1.899860
0.367994 0.007360 1.845640
0.142146 -0.021871 1.944010
0.094162 -0.442164 1.965120
0.068069 -0.759019 1.992520
0.079500 -0.791611 1.911440
0.271540 -0.026621 1.972190
0.318406 -0.445461 1.987490
0.327715 -0.760688 2.008840
0.338961 -0.793303 1.927740
0.203115 0.047253 1.977070
0.193821 0.094816 2.029570
0.184423 0.403162 2.064330
0.224243 0.552446 1.966130
0.039828 0.313708 2.041840
-0.022283 0.098407 1.904970
0.136471 0.100246 1.791380
0.192148 0.102648 1.759480
0.362627 0.317131 2.090580
0.463180 0.158960 2.069280
0.389251 0.044319 1.897290
0.361060 0.006353 1.841790
0.142230 -0.021809 1.944080
0.094189 -0.442127 1.965220
0.068056 -0.759279 1.992670
0.079564 -0.791869 1.911590
0.271634 -0.026620 1.972460
0.318418 -0.445521 1.987690
0.327713 -0.760795 2.008970
0.339030 -0.793413 1.927880
0.203201 0.047312 1.977210
0.193885 0.094857 2.029690
0.184517 0.403075 2.064320
0.224434 0.552308 1.966000
0.039942 0.313780 2.041850
-0.022230 0.098828 1.904170
0.135984 0.100500 1.790710
0.191730 0.102553 1.759290
0.362699 0.317081 2.090720
0.463030 0.158784 2.069350
0.385021 0.043812 1.894650
0.355463 0.005837 1.838200
0.142312 -0.021748 1.944150
0.094215 -0.442093 1.965310
0.068044 -0.759506 1.992800
0.079619 -0.792094 1.911720
0.271717 -0.026617 1.972680
0.318426 -0.445570 1.987870
0.327712 -0.760889 2.009080
0.339091 -0.793510 1.928000
0.203263 0.047353 1.977320
0.193928 0.094887 2.029790
0.184575 0.402995 2.064310
0.224576 0.552196 1.965900
0.040026 0.313846 2.041850
-0.023322 0.100453 1.901770
0.134984 0.101359 1.789400
0.191004 0.102704 1.758650
0.362752 0.317041 2.090840
0.462742 0.158522 2.069280
0.381759 0.043362 1.892400
0.351799 0.005443 1.835660
0.142368 -0.021705 1.944210
0.094237 -0.442070 1.965390
0.068029 -0.759667 1.992890
0.079655 -0.792252 1.911810
0.271782 -0.026620 1.972850
0.318430 -0.445613 1.988020
0.327718 -0.760973 2.009170
0.339154 -0.793597 1.928100
