0.269230 -0.409936 2.395790
0.263510 -0.357262 2.440940
0.257703 -0.059325 2.443290
0.253091 0.147670 2.434790
0.093920 -0.169169 2.410530
0.064893 -0.395879 2.307010
0.099686 -0.554204 2.191530
0.083720 -0.615151 2.180850
0.422049 -0.177864 2.435720
0.464646 -0.401882 2.394420
0.427856 -0.536002 2.139210
0.391568 -0.667057 1.949670
0.192437 -0.488781 2.377030
0.105500 -0.652524 2.086990
0.147950 -0.891969 2.140010
0.147785 -0.920528 2.079300
0.351538 -0.478211 2.390440
0.423449 -0.641898 2.096300
0.371112 -0.910090 2.146890
0.377089 -0.943755 2.066000
0.269760 -0.410526 2.395580
0.263972 -0.357795 2.440780
0.257749 -0.059393 2.443130
0.253191 0.147777 2.435630
0.094034 -0.169218 2.410360
0.065870 -0.396883 2.307920
0.099962 -0.555085 2.191980
0.086444 -0.615581 2.181030
0.422024 -0.177873 2.435580
0.463313 -0.402587 2.396060
0.427774 -0.538396 2.148070
0.392743 -0.664602 1.965150
0.193028 -0.489025 2.376690
0.106319 -0.652950 2.086880
0.150665 -0.887745 2.130420
0.112009 -0.840652 2.070300
0.352035 -0.478756 2.390420
0.422789 -0.642548 2.096340
0.370829 -0.910364 2.146770
0.376901 -0.943926 2.065880
0.270205 -0.411013 2.395400
0.264372 -0.358259 2.440650
0.257782 -0.059443 2.443020
0.253289 0.147819 2.437200
0.094163 -0.169252 2.410260
0.066468 -0.397518 2.308920
0.100172 -0.555397 2.192390
0.088727 -0.615460 2.181040
0.422006 -0.177883 2.435480
0.462278 -0.403157 2.397340
0.428313 -0.540413 2.155490
0.394213 -0.662510 1.978600
0.193520 -0.489209 2.376410
0.107013 -0.653202 2.086770
0.152062 -0.884650 2.123090
0.106155 -0.826238 2.068420
0.352470 -0.479229 2.390390
0.422218 -0.643110 2.096400
0.370414 -0.910689 2.146650
0.376591 -0.944142 2.065750
0.270559 -0.411394 2.395280
0.264704 -0.358646 2.440580
0.257797 -0.059441 2.443050
0.253599 0.148242 2.440120
0.094278 -0.169259 2.410270
0.066699 -0.397707 2.310200
0.100035 -0.555120 2.192940
0.090290 -0.615081 2.181110
0.421982 -0.177905 2.435430
0.461498 -0.403564 2.398280
0.429498 -0.537236 2.157890
0.398478 -0.645775 1.992390
0.193918 -0.489340 2.376180
0.107588 -0.653299 2.086670
0.152525 -0.882370 2.117130
0.096214 -0.804950 2.065690
0.352831 -0.479617 2.390380
0.421729 -0.643570 2.096460
0.369972 -0.911022 2.146540
0.376234 -0.944369 2.065630
0.270824 -0.411687 2.395200
0.264959 -0.358970 2.440560
0.257715 -0.059357 2.443370
0.253378 0.148811 2.444580
0.094389 -0.169255 2.410370
0.066661 -0.397658 2.311490
0.099853 -0.554518 2.193490
0.091559 -0.614462 2.181140
0.421931 -0.177943 2.435420
0.460912 -0.403863 2.398970
0.430059 -0.537340 2.161010
0.399546 -0.642798 1.999060
0.194229 -0.489431 2.376000
0.108060 -0.653283 2.086590
0.152597 -0.880777 2.112860
0.091912 -0.795625 2.064480
0.353105 -0.479920 2.390370
0.421392 -0.643762 2.096460
0.369674 -0.911178 2.146380
0.375980 -0.944452 2.065450
0.271022 -0.411914 2.395150
0.265166 -0.359247 2.440580
0.257557 -0.059124 2.444060
0.252957 0.149305 2.449310
0.094499 -0.169242 2.410700
0.066422 -0.397408 2.312800
0.099507 -0.553820 2.194200
0.092452 -0.613862 2.181270
0.421840 -0.177986 2.435470
0.460454 -0.404028 2.399460
0.430790 -0.535642 2.162360
0.400997 -0.636976 2.004230
0.194469 -0.489492 2.375870
0.108459 -0.653182 2.086520
0.151157 -0.889322 2.123280
0.125100 -0.877168 2.068440
0.353307 -0.480157 2.390380
0.421055 -0.643720 2.096390
0.369445 -0.911219 2.146140
0.375754 -0.944413 2.065160
0.271166 -0.412084 2.395140
0.265330 -0.359477 2.440650
0.257283 -0.058809 2.445050
0.252188 0.149765 2.454490
0.094499 -0.169242 2.411350
0.066067 -0.397073 2.314020
0.099010 -0.553179 2.195100
0.093051 -0.613346 2.181490
0.421696 -0.178046 2.435600
0.460086 -0.404138 2.399820
0.431132 -0.535236 2.163620
0.401601 -0.634851 2.007350
0.194648 -0.489534 2.375770
0.108799 -0.653032 2.086490
0.149991 -0.896053 2.131840
0.145316 -0.926969 2.071210
0.353456 -0.480332 2.390410
0.420641 -0.643226 2.096200
0.369252 -0.911089 2.145710
0.375534 -0.944169 2.064630
0.271264 -0.412223 2.395150
0.265444 -0.359686 2.440780
0.256877 -0.058408 2.446310
0.251403 0.150089 2.458710
0.094350 -0.169264 2.412400
0.065608 -0.396667 2.315190
0.098350 -0.552604 2.196260
0.093423 -0.612867 2.181820
0.421417 -0.178162 2.435910
0.459762 -0.404208 2.400090
0.431359 -0.535015 2.164590
0.401986 -0.633478 2.009650
0.194770 -0.489565 2.375710
0.109100 -0.652851 2.086490
0.153502 -0.899161 2.142090
0.158833 -0.945482 2.075100
0.353560 -0.480474 2.390440
0.420165 -0.642202 2.095870
0.369078 -0.910725 2.145010
0.375308 -0.943665 2.063810
0.271295 -0.412341 2.395230
0.265474 -0.359878 2.441000
0.256335 -0.057955 2.447820
0.250567 0.150222 2.461980
0.094072 -0.169335 2.413770
0.065134 -0.396284 2.316250
0.097633 -0.552164 2.197530
0.093625 -0.612430 2.182230
0.420978 -0.178309 2.436490
0.459439 -0.404264 2.400290
0.431501 -0.534916 2.165330
0.402216 -0.632682 2.011370
0.194849 -0.489583 2.375660
0.109361 -0.652674 2.086540
0.156768 -0.901123 2.149830
0.167054 -0.955979 2.077520
0.353596 -0.480596 2.390530
0.419597 -0.640689 2.095530
0.368871 -0.910120 2.144040
0.375034 -0.942907 2.062720
0.271273 -0.412433 2.395370
0.265432 -0.360059 2.441320
0.255549 -0.057533 2.449640
0.249721 0.150242 2.464640
0.093702 -0.169446 2.415230
0.064660 -0.395974 2.317180
0.096941 -0.551846 2.198660
0.093694 -0.612038 2.182660
0.420432 -0.178479 2.437300
0.459098 -0.404310 2.400450
0.431414 -0.535267 2.166210
0.401970 -0.633134 2.012930
0.194901 -0.489588 2.375640
0.109590 -0.652496 2.086610
0.159448 -0.902316 2.155560
0.173024 -0.962042 2.079540
0.353593 -0.480692 2.390650
0.419027 -0.639017 2.095240
0.368602 -0.909370 2.143010
0.374702 -0.942003 2.061580
0.271163 -0.412531 2.395640
0.265292 -0.360250 2.441810
0.254796 -0.057175 2.451350
0.249071 0.150223 2.466560
0.093321 -0.169590 2.416570
0.064160 -0.395697 2.318080
0.096259 -0.551637 2.199880
0.093650 -0.611676 2.183200
0.419816 -0.178694 2.438250
0.458737 -0.404399 2.400590
0.430704 -0.533771 2.165940
0.401053 -0.629808 2.015030
0.194909 -0.489580 2.375650
0.109821 -0.652286 2.086740
0.161489 -0.903067 2.159630
0.177462 -0.964275 2.081380
0.353500 -0.480800 2.390910
0.418471 -0.637305 2.095100
0.368349 -0.908565 2.141930
0.374401 -0.941068 2.060400
0.270911 -0.412635 2.396130
0.265022 -0.360443 2.442520
0.254087 -0.056867 2.452920
0.248510 0.150160 2.468030
0.092882 -0.169770 2.417950
0.063622 -0.395432 2.319050
0.095437 -0.551566 2.201400
0.093430 -0.611348 2.183970
0.419177 -0.178915 2.439280
0.458344 -0.404506 2.400730
0.429933 -0.532254 2.165510
0.400127 -0.626708 2.016670
0.194821 -0.489553 2.375760
0.110067 -0.652030 2.086940
0.162163 -0.903946 2.161880
0.178718 -0.965248 2.081970
0.353252 -0.480938 2.391420
0.417932 -0.635599 2.095180
0.368093 -0.907760 2.140770
0.374099 -0.940159 2.059160
0.270615 -0.412746 2.396740
0.264719 -0.360622 2.443300
0.253490 -0.056626 2.454200
0.248013 0.150038 2.469140
0.092469 -0.169943 2.419190
0.063114 -0.395215 2.320030
0.094660 -0.551541 2.202810
0.093117 -0.611047 2.184810
0.418592 -0.179118 2.440290
0.457915 -0.404655 2.400910
0.429201 -0.530844 2.165050
0.399275 -0.623918 2.017940
0.194685 -0.489524 2.375970
0.110337 -0.651736 2.087220
0.162876 -0.904478 2.163600
0.179647 -0.963286 2.082670
0.352959 -0.481097 2.392100
0.417399 -0.633915 2.095360
0.367909 -0.906951 2.139610
0.373876 -0.939273 2.057950
0.270271 -0.412888 2.397430
0.264378 -0.360805 2.444130
0.252950 -0.056429 2.455240
0.247615 0.149925 2.469970
0.092109 -0.170115 2.420290
0.062602 -0.395014 2.321010
0.094061 -0.551455 2.203940
0.092803 -0.610727 2.185590
0.418038 -0.179303 2.441230
0.457492 -0.404815 2.401090
0.428565 -0.529650 2.164620
0.398545 -0.621617 2.018870
0.194496 -0.489510 2.376280
0.110614 -0.651397 2.087550
0.163469 -0.904825 2.164890
0.179900 -0.959797 2.083240
0.352616 -0.481289 2.392880
0.416879 -0.632688 2.095650
0.367758 -0.906406 2.138670
0.373695 -0.938677 2.056980
0.269897 -0.413037 2.398160
0.264011 -0.360981 2.444950
0.252486 -0.056293 2.456070
0.247226 0.149784 2.470610
0.091782 -0.170273 2.421200
0.062058 -0.394787 2.321970
0.093599 -0.551313 2.204920
0.092500 -0.610375 2.186380
0.417474 -0.179467 2.442130
0.457059 -0.404970 2.401290
0.428019 -0.528655 2.164260
0.397932 -0.619770 2.019520
0.194257 -0.489506 2.376660
0.110898 -0.651040 2.087920
0.163649 -0.905242 2.165660
0.178441 -0.956894 2.082910
0.352240 -0.481484 2.393710
0.416390 -0.631528 2.095980
0.367646 -0.905868 2.137740
0.373564 -0.938104 2.056030
0.269524 -0.413190 2.398830
0.263646 -0.361138 2.445670
0.252036 -0.056207 2.456640
0.246881 0.149638 2.471070
0.091484 -0.170419 2.421910
0.061572 -0.394605 2.322800
0.093236 -0.551193 2.205700
0.092213 -0.610057 2.187090
0.416948 -0.179602 2.442890
0.456638 -0.405139 2.401510
0.427574 -0.527846 2.163970
0.397429 -0.618280 2.019980
0.193994 -0.489519 2.377060
0.111185 -0.650700 2.088270
0.164080 -0.905314 2.166410
0.178034 -0.952838 2.083460
0.351863 -0.481682 2.394500
0.415818 -0.630842 2.096390
0.367566 -0.905637 2.137130
0.373473 -0.937851 2.055410
0.269183 -0.413348 2.399430
0.263302 -0.361274 2.446300
0.251601 -0.056163 2.456980
0.246541 0.149455 2.471350
0.091257 -0.170550 2.422350
0.061158 -0.394512 2.323460
0.092923 -0.551133 2.206290
0.091924 -0.609813 2.187680
0.416486 -0.179714 2.443500
0.456169 -0.405388 2.401810
0.427170 -0.527145 2.163730
0.396972 -0.617000 2.020240
0.193731 -0.489564 2.377490
0.111470 -0.650374 2.088630
0.164632 -0.905167 2.167050
0.177902 -0.948981 2.084100
0.351524 -0.481879 2.395230
0.415250 -0.630258 2.096790
0.367470 -0.905398 2.136800
0.373380 -0.937604 2.055070
0.268896 -0.413502 2.399960
0.262971 -0.361387 2.446830
0.251003 -0.056274 2.456930
0.245944 0.148786 2.470840
0.090930 -0.170807 2.422370
0.060811 -0.394552 2.323890
0.092722 -0.551168 2.206680
0.091726 -0.609699 2.188100
0.416119 -0.179841 2.443910
0.455744 -0.405643 2.402120
0.425552 -0.533073 2.167530
0.394060 -0.628222 2.019620
0.193495 -0.489647 2.377920
0.111752 -0.650085 2.088980
0.165275 -0.904948 2.167490
0.178078 -0.945913 2.084510
0.351272 -0.482084 2.395900
0.414588 -0.629459 2.097070
0.367415 -0.904994 2.136470
0.373371 -0.937214 2.054760
0.268672 -0.413648 2.400390
0.262693 -0.361458 2.447220
0.249976 -0.056680 2.455320
0.244987 0.147630 2.468710
0.090512 -0.171325 2.421360
0.060486 -0.394627 2.324200
0.092506 -0.551265 2.206990
0.091504 -0.609639 2.188460
0.415752 -0.179958 2.444100
0.455376 -0.405871 2.402400
0.423909 -0.531508 2.167040
0.392030 -0.626660 2.018750
0.193312 -0.489753 2.378340
0.112040 -0.649739 2.089310
0.165521 -0.904874 2.167750
0.177763 -0.943723 2.084680
0.351085 -0.482269 2.396470
0.413825 -0.628550 2.097250
0.367398 -0.904498 2.136140
0.373441 -0.936769 2.054450
0.268500 -0.413769 2.400700
0.262477 -0.361486 2.447470
0.248891 -0.057582 2.450940
0.244121 0.146271 2.464010
0.089913 -0.171842 2.418520
0.060069 -0.394734 2.324320
0.092315 -0.551403 2.207200
0.091303 -0.609619 2.188740
0.415376 -0.180057 2.443860
0.455050 -0.406095 2.402630
0.422555 -0.529866 2.166310
0.390295 -0.624707 2.017750
0.193156 -0.489858 2.378720
0.112286 -0.649366 2.089600
0.165629 -0.904784 2.167850
0.177291 -0.942058 2.084690
0.350946 -0.482431 2.396950
0.413085 -0.627773 2.097390
0.367390 -0.904061 2.135850
0.373531 -0.936411 2.054220
0.268389 -0.413864 2.400880
0.262235 -0.361475 2.447470
0.247580 -0.058884 2.442400
0.244208 0.144130 2.450950
0.088964 -0.172651 2.409930
0.059230 -0.395070 2.323720
0.092119 -0.551826 2.207230
0.091121 -0.609703 2.188930
0.415005 -0.180397 2.441740
0.454718 -0.406412 2.402660
0.421365 -0.528521 2.165080
0.388840 -0.622753 2.016800
0.193036 -0.489963 2.379000
0.112384 -0.649087 2.089850
0.165695 -0.904705 2.167850
0.177004 -0.940906 2.084660
0.350878 -0.482589 2.397290
0.412179 -0.627145 2.097390
0.367424 -0.903714 2.135670
0.373710 -0.936128 2.054080
0.268308 -0.413936 2.400910
0.261786 -0.361163 2.446460
0.246453 -0.060248 2.429530
0.245951 0.143492 2.434420
0.088005 -0.173418 2.393050
0.057836 -0.396540 2.320850
0.092297 -0.553608 2.206370
0.091037 -0.610299 2.188820
0.415077 -0.180351 2.436570
0.454443 -0.406664 2.402140
0.420261 -0.527372 2.163160
0.387562 -0.621227 2.015710
0.192952 -0.490038 2.379180
0.112417 -0.648881 2.090040
0.165599 -0.904737 2.167490
0.176765 -0.940168 2.084500
0.350855 -0.482705 2.397530
0.410747 -0.627032 2.097450
0.367442 -0.903565 2.135580
0.374043 -0.936104 2.054130
0.268245 -0.413986 2.400210
0.261169 -0.360066 2.442060
0.246217 -0.061397 2.409190
0.246734 0.143152 2.408190
0.086898 -0.174369 2.368470
0.055606 -0.398161 2.313900
0.092004 -0.557044 2.205570
0.090696 -0.611866 2.188710
0.415418 -0.178666 2.420300
0.454348 -0.407256 2.399720
0.419107 -0.526634 2.159500
0.386446 -0.619846 2.014640
0.192886 -0.490100 2.379270
0.112414 -0.648735 2.090160
0.165375 -0.904818 2.166950
0.176482 -0.939698 2.084270
0.350858 -0.482794 2.397650
0.409232 -0.627103 2.097250
0.367437 -0.903450 2.135530
0.374292 -0.936147 2.054240
0.268273 -0.414076 2.398040
0.260873 -0.358441 2.432560
0.247595 -0.064100 2.384390
0.250074 0.142481 2.374810
0.086917 -0.174968 2.348810
0.052960 -0.399605 2.304350
0.091285 -0.561088 2.204260
0.090086 -0.614074 2.188260
0.416438 -0.177049 2.401820
0.454648 -0.407787 2.395360
0.417634 -0.534991 2.158060
0.382917 -0.632271 2.011900
0.192811 -0.490208 2.379210
0.112363 -0.648650 2.090200
0.165180 -0.904877 2.166500
0.176250 -0.939418 2.084110
0.350963 -0.482928 2.397530
0.407595 -0.627357 2.096660
0.367288 -0.903274 2.135670
0.374402 -0.936211 2.054570
0.268505 -0.414058 2.393330
0.260874 -0.356591 2.418640
0.247769 -0.065966 2.363660
0.252383 0.140993 2.347010
0.087041 -0.175241 2.325660
0.050691 -0.400703 2.294420
0.091318 -0.564514 2.201810
0.089864 -0.616249 2.187060
0.418149 -0.175468 2.380790
0.455349 -0.408099 2.388940
0.416654 -0.541933 2.155830
0.380440 -0.641663 2.009960
0.192763 -0.490405 2.378620
0.112094 -0.648707 2.090040
0.165004 -0.904921 2.166140
0.176083 -0.939262 2.084010
0.351372 -0.483123 2.396520
0.405405 -0.628116 2.095160
0.366854 -0.902975 2.136200
0.374384 -0.936319 2.055350
0.269445 -0.413445 2.385460
0.261971 -0.354003 2.401630
0.248774 -0.066763 2.338540
0.254239 0.140740 2.324800
0.089535 -0.174650 2.297040
0.049424 -0.401539 2.283910
0.089991 -0.568566 2.197170
0.088815 -0.619196 2.184370
0.420768 -0.171720 2.353760
0.456800 -0.407980 2.380640
0.415130 -0.540935 2.147310
0.378652 -0.640908 2.007600
0.193125 -0.490435 2.376540
0.111498 -0.649053 2.089500
0.164804 -0.904995 2.165800
0.175906 -0.939355 2.083940
0.352280 -0.483152 2.394120
0.403113 -0.628477 2.092400
0.366449 -0.902171 2.136920
0.374502 -0.936139 2.056350
0.270991 -0.411526 2.374400
0.263982 -0.350619 2.383610
0.251037 -0.066551 2.316130
0.259059 0.138775 2.295510
0.091476 -0.173140 2.277950
0.048658 -0.400230 2.266270
0.089317 -0.571835 2.191950
0.088083 -0.622054 2.180870
0.423830 -0.167537 2.331930
0.458907 -0.405983 2.366790
0.413770 -0.539591 2.135970
0.377304 -0.639171 2.005470
0.194008 -0.489798 2.372280
0.110593 -0.649912 2.088500
0.164139 -0.905178 2.165670
0.175070 -0.940007 2.084320
0.353841 -0.482335 2.388890
0.401138 -0.629283 2.088540
0.365755 -0.901033 2.138110
0.374356 -0.935856 2.057890
0.272520 -0.407359 2.360340
0.265978 -0.345611 2.364990
0.253317 -0.063355 2.294680
0.262626 0.140104 2.274260
0.093717 -0.168850 2.257230
0.048864 -0.398136 2.248820
0.089100 -0.574317 2.188990
0.087673 -0.624630 2.178340
0.426907 -0.161306 2.307040
0.460204 -0.400153 2.342570
0.414079 -0.545479 2.126560
0.376899 -0.641972 2.003800
0.195410 -0.487256 2.364380
0.109428 -0.651385 2.086840
0.162790 -0.905569 2.165890
0.173336 -0.941332 2.085360
0.355548 -0.478843 2.378760
0.399593 -0.630621 2.083370
0.364587 -0.899503 2.139870
0.373729 -0.935412 2.060090
0.273998 -0.399835 2.341150
0.267969 -0.338321 2.343780
0.255093 -0.057439 2.275010
0.265569 0.145297 2.253320
0.096597 -0.161769 2.239330
0.049763 -0.394915 2.233370
0.089674 -0.575731 2.186480
0.087894 -0.626392 2.176060
0.428240 -0.153544 2.284220
0.460451 -0.392881 2.317420
0.414611 -0.542227 2.101930
0.377674 -0.637629 1.999420
0.198414 -0.478723 2.346470
0.106856 -0.651242 2.080700
0.161019 -0.904898 2.165200
0.171659 -0.941487 2.085330
0.356471 -0.470876 2.360820
0.398373 -0.635534 2.077510
0.362032 -0.898937 2.143470
0.371363 -0.936232 2.064710
0.276779 -0.386084 2.319390
0.271278 -0.324913 2.320300
0.258214 -0.041876 2.248930
0.269329 0.157270 2.231420
0.099259 -0.149899 2.223310
0.051699 -0.389550 2.219260
0.090410 -0.575705 2.183520
0.088161 -0.627238 2.173550
0.430927 -0.142298 2.265470
0.461745 -0.381539 2.295860
0.415133 -0.539283 2.087410
0.378543 -0.633492 1.995510
0.202358 -0.465886 2.327040
0.104126 -0.650215 2.074720
0.159621 -0.904242 2.163810
0.170355 -0.941708 2.084750
0.358657 -0.457063 2.340360
0.397724 -0.639641 2.072870
0.358752 -0.899206 2.146580
0.367987 -0.938011 2.068850
0.280048 -0.363034 2.296690
0.274271 -0.310052 2.301220
0.259671 -0.036594 2.237350
0.272183 0.173662 2.211390
0.101756 -0.123673 2.206260
0.058182 -0.362166 2.191930
0.092178 -0.557940 2.173520
0.088786 -0.620297 2.167060
0.435213 -0.120450 2.247290
0.461500 -0.354727 2.267630
0.416099 -0.537115 2.079280
0.379568 -0.633707 1.990190
0.207468 -0.443483 2.304990
0.103303 -0.649937 2.072300
0.158897 -0.907796 2.157130
0.169367 -0.946652 2.078800
0.361432 -0.431361 2.315410
0.397514 -0.641696 2.070260
0.354856 -0.900516 2.148530
0.363990 -0.940504 2.071390
0.282139 -0.344641 2.281550
0.277031 -0.293556 2.285080
0.260966 -0.032647 2.229290
0.273566 0.183072 2.200320
0.103360 -0.102955 2.195320
0.062381 -0.342640 2.175230
0.091412 -0.530443 2.135030
0.088154 -0.597764 2.132440
0.438268 -0.095880 2.230500
0.461422 -0.331196 2.247510
0.417531 -0.532878 2.072810
0.380785 -0.634513 1.984430
0.210765 -0.424495 2.289510
0.102938 -0.649471 2.070730
0.158371 -0.911421 2.151340
0.168297 -0.951417 2.073450
0.362745 -0.412139 2.298540
0.397483 -0.642628 2.068110
0.351875 -0.901884 2.148780
0.360667 -0.942799 2.071910
0.284821 -0.317721 2.263930
0.280608 -0.268398 2.266680
0.264524 -0.022760 2.219870
0.275675 0.198323 2.189710
0.105447 -0.075416 2.185040
0.066837 -0.317168 2.160870
0.095572 -0.505677 2.120900
0.090887 -0.578544 2.117770
0.440471 -0.067608 2.217650
0.461921 -0.307722 2.230850
0.419530 -0.524475 2.067580
0.381850 -0.635152 1.979240
0.214371 -0.396539 2.270790
0.102927 -0.648697 2.068990
0.157756 -0.914408 2.145930
0.167259 -0.955161 2.068400
0.363834 -0.384850 2.277840
0.397817 -0.642288 2.066510
0.349975 -0.905479 2.145810
0.358594 -0.947113 2.069030
0.286203 -0.292352 2.250200
0.282681 -0.242676 2.251790
0.268583 -0.002198 2.210030
0.276471 0.222376 2.182340
0.108070 -0.042524 2.177650
0.069582 -0.289016 2.148020
0.117847 -0.469573 2.111860
0.107572 -0.546091 2.104600
0.441959 -0.040301 2.209200
0.464521 -0.278167 2.215220
0.421950 -0.504412 2.062870
0.394628 -0.567182 2.006550
0.216583 -0.368276 2.254250
0.103199 -0.647880 2.067460
0.156988 -0.916935 2.140500
0.166078 -0.958178 2.063220
0.363889 -0.362075 2.263320
0.399538 -0.636643 2.064920
0.349921 -0.915164 2.129440
0.357555 -0.951883 2.058790
0.287317 -0.260719 2.237270
0.284380 -0.209304 2.237660
0.272845 0.037146 2.198650
0.275403 0.263452 2.176930
0.110190 -0.010994 2.172550
0.073038 -0.249334 2.136710
0.126418 -0.448606 2.105390
0.119795 -0.514470 2.093660
0.443908 -0.000627 2.200950
0.466974 -0.250075 2.202390
0.392101 -0.437883 2.131010
0.375055 -0.479297 2.085440
0.217691 -0.339528 2.240910
0.104163 -0.643483 2.063660
0.143689 -0.921604 2.103010
0.151444 -0.963155 2.025610
0.364242 -0.330234 2.248300
0.400876 -0.623785 2.067550
0.353563 -0.920563 2.107150
0.361129 -0.958462 2.033400
0.288121 -0.223698 2.227450
0.285556 -0.171956 2.227210
0.275666 0.078481 2.190770
0.276324 0.305371 2.175360
0.112588 0.032318 2.170560
0.073788 -0.201117 2.127390
0.127339 -0.393569 2.083340
0.123042 -0.457332 2.069530
0.444835 0.039035 2.196550
0.470645 -0.218867 2.191130
0.393182 -0.393876 2.154310
0.374847 -0.423780 2.123030
0.218304 -0.300419 2.229900
0.118888 -0.599920 2.060960
0.128782 -0.911736 2.079250
0.135383 -0.953007 2.001590
0.364498 -0.294869 2.237320
0.398651 -0.598160 2.069050
0.362689 -0.916507 2.085020
0.370009 -0.954974 2.009510
0.286877 -0.183647 2.219830
0.284780 -0.132365 2.219470
0.276732 0.121386 2.186760
0.278829 0.348327 2.177570
0.112779 0.067741 2.171060
0.073950 -0.170963 2.123380
0.122425 -0.350249 2.064160
0.121939 -0.421507 2.053510
0.445750 0.072484 2.194080
0.475594 -0.178249 2.183140
0.408760 -0.351330 2.171090
0.383118 -0.388829 2.140070
0.216438 -0.262760 2.222350
0.134139 -0.562986 2.063180
0.120007 -0.899465 2.064650
0.125646 -0.940067 1.986700
0.363007 -0.256775 2.227870
0.395206 -0.581188 2.071980
0.373681 -0.905033 2.061200
0.380272 -0.943968 1.984330
0.285293 -0.150824 2.214770
0.283455 -0.099949 2.214440
0.276317 0.153470 2.185440
0.278938 0.379898 2.179370
0.112341 0.099774 2.173040
0.074922 -0.140938 2.119770
0.121750 -0.318673 2.056570
0.122009 -0.391283 2.044650
0.445966 0.107579 2.193390
0.479554 -0.146813 2.178310
0.422259 -0.321812 2.176150
0.392076 -0.362500 2.147800
0.214488 -0.229790 2.216990
0.143924 -0.539679 2.065000
0.118793 -0.817104 2.051350
0.123534 -0.856484 1.973290
0.360986 -0.222275 2.220800
0.391994 -0.569502 2.074480
0.380134 -0.887914 2.044710
0.385949 -0.927104 1.966940
0.284720 -0.117176 2.210970
0.283027 -0.065736 2.210450
0.276385 0.191096 2.184090
0.275088 0.419985 2.186250
0.114925 0.136495 2.174550
0.077411 -0.111449 2.116290
0.129928 -0.281759 2.045120
0.127256 -0.357017 2.033660
0.446560 0.140639 2.192510
0.486213 -0.107938 2.175520
0.438088 -0.282416 2.153930
0.407490 -0.326443 2.130330
0.214159 -0.192310 2.213080
0.150567 -0.521770 2.067150
0.123433 -0.771120 2.052550
0.127445 -0.810325 1.974240
0.359725 -0.189142 2.215740
0.388821 -0.555433 2.076290
0.384428 -0.817806 2.036480
0.362565 -0.865597 2.039180
0.285414 -0.079751 2.207410
0.284053 -0.027743 2.206960
0.279143 0.232576 2.184530
0.275676 0.461675 2.192820
0.120979 0.180274 2.176780
0.081893 -0.079298 2.113340
0.135048 -0.249904 2.037000
0.159677 -0.312276 2.011750
0.450337 0.176536 2.194200
0.492858 -0.071730 2.172820
0.449051 -0.248346 2.138960
0.418779 -0.296433 2.117120
0.214431 -0.152878 2.209530
0.153782 -0.512329 2.068340
0.127871 -0.753192 2.058770
0.131852 -0.792023 1.980430
0.359713 -0.154614 2.210620
0.381914 -0.520560 2.086760
0.384326 -0.763411 2.039560
0.375167 -0.812932 2.001440
0.286846 -0.052250 2.204640
0.285542 -0.000584 2.204360
0.280843 0.258403 2.185250
0.276935 0.487674 2.197070
0.123754 0.206086 2.177840
0.084487 -0.054789 2.110840
0.138179 -0.228402 2.028650
0.174908 -0.285909 1.995650
0.452672 0.202326 2.195130
0.497961 -0.046249 2.170500
0.457981 -0.221714 2.122590
0.429835 -0.272975 2.105990
0.215893 -0.124238 2.206150
0.155234 -0.504735 2.071860
0.134724 -0.751868 2.075200
0.138721 -0.790122 1.996410
0.360822 -0.127810 2.206750
0.379043 -0.502647 2.092920
0.382931 -0.742053 2.043510
0.377356 -0.786541 1.993290
0.288632 -0.028834 2.202120
0.287475 0.023128 2.202150
0.283483 0.284623 2.187590
0.280691 0.514899 2.203960
0.126255 0.232176 2.178980
0.085890 -0.026455 2.109890
0.136760 -0.201240 2.014500
0.175415 -0.253070 1.972510
0.455790 0.234710 2.196230
0.502492 -0.018696 2.168060
0.463373 -0.197411 2.112210
0.438517 -0.249191 2.096520
0.217644 -0.098783 2.202410
0.156352 -0.498231 2.079130
0.141666 -0.759000 2.094860
0.145560 -0.795996 2.015280
0.362249 -0.106667 2.203380
0.377212 -0.486230 2.099810
0.374071 -0.743102 2.068600
0.376510 -0.777874 1.994870
0.290367 -0.010180 2.199370
0.289181 0.041672 2.200000
0.285056 0.303439 2.189590
0.282762 0.533779 2.208360
0.128089 0.252972 2.180090
0.084173 -0.001774 2.109980
0.131354 -0.175804 2.002680
0.169831 -0.231771 1.959310
0.457956 0.254611 2.197070
0.506397 0.000102 2.166430
0.465671 -0.174652 2.098090
0.436491 -0.228784 2.067390
0.219274 -0.079673 2.198420
0.157557 -0.494431 2.088470
0.147774 -0.771934 2.111950
0.151714 -0.808093 2.031970
0.364122 -0.088612 2.199590
0.376212 -0.477670 2.103790
0.372288 -0.737031 2.080000
0.376965 -0.768888 1.996880
0.291850 0.002742 2.196920
0.290498 0.053753 2.198400
0.286005 0.313943 2.190610
0.284727 0.544978 2.212590
0.129631 0.273005 2.181780
0.082475 0.020423 2.111740
0.123693 -0.154747 1.993370
0.157932 -0.212626 1.948070
0.460877 0.270982 2.198140
0.514314 0.029129 2.163770
0.468356 -0.158030 2.085220
0.437556 -0.216595 2.050430
0.220557 -0.067753 2.195110
0.160166 -0.491248 2.096980
0.152088 -0.781439 2.122970
0.155999 -0.817031 2.042750
0.365893 -0.074808 2.196050
0.375909 -0.472298 2.107500
0.366484 -0.755374 2.103240
0.372685 -0.787283 2.015370
0.293860 0.014633 2.193390
0.292330 0.064683 2.196400
0.287517 0.322724 2.191890
0.287073 0.554303 2.216720
0.131060 0.287406 2.182720
0.079473 0.038665 2.113970
0.116512 -0.137899 1.986420
0.143715 -0.195338 1.938920
0.463350 0.284098 2.198840
0.517880 0.041786 2.162370
0.471834 -0.146436 2.071390
0.440674 -0.209087 2.035200
0.222688 -0.056589 2.189570
0.162669 -0.488473 2.102700
0.159422 -0.792306 2.136940
0.163311 -0.827249 2.056400
0.368008 -0.061219 2.191000
0.376365 -0.469559 2.111650
0.363497 -0.766954 2.115080
0.369939 -0.800416 2.026680
0.295712 0.023819 2.189940
0.293997 0.072931 2.194760
0.289173 0.329260 2.193120
0.289990 0.561229 2.220650
0.132610 0.298907 2.183290
0.073295 0.057359 2.116170
0.101612 -0.112921 1.981770
0.125174 -0.173901 1.935470
0.465441 0.293458 2.199070
0.521422 0.050834 2.160880
0.477092 -0.138540 2.058320
0.451307 -0.203504 2.014560
0.224724 -0.047800 2.184060
0.165298 -0.486018 2.105840
0.162905 -0.796995 2.143530
0.166754 -0.831533 2.062810
0.369659 -0.051335 2.186360
0.377322 -0.469745 2.116950
0.360267 -0.787753 2.133310
0.366038 -0.823329 2.047540
0.297446 0.030850 2.186820
0.295609 0.079358 2.193510
0.291478 0.335112 2.194650
0.293462 0.567361 2.224370
0.133885 0.307554 2.183800
0.065798 0.074492 2.117980
0.090762 -0.093937 1.982620
0.109695 -0.155492 1.935980
0.467089 0.300436 2.198910
0.526179 0.058085 2.158890
0.488498 -0.126902 2.046060
0.464320 -0.194804 2.003100
0.226468 -0.041345 2.179540
0.170596 -0.479784 2.101830
0.165245 -0.797898 2.146610
0.169009 -0.832128 2.065750
0.371304 -0.043519 2.181760
0.378527 -0.471569 2.124010
0.359231 -0.797916 2.144400
0.364514 -0.833817 2.059800
0.299259 0.036462 2.183740
0.297356 0.084544 2.192470
0.294481 0.340252 2.195980
0.298143 0.572800 2.228050
0.134728 0.313297 2.184100
0.057889 0.087693 2.118930
0.081733 -0.080840 1.981910
0.099622 -0.144073 1.936070
0.468738 0.305917 2.198300
0.531685 0.063228 2.156470
0.499180 -0.117441 2.036820
0.479096 -0.185755 1.993000
0.227958 -0.036608 2.175770
0.176004 -0.468956 2.087490
0.166997 -0.790549 2.139110
0.170282 -0.824387 2.058060
0.373060 -0.037396 2.177200
0.379677 -0.473499 2.132080
0.358614 -0.802834 2.150650
0.363612 -0.838774 2.066510
0.300909 0.040557 2.180980
0.298949 0.088352 2.191680
0.297204 0.344020 2.196770
0.301714 0.576602 2.230430
0.135315 0.317509 2.184380
0.052339 0.095828 2.119540
0.075468 -0.072924 1.980690
0.092894 -0.137278 1.935660
0.470175 0.310130 2.197150
0.540691 0.067347 2.153400
0.507510 -0.111385 2.031240
0.493466 -0.178642 1.985310
0.229223 -0.033255 2.172720
0.180029 -0.456989 2.067620
0.167144 -0.776101 2.110480
0.169249 -0.809733 2.029360
0.374669 -0.033050 2.173100
0.380577 -0.474716 2.139490
0.358591 -0.805812 2.155270
0.363280 -0.841599 2.071500
0.302305 0.043421 2.178450
0.300268 0.091055 2.191070
0.299431 0.346701 2.197120
0.304339 0.579247 2.231930
0.135718 0.320499 2.184580
0.048262 0.101464 2.120350
0.070071 -0.068116 1.979570
0.087342 -0.133452 1.935730
0.471549 0.313164 2.195500
0.547509 0.069576 2.151070
0.519189 -0.106075 2.025870
0.507278 -0.173966 1.981060
0.230228 -0.030967 2.170190
0.181534 -0.447622 2.048550
0.165883 -0.762483 2.067240
0.166759 -0.796038 1.986090
0.376077 -0.030175 2.169190
0.381255 -0.475443 2.145170
0.358814 -0.807386 2.158780
0.363031 -0.842844 2.075440
0.303491 0.045256 2.176010
0.301387 0.092908 2.190560
0.301247 0.348572 2.197090
0.306286 0.581084 2.232830
0.136036 0.322644 2.184760
0.045307 0.105089 2.121110
0.064476 -0.066558 1.978700
0.080125 -0.133252 1.935710
0.472970 0.315030 2.192850
0.553559 0.071126 2.148580
0.530564 -0.102621 2.022200
0.521644 -0.170964 1.978430
0.231025 -0.029541 2.168060
0.181692 -0.442119 2.035070
0.164773 -0.754345 2.041040
0.164554 -0.787878 1.959850
0.377329 -0.028619 2.165110
0.381968 -0.476021 2.149760
0.359325 -0.807300 2.162820
0.362602 -0.842109 2.080310
0.304556 0.046260 2.173270
0.302467 0.094114 2.189950
0.303130 0.349867 2.196320
0.307935 0.582372 2.233080
0.136331 0.324096 2.184950
0.043207 0.107213 2.122240
0.057715 -0.069041 1.979350
0.070067 -0.137265 1.936770
0.474434 0.315935 2.189280
0.559619 0.072442 2.145300
0.543264 -0.102356 2.019420
0.534623 -0.171338 1.977570
0.231689 -0.028779 2.165970
0.181509 -0.438393 2.025940
0.162656 -0.745097 2.012080
0.161275 -0.778697 1.930890
0.378326 -0.028114 2.160890
0.382468 -0.476399 2.152710
0.360045 -0.806232 2.166600
0.362201 -0.840510 2.084750
0.305667 0.046331 2.169450
0.303783 0.094600 2.188750
0.305516 0.350570 2.193880
0.309457 0.583150 2.232310
0.136659 0.324927 2.185080
0.042429 0.106832 2.124660
0.049366 -0.077196 1.983890
0.057928 -0.146750 1.941990
0.475741 0.316213 2.185110
0.564300 0.073229 2.142440
0.558329 -0.108762 2.016250
0.553239 -0.179996 1.977040
0.232390 -0.028733 2.163150
0.181320 -0.435995 2.019770
0.160890 -0.734092 1.983390
0.158481 -0.767826 1.902290
0.379138 -0.028570 2.156070
0.382825 -0.476669 2.154630
0.360661 -0.805039 2.169360
0.361787 -0.838992 2.087930
0.306798 0.045598 2.164020
0.305320 0.094362 2.186360
0.307655 0.350830 2.189700
0.310806 0.583463 2.229050
0.137104 0.325242 2.185040
0.044646 0.101911 2.128730
0.040809 -0.092335 1.994920
0.041454 -0.166283 1.957670
0.476739 0.316287 2.180350
0.567953 0.073556 2.139790
0.571315 -0.117759 2.013890
0.571419 -0.192485 1.978440
0.233359 -0.029433 2.158600
0.181265 -0.434483 2.015700
0.159041 -0.726201 1.961550
0.155846 -0.759985 1.880440
0.379819 -0.029541 2.150330
0.383100 -0.476839 2.155950
0.361189 -0.803693 2.171250
0.361368 -0.837443 2.090090
0.307823 0.044097 2.156700
0.306951 0.093312 2.182180
0.309253 0.350705 2.183580
0.311445 0.583420 2.223380
0.137881 0.324864 2.184350
0.053524 0.087535 2.135460
0.034517 -0.110979 2.012480
0.031222 -0.186557 1.978660
0.477395 0.316212 2.174660
0.570707 0.073462 2.137150
0.581870 -0.125678 2.013450
0.588237 -0.203789 1.982780
0.234526 -0.030789 2.152010
0.181192 -0.433585 2.012840
0.157278 -0.720760 1.946770
0.153550 -0.754549 1.865620
0.380341 -0.031043 2.143040
0.383412 -0.476993 2.156770
0.361620 -0.802437 2.172490
0.360985 -0.836059 2.091510
0.308477 0.041864 2.147470
0.308439 0.091411 2.175910
0.310333 0.350395 2.176120
0.311394 0.583216 2.214940
0.139130 0.323634 2.182340
0.063010 0.074103 2.140380
0.032660 -0.135699 2.037400
0.028172 -0.213829 2.011050
0.477238 0.315805 2.166830
0.572521 0.073126 2.134270
0.591720 -0.133801 2.015280
0.601574 -0.213503 1.988740
0.235574 -0.032652 2.143310
0.181364 -0.433953 2.011180
0.155932 -0.717160 1.937290
0.151740 -0.750908 1.856080
0.380359 -0.033003 2.133790
0.383829 -0.477199 2.156800
0.361945 -0.801353 2.173250
0.360564 -0.834849 2.092390
0.308551 0.039153 2.136490
0.309355 0.088719 2.167090
0.310030 0.349158 2.165510
0.309850 0.582142 2.203250
0.140271 0.321615 2.178380
0.070685 0.064944 2.143710
0.037869 -0.158135 2.062260
0.033142 -0.238880 2.043020
0.475912 0.314810 2.156880
0.573468 0.072412 2.130810
0.598698 -0.139888 2.017650
0.610290 -0.220576 1.994840
0.236363 -0.035031 2.132400
0.182443 -0.436489 2.011250
0.154948 -0.714508 1.930900
0.150355 -0.748206 1.849650
0.379908 -0.035276 2.122940
0.384317 -0.477565 2.155640
0.362163 -0.800477 2.173680
0.360106 -0.833866 2.092860
0.307639 0.036263 2.123910
0.308939 0.085583 2.155820
0.307538 0.347029 2.151950
0.305807 0.580239 2.188440
0.140871 0.318209 2.170730
0.076881 0.058077 2.145830
0.045120 -0.177346 2.084640
0.042155 -0.262125 2.078900
0.473847 0.313905 2.147470
0.573377 0.071559 2.126800
0.603947 -0.144986 2.020630
0.616436 -0.226529 2.001850
0.236459 -0.037766 2.119510
0.185048 -0.442010 2.012830
0.154232 -0.712541 1.926480
0.149428 -0.746233 1.845220
0.378677 -0.037412 2.110900
0.384896 -0.478079 2.152410
0.362382 -0.804716 2.173570
0.359378 -0.838228 2.092730
0.305724 0.033792 2.110280
0.307169 0.082637 2.143000
0.303628 0.344415 2.137610
0.300177 0.577776 2.171230
0.140372 0.314020 2.160090
0.081135 0.053253 2.147060
0.051794 -0.188759 2.101140
0.049594 -0.273781 2.100000
0.471028 0.312930 2.138130
0.572461 0.070678 2.122930
0.607433 -0.148748 2.023600
0.620098 -0.230628 2.007750
0.235730 -0.040171 2.105720
0.187215 -0.446955 2.013800
0.153615 -0.711109 1.923750
0.148720 -0.744797 1.842470
0.376407 -0.039091 2.097130
0.385469 -0.478460 2.146960
0.362611 -0.808442 2.173020
0.359009 -0.842025 2.092130
0.302690 0.031963 2.095880
0.304160 0.080221 2.129110
0.298769 0.341511 2.122560
0.294073 0.575342 2.156880
0.138428 0.310242 2.148840
0.084049 0.049894 2.147730
0.058461 -0.194610 2.115650
0.059241 -0.278909 2.122230
0.465951 0.311767 2.127200
0.570681 0.070066 2.119060
0.609727 -0.151836 2.027000
0.622198 -0.233517 2.012420
0.234093 -0.041908 2.091810
0.188788 -0.450931 2.013120
0.153266 -0.710082 1.922000
0.148293 -0.743768 1.840720
0.372703 -0.039990 2.082030
0.385648 -0.478373 2.139690
0.362781 -0.811467 2.172370
0.358690 -0.845113 2.091420
0.298099 0.030355 2.081210
0.299720 0.078068 2.115100
0.293446 0.338939 2.108580
0.283695 0.572704 2.139640
0.134150 0.306678 2.135490
0.086106 0.047446 2.148010
0.063636 -0.196271 2.126490
0.066133 -0.279506 2.136630
0.456467 0.309956 2.112070
0.567471 0.069860 2.114720
0.610738 -0.154219 2.030510
0.622968 -0.235496 2.016280
0.231170 -0.043321 2.078880
0.189987 -0.455378 2.009130
0.153177 -0.709389 1.920590
0.148103 -0.743067 1.839290
0.366689 -0.040606 2.065080
0.385258 -0.477965 2.131850
0.362859 -0.813798 2.171640
0.358326 -0.847483 2.090630
0.291555 0.030320 2.066180
0.293374 0.077465 2.100800
0.286726 0.337498 2.094490
0.273303 0.571531 2.124170
0.129045 0.304446 2.123780
0.087575 0.045751 2.148040
0.068408 -0.193484 2.134720
0.074290 -0.272899 2.148450
0.448116 0.308951 2.099520
0.562255 0.069895 2.109930
0.610632 -0.156040 2.033870
0.621658 -0.236872 2.020330
0.225997 -0.043367 2.065200
0.188962 -0.457515 1.996560
0.153005 -0.708837 1.918380
0.147822 -0.742503 1.837080
0.358990 -0.039769 2.048300
0.384047 -0.476389 2.123200
0.362907 -0.815628 2.170910
0.358024 -0.849333 2.089850
0.284452 0.030777 2.052050
0.286543 0.077535 2.087370
0.279786 0.337059 2.081050
0.264943 0.571383 2.111470
0.123127 0.302907 2.111600
0.088623 0.044654 2.147390
0.072926 -0.187494 2.139910
0.081546 -0.256703 2.154270
0.438457 0.307608 2.085420
0.555058 0.070100 2.104400
0.608205 -0.157190 2.037750
0.618895 -0.237426 2.023760
0.219842 -0.042597 2.052020
0.183603 -0.458051 1.970750
0.152558 -0.707983 1.913200
0.147093 -0.741633 1.831910
0.351075 -0.038777 2.033200
0.381446 -0.474510 2.112240
0.362746 -0.817377 2.169660
0.357473 -0.851116 2.088520
0.276675 0.031416 2.037550
0.278892 0.077863 2.073500
0.271324 0.336807 2.066680
0.256668 0.571432 2.099090
0.116384 0.301965 2.099460
0.088876 0.044188 2.144770
0.076079 -0.180441 2.142070
0.087485 -0.237382 2.153770
0.429490 0.305893 2.071770
0.547735 0.070237 2.099140
0.602327 -0.157220 2.041310
0.611910 -0.236747 2.026780
0.212568 -0.041628 2.037600
0.177854 -0.460393 1.947730
0.150563 -0.706994 1.900950
0.144588 -0.740622 1.819640
0.343224 -0.037844 2.018680
0.376346 -0.472780 2.097510
0.362005 -0.819620 2.167160
0.323503 -0.867148 2.136290
0.267647 0.032681 2.021610
0.269687 0.078899 2.058360
0.261434 0.337871 2.051920
0.247138 0.572791 2.085180
0.107639 0.301703 2.085220
0.087112 0.044691 2.137160
0.077829 -0.170768 2.140320
0.089840 -0.222702 2.150440
0.421068 0.304993 2.059660
0.537828 0.070584 2.092500
0.592917 -0.156887 2.043480
0.598574 -0.235826 2.028570
0.203267 -0.039514 2.019910
0.173011 -0.462082 1.928210
0.146922 -0.705718 1.885580
0.140907 -0.739268 1.804260
0.334881 -0.036679 2.003860
0.369059 -0.471071 2.081440
0.360212 -0.821725 2.163560
0.313524 -0.883043 2.153870
0.258661 0.034529 2.005500
0.260214 0.080453 2.042990
0.251501 0.339075 2.037020
0.238152 0.574229 2.072000
0.098111 0.302412 2.069480
0.081223 0.046607 2.122630
0.068085 -0.150316 2.118170
0.079134 -0.201844 2.126600
0.413164 0.305240 2.048850
0.522798 0.070552 2.081910
0.578200 -0.156260 2.042470
0.581839 -0.235117 2.027900
0.194662 -0.037017 2.003040
0.168591 -0.462109 1.912090
0.143327 -0.703739 1.870910
0.137824 -0.737208 1.789600
0.326021 -0.034937 1.988050
0.359408 -0.469275 2.060750
0.355705 -0.822872 2.156090
0.328468 -0.868526 2.096970
0.250365 0.036264 1.991610
0.251619 0.081824 2.029930
0.243882 0.339991 2.025250
0.229178 0.575592 2.057440
0.089117 0.306036 2.053950
0.068207 0.052295 2.097720
0.060571 -0.137200 2.099630
0.068959 -0.189254 2.102490
0.405179 0.305942 2.038380
0.509822 0.070884 2.072120
0.558357 -0.154913 2.036190
0.559963 -0.233836 2.021510
0.186063 -0.034349 1.987300
0.163026 -0.460838 1.894750
0.140845 -0.701144 1.858350
0.136068 -0.734490 1.776930
0.317638 -0.033386 1.974840
0.349865 -0.468475 2.038720
0.343817 -0.791718 2.132200
0.328867 -0.831928 2.061760
0.241640 0.037458 1.977610
0.242528 0.082783 2.016800
0.236430 0.341205 2.013830
0.221072 0.577179 2.043850
0.080483 0.309614 2.038340
0.050802 0.060639 2.066720
0.047993 -0.128460 2.059090
0.055593 -0.183351 2.056010
0.397331 0.306373 2.028210
0.496620 0.070052 2.061420
0.541005 -0.153274 2.028370
0.543658 -0.232438 2.014560
0.176668 -0.032378 1.971000
0.158494 -0.459982 1.882950
0.139065 -0.699082 1.850010
0.135052 -0.732314 1.768500
0.309050 -0.032365 1.962080
0.341661 -0.468513 2.019800
0.338849 -0.791160 2.116040
0.334344 -0.826643 2.026010
0.232901 0.038669 1.964130
0.233189 0.083815 2.003910
0.227818 0.342519 2.001430
0.213330 0.578698 2.031450
0.070741 0.312959 2.023400
0.037564 0.063011 2.044780
0.033572 -0.127957 2.018210
0.041857 -0.185138 2.011460
0.389591 0.307774 2.018530
0.483748 0.069852 2.050000
0.514081 -0.150619 2.009480
0.521692 -0.230261 1.999030
0.167464 -0.030958 1.955670
0.149607 -0.463521 1.869220
0.137858 -0.699328 1.844620
0.134491 -0.732475 1.763070
0.300719 -0.031459 1.949960
0.333800 -0.469022 1.999540
0.334021 -0.786822 2.090290
0.336212 -0.818618 1.995810
0.223691 0.040504 1.951380
0.223202 0.085452 1.991560
0.219278 0.344056 1.989260
0.205582 0.580436 2.019250
0.061910 0.316229 2.009180
0.019084 0.063645 2.015690
0.016391 -0.130906 1.977070
0.024059 -0.192112 1.961990
0.383760 0.309260 2.011260
0.472203 0.069201 2.039100
0.496388 -0.149033 1.995230
0.499086 -0.227629 1.976790
0.157203 -0.028817 1.940320
0.143472 -0.465342 1.860900
0.136257 -0.699678 1.840400
0.133799 -0.732642 1.758960
0.292201 -0.030336 1.939250
0.326835 -0.469391 1.977930
0.331254 -0.782316 2.070320
0.337227 -0.812936 1.977200
0.215049 0.041690 1.939620
0.213905 0.086335 1.980240
0.211008 0.344507 1.978060
0.198981 0.581149 2.008380
0.053855 0.319095 1.994620
0.003106 0.064606 1.991110
-0.004056 -0.137323 1.934340
0.001732 -0.211240 1.914950
0.375745 0.311492 2.001850
0.456935 0.068195 2.023650
0.479456 -0.148765 1.977600
0.481772 -0.227150 1.956870
0.148755 -0.027302 1.927170
0.137630 -0.466855 1.854980
0.134632 -0.700261 1.837360
0.133271 -0.732684 1.756210
0.283184 -0.029558 1.928630
0.319133 -0.471060 1.940130
0.330997 -0.773464 2.041830
0.338480 -0.804758 1.954370
0.207853 0.042655 1.929060
0.206131 0.086896 1.970090
0.203859 0.344096 1.967800
0.193801 0.581104 1.999160
0.046052 0.321308 1.981200
-0.013734 0.064473 1.957670
-0.021204 -0.148043 1.891110
-0.019258 -0.230321 1.873700
0.368198 0.313695 1.993110
0.443228 0.067222 2.008860
0.460421 -0.149325 1.954920
0.461977 -0.227572 1.932610
0.141824 -0.026298 1.915020
0.128076 -0.465457 1.848590
0.133123 -0.699818 1.835210
0.132762 -0.732324 1.754140
0.275635 -0.028820 1.919210
0.314652 -0.471593 1.914160
0.328402 -0.758987 2.007140
0.336333 -0.791376 1.924570
0.202134 0.042963 1.920090
0.199647 0.086896 1.961330
0.197303 0.343281 1.958490
0.189735 0.580760 1.991630
0.038903 0.322501 1.968130
-0.025085 0.064172 1.931230
-0.037845 -0.157862 1.849960
-0.040477 -0.243150 1.829190
0.361850 0.315248 1.985850
0.432545 0.066074 1.996460
0.446301 -0.150442 1.936560
0.445484 -0.228215 1.910310
0.136415 -0.026089 1.904440
0.120943 -0.463592 1.844350
0.131071 -0.698834 1.833760
0.132110 -0.731647 1.752650
0.269967 -0.028616 1.911730
0.310347 -0.472449 1.891860
0.326301 -0.752202 1.988200
0.334723 -0.784648 1.906960
0.197934 0.042976 1.912790
0.194683 0.086700 1.954150
0.191202 0.342401 1.950150
0.185191 0.580098 1.982180
0.031215 0.322493 1.954990
-0.035224 0.063601 1.907530
-0.054153 -0.159804 1.810820
-0.058469 -0.244964 1.788710
0.355375 0.316309 1.978280
0.422787 0.064701 1.984190
0.434032 -0.150917 1.918910
0.431267 -0.228023 1.889850
0.132534 -0.026437 1.895360
0.115664 -0.462011 1.841640
0.128972 -0.697730 1.833010
0.131427 -0.730871 1.751740
0.266095 -0.028625 1.906100
0.307117 -0.473108 1.876080
0.316258 -0.738535 1.950550
0.324285 -0.771091 1.869940
0.194913 0.042991 1.906920
0.190999 0.086665 1.948380
0.186295 0.342396 1.943250
0.181572 0.580355 1.973900
0.025292 0.322358 1.944540
-0.043802 0.064058 1.887300
-0.074982 -0.151281 1.766820
-0.077489 -0.234088 1.742540
0.349855 0.317072 1.971780
0.416482 0.064000 1.975740
0.424262 -0.152427 1.902950
0.422484 -0.229240 1.875610
0.129907 -0.026830 1.888150
0.111891 -0.460853 1.839950
0.126679 -0.696657 1.832920
0.130578 -0.730074 1.751390
0.263390 -0.028596 1.901740
0.304554 -0.473331 1.863260
0.304964 -0.724729 1.917540
0.312665 -0.757310 1.836750
0.192540 0.043118 1.901890
0.187989 0.086855 1.943430
0.181866 0.343205 1.937190
0.177632 0.581648 1.964840
0.020337 0.322425 1.935120
-0.053296 0.066515 1.866630
-0.089740 -0.139782 1.734310
-0.094842 -0.215517 1.699360
0.344224 0.317748 1.965170
0.410938 0.063601 1.967230
0.415843 -0.152811 1.887910
0.413962 -0.229223 1.859450
0.127963 -0.027068 1.881700
0.108978 -0.460380 1.838940
0.124649 -0.696256 1.833190
0.129808 -0.729737 1.751380
0.261372 -0.028490 1.898290
0.301680 -0.472985 1.850860
0.291652 -0.707650 1.883910
0.299387 -0.740365 1.802940
0.190650 0.043436 1.897420
0.185353 0.087360 1.938910
0.177446 0.344924 1.931280
0.174434 0.583692 1.957170
0.015802 0.322471 1.925660
-0.063299 0.070194 1.846430
-0.104017 -0.125043 1.699140
-0.110207 -0.197477 1.660070
0.339681 0.318271 1.959770
0.406414 0.063337 1.959450
0.408261 -0.151744 1.873960
0.406448 -0.227272 1.842910
0.126555 -0.027090 1.875970
0.106310 -0.461511 1.838710
0.122567 -0.697628 1.834250
0.125450 -0.745373 1.770900
0.259879 -0.028293 1.895450
0.299150 -0.472241 1.841610
0.283454 -0.696855 1.861770
0.291873 -0.729792 1.780920
0.189151 0.043960 1.893340
0.183069 0.088146 1.934730
0.173552 0.347025 1.925810
0.172129 0.585894 1.950900
0.011797 0.322463 1.916430
-0.074721 0.075648 1.824690
-0.114197 -0.111663 1.672930
-0.121393 -0.180159 1.628510
0.336009 0.318772 1.955100
0.402633 0.063260 1.952170
0.401245 -0.150041 1.859910
0.397182 -0.224034 1.824670
0.125552 -0.026951 1.870840
0.104489 -0.462313 1.838670
0.120824 -0.698678 1.835220
0.122297 -0.754711 1.783040
0.258780 -0.027983 1.892990
0.296793 -0.471267 1.834950
0.277939 -0.691233 1.847420
0.287031 -0.724293 1.766720
0.187809 0.044585 1.889240
0.180998 0.089106 1.930580
0.170167 0.349571 1.920670
0.169967 0.588754 1.944220
0.008432 0.322420 1.908150
-0.082422 0.079917 1.809460
-0.121841 -0.098659 1.650730
-0.128166 -0.167552 1.606700
0.332625 0.319145 1.950200
0.399786 0.063315 1.946090
0.395603 -0.148333 1.848530
0.389952 -0.221527 1.811600
0.124633 -0.026780 1.865900
0.103241 -0.463021 1.838760
0.119357 -0.699589 1.836040
0.119696 -0.761996 1.792860
0.257887 -0.027555 1.890420
0.294610 -0.470160 1.830210
0.273533 -0.688341 1.835410
0.283200 -0.721470 1.754720
0.186686 0.045327 1.885240
0.179171 0.090194 1.926560
0.167420 0.352087 1.916030
0.168361 0.591519 1.938310
0.005838 0.322345 1.900870
-0.088144 0.086726 1.796670
-0.126103 -0.086790 1.635140
-0.132337 -0.152603 1.587700
0.330202 0.319480 1.946250
0.397742 0.063451 1.940800
0.390914 -0.147211 1.839290
0.384603 -0.220252 1.802480
0.123876 -0.026550 1.861290
0.102597 -0.464171 1.838890
0.118368 -0.700910 1.837330
0.113255 -0.764647 1.797670
0.257204 -0.027001 1.887730
0.290591 -0.469480 1.827030
0.270470 -0.688328 1.826310
0.272333 -0.724607 1.750970
0.185621 0.046257 1.881180
0.177497 0.091425 1.922540
0.165242 0.354343 1.911810
0.167230 0.593983 1.932960
0.003697 0.322362 1.894700
-0.092233 0.093453 1.786640
-0.128544 -0.076284 1.622810
-0.134656 -0.141310 1.574180
0.328269 0.319866 1.942610
0.395666 0.063669 1.934350
0.387672 -0.146369 1.832860
0.380835 -0.219398 1.796390
0.123129 -0.026212 1.856940
0.102264 -0.465137 1.839000
0.117690 -0.701914 1.838290
0.109147 -0.766790 1.801110
0.256547 -0.026205 1.884630
0.286027 -0.468776 1.825400
0.268035 -0.689597 1.819160
0.259475 -0.727769 1.747890
0.184664 0.047293 1.877180
0.176046 0.092678 1.918680
0.163560 0.356282 1.908130
0.166434 0.596014 1.928690
0.002088 0.322348 1.889660
-0.094789 0.098990 1.779790
-0.129099 -0.067051 1.614760
-0.134909 -0.131557 1.565260
0.326906 0.320247 1.939370
0.394046 0.063897 1.928450
0.385093 -0.145886 1.827640
0.377508 -0.218942 1.791600
0.122378 -0.025795 1.852640
0.101987 -0.465934 1.838650
0.117199 -0.702562 1.838840
0.106075 -0.768238 1.803360
0.255976 -0.025276 1.881310
0.281123 -0.468109 1.824780
0.266489 -0.691333 1.813850
0.245184 -0.727004 1.746300
0.183855 0.048264 1.873320
0.174891 0.093795 1.915050
0.162318 0.357894 1.904910
0.166038 0.597715 1.924980
0.001028 0.322421 1.885750
-0.096232 0.103449 1.775210
-0.128485 -0.060322 1.609570
-0.133830 -0.124412 1.559480
0.325933 0.320525 1.936160
0.392727 0.064057 1.922630
0.383310 -0.145574 1.823840
0.375320 -0.218693 1.788330
0.121700 -0.025338 1.848410
0.101818 -0.466659 1.838060
0.116818 -0.703022 1.839170
0.103854 -0.769174 1.804690
0.255476 -0.024372 1.877880
0.277394 -0.467639 1.824560
0.265484 -0.693194 1.810270
0.236262 -0.725825 1.745380
0.183170 0.049091 1.869590
0.173985 0.094671 1.911600
0.161383 0.358960 1.902010
0.165859 0.598828 1.921980
0.000330 0.322524 1.882680
-0.096681 0.106858 1.772340
-0.127032 -0.055380 1.606720
-0.131193 -0.119047 1.556360
0.325295 0.320626 1.932850
0.391612 0.064318 1.917060
0.382159 -0.145405 1.820990
0.373795 -0.218582 1.786010
0.121151 -0.024887 1.844470
0.101725 -0.467290 1.837290
0.116482 -0.703397 1.839320
0.101786 -0.769432 1.804810
0.254974 -0.023603 1.874070
0.275030 -0.467394 1.824580
0.264972 -0.695259 1.808210
0.230144 -0.724629 1.745300
0.182650 0.049714 1.865990
0.173379 0.095253 1.908340
0.160826 0.359503 1.899410
0.165908 0.599448 1.919500
-0.000141 0.322631 1.880300
-0.096616 0.109209 1.770580
-0.124395 -0.052349 1.605750
-0.125942 -0.116028 1.555790
0.324949 0.320497 1.929350
0.390946 0.064493 1.912730
0.381452 -0.145258 1.818910
0.372749 -0.218523 1.784340
0.120719 -0.024537 1.840760
0.101758 -0.467906 1.836250
0.116161 -0.703752 1.839300
0.099611 -0.767055 1.801240
0.254520 -0.023060 1.869930
0.273536 -0.467304 1.824810
0.264961 -0.697571 1.807640
0.220879 -0.728823 1.754020
