0.194136 -0.538611 2.427830
0.186454 -0.509194 2.423720
0.113490 -0.394225 2.388780
0.147939 -0.213439 2.446230
0.068167 -0.478194 2.251220
0.037703 -0.394910 2.379000
0.075317 -0.510882 2.196900
0.091097 -0.550722 2.131300
0.231900 -0.562789 2.112690
0.314414 -0.445412 2.290160
0.273727 -0.574974 2.152840
0.291050 -0.623929 2.124420
0.135875 -0.555545 2.430750
0.197613 -0.623631 2.073450
0.151479 -0.894984 2.040600
0.102328 -0.952173 2.004480
0.286052 -0.605047 2.429580
0.261611 -0.759875 2.093950
0.253838 -0.854916 1.809290
0.195923 -0.911209 1.770890
0.194082 -0.538237 2.428080
0.186364 -0.508833 2.423940
0.112795 -0.393744 2.388820
0.151232 -0.215335 2.446570
0.071638 -0.481490 2.250750
0.036073 -0.391888 2.374230
0.064999 -0.502263 2.208960
0.082243 -0.544426 2.145480
0.232210 -0.563183 2.112450
0.314512 -0.445211 2.290350
0.274021 -0.574620 2.153090
0.291437 -0.623532 2.124950
0.115273 -0.523042 2.425360
0.197762 -0.623604 2.073520
0.151055 -0.894939 2.040040
0.101983 -0.952086 2.003980
0.291662 -0.608200 2.433310
0.262345 -0.757520 2.093050
0.247015 -0.863647 1.773030
0.197492 -0.932288 1.733620
0.194375 -0.539526 2.428040
0.186448 -0.509130 2.424030
0.110860 -0.392439 2.388790
0.153244 -0.216497 2.446860
0.073360 -0.483146 2.250590
0.034813 -0.389758 2.371580
0.059616 -0.497398 2.215490
0.076202 -0.539622 2.155330
0.232550 -0.563542 2.112290
0.314615 -0.445119 2.290560
0.274287 -0.574285 2.153260
0.291785 -0.623172 2.125380
0.126297 -0.545496 2.423870
0.197948 -0.623587 2.073580
0.149734 -0.895263 2.041710
0.100766 -0.952336 2.005510
0.294162 -0.610400 2.434980
0.262990 -0.755600 2.092230
0.244027 -0.868621 1.751110
0.199112 -0.944338 1.710570
0.194598 -0.540759 2.427890
0.186454 -0.509495 2.424040
0.108901 -0.391222 2.388700
0.155387 -0.216264 2.446700
0.074591 -0.484333 2.250490
0.033803 -0.388769 2.370140
0.072456 -0.511916 2.191320
0.090899 -0.558114 2.128850
0.232729 -0.563762 2.112170
0.314702 -0.445112 2.290740
0.274474 -0.574120 2.153410
0.292117 -0.622921 2.125760
0.133073 -0.556295 2.423970
0.198127 -0.623580 2.073640
0.148538 -0.895581 2.043170
0.099623 -0.952631 2.006920
0.294894 -0.611563 2.435520
0.263815 -0.762464 2.092510
0.186011 -0.974311 2.062850
0.172188 -0.915595 2.030280
0.194742 -0.541889 2.427690
0.186386 -0.509899 2.423960
0.106390 -0.389623 2.388510
0.156384 -0.215340 2.446320
0.075443 -0.485163 2.250420
0.032948 -0.387828 2.369460
0.074377 -0.513083 2.188700
0.092589 -0.559944 2.126630
0.232895 -0.563951 2.112070
0.314772 -0.445145 2.290890
0.274645 -0.573992 2.153510
0.292435 -0.622721 2.126080
0.137379 -0.562521 2.424310
0.198300 -0.623568 2.073700
0.147465 -0.895842 2.044490
0.098590 -0.952901 2.008250
0.295087 -0.612402 2.435670
0.264559 -0.762888 2.092410
0.230081 -0.917198 1.879070
0.195194 -0.942391 1.855970
0.194662 -0.543068 2.427470
0.186141 -0.510447 2.423840
0.104060 -0.388072 2.388350
0.157076 -0.213855 2.445920
0.076135 -0.485757 2.250490
0.031987 -0.386332 2.369260
0.066699 -0.502477 2.202390
0.084198 -0.549449 2.141580
0.233070 -0.564113 2.111990
0.314837 -0.445203 2.291030
0.274864 -0.573861 2.153620
0.292730 -0.622549 2.126360
0.139107 -0.565714 2.424590
0.198468 -0.623554 2.073750
0.146635 -0.896037 2.045400
0.097765 -0.953086 2.009160
0.294547 -0.613113 2.435540
0.265148 -0.762733 2.092400
0.238819 -0.904639 1.854480
0.202294 -0.939768 1.820710
0.194439 -0.544218 2.427340
0.185772 -0.511145 2.423750
0.102398 -0.387050 2.388220
0.157521 -0.212390 2.445510
0.076670 -0.486203 2.250520
0.031267 -0.385050 2.369010
0.062829 -0.497171 2.209210
0.078635 -0.542530 2.151530
0.233215 -0.564239 2.111940
0.314814 -0.445041 2.291060
0.275225 -0.573716 2.153890
0.293121 -0.622374 2.126770
0.139317 -0.567540 2.425600
0.198637 -0.623533 2.073790
0.146130 -0.896142 2.045780
0.097274 -0.953177 2.009540
0.293915 -0.613643 2.435380
0.266358 -0.768291 2.094450
0.181565 -0.966889 2.042530
0.170088 -0.909642 2.016550
0.194105 -0.545369 2.427270
0.185317 -0.511927 2.423680
0.100995 -0.386138 2.388130
0.157739 -0.210906 2.445130
0.077052 -0.486497 2.250530
0.030359 -0.384981 2.369910
0.061150 -0.494781 2.212110
0.074989 -0.536904 2.157930
0.233344 -0.564339 2.111920
0.314806 -0.444908 2.291100
0.275561 -0.573569 2.154150
0.293483 -0.622207 2.127160
0.139146 -0.568575 2.426750
0.198788 -0.623507 2.073830
0.145738 -0.896218 2.046050
0.096891 -0.953237 2.009790
0.292879 -0.614168 2.435190
0.267227 -0.772836 2.095990
0.158991 -0.989587 2.114610
0.157310 -0.898069 2.093030
0.193395 -0.546087 2.427320
0.184573 -0.512477 2.423710
0.099722 -0.385243 2.388080
0.158046 -0.210145 2.444920
0.077318 -0.486604 2.250550
0.035510 -0.379780 2.370290
0.059474 -0.491800 2.215690
0.070933 -0.532920 2.163850
0.233476 -0.564413 2.111940
0.314829 -0.444836 2.291150
0.275849 -0.573422 2.154390
0.293800 -0.622047 2.127520
0.136438 -0.565936 2.429820
0.198928 -0.623482 2.073870
0.145440 -0.896253 2.045960
0.096598 -0.953242 2.009630
0.291487 -0.614497 2.434950
0.267788 -0.776590 2.097140
0.145170 -1.002200 2.156290
0.149583 -0.891388 2.134980
0.192723 -0.546635 2.427320
0.183871 -0.512909 2.423680
0.097519 -0.382068 2.387900
0.158420 -0.209014 2.444630
0.077463 -0.486496 2.250570
0.038838 -0.376339 2.370470
0.058563 -0.489891 2.217960
0.068439 -0.530285 2.167760
0.233544 -0.564458 2.111950
0.314849 -0.444798 2.291200
0.276097 -0.573318 2.154570
0.294079 -0.621924 2.127810
0.129253 -0.561801 2.428660
0.199066 -0.623456 2.073900
0.145160 -0.896312 2.046150
0.096331 -0.953263 2.009780
0.291181 -0.614718 2.434920
0.266784 -0.775717 2.097150
0.157239 -1.008580 2.178490
0.151200 -0.888574 2.158200
0.192118 -0.547054 2.427320
0.183233 -0.513262 2.423670
0.095935 -0.379616 2.387720
0.158906 -0.208016 2.444310
0.077609 -0.486582 2.250570
0.040981 -0.374306 2.369950
0.072253 -0.500117 2.203950
0.076300 -0.537342 2.159410
0.233628 -0.564476 2.112000
0.314892 -0.444756 2.291280
0.276356 -0.573190 2.154790
0.294357 -0.621788 2.128110
0.127090 -0.560534 2.428670
0.199191 -0.623430 2.073930
0.144959 -0.896355 2.046290
0.096161 -0.953276 2.009850
0.290727 -0.614691 2.434960
0.266734 -0.776510 2.097430
0.158245 -1.011990 2.188320
0.151701 -0.888051 2.167650
0.191750 -0.547445 2.427300
0.182798 -0.513601 2.423660
0.094886 -0.377875 2.387610
0.159074 -0.206628 2.443850
0.077706 -0.486669 2.250430
0.041235 -0.373452 2.369410
0.079013 -0.505434 2.196870
0.083835 -0.542935 2.152420
0.233733 -0.564484 2.112070
0.314948 -0.444723 2.291380
0.276524 -0.573109 2.154930
0.294612 -0.621666 2.128400
0.126257 -0.560102 2.428720
0.199308 -0.623403 2.073960
0.144774 -0.896399 2.046510
0.096030 -0.953280 2.009940
0.290341 -0.614610 2.434990
0.266753 -0.777468 2.097680
0.157872 -1.010160 2.184670
0.152017 -0.888796 2.162400
0.191383 -0.547769 2.427200
0.182433 -0.513812 2.423580
0.096003 -0.339803 2.388370
0.155235 -0.179485 2.442760
0.077765 -0.467389 2.246310
0.034267 -0.385171 2.378640
0.076498 -0.503398 2.199850
0.084142 -0.541408 2.152250
0.233977 -0.564472 2.112210
0.315048 -0.444676 2.291530
0.276678 -0.573010 2.155080
0.294853 -0.621514 2.128690
0.125844 -0.559821 2.428620
0.199419 -0.623372 2.073990
0.144611 -0.896436 2.046770
0.095707 -0.953004 2.010030
0.288925 -0.615247 2.434570
0.266795 -0.778306 2.097880
0.157676 -1.005730 2.173310
0.152661 -0.890294 2.149810
0.191078 -0.548074 2.427100
0.182089 -0.513978 2.423510
0.094463 -0.338283 2.388410
0.155045 -0.176676 2.442740
0.077108 -0.465268 2.244840
0.033133 -0.388828 2.379710
0.077102 -0.504186 2.198950
0.085189 -0.541921 2.150800
0.234218 -0.564450 2.112350
0.315169 -0.444648 2.291690
0.276814 -0.572927 2.155210
0.295074 -0.621385 2.128950
0.126025 -0.559987 2.428350
0.199543 -0.623338 2.074020
0.144507 -0.896468 2.047060
0.095640 -0.952942 2.010070
0.287824 -0.615683 2.434270
0.266644 -0.779194 2.098100
0.158734 -1.002640 2.160750
0.153938 -0.893219 2.136550
0.190803 -0.547976 2.427110
0.181722 -0.513835 2.423540
0.093050 -0.340918 2.388420
0.154624 -0.175885 2.442950
0.076414 -0.464228 2.243540
0.032363 -0.392666 2.380560
0.077326 -0.505583 2.197700
0.086144 -0.542907 2.148580
0.238172 -0.564655 2.114790
0.316347 -0.444064 2.293530
0.277164 -0.572221 2.155920
0.295555 -0.620556 2.129910
0.126774 -0.559116 2.428970
0.199667 -0.623306 2.074050
0.144490 -0.896488 2.047050
0.096216 -0.952774 2.009060
0.287217 -0.615602 2.434170
0.260009 -0.756840 2.091640
0.216711 -0.869518 1.870950
0.180795 -0.892061 1.834250
0.191299 -0.548091 2.427200
0.181795 -0.513805 2.423580
0.092487 -0.344426 2.388300
0.154553 -0.176765 2.443260
0.075398 -0.465640 2.242930
0.031719 -0.393059 2.380250
0.077518 -0.506492 2.196860
0.086932 -0.544677 2.146450
0.239028 -0.564632 2.115440
0.316768 -0.443908 2.294200
0.277368 -0.571940 2.156250
0.295851 -0.620205 2.130400
0.130078 -0.557419 2.430440
0.199809 -0.623274 2.074070
0.144551 -0.896501 2.046900
0.096577 -0.952709 2.008400
0.287268 -0.615870 2.433990
0.262277 -0.767929 2.094460
0.238240 -0.860081 2.027290
0.158553 -0.851544 2.011760
0.191680 -0.548277 2.427260
0.181855 -0.513842 2.423600
0.092193 -0.349815 2.388280
0.154646 -0.178867 2.443630
0.074557 -0.467666 2.242800
0.031025 -0.393059 2.379800
0.077404 -0.507749 2.195830
0.087632 -0.546388 2.144460
0.239537 -0.564660 2.115780
0.316995 -0.443885 2.294530
0.277492 -0.571805 2.156410
0.296041 -0.620032 2.130660
0.132698 -0.556474 2.431460
0.199943 -0.623245 2.074100
0.144612 -0.896513 2.046770
0.096807 -0.952670 2.007990
0.287165 -0.616083 2.433860
0.264021 -0.762641 2.093330
0.265252 -0.824208 1.842380
0.192748 -0.882887 1.807570
0.184040 -0.517750 2.430100
0.178431 -0.499471 2.425080
0.092451 -0.355793 2.388520
0.154642 -0.181441 2.443930
0.074215 -0.468826 2.242860
0.031292 -0.390221 2.377870
0.073305 -0.505219 2.200550
0.085744 -0.545600 2.146770
0.240521 -0.564736 2.116250
0.317390 -0.443870 2.295090
0.277658 -0.571571 2.156660
0.296275 -0.619747 2.131010
0.107671 -0.508823 2.434110
0.200062 -0.623223 2.074130
0.147808 -0.893505 2.040200
0.100500 -0.950631 2.002310
0.297900 -0.606400 2.438240
0.265450 -0.758641 2.092520
0.270745 -0.815519 1.795330
0.200832 -0.898370 1.755410
0.186204 -0.521929 2.429650
0.177947 -0.497366 2.425290
0.092558 -0.359744 2.388610
0.189499 -0.180710 2.448600
0.073938 -0.469586 2.242980
0.028866 -0.390225 2.377430
0.068723 -0.502306 2.206190
0.083744 -0.543329 2.150260
0.240969 -0.564754 2.116400
0.317280 -0.441898 2.294180
0.277909 -0.571434 2.157080
0.296601 -0.619577 2.131560
0.127565 -0.527418 2.430990
0.200178 -0.623202 2.074150
0.148156 -0.893265 2.039840
0.101008 -0.950419 2.001810
0.299144 -0.604926 2.439020
0.266542 -0.755704 2.091920
0.275798 -0.811162 1.768300
0.206466 -0.903647 1.727410
0.189640 -0.526391 2.429270
0.178193 -0.496253 2.425410
0.092672 -0.362647 2.388680
0.204066 -0.180536 2.453160
0.073725 -0.471048 2.243460
0.028354 -0.390157 2.377280
0.066001 -0.500639 2.209680
0.080195 -0.540341 2.155280
0.241225 -0.564740 2.116470
0.317411 -0.442042 2.294320
0.278018 -0.571362 2.157190
0.296748 -0.619486 2.131740
0.139567 -0.537359 2.429720
0.200285 -0.623184 2.074180
0.148367 -0.893181 2.039680
0.101317 -0.950412 2.001690
0.300150 -0.603758 2.439550
0.267091 -0.752862 2.091450
0.275270 -0.810669 1.753940
0.209370 -0.906212 1.710350
0.191982 -0.530717 2.428920
0.178698 -0.496258 2.425430
0.092869 -0.365066 2.388750
0.211152 -0.180524 2.455130
0.073606 -0.472489 2.244020
0.028880 -0.388656 2.376750
0.063766 -0.499287 2.212550
0.076489 -0.538268 2.160070
0.241377 -0.564713 2.116460
0.317523 -0.442341 2.294480
0.278134 -0.571314 2.157260
0.296868 -0.619420 2.131860
0.144198 -0.542927 2.429430
0.200385 -0.623168 2.074200
0.148500 -0.893155 2.039560
0.101518 -0.950418 2.001580
0.300372 -0.602969 2.439840
0.268617 -0.771856 2.096410
0.156827 -0.952301 2.036950
0.155174 -0.895231 2.008730
0.193594 -0.535355 2.428390
0.179917 -0.499114 2.425090
0.098379 -0.373340 2.388530
0.215792 -0.181231 2.456460
0.073555 -0.474177 2.244450
0.029856 -0.386157 2.375210
0.060781 -0.497037 2.214980
0.073037 -0.536147 2.163180
0.241383 -0.564658 2.116360
0.317556 -0.442377 2.294500
0.278233 -0.571283 2.157330
0.296993 -0.619379 2.131970
0.146756 -0.548005 2.429220
0.200470 -0.623150 2.074220
0.148512 -0.893201 2.039600
0.101608 -0.950393 2.001490
0.298241 -0.603476 2.439270
0.269354 -0.781778 2.098920
0.131200 -0.978934 2.087060
0.143565 -0.893436 2.066840
0.193939 -0.537938 2.427930
0.180318 -0.501061 2.424780
0.099228 -0.375228 2.388480
0.219065 -0.181336 2.457260
0.070968 -0.473494 2.244380
0.042237 -0.394254 2.383610
0.057617 -0.493674 2.217330
0.066761 -0.529978 2.165200
0.241284 -0.564580 2.116200
0.317566 -0.442448 2.294510
0.278361 -0.571285 2.157380
0.297102 -0.619358 2.132060
0.147463 -0.551263 2.429090
0.200529 -0.623140 2.074230
0.148457 -0.893281 2.039640
0.101703 -0.950361 2.001340
0.295800 -0.604284 2.438540
0.269597 -0.787299 2.100120
0.107170 -1.011230 2.155870
0.132415 -0.891460 2.136090
0.194196 -0.539496 2.427590
0.180647 -0.502563 2.424470
0.099742 -0.376552 2.388380
0.177930 -0.196053 2.444670
0.068097 -0.472770 2.244170
0.050663 -0.399176 2.388200
0.067716 -0.511797 2.199110
0.070532 -0.541508 2.149440
0.241144 -0.564631 2.116050
0.317488 -0.442710 2.294390
0.278454 -0.571330 2.157390
0.297207 -0.619394 2.132090
0.147622 -0.551745 2.429700
0.200574 -0.623128 2.074230
0.148450 -0.893312 2.039460
0.101759 -0.950348 2.000990
0.294762 -0.605851 2.437160
0.269505 -0.790658 2.100900
0.101501 -1.019990 2.173480
0.126809 -0.890659 2.167730
0.197223 -0.533688 2.428680
0.182084 -0.501738 2.424420
0.100052 -0.377849 2.388220
0.164550 -0.202850 2.440390
0.067463 -0.473644 2.245100
0.049527 -0.389107 2.383900
0.064378 -0.505521 2.205950
0.068369 -0.539940 2.152860
0.240788 -0.564760 2.115720
0.317286 -0.442809 2.294150
0.278570 -0.571431 2.157390
0.297297 -0.619437 2.132130
0.174810 -0.537429 2.439180
0.200595 -0.623118 2.074240
0.148478 -0.893277 2.038920
0.101878 -0.950528 2.000900
0.282767 -0.570738 2.438780
0.267976 -0.790633 2.101530
0.227276 -0.846231 2.105620
0.141530 -0.820881 2.139040
0.201773 -0.525237 2.429700
0.186477 -0.497733 2.424320
0.102463 -0.381554 2.388070
0.154647 -0.208537 2.437150
0.067381 -0.474800 2.246180
0.049754 -0.383259 2.381350
0.061729 -0.500577 2.211310
0.066196 -0.538127 2.156560
0.236146 -0.564781 2.113660
0.315960 -0.443647 2.292780
0.278636 -0.571866 2.157100
0.297376 -0.619851 2.131880
0.193857 -0.526148 2.438830
0.200599 -0.623099 2.074250
0.148486 -0.893322 2.038820
0.101913 -0.951769 2.002740
0.277532 -0.554164 2.440940
0.266087 -0.789384 2.101930
0.234954 -0.833772 2.119130
0.148216 -0.788329 2.125690
0.204398 -0.519648 2.430240
0.189509 -0.494465 2.424160
0.103615 -0.383724 2.387960
0.151186 -0.207236 2.436640
0.067013 -0.475230 2.246700
0.050459 -0.379880 2.380440
0.065769 -0.505620 2.203620
0.069624 -0.544779 2.149530
0.231127 -0.565086 2.111240
0.313891 -0.444429 2.290540
0.278748 -0.572587 2.156650
0.297507 -0.620554 2.131470
0.200608 -0.522148 2.439390
0.200543 -0.623065 2.074250
0.142246 -0.892406 2.044680
0.094021 -0.952797 2.014800
0.274706 -0.546606 2.441260
0.265104 -0.789047 2.101990
0.263072 -0.795021 2.105170
0.153230 -0.771180 2.110370
0.205906 -0.515413 2.430460
0.191571 -0.491643 2.423990
0.104422 -0.385318 2.387850
0.151446 -0.203252 2.437380
0.066725 -0.475585 2.247130
0.050451 -0.377356 2.379670
0.063267 -0.500430 2.210950
0.067956 -0.542420 2.155120
0.229335 -0.565288 2.110460
0.312896 -0.444652 2.289590
0.278821 -0.572907 2.156470
0.297591 -0.620864 2.131320
0.204720 -0.519566 2.439610
0.200458 -0.623025 2.074250
0.137052 -0.891687 2.049640
0.088594 -0.953515 2.022960
0.273028 -0.542017 2.441530
0.264655 -0.789158 2.102060
0.203472 -0.925791 2.109680
0.159172 -0.835943 2.099940
0.206810 -0.512654 2.430580
0.192982 -0.489599 2.423840
0.104985 -0.386491 2.387760
0.153894 -0.216577 2.431260
0.066497 -0.475877 2.247490
0.049452 -0.373990 2.378000
0.061521 -0.496609 2.216320
0.066680 -0.540208 2.160780
0.227243 -0.565666 2.109430
0.311486 -0.445005 2.288160
0.278948 -0.573543 2.156150
0.297735 -0.621491 2.131030
0.206563 -0.517932 2.439620
0.200338 -0.622983 2.074260
0.133176 -0.891140 2.053340
0.084612 -0.954010 2.028990
0.271751 -0.538962 2.441550
0.264337 -0.789116 2.102020
0.185847 -0.961268 2.107210
0.160226 -0.870690 2.093820
0.207377 -0.510773 2.430650
0.193948 -0.488101 2.423720
0.105366 -0.387303 2.387680
0.154410 -0.221335 2.428940
0.066310 -0.476088 2.247770
0.037730 -0.371740 2.374880
0.060454 -0.494057 2.219620
0.067036 -0.537924 2.165260
0.225224 -0.565874 2.108530
0.310155 -0.445236 2.286850
0.279044 -0.574720 2.155730
0.297819 -0.622163 2.130800
0.206013 -0.517277 2.439390
0.200196 -0.622943 2.074260
0.130294 -0.890739 2.056110
0.081784 -0.954349 2.033260
0.270824 -0.537696 2.441320
0.264137 -0.789054 2.101950
0.166912 -0.992904 2.107810
0.159996 -0.888125 2.090090
0.213388 -0.481411 2.413780
0.204925 -0.437457 2.417770
0.180599 -0.152356 2.413650
0.176718 0.063271 2.397740
0.087880 -0.263302 2.361880
0.038864 -0.401114 2.334170
0.065364 -0.522134 2.188550
0.070905 -0.553903 2.150470
0.282693 -0.196931 2.397410
0.325910 -0.417666 2.328720
0.282372 -0.560614 2.169760
0.301212 -0.608178 2.144850
0.184404 -0.521933 2.400900
0.200018 -0.622938 2.074160
0.125587 -0.890064 2.065190
0.097967 -0.942745 2.029130
0.269767 -0.528212 2.435340
0.264006 -0.789009 2.101860
0.157698 -1.008210 2.108130
0.159573 -0.898354 2.087870
0.214691 -0.474300 2.407770
0.208989 -0.418190 2.415220
0.196728 -0.107955 2.418940
0.179451 0.107438 2.389850
0.091848 -0.220460 2.384770
0.040648 -0.420637 2.309560
0.069086 -0.538747 2.169320
0.074237 -0.565273 2.138890
0.289382 -0.153023 2.430650
0.335618 -0.401352 2.354070
0.286169 -0.543678 2.186330
0.303413 -0.598833 2.154170
0.165853 -0.534142 2.384340
0.199818 -0.622925 2.074140
0.123336 -0.888958 2.073870
0.112359 -0.933243 2.027170
0.268693 -0.523012 2.424450
0.263910 -0.788981 2.101810
0.152186 -1.017890 2.108250
0.159234 -0.904984 2.086370
0.213023 -0.463470 2.403460
0.209323 -0.399987 2.414300
0.209249 -0.062869 2.418130
0.180925 0.153115 2.380280
0.068763 -0.183326 2.401120
0.041407 -0.428706 2.299590
0.070719 -0.546206 2.160540
0.076457 -0.573026 2.130510
0.301053 -0.141347 2.441280
0.339264 -0.395130 2.363640
0.304056 -0.535619 2.222310
0.315777 -0.591061 2.180330
0.151704 -0.527043 2.384650
0.199325 -0.622848 2.074280
0.126858 -0.889907 2.082470
0.130306 -0.928620 2.026010
0.266195 -0.517121 2.414720
0.263856 -0.788954 2.101740
0.148002 -1.023370 2.108940
0.158320 -0.909570 2.085460
0.208890 -0.454407 2.402020
0.207802 -0.388825 2.414180
0.208994 -0.060364 2.412600
0.181778 0.149476 2.372390
0.059592 -0.179895 2.400390
0.041584 -0.433400 2.293550
0.072039 -0.550520 2.155490
0.078835 -0.578266 2.124680
0.305838 -0.145943 2.437150
0.341447 -0.391271 2.369510
0.303261 -0.524299 2.229500
0.316746 -0.582010 2.188560
0.140638 -0.521219 2.387730
0.198824 -0.622764 2.074450
0.131923 -0.890836 2.090510
0.143252 -0.926049 2.026360
0.261381 -0.510511 2.410810
0.263786 -0.788935 2.101700
0.146423 -1.026350 2.109240
0.157360 -0.913124 2.084840
0.204680 -0.447159 2.401420
0.205922 -0.381186 2.413690
0.209951 -0.059136 2.402090
0.182584 0.144617 2.356670
0.043502 -0.167588 2.395770
0.040246 -0.436954 2.291730
0.074057 -0.552242 2.152580
0.081896 -0.580743 2.120680
0.309450 -0.149784 2.430530
0.342886 -0.388980 2.372960
0.305041 -0.520508 2.235130
0.318666 -0.577925 2.194570
0.130444 -0.515336 2.389900
0.198277 -0.622716 2.074640
0.135032 -0.891511 2.096080
0.150257 -0.924636 2.026780
0.258471 -0.505876 2.408880
0.263721 -0.788914 2.101680
0.230160 -0.856070 2.088560
0.154833 -0.852638 2.074060
0.185343 -0.424682 2.398130
0.187630 -0.363333 2.406700
0.185932 -0.057356 2.377330
0.185545 0.139906 2.338770
0.030651 -0.149696 2.392310
0.036481 -0.437405 2.294890
0.076665 -0.550878 2.153400
0.084848 -0.581979 2.118550
0.318334 -0.148012 2.422780
0.343449 -0.388039 2.373480
0.306220 -0.518152 2.238780
0.320067 -0.575248 2.198780
0.112901 -0.499966 2.389950
0.196002 -0.628646 2.077270
0.133558 -0.895528 2.099760
0.150686 -0.928381 2.026620
0.253076 -0.497300 2.408280
0.263599 -0.788662 2.101920
0.197183 -0.926286 2.098970
0.150528 -0.860575 2.076040
0.179960 -0.416146 2.396240
0.181869 -0.355812 2.402730
0.174733 -0.067840 2.356760
0.187352 0.120113 2.318270
0.022301 -0.154472 2.378130
0.030689 -0.436113 2.299550
0.079941 -0.548065 2.157420
0.089047 -0.582266 2.118300
0.328448 -0.156680 2.406460
0.343384 -0.388767 2.371200
0.306592 -0.518066 2.239720
0.321036 -0.573436 2.201680
0.105761 -0.493458 2.389800
0.194229 -0.633489 2.079270
0.130985 -0.899465 2.102040
0.147144 -0.933717 2.026230
0.253047 -0.490408 2.407590
0.263493 -0.788348 2.102370
0.186358 -0.946230 2.101850
0.146003 -0.868176 2.077970
0.177283 -0.411093 2.394870
0.179083 -0.351410 2.399240
0.168890 -0.085088 2.337870
0.188769 0.097113 2.296280
0.018967 -0.162883 2.361260
0.026091 -0.434431 2.303570
0.075467 -0.556478 2.176440
0.089326 -0.591590 2.128870
0.333209 -0.179130 2.374760
0.343068 -0.398432 2.360550
0.305527 -0.528630 2.232380
0.321816 -0.574622 2.202740
0.101822 -0.489728 2.389600
0.191052 -0.653637 2.083230
0.110301 -0.912307 2.097540
0.119619 -0.950916 2.019570
0.254814 -0.484741 2.407050
0.263327 -0.788116 2.103100
0.177711 -0.964298 2.104390
0.142542 -0.877231 2.080360
0.176112 -0.407841 2.393310
0.178147 -0.349921 2.394220
0.168225 -0.100232 2.320920
0.189837 0.084642 2.280760
0.019327 -0.173509 2.339430
0.022405 -0.432817 2.306560
0.074670 -0.559334 2.184600
0.090739 -0.596789 2.135860
0.336463 -0.193504 2.350700
0.342840 -0.407570 2.350860
0.305479 -0.535047 2.228790
0.322666 -0.578986 2.202060
0.099648 -0.487111 2.389360
0.189652 -0.662684 2.084930
0.098147 -0.919865 2.094370
0.104420 -0.960840 2.016050
0.256680 -0.481048 2.406650
0.263285 -0.788047 2.103760
0.169258 -0.975991 2.106270
0.139341 -0.883400 2.082150
0.177269 -0.407194 2.390090
0.179741 -0.352730 2.384960
0.172709 -0.117233 2.296670
0.193916 0.069260 2.254550
0.022230 -0.182782 2.316110
0.019853 -0.431801 2.308190
0.071905 -0.563328 2.191480
0.089495 -0.603382 2.143650
0.338385 -0.202504 2.333300
0.342793 -0.414967 2.342810
0.307050 -0.550084 2.222310
0.324346 -0.586791 2.200510
0.099419 -0.485548 2.388760
0.188898 -0.667797 2.085860
0.090374 -0.924625 2.092410
0.095188 -0.967414 2.014540
0.258591 -0.478818 2.406110
0.263498 -0.788319 2.104430
0.161654 -0.983823 2.107390
0.136695 -0.887671 2.083380
0.180798 -0.409689 2.383450
0.183319 -0.359217 2.371210
0.177929 -0.132676 2.273170
0.197748 0.057868 2.226570
0.025809 -0.190764 2.293680
0.018112 -0.431198 2.308850
0.069789 -0.566625 2.195570
0.088063 -0.609080 2.149570
0.339820 -0.209277 2.311760
0.343180 -0.420513 2.336000
0.312718 -0.566939 2.220800
0.328755 -0.599117 2.200290
0.100982 -0.485149 2.387440
0.188401 -0.671064 2.086470
0.085582 -0.927891 2.091200
0.089217 -0.972225 2.013890
0.261175 -0.477955 2.404420
0.264021 -0.789480 2.104920
0.235861 -0.856643 2.090750
0.145916 -0.860121 2.079310
0.186511 -0.414144 2.372470
0.188113 -0.366254 2.354770
0.182058 -0.143853 2.250010
0.200639 0.048245 2.197200
0.028921 -0.195778 2.270990
0.016465 -0.430891 2.306590
0.068334 -0.570818 2.197220
0.087165 -0.614976 2.153670
0.339180 -0.211525 2.287310
0.343856 -0.425583 2.327850
0.315157 -0.578606 2.219380
0.331496 -0.610625 2.199370
0.105220 -0.485928 2.383960
0.188076 -0.673362 2.086860
0.082167 -0.930117 2.090620
0.084744 -0.975877 2.014130
0.265485 -0.478405 2.399610
0.264647 -0.790796 2.105260
0.255468 -0.824183 2.085870
0.152493 -0.842950 2.076330
0.192959 -0.417658 2.356640
0.193215 -0.371419 2.335970
0.186848 -0.152877 2.227330
0.203478 0.041741 2.168570
0.032395 -0.200233 2.248850
0.015777 -0.430968 2.296880
0.063322 -0.580591 2.197620
0.082158 -0.626314 2.159540
0.340589 -0.212972 2.261280
0.344342 -0.433315 2.312750
0.315888 -0.593909 2.218800
0.333015 -0.626031 2.198400
0.109966 -0.486475 2.379570
0.187943 -0.674986 2.087000
0.079887 -0.931757 2.090170
0.081745 -0.978814 2.014480
0.273442 -0.479750 2.380590
0.265299 -0.792136 2.105460
0.271492 -0.797792 2.081980
0.156577 -0.832482 2.074420
0.196979 -0.420373 2.343120
0.196166 -0.374993 2.320730
0.189189 -0.158250 2.208160
0.206793 0.036673 2.140700
0.037257 -0.202275 2.221540
0.016567 -0.431244 2.282720
0.061480 -0.586798 2.192780
0.080294 -0.632390 2.160560
0.341335 -0.214070 2.235890
0.344092 -0.440208 2.297510
0.316417 -0.605025 2.215720
0.334166 -0.639036 2.195190
0.115499 -0.486663 2.369890
0.188157 -0.676092 2.086670
0.078259 -0.933123 2.089870
0.079753 -0.981635 2.015350
0.277419 -0.480812 2.369910
0.265939 -0.793376 2.105520
0.278833 -0.785911 2.080090
0.159671 -0.825438 2.072870
0.200814 -0.421720 2.330560
0.199079 -0.376690 2.306950
0.190357 -0.159727 2.187540
0.208876 0.034898 2.119490
0.041201 -0.201453 2.198510
0.018362 -0.430345 2.266310
0.061820 -0.590295 2.181510
0.079430 -0.636743 2.158510
0.341347 -0.213395 2.212430
0.344074 -0.443656 2.284470
0.292608 -0.593838 2.181040
0.318379 -0.638465 2.169060
0.122441 -0.485687 2.357720
0.188902 -0.677047 2.085480
0.077039 -0.934295 2.089680
0.078241 -0.984378 2.016610
0.280680 -0.481178 2.361200
0.266434 -0.794439 2.105280
0.281039 -0.784962 2.078420
0.162112 -0.820512 2.071510
0.205459 -0.418490 2.312130
0.203088 -0.373553 2.287300
0.193443 -0.155811 2.161680
0.210875 0.036589 2.094280
0.044358 -0.196951 2.177240
0.020147 -0.425568 2.249140
0.062447 -0.589773 2.172240
0.079365 -0.638070 2.151580
0.341467 -0.212501 2.196250
0.344249 -0.444769 2.269700
0.264322 -0.566636 2.141430
0.291343 -0.618854 2.128560
0.128750 -0.481730 2.346550
0.190146 -0.677918 2.083420
0.076152 -0.935336 2.089360
0.077239 -0.986717 2.017460
0.285396 -0.475552 2.334670
0.266855 -0.795449 2.104760
0.283136 -0.783297 2.076770
0.164241 -0.816610 2.070250
0.208868 -0.412472 2.298250
0.206115 -0.367870 2.272750
0.195811 -0.150774 2.143650
0.212541 0.041098 2.075190
0.046520 -0.189599 2.158330
0.023126 -0.417701 2.226960
0.065490 -0.584879 2.154660
0.080034 -0.638300 2.143900
0.341598 -0.210337 2.183900
0.344444 -0.443400 2.256900
0.254328 -0.558515 2.127350
0.279071 -0.610742 2.110420
0.134285 -0.474746 2.336080
0.191630 -0.678757 2.080910
0.075655 -0.936505 2.088620
0.076773 -0.988925 2.017910
0.288066 -0.468633 2.320470
0.267177 -0.796403 2.103940
0.280229 -0.789489 2.075350
0.165902 -0.813647 2.069020
0.211343 -0.402230 2.284740
0.208596 -0.356993 2.257840
0.198452 -0.136620 2.121450
0.215005 0.052624 2.054510
0.048964 -0.174326 2.139080
0.026225 -0.402716 2.207540
0.077880 -0.562508 2.128580
0.088889 -0.625579 2.124720
0.343054 -0.195885 2.162270
0.345967 -0.426779 2.239370
0.250376 -0.548641 2.115980
0.274166 -0.600204 2.096130
0.139161 -0.463623 2.322780
0.193063 -0.679618 2.078300
0.075299 -0.937756 2.087710
0.076356 -0.991143 2.018220
0.289333 -0.457137 2.309280
0.267399 -0.797233 2.102990
0.277991 -0.794510 2.074630
0.167385 -0.811340 2.067960
0.211722 -0.387282 2.273060
0.208762 -0.340830 2.245200
0.196384 -0.113747 2.105120
0.217434 0.067073 2.037530
0.050586 -0.156383 2.125380
0.027856 -0.385605 2.191770
0.081725 -0.550695 2.120240
0.092719 -0.617247 2.116990
0.344183 -0.183663 2.149310
0.347424 -0.412593 2.225510
0.249166 -0.541858 2.111040
0.271102 -0.595461 2.089280
0.142210 -0.448519 2.311030
0.194228 -0.680332 2.076010
0.073654 -0.938534 2.084820
0.075039 -0.992599 2.017350
0.288238 -0.441723 2.299780
0.216227 -0.793112 2.098730
0.366653 -0.807080 2.087450
0.266616 -0.809549 2.076810
0.211912 -0.370335 2.263280
0.209142 -0.322395 2.234660
0.197375 -0.087205 2.092090
0.221045 0.097227 2.021350
0.052278 -0.127251 2.112920
0.030041 -0.358083 2.176460
0.087737 -0.525463 2.112470
0.099456 -0.597908 2.107660
0.346938 -0.155860 2.134080
0.347969 -0.383575 2.207200
0.260134 -0.532755 2.123410
0.273772 -0.589078 2.091010
0.143837 -0.429193 2.298570
0.194918 -0.680744 2.074630
0.071282 -0.938558 2.080410
0.073014 -0.993414 2.015170
0.287220 -0.426917 2.293210
0.188723 -0.787186 2.098230
0.414072 -0.808291 2.100100
0.322763 -0.805151 2.086700
0.211779 -0.346062 2.252660
0.208941 -0.297664 2.224190
0.196148 -0.060546 2.083710
0.222616 0.118741 2.012250
0.054045 -0.104526 2.105400
0.032341 -0.336845 2.165670
0.088602 -0.509058 2.111870
0.101655 -0.583468 2.105120
0.349708 -0.125962 2.125240
0.349190 -0.348149 2.193070
0.272443 -0.513911 2.130990
0.281052 -0.574736 2.094950
0.144565 -0.407580 2.285140
0.195626 -0.681050 2.073130
0.068932 -0.937913 2.075590
0.071058 -0.993439 2.012200
0.286600 -0.399296 2.285340
0.177061 -0.777919 2.100580
0.436615 -0.810117 2.117460
0.346898 -0.804890 2.097940
0.209008 -0.315952 2.242230
0.205600 -0.264393 2.213310
0.189484 -0.014529 2.073280
0.222878 0.149449 2.004720
0.056076 -0.075248 2.099100
0.034957 -0.309444 2.154350
0.084765 -0.486852 2.115880
0.099906 -0.563800 2.107020
0.353053 -0.101120 2.124120
0.349461 -0.329795 2.186290
0.280394 -0.499941 2.132530
0.288270 -0.560888 2.097080
0.141623 -0.377353 2.268730
0.195979 -0.681044 2.072260
0.066388 -0.935488 2.071100
0.068998 -0.991483 2.008860
0.284752 -0.374554 2.279980
0.194336 -0.753691 2.092350
0.257276 -0.924913 1.998970
0.246946 -0.953623 1.951160
0.207565 -0.290099 2.234780
0.204226 -0.239619 2.206600
0.187550 0.009239 2.069440
0.222890 0.177793 1.999110
0.058112 -0.045412 2.094250
0.036715 -0.280806 2.145160
0.078405 -0.460851 2.117600
0.094920 -0.538993 2.108480
0.359015 -0.064862 2.125340
0.349886 -0.302127 2.178860
0.288316 -0.465162 2.119100
0.296968 -0.532633 2.091520
0.140091 -0.355494 2.258730
0.195934 -0.679684 2.071740
0.070156 -0.932975 2.074020
0.073743 -0.988928 2.012730
0.283295 -0.347690 2.274550
0.201115 -0.740003 2.091470
0.215604 -0.953187 1.976870
0.228721 -0.993251 1.915630
0.207135 -0.264604 2.229780
0.204037 -0.214506 2.202000
0.188234 0.032838 2.067430
0.223207 0.211632 1.996340
0.058328 -0.019246 2.091460
0.036589 -0.255097 2.139640
0.074429 -0.445550 2.118480
0.091094 -0.523028 2.109810
0.360692 -0.035269 2.125480
0.352261 -0.265071 2.171620
0.298032 -0.431948 2.114150
0.308022 -0.500685 2.089620
0.139292 -0.333044 2.251880
0.194275 -0.660773 2.073220
0.080362 -0.925132 2.080030
0.084972 -0.980762 2.019170
0.282550 -0.318872 2.270530
0.206717 -0.722906 2.093520
0.193977 -0.971132 2.032350
0.220416 -1.020130 1.954750
0.207223 -0.233073 2.225560
0.204489 -0.181981 2.197860
0.190938 0.071943 2.064820
0.222245 0.251910 1.997790
0.057240 0.015955 2.089390
0.033288 -0.218974 2.136230
0.072704 -0.431629 2.118390
0.089570 -0.510606 2.110380
0.357213 0.006676 2.118650
0.352704 -0.228962 2.163810
0.306393 -0.403193 2.114410
0.318368 -0.469830 2.090580
0.139326 -0.302426 2.246720
0.191452 -0.651012 2.075760
0.093081 -0.915356 2.084390
0.097700 -0.970801 2.023340
0.281663 -0.283151 2.265420
0.211480 -0.698991 2.099870
0.190157 -0.961827 2.067830
0.217847 -1.017210 1.979790
0.207538 -0.202981 2.220990
0.205150 -0.152787 2.193880
0.192980 0.097200 2.063940
0.222200 0.276954 1.999630
0.055937 0.045273 2.088930
0.029521 -0.188827 2.135450
0.071760 -0.423181 2.118310
0.082965 -0.487060 2.107110
0.356662 0.031573 2.114230
0.354949 -0.202478 2.161250
0.311557 -0.386929 2.113800
0.320245 -0.445566 2.094060
0.138969 -0.273462 2.242670
0.184117 -0.631307 2.086030
0.105624 -0.903437 2.087300
0.109628 -0.958738 2.025810
0.281684 -0.256551 2.259770
0.218991 -0.600838 2.111220
0.212567 -0.860236 2.100130
0.235235 -0.945204 2.081340
0.207415 -0.178693 2.217940
0.205353 -0.127201 2.191200
0.195369 0.130760 2.064770
0.221131 0.304181 2.003400
0.054501 0.077929 2.090340
0.015192 -0.147411 2.145960
0.067755 -0.400939 2.119450
0.079686 -0.471891 2.105930
0.356139 0.051764 2.111600
0.356140 -0.183746 2.158550
0.314478 -0.377801 2.112890
0.320990 -0.434034 2.095310
0.138398 -0.246671 2.239830
0.177656 -0.616212 2.094840
0.117760 -0.888298 2.090260
0.120887 -0.942997 2.027990
0.281209 -0.234793 2.255200
0.221998 -0.541409 2.118400
0.209166 -0.833902 2.117570
0.246937 -0.903039 2.136070
0.206516 -0.156850 2.215470
0.204846 -0.103692 2.189320
0.197683 0.163662 2.067920
0.220434 0.345908 2.011400
0.052862 0.110535 2.092250
0.007878 -0.114917 2.150170
0.060673 -0.370357 2.121330
0.078063 -0.463431 2.105280
0.354085 0.080964 2.111180
0.358040 -0.157482 2.154920
0.318540 -0.370520 2.111170
0.322332 -0.425956 2.095600
0.137223 -0.220752 2.236930
0.171597 -0.602126 2.102460
0.136156 -0.845738 2.095440
0.163887 -0.887934 2.099720
0.279734 -0.217211 2.251110
0.222639 -0.529907 2.119890
0.215254 -0.810340 2.126280
0.242095 -0.872847 2.120810
0.204947 -0.134788 2.211870
0.203721 -0.079430 2.186370
0.199509 0.200462 2.070180
0.219617 0.374802 2.017250
0.051004 0.139777 2.094930
-0.005409 -0.079431 2.158370
0.047352 -0.330495 2.126600
0.070884 -0.403098 2.121050
0.351554 0.104225 2.111110
0.359942 -0.135227 2.152370
0.339814 -0.332844 2.112240
0.326715 -0.403735 2.097310
0.135888 -0.198244 2.232780
0.167656 -0.578676 2.115050
0.144691 -0.821914 2.099180
0.204502 -0.857238 2.152040
0.276520 -0.195903 2.244430
0.225231 -0.515999 2.123810
0.217783 -0.799004 2.131610
0.237743 -0.857518 2.105730
0.203719 -0.116404 2.207310
0.202824 -0.059513 2.182730
0.200080 0.229194 2.072400
0.217505 0.405388 2.026120
0.049679 0.160931 2.097410
0.000847 -0.058467 2.149290
0.047099 -0.285003 2.119030
0.063071 -0.358085 2.119380
0.348615 0.125911 2.110350
0.363694 -0.111982 2.151940
0.350724 -0.315082 2.112880
0.333282 -0.391340 2.097940
0.135096 -0.180148 2.227200
0.166074 -0.567806 2.120200
0.149352 -0.811388 2.101840
0.233853 -0.836753 2.170720
0.273816 -0.177116 2.236400
0.227733 -0.512089 2.127830
0.221193 -0.794573 2.134750
0.248015 -0.858422 2.119790
0.202692 -0.092492 2.198850
0.202141 -0.035370 2.176530
0.200412 0.254933 2.075370
0.215592 0.435714 2.036210
0.047230 0.184203 2.102400
-0.023372 -0.022134 2.166170
0.013266 -0.213222 2.132020
0.035204 -0.284435 2.129860
0.345852 0.158662 2.111040
0.366488 -0.080262 2.149200
0.363685 -0.294590 2.114200
0.349539 -0.372005 2.100200
0.134489 -0.158043 2.217670
0.165104 -0.550556 2.125290
0.151360 -0.804934 2.104740
0.241583 -0.831572 2.172040
0.271719 -0.154588 2.223550
0.229496 -0.511610 2.132290
0.225167 -0.798221 2.136560
0.242881 -0.857619 2.102800
0.202017 -0.075627 2.191820
0.201856 -0.018021 2.171340
0.201997 0.276693 2.079000
0.213623 0.457198 2.043700
0.045479 0.202037 2.107460
-0.040150 0.000556 2.177510
-0.011445 -0.165220 2.138670
0.014934 -0.235680 2.134950
0.343882 0.177322 2.111790
0.369343 -0.061582 2.147990
0.379380 -0.255871 2.121280
0.374608 -0.334699 2.108110
0.133841 -0.140980 2.208280
0.165336 -0.536319 2.129310
0.149664 -0.803533 2.109150
0.242382 -0.831089 2.174940
0.270081 -0.137482 2.212610
0.230238 -0.508896 2.134190
0.226882 -0.798545 2.137880
0.238129 -0.857028 2.089330
0.200523 -0.060611 2.184210
0.200698 -0.002977 2.166020
0.201723 0.293888 2.083200
0.210938 0.475066 2.051430
0.044163 0.217512 2.112020
-0.059228 0.029484 2.188750
-0.021333 -0.144416 2.140040
0.007234 -0.214662 2.136110
0.341683 0.195327 2.114620
0.372671 -0.041049 2.150090
0.386613 -0.238032 2.124300
0.390331 -0.314187 2.112890
0.132286 -0.125061 2.197090
0.165458 -0.527548 2.132150
0.145934 -0.806025 2.114090
0.242979 -0.831332 2.175630
0.267902 -0.122967 2.201890
0.230802 -0.506412 2.135370
0.227999 -0.798090 2.138240
0.231787 -0.853907 2.068710
0.199052 -0.047148 2.176090
0.199552 0.010157 2.160610
0.201366 0.308138 2.088270
0.206975 0.491777 2.060270
0.042542 0.231623 2.116970
-0.068780 0.044329 2.194010
-0.027229 -0.135152 2.138300
-0.023440 -0.191605 2.114880
0.339867 0.211207 2.117220
0.374589 -0.025680 2.151580
0.396589 -0.207867 2.128120
0.408926 -0.281797 2.119850
0.130649 -0.112177 2.186020
0.165503 -0.521717 2.134140
0.141621 -0.810477 2.118730
0.236561 -0.837662 2.169560
0.266031 -0.109447 2.190310
0.229050 -0.503082 2.134150
0.226837 -0.796750 2.135790
0.247872 -0.851263 2.105200
0.197222 -0.036328 2.168450
0.198071 0.020964 2.155460
0.200710 0.320715 2.093930
0.203722 0.502361 2.066590
0.041168 0.240896 2.120650
-0.074972 0.053649 2.197130
-0.044560 -0.114625 2.129720
-0.033308 -0.178440 2.109520
0.338415 0.223052 2.119220
0.376573 -0.013429 2.153670
0.401182 -0.195348 2.129650
0.417669 -0.268708 2.122410
0.128062 -0.101199 2.174000
0.165495 -0.517777 2.135510
0.140031 -0.814736 2.122880
0.232965 -0.844978 2.165500
0.264097 -0.099426 2.180760
0.225826 -0.497644 2.129970
0.227252 -0.796271 2.136570
0.240527 -0.845002 2.092680
0.194821 -0.026994 2.160770
0.196144 0.029903 2.150540
0.199622 0.329485 2.098990
0.198903 0.512349 2.073770
0.039659 0.248053 2.124070
-0.079679 0.060603 2.199130
-0.047932 -0.111706 2.121260
-0.071716 -0.156979 2.092040
0.336766 0.235933 2.121800
0.378280 -0.000712 2.155790
0.404276 -0.187473 2.130620
0.423200 -0.260598 2.123950
0.124931 -0.092244 2.162330
0.165622 -0.514707 2.136490
0.138396 -0.818562 2.126160
0.228173 -0.852707 2.163300
0.261636 -0.090687 2.171050
0.221663 -0.491091 2.122750
0.227497 -0.795523 2.136980
0.234495 -0.837640 2.081540
0.192768 -0.020776 2.154910
0.194470 0.036162 2.146670
0.198706 0.336878 2.104370
0.194917 0.519136 2.079700
0.037861 0.253398 2.127360
-0.083071 0.065371 2.200340
-0.058755 -0.104973 2.114880
-0.079641 -0.143937 2.088840
0.335667 0.243489 2.123640
0.379584 0.006936 2.157430
0.406701 -0.182096 2.131110
0.427562 -0.255318 2.124750
0.121965 -0.086350 2.153000
0.165754 -0.512401 2.137140
0.137355 -0.820479 2.128140
0.223700 -0.858996 2.162360
0.259561 -0.085181 2.163840
0.216266 -0.485001 2.112810
0.227584 -0.794634 2.137230
0.229920 -0.831724 2.073170
0.190786 -0.016459 2.149990
0.192802 0.040687 2.143450
0.197187 0.342685 2.109820
0.190979 0.524237 2.086110
0.035421 0.256874 2.130730
-0.085572 0.067874 2.200430
-0.064560 -0.101442 2.111460
-0.082626 -0.135286 2.087650
0.334734 0.249148 2.125670
0.380576 0.012399 2.158800
0.408485 -0.179029 2.130900
0.430822 -0.252430 2.124690
0.119154 -0.082718 2.145350
0.165908 -0.510657 2.137480
0.136471 -0.822060 2.129680
0.220401 -0.863365 2.161980
0.257669 -0.081631 2.157710
0.211398 -0.480567 2.102590
0.227556 -0.793725 2.137270
0.227007 -0.827700 2.067460
0.188350 -0.013369 2.145220
0.190982 0.043696 2.140580
0.194240 0.341105 2.117300
0.186058 0.528761 2.093250
0.032346 0.259022 2.134250
-0.086976 0.068059 2.199280
-0.068590 -0.099894 2.108910
-0.080610 -0.130475 2.088300
0.333717 0.253162 2.127780
0.381255 0.016188 2.159830
0.409547 -0.178045 2.129990
0.432921 -0.251666 2.123760
0.115792 -0.080305 2.137970
0.166075 -0.509146 2.137440
0.135679 -0.823353 2.130920
0.217967 -0.866340 2.161820
0.255039 -0.079470 2.151290
0.206580 -0.477424 2.092100
0.227358 -0.792591 2.137030
0.224938 -0.824568 2.063210
0.185870 -0.011173 2.140830
0.188910 0.046104 2.137880
0.191592 0.344745 2.124320
0.181788 0.531871 2.098950
0.029380 0.260263 2.137530
-0.087382 0.066642 2.197510
-0.071197 -0.100014 2.106980
-0.076324 -0.128319 2.089140
0.332048 0.256874 2.130410
0.381602 0.019304 2.160680
0.409919 -0.179418 2.128250
0.433732 -0.253410 2.121820
0.112839 -0.078647 2.131700
0.166240 -0.507662 2.136830
0.134911 -0.824080 2.131970
0.215880 -0.868320 2.161710
0.252159 -0.078003 2.145090
0.202629 -0.475214 2.082320
0.226947 -0.791072 2.136380
0.223394 -0.821916 2.059840
0.183318 -0.009781 2.136730
0.186764 0.047518 2.135580
0.186803 0.339082 2.131470
0.178869 0.533742 2.102840
0.026086 0.261301 2.141190
-0.086987 0.064177 2.195250
-0.049915 -0.121958 2.089680
-0.037875 -0.171762 2.063510
0.330658 0.259303 2.132550
0.381758 0.021444 2.161270
0.409603 -0.181834 2.126130
0.433188 -0.256351 2.119000
0.110201 -0.077782 2.126320
0.166273 -0.506351 2.135610
0.134427 -0.824548 2.132680
0.209032 -0.869739 2.159300
0.249247 -0.077262 2.139240
0.199395 -0.474020 2.073640
0.226450 -0.789609 2.135490
0.222195 -0.819956 2.057280
0.180884 -0.008968 2.133010
0.184580 0.048193 2.133700
0.182704 0.333124 2.136440
0.176195 0.534772 2.105940
0.022997 0.262031 2.144580
-0.086047 0.061449 2.193100
-0.039663 -0.132477 2.081690
-0.015521 -0.198128 2.048400
0.329271 0.261037 2.134530
0.381378 0.022915 2.161660
0.408944 -0.184298 2.124010
0.431229 -0.259691 2.114850
0.107950 -0.077446 2.121650
0.166027 -0.505219 2.133660
0.134024 -0.824862 2.133230
0.202702 -0.870007 2.156690
0.246624 -0.076922 2.133920
0.196791 -0.473528 2.066160
0.225838 -0.788243 2.134420
0.247090 -0.840177 2.101200
0.178870 -0.008576 2.129860
0.182691 0.048358 2.132340
0.179894 0.328059 2.139640
0.173820 0.535231 2.108290
0.020511 0.262645 2.147400
-0.084648 0.058564 2.190990
-0.041706 -0.131003 2.080400
-0.025359 -0.190562 2.054310
0.327682 0.262434 2.136290
0.379616 0.023910 2.161950
0.407834 -0.187114 2.121710
0.426696 -0.263899 2.109230
0.106268 -0.077400 2.117730
0.165486 -0.504306 2.131100
0.133576 -0.825032 2.133680
0.198114 -0.869851 2.154590
0.244457 -0.076757 2.129450
0.194874 -0.473455 2.059860
0.225243 -0.786999 2.133310
0.236065 -0.829887 2.081010
0.177138 -0.008570 2.127090
0.180937 0.048025 2.131330
0.177841 0.323391 2.141640
0.171038 0.535013 2.110540
0.018331 0.263103 2.149900
-0.083098 0.055929 2.189260
-0.039794 -0.133300 2.076330
-0.054682 -0.181615 2.073250
0.325867 0.263228 2.137840
0.376776 0.024358 2.161740
0.405373 -0.190034 2.118450
0.411106 -0.268723 2.097320
0.104976 -0.077621 2.114390
0.164488 -0.503742 2.128000
0.132974 -0.825058 2.134160
0.193902 -0.869308 2.152310
0.242643 -0.076840 2.125700
0.193695 -0.473810 2.054640
0.224758 -0.786127 2.132350
0.229148 -0.824152 2.068470
0.175623 -0.008774 2.124560
0.179322 0.047382 2.130620
0.176238 0.319368 2.142830
0.167625 0.534136 2.112410
0.016134 0.263232 2.152320
-0.081586 0.053608 2.187910
-0.046790 -0.127526 2.077090
-0.058203 -0.158286 2.076840
0.323844 0.263773 2.139320
0.373255 0.025063 2.160830
0.396924 -0.191985 2.110680
0.393968 -0.270202 2.086360
0.103934 -0.078028 2.111240
0.163316 -0.503423 2.124900
0.132443 -0.825035 2.134570
0.191361 -0.869055 2.150900
0.241143 -0.077034 2.122470
0.192974 -0.474474 2.050440
0.224258 -0.785592 2.131470
0.226431 -0.822207 2.063780
0.174157 -0.009264 2.122070
0.177618 0.046251 2.130130
0.174393 0.314628 2.143430
0.163091 0.532045 2.114290
0.013821 0.262855 2.154670
-0.080158 0.051454 2.186990
-0.052049 -0.123442 2.077980
-0.059867 -0.144072 2.077930
0.321927 0.263905 2.140660
0.368607 0.025917 2.159000
0.389027 -0.190341 2.104280
0.383085 -0.268109 2.080190
0.102990 -0.078711 2.108150
0.161943 -0.503465 2.121830
0.131994 -0.825045 2.134930
0.195828 -0.867864 2.149200
0.239751 -0.077533 2.119390
0.192890 -0.476059 2.046380
0.223867 -0.785535 2.130750
0.224471 -0.821261 2.060410
0.172714 -0.009888 2.119730
0.175869 0.044895 2.129910
0.172742 0.310980 2.143720
0.158836 0.529900 2.115660
0.012024 0.262515 2.156440
-0.079108 0.049978 2.186490
-0.056052 -0.119974 2.078970
-0.060897 -0.135124 2.077800
0.319788 0.263663 2.141870
0.364410 0.026861 2.157090
0.382634 -0.188056 2.099520
0.375374 -0.265654 2.076230
0.102139 -0.079358 2.105370
0.158251 -0.503959 2.118040
0.131509 -0.826156 2.135440
0.144515 -0.885452 2.125390
0.238433 -0.078102 2.116650
0.192802 -0.477610 2.042860
0.223467 -0.785585 2.130000
0.222877 -0.820570 2.057680
0.171316 -0.010554 2.117630
0.174075 0.043416 2.129990
0.170892 0.307918 2.143790
0.154670 0.527738 2.116800
0.010141 0.262162 2.158130
-0.078365 0.048953 2.186240
-0.059158 -0.117121 2.079810
-0.061512 -0.128841 2.076910
0.317452 0.263015 2.142940
0.360122 0.027735 2.154820
0.372743 -0.184206 2.091680
0.364744 -0.261537 2.070620
0.101330 -0.079948 2.102910
0.154768 -0.504470 2.114970
0.131084 -0.827193 2.135880
0.124451 -0.892602 2.115480
0.237261 -0.078718 2.114370
0.192894 -0.479542 2.039620
0.223016 -0.786062 2.129150
0.245101 -0.838035 2.096040
0.169911 -0.011490 2.115620
0.172254 0.041563 2.130280
0.169115 0.305061 2.143630
0.150869 0.525424 2.117880
0.007958 0.261603 2.159800
-0.077871 0.048159 2.186190
-0.061494 -0.114897 2.080420
-0.061394 -0.124832 2.074520
0.314614 0.261770 2.143770
0.356979 0.028234 2.153090
0.360702 -0.164784 2.085740
0.354043 -0.241743 2.067270
0.100491 -0.080789 2.100530
0.151437 -0.505358 2.112440
0.130739 -0.828099 2.136230
0.167373 -0.888695 2.142430
0.236112 -0.079579 2.112290
0.193096 -0.481741 2.036680
0.222045 -0.787329 2.127900
0.253052 -0.844198 2.108890
0.168659 -0.012405 2.113930
0.170540 0.039703 2.130800
0.167035 0.302233 2.143220
0.147333 0.523011 2.118770
0.005665 0.260926 2.161340
-0.077588 0.047496 2.186290
-0.061704 -0.112873 2.076240
-0.059248 -0.144976 2.063180
0.311808 0.260249 2.144670
0.354358 0.028537 2.151560
0.355605 -0.162531 2.081060
0.349589 -0.238956 2.064000
0.099765 -0.081599 2.098580
0.146778 -0.506664 2.110230
0.130396 -0.828747 2.136570
0.170347 -0.885888 2.144090
0.235128 -0.080416 2.110600
0.196206 -0.490387 2.053700
0.221450 -0.794898 2.126950
0.261416 -0.848420 2.115250
0.167244 -0.013443 2.112310
0.168675 0.037748 2.131440
0.164930 0.299805 2.142760
0.143862 0.520818 2.119750
0.003473 0.260145 2.162500
-0.077582 0.046989 2.186670
-0.067734 -0.109209 2.075270
-0.058464 -0.143653 2.059110
0.309251 0.258733 2.145430
0.351929 0.028623 2.150030
0.352323 -0.172998 2.072490
0.347572 -0.248685 2.056070
0.098908 -0.082477 2.096790
0.141850 -0.508118 2.108680
0.130119 -0.829261 2.136850
0.177755 -0.882476 2.147440
0.233980 -0.081414 2.108980
0.198086 -0.495283 2.062560
0.221359 -0.800205 2.124770
0.270019 -0.852171 2.118160
0.165819 -0.014556 2.110850
0.166801 0.035760 2.132160
0.162431 0.297355 2.142090
0.140748 0.518723 2.120550
0.001294 0.259403 2.163280
-0.077682 0.046618 2.187040
-0.071856 -0.106692 2.074470
-0.058264 -0.141868 2.055880
0.306212 0.256539 2.145970
0.349886 0.028472 2.148720
0.351293 -0.181707 2.067030
0.347891 -0.257378 2.050100
0.098077 -0.083358 2.095280
0.136832 -0.509652 2.107770
0.129895 -0.829661 2.137080
0.182003 -0.880245 2.149170
0.232820 -0.082502 2.107510
0.199176 -0.497323 2.066260
0.221985 -0.802917 2.121160
0.273331 -0.855863 2.119370
0.164534 -0.015593 2.109630
0.165117 0.033967 2.132920
0.159975 0.295238 2.141390
0.138011 0.516923 2.121140
-0.000807 0.258709 2.163730
-0.078096 0.046367 2.187480
-0.074795 -0.104935 2.073910
-0.058234 -0.140079 2.053250
0.303361 0.254873 2.146340
0.348320 0.028225 2.147690
0.351345 -0.188990 2.063460
0.349203 -0.264796 2.046060
0.097339 -0.084176 2.094050
0.132114 -0.511099 2.107340
0.129750 -0.829905 2.137290
0.184855 -0.878559 2.149910
0.231800 -0.083464 2.106330
0.201165 -0.496764 2.067460
0.222922 -0.803091 2.115050
0.273508 -0.856551 2.105780
0.163288 -0.016538 2.108580
0.163565 0.032434 2.133650
0.157752 0.293637 2.140700
0.135747 0.515584 2.121490
-0.003399 0.257697 2.163900
-0.078767 0.046273 2.187900
-0.077001 -0.103556 2.073360
-0.058957 -0.138110 2.050350
0.300609 0.253401 2.146550
0.347079 0.027938 2.146850
0.351827 -0.194284 2.061300
0.350573 -0.270147 2.043470
0.096589 -0.084932 2.093020
0.128535 -0.512232 2.107140
0.129683 -0.830045 2.137480
0.186937 -0.877113 2.149950
0.230815 -0.084343 2.105330
0.203457 -0.495399 2.066960
0.223962 -0.801567 2.108360
0.272692 -0.851851 2.086040
0.161927 -0.017448 2.107600
0.161987 0.031070 2.134330
0.155572 0.292375 2.140000
0.133901 0.514570 2.121650
-0.005783 0.256719 2.163830
-0.080271 0.046381 2.188080
-0.078624 -0.102355 2.072560
-0.059693 -0.136425 2.047970
0.298285 0.252155 2.146660
0.346104 0.027676 2.146190
0.352305 -0.198110 2.059860
0.351738 -0.273984 2.041600
0.095686 -0.085694 2.092080
0.125661 -0.513170 2.107110
0.129645 -0.830126 2.137630
0.188505 -0.875564 2.148990
0.229712 -0.085199 2.104370
0.205644 -0.494341 2.065460
0.225080 -0.799175 2.101670
0.271574 -0.850637 2.077680
0.160643 -0.018221 2.106740
0.160579 0.029963 2.134930
0.153644 0.291434 2.139320
0.132330 0.513789 2.121610
-0.007832 0.255917 2.163660
-0.082230 0.046762 2.188080
-0.079779 -0.101293 2.071770
-0.060361 -0.134885 2.045940
0.296416 0.251185 2.146690
0.345303 0.027432 2.145680
0.352805 -0.200804 2.058950
0.352644 -0.276632 2.040370
0.094764 -0.086377 2.091250
0.123295 -0.513924 2.107130
0.129695 -0.829341 2.138510
0.190483 -0.870964 2.147820
0.228655 -0.085940 2.103530
0.208217 -0.492975 2.062910
0.226365 -0.796104 2.094840
0.269429 -0.849987 2.071240
0.159448 -0.018844 2.105950
0.159328 0.029100 2.135420
0.151926 0.290771 2.138640
0.130935 0.513217 2.121410
-0.009508 0.255442 2.163400
-0.084479 0.047071 2.186960
-0.080664 -0.100734 2.070720
-0.060871 -0.133101 2.043750
0.294849 0.250254 2.146690
0.344662 0.027210 2.145300
0.352969 -0.202293 2.058310
0.353075 -0.278085 2.039500
0.093847 -0.086957 2.090470
0.121433 -0.514491 2.107150
0.129740 -0.828418 2.139280
0.191920 -0.866770 2.147430
0.227659 -0.086549 2.102760
0.210780 -0.491952 2.060130
0.227815 -0.793717 2.089410
0.267595 -0.844715 2.056620
0.158285 -0.019336 2.105170
0.158192 0.028445 2.135810
0.150461 0.290412 2.138040
0.129774 0.512889 2.121100
-0.010857 0.255243 2.163040
-0.086930 0.047583 2.185490
-0.058515 -0.113459 2.043640
-0.039820 -0.161079 2.003280
0.293539 0.249406 2.146650
0.344109 0.027003 2.145010
0.353267 -0.202368 2.058140
0.353579 -0.278134 2.039070
0.092841 -0.087414 2.089620
0.120081 -0.514859 2.107160
0.129642 -0.826664 2.140700
0.192037 -0.864685 2.147680
0.226649 -0.087049 2.102000
0.212717 -0.491190 2.057770
0.229031 -0.791981 2.085440
0.266858 -0.842259 2.049150
0.157316 -0.019679 2.104460
0.157281 0.027982 2.136100
0.149188 0.290291 2.137470
0.128710 0.512772 2.120680
-0.012101 0.255116 2.162670
-0.090077 0.047541 2.180770
-0.047722 -0.119807 2.030570
-0.027181 -0.177150 1.982000
0.292539 0.248759 2.146620
0.343359 0.026752 2.144600
0.353395 -0.200948 2.058120
0.353853 -0.276687 2.038860
0.091933 -0.087755 2.088790
0.119076 -0.515116 2.107180
0.129535 -0.824806 2.142240
0.191584 -0.863301 2.147870
0.225834 -0.087420 2.101320
0.214202 -0.490680 2.055840
0.230264 -0.790583 2.082090
0.266302 -0.840795 2.043900
0.156550 -0.019955 2.103810
0.156583 0.027620 2.136320
0.148174 0.290218 2.136970
0.127853 0.512707 2.120210
-0.013139 0.255016 2.162270
-0.092620 0.047023 2.174930
-0.042110 -0.123252 2.023790
-0.021900 -0.183762 1.973350
0.291725 0.248230 2.146560
0.342734 0.026536 2.144250
0.353565 -0.198832 2.058250
0.354067 -0.274546 2.038860
0.091221 -0.088036 2.088000
0.118328 -0.515314 2.107190
0.129507 -0.823146 2.143590
0.189446 -0.863203 2.147790
0.225183 -0.087726 2.100670
0.215446 -0.490353 2.054150
0.232802 -0.788015 2.076450
0.265975 -0.840133 2.040700
0.155925 -0.020176 2.103190
0.156036 0.027335 2.136460
0.147295 0.290189 2.136480
0.127160 0.512691 2.119740
-0.014049 0.254918 2.161840
-0.094398 0.045984 2.168780
-0.038856 -0.125280 2.019800
-0.065114 -0.169079 2.003430
0.291046 0.247770 2.146460
0.342242 0.026308 2.143940
0.353461 -0.198469 2.057700
0.354061 -0.274196 2.038330
0.090643 -0.088272 2.087240
0.117781 -0.515466 2.107190
0.129472 -0.821720 2.144740
0.188929 -0.862375 2.147880
0.224657 -0.087988 2.100010
0.216373 -0.490245 2.052750
0.234478 -0.786368 2.072810
0.265858 -0.839620 2.038450
0.155417 -0.020364 2.102550
0.155608 0.027110 2.136550
0.146538 0.290208 2.136000
0.126611 0.512732 2.119250
-0.014873 0.254727 2.161350
-0.088638 0.025200 2.136290
-0.035368 -0.129862 2.015850
-0.068668 -0.173643 2.002330
0.290538 0.247383 2.146360
0.341802 0.026079 2.143570
0.353335 -0.198557 2.056590
0.354027 -0.274261 2.037530
0.090159 -0.088530 2.086440
0.117378 -0.515598 2.107180
0.129445 -0.820393 2.145910
0.188572 -0.861373 2.148080
0.224266 -0.088222 2.099270
0.217108 -0.490175 2.051590
0.236042 -0.785067 2.069470
0.266032 -0.839318 2.036700
0.155027 -0.020521 2.101870
0.155282 0.026931 2.136590
0.145927 0.290261 2.135560
0.126245 0.512818 2.118810
-0.015613 0.254496 2.160790
-0.086688 0.018791 2.125640
-0.033325 -0.131913 2.013940
-0.075889 -0.174627 2.008060
0.290164 0.246980 2.146220
0.341417 0.025838 2.143130
0.352712 -0.200985 2.052490
0.353887 -0.276371 2.035620
0.089778 -0.088782 2.085610
0.117079 -0.515716 2.107160
0.129441 -0.819220 2.146920
0.188281 -0.860485 2.148270
0.224019 -0.088453 2.098410
0.217660 -0.490150 2.050660
0.236883 -0.783992 2.067130
0.266404 -0.838775 2.035130
0.154777 -0.020729 2.101040
0.155026 0.026742 2.136550
0.145407 0.290274 2.135090
0.126030 0.512886 2.118350
-0.016386 0.253928 2.159840
-0.084228 0.012399 2.117520
-0.029805 -0.136374 2.013600
-0.039503 -0.188791 2.000930
0.289895 0.246543 2.146010
0.341038 0.025577 2.142400
0.352676 -0.202573 2.049070
0.354074 -0.277968 2.033260
0.089562 -0.089166 2.084570
0.116873 -0.515891 2.107100
0.129525 -0.818137 2.147230
0.182167 -0.863169 2.143040
0.223987 -0.088764 2.097280
0.218043 -0.490518 2.049690
0.237374 -0.783160 2.065450
0.267108 -0.838064 2.034050
0.154656 -0.020964 2.100040
0.154832 0.026540 2.136420
0.145004 0.290300 2.134620
0.126011 0.512990 2.117670
-0.017041 0.253252 2.158680
-0.082479 0.008433 2.112690
-0.000715 -0.175521 2.001740
0.018389 -0.239214 1.975260
0.289721 0.246113 2.145760
0.340786 0.025358 2.141620
0.352968 -0.204262 2.046140
0.354495 -0.279809 2.030850
0.089476 -0.089633 2.083330
0.116824 -0.516177 2.106890
0.129657 -0.817191 2.147110
0.181483 -0.862455 2.140330
0.224099 -0.089078 2.096010
0.218248 -0.491548 2.048790
0.237690 -0.782596 2.064280
0.268036 -0.837136 2.033010
0.154828 -0.021174 2.098750
0.154776 0.026333 2.136120
0.144712 0.290358 2.134080
0.126189 0.513158 2.116750
-0.017492 0.252578 2.157510
-0.081208 0.005773 2.109650
-0.019447 -0.177336 2.017050
-0.005318 -0.233867 1.993390
0.289662 0.245744 2.145520
0.340647 0.025185 2.140680
0.353607 -0.205595 2.043630
0.355495 -0.285950 2.025980
0.089720 -0.090113 2.081800
0.116959 -0.516532 2.106500
0.129857 -0.816362 2.146770
0.181418 -0.861600 2.137970
0.224608 -0.089343 2.094400
0.218522 -0.492613 2.048030
0.237903 -0.782189 2.063440
0.268899 -0.836323 2.032270
0.155649 -0.021454 2.096930
0.155134 0.026031 2.135390
0.144761 0.290422 2.133170
0.126558 0.513353 2.115740
-0.017688 0.251683 2.155810
-0.078301 0.006283 2.110460
-0.028122 -0.168915 2.026640
-0.008578 -0.219835 1.996740
0.289700 0.245434 2.145240
0.340897 0.025074 2.139330
0.354296 -0.206670 2.041560
0.356407 -0.290136 2.022430
0.090691 -0.090762 2.079690
0.117606 -0.517172 2.105470
0.130267 -0.815309 2.146120
0.180431 -0.861768 2.135190
0.225756 -0.089605 2.092410
0.218496 -0.493860 2.047630
0.238069 -0.781910 2.062850
0.248168 -0.821993 2.003260
