0.248817 -0.447036 2.679410
0.242037 -0.426209 2.739750
0.234641 -0.180091 2.863910
0.254925 0.009317 2.880720
0.102925 -0.270234 2.795810
0.088591 -0.416401 2.628700
0.137420 -0.482862 2.374730
0.173580 -0.561981 2.142280
0.382792 -0.277438 2.826540
0.417508 -0.477363 2.688790
0.425273 -0.534396 2.428660
0.416845 -0.548900 2.340040
0.188297 -0.495078 2.629810
0.176046 -0.585623 2.176320
0.190933 -0.852045 2.201960
0.195396 -0.807576 2.232880
0.322273 -0.502860 2.652220
0.410788 -0.573513 2.242170
0.411482 -0.856602 2.209740
0.413001 -0.899208 2.147690
0.249194 -0.447186 2.679360
0.242327 -0.426378 2.739780
0.234678 -0.180175 2.863880
0.254917 0.009159 2.880540
0.102764 -0.270296 2.795910
0.088633 -0.416410 2.628600
0.137608 -0.482735 2.374220
0.173703 -0.561179 2.143360
0.382690 -0.277660 2.826410
0.418344 -0.477847 2.689700
0.410720 -0.534808 2.431640
0.402762 -0.553223 2.373320
0.189243 -0.495631 2.629620
0.170328 -0.585714 2.176350
0.186237 -0.854413 2.203740
0.223346 -0.811301 2.211020
0.323028 -0.502803 2.652210
0.410611 -0.573305 2.242050
0.411260 -0.856354 2.209840
0.420319 -0.897054 2.139110
0.249276 -0.447398 2.679290
0.242436 -0.426557 2.739780
0.234711 -0.180291 2.863890
0.254907 0.009032 2.880400
0.102616 -0.270372 2.796080
0.088730 -0.416666 2.628600
0.137991 -0.484748 2.374420
0.175418 -0.569509 2.147080
0.382589 -0.277866 2.826300
0.418731 -0.478108 2.690160
0.401529 -0.535350 2.434140
0.392893 -0.554906 2.377240
0.188551 -0.496181 2.629580
0.169025 -0.585647 2.176170
0.185192 -0.855784 2.205040
0.227478 -0.802710 2.198770
0.323028 -0.503019 2.652050
0.410457 -0.573098 2.242000
0.411004 -0.856034 2.209900
0.424459 -0.895704 2.134200
0.249100 -0.447624 2.679250
0.242438 -0.426735 2.739820
0.234731 -0.180423 2.863910
0.254871 0.008810 2.880280
0.102279 -0.270513 2.796700
0.066769 -0.449398 2.660060
0.125113 -0.506084 2.405030
0.178271 -0.599837 2.151390
0.382508 -0.278042 2.826210
0.419021 -0.478131 2.690710
0.398681 -0.536749 2.449280
0.388578 -0.557470 2.389050
0.186649 -0.496547 2.629780
0.168575 -0.585475 2.175990
0.184812 -0.856845 2.206080
0.222164 -0.794651 2.192200
0.322579 -0.503324 2.651860
0.410252 -0.572955 2.241660
0.410834 -0.855858 2.209930
0.427370 -0.894801 2.130730
0.249161 -0.447750 2.679260
0.242518 -0.426888 2.739880
0.234748 -0.180581 2.863960
0.254794 0.008513 2.880170
0.101885 -0.270619 2.797460
0.072481 -0.441468 2.652790
0.128517 -0.503269 2.400850
0.179231 -0.586776 2.157020
0.382456 -0.278183 2.826200
0.447084 -0.491413 2.711830
0.435555 -0.538709 2.494140
0.431637 -0.555693 2.434950
0.186508 -0.496782 2.629900
0.168879 -0.585227 2.175940
0.184786 -0.857662 2.206950
0.215599 -0.789318 2.189670
0.322676 -0.503433 2.651820
0.410042 -0.573570 2.239880
0.410710 -0.855743 2.209960
0.429136 -0.894401 2.128520
0.249302 -0.447923 2.679340
0.242670 -0.427096 2.740010
0.234759 -0.180777 2.864040
0.254719 0.008195 2.880070
0.101539 -0.270723 2.798120
0.077335 -0.435100 2.646160
0.131304 -0.501300 2.396150
0.179266 -0.584364 2.159430
0.382408 -0.278315 2.826220
0.453411 -0.495474 2.716190
0.447412 -0.540541 2.508720
0.446676 -0.556146 2.450620
0.186521 -0.496990 2.630020
0.169709 -0.584978 2.175910
0.185212 -0.858410 2.207840
0.207469 -0.786578 2.188220
0.322800 -0.503573 2.651860
0.409939 -0.573979 2.238470
0.410625 -0.855629 2.209970
0.429980 -0.894325 2.127440
0.249322 -0.448064 2.679400
0.242726 -0.427276 2.740100
0.234776 -0.180983 2.864140
0.254612 0.007900 2.880000
0.101396 -0.270822 2.798440
0.081349 -0.430248 2.640540
0.133906 -0.499338 2.391110
0.179060 -0.582059 2.161250
0.382381 -0.278412 2.826220
0.458287 -0.498824 2.719550
0.454745 -0.541540 2.517640
0.455623 -0.556287 2.459800
0.186236 -0.497117 2.630210
0.170778 -0.584737 2.175890
0.186826 -0.860684 2.210210
0.199581 -0.789514 2.185500
0.322631 -0.503789 2.651870
0.409898 -0.574335 2.237420
0.410525 -0.855479 2.209980
0.428885 -0.894923 2.128450
0.249048 -0.448279 2.679460
0.242615 -0.427492 2.740190
0.234786 -0.181185 2.864220
0.254510 0.007648 2.879950
0.101297 -0.270905 2.798680
0.083961 -0.427388 2.636950
0.135389 -0.498963 2.387970
0.179001 -0.582098 2.161880
0.382363 -0.278485 2.826230
0.461220 -0.500618 2.721650
0.459412 -0.542111 2.523320
0.461216 -0.556313 2.465550
0.185087 -0.497116 2.630510
0.175164 -0.611601 2.182790
0.188004 -0.861936 2.211660
0.194095 -0.791333 2.183950
0.321686 -0.504261 2.651820
0.409885 -0.574514 2.236920
0.410424 -0.855234 2.209930
0.427449 -0.895352 2.129780
0.249015 -0.448674 2.679490
0.242630 -0.427846 2.740270
0.234793 -0.181399 2.864320
0.254394 0.007374 2.879870
0.101240 -0.270964 2.798830
0.085809 -0.425440 2.634360
0.136414 -0.498893 2.385520
0.178715 -0.582775 2.161540
0.382220 -0.278600 2.826120
0.463487 -0.501581 2.723580
0.463290 -0.541709 2.528200
0.465690 -0.555547 2.470240
0.184904 -0.497251 2.630620
0.179688 -0.611415 2.182340
0.189080 -0.862729 2.212560
0.188916 -0.792748 2.183850
0.321222 -0.504767 2.651850
0.409899 -0.574775 2.235850
0.410415 -0.855159 2.209930
0.399705 -0.909604 2.170370
0.249216 -0.449234 2.679580
0.242806 -0.428318 2.740410
0.234810 -0.181608 2.864430
0.254286 0.007140 2.879800
0.101223 -0.271008 2.798940
0.087158 -0.424062 2.632500
0.137197 -0.498857 2.383610
0.178415 -0.583564 2.160840
0.382111 -0.278684 2.826030
0.464878 -0.501255 2.725480
0.553456 -0.615744 2.654340
0.571515 -0.644527 2.614710
0.185162 -0.497635 2.630920
0.183492 -0.609088 2.181720
0.190074 -0.863150 2.213010
0.183659 -0.793602 2.185640
0.321038 -0.505217 2.651930
0.409935 -0.574859 2.235530
0.411105 -0.855097 2.210280
0.380256 -0.911196 2.189290
0.249181 -0.449612 2.679660
0.242828 -0.428654 2.740520
0.234825 -0.181782 2.864520
0.254216 0.006977 2.879730
0.101225 -0.271048 2.799020
0.088158 -0.422467 2.631160
0.137654 -0.498536 2.382480
0.177787 -0.580278 2.159240
0.382054 -0.278724 2.825990
0.465405 -0.500412 2.726640
0.586715 -0.634527 2.702950
0.629105 -0.683157 2.696530
0.184866 -0.497817 2.631210
0.186174 -0.605988 2.181200
0.191368 -0.864378 2.214210
0.181167 -0.796140 2.185850
0.320716 -0.505662 2.652020
0.410126 -0.574889 2.235730
0.411471 -0.854767 2.210340
0.374096 -0.913724 2.199460
0.249101 -0.449927 2.679740
0.242806 -0.428931 2.740620
0.234841 -0.181924 2.864600
0.254193 0.006864 2.879690
0.101356 -0.271048 2.799020
0.088845 -0.421616 2.630340
0.138015 -0.498428 2.381630
0.177486 -0.580769 2.158810
0.382020 -0.278743 2.825960
0.465574 -0.500187 2.727150
0.607518 -0.647441 2.733330
0.660067 -0.701420 2.741700
0.184507 -0.497913 2.631460
0.188245 -0.602569 2.180530
0.192305 -0.864923 2.214850
0.179304 -0.797387 2.186130
0.320329 -0.506100 2.652140
0.410330 -0.574892 2.236060
0.412830 -0.854561 2.211230
0.369451 -0.912589 2.203130
0.248981 -0.450200 2.679790
0.242755 -0.429165 2.740700
0.234858 -0.182036 2.864670
0.254242 0.006838 2.879780
0.101584 -0.271043 2.798970
0.089379 -0.420979 2.629670
0.138323 -0.498298 2.380840
0.177280 -0.581056 2.158390
0.381997 -0.278743 2.825940
0.465237 -0.499083 2.727330
0.621452 -0.641232 2.776310
0.678867 -0.687135 2.809540
0.184097 -0.497955 2.631650
0.189590 -0.599694 2.179880
0.193192 -0.865792 2.215870
0.178668 -0.799830 2.186010
0.319893 -0.506510 2.652240
0.410530 -0.574875 2.236430
0.413829 -0.854531 2.211810
0.366706 -0.909949 2.202570
0.248981 -0.450455 2.679870
0.242787 -0.429390 2.740790
0.234895 -0.182134 2.864740
0.254261 0.006779 2.879750
0.101826 -0.271027 2.798890
0.089801 -0.420282 2.629060
0.138551 -0.496696 2.379330
0.176302 -0.576747 2.159090
0.381994 -0.278716 2.825890
0.464322 -0.496500 2.727400
0.625819 -0.635546 2.798250
0.683372 -0.679135 2.838230
0.183990 -0.498059 2.631830
0.190324 -0.596974 2.179330
0.193695 -0.866157 2.216360
0.178226 -0.801176 2.185720
0.319720 -0.506806 2.652340
0.410989 -0.574696 2.238760
0.414347 -0.854626 2.212100
0.365644 -0.907144 2.198090
0.248971 -0.450672 2.679910
0.242800 -0.429582 2.740850
0.234934 -0.182223 2.864780
0.254320 0.006697 2.879660
0.102234 -0.271010 2.798440
0.090189 -0.419443 2.627890
0.139907 -0.495713 2.377620
0.175805 -0.572811 2.159570
0.382026 -0.278622 2.825770
0.463498 -0.495026 2.726940
0.624638 -0.630965 2.808960
0.677953 -0.671507 2.849100
0.183895 -0.498131 2.631930
0.190627 -0.594699 2.178720
0.194005 -0.866443 2.216830
0.179174 -0.803002 2.184790
0.319572 -0.507064 2.652420
0.411113 -0.574678 2.239100
0.414760 -0.854751 2.212330
0.366246 -0.904820 2.192640
0.249211 -0.451048 2.679990
0.242952 -0.429852 2.740920
0.235001 -0.182346 2.864730
0.254423 0.006589 2.879370
0.102635 -0.270981 2.797870
0.090584 -0.418577 2.626860
0.140628 -0.495372 2.376590
0.175775 -0.572248 2.159470
0.382077 -0.278485 2.825620
0.459730 -0.495139 2.719830
0.615772 -0.627321 2.805820
0.662014 -0.665994 2.839140
0.184337 -0.498588 2.632180
0.190677 -0.592640 2.178200
0.194191 -0.866623 2.217300
0.181364 -0.805208 2.183370
0.319770 -0.507464 2.652610
0.411217 -0.574668 2.239320
0.415069 -0.854963 2.212520
0.367237 -0.903174 2.187600
0.250382 -0.451939 2.680350
0.243652 -0.430398 2.741120
0.235160 -0.182510 2.864540
0.254544 0.006494 2.879000
0.103143 -0.270935 2.797000
0.090506 -0.417823 2.626560
0.140952 -0.495017 2.376180
0.175888 -0.572207 2.159100
0.382164 -0.278277 2.825410
0.455453 -0.488673 2.717830
0.604161 -0.616750 2.801850
0.646398 -0.654074 2.830660
0.185873 -0.499638 2.632320
0.190598 -0.591060 2.177610
0.194180 -0.866483 2.217520
0.184754 -0.805369 2.182320
0.322850 -0.509678 2.655210
0.411305 -0.574666 2.239460
0.415312 -0.855230 2.212670
0.368033 -0.902031 2.183850
0.252616 -0.453520 2.680990
0.245199 -0.431392 2.741490
0.235580 -0.182761 2.864000
0.254767 0.006363 2.878270
0.103724 -0.270737 2.795740
0.090467 -0.416497 2.625730
0.141210 -0.493731 2.375190
0.175951 -0.571490 2.158690
0.382379 -0.277905 2.824640
0.450864 -0.476950 2.718010
0.592855 -0.595432 2.790560
0.634290 -0.631725 2.813130
0.188446 -0.501525 2.632240
0.190426 -0.589896 2.176970
0.194118 -0.866317 2.217470
0.188874 -0.803368 2.183780
0.327271 -0.512768 2.658830
0.411380 -0.574669 2.239550
0.415457 -0.855517 2.212770
0.368980 -0.901476 2.180790
0.254881 -0.455036 2.681400
0.247046 -0.432388 2.741710
0.236715 -0.183074 2.862220
0.255231 0.006086 2.876570
0.104265 -0.270411 2.794230
0.089877 -0.415138 2.625730
0.141006 -0.491740 2.375040
0.176075 -0.570444 2.157990
0.382712 -0.277236 2.823000
0.447524 -0.467407 2.717970
0.585537 -0.581905 2.782390
0.626997 -0.618626 2.801950
0.191226 -0.503484 2.631460
0.190124 -0.589004 2.175940
0.193975 -0.866027 2.217160
0.192757 -0.800010 2.188010
0.330783 -0.515295 2.661560
0.411443 -0.574676 2.239600
0.415532 -0.855821 2.212830
0.369780 -0.901390 2.178730
0.257114 -0.456723 2.681720
0.248782 -0.433375 2.741850
0.237999 -0.183107 2.859650
0.256054 0.005697 2.872660
0.105080 -0.269739 2.791040
0.089233 -0.413956 2.625680
0.140763 -0.490352 2.374880
0.176265 -0.570015 2.157080
0.383146 -0.276529 2.820150
0.449676 -0.462470 2.719720
0.584102 -0.576865 2.779630
0.625781 -0.613731 2.797450
0.193778 -0.505465 2.630630
0.189777 -0.588367 2.174890
0.193653 -0.865456 2.216490
0.195123 -0.797746 2.190680
0.333879 -0.518199 2.664090
0.411488 -0.574721 2.239480
0.415535 -0.855934 2.212840
0.374242 -0.905150 2.179370
0.258975 -0.458159 2.681880
0.250331 -0.434188 2.741880
0.239152 -0.182691 2.855960
0.257073 0.005861 2.867990
0.105764 -0.268985 2.787930
0.088623 -0.412886 2.625590
0.140459 -0.488923 2.374700
0.176488 -0.569351 2.156220
0.383478 -0.275784 2.816460
0.458724 -0.460226 2.722790
0.508541 -0.558463 2.589310
0.530279 -0.590649 2.570910
0.195866 -0.507144 2.629820
0.189604 -0.587966 2.174210
0.193519 -0.865149 2.216120
0.196000 -0.795981 2.192920
0.336066 -0.520314 2.665840
0.411533 -0.574780 2.239450
0.415413 -0.855901 2.212770
0.404951 -0.898401 2.152320
0.260529 -0.459368 2.681840
0.251852 -0.434868 2.741720
0.240033 -0.181861 2.851030
0.258256 0.005402 2.861440
0.106069 -0.268301 2.785130
0.087947 -0.411920 2.625390
0.140087 -0.487551 2.374390
0.176727 -0.568517 2.155350
0.383717 -0.274796 2.810400
0.466481 -0.459689 2.724760
0.487531 -0.549311 2.540660
0.491040 -0.579249 2.480990
0.197596 -0.508669 2.628880
0.189178 -0.587788 2.172980
0.193328 -0.864531 2.215410
0.196574 -0.794463 2.194660
0.337700 -0.521907 2.667010
0.411572 -0.574823 2.239460
0.415267 -0.855855 2.212670
0.418208 -0.894951 2.139710
0.261726 -0.460312 2.681750
0.253131 -0.435354 2.741510
0.241069 -0.180687 2.845080
0.260015 0.005900 2.856480
0.106246 -0.267629 2.782610
0.087171 -0.410989 2.625020
0.139659 -0.486314 2.373960
0.176849 -0.567635 2.154850
0.383934 -0.273605 2.805240
0.472369 -0.459900 2.725780
0.474181 -0.545697 2.507590
0.471382 -0.574881 2.435240
0.198836 -0.509860 2.628170
0.188714 -0.587600 2.172200
0.193108 -0.863850 2.215020
0.197504 -0.793192 2.195200
0.338844 -0.523033 2.667800
0.411688 -0.574924 2.239720
0.415118 -0.855806 2.212530
0.424569 -0.893201 2.133470
0.262692 -0.461081 2.681550
0.254285 -0.435711 2.741150
0.241846 -0.179393 2.839560
0.261197 0.006347 2.852940
0.106230 -0.266866 2.780390
0.086322 -0.409892 2.624490
0.139216 -0.485121 2.373450
0.176964 -0.566801 2.154390
0.384050 -0.272421 2.800380
0.478482 -0.461141 2.725900
0.466655 -0.544278 2.487570
0.467018 -0.576846 2.422470
0.199751 -0.510808 2.627580
0.187955 -0.587497 2.171110
0.192970 -0.863008 2.214660
0.197678 -0.791861 2.194980
0.339690 -0.523868 2.668310
0.411817 -0.575020 2.240010
0.414954 -0.855748 2.212360
0.394977 -0.904550 2.178950
0.263432 -0.461682 2.681360
0.255289 -0.435964 2.740770
0.242538 -0.178358 2.835110
0.262011 0.006770 2.849640
0.106059 -0.266035 2.778300
0.085503 -0.408946 2.624010
0.138763 -0.484042 2.373000
0.177047 -0.565951 2.154050
0.384744 -0.271896 2.794540
0.483351 -0.462324 2.725810
0.468022 -0.548057 2.484580
0.470024 -0.582521 2.423970
0.200376 -0.511562 2.627100
0.187437 -0.587419 2.170200
0.193079 -0.861918 2.214570
0.189317 -0.794664 2.185210
0.340329 -0.524533 2.668650
0.411971 -0.575121 2.240380
0.414796 -0.855696 2.212190
0.379777 -0.911784 2.203340
0.264031 -0.462210 2.681080
0.256139 -0.436160 2.740290
0.243366 -0.177443 2.831280
0.262613 0.007269 2.846390
0.105891 -0.264517 2.774760
0.084758 -0.407964 2.623530
0.128158 -0.480063 2.396130
0.177102 -0.565103 2.153770
0.385626 -0.271938 2.787940
0.488337 -0.462789 2.726520
0.490217 -0.562115 2.523390
0.493923 -0.597960 2.470450
0.200804 -0.512202 2.626670
0.186981 -0.587370 2.169360
0.193245 -0.860791 2.214530
0.183092 -0.796811 2.178670
0.340811 -0.525101 2.668830
0.412133 -0.575224 2.240790
0.413973 -0.854709 2.211900
0.396871 -0.896207 2.168850
0.264507 -0.462639 2.680790
0.256825 -0.436294 2.739800
0.244120 -0.176751 2.828380
0.263048 0.007687 2.843740
0.105924 -0.263042 2.770960
0.084124 -0.407025 2.622800
0.128432 -0.477332 2.391410
0.177155 -0.564280 2.153560
0.386511 -0.272125 2.783270
0.491995 -0.463018 2.727010
0.498921 -0.562550 2.532990
0.501360 -0.596458 2.477010
0.201086 -0.512717 2.626310
0.186678 -0.587422 2.168670
0.193495 -0.859856 2.214460
0.177643 -0.797647 2.176350
0.341182 -0.525574 2.668880
0.412315 -0.575446 2.240990
0.413381 -0.854109 2.211660
0.406973 -0.889029 2.150040
0.264935 -0.463043 2.680540
0.257415 -0.436382 2.739380
0.245255 -0.176065 2.825220
0.264014 0.008379 2.841230
0.106073 -0.261589 2.766950
0.082650 -0.405827 2.621410
0.129289 -0.475490 2.385060
0.177200 -0.563521 2.153400
0.387578 -0.272561 2.779380
0.495148 -0.462996 2.727600
0.511047 -0.561657 2.545220
0.517420 -0.594329 2.493290
0.201267 -0.513356 2.626110
0.186466 -0.587442 2.168260
0.193756 -0.858989 2.214430
0.173877 -0.798162 2.175020
0.341565 -0.526080 2.668930
0.412460 -0.575670 2.241050
0.412983 -0.853828 2.211480
0.412603 -0.885899 2.139990
0.265371 -0.463518 2.680250
0.257973 -0.436468 2.738940
0.246837 -0.175297 2.821460
0.265915 0.009516 2.838170
0.106430 -0.260322 2.763180
0.079109 -0.404665 2.620110
0.129446 -0.474353 2.381230
0.177234 -0.562871 2.153290
0.388481 -0.272956 2.776490
0.498264 -0.462273 2.727650
0.518169 -0.561709 2.551940
0.525613 -0.594565 2.501480
0.201339 -0.514273 2.626090
0.186329 -0.587441 2.168000
0.194031 -0.858191 2.214420
0.170903 -0.798666 2.174220
0.341972 -0.526652 2.668930
0.412610 -0.575914 2.241020
0.412545 -0.853477 2.211290
0.415683 -0.883802 2.134370
0.265808 -0.463980 2.680040
0.258490 -0.436522 2.738560
0.248331 -0.174595 2.818120
0.267844 0.010265 2.835810
0.106887 -0.259329 2.760030
0.075551 -0.401563 2.616060
0.130442 -0.473829 2.374510
0.177259 -0.562257 2.153230
0.389326 -0.273243 2.774310
0.501403 -0.460853 2.726970
0.523096 -0.561088 2.555380
0.530103 -0.594522 2.505440
0.201401 -0.515350 2.626360
0.186221 -0.587453 2.167830
0.194299 -0.857515 2.214400
0.168535 -0.798720 2.174430
0.342454 -0.527265 2.669000
0.412758 -0.576172 2.240970
0.412252 -0.853284 2.211160
0.417613 -0.882571 2.130940
0.266229 -0.464489 2.679760
0.258983 -0.436597 2.738120
0.249664 -0.174002 2.815520
0.269347 0.010953 2.834000
0.107393 -0.258402 2.757210
0.073127 -0.399258 2.612830
0.131289 -0.473634 2.369290
0.177272 -0.561718 2.153210
0.390066 -0.273497 2.772580
0.498736 -0.457949 2.720840
0.533383 -0.561077 2.558230
0.549495 -0.595355 2.510490
0.201375 -0.516391 2.626610
0.186138 -0.587456 2.167700
0.194566 -0.856841 2.214440
0.167088 -0.798953 2.174150
0.342898 -0.527894 2.668970
0.412892 -0.576404 2.240890
0.412026 -0.853159 2.211050
0.418980 -0.881751 2.128550
0.266614 -0.464957 2.679510
0.259416 -0.436648 2.737720
0.250800 -0.173471 2.813180
0.270678 0.011427 2.832550
0.107974 -0.257532 2.754520
0.071527 -0.397327 2.609790
0.131987 -0.474429 2.365070
0.177357 -0.561874 2.153080
0.390959 -0.273854 2.770950
0.500145 -0.456137 2.719030
0.537053 -0.560743 2.559450
0.554279 -0.595361 2.512160
0.201325 -0.517341 2.626860
0.186072 -0.587478 2.167610
0.194808 -0.856312 2.214430
0.165901 -0.798314 2.175740
0.343405 -0.528563 2.669020
0.413011 -0.576619 2.240800
0.411848 -0.853072 2.210950
0.419996 -0.881282 2.126900
0.266974 -0.465411 2.679320
0.259803 -0.436695 2.737390
0.251709 -0.173080 2.811320
0.272213 0.011810 2.831200
0.108558 -0.256722 2.752110
0.070277 -0.395490 2.606850
0.132507 -0.474940 2.361600
0.177385 -0.561758 2.153150
0.391956 -0.274383 2.769190
0.503701 -0.454129 2.717580
0.539560 -0.559398 2.558960
0.555741 -0.593469 2.510180
0.201257 -0.518290 2.627190
0.186019 -0.587510 2.167570
0.195030 -0.855856 2.214430
0.165237 -0.797762 2.177070
0.343927 -0.529266 2.669170
0.413167 -0.576777 2.240940
0.411703 -0.853023 2.210860
0.420682 -0.881212 2.125980
0.267307 -0.465898 2.679210
0.260114 -0.436746 2.737130
0.252485 -0.172803 2.809730
0.273645 0.012200 2.829870
0.109134 -0.255872 2.749700
0.068242 -0.393812 2.603300
0.132829 -0.475424 2.358520
0.177416 -0.561626 2.153290
0.392990 -0.274893 2.767590
0.508744 -0.451407 2.717660
0.559241 -0.537204 2.550740
0.568577 -0.577293 2.503210
0.201107 -0.519449 2.627770
0.185970 -0.587559 2.167640
0.195229 -0.855468 2.214440
0.164959 -0.797181 2.178360
0.344452 -0.530185 2.669520
0.413303 -0.576906 2.241060
0.411588 -0.852993 2.210790
0.421141 -0.881387 2.125620
0.267625 -0.466388 2.679170
0.260365 -0.436790 2.736930
0.253199 -0.172604 2.808240
0.274825 0.012569 2.828550
0.109669 -0.255102 2.747190
0.066762 -0.392488 2.600450
0.133030 -0.475769 2.356110
0.177439 -0.561429 2.153560
0.394122 -0.275195 2.766360
0.516043 -0.445098 2.718590
0.563042 -0.533079 2.549880
0.571489 -0.573555 2.502070
0.200932 -0.520708 2.628510
0.185925 -0.587617 2.167810
0.195617 -0.854887 2.214320
0.164083 -0.796275 2.181370
0.344990 -0.531183 2.669990
0.413423 -0.577013 2.241190
0.411376 -0.851861 2.210220
0.421470 -0.880855 2.125290
0.267965 -0.467012 2.679250
0.260566 -0.436826 2.736790
0.254011 -0.172305 2.806130
0.276261 0.013176 2.826790
0.110292 -0.254140 2.743990
0.055659 -0.388028 2.570760
0.133392 -0.477659 2.345220
0.177458 -0.561192 2.153900
0.395349 -0.275311 2.765040
0.523783 -0.441248 2.719720
0.553573 -0.517762 2.542280
0.554455 -0.563566 2.506830
0.200692 -0.522513 2.629910
0.185879 -0.587682 2.168390
0.196161 -0.854075 2.213840
0.162277 -0.795411 2.185380
0.345561 -0.532473 2.670770
0.413531 -0.577103 2.241310
0.411337 -0.849648 2.209140
0.421795 -0.879619 2.125120
0.268340 -0.467870 2.679560
0.260738 -0.436865 2.736700
0.254571 -0.172032 2.803010
0.277617 0.013689 2.824630
0.110701 -0.252982 2.740110
0.052666 -0.382974 2.559520
0.133595 -0.478476 2.337430
0.177480 -0.560881 2.154350
0.396725 -0.275361 2.762990
0.528897 -0.437534 2.721370
0.545656 -0.495927 2.535400
0.539844 -0.534265 2.498500
0.200383 -0.525136 2.632180
0.185839 -0.587742 2.169550
0.196533 -0.853524 2.213450
0.160098 -0.794671 2.190440
0.346252 -0.534122 2.672070
0.413632 -0.577178 2.241430
0.411396 -0.848004 2.208230
0.422046 -0.878618 2.125030
0.268682 -0.468666 2.679880
0.260889 -0.436896 2.736640
0.255160 -0.171700 2.799710
0.278783 0.014083 2.822660
0.110956 -0.251693 2.735980
0.051983 -0.377778 2.553550
0.133607 -0.478458 2.332830
0.177500 -0.560595 2.154750
0.398350 -0.275462 2.760410
0.531185 -0.434150 2.722090
0.542891 -0.486635 2.532280
0.535045 -0.525317 2.496620
0.200144 -0.527198 2.633990
0.185821 -0.587776 2.170220
0.197087 -0.852748 2.212660
0.157590 -0.794415 2.196830
0.346888 -0.535641 2.673310
0.413728 -0.577241 2.241550
0.411529 -0.847093 2.207670
0.422299 -0.878035 2.125030
0.268992 -0.469656 2.680450
0.261028 -0.436942 2.736620
0.255854 -0.171466 2.796500
0.279824 0.014422 2.820600
0.111106 -0.250359 2.731680
0.051676 -0.373948 2.548940
0.133608 -0.478237 2.328260
0.177504 -0.560318 2.155080
0.400236 -0.275521 2.757360
0.533411 -0.420300 2.703700
0.540988 -0.488281 2.523480
0.530686 -0.527359 2.487430
0.199522 -0.529780 2.636620
0.185830 -0.587835 2.172090
0.197409 -0.852323 2.212170
0.156473 -0.793919 2.202360
0.347445 -0.537366 2.674840
0.414259 -0.576881 2.243640
0.411609 -0.846628 2.207400
0.422547 -0.877731 2.125260
0.269304 -0.470630 2.681160
0.261168 -0.436963 2.736640
0.256609 -0.170612 2.792210
0.281190 0.015545 2.817110
0.111330 -0.249064 2.727050
0.051804 -0.370722 2.545410
0.133609 -0.477891 2.324300
0.177494 -0.560046 2.155380
0.402081 -0.275217 2.753740
0.534375 -0.413700 2.694600
0.543066 -0.486280 2.514690
0.531425 -0.526301 2.479930
0.199070 -0.531951 2.638980
0.185843 -0.587870 2.174060
0.197873 -0.851661 2.211280
0.155156 -0.793982 2.207450
0.348030 -0.539055 2.676940
0.414921 -0.576281 2.246380
0.411704 -0.846154 2.207130
0.422706 -0.877328 2.125440
0.269615 -0.471610 2.682030
0.261348 -0.436980 2.736730
0.257340 -0.169794 2.788570
0.281963 0.016803 2.812780
0.111495 -0.247896 2.723020
0.052194 -0.368053 2.542360
0.133599 -0.477491 2.321130
0.177480 -0.559801 2.155640
0.403772 -0.274379 2.749590
0.535213 -0.406717 2.682620
0.540334 -0.488125 2.505520
0.530304 -0.530865 2.474320
0.198699 -0.534002 2.641480
0.185792 -0.587897 2.176420
0.198220 -0.850951 2.210120
0.154463 -0.794524 2.214990
0.348508 -0.540461 2.678930
0.415239 -0.576135 2.247390
0.411800 -0.845805 2.206930
0.422807 -0.877010 2.125630
0.269855 -0.472426 2.682750
0.261512 -0.436977 2.736810
0.258183 -0.168884 2.784280
0.282545 0.018332 2.808000
0.111658 -0.246852 2.719270
0.052684 -0.365843 2.539650
0.133584 -0.477099 2.318650
0.177449 -0.559485 2.156000
0.405371 -0.273331 2.745600
0.536770 -0.399702 2.669670
0.537145 -0.492217 2.497680
0.529788 -0.535531 2.465330
0.198375 -0.535553 2.643400
0.185671 -0.587896 2.178360
0.198565 -0.850402 2.209190
0.153909 -0.794937 2.218910
0.348824 -0.541480 2.680340
0.415674 -0.575795 2.248830
0.411875 -0.845561 2.206780
0.422867 -0.876775 2.125810
0.270009 -0.473114 2.683330
0.261617 -0.436967 2.736850
0.259299 -0.168115 2.778990
0.283480 0.020003 2.802880
0.111900 -0.245694 2.713870
0.053529 -0.363916 2.535570
0.133582 -0.476687 2.315880
0.177415 -0.559181 2.156330
0.407004 -0.271933 2.741420
0.537541 -0.396977 2.665560
0.533300 -0.489504 2.492110
0.528914 -0.534456 2.460920
0.197963 -0.536802 2.644910
0.185554 -0.587847 2.179910
0.203502 -0.848646 2.206140
0.155308 -0.815831 2.223110
0.349009 -0.542267 2.681350
0.416099 -0.575274 2.250570
0.411939 -0.845418 2.206660
0.422934 -0.876653 2.125980
0.270112 -0.473686 2.683810
0.261717 -0.436939 2.736890
0.260023 -0.167563 2.772880
0.284449 0.021162 2.798130
0.112210 -0.244293 2.706980
0.054672 -0.361880 2.530870
0.133628 -0.476215 2.312870
0.177379 -0.558891 2.156620
0.408771 -0.268976 2.734810
0.541952 -0.383680 2.643370
0.525690 -0.490729 2.482240
0.534864 -0.536122 2.464650
0.197564 -0.537833 2.646190
0.185460 -0.587827 2.181250
0.208883 -0.847374 2.202720
0.157514 -0.825897 2.224690
0.349124 -0.542864 2.682140
0.416473 -0.574695 2.252320
0.412036 -0.845473 2.206580
0.422953 -0.876718 2.126230
0.270184 -0.474167 2.684200
0.261818 -0.436887 2.736900
0.261003 -0.167278 2.764920
0.286418 0.022682 2.789380
0.112845 -0.243107 2.698970
0.056457 -0.359526 2.524400
0.133770 -0.475820 2.309430
0.177339 -0.558628 2.156880
0.410130 -0.265898 2.727180
0.543812 -0.374829 2.623170
0.517688 -0.492022 2.469590
0.514997 -0.535297 2.430740
0.197227 -0.538648 2.647190
0.185389 -0.587837 2.182330
0.210359 -0.846433 2.200370
0.199846 -0.865125 2.150860
0.349188 -0.543345 2.682780
0.416765 -0.573930 2.253920
0.412157 -0.845603 2.206560
0.422969 -0.876859 2.126540
0.270200 -0.474522 2.684400
0.261961 -0.436758 2.736720
0.261760 -0.166827 2.758040
0.288236 0.024072 2.781470
0.113331 -0.242083 2.692000
0.058309 -0.357388 2.517190
0.130396 -0.476162 2.313140
0.177299 -0.558389 2.157100
0.411134 -0.262475 2.717820
0.545627 -0.371934 2.594750
0.519537 -0.491841 2.435320
0.514588 -0.536915 2.416590
0.196912 -0.539241 2.647850
0.185341 -0.587858 2.183040
0.210966 -0.845653 2.198620
0.217368 -0.883820 2.116050
0.349202 -0.543692 2.683200
0.416890 -0.572888 2.255350
0.412271 -0.845739 2.206570
0.422891 -0.877015 2.126850
0.270151 -0.474803 2.684370
0.262139 -0.436315 2.735820
0.262435 -0.165824 2.750740
0.289407 0.025687 2.771630
0.114065 -0.241081 2.685470
0.061080 -0.355118 2.505010
0.127837 -0.476490 2.315970
0.177260 -0.558175 2.157290
0.412305 -0.259808 2.710270
0.547672 -0.371610 2.569960
0.519832 -0.498906 2.419360
0.515264 -0.542254 2.403290
0.196600 -0.539654 2.648250
0.185310 -0.587875 2.183480
0.211380 -0.845157 2.197620
0.224851 -0.891608 2.101710
0.349179 -0.543943 2.683440
0.416867 -0.571740 2.256540
0.412377 -0.845889 2.206600
0.422809 -0.877187 2.127170
0.270033 -0.475052 2.683900
0.262458 -0.435423 2.733830
0.263676 -0.164200 2.740510
0.290076 0.026848 2.763460
0.114907 -0.239999 2.679030
0.063211 -0.353329 2.496020
0.130467 -0.474706 2.304580
0.177218 -0.557967 2.157460
0.413242 -0.256934 2.703010
0.548653 -0.370912 2.555800
0.515540 -0.496282 2.401170
0.503673 -0.533350 2.360270
0.196297 -0.539965 2.648470
0.185286 -0.587902 2.183790
0.211040 -0.844624 2.196660
0.228897 -0.895889 2.093060
0.349071 -0.544116 2.683410
0.416823 -0.570760 2.257450
0.412496 -0.846070 2.206660
0.422712 -0.877408 2.127500
0.270302 -0.475282 2.681290
0.263749 -0.433952 2.728550
0.264730 -0.162811 2.727900
0.290171 0.027557 2.755580
0.116192 -0.238463 2.669610
0.065745 -0.351162 2.486340
0.121217 -0.470482 2.308530
0.177183 -0.557768 2.157610
0.413611 -0.253998 2.691260
0.548823 -0.369829 2.547180
0.518811 -0.491782 2.387570
0.508234 -0.533113 2.353470
0.196091 -0.540227 2.648310
0.186315 -0.588147 2.183690
0.211267 -0.844265 2.195640
0.230983 -0.896079 2.088400
0.349382 -0.543833 2.681160
0.416740 -0.569865 2.258150
0.412662 -0.846306 2.206760
0.422594 -0.877689 2.127870
0.269262 -0.475484 2.675880
0.263856 -0.432362 2.721060
0.265960 -0.161517 2.715090
0.289862 0.028407 2.748070
0.117801 -0.237124 2.659890
0.069495 -0.349748 2.469390
0.118058 -0.470769 2.308240
0.177204 -0.557504 2.157810
0.413458 -0.251965 2.679940
0.548565 -0.367375 2.538620
0.482212 -0.499399 2.363260
0.459595 -0.544692 2.315330
0.194244 -0.540055 2.646080
0.187703 -0.588507 2.182750
0.211133 -0.843931 2.194720
0.228426 -0.891822 2.090560
0.348236 -0.543635 2.676570
0.416551 -0.568989 2.258490
0.412848 -0.846583 2.206890
0.422473 -0.878025 2.128260
0.269260 -0.475985 2.670900
0.264537 -0.431413 2.714890
0.266427 -0.160536 2.705830
0.289655 0.028588 2.737110
0.119623 -0.235520 2.649610
0.072042 -0.348719 2.458870
0.113451 -0.470117 2.306160
0.177274 -0.557192 2.158130
0.413208 -0.250734 2.669070
0.546491 -0.363626 2.530360
0.471454 -0.501422 2.354510
0.435364 -0.551537 2.298520
0.193884 -0.540310 2.644470
0.189903 -0.589117 2.181510
0.209748 -0.843192 2.194870
0.216762 -0.881702 2.104010
0.348198 -0.543563 2.671830
0.416269 -0.568060 2.258560
0.413047 -0.846922 2.207060
0.376908 -0.815805 2.237400
0.270066 -0.476383 2.665650
0.265887 -0.430456 2.708660
0.266761 -0.159289 2.696310
0.289336 0.030148 2.725430
0.121278 -0.233791 2.638220
0.074201 -0.347720 2.450300
0.111969 -0.469497 2.303960
0.177627 -0.556365 2.159760
0.412323 -0.249293 2.656770
0.543257 -0.358604 2.521840
0.472150 -0.491555 2.352190
0.449216 -0.530317 2.301510
0.194090 -0.540600 2.642450
0.191125 -0.589962 2.179530
0.207090 -0.842105 2.195740
0.210237 -0.876399 2.111810
0.349098 -0.543167 2.666810
0.415942 -0.567145 2.258450
0.413153 -0.846974 2.207120
0.375237 -0.873961 2.234790
0.269678 -0.476549 2.657000
0.266158 -0.429245 2.699110
0.266729 -0.157957 2.683220
0.290809 0.032468 2.713320
0.122464 -0.232052 2.627990
0.037043 -0.337688 2.436390
0.100240 -0.467646 2.304630
0.178011 -0.555144 2.163510
0.412145 -0.247589 2.644540
0.540118 -0.353833 2.512870
0.476287 -0.486221 2.351180
0.451234 -0.527488 2.298080
0.192963 -0.540565 2.637680
0.192068 -0.591290 2.174930
0.211226 -0.842643 2.190080
0.216408 -0.875173 2.107140
0.349031 -0.542942 2.658240
0.415209 -0.566223 2.257530
0.413229 -0.847018 2.207170
0.403500 -0.876125 2.167580
0.271502 -0.476055 2.648350
0.268228 -0.427558 2.689760
0.266899 -0.155666 2.671220
0.291977 0.035649 2.702990
0.123996 -0.229460 2.617200
0.019518 -0.332463 2.429540
0.094533 -0.466804 2.304400
0.132842 -0.521444 2.244340
0.413096 -0.244257 2.631340
0.537069 -0.350651 2.500770
0.479623 -0.485365 2.349630
0.456651 -0.527254 2.298150
0.194115 -0.540468 2.632060
0.195436 -0.623244 2.170250
0.202374 -0.862062 2.168320
0.207445 -0.891703 2.091000
0.351925 -0.541447 2.649160
0.413825 -0.565944 2.254880
0.413300 -0.847035 2.207220
0.408584 -0.880944 2.154040
0.273014 -0.475383 2.640930
0.269844 -0.425618 2.681130
0.266757 -0.151693 2.658780
0.293407 0.039339 2.694330
0.125451 -0.226488 2.606070
0.011487 -0.330252 2.423430
0.091333 -0.466566 2.303850
0.112671 -0.505920 2.281280
0.414044 -0.240738 2.620360
0.534874 -0.347803 2.490360
0.485710 -0.485788 2.348390
0.464159 -0.526642 2.304050
0.195170 -0.540230 2.626870
0.196897 -0.635830 2.168230
0.197028 -0.873412 2.157410
0.201747 -0.902707 2.082240
0.354162 -0.540100 2.641940
0.409871 -0.569242 2.248130
0.413355 -0.846844 2.207300
0.416303 -0.882370 2.135430
0.274384 -0.474553 2.634710
0.271302 -0.423447 2.672890
0.266656 -0.148025 2.645860
0.295336 0.044960 2.670030
0.126342 -0.223598 2.593860
0.006663 -0.328883 2.418750
0.089325 -0.466485 2.303120
0.104931 -0.499833 2.295660
0.414794 -0.237373 2.609760
0.533790 -0.345660 2.481630
0.490326 -0.486908 2.347420
0.469752 -0.527074 2.307250
0.196190 -0.539896 2.622480
0.192327 -0.628080 2.168370
0.198643 -0.868424 2.178510
0.163643 -0.827338 2.183600
0.355987 -0.538853 2.636310
0.405379 -0.573695 2.241390
0.413397 -0.846885 2.207420
0.419741 -0.884195 2.127520
0.277252 -0.473542 2.626690
0.274508 -0.421136 2.661870
0.267906 -0.145199 2.632110
0.296578 0.047983 2.656550
0.126832 -0.221263 2.583430
0.004418 -0.328608 2.412550
0.088285 -0.467428 2.300600
0.098054 -0.502021 2.310060
0.415677 -0.234795 2.598580
0.533835 -0.344910 2.466420
0.492500 -0.490054 2.345610
0.471877 -0.528880 2.308590
0.199008 -0.539598 2.616120
0.190666 -0.625197 2.167800
0.200217 -0.864846 2.191890
0.148354 -0.810746 2.218970
0.358931 -0.537461 2.629410
0.400543 -0.578996 2.235600
0.413407 -0.847519 2.207920
0.421805 -0.885720 2.122620
0.279192 -0.472809 2.620860
0.276757 -0.419584 2.653720
0.268652 -0.143581 2.623660
0.298463 0.049064 2.641640
0.127152 -0.219402 2.573950
0.004222 -0.327934 2.406920
0.087852 -0.468224 2.298570
0.117621 -0.513883 2.303050
0.416560 -0.233852 2.585340
0.534027 -0.345229 2.455410
0.493644 -0.494037 2.343570
0.473327 -0.534757 2.310580
0.201024 -0.539293 2.611340
0.189397 -0.621503 2.167170
0.201289 -0.862298 2.199920
0.139760 -0.796364 2.244730
0.360986 -0.536547 2.624110
0.395802 -0.584529 2.231370
0.413451 -0.847369 2.208200
0.422950 -0.885820 2.119760
0.280875 -0.471950 2.615660
0.278632 -0.418073 2.646030
0.269961 -0.142685 2.615470
0.299804 0.050638 2.627400
0.128216 -0.217407 2.563290
0.007983 -0.328508 2.394810
0.088757 -0.471980 2.293420
0.132059 -0.528189 2.290820
0.417208 -0.231995 2.574710
0.533913 -0.345470 2.446310
0.494227 -0.497992 2.341310
0.474211 -0.541254 2.312280
0.202841 -0.538724 2.606940
0.188575 -0.617372 2.166130
0.202249 -0.859962 2.204990
0.135283 -0.811236 2.266140
0.362623 -0.535533 2.619450
0.391851 -0.589097 2.228330
0.413460 -0.846231 2.208900
0.423066 -0.883581 2.120220
0.282476 -0.470902 2.609480
0.280510 -0.416362 2.636140
0.271381 -0.142305 2.603780
0.301466 0.050957 2.614800
0.129197 -0.216095 2.553440
0.010678 -0.327985 2.387910
0.089150 -0.473929 2.290130
0.127577 -0.531818 2.282310
0.418683 -0.230233 2.562460
0.534591 -0.346449 2.435970
0.491740 -0.502749 2.338560
0.472631 -0.548207 2.313110
0.204399 -0.537991 2.602250
0.186158 -0.610358 2.171610
0.202976 -0.858344 2.208460
0.133828 -0.810042 2.266400
0.364330 -0.534504 2.613690
0.388936 -0.592556 2.226370
0.413366 -0.844998 2.209850
0.421931 -0.880984 2.123050
0.283846 -0.469582 2.603340
0.281934 -0.414360 2.625720
0.272462 -0.142133 2.589920
0.301954 0.050506 2.603950
0.130363 -0.215218 2.541450
0.014704 -0.328844 2.378310
0.093077 -0.477280 2.285140
0.118382 -0.524315 2.293220
0.420229 -0.228418 2.551450
0.535380 -0.347189 2.428480
0.489805 -0.506343 2.336170
0.470731 -0.552999 2.313190
0.205714 -0.537036 2.597780
0.197205 -0.576294 2.203860
0.203533 -0.857231 2.210850
0.134471 -0.810248 2.262800
0.365813 -0.533332 2.608250
0.386619 -0.595053 2.224920
0.413215 -0.843602 2.210700
0.420796 -0.878570 2.126110
0.284548 -0.468124 2.596580
0.282529 -0.412258 2.614470
0.273077 -0.140823 2.576040
0.302350 0.049898 2.590150
0.131480 -0.214583 2.531870
0.017844 -0.330497 2.367740
0.072771 -0.485978 2.257120
0.107350 -0.540071 2.264280
0.421612 -0.226943 2.541660
0.536501 -0.347742 2.421720
0.487037 -0.508499 2.331460
0.468443 -0.555093 2.311540
0.206411 -0.535667 2.592620
0.200565 -0.565017 2.214250
0.203990 -0.856401 2.212500
0.137280 -0.813347 2.252850
0.366667 -0.532186 2.602440
0.384681 -0.596864 2.223930
0.413087 -0.842317 2.211460
0.419637 -0.876668 2.129060
0.284932 -0.466561 2.589280
0.282914 -0.410391 2.603050
0.275210 -0.140867 2.561450
0.304903 0.047868 2.575790
0.132479 -0.214302 2.518700
0.019979 -0.331421 2.360400
0.057243 -0.489658 2.239430
0.096356 -0.548540 2.244410
0.423233 -0.226421 2.529940
0.539805 -0.348947 2.408300
0.483439 -0.511624 2.328710
0.464999 -0.557494 2.310320
0.206529 -0.534038 2.586990
0.207789 -0.648345 2.196930
0.205632 -0.900017 2.221820
0.181943 -0.916034 2.190240
0.367193 -0.531124 2.596210
0.383022 -0.598213 2.223280
0.412979 -0.841013 2.212160
0.418751 -0.875148 2.131610
0.284989 -0.465253 2.581880
0.283029 -0.409088 2.592220
0.277357 -0.141238 2.549010
0.306315 0.045422 2.562620
0.133552 -0.214630 2.503670
0.021400 -0.331965 2.353960
0.052205 -0.492168 2.233290
0.093026 -0.553437 2.234980
0.425186 -0.226325 2.517670
0.542957 -0.350432 2.396400
0.480194 -0.514351 2.325330
0.461273 -0.559469 2.308160
0.206174 -0.532478 2.581170
0.205640 -0.619170 2.192750
0.206854 -0.887407 2.220170
0.159099 -0.854292 2.209610
0.367330 -0.530403 2.589620
0.381697 -0.599165 2.222870
0.412691 -0.839381 2.212780
0.417885 -0.873646 2.133720
0.284993 -0.464341 2.574470
0.283397 -0.408256 2.581350
0.280780 -0.142414 2.531880
0.309642 0.041853 2.542490
0.135090 -0.214265 2.492050
0.022311 -0.332442 2.345610
0.087234 -0.489207 2.243960
0.109224 -0.548908 2.243230
0.426961 -0.226637 2.502540
0.545587 -0.350595 2.387940
0.479309 -0.515791 2.319760
0.458983 -0.560388 2.304430
0.205806 -0.531075 2.575690
0.205174 -0.615287 2.188470
0.206497 -0.844999 2.208200
0.197591 -0.873208 2.142310
0.367165 -0.529974 2.583130
0.380685 -0.599833 2.222600
0.412398 -0.837841 2.213470
0.416782 -0.872510 2.135860
0.286261 -0.463704 2.570670
0.284731 -0.407614 2.574920
0.283520 -0.143258 2.517240
0.312673 0.038880 2.526790
0.137099 -0.213248 2.480030
0.023030 -0.331662 2.332120
0.106397 -0.488544 2.250260
0.119911 -0.546473 2.248360
0.428831 -0.226356 2.489710
0.548674 -0.349750 2.378460
0.479193 -0.514913 2.308780
0.456641 -0.559615 2.296610
0.211309 -0.530480 2.575050
0.201475 -0.607008 2.185700
0.205908 -0.820575 2.200900
0.211006 -0.865881 2.115780
0.367881 -0.529252 2.580150
0.379914 -0.600296 2.222440
0.412104 -0.836480 2.213980
0.415911 -0.871839 2.137570
0.288062 -0.463244 2.567850
0.286436 -0.407155 2.569910
0.284356 -0.145205 2.498870
0.317380 0.033939 2.505880
0.139843 -0.213654 2.467550
0.025078 -0.328968 2.319270
0.110974 -0.488368 2.247500
0.133897 -0.546638 2.231430
0.430281 -0.225821 2.479070
0.553411 -0.347188 2.364340
0.480875 -0.512536 2.294830
0.455465 -0.557659 2.285690
0.216842 -0.530254 2.575210
0.198253 -0.599805 2.184560
0.205328 -0.817357 2.200460
0.216865 -0.872443 2.107930
0.369123 -0.528291 2.578100
0.379331 -0.600628 2.222350
0.411925 -0.836329 2.214200
0.415147 -0.874012 2.139330
0.289868 -0.462925 2.565790
0.288307 -0.406898 2.565690
0.285657 -0.148257 2.482680
0.320086 0.030036 2.489560
0.143216 -0.213168 2.452540
0.027130 -0.324796 2.302360
0.111082 -0.488508 2.240690
0.140512 -0.546923 2.218730
0.431964 -0.225189 2.467740
0.558839 -0.344532 2.345350
0.482531 -0.509527 2.277130
0.454684 -0.554910 2.270450
0.221088 -0.530140 2.575620
0.195532 -0.594812 2.184030
0.204070 -0.810073 2.197350
0.218995 -0.869528 2.101530
0.370266 -0.527438 2.576790
0.378931 -0.600884 2.222240
0.411583 -0.836717 2.214410
0.391380 -0.882243 2.157980
0.292133 -0.462899 2.563240
0.290954 -0.407185 2.560120
0.286803 -0.150497 2.470740
0.322106 0.026488 2.472840
0.146715 -0.214196 2.438610
0.030116 -0.320404 2.283940
0.107374 -0.487526 2.223240
0.133438 -0.544772 2.196840
0.433920 -0.224506 2.456620
0.561591 -0.342881 2.332120
0.476204 -0.502328 2.259180
0.443125 -0.549101 2.241860
0.224205 -0.530155 2.575150
0.193496 -0.591496 2.183720
0.203338 -0.805823 2.195640
0.218349 -0.865797 2.100310
0.371394 -0.526711 2.575510
0.378640 -0.601069 2.222140
0.411203 -0.837300 2.214610
0.383977 -0.898733 2.181000
0.294630 -0.463132 2.560210
0.293872 -0.407820 2.553540
0.287204 -0.152668 2.456140
0.323752 0.022524 2.452560
0.150011 -0.215995 2.423890
0.033384 -0.315992 2.264890
0.109731 -0.483707 2.204720
0.134979 -0.541899 2.189310
0.434128 -0.225228 2.436780
0.564159 -0.341263 2.317390
0.488150 -0.498782 2.226180
0.460056 -0.550039 2.201000
0.226933 -0.530211 2.574360
0.191971 -0.589189 2.183500
0.202776 -0.802919 2.194410
0.214942 -0.862215 2.103150
0.372570 -0.525946 2.574050
0.378456 -0.601267 2.221980
0.410551 -0.839511 2.215080
0.389818 -0.903291 2.175200
0.297709 -0.463834 2.554850
0.297046 -0.409121 2.543750
0.287251 -0.155249 2.439680
0.324682 0.017349 2.427720
0.153481 -0.218945 2.408450
0.035763 -0.312334 2.250610
0.126714 -0.485230 2.192530
0.146725 -0.537012 2.170560
0.434532 -0.225260 2.420510
0.565466 -0.339533 2.304400
0.491601 -0.497449 2.212910
0.465513 -0.550728 2.184810
0.229823 -0.530366 2.572230
0.190893 -0.587596 2.183250
0.202226 -0.801039 2.193450
0.211693 -0.859746 2.107140
0.374072 -0.525043 2.571150
0.378426 -0.601592 2.221650
0.409848 -0.841832 2.215380
0.396014 -0.905823 2.168110
0.301137 -0.465696 2.535170
0.299667 -0.411768 2.520840
0.287360 -0.157674 2.422560
0.325375 0.012148 2.407880
0.156921 -0.222849 2.392540
0.037911 -0.309608 2.236080
0.088552 -0.473880 2.137070
0.123951 -0.528288 2.128540
0.435571 -0.225264 2.405180
0.566229 -0.338887 2.292630
0.486755 -0.495369 2.206350
0.457014 -0.548869 2.179890
0.232356 -0.530163 2.557150
0.190123 -0.586472 2.183050
0.201567 -0.800678 2.192880
0.209082 -0.858553 2.111230
0.376614 -0.524832 2.552110
0.379290 -0.605132 2.213980
0.409318 -0.844439 2.215510
0.401589 -0.906971 2.161290
0.302608 -0.467679 2.519310
0.300509 -0.414411 2.502470
0.287544 -0.162505 2.399450
0.326227 0.008330 2.389030
0.162056 -0.228761 2.370460
0.039943 -0.308316 2.220650
0.062852 -0.474363 2.107170
0.113327 -0.529394 2.111790
0.437435 -0.226615 2.387960
0.568815 -0.341948 2.275600
0.486141 -0.496982 2.201000
0.455904 -0.551931 2.176200
0.233235 -0.530189 2.542750
0.189499 -0.585627 2.182590
0.200871 -0.801118 2.192610
0.207119 -0.858240 2.115220
0.377620 -0.525444 2.538390
0.380193 -0.608754 2.205250
0.408826 -0.846806 2.215360
0.404120 -0.908120 2.158390
0.303511 -0.469053 2.507480
0.301112 -0.416397 2.487960
0.289457 -0.169770 2.369820
0.329762 -0.001468 2.352620
0.166607 -0.233821 2.347930
0.041588 -0.308766 2.205390
0.108498 -0.482250 2.142600
0.141502 -0.543604 2.128170
0.441324 -0.228561 2.368740
0.573774 -0.347494 2.259540
0.483682 -0.500807 2.199840
0.479326 -0.561140 2.194110
0.233889 -0.530284 2.532690
0.188347 -0.584900 2.178550
0.200086 -0.801579 2.192490
0.205259 -0.858346 2.119110
0.378014 -0.525860 2.528960
0.380758 -0.611728 2.197750
0.408349 -0.848736 2.215280
0.405894 -0.909090 2.156520
0.303635 -0.471023 2.493110
0.301132 -0.419002 2.471360
0.290611 -0.174521 2.348270
0.331283 -0.006371 2.333050
0.171160 -0.239494 2.325180
0.042090 -0.312309 2.190190
0.092330 -0.487475 2.124390
0.139129 -0.549993 2.124900
0.446311 -0.235248 2.342620
0.584418 -0.368941 2.231710
0.471795 -0.510996 2.209160
0.487639 -0.567600 2.209500
0.234218 -0.530564 2.521040
0.187508 -0.584967 2.172000
0.199393 -0.802240 2.192520
0.203681 -0.858579 2.122130
0.377218 -0.527331 2.515990
0.380990 -0.617488 2.185030
0.407483 -0.850901 2.214770
0.406963 -0.909910 2.154830
0.300082 -0.476008 2.471930
0.297251 -0.425300 2.447640
0.286731 -0.188480 2.313250
0.332430 -0.023822 2.294690
0.175993 -0.248748 2.295300
0.040754 -0.319303 2.172340
0.088693 -0.497681 2.124030
0.140709 -0.554571 2.126500
0.449475 -0.241817 2.322660
0.588361 -0.376852 2.221020
0.468154 -0.518380 2.212630
0.493176 -0.570993 2.214460
0.231215 -0.532682 2.499450
0.193947 -0.594118 2.160440
0.194517 -0.810130 2.189210
0.204016 -0.883126 2.194630
0.373280 -0.531649 2.499610
0.381623 -0.625213 2.168430
0.406549 -0.852936 2.214050
0.389428 -0.905760 2.157630
0.299763 -0.487429 2.416860
0.298098 -0.437888 2.395290
0.289648 -0.198165 2.287950
0.333161 -0.031512 2.275660
0.180138 -0.258172 2.271750
0.039517 -0.327649 2.154490
0.086558 -0.504119 2.122490
0.141288 -0.559265 2.127970
0.454383 -0.250331 2.298530
0.590539 -0.382174 2.214000
0.468463 -0.527628 2.214450
0.499117 -0.575119 2.217790
0.226355 -0.539885 2.441330
0.197740 -0.612698 2.117660
0.184980 -0.829440 2.151990
0.191545 -0.895128 2.124510
0.374858 -0.548380 2.442680
0.378623 -0.657414 2.115140
0.405711 -0.854731 2.213220
0.385067 -0.910311 2.165780
0.303249 -0.496979 2.368890
0.301306 -0.448226 2.351690
0.291894 -0.206896 2.267340
0.338271 -0.049092 2.235720
0.184423 -0.268207 2.247260
0.037914 -0.348157 2.119510
0.075103 -0.522550 2.105650
0.124682 -0.583012 2.111860
0.459139 -0.258945 2.276720
0.591535 -0.389814 2.205160
0.469088 -0.537199 2.216620
0.465660 -0.591993 2.227050
0.226775 -0.547727 2.387700
0.206221 -0.628009 2.073640
0.179855 -0.843197 2.117050
0.187311 -0.898475 2.076660
0.382850 -0.562346 2.390860
0.372367 -0.688190 2.068600
0.404927 -0.856566 2.212260
0.381883 -0.914873 2.173160
0.305401 -0.503173 2.344660
0.303239 -0.454906 2.328180
0.293089 -0.217100 2.241630
0.339901 -0.057714 2.214410
0.188620 -0.277042 2.229850
0.038630 -0.361801 2.098920
0.153655 -0.552170 2.124740
0.161354 -0.605696 2.139980
0.462430 -0.266573 2.254260
0.591468 -0.397891 2.194310
0.470079 -0.543835 2.216010
0.450753 -0.603720 2.226820
0.228139 -0.552694 2.362180
0.210660 -0.635904 2.048870
0.186207 -0.862687 2.169850
0.229303 -0.912154 2.182280
0.386677 -0.569645 2.365590
0.369111 -0.703200 2.045630
0.397578 -0.894887 2.127260
0.390092 -0.948347 2.074700
0.315038 -0.513495 2.317460
0.310134 -0.463945 2.303920
0.293745 -0.223467 2.224640
0.340268 -0.065710 2.192260
0.193374 -0.286480 2.207310
0.040682 -0.368390 2.086340
0.188501 -0.568507 2.131910
0.175633 -0.617043 2.152470
0.464931 -0.275600 2.231700
0.592261 -0.407619 2.181760
0.471059 -0.550646 2.212100
0.439206 -0.612109 2.219750
0.244862 -0.566551 2.328130
0.219841 -0.637704 2.015230
0.189472 -0.877710 2.194340
0.244368 -0.883301 2.173380
0.398170 -0.579288 2.336280
0.356987 -0.717991 2.021710
0.380216 -0.928613 2.054770
0.384644 -0.976969 1.990740
0.327264 -0.521007 2.296830
0.320478 -0.470834 2.283310
0.295057 -0.227282 2.205890
0.340726 -0.069947 2.170020
0.196565 -0.290774 2.193770
0.044519 -0.375893 2.072100
0.204303 -0.575151 2.135450
0.181352 -0.623089 2.153900
0.466148 -0.282436 2.212360
0.592408 -0.416716 2.159700
0.527597 -0.587710 2.155150
0.501473 -0.651176 2.154710
0.258341 -0.574540 2.310120
0.247060 -0.635355 1.985760
0.196060 -0.876404 2.182350
0.233200 -0.891409 2.134200
0.413998 -0.584215 2.310000
0.333107 -0.733144 2.007000
0.361653 -0.949443 2.019410
0.369820 -0.996105 1.949610
0.332197 -0.524190 2.287110
0.324657 -0.473826 2.273400
0.296839 -0.227552 2.184490
0.341247 -0.069670 2.154350
0.199421 -0.292230 2.181130
0.047959 -0.381107 2.061150
0.213653 -0.579143 2.137390
0.192932 -0.621172 2.130060
0.466576 -0.285434 2.197590
0.591851 -0.421339 2.146110
0.556177 -0.605918 2.130510
0.539923 -0.672485 2.124850
0.265098 -0.577666 2.302150
0.252242 -0.636209 1.974150
0.194622 -0.882485 2.166170
0.216596 -0.910137 2.102180
0.418962 -0.586290 2.299190
0.325817 -0.739752 2.000860
0.355487 -0.958878 2.003060
0.365616 -1.005050 1.931170
0.332986 -0.523052 2.283450
0.326417 -0.474184 2.267210
0.299652 -0.225313 2.165320
0.343613 -0.065730 2.131490
0.202151 -0.290062 2.167840
0.051181 -0.384668 2.051390
0.220642 -0.582320 2.136260
0.209465 -0.638197 2.114530
0.466262 -0.285125 2.181580
0.590801 -0.423472 2.134530
0.568374 -0.614040 2.119370
0.554465 -0.681257 2.113010
0.262652 -0.568343 2.308560
0.249937 -0.635975 1.969910
0.196027 -0.877544 2.185530
0.215842 -0.864359 2.122380
0.413129 -0.580588 2.300290
0.330414 -0.743702 2.003790
0.355962 -0.965800 1.996180
0.367139 -1.012810 1.924460
0.330413 -0.514763 2.287880
0.325978 -0.468547 2.266340
0.301584 -0.222060 2.152220
0.345394 -0.060864 2.116270
0.204249 -0.280705 2.150610
0.104830 -0.420581 2.059330
0.225482 -0.612725 2.118490
0.223731 -0.682470 2.096440
0.466001 -0.279006 2.164490
0.589030 -0.421888 2.123150
0.576088 -0.618807 2.112200
0.563841 -0.685659 2.106120
0.260014 -0.555668 2.318030
0.236483 -0.659513 1.991260
0.197010 -0.874285 2.195170
0.213608 -0.832942 2.136090
0.402171 -0.566940 2.314210
0.345445 -0.743108 2.021650
0.365188 -0.968307 2.007990
0.375880 -1.017920 1.939730
0.325865 -0.496409 2.295320
0.323027 -0.451976 2.268370
0.302704 -0.214164 2.138300
0.347009 -0.052299 2.102370
0.205232 -0.265118 2.134760
0.138348 -0.433520 2.062660
0.227291 -0.621173 2.111200
0.229015 -0.695471 2.089710
0.465877 -0.265941 2.148110
0.585805 -0.415361 2.111890
0.581457 -0.618044 2.108640
0.571787 -0.682291 2.106450
0.258243 -0.534510 2.329280
0.230413 -0.675027 2.014520
0.197342 -0.870145 2.199920
0.214833 -0.818200 2.141210
0.393953 -0.550925 2.324490
0.359239 -0.744798 2.042320
0.376818 -0.970238 2.031750
0.385897 -1.023440 1.968510
0.322778 -0.478864 2.300720
0.320733 -0.433866 2.270150
0.305102 -0.200728 2.124110
0.348205 -0.040519 2.088660
0.204752 -0.242878 2.118360
0.154673 -0.433815 2.061470
0.228014 -0.623567 2.105860
0.233004 -0.702005 2.085810
0.464935 -0.240566 2.129030
0.583390 -0.407584 2.102670
0.580932 -0.610862 2.108230
0.572100 -0.672501 2.111030
0.258647 -0.516910 2.335570
0.229010 -0.684588 2.030810
0.197956 -0.865520 2.202070
0.217997 -0.795671 2.136440
0.387252 -0.533992 2.332580
0.370174 -0.744164 2.059560
0.387615 -0.969299 2.055660
0.391128 -0.896942 2.072670
0.324039 -0.451981 2.307260
0.321409 -0.407536 2.273000
0.305830 -0.183372 2.112610
0.348843 -0.019723 2.075180
0.204873 -0.219950 2.105560
0.104790 -0.362413 2.029910
0.184472 -0.538522 2.104570
0.202030 -0.606056 2.090620
0.463942 -0.215787 2.114860
0.579466 -0.374149 2.086710
0.575290 -0.580796 2.109670
0.599338 -0.605476 2.103180
0.264103 -0.494954 2.342800
0.212060 -0.732854 2.102050
0.190984 -0.910654 2.207700
0.210237 -0.832908 2.151770
0.387324 -0.496985 2.341560
0.379690 -0.735921 2.088320
0.396984 -0.962015 2.088450
0.394482 -0.858703 2.111260
0.327490 -0.422295 2.314310
0.324508 -0.378284 2.276810
0.309101 -0.160649 2.101840
0.350096 0.006276 2.065210
0.203803 -0.195879 2.094260
0.095116 -0.331246 2.014510
0.133874 -0.508141 2.055240
0.149636 -0.569675 2.061150
0.464378 -0.197728 2.106860
0.577915 -0.351805 2.078000
0.568112 -0.554563 2.110320
0.606060 -0.577776 2.100660
0.271142 -0.466810 2.353470
0.208286 -0.746862 2.152470
0.188647 -0.922654 2.210300
0.208098 -0.839578 2.156530
0.389133 -0.469835 2.348230
0.385790 -0.725925 2.108710
0.403853 -0.949789 2.122440
0.393955 -0.818314 2.142460
0.330322 -0.402404 2.318800
0.327385 -0.356153 2.279660
0.312912 -0.123845 2.091800
0.350708 0.037146 2.056890
0.202771 -0.178640 2.086570
0.082194 -0.304712 2.004130
0.098791 -0.479842 2.025130
0.110550 -0.532775 2.044830
0.464392 -0.179766 2.100990
0.579208 -0.327571 2.071430
0.554108 -0.511681 2.109430
0.604611 -0.555912 2.100100
0.275678 -0.449971 2.359070
0.212880 -0.752315 2.184160
0.184402 -0.931763 2.215430
0.203427 -0.851656 2.164320
0.391300 -0.447303 2.353430
0.388755 -0.714540 2.126490
0.407321 -0.938257 2.147570
0.393894 -0.809952 2.147380
0.330868 -0.359488 2.328340
0.328262 -0.313698 2.286230
0.315217 -0.089568 2.085600
0.351180 0.072458 2.051650
0.202189 -0.153696 2.080160
0.077621 -0.286023 1.998340
0.086317 -0.464343 2.014310
0.094037 -0.512916 2.037680
0.464996 -0.163576 2.096940
0.579100 -0.311776 2.068270
0.545070 -0.487647 2.106850
0.598806 -0.539954 2.099740
0.278148 -0.408699 2.368200
0.214429 -0.755304 2.198180
0.173988 -0.957625 2.237170
0.178174 -0.973703 2.195030
0.389719 -0.402185 2.366540
0.390330 -0.679381 2.155010
0.407912 -0.944287 2.192860
0.402140 -0.937867 2.178730
0.331274 -0.341054 2.330460
0.328910 -0.294529 2.287190
0.318278 -0.063016 2.081150
0.352165 0.098830 2.047410
0.201967 -0.130960 2.076290
0.077022 -0.269730 1.995420
0.084333 -0.449770 2.009640
0.086643 -0.498221 2.034110
0.466588 -0.133308 2.093580
0.577778 -0.287834 2.067980
0.541163 -0.464498 2.101570
0.586041 -0.523069 2.101030
0.279270 -0.390781 2.370010
0.242362 -0.695039 2.175340
0.179129 -0.907827 2.205740
0.214669 -0.850791 2.134790
0.389144 -0.383676 2.369860
0.390631 -0.659514 2.162070
0.404765 -0.898696 2.169390
0.405796 -0.949232 2.137760
0.331208 -0.318632 2.328730
0.329304 -0.277549 2.287240
0.320259 -0.050638 2.082770
0.353472 0.125962 2.044530
0.201177 -0.096676 2.073700
0.083815 -0.245751 1.997270
0.090545 -0.428956 2.008610
0.091137 -0.478489 2.033650
0.469717 -0.092702 2.090080
0.571660 -0.256752 2.069490
0.540017 -0.439309 2.095830
0.575312 -0.504438 2.101690
0.279087 -0.368398 2.367840
0.253525 -0.669787 2.173500
0.181409 -0.884122 2.194520
0.216718 -0.849999 2.131130
0.388337 -0.364670 2.369180
0.389661 -0.642423 2.165930
0.407004 -0.901968 2.187040
0.411403 -0.986660 2.141130
0.331107 -0.299624 2.323990
0.329490 -0.258390 2.284110
0.321646 -0.037664 2.088540
0.354139 0.154304 2.042890
0.200667 -0.062041 2.071930
0.090881 -0.228209 2.000840
0.108881 -0.408859 2.018470
0.098975 -0.463286 2.034590
0.471607 -0.070247 2.088650
0.568614 -0.242762 2.070160
0.536255 -0.425978 2.093330
0.558331 -0.489363 2.103220
0.278097 -0.348340 2.362900
0.259926 -0.640434 2.164310
0.189820 -0.857901 2.180070
0.231691 -0.807560 2.109310
0.388361 -0.348346 2.363630
0.388778 -0.630547 2.166950
0.408294 -0.901534 2.192100
0.414080 -1.001740 2.142140
0.331726 -0.281083 2.319150
0.330117 -0.240119 2.281390
0.322442 -0.022832 2.098460
0.355686 0.178406 2.042240
0.200615 -0.041666 2.071260
0.100993 -0.209778 2.007990
0.122327 -0.392526 2.025580
0.116442 -0.446342 2.039510
0.473090 -0.053194 2.088170
0.566051 -0.233866 2.070850
0.531551 -0.416842 2.092030
0.521559 -0.472108 2.108390
0.278254 -0.325436 2.358530
0.260458 -0.612827 2.159680
0.198950 -0.832906 2.167640
0.241947 -0.781303 2.091290
0.389180 -0.334434 2.356940
0.387699 -0.621806 2.167840
0.409316 -0.901625 2.194610
0.415702 -1.011060 2.142390
0.333194 -0.252188 2.312760
0.331612 -0.210670 2.277550
0.323732 -0.001593 2.108610
0.355959 0.221958 2.046960
0.200326 -0.012060 2.073390
0.108920 -0.197620 2.014850
0.134033 -0.381162 2.033770
0.129006 -0.435821 2.043600
0.474291 -0.025732 2.088930
0.557484 -0.217467 2.074690
0.521206 -0.401115 2.091160
0.501678 -0.452770 2.110550
0.278762 -0.301004 2.353230
0.260971 -0.600386 2.157840
0.202740 -0.822129 2.162100
0.245789 -0.770718 2.084710
0.391694 -0.302323 2.346780
0.384381 -0.602157 2.172020
0.410097 -0.899254 2.194800
0.416644 -1.008510 2.135950
0.335279 -0.232204 2.307940
0.333880 -0.189456 2.274240
0.327291 0.023789 2.116430
0.357026 0.249715 2.050480
0.200314 0.008760 2.074660
0.120469 -0.183408 2.027900
0.143049 -0.370811 2.040660
0.158878 -0.418978 2.059880
0.474845 0.001381 2.091210
0.548121 -0.202734 2.079640
0.510121 -0.386895 2.091760
0.485890 -0.437404 2.112240
0.280243 -0.282472 2.347570
0.260883 -0.592422 2.156790
0.205198 -0.815366 2.158250
0.250935 -0.770127 2.082440
0.394034 -0.282842 2.340810
0.382348 -0.590937 2.174210
0.400467 -0.843993 2.171040
0.389041 -0.877908 2.096390
0.337137 -0.215998 2.302010
0.335827 -0.171698 2.269530
0.329858 0.052890 2.121030
0.357835 0.273555 2.053480
0.200276 0.031574 2.076250
0.133080 -0.169065 2.044940
0.154076 -0.359382 2.049920
0.173036 -0.412230 2.068810
0.475491 0.029981 2.094220
0.536981 -0.188329 2.086510
0.499500 -0.374000 2.093750
0.475190 -0.398445 2.111210
0.281767 -0.266785 2.338920
0.259621 -0.587169 2.156450
0.207190 -0.810659 2.155250
0.171931 -0.800182 2.163540
0.396112 -0.267724 2.334340
0.381161 -0.581977 2.176130
0.393867 -0.803445 2.154750
0.386646 -0.852326 2.092530
0.339008 -0.201193 2.296490
0.337870 -0.153313 2.264450
0.331785 0.095946 2.121460
0.359283 0.291491 2.055550
0.200496 0.048360 2.077410
0.140449 -0.160306 2.055250
0.160669 -0.351874 2.055300
0.180175 -0.407258 2.073020
0.475737 0.050331 2.097500
0.528051 -0.177836 2.092590
0.486215 -0.361855 2.099500
0.467204 -0.375520 2.112910
0.283231 -0.251036 2.330370
0.255938 -0.582882 2.157250
0.208698 -0.806959 2.153130
0.153698 -0.832252 2.163660
0.398259 -0.255402 2.328380
0.380382 -0.572648 2.177930
0.391179 -0.785072 2.148440
0.383919 -0.830568 2.091690
0.340174 -0.189619 2.292070
0.339162 -0.135003 2.258900
0.332463 0.155314 2.109560
0.361685 0.315923 2.057800
0.200731 0.066269 2.079420
0.146177 -0.152732 2.063680
0.166280 -0.344685 2.060120
0.185050 -0.402831 2.076520
0.475644 0.062899 2.099820
0.514727 -0.168494 2.102520
0.476259 -0.354094 2.104100
0.455888 -0.375401 2.116640
0.283889 -0.238386 2.323860
0.250403 -0.574829 2.160930
0.209821 -0.804176 2.151650
0.140903 -0.854188 2.162510
0.399772 -0.245942 2.323020
0.380130 -0.565560 2.179160
0.389756 -0.774846 2.145140
0.383059 -0.818152 2.093040
0.340435 -0.175225 2.286730
0.339452 -0.116505 2.253590
0.333220 0.186716 2.104220
0.363969 0.348278 2.068850
0.200678 0.086186 2.082820
0.151837 -0.142552 2.073170
0.172138 -0.334047 2.066200
0.190284 -0.390752 2.082400
0.475073 0.077549 2.104280
0.500082 -0.162408 2.112990
0.464286 -0.348686 2.109480
0.430724 -0.378089 2.122670
0.282557 -0.221297 2.315830
0.245718 -0.568975 2.163460
0.210758 -0.802099 2.150670
0.135493 -0.852524 2.148340
0.400737 -0.235881 2.316780
0.379928 -0.557804 2.180140
0.388884 -0.767876 2.143210
0.383902 -0.813913 2.098010
0.340010 -0.159518 2.280960
0.339166 -0.099213 2.248970
0.333920 0.208430 2.103880
0.364583 0.366482 2.075440
0.199653 0.107598 2.087350
0.156010 -0.130674 2.082530
0.178376 -0.320164 2.074050
0.200920 -0.369206 2.092390
0.474470 0.093701 2.110300
0.481917 -0.155507 2.123760
0.456084 -0.344261 2.113350
0.415062 -0.377885 2.131110
0.280418 -0.204396 2.308220
0.241470 -0.558331 2.167920
0.211552 -0.800756 2.150220
0.135482 -0.840235 2.132930
0.401281 -0.224850 2.309360
0.380095 -0.550215 2.180720
0.388944 -0.765019 2.143340
0.384431 -0.815409 2.103170
0.338413 -0.145069 2.275430
0.338065 -0.084720 2.245060
0.334658 0.222987 2.104560
0.364133 0.384123 2.083230
0.198290 0.131703 2.092560
0.158129 -0.117616 2.091530
0.183665 -0.305223 2.081770
0.204483 -0.356075 2.096350
0.473874 0.111519 2.117380
0.464789 -0.143537 2.133920
0.435213 -0.330527 2.119170
0.404721 -0.374366 2.135020
0.277166 -0.189182 2.300730
0.238548 -0.549813 2.170860
0.212178 -0.800049 2.150170
0.142451 -0.823280 2.117040
0.400286 -0.213707 2.302000
0.380304 -0.543607 2.181090
0.389886 -0.765072 2.144360
0.383767 -0.816787 2.105540
0.334036 -0.124724 2.265300
0.334665 -0.065288 2.238430
0.334605 0.243075 2.110800
0.364787 0.405853 2.094100
0.196599 0.153890 2.098890
0.158838 -0.101858 2.100140
0.188279 -0.287674 2.090300
0.208745 -0.338985 2.101740
0.474651 0.130346 2.125560
0.453478 -0.129714 2.139290
0.421847 -0.315161 2.125140
0.396305 -0.367991 2.139430
0.270189 -0.168975 2.287250
0.235664 -0.540961 2.173670
0.212626 -0.799915 2.150730
0.148525 -0.814696 2.108110
0.396964 -0.197624 2.289250
0.380634 -0.536292 2.181840
0.390744 -0.766214 2.146090
0.383683 -0.819276 2.107840
0.330276 -0.105771 2.255700
0.331847 -0.047227 2.232130
0.335645 0.258049 2.116990
0.365715 0.426401 2.105540
0.195436 0.173746 2.105920
0.159125 -0.086373 2.107450
0.192462 -0.270664 2.099020
0.209703 -0.324928 2.105330
0.476018 0.148460 2.133900
0.445894 -0.113373 2.142550
0.413277 -0.298311 2.131090
0.389570 -0.357403 2.144670
0.265518 -0.156355 2.276910
0.233578 -0.533316 2.175870
0.212993 -0.800007 2.151530
0.152064 -0.811003 2.103710
0.392020 -0.169432 2.273210
0.381158 -0.529334 2.183020
0.391674 -0.768359 2.147990
0.383706 -0.822236 2.109540
0.327863 -0.089942 2.247640
0.329920 -0.031106 2.226590
0.337143 0.275727 2.126360
0.366486 0.446444 2.116640
0.194299 0.192754 2.113310
0.159587 -0.066453 2.117710
0.198398 -0.248380 2.113470
0.208682 -0.306557 2.111120
0.476331 0.168163 2.142080
0.439478 -0.090724 2.148540
0.412271 -0.276986 2.140230
0.387187 -0.340425 2.152760
0.261541 -0.144595 2.265700
0.232274 -0.527529 2.177410
0.213520 -0.800201 2.152660
0.154190 -0.811125 2.105360
0.390089 -0.152259 2.263800
0.381626 -0.522948 2.184410
0.392386 -0.770467 2.149510
0.383793 -0.825143 2.110780
0.326479 -0.077485 2.241260
0.328842 -0.018306 2.222320
0.338680 0.290380 2.135450
0.368036 0.468641 2.129770
0.193755 0.211075 2.121220
0.159547 -0.045814 2.127590
0.199309 -0.230227 2.121390
0.205303 -0.287623 2.115780
0.476830 0.183197 2.148470
0.437870 -0.074002 2.151320
0.413383 -0.260687 2.145740
0.386965 -0.323828 2.159060
0.258778 -0.134671 2.255970
0.230830 -0.514858 2.179580
0.214230 -0.800536 2.154100
0.156447 -0.812026 2.108370
0.389284 -0.140045 2.256810
0.381993 -0.518258 2.185460
0.392947 -0.772423 2.150710
0.383767 -0.827673 2.111630
0.326703 -0.063974 2.234600
0.329009 -0.004204 2.218100
0.339655 0.309031 2.148320
0.370361 0.486293 2.140760
0.193430 0.225787 2.128420
0.160295 -0.030294 2.134350
0.198054 -0.216289 2.126850
0.203718 -0.272379 2.121100
0.481421 0.208124 2.161650
0.444915 -0.047856 2.155250
0.412887 -0.234962 2.147180
0.385615 -0.298685 2.162680
0.257602 -0.124375 2.246060
0.229882 -0.506373 2.180800
0.214796 -0.800883 2.155350
0.158004 -0.812322 2.110480
0.390710 -0.127894 2.249540
0.382378 -0.514208 2.186360
0.393398 -0.774202 2.151780
0.382565 -0.831874 2.114360
0.327782 -0.052038 2.228870
0.330049 0.008238 2.214690
0.341769 0.323762 2.159220
0.371733 0.502199 2.150990
0.193625 0.244250 2.138750
0.160958 -0.011329 2.141890
0.193827 -0.198737 2.132430
0.201752 -0.253302 2.127330
0.483923 0.224564 2.170530
0.452479 -0.026416 2.157360
0.415796 -0.213243 2.145810
0.387149 -0.275377 2.163610
0.257627 -0.113397 2.236020
0.229189 -0.499892 2.181610
0.215285 -0.800809 2.156470
0.160837 -0.814777 2.112650
0.392814 -0.117306 2.243030
0.382703 -0.511410 2.186990
0.393769 -0.776002 2.152770
0.380314 -0.837778 2.120020
0.328728 -0.039418 2.223140
0.330969 0.021638 2.211480
0.343182 0.341424 2.172300
0.372765 0.522856 2.164580
0.193859 0.262026 2.149650
0.160903 0.006688 2.149210
0.187683 -0.181309 2.137750
0.195360 -0.209300 2.135810
0.487607 0.241623 2.180740
0.460848 -0.010368 2.159820
0.418813 -0.196300 2.143200
0.389299 -0.255769 2.162770
0.257413 -0.101610 2.226150
0.228464 -0.494963 2.182060
0.215969 -0.800143 2.158390
0.165036 -0.817725 2.114960
0.394828 -0.107016 2.236340
0.383433 -0.508582 2.187560
0.394072 -0.777869 2.153900
0.390504 -0.833162 2.103710
0.329444 -0.028588 2.218570
0.331750 0.033224 2.209160
0.344739 0.355767 2.183440
0.374624 0.540107 2.176770
0.194352 0.276557 2.159420
0.160878 0.020850 2.154390
0.184971 -0.167717 2.141060
0.194779 -0.198197 2.139030
0.490817 0.253739 2.188340
0.475245 0.013403 2.165350
0.426878 -0.170204 2.138310
0.423169 -0.221863 2.149150
0.257115 -0.091037 2.218330
0.227166 -0.489148 2.181990
0.216896 -0.797209 2.161310
0.171872 -0.822479 2.119500
0.396378 -0.098250 2.230300
0.384539 -0.505491 2.187870
0.394273 -0.779631 2.155040
0.384937 -0.840817 2.115170
0.330032 -0.020517 2.215090
0.332433 0.041960 2.207480
0.346320 0.367244 2.192470
0.376464 0.552660 2.185340
0.195503 0.288372 2.168660
0.159064 0.036258 2.161130
0.180922 -0.152470 2.141730
0.194157 -0.189690 2.141110
0.492821 0.262112 2.193850
0.481949 0.024799 2.167810
0.433504 -0.156952 2.134360
0.438250 -0.206429 2.138980
0.257202 -0.082433 2.212170
0.226111 -0.485032 2.181740
0.217835 -0.794180 2.164370
0.176353 -0.824823 2.122510
0.397447 -0.090913 2.224830
0.385540 -0.502975 2.187910
0.394208 -0.781300 2.156140
0.390646 -0.835381 2.103190
0.330538 -0.014009 2.212160
0.333066 0.048831 2.206200
0.348166 0.375993 2.200060
0.378043 0.561316 2.191930
0.197461 0.298006 2.177580
0.158179 0.045231 2.165100
0.178505 -0.143208 2.141730
0.193677 -0.183558 2.142570
0.495568 0.268994 2.200500
0.486479 0.032509 2.169320
0.442061 -0.147657 2.129540
0.448164 -0.197464 2.131550
0.257352 -0.075247 2.207050
0.224920 -0.481166 2.180980
0.218620 -0.790589 2.166920
0.180067 -0.826648 2.125490
0.398146 -0.084994 2.219780
0.386384 -0.500946 2.187720
0.394104 -0.782702 2.157030
0.378499 -0.844566 2.123410
0.331076 -0.008832 2.209530
0.333675 0.054129 2.205320
0.350026 0.383091 2.207000
0.379687 0.568755 2.198460
0.199288 0.304531 2.185350
0.157722 0.051411 2.168230
0.176905 -0.136756 2.141490
0.193395 -0.179034 2.143560
0.497992 0.273714 2.205930
0.490116 0.037970 2.170300
0.450165 -0.141654 2.125300
0.458696 -0.192313 2.123510
0.257729 -0.069421 2.202490
0.223989 -0.478268 2.180160
0.219202 -0.787596 2.168790
0.182494 -0.827726 2.127640
0.398754 -0.080077 2.214610
0.387057 -0.499424 2.187420
0.393800 -0.784055 2.157800
0.371373 -0.849599 2.134160
0.331775 -0.004848 2.207090
0.334157 0.057587 2.204830
0.352178 0.381443 2.214600
0.380789 0.573543 2.202760
0.201876 0.309089 2.193550
0.157513 0.055810 2.170930
0.175224 -0.131785 2.140170
0.182302 -0.177525 2.129300
0.500350 0.277015 2.210560
0.493574 0.042050 2.171280
0.460053 -0.138611 2.120950
0.467463 -0.190039 2.118070
0.258588 -0.064792 2.198200
0.223238 -0.476046 2.179260
0.219621 -0.785154 2.170100
0.184301 -0.828396 2.129100
0.399537 -0.076187 2.209370
0.387583 -0.498207 2.186990
0.393445 -0.785127 2.158330
0.367114 -0.852156 2.139700
0.332870 -0.001718 2.204610
0.334795 0.060053 2.204570
0.355366 0.375522 2.220410
0.381921 0.577163 2.206420
0.205089 0.311922 2.202040
0.157615 0.059027 2.173940
0.173852 -0.128027 2.138590
0.177077 -0.171701 2.124330
0.502960 0.279860 2.215260
0.497370 0.044683 2.172450
0.470003 -0.137914 2.117540
0.474627 -0.189758 2.113700
0.260001 -0.061236 2.194230
0.222643 -0.474522 2.178350
0.219956 -0.783482 2.170980
0.185521 -0.828820 2.130050
0.400564 -0.073231 2.204340
0.388019 -0.497244 2.186440
0.392968 -0.786015 2.158610
0.379823 -0.836090 2.108160
0.334270 0.000840 2.202150
0.335648 0.061797 2.204640
0.358184 0.368205 2.224600
0.383081 0.579630 2.209440
0.208303 0.313428 2.209660
0.158186 0.061176 2.178270
0.171788 -0.125131 2.136930
0.173234 -0.170912 2.120380
0.506869 0.283169 2.221770
0.502265 0.046124 2.174270
0.488080 -0.137460 2.114880
0.482793 -0.189376 2.110530
0.261827 -0.058440 2.190590
0.222090 -0.473346 2.176980
0.220221 -0.782136 2.171600
0.200597 -0.835690 2.136260
0.401796 -0.070806 2.199510
0.388525 -0.496383 2.185580
0.392545 -0.786665 2.158760
0.387634 -0.826473 2.089830
0.336104 0.002893 2.199580
0.337125 0.062873 2.205150
0.361616 0.361164 2.228080
0.384665 0.581750 2.212660
0.212046 0.313930 2.217710
0.159773 0.062820 2.185770
0.169877 -0.123208 2.135620
0.165855 -0.180724 2.115850
0.510327 0.285482 2.226970
0.510216 0.046431 2.178380
0.503291 -0.137031 2.115000
0.491820 -0.187819 2.109230
0.264057 -0.056269 2.187040
0.221865 -0.473134 2.175080
0.220376 -0.781416 2.172020
0.205156 -0.838799 2.138340
0.403321 -0.068937 2.194820
0.389087 -0.495675 2.184530
0.392167 -0.787131 2.158750
0.390985 -0.821719 2.080940
0.338214 0.004444 2.197030
0.339219 0.063287 2.206060
0.365052 0.355055 2.230800
0.386613 0.583332 2.215760
0.216145 0.314006 2.225700
0.162076 0.063745 2.194920
0.167440 -0.123263 2.134240
0.161202 -0.182745 2.114290
0.513081 0.287024 2.230980
0.521994 0.046309 2.186430
0.518607 -0.136134 2.118090
0.503454 -0.185816 2.110760
0.266655 -0.054623 2.183590
0.222083 -0.473906 2.172400
0.220478 -0.780991 2.172240
0.206273 -0.840153 2.138740
0.404889 -0.067522 2.190560
0.389818 -0.494941 2.183100
0.391899 -0.787428 2.158540
0.392978 -0.818761 2.075450
0.340645 0.005712 2.194540
0.341760 0.063232 2.207270
0.368235 0.349756 2.233050
0.388390 0.583769 2.218170
0.219500 0.313486 2.231430
0.165270 0.064502 2.208390
0.163864 -0.121573 2.135100
0.158184 -0.183062 2.113670
0.517536 0.288495 2.236090
0.537407 0.047591 2.198800
0.529744 -0.133670 2.123090
0.512769 -0.184604 2.113340
0.269404 -0.053444 2.180470
0.222766 -0.475463 2.168830
0.220342 -0.781052 2.171960
0.203403 -0.840633 2.137150
0.406719 -0.066318 2.186550
0.390634 -0.494205 2.181390
0.391769 -0.787653 2.158230
0.394432 -0.816883 2.071910
0.343254 0.006541 2.192110
0.344860 0.062576 2.208640
0.372915 0.344083 2.235680
0.391851 0.582239 2.221300
0.223310 0.312452 2.236220
0.167954 0.065062 2.221180
0.159989 -0.121511 2.136170
0.155235 -0.182897 2.114190
0.521397 0.289006 2.239900
0.551646 0.048060 2.211190
0.538624 -0.133693 2.129230
0.521358 -0.185097 2.117190
0.272218 -0.052701 2.177530
0.223648 -0.478247 2.164510
0.219862 -0.782091 2.171100
0.194793 -0.838533 2.132550
0.408554 -0.065493 2.182820
0.391836 -0.493366 2.179000
0.391772 -0.787876 2.157830
0.395481 -0.815597 2.069410
0.346019 0.006938 2.189780
0.348391 0.061412 2.210020
0.377506 0.339365 2.237740
0.396775 0.579398 2.224820
0.229202 0.310274 2.240460
0.170538 0.065198 2.231970
0.155116 -0.123897 2.138480
0.152013 -0.183844 2.116350
0.524928 0.289113 2.242840
0.561010 0.047641 2.220510
0.550536 -0.135858 2.141970
0.532882 -0.186916 2.125320
0.275155 -0.052306 2.174930
0.224457 -0.481783 2.159430
0.218316 -0.784206 2.169430
0.188037 -0.835870 2.124870
0.410287 -0.064972 2.179480
0.393330 -0.492991 2.176120
0.392329 -0.788276 2.157410
0.396902 -0.815160 2.068130
0.348833 0.007359 2.187720
0.351748 0.060387 2.211330
0.381266 0.335882 2.239230
0.402041 0.576307 2.228050
0.234330 0.308839 2.243670
0.172883 0.065454 2.240830
0.150851 -0.127842 2.141630
0.149221 -0.185658 2.119230
0.532395 0.288841 2.247400
0.568703 0.046433 2.229490
0.560854 -0.138387 2.155760
0.543457 -0.189977 2.134710
0.277912 -0.051945 2.172730
0.225549 -0.491092 2.151330
0.213673 -0.791449 2.165400
0.187331 -0.838526 2.115310
0.412019 -0.064513 2.176630
0.395009 -0.493718 2.172890
0.393390 -0.788922 2.157060
0.398937 -0.815767 2.068260
0.351535 0.007572 2.185960
0.355061 0.059247 2.212560
0.385432 0.332602 2.240330
0.407320 0.572788 2.230380
0.239280 0.307469 2.245880
0.174788 0.065518 2.247030
0.146668 -0.135162 2.146850
0.146409 -0.190388 2.124740
0.539081 0.288604 2.251080
0.574666 0.045268 2.237460
0.569053 -0.140975 2.170070
0.554562 -0.196452 2.149100
0.280437 -0.051774 2.170920
0.226274 -0.496840 2.145620
0.209230 -0.796588 2.161300
0.193420 -0.828793 2.096070
0.413602 -0.064252 2.174320
0.396904 -0.496149 2.169160
0.395030 -0.789922 2.156660
0.401338 -0.817225 2.069140
0.354007 0.007674 2.184560
0.358111 0.058192 2.213680
0.389305 0.330070 2.240970
0.412165 0.569767 2.231900
0.244104 0.306298 2.247420
0.176841 0.065454 2.252000
0.144006 -0.142610 2.153300
0.144658 -0.196636 2.132750
0.544845 0.288146 2.253960
0.579641 0.044202 2.245290
0.577010 -0.143801 2.189230
0.567801 -0.202661 2.174420
0.282619 -0.051703 2.169570
0.226854 -0.500634 2.140840
0.204791 -0.800131 2.155740
0.195787 -0.829362 2.087710
0.415021 -0.064096 2.172490
0.398798 -0.499975 2.165610
0.396438 -0.791800 2.156350
0.403174 -0.820214 2.070680
0.356303 0.007649 2.183440
0.360918 0.057197 2.214710
0.393178 0.328073 2.241130
0.416846 0.567202 2.232910
0.250486 0.305156 2.248010
0.179148 0.065390 2.256260
0.143098 -0.148607 2.160450
0.143895 -0.202496 2.140760
0.550446 0.287045 2.256040
0.584554 0.043569 2.255160
0.582476 -0.146409 2.204080
0.576618 -0.204974 2.192870
0.284637 -0.051705 2.168530
0.227221 -0.503171 2.136250
0.200417 -0.801916 2.146080
0.199197 -0.834666 2.081430
0.416246 -0.064045 2.171110
0.400367 -0.503576 2.162760
0.397669 -0.794333 2.156540
0.404586 -0.824188 2.073120
0.358706 0.007286 2.182490
0.363666 0.056050 2.215650
0.396947 0.326623 2.240960
0.421980 0.565070 2.233790
0.259917 0.303565 2.246820
0.181746 0.065120 2.259750
0.143401 -0.152820 2.167670
0.143926 -0.207456 2.153660
0.554333 0.286191 2.257260
0.588735 0.042928 2.264540
0.586028 -0.149031 2.216810
0.582043 -0.207016 2.207440
0.287012 -0.051918 2.167610
0.227356 -0.504833 2.130980
0.196947 -0.802164 2.134010
0.202940 -0.839896 2.075780
0.417341 -0.064099 2.170090
0.401689 -0.507023 2.160440
0.398670 -0.797111 2.157000
0.405652 -0.828142 2.075630
0.361385 0.006838 2.181690
0.366637 0.054921 2.216540
0.402122 0.325107 2.240430
0.431587 0.562217 2.234790
0.267086 0.302361 2.245440
0.184626 0.064670 2.262620
0.144942 -0.155163 2.177880
0.144270 -0.212047 2.166900
0.558590 0.285546 2.258270
0.592309 0.043101 2.272770
0.588006 -0.151400 2.226660
0.586401 -0.209415 2.223010
0.289764 -0.052139 2.166650
0.227384 -0.505556 2.126360
0.194101 -0.800629 2.120870
0.206736 -0.836773 2.060870
0.418566 -0.064249 2.169360
0.402722 -0.510176 2.158660
0.399317 -0.799947 2.157840
0.406285 -0.831804 2.078170
0.363594 0.006374 2.181090
0.369086 0.053935 2.217290
0.406695 0.323957 2.239750
0.439119 0.560169 2.235110
0.272350 0.301535 2.244000
0.187608 0.064388 2.265090
0.150637 -0.135311 2.205110
0.145093 -0.208589 2.179980
0.562046 0.284521 2.258460
0.594379 0.043077 2.278160
0.588869 -0.154782 2.237870
0.587913 -0.212033 2.235180
0.292015 -0.052347 2.165870
0.226055 -0.504934 2.118600
0.191914 -0.798604 2.110900
0.208074 -0.836986 2.054190
0.419624 -0.064457 2.168880
0.403463 -0.512613 2.157290
0.399678 -0.802456 2.158800
0.406526 -0.834768 2.080380
0.365499 0.005978 2.180680
0.371155 0.053174 2.217960
0.410678 0.323304 2.238950
0.445305 0.558948 2.235210
0.276596 0.301105 2.242510
0.190515 0.064432 2.267060
0.153144 -0.126935 2.216270
0.145935 -0.205220 2.189250
0.565082 0.283717 2.258300
0.595701 0.043103 2.281870
0.589253 -0.156725 2.246770
0.587983 -0.213280 2.243920
0.293897 -0.052479 2.165300
0.224555 -0.503699 2.111490
0.189629 -0.796546 2.103570
0.208289 -0.837962 2.050490
0.420622 -0.064685 2.168600
0.403978 -0.514454 2.156260
0.399893 -0.804506 2.159740
0.406640 -0.837025 2.082170
0.367090 0.005674 2.180380
0.372860 0.052640 2.218510
0.414651 0.322966 2.237660
0.450702 0.558238 2.234830
0.280160 0.301071 2.240780
0.192961 0.064730 2.268450
0.154438 -0.122600 2.222140
0.146561 -0.202529 2.195440
0.567833 0.283126 2.257800
0.596583 0.043155 2.284440
0.590731 -0.153750 2.261150
0.586686 -0.209492 2.256290
0.295458 -0.052514 2.164850
0.223426 -0.502454 2.106390
0.184854 -0.790842 2.093650
0.205966 -0.839833 2.049550
0.421513 -0.064916 2.168490
0.404340 -0.515860 2.155420
0.399872 -0.806379 2.160840
0.406550 -0.838961 2.083870
0.368348 0.005492 2.180180
0.374175 0.052317 2.218970
0.417767 0.322991 2.236370
0.455183 0.558009 2.234300
0.283061 0.301487 2.239010
0.195301 0.065586 2.269330
0.155206 -0.119752 2.225840
0.146959 -0.200230 2.199720
0.570283 0.282736 2.257120
0.597186 0.043521 2.286410
0.591576 -0.152287 2.267860
0.586351 -0.207509 2.262840
0.296711 -0.052402 2.164510
0.222600 -0.501383 2.103320
0.180402 -0.785739 2.084200
0.203676 -0.841310 2.049070
0.422277 -0.065121 2.168500
0.404569 -0.516894 2.154760
0.399844 -0.807842 2.161800
0.406500 -0.840402 2.085200
0.369313 0.005374 2.180040
0.375147 0.052130 2.219340
0.420523 0.323363 2.234930
0.460536 0.558217 2.233290
0.286088 0.302762 2.236330
0.197421 0.067099 2.269610
0.153870 -0.113079 2.227420
0.146066 -0.191750 2.203820
0.572542 0.282396 2.256170
0.597475 0.044175 2.287800
0.592033 -0.150784 2.272650
0.585699 -0.205439 2.267710
0.297697 -0.052188 2.164190
0.221908 -0.500371 2.101300
0.175976 -0.780988 2.073820
0.188496 -0.821807 2.010510
0.422912 -0.065323 2.168640
0.404700 -0.517685 2.154250
0.399759 -0.808935 2.162560
0.406473 -0.841446 2.086190
0.370089 0.005346 2.179930
0.375904 0.052074 2.219640
0.422852 0.323939 2.233470
0.465052 0.558674 2.232330
0.288704 0.304476 2.233260
0.199165 0.069158 2.268790
0.152498 -0.107830 2.227510
0.145039 -0.185264 2.205720
0.574428 0.282196 2.255230
0.597425 0.045433 2.288500
0.592401 -0.149082 2.275960
0.585094 -0.203259 2.271100
0.298538 -0.051805 2.163890
0.221277 -0.499209 2.100030
0.173160 -0.778187 2.066220
0.184832 -0.820491 2.004270
0.423430 -0.065487 2.168820
0.404752 -0.518273 2.153870
0.399659 -0.809760 2.163160
0.406479 -0.842212 2.086930
0.370685 0.005452 2.179800
0.376503 0.052229 2.219840
0.424887 0.325037 2.231540
0.469240 0.559651 2.231610
0.290815 0.306638 2.230040
0.200247 0.072193 2.265880
0.142790 -0.128241 2.203830
0.143600 -0.186383 2.204830
0.576179 0.282391 2.253880
0.596714 0.049658 2.286380
0.593093 -0.145259 2.275960
0.584633 -0.199231 2.271330
0.299197 -0.051024 2.163480
0.220530 -0.497545 2.099500
0.171366 -0.776634 2.060860
0.182098 -0.821408 2.001040
0.423783 -0.065565 2.168970
0.404727 -0.518721 2.153570
0.399507 -0.810441 2.163750
0.406443 -0.842825 2.087580
0.371121 0.005638 2.179630
0.376933 0.052525 2.219940
0.426528 0.326367 2.229460
0.472221 0.560715 2.230980
0.292368 0.308893 2.226380
0.200506 0.075661 2.259850
0.138149 -0.116690 2.194930
0.140513 -0.179798 2.201140
0.577711 0.282644 2.251860
0.595772 0.059284 2.279830
0.594173 -0.137754 2.272290
0.584419 -0.191673 2.268000
0.299585 -0.050053 2.163020
0.219402 -0.495624 2.099660
0.169748 -0.775719 2.056720
0.181452 -0.824944 2.002050
0.424004 -0.065608 2.169070
0.404629 -0.519026 2.153330
0.399251 -0.810970 2.164400
0.406338 -0.843288 2.088220
0.371417 0.006141 2.179260
0.377177 0.053220 2.219800
0.427735 0.327917 2.226870
0.474312 0.561824 2.230260
0.293208 0.311288 2.222510
0.199326 0.079399 2.249540
0.129125 -0.139431 2.170410
0.132920 -0.190961 2.190110
0.579026 0.283130 2.249820
0.592793 0.067167 2.272950
0.593745 -0.130659 2.267200
0.582968 -0.184505 2.263140
0.299672 -0.048688 2.162300
0.217630 -0.493306 2.100210
0.168493 -0.775221 2.053830
0.182605 -0.829519 2.006220
0.424142 -0.065609 2.169140
0.404433 -0.519242 2.153130
0.398878 -0.811352 2.165000
0.406178 -0.843619 2.088780
0.371492 0.006900 2.178630
0.377191 0.054228 2.219370
0.428299 0.329702 2.223920
0.475774 0.563085 2.229460
0.293209 0.313654 2.218840
0.197133 0.082520 2.239050
0.125291 -0.149458 2.158760
0.117186 -0.202672 2.160490
0.579753 0.283837 2.246950
0.588618 0.072349 2.266020
0.591969 -0.125028 2.261140
0.580426 -0.178826 2.257240
0.299463 -0.047211 2.161410
0.215918 -0.491264 2.100820
0.167576 -0.774921 2.051850
0.183923 -0.833085 2.010310
0.424171 -0.065530 2.169170
0.403971 -0.519304 2.152910
0.398333 -0.811653 2.165670
0.405832 -0.843874 2.089380
0.371265 0.008002 2.177600
0.376873 0.055589 2.218540
0.428224 0.331533 2.220890
0.476660 0.564440 2.228590
0.291830 0.315877 2.215130
0.194500 0.084300 2.229170
0.122142 -0.155164 2.148780
0.109816 -0.207887 2.136840
0.580030 0.284569 2.244090
0.584035 0.075345 2.259760
0.589312 -0.120907 2.254920
0.577234 -0.174696 2.251140
0.298817 -0.045641 2.160180
0.214508 -0.489673 2.101400
0.166647 -0.774987 2.050530
0.185610 -0.835688 2.014200
0.424051 -0.065314 2.169080
0.403276 -0.519181 2.152650
0.397721 -0.811877 2.166280
0.405424 -0.844061 2.089920
0.370675 0.009282 2.176140
0.376132 0.057177 2.217250
0.427104 0.333646 2.217270
0.475800 0.566608 2.227170
0.288392 0.317721 2.210230
0.191010 0.084785 2.219500
0.120458 -0.158761 2.140220
0.106829 -0.210733 2.124570
0.579370 0.285653 2.240170
0.580680 0.076775 2.255310
0.586946 -0.118238 2.249780
0.574536 -0.172040 2.246100
0.297796 -0.044212 2.158690
0.213384 -0.488554 2.101890
0.164559 -0.775784 2.050450
0.187980 -0.836677 2.018650
0.423711 -0.064924 2.168710
0.402501 -0.518936 2.152400
0.397103 -0.812062 2.166810
0.404991 -0.844219 2.090390
0.369478 0.010911 2.173760
0.374614 0.059287 2.214910
0.423735 0.336745 2.211540
0.472533 0.570020 2.224200
0.283542 0.319061 2.204760
0.187576 0.084635 2.211790
0.120567 -0.161246 2.126180
0.106733 -0.212176 2.104950
0.577705 0.286980 2.235600
0.577385 0.076860 2.251560
0.584423 -0.116786 2.245230
0.571817 -0.170609 2.241630
0.296198 -0.042791 2.156520
0.212457 -0.487746 2.102260
0.162308 -0.777127 2.051400
0.189844 -0.837263 2.022270
0.423023 -0.064249 2.167800
0.401405 -0.518466 2.151960
0.396505 -0.812210 2.167270
0.404551 -0.844361 2.090810
0.367724 0.012425 2.170550
0.372673 0.061198 2.211850
0.419572 0.339613 2.205890
0.467324 0.573687 2.221080
0.278069 0.319692 2.199360
0.184016 0.083805 2.204760
0.121789 -0.162174 2.114920
0.107029 -0.212610 2.092870
0.571955 0.288411 2.227260
0.572318 0.074280 2.247510
0.558321 -0.136774 2.228730
0.556422 -0.181744 2.231400
0.294075 -0.041706 2.153400
0.211441 -0.487223 2.102520
0.160201 -0.779239 2.053310
0.191287 -0.837774 2.024950
0.421911 -0.063348 2.166170
0.400168 -0.517886 2.151370
0.395977 -0.812306 2.167720
0.404012 -0.844453 2.091240
0.365319 0.013776 2.166500
0.369952 0.062946 2.207920
0.413186 0.342310 2.199500
0.459317 0.577344 2.217580
0.269965 0.319665 2.193650
0.179538 0.082041 2.197700
0.123453 -0.159409 2.103770
0.111218 -0.209961 2.081370
0.565210 0.289976 2.219600
0.567824 0.071953 2.244270
0.546015 -0.146697 2.221080
0.545887 -0.189982 2.224620
0.291465 -0.041048 2.149580
0.210496 -0.486989 2.102730
0.158526 -0.782604 2.056860
0.192753 -0.838473 2.027600
0.420293 -0.062287 2.163520
0.398831 -0.517251 2.150570
0.395527 -0.812379 2.168230
0.403511 -0.844531 2.091750
0.361444 0.014403 2.160460
0.365855 0.063957 2.202210
0.404246 0.344479 2.192210
0.447312 0.580641 2.212510
0.259669 0.318952 2.187580
0.173862 0.079716 2.190860
0.124974 -0.155647 2.094780
0.118815 -0.204501 2.069340
0.551274 0.290120 2.207310
0.559812 0.066940 2.239820
0.540067 -0.149738 2.217210
0.539282 -0.193492 2.220380
0.287692 -0.041257 2.143770
0.209465 -0.487257 2.102820
0.158434 -0.786723 2.061210
0.194367 -0.839940 2.030310
0.417558 -0.061457 2.158880
0.397423 -0.516821 2.149620
0.395166 -0.812430 2.168680
0.402927 -0.844580 2.092240
