0.203487 -0.529001 2.400540
0.215151 -0.466258 2.445650
0.290547 -0.121580 2.454220
0.205576 0.022365 2.435140
0.101015 -0.192454 2.412430
0.062255 -0.403337 2.340140
0.067659 -0.500841 2.168330
0.100606 -0.523403 2.121760
0.325693 -0.214610 2.422830
0.348662 -0.403436 2.312200
0.287995 -0.518516 2.162310
0.265516 -0.555281 2.112460
0.124188 -0.569308 2.382850
0.213703 -0.695900 2.061420
0.061536 -0.935249 2.115450
0.067080 -0.969512 2.036340
0.275637 -0.588512 2.404860
0.162020 -0.606537 2.063700
0.271526 -0.875113 2.043430
0.277648 -0.908033 1.962380
0.203971 -0.527304 2.400280
0.215242 -0.465585 2.445590
0.289810 -0.121134 2.454030
0.200666 0.020949 2.434070
0.101161 -0.192391 2.412520
0.062352 -0.403345 2.340230
0.067714 -0.500991 2.168230
0.100553 -0.523429 2.121720
0.325699 -0.214272 2.423110
0.348428 -0.404299 2.311330
0.287556 -0.519261 2.161550
0.265572 -0.555694 2.112540
0.125988 -0.567005 2.382970
0.211569 -0.697098 2.062590
0.061464 -0.935790 2.115540
0.066865 -0.969924 2.036470
0.273239 -0.586705 2.403880
0.162146 -0.606505 2.063680
0.271634 -0.875031 2.043330
0.277658 -0.907996 1.962380
0.203459 -0.518562 2.401640
0.214623 -0.460012 2.446700
0.289032 -0.120705 2.453920
0.197258 0.019983 2.433410
0.101312 -0.192348 2.412590
0.062593 -0.403360 2.340500
0.067754 -0.501109 2.168210
0.100479 -0.523538 2.121750
0.325903 -0.213796 2.423420
0.348215 -0.405375 2.310430
0.287049 -0.520021 2.160640
0.265537 -0.556113 2.112470
0.127130 -0.553763 2.390230
0.209182 -0.698290 2.063940
0.061268 -0.937462 2.115080
0.066556 -0.971456 2.036010
0.266037 -0.576891 2.400890
0.162250 -0.606480 2.063650
0.271745 -0.874977 2.043300
0.277702 -0.907981 1.962440
0.205249 -0.518164 2.402230
0.215240 -0.459390 2.447100
0.288107 -0.120892 2.453580
0.194833 0.019026 2.433060
0.101215 -0.192120 2.412780
0.060857 -0.401387 2.340130
0.067876 -0.501235 2.168410
0.100447 -0.523716 2.121910
0.325882 -0.213416 2.423660
0.349964 -0.401932 2.312960
0.288644 -0.517618 2.163980
0.266680 -0.555275 2.114900
0.130211 -0.555696 2.391260
0.206384 -0.699877 2.065450
0.055923 -0.937267 2.114370
0.060830 -0.971145 2.035230
0.267186 -0.577498 2.401190
0.162345 -0.606461 2.063620
0.271816 -0.874933 2.043210
0.277705 -0.907968 1.962440
0.205723 -0.514803 2.403200
0.215703 -0.457245 2.447790
0.287369 -0.120981 2.453280
0.193122 0.018341 2.432890
0.096086 -0.155708 2.421890
0.061033 -0.395343 2.339450
0.067966 -0.501030 2.169630
0.100349 -0.523886 2.122650
0.325717 -0.213115 2.423850
0.350207 -0.401541 2.313190
0.288823 -0.517391 2.164380
0.266914 -0.555256 2.115400
0.130812 -0.550030 2.391270
0.203851 -0.701386 2.066860
0.053470 -0.938405 2.114620
0.057875 -0.972289 2.035480
0.265265 -0.575126 2.402690
0.162444 -0.606445 2.063590
0.271891 -0.874945 2.043120
0.277682 -0.908003 1.962420
0.204862 -0.505722 2.404650
0.214264 -0.446007 2.449040
0.280366 -0.109700 2.449540
0.186734 0.025645 2.430570
0.095761 -0.159194 2.421320
0.061004 -0.394790 2.339130
0.068052 -0.501341 2.169600
0.100280 -0.524413 2.122670
0.325734 -0.212729 2.424050
0.350389 -0.401261 2.313350
0.288943 -0.517213 2.164660
0.267076 -0.555233 2.115740
0.130387 -0.541279 2.393710
0.201689 -0.702567 2.067990
0.051559 -0.939793 2.114420
0.055829 -0.973684 2.035260
0.261347 -0.566699 2.402130
0.162536 -0.606432 2.063570
0.271977 -0.874967 2.043110
0.277714 -0.908077 1.962490
0.204532 -0.502607 2.405170
0.213529 -0.442403 2.449540
0.281001 -0.107860 2.449460
0.185513 0.025519 2.430540
0.107221 -0.227950 2.401010
0.053604 -0.420617 2.334460
0.070002 -0.503842 2.161570
0.102793 -0.527052 2.115610
0.325715 -0.212406 2.424190
0.350505 -0.401587 2.313120
0.288813 -0.517304 2.164420
0.267137 -0.555275 2.115910
0.130666 -0.538886 2.395420
0.199962 -0.703501 2.068880
0.050005 -0.940992 2.114360
0.054743 -0.974682 2.035210
0.258322 -0.562036 2.400630
0.162621 -0.606421 2.063540
0.272068 -0.874971 2.043160
0.278095 -0.908155 1.962780
0.204284 -0.500505 2.405520
0.213291 -0.440252 2.449870
0.281259 -0.108133 2.449390
0.185753 0.024239 2.431050
0.100976 -0.195738 2.409070
0.054278 -0.420825 2.334970
0.070192 -0.504358 2.161150
0.103208 -0.527277 2.115230
0.325576 -0.212141 2.424290
0.351527 -0.399115 2.314770
0.289764 -0.515509 2.166610
0.267879 -0.554455 2.117690
0.130756 -0.537142 2.396190
0.198597 -0.704241 2.069590
0.048697 -0.942056 2.114430
0.053419 -0.975691 2.035250
0.256753 -0.559807 2.400290
0.162701 -0.606411 2.063510
0.272132 -0.874982 2.043190
0.278157 -0.908195 1.962880
0.204038 -0.498953 2.405750
0.213129 -0.438761 2.450100
0.281706 -0.109201 2.449450
0.186436 0.022728 2.431610
0.095341 -0.166616 2.417070
0.056543 -0.415802 2.336980
0.070089 -0.504325 2.162350
0.103501 -0.526563 2.115510
0.325416 -0.211950 2.424350
0.351810 -0.398301 2.315250
0.290260 -0.514987 2.167280
0.268449 -0.554214 2.118500
0.130065 -0.535324 2.396160
0.197543 -0.704799 2.070120
0.047603 -0.942970 2.114560
0.052220 -0.976586 2.035350
0.255694 -0.558384 2.400150
0.162787 -0.606401 2.063490
0.272165 -0.875001 2.043220
0.278151 -0.908251 1.962980
0.207337 -0.513450 2.405050
0.215646 -0.448032 2.449840
0.282516 -0.110953 2.449520
0.187600 0.020927 2.432160
0.096656 -0.173339 2.414520
0.057916 -0.413293 2.338100
0.070011 -0.504439 2.162980
0.103732 -0.525792 2.115680
0.325062 -0.211726 2.424360
0.351998 -0.397869 2.315520
0.290510 -0.514676 2.167660
0.268779 -0.554052 2.119000
0.134251 -0.560373 2.393040
0.196712 -0.705231 2.070540
0.046947 -0.943353 2.115280
0.051688 -0.976957 2.036060
0.258079 -0.564620 2.401040
0.162868 -0.606393 2.063460
0.272183 -0.875000 2.043230
0.278177 -0.908269 1.963050
0.208280 -0.516233 2.404810
0.216904 -0.451415 2.449620
0.283320 -0.112685 2.449530
0.188762 0.019323 2.432490
0.097135 -0.177575 2.413170
0.059206 -0.410868 2.339270
0.069860 -0.504449 2.163940
0.103875 -0.524836 2.116090
0.324655 -0.211511 2.424340
0.352018 -0.397966 2.315360
0.290561 -0.514809 2.167560
0.268942 -0.554057 2.119240
0.134796 -0.563272 2.391800
0.196026 -0.705565 2.070860
0.046345 -0.943892 2.115920
0.051183 -0.977475 2.036660
0.259958 -0.568361 2.402010
0.162944 -0.606385 2.063440
0.272199 -0.875001 2.043230
0.278197 -0.908284 1.963090
0.209079 -0.523360 2.402850
0.218334 -0.457733 2.448380
0.284323 -0.114402 2.449530
0.189965 0.017769 2.432780
0.097402 -0.179128 2.412780
0.059906 -0.408590 2.340190
0.069704 -0.504366 2.165020
0.103941 -0.523708 2.116630
0.323343 -0.211069 2.424170
0.351537 -0.399686 2.313830
0.290196 -0.516072 2.165700
0.268970 -0.554479 2.118780
0.133878 -0.568992 2.388160
0.195482 -0.705837 2.071110
0.045983 -0.944043 2.116900
0.050880 -0.977606 2.037610
0.262596 -0.574369 2.402250
0.163022 -0.606373 2.063420
0.272205 -0.874978 2.043250
0.278193 -0.908268 1.963140
0.209334 -0.525547 2.402300
0.218916 -0.460141 2.447890
0.285110 -0.115689 2.449460
0.190833 0.016604 2.432930
0.097131 -0.180709 2.412610
0.060403 -0.406737 2.340920
0.069485 -0.504484 2.166370
0.103087 -0.523294 2.117470
0.322081 -0.210677 2.423940
0.351142 -0.401186 2.312530
0.289695 -0.517077 2.164150
0.268858 -0.554854 2.118290
0.133407 -0.570960 2.386600
0.195053 -0.706042 2.071300
0.045650 -0.944271 2.117630
0.050551 -0.977820 2.038320
0.263732 -0.577312 2.402540
0.163124 -0.606352 2.063390
0.272214 -0.874946 2.043290
0.278172 -0.908239 1.963230
0.209585 -0.527142 2.401930
0.219473 -0.461946 2.447540
0.286589 -0.117131 2.449000
0.191805 0.015359 2.433150
0.097007 -0.181790 2.412540
0.060943 -0.405154 2.341720
0.069236 -0.504441 2.167780
0.102402 -0.522903 2.118000
0.321675 -0.210336 2.423840
0.350755 -0.402651 2.311350
0.289116 -0.517969 2.162700
0.268636 -0.555230 2.117700
0.132874 -0.572142 2.385380
0.194717 -0.706203 2.071450
0.045459 -0.944492 2.118270
0.050352 -0.978038 2.038940
0.266236 -0.581469 2.403320
0.163251 -0.606323 2.063360
0.272217 -0.874922 2.043300
0.278142 -0.908217 1.963280
0.225804 -0.503342 2.404590
0.227981 -0.453689 2.448290
0.287891 -0.118442 2.448520
0.192636 0.014243 2.433330
0.092442 -0.159531 2.419250
0.061845 -0.400813 2.343300
0.068834 -0.503520 2.170930
0.101286 -0.522081 2.119250
0.321574 -0.209847 2.423790
0.350419 -0.403899 2.310390
0.288648 -0.518702 2.161460
0.268419 -0.555587 2.117060
0.133555 -0.558939 2.385090
0.194443 -0.706344 2.071570
0.045260 -0.944966 2.118630
0.050036 -0.978534 2.039300
0.298794 -0.566035 2.408360
0.163374 -0.606294 2.063340
0.272195 -0.875048 2.043020
0.277948 -0.908372 1.963020
0.220601 -0.506697 2.404210
0.228777 -0.452494 2.448300
0.282179 -0.099869 2.446160
0.160857 0.023635 2.442720
0.092230 -0.159525 2.419570
0.062189 -0.399643 2.343840
0.068656 -0.503335 2.172010
0.100453 -0.521704 2.119740
0.321523 -0.209477 2.423730
0.350111 -0.404854 2.309630
0.288440 -0.519352 2.160460
0.268357 -0.555980 2.116450
0.129609 -0.555218 2.384600
0.194199 -0.706455 2.071660
0.045133 -0.945265 2.118940
0.049865 -0.978870 2.039620
0.298141 -0.574108 2.409660
0.163509 -0.606266 2.063310
0.272189 -0.875052 2.042990
0.277877 -0.908385 1.963020
0.215421 -0.510279 2.403280
0.228530 -0.451699 2.448030
0.280651 -0.097053 2.445290
0.145110 0.025743 2.447680
0.092062 -0.157737 2.420240
0.062444 -0.398798 2.344230
0.068504 -0.503215 2.172870
0.099308 -0.521647 2.120500
0.321699 -0.208994 2.423680
0.349838 -0.405619 2.309050
0.288091 -0.519784 2.159670
0.268131 -0.556258 2.115880
0.126911 -0.553216 2.383980
0.193980 -0.706544 2.071730
0.045044 -0.945506 2.119230
0.049709 -0.979137 2.039930
0.292638 -0.580269 2.408380
0.163638 -0.606237 2.063280
0.272162 -0.875003 2.043040
0.277728 -0.908338 1.963140
0.210696 -0.505598 2.403090
0.225120 -0.446932 2.447790
0.278991 -0.094894 2.444560
0.137460 0.026789 2.450080
0.092335 -0.155169 2.421000
0.062640 -0.398179 2.344540
0.068396 -0.503105 2.173530
0.098369 -0.521617 2.121150
0.321904 -0.208346 2.423690
0.349701 -0.406069 2.308740
0.287876 -0.519995 2.159210
0.267956 -0.556386 2.115510
0.124715 -0.545633 2.383870
0.193803 -0.706611 2.071790
0.044986 -0.945917 2.119370
0.049561 -0.979576 2.040070
0.279898 -0.573808 2.408200
0.163734 -0.606216 2.063260
0.272155 -0.875016 2.043080
0.277611 -0.908377 1.963250
0.200258 -0.482941 2.404190
0.214227 -0.424619 2.448960
0.277228 -0.092907 2.444120
0.133357 0.027600 2.451320
0.092563 -0.152133 2.421750
0.062971 -0.397353 2.345010
0.067525 -0.502054 2.174380
0.097029 -0.521240 2.121780
0.322266 -0.207685 2.423740
0.349606 -0.406357 2.308550
0.287802 -0.520128 2.158900
0.267931 -0.556470 2.115240
0.116318 -0.513537 2.392500
0.193639 -0.706662 2.071840
0.045518 -0.947045 2.118130
0.049906 -0.980696 2.038870
0.263873 -0.555784 2.403980
0.163822 -0.606196 2.063230
0.273138 -0.874774 2.043170
0.278229 -0.908207 1.963380
0.196141 -0.474417 2.404560
0.210225 -0.417108 2.449310
0.276258 -0.096089 2.443680
0.131273 0.028615 2.451700
0.092849 -0.153269 2.421560
0.063158 -0.396976 2.345260
0.066978 -0.501404 2.174730
0.096022 -0.521015 2.122090
0.322525 -0.207413 2.423700
0.349494 -0.406669 2.308330
0.287662 -0.520238 2.158520
0.267799 -0.556556 2.114820
0.113698 -0.503775 2.395770
0.193502 -0.706696 2.071870
0.046023 -0.948073 2.116980
0.050269 -0.981708 2.037740
0.256589 -0.547768 2.401500
0.163899 -0.606178 2.063210
0.273802 -0.874610 2.043400
0.278654 -0.908085 1.963630
0.194131 -0.470173 2.404840
0.208075 -0.412867 2.449590
0.275961 -0.094552 2.443910
0.130841 0.027748 2.452040
0.094964 -0.164361 2.418840
0.063327 -0.396722 2.345480
0.066573 -0.500885 2.174980
0.094763 -0.520933 2.122460
0.322873 -0.207194 2.423650
0.349388 -0.406987 2.308110
0.287549 -0.520361 2.158170
0.267683 -0.556675 2.114390
0.112943 -0.498947 2.398390
0.193339 -0.706257 2.071830
0.046663 -0.948581 2.115930
0.050850 -0.982220 2.036710
0.252704 -0.543364 2.400080
0.163977 -0.606161 2.063190
0.274282 -0.874507 2.043610
0.279006 -0.908010 1.963870
0.193341 -0.468770 2.404820
0.207400 -0.412306 2.449530
0.290267 -0.115328 2.444870
0.131560 0.026609 2.452010
0.096083 -0.167127 2.418200
0.063474 -0.396559 2.345660
0.066299 -0.500638 2.175230
0.093850 -0.521241 2.122910
0.323489 -0.206953 2.423700
0.349291 -0.407264 2.307930
0.287440 -0.520509 2.157930
0.267559 -0.556843 2.114060
0.113799 -0.500103 2.398200
0.193253 -0.705859 2.071820
0.046914 -0.948860 2.115540
0.051064 -0.982495 2.036330
0.250356 -0.541338 2.399410
0.164059 -0.606140 2.063180
0.274630 -0.874398 2.043800
0.279263 -0.907915 1.964090
0.195275 -0.496810 2.403170
0.208056 -0.428744 2.448620
0.293286 -0.120790 2.445040
0.132609 0.025508 2.451760
0.096798 -0.170281 2.417380
0.063619 -0.396476 2.345830
0.066111 -0.500447 2.175420
0.093123 -0.521578 2.123330
0.324004 -0.206825 2.423740
0.349194 -0.407526 2.307760
0.287323 -0.520627 2.157700
0.267418 -0.556983 2.113720
0.109518 -0.530290 2.390460
0.193173 -0.705642 2.071820
0.047094 -0.948921 2.115430
0.051225 -0.982556 2.036240
0.259424 -0.570122 2.403110
0.164135 -0.606124 2.063160
0.275010 -0.874136 2.043740
0.279560 -0.907688 1.964080
0.195844 -0.505478 2.402440
0.208553 -0.437868 2.448060
0.295127 -0.124182 2.445160
0.134830 0.025600 2.450570
0.097206 -0.171758 2.416930
0.063669 -0.398274 2.344460
0.065843 -0.501190 2.173950
0.092333 -0.522797 2.122780
0.324618 -0.206702 2.423800
0.349079 -0.407822 2.307570
0.287191 -0.520774 2.157440
0.267262 -0.557151 2.113360
0.108945 -0.540226 2.387170
0.193119 -0.705556 2.071820
0.047155 -0.949007 2.115440
0.051283 -0.982641 2.036250
0.259969 -0.576628 2.403800
0.164210 -0.606112 2.063150
0.275309 -0.873933 2.043720
0.279811 -0.907502 1.964090
0.196256 -0.506653 2.402180
0.208458 -0.439664 2.447880
0.287621 -0.112253 2.444280
0.136890 0.025622 2.449490
0.097485 -0.172827 2.416610
0.063884 -0.399371 2.343840
0.065641 -0.501518 2.173240
0.091220 -0.524602 2.122200
0.324782 -0.206636 2.423810
0.348973 -0.408079 2.307390
0.287103 -0.520907 2.157210
0.267153 -0.557313 2.113010
0.112533 -0.538200 2.391070
0.174298 -0.710134 2.073780
0.048371 -0.956118 2.115820
0.052536 -0.989835 2.036670
0.258891 -0.567756 2.397960
0.164283 -0.606100 2.063130
0.275699 -0.873756 2.043870
0.280159 -0.907345 1.964290
0.196876 -0.505657 2.402110
0.208450 -0.440197 2.447780
0.282587 -0.104271 2.443900
0.138082 0.021536 2.447760
0.099577 -0.178470 2.414820
0.064012 -0.400509 2.343150
0.065419 -0.501880 2.172350
0.090432 -0.526061 2.121550
0.324926 -0.206586 2.423810
0.348942 -0.408142 2.307350
0.287085 -0.520916 2.157150
0.267107 -0.557371 2.112880
0.115871 -0.535041 2.394830
0.203888 -0.703387 2.063690
0.107290 -0.965151 2.096740
0.112272 -0.998989 2.017690
0.258132 -0.560820 2.394040
0.164359 -0.606088 2.063120
0.275816 -0.873691 2.044100
0.280277 -0.907300 1.964580
0.197434 -0.504465 2.402160
0.208465 -0.440896 2.447730
0.276916 -0.111415 2.444000
0.139397 0.021152 2.446560
0.100030 -0.179725 2.414430
0.063986 -0.401065 2.342760
0.065321 -0.502052 2.171890
0.090098 -0.526674 2.121370
0.325027 -0.206563 2.423800
0.348912 -0.408216 2.307300
0.287061 -0.520937 2.157070
0.267067 -0.557415 2.112720
0.117559 -0.534450 2.395550
0.205183 -0.703179 2.063140
0.102593 -0.965144 2.097650
0.107367 -0.998875 2.018640
0.257910 -0.559715 2.393480
0.164421 -0.606075 2.063110
0.275869 -0.873645 2.044220
0.280302 -0.907258 1.964730
0.200290 -0.510682 2.401090
0.209707 -0.445653 2.447040
0.273554 -0.115413 2.444080
0.140523 0.021159 2.445550
0.100326 -0.182945 2.413440
0.063953 -0.401796 2.342190
0.065248 -0.502372 2.171190
0.089851 -0.527554 2.120940
0.325109 -0.206539 2.423800
0.348883 -0.408278 2.307240
0.287031 -0.520930 2.156970
0.267015 -0.557434 2.112530
0.121616 -0.555451 2.390300
0.206469 -0.702011 2.062620
0.094309 -0.957206 2.101960
0.099331 -0.990894 2.022920
0.262785 -0.566322 2.394010
0.164831 -0.606190 2.063050
0.275934 -0.873574 2.044470
0.280381 -0.907185 1.965040
0.201134 -0.511859 2.400830
0.210206 -0.447354 2.446770
0.271394 -0.117800 2.444040
0.140992 0.020845 2.445140
0.100351 -0.185030 2.412810
0.063943 -0.402253 2.341900
0.065198 -0.502528 2.170810
0.089668 -0.528002 2.120770
0.325236 -0.206537 2.423780
0.348866 -0.408331 2.307200
0.286975 -0.520867 2.156850
0.266925 -0.557396 2.112310
0.123029 -0.558571 2.388840
0.203533 -0.706587 2.064770
0.076388 -0.956484 2.110050
0.081424 -0.990093 2.031030
0.264400 -0.568033 2.394900
0.165556 -0.606518 2.062880
0.276016 -0.873668 2.044740
0.280476 -0.907284 1.965350
0.202900 -0.508642 2.401470
0.210957 -0.446002 2.447000
0.267514 -0.114627 2.443390
0.141491 0.023403 2.444040
0.100243 -0.186685 2.412270
0.063968 -0.402976 2.341470
0.065133 -0.502905 2.170260
0.089495 -0.528574 2.120540
0.325373 -0.206546 2.423750
0.348852 -0.408364 2.307180
0.286934 -0.520811 2.156770
0.266859 -0.557368 2.112150
0.125003 -0.554992 2.391750
0.212003 -0.705586 2.062240
0.069954 -0.949483 2.110000
0.075043 -0.983173 2.031030
0.266984 -0.565021 2.395110
0.166180 -0.606812 2.062740
0.276147 -0.873845 2.045090
0.280637 -0.907497 1.965770
0.221173 -0.490982 2.409670
0.222583 -0.432720 2.451650
0.265233 -0.107045 2.442390
0.168762 0.075542 2.425660
0.100066 -0.187980 2.411820
0.063997 -0.403384 2.341300
0.065103 -0.503174 2.170040
0.089363 -0.529046 2.120460
0.325501 -0.206565 2.423710
0.348970 -0.408056 2.307360
0.287002 -0.520456 2.157010
0.266841 -0.557272 2.112130
0.151451 -0.543685 2.409150
0.209502 -0.706126 2.063790
0.064937 -0.948589 2.110510
0.069972 -0.982408 2.031600
0.288517 -0.538692 2.402080
0.166617 -0.607064 2.062620
0.276229 -0.874186 2.045060
0.280741 -0.907918 1.965790
0.227841 -0.481789 2.412670
0.227962 -0.424034 2.453670
0.262930 -0.099914 2.441290
0.182563 0.099869 2.415350
0.099947 -0.188843 2.411490
0.063948 -0.403954 2.340990
0.065100 -0.503616 2.169670
0.089256 -0.529570 2.120290
0.325444 -0.206561 2.423600
0.349093 -0.407661 2.307650
0.287127 -0.519999 2.157330
0.266855 -0.557125 2.112160
0.163673 -0.532592 2.412010
0.203381 -0.710064 2.066960
0.058971 -0.950078 2.111300
0.063782 -0.984113 2.032470
0.290700 -0.525519 2.406620
0.167189 -0.607616 2.062440
0.276359 -0.874869 2.045000
0.280877 -0.908706 1.965790
0.231003 -0.475229 2.414310
0.230743 -0.417022 2.454650
0.261155 -0.092666 2.439690
0.188428 0.110908 2.410860
0.099696 -0.189270 2.411220
0.063830 -0.404264 2.340930
0.064957 -0.503853 2.169570
0.089031 -0.529993 2.120330
0.325314 -0.206486 2.423440
0.349219 -0.407249 2.307950
0.287259 -0.519547 2.157670
0.266881 -0.556967 2.112210
0.169672 -0.525577 2.412840
0.167124 -0.712988 2.074190
0.056429 -0.957546 2.113480
0.061087 -0.991931 2.034770
0.290565 -0.517584 2.409660
0.167515 -0.608048 2.062300
0.276495 -0.875444 2.044870
0.281012 -0.909380 1.965700
0.231764 -0.469901 2.415050
0.231204 -0.411364 2.454710
0.254769 -0.087280 2.436620
0.192060 0.117720 2.408050
0.099394 -0.189495 2.410990
0.063624 -0.404579 2.341010
0.064799 -0.504240 2.169700
0.088907 -0.530276 2.120410
0.325129 -0.206284 2.423210
0.349338 -0.406867 2.308290
0.287402 -0.519091 2.158020
0.266922 -0.556779 2.112290
0.172336 -0.520095 2.412340
0.156234 -0.713959 2.076380
0.055127 -0.963947 2.115180
0.059627 -0.998617 2.036580
0.288768 -0.512286 2.411830
0.167854 -0.608560 2.062140
0.276996 -0.876065 2.044480
0.281484 -0.910094 1.965380
0.230367 -0.465298 2.415040
0.230154 -0.406717 2.454110
0.250207 -0.084010 2.434410
0.194200 0.122122 2.405910
0.098961 -0.189374 2.410720
0.063593 -0.405001 2.341560
0.064544 -0.504813 2.170380
0.088902 -0.530267 2.120780
0.324881 -0.205965 2.422790
0.349473 -0.406490 2.308690
0.287586 -0.518645 2.158410
0.266994 -0.556573 2.112400
0.172162 -0.515176 2.410690
0.150716 -0.714476 2.077620
0.053735 -0.967138 2.116080
0.058101 -1.001960 2.037530
0.284528 -0.508827 2.413210
0.168307 -0.609323 2.061920
0.277941 -0.876867 2.043840
0.282346 -0.910980 1.964840
0.226047 -0.460077 2.414500
0.226155 -0.401140 2.452490
0.239255 -0.080810 2.429520
0.193820 0.123797 2.403870
0.091045 -0.155734 2.411470
0.063214 -0.400504 2.343940
0.064080 -0.504242 2.175160
0.089665 -0.527408 2.125720
0.324608 -0.205543 2.422200
0.349604 -0.406172 2.309090
0.287765 -0.518240 2.158780
0.267076 -0.556359 2.112520
0.168655 -0.509833 2.407940
0.147139 -0.714588 2.078490
0.052801 -0.969160 2.116580
0.057034 -1.004130 2.038080
0.279505 -0.506692 2.414390
0.168842 -0.610186 2.061710
0.278480 -0.877735 2.043470
0.282793 -0.911977 1.964540
0.205768 -0.439725 2.411170
0.205424 -0.382558 2.445760
0.212125 -0.078012 2.418490
0.191124 0.122701 2.401030
0.082121 -0.118111 2.404250
0.061849 -0.381757 2.347910
0.063542 -0.502242 2.181800
0.090661 -0.522787 2.132760
0.324333 -0.204868 2.421270
0.349771 -0.405858 2.309540
0.287974 -0.517823 2.159180
0.267184 -0.556111 2.112670
0.143714 -0.485992 2.401590
0.146240 -0.713842 2.078950
0.052405 -0.970489 2.116200
0.056756 -1.005600 2.037740
0.271745 -0.503558 2.414860
0.169389 -0.611070 2.061540
0.278823 -0.878717 2.043220
0.283294 -0.913237 1.964370
0.197630 -0.431617 2.409730
0.197011 -0.374915 2.442300
0.200819 -0.076935 2.413350
0.186857 0.118955 2.396530
0.067389 -0.131889 2.396690
0.059501 -0.381936 2.348480
0.063242 -0.502411 2.183220
0.091196 -0.521920 2.134330
0.324296 -0.202898 2.419230
0.350384 -0.404745 2.311070
0.289072 -0.516762 2.160690
0.267850 -0.555503 2.113430
0.133886 -0.477842 2.399070
0.147832 -0.712518 2.078900
0.052229 -0.971381 2.115660
0.056642 -1.006610 2.037260
0.266945 -0.501571 2.414950
0.170125 -0.612164 2.061420
0.279131 -0.879912 2.043010
0.283712 -0.914724 1.964270
0.193167 -0.427266 2.408730
0.192257 -0.370689 2.439560
0.193362 -0.076953 2.408860
0.181234 0.113294 2.387680
0.057764 -0.144044 2.392740
0.049738 -0.399367 2.337430
0.064139 -0.509457 2.175340
0.094492 -0.526953 2.127350
0.324962 -0.199029 2.415210
0.351402 -0.402355 2.313600
0.291135 -0.515071 2.163570
0.270532 -0.553766 2.116670
0.126881 -0.475274 2.396680
0.150597 -0.711079 2.078640
0.079017 -0.980134 2.110380
0.082774 -1.015790 2.032320
0.263958 -0.500259 2.414820
0.170952 -0.613338 2.061330
0.279425 -0.881211 2.042850
0.283953 -0.916341 1.964220
0.190107 -0.424746 2.407560
0.188907 -0.368506 2.435940
0.187136 -0.078805 2.403000
0.174693 0.106974 2.374730
0.049229 -0.157330 2.389380
0.043016 -0.410565 2.329310
0.065375 -0.515913 2.167760
0.091011 -0.558659 2.128700
0.325472 -0.195736 2.408960
0.352230 -0.400462 2.315620
0.292965 -0.513848 2.165920
0.271981 -0.552980 2.118300
0.121004 -0.477448 2.393600
0.154510 -0.709375 2.078040
0.090647 -0.983700 2.110120
0.093474 -1.019610 2.032200
0.262031 -0.499384 2.414440
0.171985 -0.614600 2.061300
0.279436 -0.882894 2.042830
0.283664 -0.918495 1.964360
0.187990 -0.423811 2.405830
0.186804 -0.368160 2.430490
0.181808 -0.084313 2.391810
0.168414 0.100450 2.356910
0.040542 -0.171257 2.384200
0.035536 -0.419800 2.321520
0.066886 -0.524672 2.161860
0.089891 -0.573496 2.131150
0.326562 -0.192635 2.398540
0.353057 -0.399192 2.316920
0.294223 -0.513066 2.167500
0.273034 -0.552415 2.119540
0.116738 -0.482191 2.390780
0.158984 -0.707712 2.077260
0.095381 -0.985184 2.110080
0.097773 -1.021330 2.032220
0.260896 -0.498834 2.413580
0.173111 -0.615853 2.061320
0.279060 -0.884964 2.043070
0.282681 -0.921359 1.964890
0.186928 -0.424375 2.403340
0.186233 -0.369257 2.423290
0.179368 -0.089643 2.378360
0.163941 0.095980 2.339530
0.034564 -0.180730 2.378260
0.028468 -0.424683 2.315670
0.067987 -0.529589 2.158670
0.090455 -0.577248 2.124440
0.327679 -0.188793 2.381310
0.353796 -0.398626 2.317430
0.294912 -0.512839 2.168300
0.273636 -0.552222 2.120270
0.114307 -0.487428 2.388680
0.162491 -0.706500 2.076620
0.098431 -0.986043 2.110280
0.100351 -1.022440 2.032640
0.260594 -0.498509 2.411940
0.174179 -0.617059 2.061350
0.278591 -0.887099 2.043450
0.281299 -0.924498 1.965680
0.186579 -0.426346 2.399180
0.186379 -0.371468 2.412760
0.178835 -0.096004 2.354610
0.160025 0.090216 2.309710
0.030130 -0.187839 2.370500
0.022718 -0.427023 2.311480
0.068682 -0.534277 2.157570
0.090862 -0.578464 2.120290
0.328396 -0.187305 2.364230
0.354811 -0.398435 2.317230
0.295366 -0.512881 2.168750
0.274022 -0.552303 2.120850
0.112855 -0.492365 2.386890
0.165249 -0.705572 2.076120
0.082677 -0.978142 2.112210
0.082391 -1.015990 2.035490
0.260952 -0.498425 2.409270
0.175211 -0.618150 2.061350
0.277728 -0.889487 2.044170
0.279278 -0.928285 1.967070
0.186899 -0.428614 2.394040
0.186977 -0.373717 2.401750
0.178360 -0.102858 2.334720
0.158045 0.086050 2.289660
0.026230 -0.193277 2.358990
0.018428 -0.428398 2.308170
0.069158 -0.538821 2.157310
0.091178 -0.575773 2.115430
0.329144 -0.186562 2.347890
0.356888 -0.398960 2.315280
0.295531 -0.513551 2.168680
0.273952 -0.552942 2.121210
0.112164 -0.496447 2.385350
0.167387 -0.704896 2.075730
0.070239 -0.971700 2.114600
0.068979 -1.011070 2.038630
0.262114 -0.498341 2.405680
0.176141 -0.619102 2.061340
0.279122 -0.891034 2.043480
0.279903 -0.930500 1.966850
0.187682 -0.431041 2.387070
0.187858 -0.375992 2.388330
0.177496 -0.113980 2.304790
0.156987 0.079477 2.264220
0.023496 -0.196923 2.340250
0.014672 -0.429113 2.304400
0.069820 -0.543688 2.157430
0.092341 -0.571272 2.111040
0.329471 -0.187407 2.323370
0.359499 -0.400117 2.311510
0.295454 -0.515160 2.167750
0.273488 -0.554503 2.121130
0.111939 -0.499731 2.383780
0.168932 -0.704434 2.075430
0.058985 -0.965831 2.117140
0.056759 -1.007030 2.042150
0.263832 -0.498192 2.401050
0.176993 -0.619924 2.061310
0.279668 -0.892341 2.043700
0.279958 -0.932956 1.967700
0.188472 -0.433093 2.378110
0.188275 -0.378016 2.373590
0.176588 -0.123809 2.279970
0.155975 0.069781 2.232750
0.021061 -0.199899 2.312530
0.011783 -0.429757 2.299090
0.070578 -0.549347 2.156800
0.093875 -0.567981 2.106980
0.329449 -0.189488 2.300010
0.363584 -0.403720 2.304250
0.294296 -0.518603 2.164850
0.272388 -0.556259 2.120470
0.111913 -0.502348 2.381760
0.170020 -0.704174 2.075180
0.047456 -0.959388 2.121210
0.045202 -1.002660 2.047100
0.265705 -0.497939 2.395580
0.177563 -0.620462 2.061210
0.280645 -0.893452 2.043660
0.280691 -0.935151 1.968210
0.189027 -0.434776 2.367480
0.188442 -0.379874 2.358380
0.176687 -0.132181 2.257290
0.155716 0.060530 2.205900
0.018604 -0.202008 2.289930
0.008014 -0.429896 2.292230
0.071646 -0.553242 2.156040
0.095224 -0.565827 2.104460
0.328419 -0.192848 2.275870
0.368790 -0.408708 2.294090
0.294772 -0.525302 2.159390
0.271908 -0.560090 2.118640
0.112034 -0.504698 2.378410
0.170822 -0.704061 2.074940
0.038237 -0.953964 2.125480
0.035609 -0.999058 2.052370
0.267342 -0.497724 2.389360
0.178249 -0.621192 2.060560
0.281935 -0.894526 2.043570
0.281704 -0.937422 1.968770
0.189483 -0.436649 2.354480
0.188623 -0.382294 2.340570
0.180341 -0.143419 2.222480
0.157152 0.049398 2.174960
0.016596 -0.205608 2.260030
0.003914 -0.429576 2.283210
0.072922 -0.556626 2.154950
0.096681 -0.563898 2.102250
0.327874 -0.198192 2.252240
0.374595 -0.414040 2.281020
0.293791 -0.532632 2.154020
0.270022 -0.565555 2.116590
0.112139 -0.507024 2.372720
0.171454 -0.704122 2.074650
0.030589 -0.948916 2.130160
0.028115 -0.996088 2.058220
0.268747 -0.497839 2.381900
0.179494 -0.622404 2.057860
0.283110 -0.895428 2.043690
0.283087 -0.940057 1.969930
0.189140 -0.437772 2.342290
0.187914 -0.384120 2.325000
0.179961 -0.150878 2.198870
0.157887 0.040177 2.144660
0.014931 -0.207628 2.238140
0.000289 -0.429555 2.268590
0.075718 -0.561122 2.152190
0.098825 -0.562572 2.099690
0.326697 -0.203858 2.231160
0.379869 -0.416889 2.266710
0.293836 -0.540726 2.149980
0.268617 -0.573675 2.115450
0.111854 -0.508728 2.364920
0.172120 -0.704501 2.074120
0.024463 -0.944362 2.134220
0.022022 -0.993402 2.063450
0.269446 -0.497678 2.375100
0.180888 -0.623876 2.053980
0.284433 -0.896123 2.043730
0.284541 -0.942372 1.971000
0.188283 -0.438152 2.329670
0.186489 -0.385324 2.309660
0.177961 -0.156204 2.176740
0.158519 0.035576 2.125270
0.015186 -0.211172 2.204820
-0.002025 -0.429120 2.256270
0.077782 -0.564403 2.147620
0.100897 -0.561212 2.096230
0.326343 -0.207908 2.212670
0.382769 -0.419212 2.253440
0.291258 -0.545555 2.143610
0.265225 -0.578988 2.112210
0.111461 -0.509525 2.355330
0.172698 -0.705171 2.073350
0.019405 -0.940251 2.137770
0.017707 -0.991105 2.067950
0.269391 -0.496870 2.366950
0.181524 -0.624672 2.052010
0.286098 -0.896647 2.043780
0.287017 -0.944717 1.972300
0.187050 -0.436565 2.316300
0.184928 -0.384413 2.294260
0.176407 -0.156456 2.155950
0.159925 0.033897 2.104700
0.015248 -0.210137 2.183600
-0.003249 -0.427610 2.238140
0.076649 -0.570256 2.140120
0.101547 -0.561459 2.092010
0.326364 -0.209619 2.198000
0.382191 -0.420154 2.232800
0.286633 -0.553056 2.139380
0.259398 -0.588633 2.111460
0.110722 -0.507722 2.342150
0.173355 -0.706218 2.072050
0.015225 -0.936315 2.140890
0.014227 -0.988813 2.071990
0.268493 -0.494574 2.357530
0.181971 -0.625469 2.049550
0.297493 -0.892393 2.046070
0.298951 -0.943403 1.976850
0.185451 -0.432882 2.303790
0.182986 -0.381520 2.280620
0.173218 -0.154011 2.139380
0.161665 0.036116 2.085910
0.015545 -0.204436 2.163810
-0.003427 -0.425297 2.222710
0.072997 -0.568248 2.113430
0.104735 -0.568129 2.067290
0.326113 -0.208062 2.182940
0.380988 -0.419045 2.216360
0.281764 -0.556563 2.132900
0.254206 -0.594057 2.108550
0.110117 -0.503360 2.329570
0.173987 -0.707495 2.070010
0.011899 -0.933255 2.142740
0.011557 -0.987109 2.074550
0.266620 -0.489473 2.346150
0.182080 -0.625788 2.047960
0.306508 -0.887938 2.047960
0.308190 -0.941284 1.980470
0.184358 -0.422438 2.288040
0.181682 -0.373146 2.265250
0.171028 -0.149052 2.126730
0.163995 0.044501 2.068370
0.015750 -0.198061 2.150050
-0.001857 -0.420470 2.205710
0.083077 -0.546834 2.076880
0.114032 -0.560743 2.044100
0.326760 -0.197307 2.163320
0.378399 -0.414149 2.200220
0.278761 -0.558392 2.128450
0.250808 -0.597934 2.106780
0.110537 -0.494371 2.317110
0.174467 -0.708742 2.067280
0.008759 -0.930721 2.143330
0.009094 -0.985731 2.075910
0.264206 -0.474582 2.325600
0.181931 -0.625845 2.045500
0.318936 -0.846137 2.051180
0.270415 -0.833977 2.042570
0.183933 -0.409380 2.274880
0.181271 -0.360351 2.250930
0.171218 -0.131931 2.108660
0.168299 0.063040 2.048270
0.016933 -0.185828 2.135090
-0.000066 -0.404165 2.181200
0.083863 -0.543678 2.068060
0.115975 -0.559939 2.036660
0.327901 -0.186579 2.150420
0.373099 -0.389858 2.178840
0.278531 -0.554295 2.124390
0.249446 -0.599757 2.106010
0.111192 -0.481603 2.305690
0.174679 -0.709253 2.065210
0.007670 -0.929657 2.143820
0.008608 -0.985528 2.076950
0.262634 -0.459984 2.311360
0.181765 -0.625536 2.042740
0.325156 -0.842439 2.051890
0.304558 -0.868597 2.023910
0.183778 -0.394903 2.264760
0.180796 -0.344814 2.239660
0.167276 -0.103971 2.095280
0.172069 0.089310 2.032950
0.017923 -0.167855 2.123780
0.001148 -0.388970 2.164960
0.083008 -0.539745 2.062140
0.109883 -0.571414 2.036130
0.328931 -0.162034 2.137440
0.369212 -0.375341 2.167630
0.275047 -0.530666 2.100780
0.246391 -0.590667 2.092650
0.112463 -0.466738 2.295330
0.174760 -0.708934 2.062010
0.010166 -0.929691 2.143380
0.012100 -0.986384 2.077190
0.261901 -0.444759 2.300900
0.181715 -0.624914 2.040060
0.329538 -0.844000 2.051090
0.321903 -0.893792 2.007940
0.187492 -0.361301 2.251920
0.185294 -0.311722 2.226770
0.174721 -0.071736 2.086910
0.176376 0.121363 2.022830
0.019356 -0.135872 2.115630
0.001852 -0.367593 2.149540
0.079047 -0.532048 2.063660
0.108604 -0.571236 2.035190
0.329854 -0.128602 2.127550
0.363906 -0.350368 2.155140
0.275762 -0.510264 2.087600
0.244455 -0.560571 2.070030
0.117082 -0.427749 2.283940
0.184799 -0.698034 2.079030
0.004631 -0.924118 2.100340
0.007605 -0.981715 2.036770
0.262608 -0.419754 2.287340
0.181985 -0.624219 2.037570
0.332415 -0.849967 2.049260
0.331669 -0.913093 1.995830
0.188477 -0.342951 2.245350
0.186656 -0.291997 2.220020
0.178721 -0.040469 2.084020
0.179181 0.142252 2.017250
0.020913 -0.112710 2.110640
0.002469 -0.349862 2.138670
0.078518 -0.518444 2.062410
0.107748 -0.570403 2.034510
0.330257 -0.103681 2.122910
0.361057 -0.330939 2.146840
0.277519 -0.492824 2.078280
0.247436 -0.547218 2.066220
0.118365 -0.406016 2.277280
0.191342 -0.688876 2.091720
0.003537 -0.921964 2.076530
0.007205 -0.979417 2.012750
0.262402 -0.403434 2.278940
0.182743 -0.623441 2.035200
0.333593 -0.857719 2.047500
0.336770 -0.925556 1.988110
0.189572 -0.314024 2.236600
0.187922 -0.263108 2.212270
0.181084 -0.014348 2.083290
0.182046 0.169253 2.014380
0.023627 -0.080699 2.104160
0.004268 -0.333354 2.129450
0.077975 -0.505712 2.062490
0.106691 -0.566265 2.034340
0.329555 -0.060617 2.119480
0.356319 -0.297340 2.136620
0.284800 -0.470849 2.074600
0.259480 -0.526417 2.066010
0.120045 -0.374654 2.265020
0.196353 -0.679021 2.102120
0.009157 -0.921969 2.057800
0.014276 -0.978987 1.993140
0.262441 -0.375538 2.268400
0.183693 -0.622678 2.033160
0.332818 -0.866041 2.044370
0.339139 -0.934651 1.981230
0.190287 -0.295470 2.231560
0.188815 -0.242359 2.207500
0.183519 0.025450 2.083580
0.185409 0.205307 2.015730
0.027999 -0.045272 2.098780
0.008904 -0.304403 2.116130
0.076288 -0.487299 2.064870
0.104427 -0.554506 2.035700
0.329679 -0.037271 2.118690
0.352888 -0.273330 2.130750
0.292136 -0.451254 2.071790
0.271474 -0.507706 2.064730
0.121234 -0.356578 2.257950
0.200940 -0.671393 2.106430
0.018209 -0.921377 2.048340
0.024330 -0.977633 1.983060
0.262336 -0.356816 2.262330
0.184918 -0.621941 2.031490
0.330880 -0.873216 2.041310
0.339508 -0.940879 1.975770
0.192127 -0.269271 2.225300
0.190217 -0.214871 2.201670
0.183177 0.052196 2.082150
0.187413 0.241169 2.018750
0.030167 -0.013192 2.093700
0.012919 -0.271994 2.105760
0.076665 -0.474961 2.066390
0.103558 -0.542724 2.036930
0.329397 -0.004149 2.119970
0.350412 -0.256792 2.126950
0.297166 -0.436109 2.068950
0.281106 -0.491981 2.059440
0.124585 -0.333098 2.250170
0.205772 -0.664248 2.107760
0.035806 -0.918525 2.043710
0.043611 -0.973615 1.977810
0.263490 -0.327839 2.253780
0.186096 -0.621229 2.030290
0.326809 -0.878723 2.037560
0.337267 -0.944902 1.970260
0.193321 -0.250924 2.220280
0.190972 -0.195232 2.196660
0.180755 0.079542 2.077910
0.188771 0.267827 2.022500
0.032643 0.012082 2.090090
0.015689 -0.244979 2.099520
0.075788 -0.437486 2.070020
0.101136 -0.508827 2.039290
0.329340 0.018705 2.121030
0.348067 -0.239007 2.124080
0.302049 -0.418590 2.066030
0.290870 -0.472590 2.051030
0.127326 -0.314664 2.243110
0.216565 -0.673709 2.070990
0.061272 -0.913652 2.050420
0.069990 -0.967521 1.983820
0.264216 -0.309091 2.248100
0.187327 -0.620567 2.029550
0.322611 -0.882417 2.034620
0.333917 -0.946936 1.965910
0.194340 -0.221380 2.212090
0.191586 -0.165714 2.189550
0.179518 0.108201 2.076230
0.189510 0.299227 2.026770
0.034720 0.040887 2.087280
0.015973 -0.213131 2.096480
0.075433 -0.422207 2.072460
0.094917 -0.482625 2.047850
0.331251 0.054153 2.122750
0.345381 -0.206561 2.121890
0.305618 -0.405532 2.064370
0.298223 -0.459112 2.045740
0.129088 -0.292510 2.232830
0.206207 -0.683513 2.059940
0.083771 -0.915928 2.054810
0.093361 -0.968111 1.987330
0.265285 -0.275370 2.240010
0.189193 -0.619511 2.029580
0.288339 -0.885072 2.042010
0.298938 -0.943498 1.972270
0.194475 -0.199857 2.205910
0.191648 -0.143135 2.183790
0.179266 0.137160 2.073800
0.190291 0.324692 2.030290
0.035930 0.070561 2.086610
0.013813 -0.180734 2.097310
0.074603 -0.411201 2.074720
0.085083 -0.466869 2.059490
0.332490 0.072721 2.123450
0.344502 -0.187498 2.121990
0.308822 -0.395599 2.062740
0.304544 -0.448371 2.040550
0.129382 -0.271938 2.222640
0.203084 -0.684997 2.055780
0.098264 -0.915075 2.059810
0.109462 -0.965759 1.990410
0.265419 -0.255232 2.235410
0.192053 -0.618093 2.030760
0.267795 -0.884437 2.045660
0.276526 -0.938877 1.975500
0.192723 -0.162784 2.198250
0.190460 -0.105807 2.177050
0.180693 0.175216 2.072670
0.191099 0.359149 2.035640
0.036055 0.092294 2.086590
0.008962 -0.155251 2.102460
0.072944 -0.402006 2.076910
0.078711 -0.455984 2.068200
0.334386 0.096419 2.124880
0.347053 -0.160160 2.124810
0.312728 -0.386816 2.062810
0.308983 -0.440468 2.038750
0.126220 -0.233005 2.210030
0.195140 -0.642377 2.077300
0.114649 -0.902187 2.063590
0.125653 -0.952169 1.993610
0.264034 -0.226291 2.230400
0.197383 -0.602347 2.045630
0.252940 -0.878151 2.047290
0.260790 -0.929183 1.976830
0.192747 -0.139219 2.193710
0.190680 -0.081725 2.173160
0.181822 0.203475 2.073340
0.191722 0.383589 2.039240
0.036307 0.121208 2.087530
-0.003324 -0.119482 2.113380
0.064130 -0.379624 2.082820
0.070177 -0.435832 2.077890
0.336090 0.130811 2.125190
0.353249 -0.120672 2.131470
0.334648 -0.345963 2.077550
0.326050 -0.410365 2.056060
0.125539 -0.207532 2.202770
0.173371 -0.629182 2.087690
0.124542 -0.894112 2.069240
0.138743 -0.939343 1.996800
0.264388 -0.203883 2.226230
0.224766 -0.549796 2.074530
0.231262 -0.825743 2.050850
0.260671 -0.869269 1.998020
0.193338 -0.117139 2.188590
0.191421 -0.059359 2.169100
0.183197 0.229503 2.075680
0.192544 0.409728 2.044250
0.034693 0.151772 2.090170
-0.011403 -0.089524 2.121140
0.052929 -0.348658 2.088540
0.054953 -0.407130 2.087740
0.336837 0.149065 2.125400
0.357090 -0.100893 2.134660
0.354811 -0.311224 2.090770
0.341744 -0.389728 2.072440
0.125660 -0.186311 2.196950
0.156799 -0.576053 2.087450
0.141764 -0.840349 2.077550
0.188459 -0.876073 2.058020
0.265194 -0.181350 2.218810
0.240462 -0.519337 2.090920
0.221803 -0.795826 2.054120
0.264650 -0.830349 2.012370
0.193461 -0.102181 2.184530
0.191664 -0.043505 2.165840
0.183998 0.253651 2.079010
0.192715 0.432242 2.049380
0.033255 0.172049 2.092830
-0.020685 -0.067818 2.126740
0.043257 -0.323248 2.092040
0.043492 -0.383492 2.093940
0.337136 0.162580 2.125550
0.361536 -0.085697 2.137930
0.375556 -0.274434 2.107270
0.369200 -0.355213 2.096300
0.125438 -0.171332 2.192200
0.150270 -0.551126 2.087730
0.148529 -0.816057 2.084680
0.215182 -0.843386 2.095390
0.265398 -0.166463 2.212720
0.245537 -0.507450 2.097220
0.217667 -0.784173 2.056180
0.267694 -0.817821 2.022470
0.191683 -0.080037 2.175370
0.190383 -0.022108 2.159380
0.184118 0.274539 2.082710
0.192651 0.454010 2.055540
0.031743 0.192671 2.096180
-0.039126 -0.028451 2.133040
0.009983 -0.248881 2.098910
0.024953 -0.320368 2.098240
0.336800 0.180138 2.126580
0.371359 -0.055432 2.148720
0.388779 -0.251842 2.116160
0.386898 -0.335317 2.109400
0.122920 -0.148350 2.179900
0.146329 -0.538665 2.088400
0.152267 -0.805507 2.088570
0.226039 -0.830759 2.111360
0.263184 -0.144185 2.199970
0.244771 -0.500060 2.102530
0.215845 -0.776609 2.059940
0.268128 -0.809786 2.028210
0.190528 -0.066070 2.168620
0.189643 -0.007890 2.154330
0.185518 0.291894 2.086410
0.193110 0.477006 2.064170
0.030984 0.206517 2.098520
-0.047931 -0.011768 2.135370
-0.011544 -0.202897 2.102510
0.015203 -0.286014 2.099380
0.336827 0.196352 2.128140
0.376465 -0.040545 2.154470
0.404349 -0.227008 2.125770
0.410216 -0.309975 2.122790
0.121154 -0.134507 2.171180
0.143456 -0.529440 2.088640
0.153557 -0.799300 2.092370
0.226143 -0.829683 2.117240
0.261585 -0.130316 2.190650
0.239645 -0.497731 2.105950
0.219007 -0.774743 2.066490
0.269838 -0.807852 2.032860
0.189305 -0.056273 2.162890
0.188787 0.002283 2.150030
0.186386 0.305317 2.089630
0.193427 0.489879 2.069070
0.031119 0.221891 2.101160
-0.057103 0.002669 2.136610
-0.029800 -0.170075 2.102710
-0.022510 -0.239416 2.095800
0.336828 0.207069 2.129420
0.381345 -0.029678 2.159260
0.411822 -0.214650 2.130370
0.424861 -0.296394 2.129720
0.119398 -0.124629 2.163380
0.141849 -0.522902 2.088480
0.152451 -0.797592 2.096610
0.232265 -0.822591 2.125750
0.259694 -0.120306 2.182340
0.233108 -0.498761 2.107530
0.223053 -0.776695 2.071980
0.271009 -0.822846 2.042550
0.187901 -0.047390 2.156600
0.187975 0.011334 2.145540
0.188203 0.316626 2.093140
0.193811 0.500730 2.073660
0.031297 0.232677 2.103160
-0.062610 0.011765 2.137470
-0.041391 -0.154157 2.101790
-0.034479 -0.220348 2.094970
0.337168 0.217337 2.130990
0.386525 -0.020087 2.164040
0.417961 -0.204248 2.133920
0.439219 -0.283279 2.134000
0.117039 -0.115316 2.154280
0.141551 -0.517355 2.087360
0.149584 -0.799524 2.101000
0.222826 -0.832036 2.122370
0.257647 -0.112134 2.174160
0.229788 -0.496769 2.108960
0.226594 -0.779661 2.076080
0.269450 -0.837137 2.050490
0.186816 -0.041392 2.151590
0.187279 0.017688 2.141910
0.189141 0.325571 2.096200
0.194256 0.508296 2.076950
0.031424 0.240023 2.104690
-0.066550 0.018162 2.138150
-0.050159 -0.145057 2.100020
-0.045533 -0.208994 2.092390
0.337341 0.224483 2.132120
0.390906 -0.013023 2.167980
0.426141 -0.195650 2.138120
0.448532 -0.275062 2.136980
0.115484 -0.109372 2.147470
0.141957 -0.513477 2.085540
0.146666 -0.803096 2.105070
0.215506 -0.840130 2.119300
0.255981 -0.106469 2.167020
0.227218 -0.495268 2.109780
0.229605 -0.782772 2.078960
0.270698 -0.840907 2.052930
0.186013 -0.036558 2.146710
0.186814 0.022911 2.138410
0.190302 0.333039 2.099180
0.195004 0.515649 2.080940
0.031536 0.244933 2.105710
-0.069960 0.025304 2.138480
-0.057400 -0.137642 2.098090
-0.052402 -0.199834 2.090900
0.337510 0.230831 2.133170
0.394302 -0.007065 2.171140
0.431855 -0.189968 2.140910
0.455184 -0.269411 2.138790
0.114382 -0.104610 2.140610
0.143624 -0.510284 2.082150
0.144173 -0.806993 2.108500
0.210401 -0.846151 2.116920
0.254669 -0.101942 2.160340
0.225277 -0.494088 2.110110
0.232072 -0.785759 2.081070
0.272309 -0.843084 2.053540
0.185694 -0.032008 2.141290
0.186699 0.027742 2.134580
0.191265 0.338654 2.101610
0.195646 0.520784 2.083890
0.031604 0.248964 2.106880
-0.072029 0.029748 2.138740
-0.061694 -0.134111 2.095870
-0.056917 -0.194619 2.088820
0.338004 0.236100 2.134070
0.396929 -0.002374 2.173540
0.436879 -0.185997 2.142940
0.463195 -0.264823 2.139720
0.113821 -0.100671 2.133780
0.146095 -0.507880 2.077590
0.142244 -0.810602 2.111250
0.207051 -0.850358 2.115280
0.254204 -0.097945 2.153290
0.223785 -0.493206 2.110080
0.233790 -0.788267 2.082710
0.274266 -0.843674 2.052630
0.186128 -0.028124 2.136240
0.187074 0.031904 2.130950
0.191922 0.343309 2.103890
0.196267 0.524399 2.086050
0.031698 0.252073 2.108010
-0.073234 0.033098 2.138840
-0.063400 -0.133433 2.092920
-0.059080 -0.192917 2.084520
0.338404 0.240506 2.134780
0.398862 0.001399 2.175250
0.440582 -0.183078 2.144320
0.468871 -0.261421 2.140270
0.114533 -0.097172 2.126950
0.149882 -0.504777 2.070910
0.140894 -0.813515 2.113400
0.204814 -0.853307 2.113960
0.254850 -0.094403 2.146840
0.222640 -0.492415 2.109680
0.235055 -0.790326 2.083920
0.276085 -0.843170 2.050620
0.187103 -0.025342 2.131690
0.187779 0.034938 2.127770
0.192442 0.346546 2.105660
0.196920 0.526936 2.087770
0.031858 0.254307 2.109020
-0.073516 0.035778 2.138800
-0.062140 -0.134354 2.089150
-0.057230 -0.193290 2.078420
0.338749 0.243770 2.135280
0.400194 0.004109 2.176390
0.443880 -0.180800 2.145200
0.472827 -0.258879 2.140350
0.116047 -0.094810 2.120830
0.153784 -0.502477 2.064170
0.140045 -0.815556 2.115040
0.203380 -0.855249 2.113220
0.256315 -0.091783 2.140650
0.221874 -0.491725 2.108900
0.235985 -0.792010 2.084840
0.277629 -0.842071 2.048380
0.189044 -0.023064 2.126910
0.189158 0.037448 2.124490
0.192916 0.348907 2.107140
0.197695 0.528702 2.089170
0.032092 0.255899 2.109950
-0.071475 0.036222 2.137580
-0.047322 -0.141811 2.079730
-0.054846 -0.196425 2.072190
0.339222 0.246584 2.135660
0.401146 0.006277 2.177140
0.446166 -0.179317 2.145710
0.475547 -0.257202 2.140120
0.118973 -0.092942 2.114290
0.157513 -0.500603 2.057320
0.139553 -0.816562 2.116070
0.202315 -0.856570 2.112730
0.258846 -0.089722 2.134560
0.221429 -0.491016 2.107460
0.236641 -0.793281 2.085490
0.279007 -0.840609 2.046310
0.191770 -0.021266 2.121950
0.191217 0.039483 2.121090
0.193483 0.350631 2.108400
0.198645 0.530007 2.090360
0.032468 0.256995 2.110830
-0.067218 0.037445 2.136190
-0.037422 -0.143499 2.074290
-0.054870 -0.195840 2.067420
0.340218 0.249730 2.135770
0.401806 0.008469 2.177430
0.447832 -0.178479 2.145810
0.477242 -0.256331 2.139320
0.122574 -0.091609 2.107920
0.160909 -0.499328 2.050530
0.139204 -0.817209 2.116790
0.201446 -0.857585 2.112370
0.262038 -0.088169 2.128580
0.221392 -0.490242 2.105260
0.237098 -0.794298 2.085980
0.280110 -0.839011 2.044470
0.195074 -0.020017 2.116900
0.193773 0.040980 2.117770
0.194126 0.351852 2.109460
0.199610 0.530917 2.091270
0.033162 0.257806 2.111670
-0.062306 0.038684 2.135280
-0.030697 -0.143720 2.070650
-0.053515 -0.194833 2.061650
0.341121 0.251984 2.135780
0.402284 0.010069 2.177300
0.448626 -0.179309 2.144160
0.475957 -0.257951 2.135140
0.126665 -0.090778 2.101690
0.164703 -0.498740 2.043500
0.138984 -0.817627 2.117300
0.200795 -0.858309 2.112120
0.265695 -0.087085 2.122740
0.221822 -0.489460 2.102230
0.237427 -0.795122 2.086340
0.280943 -0.837507 2.042900
0.198663 -0.019432 2.111820
0.196677 0.041866 2.114540
0.194923 0.352680 2.110310
0.200976 0.531465 2.091990
0.034500 0.258400 2.112500
-0.057734 0.039716 2.134930
-0.025517 -0.143211 2.067750
-0.048418 -0.193889 2.054610
0.342131 0.253681 2.135610
0.402546 0.011216 2.176000
0.446925 -0.181848 2.138590
0.468768 -0.261884 2.126000
0.130673 -0.090493 2.096100
0.168495 -0.498833 2.036680
0.138896 -0.817815 2.117610
0.200449 -0.858564 2.111810
0.269497 -0.086552 2.116900
0.222696 -0.486227 2.096700
0.237636 -0.795818 2.086640
0.281523 -0.836199 2.041710
0.202382 -0.019211 2.107010
0.199871 0.042341 2.111610
0.196311 0.353192 2.111060
0.202820 0.531825 2.092420
0.036573 0.259087 2.113350
-0.052461 0.040667 2.134920
-0.018933 -0.141541 2.063610
-0.036646 -0.191608 2.042710
0.343602 0.255028 2.135100
0.402986 0.011848 2.173200
0.442148 -0.186468 2.127790
0.452900 -0.268349 2.106880
0.134651 -0.090376 2.091050
0.171901 -0.499148 2.030350
0.138943 -0.817816 2.117780
0.200401 -0.858469 2.111380
0.273199 -0.086432 2.111460
0.223708 -0.484317 2.092240
0.237755 -0.796450 2.086900
0.281951 -0.834973 2.040740
0.207179 -0.019025 2.101730
0.203852 0.042602 2.108740
0.197835 0.353423 2.111630
0.204579 0.532056 2.092670
0.038880 0.259692 2.114100
-0.048286 0.045092 2.143410
-0.013514 -0.139943 2.059730
-0.030247 -0.189238 2.033870
0.345408 0.256362 2.134270
0.402920 0.012546 2.168170
0.437111 -0.190457 2.117600
0.440536 -0.272558 2.093280
0.140312 -0.090297 2.085180
0.175310 -0.499674 2.023930
0.139339 -0.817456 2.117660
0.224185 -0.837498 2.093060
0.278162 -0.086064 2.105390
0.225061 -0.483168 2.088280
0.237818 -0.796960 2.087100
0.282283 -0.834027 2.040080
0.212824 -0.019361 2.096020
0.208801 0.042288 2.105780
0.200237 0.353276 2.111960
0.206464 0.532223 2.092800
0.041312 0.260204 2.114660
-0.040787 0.046699 2.143780
-0.008075 -0.139112 2.055100
-0.028261 -0.186682 2.026950
0.347399 0.257495 2.133160
0.402840 0.014530 2.160950
0.431865 -0.192098 2.107040
0.429556 -0.273689 2.081790
0.146706 -0.090640 2.078990
0.179430 -0.500567 2.017000
0.140522 -0.816007 2.116860
0.235356 -0.828254 2.086220
0.283728 -0.086204 2.099060
0.226936 -0.481315 2.083780
0.237829 -0.797385 2.087280
0.282547 -0.833286 2.039660
0.218135 -0.019769 2.090650
0.213613 0.041791 2.103220
0.203162 0.352958 2.112010
0.208376 0.532358 2.092750
0.044056 0.260688 2.114960
-0.024584 0.035476 2.132670
-0.001013 -0.142789 2.045790
-0.025515 -0.185376 2.010320
0.349768 0.258307 2.131720
0.402976 0.016490 2.154530
0.427491 -0.190535 2.098470
0.421531 -0.271426 2.073120
0.152458 -0.090980 2.073340
0.183026 -0.501266 2.010840
0.141893 -0.814013 2.115740
0.240973 -0.823580 2.082520
0.289047 -0.086437 2.092920
0.234328 -0.446361 2.065890
0.237032 -0.778098 2.085120
0.275525 -0.828487 2.047520
0.222660 -0.020546 2.085590
0.217756 0.040960 2.101100
0.206088 0.352532 2.111870
0.210311 0.532368 2.092580
0.047463 0.260955 2.115040
-0.016404 0.028880 2.126260
0.004412 -0.145392 2.036360
-0.014874 -0.185655 1.989980
0.352388 0.258564 2.130040
0.403625 0.019798 2.147410
0.428493 -0.177649 2.091420
0.418256 -0.255649 2.065100
0.157321 -0.091532 2.067950
0.186031 -0.501823 2.005550
0.143227 -0.811863 2.114530
0.244343 -0.820759 2.080220
0.293460 -0.087102 2.087130
0.237315 -0.445035 2.061010
0.236564 -0.779660 2.085720
0.275819 -0.827398 2.048390
0.226398 -0.021313 2.081100
0.221289 0.040053 2.099390
0.208912 0.352010 2.111560
0.212107 0.532388 2.092290
0.050789 0.261092 2.114930
-0.011457 0.024370 2.121720
0.008582 -0.146977 2.027130
-0.006995 -0.186202 1.976640
0.355406 0.258400 2.128050
0.404773 0.021768 2.141850
0.429326 -0.171271 2.087890
0.417080 -0.248110 2.061070
0.161259 -0.092074 2.063150
0.188722 -0.502483 2.000660
0.144451 -0.809915 2.113400
0.246709 -0.818771 2.078580
0.297165 -0.087828 2.081880
0.239515 -0.447485 2.058280
0.236168 -0.782640 2.086530
0.276800 -0.826684 2.048970
0.229682 -0.022269 2.076700
0.224480 0.038932 2.097780
0.211654 0.351389 2.111060
0.214093 0.532243 2.091880
0.053935 0.260932 2.114660
-0.008053 0.020393 2.117330
0.013274 -0.147892 2.016260
-0.004453 -0.186426 1.971010
0.358404 0.257977 2.125910
0.406368 0.022928 2.136400
0.424688 -0.196684 2.056230
0.410348 -0.274752 2.039430
0.164758 -0.092859 2.058350
0.191207 -0.503260 1.996140
0.145175 -0.808771 2.112720
0.248328 -0.817483 2.077510
0.300331 -0.088728 2.076760
0.240834 -0.452229 2.057350
0.235888 -0.785860 2.087380
0.278015 -0.826304 2.049300
0.232583 -0.023673 2.072180
0.227483 0.037389 2.096100
0.214674 0.350590 2.110330
0.216471 0.531848 2.091210
0.057209 0.260248 2.114260
-0.005852 0.018934 2.115140
0.017363 -0.144212 2.006800
-0.001743 -0.184883 1.965170
0.362077 0.256591 2.123230
0.408461 0.022861 2.130360
0.424931 -0.197521 2.047810
0.409141 -0.275916 2.033120
0.167635 -0.093925 2.053790
0.193328 -0.504053 1.992170
0.146072 -0.807391 2.111850
0.249227 -0.816906 2.076960
0.303123 -0.090395 2.070970
0.241687 -0.458477 2.057580
0.235800 -0.788662 2.088140
0.279406 -0.826355 2.049590
0.234929 -0.025238 2.067760
0.230043 0.035716 2.094460
0.217298 0.349873 2.109630
0.218596 0.531440 2.090580
0.060237 0.259311 2.113790
-0.004370 0.018505 2.113770
0.020402 -0.139468 2.000060
-0.001206 -0.182113 1.962010
0.365605 0.254864 2.120460
0.411067 0.022442 2.120790
0.425516 -0.197229 2.042430
0.409810 -0.275400 2.028460
0.169861 -0.095073 2.049520
0.195296 -0.504895 1.988470
0.146899 -0.806182 2.111030
0.249582 -0.816880 2.076770
0.305368 -0.092377 2.064940
0.242307 -0.458591 2.056340
0.235821 -0.788552 2.088320
0.279652 -0.826848 2.050810
0.236839 -0.026682 2.063510
0.232242 0.034075 2.092820
0.219719 0.349156 2.108880
0.220477 0.531091 2.090020
0.063062 0.258282 2.113200
-0.003100 0.017020 2.110530
0.024254 -0.138033 1.991810
-0.001392 -0.181037 1.959860
0.368810 0.253141 2.117900
0.413687 0.021711 2.113350
0.426982 -0.195353 2.038910
0.413161 -0.272543 2.023890
0.171653 -0.096140 2.045390
0.197338 -0.505717 1.984730
0.147737 -0.804908 2.110130
0.249603 -0.817179 2.076810
0.307106 -0.094136 2.059120
0.242808 -0.463547 2.055690
0.236440 -0.790683 2.088860
0.281259 -0.828148 2.050880
0.238142 -0.027950 2.059530
0.233932 0.032552 2.091230
0.221795 0.348454 2.108150
0.222185 0.530623 2.089500
0.065784 0.257154 2.112510
-0.002353 0.015662 2.107600
0.027295 -0.137044 1.985330
-0.000896 -0.180022 1.956650
0.371702 0.251568 2.115470
0.416160 0.020764 2.106650
0.429546 -0.197598 2.030480
0.419622 -0.275999 2.014440
0.172816 -0.096988 2.041650
0.199498 -0.506494 1.980830
0.148576 -0.803994 2.109260
0.249807 -0.817617 2.076800
0.308121 -0.095737 2.053410
0.243007 -0.468208 2.055190
0.237105 -0.792610 2.089270
0.282931 -0.829362 2.050820
0.239147 -0.029156 2.055700
0.235416 0.031011 2.089570
0.223922 0.347674 2.107330
0.223763 0.530180 2.089040
0.068416 0.255940 2.111750
-0.001867 0.014272 2.104750
0.029568 -0.136707 1.980480
0.000931 -0.179210 1.950740
0.374360 0.249749 2.112820
0.418886 0.019801 2.100040
0.431709 -0.199144 2.024550
0.425229 -0.278359 2.007110
0.173668 -0.097755 2.038190
0.201800 -0.507245 1.976780
0.149949 -0.802607 2.107720
0.250002 -0.817800 2.076730
0.308756 -0.097082 2.048100
0.242674 -0.475150 2.054410
0.237631 -0.793949 2.089500
0.284804 -0.830550 2.050410
0.239968 -0.030228 2.052170
0.236735 0.029530 2.087910
0.226018 0.346842 2.106460
0.225262 0.529631 2.088610
0.070714 0.254828 2.111040
-0.000898 0.011551 2.099690
0.031699 -0.138319 1.975430
0.004958 -0.181139 1.942140
0.376886 0.247671 2.110200
0.421204 0.019156 2.094780
0.434009 -0.200292 2.019550
0.430679 -0.279901 2.000230
0.174362 -0.098597 2.034800
0.204253 -0.508856 1.972330
0.150904 -0.801975 2.106450
0.250036 -0.818424 2.076780
0.309225 -0.098055 2.043560
0.242491 -0.479452 2.053460
0.238376 -0.795698 2.089590
0.286520 -0.831469 2.050000
0.240795 -0.031158 2.048890
0.238045 0.028129 2.086220
0.228216 0.346002 2.105460
0.226510 0.529142 2.088270
0.073020 0.253567 2.110190
0.000660 0.008562 2.093540
0.033677 -0.140988 1.970560
0.008563 -0.183936 1.934640
0.379153 0.245821 2.107800
0.423344 0.018783 2.090210
0.436826 -0.201208 2.013970
0.435725 -0.280898 1.993220
0.175060 -0.099442 2.031600
0.206614 -0.510549 1.968050
0.151496 -0.801613 2.105410
0.250029 -0.818954 2.076720
0.309755 -0.098728 2.039580
0.242756 -0.482444 2.052330
0.238960 -0.797084 2.089510
0.288091 -0.832147 2.049650
0.241386 -0.031864 2.045950
0.239123 0.026958 2.084640
0.230420 0.345192 2.104350
0.227652 0.528697 2.088000
0.075012 0.252438 2.109390
0.002044 0.006233 2.088170
0.035414 -0.143521 1.966760
0.013259 -0.186795 1.927890
0.381276 0.243917 2.105250
0.425323 0.018246 2.085590
0.439278 -0.201328 2.008430
0.440338 -0.280809 1.986310
0.175489 -0.100077 2.028790
0.208943 -0.511717 1.963970
0.152026 -0.801209 2.103800
0.208342 -0.849442 2.090190
0.310054 -0.099186 2.036010
0.243125 -0.484540 2.051000
0.239207 -0.798208 2.089290
0.289381 -0.832522 2.049500
0.241941 -0.032476 2.043300
0.240144 0.025893 2.083140
0.232303 0.344510 2.103350
0.229027 0.528166 2.087690
0.076691 0.251455 2.108700
0.002977 0.004657 2.084500
0.036712 -0.145376 1.964080
0.018804 -0.189813 1.923130
0.383327 0.241620 2.102320
0.426990 0.017545 2.081440
0.441006 -0.200819 2.002460
0.443778 -0.279928 1.979190
0.175872 -0.100618 2.026340
0.214462 -0.519989 2.007380
0.152351 -0.802470 2.102430
0.216493 -0.846903 2.082000
0.310408 -0.099569 2.032760
0.264785 -0.484730 2.045880
0.239459 -0.799163 2.088850
0.290794 -0.832796 2.049400
0.242477 -0.032967 2.040930
0.241095 0.024960 2.081730
0.233910 0.343890 2.102400
0.230431 0.527548 2.087330
0.078111 0.250666 2.108080
0.003172 0.007058 2.083190
0.037156 -0.144368 1.963910
0.022842 -0.188132 1.922180
0.385096 0.239537 2.099600
0.434366 -0.001859 2.065780
0.442437 -0.200349 1.997370
0.446268 -0.279073 1.973150
0.176245 -0.101059 2.024180
0.217033 -0.524232 2.031150
0.152676 -0.803857 2.100760
0.226531 -0.842507 2.074690
0.310821 -0.099853 2.029900
0.275819 -0.484804 2.043420
0.239753 -0.799931 2.088190
0.292474 -0.832853 2.049390
0.243102 -0.033550 2.038620
0.242111 0.023954 2.080280
0.235313 0.343305 2.101500
0.231838 0.526921 2.086890
0.079499 0.249796 2.107430
0.004095 0.007257 2.080650
0.037731 -0.144974 1.962930
0.029091 -0.189156 1.919860
0.386629 0.237413 2.096890
0.437801 -0.011977 2.057810
0.443522 -0.200163 1.992470
0.447606 -0.278456 1.967150
0.176707 -0.101563 2.022150
0.218259 -0.526067 2.041050
0.157781 -0.806208 2.095700
0.245269 -0.837647 2.066390
0.311379 -0.100244 2.027130
0.282536 -0.485619 2.042340
0.258945 -0.799469 2.080250
0.290772 -0.839518 2.047610
0.243929 -0.034247 2.036390
0.243304 0.022859 2.078770
0.236761 0.342689 2.100450
0.233263 0.526312 2.086450
0.080925 0.248882 2.106720
0.004838 0.007397 2.078700
0.038250 -0.145527 1.962190
0.033138 -0.189990 1.918470
0.387848 0.235716 2.094630
0.440602 -0.012168 2.054570
0.444393 -0.199735 1.988400
0.448202 -0.277699 1.962480
0.177482 -0.102277 2.020070
0.219115 -0.527247 2.046800
0.162340 -0.807950 2.091630
0.256012 -0.835086 2.062250
0.312053 -0.100647 2.024760
0.286985 -0.486406 2.041750
0.264792 -0.799746 2.077450
0.293941 -0.845778 2.045360
0.244862 -0.034977 2.034350
0.244597 0.021760 2.077320
0.238307 0.341997 2.099260
0.234543 0.525745 2.085890
0.082185 0.248044 2.106040
0.005686 0.007280 2.076890
0.038973 -0.146385 1.961460
0.041906 -0.190601 1.916660
0.388799 0.234391 2.092610
0.443500 -0.006594 2.053860
0.445032 -0.199321 1.985430
0.448189 -0.276980 1.958990
0.178361 -0.103041 2.018190
0.219622 -0.527982 2.050570
0.166516 -0.809163 2.088330
0.263357 -0.833395 2.060000
0.312852 -0.101062 2.022640
0.290286 -0.487396 2.041500
0.267743 -0.799936 2.076070
0.298401 -0.849315 2.044480
0.246345 -0.035464 2.032350
0.246215 0.020902 2.075920
0.239625 0.341413 2.098110
0.235821 0.525259 2.085320
0.083277 0.247352 2.105430
0.006455 0.007108 2.075510
0.039823 -0.147227 1.960870
0.049611 -0.190861 1.915570
0.389623 0.233472 2.090980
0.445297 -0.001595 2.053970
0.445588 -0.198726 1.983130
0.447397 -0.276011 1.956350
0.179886 -0.103650 2.016340
0.219779 -0.527742 2.051330
0.170021 -0.809949 2.085780
0.268431 -0.832375 2.058900
0.314745 -0.101197 2.020340
0.292556 -0.487873 2.041270
0.270959 -0.799970 2.074840
0.300949 -0.852955 2.044300
0.247780 -0.035964 2.030660
0.247796 0.020094 2.074690
0.240950 0.340770 2.096820
0.237027 0.524791 2.084630
0.084256 0.246677 2.104900
0.008143 0.006168 2.073600
0.046852 -0.148360 1.957930
0.053668 -0.192113 1.914960
0.390374 0.232763 2.089530
0.446454 0.002582 2.054560
0.445993 -0.198245 1.981450
0.446395 -0.275188 1.954500
0.181352 -0.104295 2.014820
0.219627 -0.526923 2.049470
0.172750 -0.810369 2.083780
0.271848 -0.831618 2.058320
0.316542 -0.101419 2.018440
0.295797 -0.455092 2.033580
0.274846 -0.791376 2.072290
0.285937 -0.819947 2.008910
0.249016 -0.036366 2.029350
0.249200 0.019449 2.073740
0.242113 0.340195 2.095560
0.238035 0.524388 2.083950
0.085098 0.246118 2.104440
0.009609 0.005378 2.072310
0.052116 -0.149004 1.956020
0.056462 -0.193162 1.914850
0.391146 0.232131 2.087890
0.447143 0.005981 2.055170
0.446291 -0.197914 1.980200
0.445350 -0.274634 1.953320
0.182605 -0.104814 2.013670
0.218333 -0.521882 2.041730
0.175074 -0.810498 2.082120
0.274252 -0.830986 2.058120
0.318072 -0.101615 2.016990
0.297617 -0.451817 2.032800
0.275993 -0.790923 2.071710
0.300368 -0.831768 2.024010
0.250396 -0.036707 2.028230
0.250755 0.018917 2.072900
0.243343 0.339658 2.094110
0.238906 0.523960 2.083160
0.085826 0.245677 2.104050
0.012377 0.003995 2.070930
0.056363 -0.150127 1.954450
0.060185 -0.195664 1.915510
0.392063 0.231467 2.086090
0.447522 0.008616 2.055580
0.446578 -0.197714 1.979290
0.444542 -0.274347 1.952630
0.183955 -0.105287 2.012760
0.216935 -0.516323 2.033930
0.176573 -0.810548 2.080980
0.275967 -0.830444 2.058220
0.319835 -0.101817 2.015750
0.298902 -0.452039 2.033040
0.275518 -0.791639 2.071600
0.311663 -0.836887 2.037140
0.251693 -0.036950 2.027340
0.252338 0.018543 2.072200
0.245310 0.339049 2.092010
0.239669 0.523612 2.082320
0.086426 0.245365 2.103760
0.016017 0.002300 2.069840
0.059515 -0.151495 1.953540
0.063520 -0.198604 1.916520
0.393250 0.230679 2.084080
0.447797 0.010508 2.055790
0.446957 -0.197548 1.978640
0.444189 -0.274221 1.952490
0.185112 -0.105660 2.012100
0.215962 -0.511950 2.028030
0.178285 -0.810251 2.079670
0.277078 -0.830039 2.058610
0.321437 -0.101998 2.014780
0.299520 -0.461193 2.035780
0.273930 -0.793314 2.071920
0.318532 -0.839120 2.045580
0.252893 -0.037108 2.026650
0.253802 0.018300 2.071670
0.247015 0.338617 2.090180
0.240329 0.523327 2.081500
0.086988 0.245125 2.103490
0.020028 0.000793 2.069360
0.061928 -0.152945 1.953390
0.066439 -0.202561 1.919340
0.394383 0.229967 2.082240
0.448549 0.008436 2.054490
0.447384 -0.197465 1.978190
0.444082 -0.274331 1.952930
0.186164 -0.105936 2.011650
0.215335 -0.508671 2.023770
0.179687 -0.809877 2.078550
0.277847 -0.829781 2.059160
0.322886 -0.102141 2.014050
0.299387 -0.469764 2.038350
0.273282 -0.794030 2.072120
0.321993 -0.840714 2.050180
0.254064 -0.037163 2.026120
0.255228 0.018202 2.071270
0.248750 0.338282 2.088320
0.240973 0.523119 2.080490
0.087551 0.244969 2.103250
0.023836 -0.000446 2.069310
0.064890 -0.155037 1.954610
0.065134 -0.204897 1.921760
0.395495 0.229415 2.080630
0.448797 0.008233 2.053810
0.450441 -0.193434 1.980590
0.445661 -0.270638 1.956930
0.187142 -0.106126 2.011370
0.214966 -0.506230 2.020740
0.180871 -0.809440 2.077580
0.278247 -0.829576 2.059840
0.324254 -0.102221 2.013500
0.299298 -0.475649 2.040160
0.272476 -0.794783 2.072410
0.324089 -0.841697 2.053190
0.255097 -0.037204 2.025730
0.256463 0.018151 2.070980
0.250111 0.338052 2.086710
0.241586 0.522973 2.079360
0.088235 0.244852 2.102920
0.026905 -0.001449 2.069510
0.067193 -0.156974 1.956110
0.064451 -0.207581 1.924720
0.396449 0.229069 2.079140
0.448982 0.008097 2.053300
0.452454 -0.191456 1.982030
0.446956 -0.268869 1.959760
0.188089 -0.106284 2.011240
0.214704 -0.504566 2.018700
0.181814 -0.808986 2.076770
0.278346 -0.829450 2.060570
0.325407 -0.102290 2.013110
0.299199 -0.479311 2.041360
0.270905 -0.796087 2.073100
0.325464 -0.842374 2.055420
0.256370 -0.037138 2.025440
0.257951 0.018249 2.070750
0.251854 0.337886 2.084770
0.242290 0.522855 2.077790
0.089039 0.244824 2.102480
0.032099 0.001287 2.072360
0.068357 -0.156432 1.960090
0.063276 -0.207119 1.929030
0.397321 0.228964 2.077810
0.449085 0.008122 2.052920
0.453794 -0.190647 1.982870
0.447856 -0.268274 1.961610
0.189287 -0.106359 2.011300
0.214546 -0.503329 2.017260
0.182525 -0.808596 2.076140
0.278291 -0.829342 2.061300
0.326720 -0.102259 2.012870
0.299159 -0.481480 2.042140
0.269370 -0.797221 2.073720
0.326368 -0.842734 2.057210
0.257569 -0.037049 2.025240
0.259281 0.018389 2.070600
0.253298 0.337847 2.083080
0.243144 0.522913 2.075860
0.090161 0.244926 2.101870
0.036166 0.004488 2.075240
0.068399 -0.155956 1.962690
0.064144 -0.206329 1.934260
0.398149 0.228888 2.076670
0.449047 0.008244 2.052520
0.454674 -0.190175 1.983410
0.448481 -0.268027 1.962980
0.190475 -0.106382 2.011470
0.214446 -0.502441 2.016240
0.183135 -0.808226 2.075640
0.278055 -0.829163 2.062090
0.327940 -0.102217 2.012720
0.299064 -0.483415 2.042900
0.268063 -0.798166 2.074280
0.326889 -0.842955 2.058560
0.258634 -0.036956 2.025110
0.260487 0.018549 2.070510
0.255043 0.337839 2.081300
0.244074 0.522964 2.073850
0.091515 0.245145 2.101120
0.038652 0.005275 2.076380
0.068713 -0.156199 1.964750
0.063969 -0.206781 1.936710
0.398934 0.228860 2.075680
0.448970 0.008362 2.052180
0.456132 -0.188393 1.985050
0.449394 -0.266475 1.965060
0.191517 -0.106375 2.011680
0.214374 -0.501806 2.015520
0.183621 -0.807901 2.075250
0.277762 -0.829031 2.062800
0.328959 -0.102175 2.012650
0.299026 -0.484573 2.043390
0.266940 -0.798936 2.074760
0.327099 -0.843002 2.059830
