0.331987 -0.476032 2.436260
0.332056 -0.422951 2.415120
0.335562 -0.158399 2.321870
0.341745 0.038484 2.306720
0.188377 -0.229442 2.326120
0.145967 -0.437904 2.272750
0.283215 -0.550636 2.052280
0.291267 -0.590429 2.006570
0.469680 -0.250675 2.298520
0.483346 -0.446418 2.225340
0.373961 -0.546894 2.088950
0.309938 -0.575041 2.036290
0.258732 -0.532729 2.467090
0.124305 -0.583592 2.143810
0.133530 -0.836577 2.173690
0.106846 -0.874378 2.117910
0.406079 -0.540818 2.443810
0.441594 -0.591397 2.107420
0.471629 -0.836139 2.108450
0.433685 -0.893191 2.127960
0.332022 -0.476032 2.436250
0.332105 -0.422951 2.415100
0.335605 -0.158386 2.321900
0.341811 0.038473 2.306790
0.188427 -0.229446 2.326080
0.145902 -0.437878 2.273160
0.280827 -0.550963 2.052720
0.289011 -0.590356 2.007860
0.469775 -0.250730 2.298610
0.483472 -0.446513 2.225680
0.374782 -0.546470 2.088960
0.310593 -0.574484 2.036690
0.258714 -0.532712 2.467080
0.124078 -0.584043 2.143970
0.134158 -0.836585 2.174370
0.106789 -0.873673 2.118340
0.406134 -0.540859 2.443780
0.441625 -0.591453 2.107450
0.471660 -0.836256 2.108550
0.433550 -0.893354 2.128280
0.332046 -0.476034 2.436240
0.332143 -0.422954 2.415090
0.335636 -0.158377 2.321930
0.341861 0.038462 2.306840
0.188471 -0.229463 2.326030
0.145834 -0.437855 2.273500
0.279016 -0.551188 2.053020
0.287419 -0.590280 2.008760
0.469851 -0.250786 2.298670
0.483579 -0.446602 2.225950
0.375382 -0.546217 2.089000
0.311161 -0.574050 2.036900
0.258682 -0.532698 2.467080
0.123854 -0.584487 2.144070
0.134922 -0.836815 2.175350
0.106979 -0.872552 2.118760
0.406178 -0.540904 2.443750
0.441652 -0.591501 2.107480
0.471683 -0.836436 2.108660
0.431171 -0.892372 2.127990
0.332066 -0.476034 2.436230
0.332175 -0.422956 2.415080
0.335659 -0.158370 2.321950
0.341901 0.038441 2.306870
0.188506 -0.229482 2.325960
0.145766 -0.437831 2.273800
0.277630 -0.551297 2.053200
0.285939 -0.590295 2.009550
0.469912 -0.250840 2.298720
0.483659 -0.446670 2.226160
0.375623 -0.545978 2.088840
0.311633 -0.573711 2.036960
0.258633 -0.532667 2.467140
0.123652 -0.584900 2.144130
0.132515 -0.839285 2.169270
0.107549 -0.878915 2.118870
0.406216 -0.540946 2.443730
0.441678 -0.591536 2.107520
0.471698 -0.836686 2.108770
0.426117 -0.889176 2.127190
0.332083 -0.476037 2.436230
0.332203 -0.422960 2.415070
0.335676 -0.158365 2.321960
0.341945 0.038345 2.306900
0.188534 -0.229502 2.325890
0.145692 -0.437819 2.274000
0.276860 -0.551204 2.053360
0.284371 -0.590102 2.010400
0.469963 -0.250899 2.298750
0.483727 -0.446728 2.226300
0.375652 -0.545780 2.088540
0.301189 -0.575402 2.025810
0.258568 -0.532625 2.467260
0.123494 -0.585322 2.144160
0.132094 -0.840193 2.167540
0.106910 -0.880398 2.117310
0.406251 -0.540998 2.443730
0.441707 -0.591549 2.107580
0.471679 -0.836864 2.108850
0.424688 -0.888598 2.127030
0.332100 -0.476040 2.436240
0.332228 -0.422963 2.415070
0.335689 -0.158361 2.321970
0.341985 0.038258 2.306900
0.188558 -0.229517 2.325810
0.145612 -0.437807 2.274180
0.276317 -0.551053 2.053490
0.282998 -0.589939 2.011130
0.470004 -0.250945 2.298780
0.483776 -0.446770 2.226420
0.375112 -0.545588 2.087900
0.294757 -0.576482 2.018940
0.258497 -0.532578 2.467420
0.123359 -0.585758 2.144200
0.131962 -0.840727 2.166810
0.106490 -0.880167 2.115820
0.406281 -0.541055 2.443740
0.441735 -0.591548 2.107690
0.471658 -0.836955 2.108900
0.424110 -0.888456 2.126950
0.332119 -0.476062 2.436290
0.332254 -0.422978 2.415080
0.335699 -0.158359 2.321970
0.342017 0.038150 2.306890
0.188583 -0.229548 2.325720
0.145539 -0.437799 2.274310
0.275963 -0.550863 2.053580
0.281816 -0.589821 2.011720
0.470040 -0.250996 2.298790
0.483815 -0.446807 2.226510
0.374432 -0.545528 2.087380
0.290356 -0.576642 2.014350
0.258403 -0.532539 2.467690
0.123226 -0.586177 2.144200
0.132054 -0.841261 2.166600
0.106348 -0.878712 2.114490
0.406306 -0.541162 2.443840
0.441763 -0.591524 2.107930
0.471636 -0.837028 2.108930
0.423841 -0.888537 2.126870
0.332135 -0.476086 2.436350
0.332279 -0.422994 2.415100
0.335709 -0.158361 2.321960
0.342055 0.037919 2.306800
0.188607 -0.229581 2.325630
0.145463 -0.437794 2.274420
0.275756 -0.550640 2.053640
0.280927 -0.589706 2.012140
0.470080 -0.251061 2.298790
0.483843 -0.446840 2.226570
0.324294 -0.545638 2.061210
0.291441 -0.578721 2.009330
0.258288 -0.532482 2.468070
0.123137 -0.586578 2.144210
0.132487 -0.841693 2.167030
0.106659 -0.877122 2.113700
0.406321 -0.541280 2.443950
0.441787 -0.591497 2.108180
0.471572 -0.837078 2.108970
0.424762 -0.889535 2.126690
0.332150 -0.476110 2.436420
0.332302 -0.423011 2.415130
0.335719 -0.158365 2.321950
0.342097 0.037682 2.306720
0.188639 -0.229602 2.325550
0.145391 -0.437790 2.274500
0.275652 -0.550396 2.053680
0.280122 -0.589625 2.012510
0.470136 -0.251162 2.298790
0.483855 -0.446880 2.226590
0.291011 -0.544013 2.044560
0.291748 -0.579858 2.006400
0.258161 -0.532404 2.468500
0.123078 -0.586949 2.144190
0.132953 -0.842027 2.167610
0.106968 -0.875499 2.113080
0.406331 -0.541400 2.444060
0.441804 -0.591483 2.108450
0.471506 -0.837117 2.109000
0.426000 -0.890703 2.126540
0.332162 -0.476134 2.436490
0.332324 -0.423028 2.415150
0.335732 -0.158369 2.321950
0.342134 0.037454 2.306640
0.188668 -0.229609 2.325510
0.145323 -0.437786 2.274580
0.276124 -0.549437 2.053700
0.279489 -0.589378 2.012990
0.470194 -0.251267 2.298800
0.483858 -0.446918 2.226590
0.278284 -0.543255 2.039240
0.291369 -0.580283 2.004690
0.258034 -0.532322 2.468910
0.123058 -0.587279 2.144180
0.133812 -0.842272 2.169250
0.107567 -0.873400 2.113060
0.406329 -0.541520 2.444160
0.441844 -0.591622 2.108760
0.471419 -0.837134 2.109030
0.427638 -0.892058 2.126320
0.332171 -0.476161 2.436580
0.332346 -0.423048 2.415190
0.335748 -0.158376 2.321940
0.342175 0.037239 2.306560
0.188699 -0.229611 2.325470
0.145258 -0.437779 2.274640
0.276799 -0.548250 2.053700
0.279058 -0.589075 2.013420
0.470263 -0.251376 2.298800
0.483847 -0.446956 2.226570
0.270703 -0.542958 2.035630
0.291046 -0.580622 2.003390
0.257913 -0.532247 2.469300
0.123044 -0.587570 2.144150
0.134585 -0.842363 2.170750
0.108094 -0.871813 2.113170
0.406319 -0.541670 2.444290
0.441886 -0.591756 2.109120
0.471373 -0.837124 2.109070
0.429091 -0.893088 2.126250
0.332178 -0.476190 2.436660
0.332367 -0.423070 2.415230
0.335765 -0.158382 2.321930
0.342252 0.037093 2.306530
0.188730 -0.229610 2.325440
0.145203 -0.437772 2.274700
0.277252 -0.547420 2.053720
0.278625 -0.588843 2.013820
0.470359 -0.251514 2.298800
0.483843 -0.446998 2.226550
0.338779 -0.547929 2.062690
0.289705 -0.579932 2.003120
0.257801 -0.532181 2.469630
0.123048 -0.587944 2.144140
0.135252 -0.842401 2.172080
0.108600 -0.870446 2.113330
0.406304 -0.541832 2.444460
0.441948 -0.591899 2.109520
0.471330 -0.837075 2.109110
0.431427 -0.894345 2.126360
0.332184 -0.476217 2.436750
0.332386 -0.423091 2.415260
0.335785 -0.158389 2.321910
0.342344 0.036965 2.306520
0.188765 -0.229601 2.325420
0.145158 -0.437765 2.274760
0.277593 -0.546815 2.053750
0.278224 -0.588666 2.014160
0.470451 -0.251644 2.298810
0.483840 -0.447034 2.226540
0.367268 -0.548770 2.071490
0.305464 -0.577399 2.014260
0.257699 -0.532123 2.469920
0.123055 -0.588284 2.144120
0.135801 -0.842408 2.173200
0.109059 -0.869238 2.113490
0.406288 -0.541986 2.444610
0.442011 -0.591976 2.109880
0.471306 -0.837054 2.109140
0.432819 -0.895134 2.126540
0.332190 -0.476244 2.436830
0.332407 -0.423113 2.415300
0.335819 -0.158396 2.321900
0.342440 0.036840 2.306520
0.188801 -0.229590 2.325400
0.145118 -0.437753 2.274790
0.277754 -0.546444 2.053720
0.277852 -0.588595 2.014410
0.470538 -0.251775 2.298800
0.483829 -0.447072 2.226510
0.379140 -0.548778 2.078160
0.303808 -0.576612 2.015410
0.257612 -0.532072 2.470180
0.123065 -0.588568 2.144090
0.136260 -0.842410 2.174160
0.109461 -0.868238 2.113660
0.406273 -0.542127 2.444750
0.442067 -0.592039 2.110210
0.471248 -0.836962 2.109150
0.435415 -0.896161 2.127050
0.332194 -0.476279 2.436920
0.332428 -0.423140 2.415350
0.335854 -0.158403 2.321880
0.342525 0.036705 2.306510
0.188847 -0.229574 2.325390
0.145079 -0.437739 2.274810
0.278115 -0.545897 2.053700
0.277634 -0.588429 2.014610
0.470628 -0.251900 2.298800
0.483817 -0.447108 2.226510
0.386089 -0.548759 2.082020
0.301064 -0.575796 2.015810
0.257532 -0.532032 2.470410
0.123082 -0.588824 2.144050
0.136768 -0.842447 2.175350
0.109965 -0.867096 2.114030
0.406256 -0.542279 2.444910
0.442114 -0.592243 2.110610
0.471215 -0.836918 2.109170
0.436884 -0.896862 2.127310
0.332198 -0.476314 2.437010
0.332449 -0.423167 2.415390
0.335889 -0.158411 2.321870
0.342613 0.036568 2.306510
0.188893 -0.229558 2.325380
0.145041 -0.437721 2.274830
0.278333 -0.545521 2.053690
0.277477 -0.588300 2.014750
0.470714 -0.252017 2.298800
0.483806 -0.447140 2.226500
0.389556 -0.548579 2.085080
0.298898 -0.575614 2.015620
0.257462 -0.531999 2.470600
0.123110 -0.589046 2.144020
0.137383 -0.842494 2.176960
0.110573 -0.866012 2.114750
0.406244 -0.542427 2.445060
0.442177 -0.592599 2.111080
0.471189 -0.836874 2.109190
0.438033 -0.897369 2.127590
0.332201 -0.476348 2.437100
0.332468 -0.423195 2.415440
0.335922 -0.158417 2.321850
0.342678 0.036448 2.306520
0.188937 -0.229542 2.325380
0.145004 -0.437700 2.274840
0.278446 -0.545281 2.053680
0.277351 -0.588221 2.014850
0.470794 -0.252121 2.298800
0.483795 -0.447167 2.226500
0.335462 -0.547593 2.058590
0.297819 -0.578775 2.013020
0.257398 -0.531971 2.470780
0.123139 -0.589239 2.143990
0.137863 -0.842510 2.178210
0.111052 -0.865230 2.115370
0.406234 -0.542563 2.445200
0.442226 -0.592923 2.111510
0.471157 -0.836904 2.109240
0.438538 -0.897675 2.127700
0.332204 -0.476377 2.437180
0.332487 -0.423220 2.415490
0.335955 -0.158424 2.321840
0.342736 0.036336 2.306530
0.188978 -0.229526 2.325370
0.144955 -0.437684 2.274850
0.278500 -0.545121 2.053660
0.277171 -0.588196 2.014940
0.470869 -0.252216 2.298800
0.483786 -0.447188 2.226500
0.302382 -0.545191 2.046140
0.296851 -0.579996 2.011240
0.257338 -0.531942 2.470940
0.123170 -0.589411 2.143970
0.138213 -0.842523 2.179090
0.111377 -0.864656 2.115810
0.406226 -0.542683 2.445320
0.442263 -0.593201 2.111870
0.471134 -0.836873 2.109250
0.439375 -0.897959 2.128100
0.332208 -0.476404 2.437260
0.332506 -0.423243 2.415530
0.335982 -0.158428 2.321830
0.342786 0.036244 2.306540
0.189015 -0.229512 2.325360
0.144895 -0.437666 2.274850
0.278505 -0.545004 2.053630
0.277010 -0.588185 2.015000
0.470936 -0.252288 2.298800
0.483778 -0.447202 2.226500
0.288026 -0.543705 2.040900
0.296231 -0.580696 2.010110
0.257285 -0.531917 2.471090
0.123200 -0.589561 2.143950
0.138382 -0.842520 2.179510
0.111543 -0.864353 2.115990
0.406223 -0.542789 2.445430
0.442290 -0.593438 2.112200
0.471093 -0.836774 2.109220
0.440481 -0.898169 2.128650
0.332208 -0.476428 2.437330
0.332521 -0.423264 2.415580
0.336004 -0.158431 2.321820
0.342820 0.036168 2.306560
0.189047 -0.229498 2.325360
0.144820 -0.437649 2.274860
0.278457 -0.544927 2.053600
0.276843 -0.588190 2.015050
0.470989 -0.252351 2.298800
0.483771 -0.447212 2.226490
0.280137 -0.542950 2.038020
0.295538 -0.581084 2.009170
0.257232 -0.531889 2.471220
0.123220 -0.589685 2.143920
0.138634 -0.842481 2.180200
0.111808 -0.863958 2.116440
0.406215 -0.542884 2.445530
0.442315 -0.593623 2.112470
0.471039 -0.836640 2.109170
0.441609 -0.898324 2.129210
0.332204 -0.476451 2.437390
0.332531 -0.423283 2.415610
0.336022 -0.158433 2.321810
0.342849 0.036115 2.306640
0.189076 -0.229483 2.325350
0.144734 -0.437634 2.274880
0.278340 -0.544874 2.053590
0.276686 -0.588193 2.015090
0.471028 -0.252399 2.298800
0.483767 -0.447220 2.226500
0.275008 -0.542193 2.036500
0.294842 -0.581235 2.008420
0.257184 -0.531872 2.471310
0.123239 -0.589797 2.143900
0.138839 -0.842426 2.180760
0.112029 -0.863651 2.116840
0.406204 -0.542969 2.445610
0.442335 -0.593771 2.112700
0.470987 -0.836490 2.109120
0.442601 -0.898428 2.129690
0.332203 -0.476464 2.437430
0.332539 -0.423296 2.415640
0.336031 -0.158435 2.321790
0.342864 0.036086 2.306730
0.189099 -0.229468 2.325350
0.144652 -0.437611 2.274980
0.278141 -0.544813 2.053620
0.276518 -0.588173 2.015160
0.471059 -0.252435 2.298800
0.483764 -0.447224 2.226510
0.328467 -0.543854 2.069830
0.292814 -0.580252 2.007930
0.257151 -0.531859 2.471370
0.123255 -0.589890 2.143890
0.139012 -0.842370 2.181250
0.112232 -0.863396 2.117220
0.406202 -0.543020 2.445650
0.442349 -0.593888 2.112850
0.471070 -0.836562 2.109170
0.443201 -0.898175 2.132080
0.332205 -0.476474 2.437450
0.332549 -0.423308 2.415650
0.336039 -0.158440 2.321770
0.342867 0.036063 2.306810
0.189114 -0.229459 2.325350
0.144561 -0.437607 2.275200
0.277908 -0.544711 2.053700
0.276352 -0.588088 2.015220
0.471085 -0.252460 2.298800
0.483766 -0.447221 2.226530
0.321800 -0.544049 2.064870
0.294367 -0.580968 2.006800
0.257130 -0.531855 2.471410
0.123275 -0.590030 2.143890
0.139151 -0.842317 2.181650
0.112385 -0.863199 2.117550
0.406214 -0.543063 2.445660
0.442362 -0.593980 2.112950
0.471158 -0.836565 2.109170
0.444023 -0.897774 2.134030
0.332209 -0.476482 2.437460
0.332561 -0.423318 2.415650
0.336041 -0.158446 2.321710
0.342863 0.036046 2.306900
0.189123 -0.229451 2.325340
0.144526 -0.437685 2.275630
0.277587 -0.544551 2.053790
0.276155 -0.588000 2.015350
0.471108 -0.252482 2.298780
0.483771 -0.447218 2.226570
0.318275 -0.544384 2.060780
0.295309 -0.581596 2.005940
0.257113 -0.531853 2.471430
0.123300 -0.590183 2.143920
0.138988 -0.841859 2.180980
0.112159 -0.864079 2.117520
0.406248 -0.543097 2.445640
0.442372 -0.594056 2.113010
0.471288 -0.836497 2.109140
0.444582 -0.897483 2.135000
0.332228 -0.476472 2.437400
0.332584 -0.423319 2.415590
0.336029 -0.158462 2.321580
0.342843 0.036026 2.306930
0.189105 -0.229452 2.325290
0.144495 -0.437806 2.276040
0.277332 -0.544384 2.053860
0.275793 -0.587773 2.015430
0.471137 -0.252508 2.298690
0.483777 -0.447221 2.226600
0.349075 -0.544191 2.078870
0.293041 -0.579458 2.006200
0.257093 -0.531852 2.471400
0.123322 -0.590352 2.143970
0.138845 -0.841507 2.180420
0.111951 -0.864754 2.117460
0.406349 -0.543110 2.445420
0.442384 -0.594142 2.112970
0.471428 -0.836427 2.109110
0.444971 -0.897218 2.135740
0.332255 -0.476450 2.437270
0.332617 -0.423317 2.415460
0.336005 -0.158531 2.321280
0.342773 0.035994 2.306910
0.189015 -0.229524 2.325060
0.144464 -0.437965 2.276320
0.277067 -0.544200 2.053830
0.275289 -0.587355 2.015250
0.471168 -0.252579 2.298450
0.483793 -0.447242 2.226620
0.358087 -0.544324 2.084070
0.290391 -0.576779 2.006400
0.257073 -0.531850 2.471310
0.123350 -0.590532 2.144030
0.138710 -0.841191 2.179870
0.111712 -0.865451 2.117400
0.406459 -0.543113 2.445150
0.442399 -0.594195 2.112880
0.471564 -0.836365 2.109100
0.444733 -0.896554 2.136470
0.332365 -0.476380 2.436890
0.332727 -0.423295 2.415090
0.336006 -0.158727 2.320610
0.342508 0.035703 2.306300
0.188803 -0.229979 2.324350
0.144434 -0.438194 2.276580
0.276844 -0.543984 2.053760
0.274518 -0.586502 2.014710
0.471230 -0.252648 2.297980
0.483800 -0.447267 2.226660
0.330288 -0.538867 2.059790
0.293264 -0.578580 2.007890
0.257082 -0.531860 2.471090
0.123391 -0.590664 2.144080
0.138605 -0.840941 2.179410
0.111500 -0.866008 2.117350
0.406768 -0.543010 2.444450
0.442437 -0.594228 2.112500
0.471785 -0.836348 2.109140
0.444814 -0.896264 2.137060
0.332965 -0.476215 2.435100
0.333360 -0.423225 2.413140
0.336536 -0.159082 2.317320
0.342170 0.035501 2.305530
0.188257 -0.230861 2.322740
0.144400 -0.438514 2.276840
0.276577 -0.543561 2.053570
0.273632 -0.585456 2.014080
0.471230 -0.252646 2.297270
0.483804 -0.447277 2.226680
0.313401 -0.535989 2.044730
0.296122 -0.580686 2.009430
0.257466 -0.531926 2.469600
0.123431 -0.590747 2.144110
0.138380 -0.840639 2.178570
0.111134 -0.867880 2.117380
0.407611 -0.542771 2.442470
0.442536 -0.594351 2.111080
0.471981 -0.836238 2.109190
0.445193 -0.896137 2.137370
0.333986 -0.475848 2.431100
0.334224 -0.423147 2.409350
0.336538 -0.160171 2.313040
0.340827 0.033829 2.301990
0.186943 -0.232584 2.319470
0.144319 -0.438896 2.277020
0.173269 -0.551919 2.076770
0.230295 -0.566640 2.037720
0.471298 -0.252731 2.295860
0.483815 -0.447324 2.226700
0.363027 -0.559504 2.067320
0.292085 -0.575365 2.009350
0.258142 -0.532184 2.466110
0.123516 -0.590806 2.144140
0.135257 -0.841563 2.171300
0.111402 -0.878293 2.119250
0.409426 -0.542318 2.438000
0.442769 -0.594766 2.107430
0.472177 -0.836151 2.109260
0.445333 -0.895977 2.137670
0.335226 -0.475528 2.425820
0.335179 -0.423128 2.404220
0.335873 -0.161411 2.307670
0.339759 0.032149 2.298130
0.184764 -0.235411 2.313870
0.144217 -0.439350 2.277030
0.130049 -0.554724 2.087370
0.204609 -0.550530 2.054070
0.471387 -0.252883 2.293620
0.483862 -0.447469 2.226800
0.387665 -0.569892 2.079660
0.288236 -0.568615 2.009100
0.259071 -0.532943 2.459030
0.124344 -0.587367 2.143140
0.134388 -0.841784 2.169210
0.110802 -0.881915 2.118710
0.411571 -0.541872 2.433440
0.442973 -0.595249 2.103540
0.472398 -0.836085 2.109370
0.445432 -0.895813 2.137980
0.336181 -0.475582 2.420820
0.335841 -0.423555 2.398890
0.333785 -0.164502 2.299070
0.336855 0.027483 2.289400
0.181380 -0.239284 2.306100
0.143952 -0.440141 2.276690
0.109435 -0.556154 2.092220
0.194907 -0.543956 2.060330
0.471705 -0.253409 2.290390
0.484025 -0.447873 2.226940
0.397514 -0.574065 2.084310
0.310893 -0.558448 2.030140
0.259605 -0.534050 2.452780
0.124750 -0.585200 2.142040
0.133195 -0.842251 2.166210
0.110117 -0.886432 2.119150
0.413366 -0.541767 2.429790
0.442953 -0.595409 2.100140
0.472540 -0.836036 2.109430
0.445565 -0.895652 2.138300
0.336752 -0.475851 2.410660
0.335933 -0.424485 2.388350
0.330945 -0.168731 2.287560
0.333761 0.023401 2.280350
0.177818 -0.242970 2.297450
0.143424 -0.441251 2.276050
0.097156 -0.557075 2.095160
0.189149 -0.539671 2.064430
0.471628 -0.254703 2.283480
0.484335 -0.448761 2.227040
0.323444 -0.524739 2.057460
0.302843 -0.549694 2.025030
0.259046 -0.535258 2.442600
0.124357 -0.583769 2.138430
0.132238 -0.842781 2.163430
0.109129 -0.891279 2.120530
0.415944 -0.542055 2.422060
0.442777 -0.596038 2.092360
0.472731 -0.835974 2.109540
0.445621 -0.895521 2.138530
0.335221 -0.476836 2.395010
0.333984 -0.426373 2.372570
0.326905 -0.174732 2.272530
0.324672 0.013032 2.255850
0.173034 -0.248221 2.285500
0.141957 -0.443248 2.273660
0.093965 -0.556231 2.094250
0.185777 -0.536504 2.066380
0.470819 -0.257681 2.272690
0.485072 -0.450841 2.226920
0.298736 -0.510470 2.048660
0.299290 -0.543583 2.017610
0.255615 -0.536512 2.427500
0.122591 -0.584508 2.127680
0.131720 -0.843478 2.161150
0.108034 -0.895463 2.121990
0.417449 -0.543947 2.408360
0.443050 -0.597494 2.078310
0.472860 -0.835935 2.109610
0.445624 -0.895307 2.138850
0.332953 -0.477956 2.380810
0.331101 -0.428427 2.357450
0.319946 -0.182767 2.252330
0.318802 0.006100 2.238230
0.167584 -0.254557 2.268960
0.139410 -0.446667 2.268630
0.109523 -0.556734 2.085960
0.191460 -0.536215 2.061930
0.468084 -0.263314 2.255260
0.486363 -0.454506 2.226550
0.280979 -0.500423 2.042190
0.299162 -0.534158 2.006840
0.252322 -0.537373 2.414970
0.121417 -0.589038 2.115480
0.131401 -0.844084 2.159330
0.107236 -0.899032 2.123530
0.417800 -0.545728 2.395860
0.442987 -0.600100 2.065790
0.472983 -0.835967 2.109640
0.444142 -0.894185 2.139620
0.323514 -0.481785 2.348620
0.322767 -0.433154 2.328280
0.315091 -0.189794 2.234780
0.312207 -0.001215 2.218060
0.163094 -0.261127 2.252370
0.136892 -0.451153 2.262650
0.126522 -0.560363 2.078170
0.201013 -0.538198 2.055880
0.465259 -0.269222 2.238070
0.487573 -0.458713 2.226040
0.272360 -0.495201 2.039100
0.299276 -0.528652 2.000450
0.238625 -0.540777 2.377020
0.110798 -0.603828 2.078280
0.131253 -0.844626 2.157820
0.106462 -0.902058 2.125270
0.411150 -0.550685 2.367320
0.445842 -0.608022 2.040200
0.473201 -0.836322 2.109570
0.436515 -0.887739 2.141190
0.299391 -0.490563 2.295980
0.300829 -0.443493 2.279270
0.309644 -0.199547 2.217430
0.306584 -0.008972 2.197740
0.159097 -0.268867 2.233190
0.134755 -0.456471 2.256090
0.135380 -0.563614 2.071890
0.207280 -0.540861 2.050040
0.461859 -0.274942 2.219110
0.488139 -0.462806 2.224380
0.266755 -0.492268 2.036590
0.300056 -0.524994 1.995200
0.210776 -0.550017 2.319220
0.095641 -0.634058 2.019440
0.131278 -0.844999 2.156420
0.105746 -0.904484 2.127290
0.384616 -0.561610 2.310520
0.462973 -0.618675 2.004370
0.473489 -0.837098 2.109280
0.427639 -0.876662 2.143560
0.313973 -0.501196 2.250500
0.310175 -0.453920 2.238230
0.305912 -0.206863 2.204020
0.299751 -0.019994 2.171450
0.156759 -0.275324 2.216300
0.132330 -0.461904 2.247920
0.140182 -0.566815 2.065540
0.210885 -0.543688 2.044630
0.455139 -0.281796 2.192580
0.487704 -0.467851 2.218620
0.265635 -0.492155 2.034990
0.299977 -0.522193 1.991030
0.230654 -0.564416 2.271890
0.067726 -0.649328 2.001490
0.131435 -0.845112 2.155070
0.105754 -0.906606 2.129730
0.403222 -0.568068 2.256440
0.457597 -0.640356 1.944740
0.473779 -0.838349 2.108560
0.420588 -0.862691 2.144990
0.317127 -0.505370 2.231760
0.311758 -0.457920 2.221410
0.302030 -0.213681 2.186840
0.294293 -0.028567 2.150340
0.155106 -0.280558 2.201600
0.130613 -0.465893 2.241440
0.143207 -0.569109 2.060110
0.213350 -0.546435 2.038560
0.450395 -0.284854 2.174200
0.487399 -0.470613 2.212640
0.268482 -0.494423 2.032990
0.299483 -0.519715 1.986240
0.235624 -0.570220 2.251210
0.056049 -0.657689 1.990870
0.078853 -0.868808 2.078800
0.065272 -0.921322 2.026800
0.408325 -0.570849 2.233990
0.452900 -0.645766 1.914150
0.473599 -0.839480 2.106840
0.444216 -0.873665 2.069120
0.317793 -0.507780 2.219780
0.312023 -0.460393 2.209990
0.299516 -0.217898 2.173160
0.290664 -0.032975 2.136700
0.153727 -0.284000 2.188110
0.129056 -0.468244 2.235620
0.145181 -0.571038 2.055620
0.215007 -0.548919 2.033230
0.446036 -0.286703 2.156210
0.487310 -0.474037 2.204790
0.272477 -0.497109 2.030910
0.299294 -0.516940 1.981590
0.236940 -0.573306 2.238620
0.048263 -0.663970 1.983980
0.045229 -0.887185 2.030190
0.035008 -0.935383 1.954410
0.409501 -0.572594 2.220480
0.450504 -0.650846 1.898200
0.472414 -0.841860 2.103170
0.454553 -0.883486 2.025730
0.318959 -0.509211 2.211770
0.312764 -0.461849 2.202140
0.297160 -0.220319 2.160770
0.286485 -0.035954 2.124690
0.152172 -0.286056 2.174420
0.127507 -0.469535 2.228030
0.146526 -0.573438 2.050370
0.216108 -0.552093 2.026240
0.442361 -0.287859 2.140420
0.487678 -0.476577 2.196460
0.275510 -0.499837 2.026860
0.303705 -0.512250 1.975790
0.239727 -0.575120 2.231310
0.042409 -0.668045 1.982860
0.032256 -0.894073 2.012710
0.024664 -0.940328 1.931320
0.411077 -0.573224 2.211490
0.447816 -0.656186 1.888870
0.470788 -0.846554 2.096490
0.459607 -0.891566 2.001900
0.320859 -0.509343 2.206400
0.314252 -0.461995 2.196240
0.294225 -0.220160 2.147250
0.282761 -0.037349 2.114580
0.150504 -0.286652 2.162000
0.126739 -0.470040 2.219910
0.147078 -0.575970 2.044570
0.216629 -0.554116 2.021320
0.439375 -0.287844 2.127860
0.489207 -0.474209 2.182270
0.278097 -0.502272 2.022740
0.306036 -0.507719 1.970190
0.243666 -0.575217 2.228410
0.038296 -0.670019 1.986360
0.024153 -0.898287 2.001750
0.017944 -0.943571 1.916720
0.413627 -0.571958 2.205530
0.441999 -0.664537 1.885090
0.469592 -0.849913 2.091130
0.462427 -0.895595 1.988870
0.320498 -0.510717 2.199540
0.314028 -0.462842 2.188690
0.291378 -0.219025 2.134940
0.278281 -0.036873 2.101310
0.148923 -0.286387 2.152690
0.126500 -0.469907 2.212780
0.147077 -0.578045 2.039330
0.216759 -0.555817 2.016730
0.436088 -0.286859 2.115840
0.488499 -0.473726 2.169360
0.280142 -0.504151 2.019310
0.307695 -0.504025 1.966030
0.244596 -0.576461 2.223120
0.031356 -0.672120 1.986480
0.015442 -0.902006 1.994710
0.009270 -0.946341 1.908640
0.410681 -0.573466 2.196110
0.444695 -0.667607 1.878080
0.468544 -0.852116 2.086070
0.464189 -0.897647 1.979960
0.299825 -0.499824 2.208420
0.305288 -0.457645 2.187590
0.288998 -0.216797 2.123830
0.274310 -0.034929 2.088930
0.146871 -0.283818 2.144080
0.126624 -0.467692 2.204060
0.132917 -0.660644 2.049840
0.144194 -0.720329 2.059400
0.433411 -0.284325 2.104690
0.486310 -0.470962 2.159330
0.281583 -0.506752 2.014300
0.303338 -0.497094 1.958750
0.218793 -0.559453 2.240940
0.058164 -0.683529 1.982270
0.032873 -0.911316 1.990550
0.027177 -0.956965 1.908600
0.381351 -0.562501 2.215240
0.460379 -0.660204 1.907790
0.467548 -0.853580 2.081710
0.464883 -0.899765 1.974440
0.290630 -0.494060 2.213930
0.298926 -0.452762 2.188890
0.287760 -0.212509 2.113440
0.270503 -0.029181 2.075470
0.144332 -0.278040 2.135380
0.126815 -0.464317 2.196310
0.124870 -0.702450 2.054490
0.126528 -0.761072 2.067470
0.430549 -0.278531 2.093470
0.482981 -0.466390 2.149910
0.282849 -0.509161 2.009980
0.297092 -0.488094 1.954820
0.207838 -0.549976 2.252950
0.071302 -0.685870 1.981730
0.115301 -0.863406 2.104920
0.084404 -0.900605 2.139960
0.367200 -0.556109 2.226760
0.461851 -0.650541 1.920020
0.465472 -0.853493 2.077060
0.463404 -0.900699 1.971960
0.284871 -0.481150 2.228190
0.291945 -0.438368 2.199550
0.286495 -0.202795 2.101790
0.266284 -0.019442 2.062000
0.141684 -0.269310 2.127300
0.127152 -0.459424 2.188370
0.121915 -0.717665 2.055420
0.114940 -0.784222 2.071750
0.427337 -0.269205 2.083210
0.475551 -0.458729 2.139060
0.283438 -0.512260 2.005660
0.293198 -0.482856 1.953740
0.205313 -0.531085 2.278190
0.094558 -0.678412 1.995830
0.137377 -0.853576 2.130500
0.131142 -0.829916 2.107160
0.358403 -0.538001 2.249050
0.463415 -0.673660 1.965280
0.458717 -0.867449 2.099110
0.450561 -0.926249 2.028380
0.283735 -0.461275 2.247260
0.287700 -0.417289 2.214690
0.284516 -0.186226 2.089810
0.261669 0.000910 2.047810
0.138482 -0.249147 2.117690
0.126972 -0.451338 2.180690
0.119150 -0.719798 2.053910
0.121224 -0.770868 2.060120
0.423841 -0.251715 2.072480
0.469185 -0.451064 2.131350
0.284479 -0.515544 2.001950
0.265282 -0.516511 1.952370
0.209576 -0.511307 2.299730
0.113574 -0.667569 2.014910
0.153051 -0.843761 2.152140
0.141650 -0.847335 2.122290
0.354830 -0.514723 2.272520
0.434605 -0.646960 1.980840
0.456508 -0.855736 2.091910
0.414059 -0.872268 2.100930
0.300478 -0.426721 2.285250
0.299295 -0.381028 2.246330
0.285784 -0.161296 2.078390
0.259221 0.020126 2.038750
0.137064 -0.226328 2.109450
0.126500 -0.438222 2.171220
0.116768 -0.705571 2.049150
0.118696 -0.762382 2.053130
0.421434 -0.224521 2.062480
0.462736 -0.439026 2.124530
0.289168 -0.524719 2.006300
0.260314 -0.523536 1.955110
0.236227 -0.472226 2.340490
0.137814 -0.639178 2.063760
0.159044 -0.839702 2.160830
0.151394 -0.858034 2.128000
0.368770 -0.481313 2.314300
0.401995 -0.621456 2.016350
0.455860 -0.844783 2.086250
0.394019 -0.859183 2.118840
0.309132 -0.399429 2.313290
0.304605 -0.355927 2.267590
0.285741 -0.140977 2.071210
0.257584 0.036532 2.032240
0.136153 -0.200311 2.101890
0.125817 -0.419797 2.161410
0.117599 -0.679900 2.045850
0.117062 -0.742650 2.041870
0.419801 -0.197790 2.056050
0.457354 -0.426424 2.119390
0.338554 -0.557318 2.018190
0.274810 -0.547161 1.982950
0.250708 -0.441827 2.371850
0.152720 -0.611829 2.098460
0.157865 -0.837956 2.160850
0.151594 -0.876966 2.119590
0.375919 -0.450126 2.347230
0.383899 -0.603856 2.047930
0.455048 -0.831951 2.079540
0.407780 -0.792573 2.057440
0.312475 -0.381868 2.326530
0.306954 -0.339397 2.279700
0.286359 -0.129165 2.071620
0.258842 0.074373 2.025650
0.135842 -0.163853 2.094480
0.124292 -0.398859 2.151820
0.119582 -0.656693 2.045830
0.118771 -0.710550 2.029750
0.419706 -0.160589 2.050140
0.452386 -0.410438 2.113730
0.371898 -0.573224 2.027950
0.287263 -0.568912 2.001320
0.256293 -0.426285 2.384940
0.162724 -0.597019 2.111920
0.152814 -0.850866 2.158910
0.139125 -0.919140 2.100600
0.378054 -0.432479 2.361220
0.375338 -0.596083 2.063590
0.459736 -0.838314 2.081480
0.436711 -0.864963 2.057120
0.309034 -0.361620 2.326350
0.304260 -0.320434 2.282150
0.285292 -0.104496 2.079640
0.261370 0.106804 2.022410
0.136216 -0.135804 2.089720
0.122775 -0.352374 2.140830
0.128858 -0.568279 2.061010
0.121923 -0.617238 2.031770
0.419079 -0.135232 2.047350
0.442575 -0.365202 2.100830
0.390861 -0.576428 2.032760
0.298431 -0.575369 2.012230
0.249374 -0.402880 2.364700
0.166172 -0.593257 2.107900
0.142002 -0.863926 2.155870
0.129675 -0.939698 2.093860
0.372887 -0.410730 2.364390
0.369757 -0.590722 2.073280
0.465506 -0.843857 2.083780
0.462150 -0.901601 2.042800
0.306514 -0.331077 2.318330
0.302714 -0.292752 2.279320
0.286326 -0.084056 2.089090
0.264460 0.129575 2.023000
0.136713 -0.109715 2.085690
0.123186 -0.331780 2.135790
0.131643 -0.543810 2.053780
0.122027 -0.594542 2.023830
0.418009 -0.106053 2.046330
0.437787 -0.341036 2.093530
0.404905 -0.559137 2.049060
0.364058 -0.571124 2.030200
0.248860 -0.378988 2.358120
0.171664 -0.586199 2.114050
0.127634 -0.874715 2.144680
0.118904 -0.952569 2.082920
0.368653 -0.379427 2.352650
0.366059 -0.586681 2.080390
0.471280 -0.850086 2.084340
0.476275 -0.922118 2.033410
0.305509 -0.313423 2.308100
0.302258 -0.274054 2.272350
0.288932 -0.049122 2.098760
0.266264 0.160816 2.024120
0.136759 -0.079559 2.082610
0.128953 -0.303399 2.124140
0.133855 -0.531216 2.049630
0.122520 -0.580684 2.019110
0.416476 -0.078386 2.046730
0.434248 -0.306946 2.082980
0.405604 -0.522355 2.063420
0.402254 -0.565457 2.038330
0.247982 -0.364404 2.345770
0.174770 -0.583835 2.114040
0.115170 -0.881403 2.141460
0.108675 -0.959128 2.078720
0.367859 -0.360947 2.338430
0.364121 -0.583886 2.084390
0.476110 -0.854514 2.085210
0.483785 -0.931558 2.028520
0.305314 -0.298068 2.293630
0.302329 -0.256676 2.261290
0.289618 -0.028767 2.103400
0.267694 0.182811 2.027940
0.136192 -0.054668 2.080780
0.134836 -0.285210 2.114770
0.168063 -0.485217 2.095410
0.156184 -0.533454 2.063310
0.415696 -0.054686 2.047490
0.430658 -0.270506 2.073550
0.392907 -0.480097 2.074060
0.414523 -0.562198 2.042990
0.247345 -0.352784 2.330560
0.176556 -0.583898 2.112230
0.105956 -0.886372 2.139310
0.100582 -0.962943 2.075840
0.369043 -0.346779 2.320380
0.364514 -0.582413 2.084660
0.479994 -0.858058 2.085930
0.488603 -0.937514 2.025390
0.304809 -0.275334 2.277430
0.301915 -0.229681 2.246910
0.288688 0.004497 2.106150
0.268150 0.215647 2.032310
0.136385 -0.024641 2.079210
0.144008 -0.244814 2.101910
0.183269 -0.432974 2.126730
0.169335 -0.489753 2.088770
0.414921 -0.019335 2.048850
0.427795 -0.250461 2.069680
0.380350 -0.450884 2.080550
0.416915 -0.552150 2.046350
0.246266 -0.333976 2.314350
0.178045 -0.583027 2.112320
0.100643 -0.889093 2.137830
0.095316 -0.964273 2.073640
0.370048 -0.326175 2.301720
0.366263 -0.579861 2.086130
0.482261 -0.862230 2.084320
0.491244 -0.942062 2.021210
0.303980 -0.255892 2.265750
0.300998 -0.208431 2.236970
0.286706 0.028436 2.107100
0.268524 0.242256 2.038220
0.136696 0.001160 2.078450
0.148863 -0.213153 2.099540
0.186136 -0.388331 2.162840
0.173879 -0.450768 2.119400
0.414689 0.002499 2.050250
0.425149 -0.226656 2.068750
0.368195 -0.413167 2.084800
0.405982 -0.519883 2.048920
0.245223 -0.314724 2.301310
0.178935 -0.582249 2.112480
0.097007 -0.890567 2.136130
0.091309 -0.962952 2.070860
0.370202 -0.309548 2.288830
0.369590 -0.576477 2.087900
0.483056 -0.866264 2.081070
0.490898 -0.944694 2.015620
0.300613 -0.227713 2.247760
0.297763 -0.178136 2.220670
0.283544 0.068178 2.100500
0.267960 0.282606 2.039170
0.136129 0.031240 2.078290
0.150644 -0.195538 2.099960
0.190413 -0.376320 2.156630
0.178776 -0.432961 2.126490
0.414150 0.027638 2.051720
0.423129 -0.198311 2.072770
0.365698 -0.384956 2.085380
0.397936 -0.485758 2.049080
0.241314 -0.289913 2.285400
0.179431 -0.581513 2.112610
0.103933 -0.842783 2.117560
0.128882 -0.848158 2.047970
0.367478 -0.282157 2.265070
0.374583 -0.570953 2.090480
0.481749 -0.868753 2.076180
0.486851 -0.944785 2.007940
0.299684 -0.201812 2.234940
0.296531 -0.149808 2.208460
0.279524 0.109270 2.091920
0.266160 0.320312 2.037680
0.134754 0.060408 2.078100
0.150837 -0.179683 2.104130
0.193515 -0.358610 2.133680
0.182526 -0.416641 2.119750
0.415456 0.063369 2.053630
0.422252 -0.180922 2.075770
0.366026 -0.368469 2.085560
0.393945 -0.462893 2.048960
0.239109 -0.262903 2.271300
0.178590 -0.576249 2.113720
0.114539 -0.799244 2.110710
0.132533 -0.813534 2.043570
0.368224 -0.259809 2.251250
0.380873 -0.559790 2.094970
0.477128 -0.867536 2.068560
0.479028 -0.939674 1.998480
0.299816 -0.179227 2.226460
0.296565 -0.126719 2.200830
0.279044 0.134738 2.088180
0.266664 0.348958 2.038110
0.133774 0.080462 2.077670
0.149824 -0.166524 2.108190
0.197369 -0.343850 2.118870
0.185928 -0.402811 2.108750
0.416714 0.082094 2.055150
0.422101 -0.166090 2.080610
0.366400 -0.357325 2.086450
0.391626 -0.444464 2.049790
0.237849 -0.237591 2.261620
0.177141 -0.569350 2.115750
0.119821 -0.778632 2.110060
0.136174 -0.790871 2.042170
0.369459 -0.242357 2.242490
0.386637 -0.546506 2.099830
0.470517 -0.862772 2.060780
0.470021 -0.931275 1.990470
0.297473 -0.156737 2.220810
0.294720 -0.105545 2.196010
0.278653 0.151812 2.086490
0.267789 0.371327 2.042300
0.132979 0.108897 2.076310
0.143540 -0.136596 2.112810
0.197309 -0.322099 2.103610
0.204590 -0.372159 2.091790
0.418467 0.102583 2.057400
0.423186 -0.139901 2.086060
0.370196 -0.341315 2.087320
0.391122 -0.418306 2.051210
0.234515 -0.215862 2.254360
0.175289 -0.558525 2.120240
0.123444 -0.765562 2.110300
0.137835 -0.777961 2.042410
0.366980 -0.218188 2.237010
0.390327 -0.532257 2.105980
0.444082 -0.791487 2.052970
0.412233 -0.833468 2.004950
0.295890 -0.138594 2.217550
0.293458 -0.088317 2.193420
0.278709 0.165399 2.086390
0.268475 0.386861 2.044950
0.132821 0.130210 2.075520
0.140159 -0.120214 2.113180
0.213551 -0.295962 2.082340
0.223618 -0.352599 2.081550
0.421048 0.123983 2.060570
0.426477 -0.112930 2.090060
0.366266 -0.321711 2.085690
0.383569 -0.397382 2.050730
0.232408 -0.198978 2.249550
0.173794 -0.549505 2.124430
0.125899 -0.757729 2.111070
0.137096 -0.772700 2.045660
0.365362 -0.200456 2.234260
0.392524 -0.521164 2.112150
0.429569 -0.750247 2.052160
0.387759 -0.793542 2.012580
0.293443 -0.106702 2.212030
0.291230 -0.054323 2.188720
0.279260 0.206573 2.087190
0.268445 0.418556 2.049520
0.132245 0.159692 2.075500
0.135145 -0.097334 2.107450
0.219616 -0.281586 2.071790
0.255407 -0.334863 2.060980
0.422829 0.152904 2.065330
0.428751 -0.094556 2.091590
0.377258 -0.292219 2.082530
0.358443 -0.357182 2.063770
0.228802 -0.167213 2.240200
0.172282 -0.534464 2.131660
0.128168 -0.753241 2.113250
0.134707 -0.774273 2.051160
0.363173 -0.168888 2.229570
0.392955 -0.507734 2.120990
0.421973 -0.734488 2.061090
0.379493 -0.770261 2.018430
0.292105 -0.091222 2.208600
0.290096 -0.038836 2.186060
0.279406 0.223242 2.087790
0.270104 0.443803 2.057420
0.132390 0.181252 2.075720
0.132611 -0.083170 2.102030
0.223742 -0.272900 2.061850
0.267709 -0.328189 2.051310
0.424188 0.174315 2.069540
0.431169 -0.077585 2.092520
0.377677 -0.265774 2.073740
0.333321 -0.322015 2.065240
0.226920 -0.152139 2.234680
0.171693 -0.524429 2.136420
0.130522 -0.753412 2.117820
0.132765 -0.779673 2.057070
0.361901 -0.153337 2.226320
0.393723 -0.497920 2.127860
0.418516 -0.730087 2.072160
0.389090 -0.773755 2.028930
0.291367 -0.077512 2.204600
0.289487 -0.025232 2.183180
0.279782 0.239084 2.090120
0.272455 0.464267 2.063540
0.132784 0.199260 2.076150
0.126872 -0.049683 2.085070
0.212952 -0.236521 2.036530
0.256385 -0.302015 2.029480
0.426723 0.200113 2.076760
0.435239 -0.056514 2.092480
0.384015 -0.242591 2.066960
0.328926 -0.301464 2.064010
0.225699 -0.139846 2.228530
0.171243 -0.513484 2.140040
0.132420 -0.756092 2.122430
0.131642 -0.786403 2.062050
0.361399 -0.139210 2.222070
0.394210 -0.487588 2.134020
0.418022 -0.736137 2.088490
0.395895 -0.774103 2.040550
0.290862 -0.065885 2.200780
0.289184 -0.013305 2.180490
0.281172 0.255043 2.093940
0.276408 0.484540 2.072190
0.133476 0.219843 2.077720
0.124350 -0.030058 2.074740
0.205001 -0.216409 2.019310
0.245254 -0.287015 2.012310
0.428329 0.215811 2.081460
0.439015 -0.041096 2.092170
0.389943 -0.226878 2.061460
0.351960 -0.268630 2.050060
0.224511 -0.128817 2.221900
0.171717 -0.502846 2.142920
0.133849 -0.759356 2.126040
0.131240 -0.794175 2.066340
0.361073 -0.128116 2.218190
0.394593 -0.481469 2.137940
0.419552 -0.743450 2.096860
0.411578 -0.794311 2.050510
0.290784 -0.056439 2.197030
0.289274 -0.003882 2.177990
0.282540 0.266129 2.097160
0.279280 0.497343 2.078200
0.134353 0.233420 2.079040
0.122732 -0.016436 2.067110
0.197562 -0.200448 2.003180
0.231900 -0.273381 1.993690
0.430358 0.230288 2.086450
0.442076 -0.030371 2.091980
0.395036 -0.216247 2.057180
0.367623 -0.254056 2.041380
0.223894 -0.119566 2.215000
0.171551 -0.496907 2.144980
0.135222 -0.763373 2.128960
0.131145 -0.800948 2.069400
0.361075 -0.119184 2.214230
0.394634 -0.477372 2.141090
0.421594 -0.754057 2.102620
0.420913 -0.808805 2.055000
0.291667 -0.046168 2.191480
0.290280 0.006315 2.174370
0.285062 0.278842 2.102060
0.282817 0.510113 2.084270
0.135602 0.246739 2.081270
0.120971 -0.002237 2.058830
0.189630 -0.186209 1.984790
0.214186 -0.256999 1.960400
0.434727 0.248454 2.094270
0.447277 -0.016699 2.091810
0.408555 -0.201997 2.048390
0.383437 -0.250831 2.031460
0.224017 -0.110471 2.206040
0.171494 -0.492985 2.146740
0.136363 -0.767479 2.131040
0.131820 -0.809141 2.072460
0.362373 -0.109217 2.207460
0.394420 -0.474801 2.143600
0.423105 -0.764467 2.106270
0.429605 -0.827581 2.062760
0.293164 -0.036902 2.184940
0.291851 0.015345 2.170200
0.288044 0.289144 2.106780
0.287701 0.521516 2.092210
0.138089 0.261936 2.084700
0.119050 0.014728 2.051210
0.176517 -0.165008 1.961180
0.201597 -0.239595 1.941370
0.438171 0.260578 2.100040
0.451803 -0.006720 2.092240
0.421524 -0.191493 2.040040
0.411692 -0.238503 2.018070
0.224885 -0.102209 2.195490
0.171476 -0.490343 2.147950
0.138850 -0.774477 2.133690
0.133102 -0.819953 2.076630
0.364329 -0.099568 2.198160
0.394125 -0.474903 2.146760
0.424284 -0.775599 2.109760
0.429171 -0.844432 2.071990
0.294759 -0.029643 2.178310
0.293509 0.022476 2.165970
0.290935 0.297114 2.110980
0.292103 0.530002 2.098880
0.140457 0.273198 2.087950
0.116690 0.028978 2.045430
0.168486 -0.152126 1.947440
0.188099 -0.219959 1.914050
0.441062 0.269098 2.104640
0.457705 0.002688 2.093850
0.434842 -0.182462 2.034320
0.426765 -0.238001 2.008120
0.226033 -0.095544 2.184350
0.171483 -0.488538 2.148850
0.141267 -0.781460 2.135920
0.135090 -0.832573 2.082120
0.366168 -0.092371 2.188860
0.393858 -0.479568 2.150500
0.422850 -0.792767 2.118570
0.428232 -0.854066 2.076410
0.297166 -0.023448 2.170900
0.295848 0.028625 2.161180
0.294006 0.303316 2.114870
0.297502 0.537099 2.106880
0.143226 0.282986 2.091980
0.114945 0.039776 2.042430
0.160500 -0.139903 1.934570
0.178789 -0.205965 1.896500
0.445287 0.277144 2.110450
0.465861 0.013161 2.098010
0.446936 -0.173595 2.032280
0.439858 -0.235357 2.001670
0.227917 -0.090568 2.173770
0.171557 -0.487647 2.149490
0.143683 -0.788072 2.137870
0.141427 -0.849845 2.092650
0.369106 -0.086261 2.177780
0.393656 -0.485587 2.152720
0.420154 -0.804353 2.126770
0.426503 -0.862469 2.082270
0.300074 -0.018588 2.163350
0.298734 0.033659 2.156070
0.297765 0.308375 2.118730
0.302381 0.542326 2.113240
0.146437 0.290993 2.096680
0.113424 0.048895 2.041190
0.152758 -0.130385 1.923750
0.169924 -0.193866 1.880430
0.449580 0.283161 2.116010
0.479826 0.027525 2.106730
0.464985 -0.160249 2.033300
0.454842 -0.229063 1.998280
0.230398 -0.086830 2.163310
0.171861 -0.488017 2.149720
0.145488 -0.793561 2.139210
0.147040 -0.863243 2.102560
0.372317 -0.081860 2.167110
0.393723 -0.492882 2.153300
0.409884 -0.814613 2.145110
0.425762 -0.867863 2.096100
0.303260 -0.015003 2.155920
0.301862 0.037478 2.150940
0.301243 0.311827 2.122010
0.306810 0.545820 2.118720
0.149994 0.297163 2.101620
0.112518 0.056186 2.041560
0.141364 -0.116292 1.912910
0.158431 -0.179051 1.867380
0.454280 0.287661 2.121340
0.489289 0.035716 2.112930
0.479115 -0.152138 2.035600
0.468774 -0.224206 1.997870
0.233268 -0.084085 2.153450
0.172568 -0.489866 2.149100
0.147446 -0.797871 2.140310
0.153797 -0.860208 2.089280
0.375738 -0.079101 2.156710
0.394283 -0.501003 2.151780
0.404532 -0.819255 2.153990
0.426050 -0.870973 2.106840
0.306781 -0.012413 2.148830
0.305526 0.040382 2.145680
0.305891 0.314217 2.125430
0.313214 0.548257 2.125630
0.154897 0.302204 2.108220
0.111124 0.064634 2.043040
0.133429 -0.106614 1.906160
0.149813 -0.168693 1.859000
0.459883 0.291298 2.126800
0.497976 0.041723 2.118960
0.493597 -0.146308 2.041470
0.488443 -0.219852 2.003930
0.236224 -0.082088 2.145050
0.173838 -0.492828 2.147580
0.150716 -0.802026 2.141140
0.154372 -0.867839 2.097500
0.379308 -0.077536 2.146930
0.395468 -0.507504 2.148510
0.401324 -0.821821 2.158990
0.426156 -0.872643 2.113240
0.310617 -0.010596 2.142030
0.309485 0.042415 2.140740
0.311303 0.315264 2.128810
0.318912 0.549292 2.131260
0.160447 0.305675 2.114870
0.110535 0.070370 2.044730
0.126541 -0.098182 1.902220
0.140673 -0.159098 1.853560
0.464843 0.293476 2.131010
0.508048 0.045599 2.126030
0.510134 -0.143719 2.050560
0.512910 -0.218949 2.017510
0.240147 -0.080296 2.136100
0.175639 -0.495732 2.144660
0.153957 -0.805332 2.140970
0.153293 -0.872522 2.102630
0.382556 -0.076756 2.138700
0.396929 -0.512070 2.144810
0.398604 -0.822912 2.161830
0.426322 -0.873561 2.117500
0.314670 -0.009596 2.135880
0.313715 0.043525 2.136490
0.318832 0.314339 2.132690
0.325778 0.548507 2.136560
0.166219 0.307372 2.120620
0.110504 0.074148 2.046510
0.121698 -0.092735 1.900180
0.133110 -0.152770 1.850660
0.470558 0.294411 2.134720
0.518683 0.047026 2.133180
0.525910 -0.144626 2.061000
0.530151 -0.220174 2.028890
0.244257 -0.079164 2.128150
0.178305 -0.497815 2.139700
0.161478 -0.809021 2.136440
0.149181 -0.874719 2.106980
0.385708 -0.076661 2.131720
0.400392 -0.514470 2.137150
0.396184 -0.821865 2.160660
0.426416 -0.874479 2.120090
0.319043 -0.009113 2.130030
0.318234 0.043929 2.132770
0.326092 0.312174 2.135630
0.334157 0.546200 2.141750
0.173356 0.307358 2.125530
0.112231 0.076597 2.050520
0.114844 -0.085391 1.904500
0.122332 -0.144788 1.854740
0.479350 0.294584 2.139010
0.530118 0.046781 2.141510
0.539897 -0.147283 2.072300
0.546084 -0.224101 2.045010
0.248752 -0.078315 2.120690
0.181165 -0.499484 2.134920
0.167340 -0.811269 2.131330
0.151007 -0.873557 2.098800
0.388946 -0.077061 2.125440
0.404023 -0.514439 2.127960
0.396030 -0.818212 2.146000
0.415492 -0.877398 2.114480
0.324489 -0.009258 2.124140
0.324069 0.043524 2.129280
0.335031 0.308925 2.137810
0.341918 0.543529 2.145610
0.181889 0.306057 2.129540
0.114233 0.077971 2.054400
0.108631 -0.080804 1.913390
0.112262 -0.140270 1.863520
0.487653 0.294337 2.142260
0.541067 0.045646 2.150180
0.553168 -0.152100 2.085550
0.558269 -0.229091 2.060650
0.253924 -0.077889 2.113810
0.183857 -0.500462 2.130710
0.171867 -0.812556 2.126720
0.152104 -0.872229 2.091960
0.392988 -0.077949 2.119320
0.411548 -0.505275 2.111710
0.399419 -0.809341 2.125130
0.408330 -0.852705 2.064280
0.331077 -0.009871 2.118280
0.331170 0.042394 2.126210
0.345037 0.304761 2.138960
0.354209 0.539274 2.149200
0.192334 0.304504 2.132780
0.123777 0.073516 2.066170
0.104057 -0.082038 1.929130
0.103401 -0.142394 1.879650
0.497872 0.293235 2.145260
0.552819 0.043953 2.159830
0.563033 -0.156322 2.096360
0.566263 -0.233335 2.073160
0.260486 -0.077922 2.106710
0.186948 -0.501100 2.126780
0.175094 -0.813318 2.123260
0.153395 -0.870775 2.085990
0.397813 -0.079063 2.113650
0.417753 -0.497540 2.100460
0.403991 -0.803414 2.108780
0.408253 -0.834988 2.025180
0.338339 -0.010744 2.112850
0.338707 0.040882 2.123960
0.353341 0.301347 2.139580
0.364487 0.535920 2.151260
0.203110 0.303124 2.135410
0.132243 0.068734 2.075840
0.101592 -0.090511 1.951220
0.096947 -0.157113 1.910050
0.509166 0.291098 2.147520
0.561686 0.042898 2.167620
0.573425 -0.161079 2.109260
0.576205 -0.239270 2.091520
0.267411 -0.078222 2.100480
0.192155 -0.501058 2.122450
0.177711 -0.813838 2.120610
0.156923 -0.867628 2.077550
0.404455 -0.080483 2.107500
0.422434 -0.492570 2.093370
0.410040 -0.798707 2.097010
0.411389 -0.826570 2.007390
0.345643 -0.011662 2.108040
0.346237 0.039208 2.122450
0.360715 0.298363 2.139720
0.373533 0.533106 2.152220
0.213669 0.301366 2.137210
0.143827 0.060729 2.087920
0.103887 -0.107061 1.980870
0.098432 -0.178312 1.945610
0.519429 0.289472 2.148820
0.570499 0.042343 2.174590
0.580841 -0.166079 2.119510
0.584061 -0.245432 2.106360
0.274372 -0.078659 2.095250
0.198609 -0.501100 2.118230
0.179910 -0.814107 2.118530
0.160473 -0.864809 2.070920
0.411547 -0.081735 2.101620
0.427494 -0.487111 2.087610
0.418860 -0.792585 2.085910
0.417664 -0.819331 1.994920
0.353236 -0.011971 2.103700
0.354302 0.037941 2.121360
0.370890 0.294980 2.138860
0.383120 0.530474 2.152500
0.222818 0.299941 2.138610
0.158762 0.050810 2.103070
0.114947 -0.128801 2.018890
0.106557 -0.197904 1.986810
0.532117 0.289974 2.150680
0.578237 0.041985 2.180210
0.588394 -0.169238 2.129420
0.589866 -0.248453 2.116770
0.280949 -0.078843 2.091090
0.205654 -0.501368 2.114080
0.182131 -0.813987 2.116530
0.165901 -0.862248 2.065000
0.418798 -0.082171 2.096090
0.432791 -0.482097 2.083250
0.424861 -0.788538 2.079180
0.423033 -0.814711 1.987820
0.359585 -0.012266 2.100250
0.361233 0.036768 2.120780
0.379318 0.292456 2.137990
0.392151 0.528377 2.151960
0.232643 0.298562 2.139860
0.169944 0.043113 2.116490
0.126752 -0.144742 2.048470
0.118897 -0.215797 2.025230
0.539868 0.290321 2.151150
0.585531 0.041999 2.184760
0.595031 -0.171417 2.138220
0.594325 -0.250350 2.124760
0.286923 -0.079003 2.087990
0.214143 -0.501853 2.109690
0.185790 -0.812865 2.113570
0.168297 -0.860706 2.061830
0.424698 -0.082195 2.091300
0.437057 -0.478467 2.080410
0.429738 -0.785455 2.074410
0.428137 -0.811544 1.983700
0.364593 -0.012449 2.097690
0.367046 0.035823 2.120600
0.387489 0.290414 2.136730
0.399678 0.526870 2.151100
0.241383 0.297718 2.140500
0.182095 0.036848 2.131140
0.146274 -0.158587 2.081040
0.138270 -0.228997 2.064260
0.546736 0.290834 2.150190
0.592224 0.042454 2.188110
0.600886 -0.172357 2.145780
0.598751 -0.251216 2.132140
0.291644 -0.079060 2.085900
0.222336 -0.503154 2.105560
0.189902 -0.811309 2.110340
0.174356 -0.855893 2.055090
0.428998 -0.082079 2.087750
0.440654 -0.476018 2.078600
0.433242 -0.783295 2.071310
0.432347 -0.809593 1.981920
0.368488 -0.012410 2.095790
0.371776 0.035262 2.120690
0.394416 0.289283 2.135430
0.405571 0.526101 2.150110
0.248648 0.297561 2.141100
0.192303 0.033568 2.143000
0.161045 -0.169751 2.102220
0.154780 -0.234675 2.092210
0.552989 0.291564 2.148130
0.598560 0.043266 2.190380
0.605035 -0.172729 2.150970
0.605339 -0.250404 2.141020
0.295278 -0.078916 2.084520
0.230018 -0.504229 2.100590
0.193725 -0.809535 2.106840
0.183108 -0.849056 2.046160
0.432238 -0.081799 2.085000
0.443614 -0.474491 2.077580
0.435792 -0.781781 2.069290
0.435614 -0.808583 1.981810
0.371575 -0.012305 2.094380
0.375741 0.034906 2.120990
0.400675 0.288868 2.134110
0.411534 0.525933 2.148800
0.255577 0.297908 2.141490
0.211898 0.036964 2.166170
0.176429 -0.172923 2.122560
0.169723 -0.233049 2.115490
0.558611 0.291922 2.145100
0.604649 0.044278 2.191880
0.609087 -0.172582 2.155490
0.610045 -0.249152 2.147050
0.298203 -0.078660 2.083670
0.237272 -0.505380 2.095470
0.198858 -0.807124 2.101110
0.187841 -0.846226 2.040600
0.434676 -0.081510 2.082890
0.446138 -0.473682 2.077030
0.437802 -0.780683 2.067980
0.438118 -0.808198 1.982580
0.375201 -0.011903 2.093150
0.380275 0.034903 2.121520
0.406804 0.289209 2.132740
0.417902 0.526518 2.147840
0.261691 0.298704 2.141770
0.223103 0.040408 2.179430
0.190789 -0.168411 2.141430
0.178998 -0.230283 2.130610
0.563380 0.292473 2.142110
0.610321 0.045797 2.192520
0.612835 -0.171941 2.159050
0.613791 -0.247541 2.151560
0.301833 -0.077981 2.083190
0.244009 -0.506254 2.089990
0.205148 -0.803221 2.093600
0.216612 -0.844427 2.033960
0.437334 -0.080939 2.080990
0.448378 -0.473409 2.076890
0.439288 -0.779908 2.067170
0.439822 -0.808211 1.983780
0.378355 -0.011454 2.092210
0.384200 0.035039 2.122090
0.412110 0.289797 2.131320
0.423424 0.527270 2.146680
0.267543 0.299977 2.142000
0.231280 0.044333 2.188360
0.199247 -0.164453 2.152970
0.185744 -0.226973 2.141210
0.567325 0.292986 2.139410
0.614961 0.047233 2.192520
0.615509 -0.171720 2.161290
0.616541 -0.246331 2.154470
0.305172 -0.077127 2.083000
0.249312 -0.506817 2.084900
0.210162 -0.799699 2.086330
0.261458 -0.829957 2.038220
0.439511 -0.080406 2.079520
0.450501 -0.473701 2.077000
0.440458 -0.779378 2.066740
0.441009 -0.808469 1.985100
0.381387 -0.010975 2.091580
0.387976 0.035332 2.122840
0.416958 0.290877 2.129750
0.428622 0.528479 2.145050
0.272670 0.301321 2.142350
0.237454 0.048584 2.195210
0.211266 -0.150303 2.180590
0.194667 -0.217287 2.159300
0.570646 0.293301 2.136770
0.619121 0.048459 2.191740
0.618093 -0.171364 2.162650
0.619057 -0.245147 2.156240
0.308607 -0.076091 2.083280
0.253624 -0.507137 2.080110
0.215103 -0.795836 2.077940
0.280222 -0.825746 2.039210
0.441558 -0.079888 2.078430
0.452544 -0.474610 2.077350
0.441332 -0.779037 2.066620
0.441643 -0.808876 1.986450
0.385570 -0.010406 2.090890
0.392671 0.035803 2.123520
0.421991 0.292594 2.127980
0.433346 0.530235 2.143090
0.277443 0.302733 2.142580
0.241483 0.051888 2.199890
0.216195 -0.144394 2.191900
0.199905 -0.210696 2.170130
0.573443 0.293339 2.134390
0.622650 0.049617 2.190320
0.620895 -0.171870 2.161140
0.622031 -0.245833 2.153040
0.313179 -0.074825 2.083580
0.257015 -0.506634 2.075470
0.219020 -0.792675 2.069910
0.290314 -0.822878 2.038340
0.444843 -0.079175 2.077330
0.454350 -0.475751 2.077690
0.442012 -0.778865 2.066720
0.442003 -0.809362 1.987690
0.389598 -0.009991 2.090290
0.396831 0.036156 2.124110
0.425688 0.293960 2.126620
0.437047 0.531741 2.141290
0.281347 0.303760 2.142460
0.244211 0.054519 2.203060
0.219237 -0.140727 2.198770
0.203392 -0.205923 2.177290
0.575701 0.293348 2.132420
0.625622 0.050481 2.188200
0.635947 -0.157481 2.149060
0.630343 -0.235588 2.142550
0.317601 -0.073782 2.083820
0.259329 -0.506016 2.072000
0.222428 -0.789514 2.061630
0.296914 -0.820571 2.036100
0.448344 -0.078578 2.076390
0.455922 -0.476846 2.077980
0.442500 -0.778825 2.067000
0.442163 -0.809875 1.988810
0.393026 -0.009629 2.089760
0.400318 0.036485 2.124590
0.428894 0.295255 2.125450
0.439869 0.533113 2.139740
0.284140 0.304487 2.142300
0.245982 0.056562 2.205050
0.220983 -0.137926 2.202760
0.205774 -0.202554 2.181920
0.577477 0.293328 2.130930
0.628013 0.051028 2.185460
0.635488 -0.163381 2.131530
0.629387 -0.240842 2.128130
0.321103 -0.072947 2.083920
0.261863 -0.502779 2.065950
0.225379 -0.786183 2.053380
0.299827 -0.819205 2.032020
0.451479 -0.078089 2.075610
0.457312 -0.477827 2.078220
0.442834 -0.778873 2.067380
0.442190 -0.810356 1.989780
0.395738 -0.009443 2.089310
0.403035 0.036646 2.124950
0.431388 0.296158 2.124470
0.442169 0.534103 2.138400
0.286257 0.305004 2.142060
0.247107 0.058032 2.206080
0.220967 -0.135846 2.203020
0.207324 -0.200064 2.184720
0.579014 0.293121 2.129640
0.629951 0.051312 2.182170
0.633789 -0.168274 2.120060
0.625123 -0.248090 2.108010
0.323783 -0.072407 2.083890
0.263694 -0.499804 2.060930
0.227973 -0.783061 2.045750
0.299169 -0.818873 2.025640
0.453998 -0.077806 2.075040
0.458581 -0.478762 2.078440
0.443080 -0.779027 2.067870
0.442165 -0.810848 1.990640
0.398670 -0.009525 2.088690
0.405686 0.036587 2.125140
0.433311 0.296785 2.123650
0.444087 0.534813 2.137300
0.287890 0.305328 2.141720
0.247575 0.059071 2.205960
0.219118 -0.134964 2.197450
0.208072 -0.197897 2.184940
0.580193 0.292883 2.128650
0.631333 0.051318 2.178780
0.632159 -0.171101 2.111530
0.622443 -0.251160 2.092250
0.326997 -0.072217 2.083290
0.265074 -0.497632 2.057200
0.230183 -0.780994 2.040220
0.298161 -0.818666 2.019770
0.456949 -0.077793 2.074540
0.459797 -0.479897 2.078670
0.443249 -0.779421 2.068490
0.442102 -0.811502 1.991460
0.401202 -0.009758 2.088010
0.407871 0.036406 2.125180
0.434743 0.297228 2.122980
0.445618 0.535350 2.136300
0.289119 0.305536 2.141340
0.247135 0.059547 2.203830
0.211299 -0.134005 2.164030
0.206851 -0.194391 2.167440
0.581106 0.292558 2.127880
0.631983 0.050783 2.174730
0.628218 -0.173088 2.101170
0.618066 -0.252299 2.077430
0.329915 -0.072286 2.082270
0.266228 -0.496130 2.054400
0.232188 -0.779471 2.036060
0.297217 -0.818750 2.015020
0.459537 -0.077939 2.074140
0.460823 -0.481073 2.078760
0.443382 -0.780087 2.069230
0.442048 -0.812344 1.992260
0.403206 -0.010112 2.087270
0.409517 0.036139 2.125110
0.435779 0.297532 2.122440
0.446853 0.535747 2.135300
0.290096 0.305618 2.140760
0.245057 0.059010 2.197560
0.206609 -0.135197 2.145290
0.204316 -0.193954 2.149370
0.581793 0.292117 2.127290
0.631548 0.050013 2.170200
0.623925 -0.174780 2.091190
0.614958 -0.253253 2.066880
0.332248 -0.072527 2.081060
0.267149 -0.495107 2.052310
0.234291 -0.778354 2.032850
0.296503 -0.819073 2.010880
0.461578 -0.078200 2.073730
0.461651 -0.482180 2.078780
0.443481 -0.780741 2.069900
0.442050 -0.813095 1.992900
0.404722 -0.010457 2.086510
0.410726 0.035878 2.124970
0.436506 0.297738 2.121930
0.447829 0.536033 2.134420
0.290771 0.305634 2.140140
0.239596 0.057266 2.182360
0.201952 -0.137562 2.130260
0.198621 -0.201507 2.130670
0.582270 0.291704 2.126840
0.630568 0.049506 2.166240
0.618109 -0.176026 2.079250
0.610860 -0.253461 2.055260
0.334082 -0.072834 2.079580
0.267837 -0.494363 2.050720
0.235935 -0.777564 2.030570
0.295598 -0.819427 2.007240
0.463110 -0.078444 2.073370
0.462242 -0.483164 2.078710
0.443549 -0.781320 2.070450
0.442062 -0.813724 1.993380
0.405836 -0.010802 2.085660
0.411580 0.035606 2.124720
0.436973 0.297848 2.121420
0.448531 0.536222 2.133700
0.291142 0.305536 2.139240
0.233960 0.055167 2.168870
0.193555 -0.146838 2.105660
0.190883 -0.209552 2.106360
0.582590 0.291306 2.126530
0.628609 0.048968 2.161770
0.613037 -0.176877 2.069860
0.604127 -0.252429 2.042370
0.335393 -0.073185 2.077900
0.268312 -0.493778 2.049440
0.237124 -0.777033 2.029020
0.295042 -0.819547 2.004750
0.464248 -0.078682 2.072930
0.462657 -0.483963 2.078590
0.443601 -0.781789 2.070850
0.442114 -0.814220 1.993710
0.406488 -0.011288 2.084460
0.412043 0.035170 2.124180
0.437003 0.297800 2.120690
0.448966 0.536279 2.132770
0.291082 0.305327 2.138010
0.228127 0.053267 2.156610
0.188090 -0.152315 2.090670
0.181909 -0.221708 2.083400
0.582601 0.290714 2.126230
0.625694 0.048345 2.156920
0.609111 -0.177104 2.063610
0.599907 -0.251747 2.034850
0.336045 -0.073735 2.075600
0.268614 -0.493348 2.048440
0.238008 -0.776710 2.027990
0.294609 -0.819595 2.002930
0.465016 -0.078989 2.072350
0.462915 -0.484682 2.078390
0.443630 -0.782193 2.071150
0.442175 -0.814638 1.993940
0.406499 -0.011807 2.082730
0.411911 0.034611 2.123150
0.436493 0.297626 2.119650
0.449079 0.536286 2.131810
0.290303 0.304923 2.136310
0.222426 0.051589 2.145230
0.183626 -0.156374 2.077620
0.175007 -0.225732 2.063820
0.582293 0.290044 2.125990
0.622054 0.047891 2.152160
0.606035 -0.177064 2.059480
0.596276 -0.250950 2.029650
0.335782 -0.074319 2.072600
0.268686 -0.493012 2.047570
0.238721 -0.776538 2.027350
0.294277 -0.819598 2.001610
0.465316 -0.079339 2.071370
0.463042 -0.485304 2.078100
0.443648 -0.782471 2.071330
0.442246 -0.814940 1.994060
0.405149 -0.012310 2.079980
0.410375 0.033927 2.121150
0.434484 0.297302 2.117850
0.448579 0.536246 2.130580
0.288793 0.304391 2.134260
0.217256 0.050625 2.136390
0.178132 -0.158240 2.062250
0.169424 -0.224133 2.046740
0.581346 0.289229 2.125790
0.617366 0.047511 2.147660
0.602111 -0.176315 2.056060
0.593249 -0.250135 2.026230
0.334091 -0.074730 2.068700
0.268324 -0.492755 2.046620
0.239316 -0.776507 2.027050
0.294079 -0.819594 2.000730
0.464394 -0.079747 2.069380
0.462713 -0.486123 2.077440
0.443619 -0.782719 2.071430
0.442299 -0.815201 1.994090
0.402190 -0.012682 2.076380
0.407176 0.033214 2.118290
0.430524 0.296716 2.115440
0.446657 0.536024 2.128670
0.285708 0.303682 2.132000
0.211441 0.049861 2.127470
0.173263 -0.159405 2.047680
0.164622 -0.220907 2.027720
0.579393 0.288178 2.125510
0.612905 0.047037 2.143890
0.598623 -0.175460 2.053750
0.589927 -0.249058 2.023820
0.330818 -0.075018 2.064230
0.267084 -0.492475 2.045460
0.239776 -0.776580 2.027020
0.293922 -0.819583 2.000090
0.461847 -0.080146 2.066190
0.461754 -0.486979 2.076200
0.443488 -0.782885 2.071410
0.442275 -0.815362 1.993980
0.398047 -0.013005 2.072250
0.402547 0.032427 2.114820
0.425080 0.295797 2.112790
0.442006 0.535448 2.125780
0.280652 0.302170 2.128840
0.206441 0.049161 2.120200
0.169643 -0.159010 2.033260
0.161431 -0.216710 2.007900
0.576227 0.287064 2.125390
0.608054 0.045976 2.140930
0.595475 -0.174531 2.052370
0.586701 -0.247939 2.022510
0.326530 -0.075287 2.059420
0.265229 -0.492098 2.044360
0.240002 -0.776704 2.027160
0.293219 -0.819840 1.999620
0.458011 -0.080518 2.062180
0.459917 -0.487630 2.074370
0.443103 -0.782938 2.071170
0.442153 -0.815394 1.993650
0.393494 -0.013304 2.068270
0.397508 0.031675 2.111420
0.419121 0.294961 2.110450
0.434627 0.534880 2.122360
0.274245 0.300375 2.125750
0.200566 0.048621 2.113260
0.166251 -0.157842 2.016830
0.159851 -0.212559 1.988670
0.571673 0.285720 2.125130
0.602697 0.044288 2.138370
0.592112 -0.173671 2.051780
0.583305 -0.247052 2.022320
0.321899 -0.075651 2.055000
0.261372 -0.491247 2.043290
0.240046 -0.776787 2.027380
0.292475 -0.820054 1.999480
0.453779 -0.080865 2.058020
0.457308 -0.487999 2.072150
0.442325 -0.782778 2.070640
0.441767 -0.815203 1.993020
0.387857 -0.013410 2.063890
0.391561 0.031104 2.107690
0.412471 0.294465 2.108240
0.427352 0.534694 2.119330
0.266619 0.298769 2.123250
0.193906 0.047874 2.106340
0.162877 -0.154362 2.002110
0.159388 -0.209147 1.973490
0.562156 0.283606 2.124270
0.596364 0.043061 2.136500
0.587758 -0.172604 2.052070
0.578818 -0.246135 2.023520
0.316624 -0.075821 2.050560
0.256388 -0.489756 2.042290
0.239490 -0.776611 2.027810
0.281125 -0.824379 1.998590
0.448099 -0.080851 2.052930
0.453565 -0.488610 2.069400
0.440875 -0.782415 2.069810
0.440786 -0.814781 1.992050
0.382170 -0.013339 2.059940
0.385466 0.030790 2.104250
0.404910 0.294301 2.106120
0.419020 0.534841 2.116220
0.258294 0.297348 2.121140
0.187956 0.047283 2.100160
0.160336 -0.150833 1.990960
0.159653 -0.206091 1.960820
0.553798 0.282259 2.123510
0.588845 0.041800 2.135190
0.582956 -0.171655 2.053550
0.574491 -0.245406 2.025560
0.311237 -0.075861 2.046540
0.250366 -0.488191 2.041690
0.237787 -0.775783 2.028410
0.266599 -0.829254 2.000070
0.442794 -0.080700 2.048550
0.448119 -0.489417 2.065760
0.438158 -0.781972 2.068540
0.438688 -0.814249 1.990620
0.374962 -0.013467 2.055910
0.377929 0.030377 2.100670
0.395477 0.294416 2.103850
0.409608 0.535207 2.112960
0.249692 0.296274 2.119580
0.181598 0.047143 2.094370
0.158420 -0.147912 1.982700
0.160435 -0.202705 1.950270
0.542127 0.280684 2.121880
0.580835 0.040645 2.134250
0.577887 -0.171032 2.055890
0.569514 -0.245282 2.029580
0.304768 -0.075962 2.042530
0.244322 -0.486291 2.040950
0.234713 -0.773988 2.028720
0.254336 -0.831988 2.001490
0.436050 -0.080663 2.044230
0.441570 -0.490516 2.061720
0.433974 -0.781834 2.067100
0.434953 -0.813969 1.988930
0.367641 -0.013639 2.052480
0.370487 0.029968 2.097680
0.386752 0.294511 2.102200
0.399410 0.535524 2.109670
0.239489 0.295273 2.118440
0.174908 0.047018 2.089030
0.157110 -0.145767 1.976740
0.161094 -0.199969 1.943230
0.530928 0.279624 2.120120
0.572092 0.039743 2.133540
0.571835 -0.170787 2.059160
0.563313 -0.245616 2.034640
0.297750 -0.076075 2.038750
0.236856 -0.483755 2.039850
0.231216 -0.771809 2.028540
0.245448 -0.833278 2.002090
0.429186 -0.080689 2.040680
0.434860 -0.491596 2.057760
0.428819 -0.781932 2.065590
0.429968 -0.813913 1.987140
0.360398 -0.014040 2.049460
0.363091 0.029482 2.095020
0.376603 0.295166 2.100680
0.390282 0.536238 2.107050
0.228935 0.294131 2.117720
0.166664 0.047134 2.083560
0.156043 -0.144415 1.972120
0.161527 -0.197855 1.938410
0.519117 0.278080 2.117850
0.562911 0.038740 2.133020
0.565471 -0.170886 2.062630
0.558083 -0.246146 2.038890
0.290810 -0.076376 2.035310
0.228547 -0.481004 2.038450
0.227149 -0.768868 2.027670
0.222097 -0.809993 1.967120
0.422820 -0.080920 2.037800
0.427697 -0.492571 2.053910
0.423681 -0.781956 2.064120
0.424631 -0.813803 1.985400
0.352925 -0.014643 2.046880
0.355540 0.028823 2.092740
0.366566 0.295442 2.099460
0.381545 0.536587 2.104910
0.218376 0.292992 2.117360
0.156735 0.047357 2.078610
0.154889 -0.143440 1.968730
0.161709 -0.196469 1.935170
0.507077 0.276495 2.115150
0.553429 0.038045 2.132750
0.558205 -0.171405 2.066640
0.551752 -0.246974 2.043350
0.284178 -0.076913 2.032710
0.221178 -0.478554 2.036910
0.222957 -0.765686 2.026210
0.208764 -0.795015 1.945880
0.415593 -0.081207 2.034890
0.419453 -0.494167 2.050060
0.417022 -0.782302 2.062750
0.417356 -0.814045 1.983760
0.344052 -0.015087 2.043890
0.346635 0.028146 2.090130
0.356767 0.295136 2.098420
0.373412 0.536444 2.103510
0.206651 0.291461 2.116800
0.148308 0.047667 2.074810
0.151888 -0.142817 1.965680
0.161349 -0.195454 1.932980
0.497813 0.275700 2.113490
0.542954 0.037554 2.132630
0.540630 -0.165349 2.077080
0.540276 -0.242220 2.052130
0.275489 -0.077517 2.029350
0.213770 -0.476190 2.035280
0.219129 -0.762891 2.024630
0.202621 -0.788580 1.936810
0.406775 -0.081332 2.031350
0.411643 -0.495980 2.046640
0.412166 -0.782663 2.061770
0.385991 -0.835495 2.024980
