0.088386 -0.409194 2.374190
0.080858 -0.351478 2.422800
0.079197 -0.028728 2.410020
0.098488 0.175299 2.392210
-0.083172 -0.159786 2.390250
-0.134847 -0.397480 2.345350
-0.153500 -0.526030 2.157710
-0.160026 -0.569927 2.097690
0.237513 -0.178870 2.432920
0.296322 -0.389417 2.398640
0.136593 -0.532512 2.348590
0.120570 -0.596622 2.329660
0.010798 -0.478837 2.351480
-0.018307 -0.549663 1.999480
-0.035205 -0.847040 1.939330
-0.023355 -0.882178 1.856280
0.168355 -0.484986 2.377120
0.261473 -0.534560 2.048940
0.279245 -0.833280 1.984250
0.291036 -0.868401 1.901170
0.088018 -0.409089 2.374070
0.080483 -0.351482 2.422760
0.078421 -0.028949 2.410510
0.098238 0.175171 2.392230
-0.083517 -0.159888 2.390330
-0.134848 -0.397514 2.345380
-0.153809 -0.526145 2.157960
-0.160722 -0.570035 2.098290
0.237343 -0.178965 2.432910
0.296276 -0.389384 2.398640
0.136581 -0.532478 2.348660
0.120567 -0.596556 2.329750
0.010361 -0.478738 2.351430
-0.018262 -0.549690 1.999410
-0.035331 -0.846567 1.939130
-0.023507 -0.881649 1.856110
0.168074 -0.484863 2.376890
0.261386 -0.534567 2.049070
0.279210 -0.832776 1.984110
0.290986 -0.867840 1.901060
0.087550 -0.408957 2.373950
0.079980 -0.351463 2.422710
0.077501 -0.029133 2.410960
0.097842 0.175005 2.392210
-0.083870 -0.159989 2.390400
-0.134858 -0.397546 2.345430
-0.154054 -0.526236 2.158170
-0.161241 -0.570109 2.098780
0.237177 -0.179052 2.432910
0.296233 -0.389344 2.398640
0.136580 -0.532448 2.348730
0.120576 -0.596493 2.329850
0.009893 -0.478629 2.351380
-0.018231 -0.549700 1.999330
-0.035448 -0.846036 1.938920
-0.023652 -0.881062 1.855920
0.167702 -0.484717 2.376630
0.261292 -0.534580 2.049220
0.279173 -0.832297 1.983980
0.290934 -0.867311 1.900940
0.087008 -0.408814 2.373820
0.079412 -0.351433 2.422660
0.076678 -0.029275 2.411320
0.097452 0.174843 2.392190
-0.084251 -0.160101 2.390490
-0.134924 -0.397586 2.345490
-0.150389 -0.526705 2.158930
-0.157781 -0.570359 2.099740
0.236966 -0.179136 2.432910
0.296200 -0.389289 2.398650
0.136615 -0.532426 2.348880
0.120627 -0.596431 2.330020
0.009385 -0.478511 2.351350
-0.018206 -0.549714 1.999240
-0.035559 -0.845512 1.938700
-0.023789 -0.880488 1.855720
0.167204 -0.484545 2.376330
0.261199 -0.534591 2.049380
0.279133 -0.831825 1.983840
0.290878 -0.866792 1.900830
0.086446 -0.408661 2.373690
0.078830 -0.351392 2.422600
0.075950 -0.029387 2.411630
0.097018 0.174679 2.392170
-0.084703 -0.160217 2.390580
-0.135022 -0.397626 2.345550
-0.155714 -0.529645 2.162700
-0.166566 -0.574998 2.106370
0.236756 -0.179215 2.432920
0.296170 -0.389228 2.398660
0.136669 -0.532408 2.349110
0.120698 -0.596369 2.330270
0.008807 -0.478377 2.351290
-0.018186 -0.549731 1.999150
-0.035679 -0.845001 1.938510
-0.023934 -0.879932 1.855550
0.166729 -0.484386 2.376050
0.261107 -0.534596 2.049540
0.279087 -0.831336 1.983690
0.290816 -0.866260 1.900710
0.085850 -0.408499 2.373530
0.078182 -0.351337 2.422510
0.074936 -0.029474 2.411910
0.096595 0.174528 2.392150
-0.085175 -0.160342 2.390660
-0.135216 -0.397650 2.345650
-0.156365 -0.530293 2.163560
-0.167670 -0.575873 2.107760
0.236459 -0.179278 2.432920
0.296144 -0.389178 2.398680
0.136720 -0.532391 2.349320
0.120765 -0.596309 2.330510
0.008217 -0.478228 2.351180
-0.018169 -0.549751 1.999060
-0.035804 -0.844511 1.938330
-0.024082 -0.879396 1.855400
0.166263 -0.484230 2.375780
0.261019 -0.534585 2.049700
0.279029 -0.830811 1.983550
0.290739 -0.865690 1.900590
0.085297 -0.408359 2.373380
0.077561 -0.351292 2.422420
0.073838 -0.029548 2.412100
0.096130 0.174385 2.392120
-0.085607 -0.160457 2.390730
-0.135418 -0.397673 2.345740
-0.158569 -0.531226 2.164920
-0.170432 -0.577034 2.109720
0.236167 -0.179327 2.432920
0.296097 -0.389156 2.398620
0.136709 -0.532395 2.349590
0.120769 -0.596267 2.330800
0.007685 -0.478099 2.351080
-0.018156 -0.549769 1.998970
-0.035934 -0.844054 1.938170
-0.024235 -0.878900 1.855250
0.165843 -0.484091 2.375520
0.260937 -0.534574 2.049840
0.278967 -0.830331 1.983410
0.290660 -0.865173 1.900480
0.084767 -0.408221 2.373230
0.076955 -0.351238 2.422320
0.072795 -0.029609 2.412230
0.095633 0.174275 2.392070
-0.086052 -0.160582 2.390800
-0.135651 -0.397694 2.345830
-0.160962 -0.532106 2.166250
-0.173264 -0.578091 2.111540
0.235913 -0.179345 2.432940
0.296055 -0.389164 2.398540
0.136687 -0.532397 2.349800
0.120758 -0.596228 2.331040
0.007179 -0.477989 2.351020
-0.018144 -0.549792 1.998860
-0.036060 -0.843631 1.937990
-0.024382 -0.878444 1.855100
0.165441 -0.483948 2.375270
0.260847 -0.534587 2.049980
0.278917 -0.829962 1.983290
0.290595 -0.864774 1.900390
0.084320 -0.408126 2.373130
0.076429 -0.351205 2.422260
0.071895 -0.029654 2.412330
0.095088 0.174211 2.392000
-0.086483 -0.160702 2.390870
-0.135881 -0.397713 2.345920
-0.163247 -0.532834 2.167400
-0.175863 -0.578928 2.113050
0.235639 -0.179340 2.432950
0.296005 -0.389155 2.398470
0.136682 -0.532408 2.350000
0.120766 -0.596201 2.331260
0.006803 -0.477960 2.351060
-0.018132 -0.549821 1.998770
-0.036175 -0.843220 1.937780
-0.024515 -0.878008 1.854920
0.165089 -0.483824 2.375040
0.260755 -0.534599 2.050120
0.278866 -0.829633 1.983180
0.290529 -0.864421 1.900300
0.083906 -0.408056 2.373040
0.075931 -0.351187 2.422200
0.070971 -0.029679 2.412400
0.094367 0.174095 2.391880
-0.086900 -0.160831 2.390920
-0.136104 -0.397738 2.346000
-0.164660 -0.533238 2.168090
-0.177323 -0.579359 2.113910
0.235289 -0.179331 2.432950
0.295976 -0.389159 2.398430
0.136710 -0.532495 2.350450
0.120811 -0.596232 2.331720
0.006479 -0.477947 2.351110
-0.018119 -0.549854 1.998660
-0.036293 -0.842842 1.937570
-0.024652 -0.877609 1.854730
0.164766 -0.483716 2.374830
0.260662 -0.534615 2.050260
0.278819 -0.829351 1.983080
0.290468 -0.864118 1.900220
0.083464 -0.408005 2.372950
0.075396 -0.351186 2.422140
0.070062 -0.029706 2.412440
0.093675 0.173965 2.391760
-0.087287 -0.160952 2.390960
-0.136344 -0.397774 2.346080
-0.165316 -0.533481 2.168470
-0.177859 -0.579556 2.114340
0.234952 -0.179304 2.432940
0.295997 -0.389186 2.398400
0.136720 -0.532476 2.350910
0.120838 -0.596154 2.332210
0.006089 -0.477957 2.351170
-0.018104 -0.549888 1.998560
-0.036406 -0.842504 1.937370
-0.024783 -0.877252 1.854560
0.164460 -0.483628 2.374640
0.260574 -0.534631 2.050400
0.278775 -0.829103 1.982980
0.290410 -0.863852 1.900140
0.082991 -0.407966 2.372880
0.074831 -0.351189 2.422090
0.069218 -0.029723 2.412480
0.092717 0.173714 2.391500
-0.087652 -0.161072 2.390980
-0.136575 -0.397808 2.346150
-0.165864 -0.533673 2.168770
-0.178417 -0.579764 2.114730
0.234609 -0.179259 2.432930
0.295995 -0.389278 2.398370
0.136575 -0.532439 2.351540
0.120710 -0.596048 2.332860
0.005668 -0.477961 2.351250
-0.018087 -0.549928 1.998440
-0.036517 -0.842202 1.937170
-0.024907 -0.876935 1.854380
0.164130 -0.483561 2.374470
0.260469 -0.534646 2.050580
0.278734 -0.828876 1.982880
0.290358 -0.863612 1.900060
0.082540 -0.407935 2.372810
0.074289 -0.351195 2.422040
0.068400 -0.029744 2.412480
0.091871 0.173491 2.391250
-0.087986 -0.161194 2.390990
-0.136781 -0.397854 2.346220
-0.167098 -0.534045 2.169350
-0.179669 -0.580143 2.115400
0.234294 -0.179214 2.432910
0.295983 -0.389390 2.398340
0.136483 -0.532429 2.351910
0.120631 -0.595987 2.333260
0.005280 -0.477969 2.351320
-0.018069 -0.549968 1.998330
-0.036626 -0.841926 1.936980
-0.025027 -0.876647 1.854220
0.163806 -0.483497 2.374300
0.260365 -0.534662 2.050740
0.278696 -0.828679 1.982780
0.290311 -0.863403 1.899990
0.082128 -0.407918 2.372750
0.073798 -0.351204 2.421990
0.067689 -0.029747 2.412440
0.091139 0.173302 2.391020
-0.088291 -0.161317 2.390970
-0.136963 -0.397901 2.346290
-0.168061 -0.534451 2.169900
-0.180604 -0.580577 2.116040
0.234006 -0.179171 2.432890
0.295960 -0.389537 2.398300
0.136335 -0.532370 2.352220
0.120492 -0.595875 2.333590
0.004918 -0.477989 2.351400
-0.018050 -0.550016 1.998210
-0.036724 -0.841681 1.936780
-0.025134 -0.876395 1.854050
0.163500 -0.483444 2.374130
0.260253 -0.534683 2.050890
0.278640 -0.828510 1.982700
0.290247 -0.863224 1.899920
0.081776 -0.407918 2.372690
0.073382 -0.351222 2.421950
0.067085 -0.029752 2.412390
0.090412 0.173122 2.390770
-0.088558 -0.161435 2.390950
-0.137141 -0.397967 2.346350
-0.168668 -0.534698 2.170230
-0.181134 -0.580806 2.116390
0.233730 -0.179139 2.432850
0.295863 -0.389828 2.398190
0.136103 -0.532340 2.352560
0.120274 -0.595793 2.333930
0.004631 -0.478032 2.351490
-0.018032 -0.550063 1.998100
-0.036817 -0.841450 1.936580
-0.025238 -0.876156 1.853880
0.163228 -0.483399 2.373980
0.260134 -0.534708 2.051040
0.278585 -0.828364 1.982620
0.290182 -0.863070 1.899860
0.081476 -0.407922 2.372650
0.073029 -0.351237 2.421910
0.066618 -0.029741 2.412330
0.089771 0.172989 2.390530
-0.088819 -0.161550 2.390910
-0.137306 -0.398035 2.346400
-0.169203 -0.534941 2.170540
-0.181592 -0.581034 2.116710
0.233483 -0.179112 2.432800
0.295765 -0.390046 2.398120
0.135974 -0.532329 2.352740
0.120155 -0.595744 2.334120
0.004386 -0.478074 2.351570
-0.018023 -0.550075 1.998000
-0.036868 -0.841164 1.936380
-0.025299 -0.875865 1.853710
0.162996 -0.483362 2.373850
0.260006 -0.534737 2.051190
0.278529 -0.828218 1.982540
0.290119 -0.862918 1.899800
0.081218 -0.407928 2.372610
0.072731 -0.351249 2.421870
0.066160 -0.029726 2.412240
0.089220 0.172871 2.390310
-0.089072 -0.161674 2.390850
-0.137457 -0.398102 2.346450
-0.169555 -0.535098 2.170740
-0.181876 -0.581171 2.116910
0.233231 -0.179084 2.432730
0.295710 -0.390204 2.398070
0.135882 -0.532310 2.352880
0.120070 -0.595692 2.334280
0.004182 -0.478117 2.351650
-0.018016 -0.550087 1.997920
-0.036896 -0.840869 1.936180
-0.025341 -0.875567 1.853540
0.162795 -0.483330 2.373740
0.259869 -0.534771 2.051350
0.278471 -0.828068 1.982460
0.290051 -0.862761 1.899740
0.081029 -0.407951 2.372590
0.072503 -0.351267 2.421850
0.065778 -0.029706 2.412130
0.088751 0.172773 2.390100
-0.089309 -0.161803 2.390770
-0.137591 -0.398166 2.346490
-0.169777 -0.535191 2.170860
-0.182059 -0.581256 2.117040
0.232951 -0.179051 2.432620
0.295707 -0.390331 2.397990
0.135795 -0.532257 2.353050
0.119989 -0.595596 2.334470
0.004058 -0.478190 2.351750
-0.018011 -0.550097 1.997840
-0.036906 -0.840527 1.935940
-0.025365 -0.875226 1.853340
0.162640 -0.483311 2.373660
0.259715 -0.534801 2.051530
0.278408 -0.827895 1.982360
0.289977 -0.862584 1.899670
0.080861 -0.407978 2.372570
0.072313 -0.351284 2.421830
0.065458 -0.029689 2.412010
0.088295 0.172706 2.389910
-0.089525 -0.161918 2.390690
-0.137716 -0.398227 2.346530
-0.169929 -0.535247 2.170940
-0.182088 -0.581252 2.117070
0.232633 -0.179014 2.432440
0.295980 -0.390313 2.397960
0.135851 -0.532017 2.353240
0.120071 -0.595277 2.334680
0.003951 -0.478262 2.351860
-0.018007 -0.550112 1.997760
-0.036887 -0.840195 1.935740
-0.025369 -0.874897 1.853170
0.162487 -0.483294 2.373590
0.259556 -0.534831 2.051720
0.278343 -0.827704 1.982260
0.289894 -0.862389 1.899600
0.080724 -0.408003 2.372560
0.072160 -0.351296 2.421810
0.065162 -0.029668 2.411850
0.087902 0.172663 2.389720
-0.089759 -0.162044 2.390570
-0.137828 -0.398284 2.346560
-0.169960 -0.535231 2.170940
-0.181848 -0.581094 2.116930
0.232322 -0.178991 2.432190
0.296779 -0.389925 2.398160
0.136202 -0.531480 2.353410
0.120471 -0.594630 2.334870
0.003867 -0.478331 2.351950
-0.017996 -0.550098 1.997700
-0.036852 -0.839754 1.935530
-0.025367 -0.874459 1.853000
0.162382 -0.483281 2.373540
0.259388 -0.534862 2.051910
0.278283 -0.827494 1.982140
0.289810 -0.862177 1.899510
0.080616 -0.408024 2.372550
0.072039 -0.351299 2.421790
0.064830 -0.029596 2.411480
0.087534 0.172634 2.389490
-0.090013 -0.162252 2.390290
-0.137957 -0.398365 2.346560
-0.163094 -0.532255 2.167560
-0.174848 -0.578074 2.113640
0.232015 -0.179001 2.431780
0.297614 -0.389498 2.398300
0.136625 -0.530920 2.353560
0.120943 -0.593963 2.335040
0.003811 -0.478398 2.352050
-0.017975 -0.550090 1.997640
-0.036810 -0.839315 1.935320
-0.025359 -0.874037 1.852830
0.162302 -0.483267 2.373510
0.259184 -0.534922 2.052120
0.278232 -0.827301 1.982030
0.289737 -0.861990 1.899430
0.080534 -0.408041 2.372540
0.071936 -0.351283 2.421760
0.064457 -0.029377 2.410390
0.087150 0.172623 2.389210
-0.090338 -0.162721 2.389360
-0.138112 -0.398463 2.346540
-0.159516 -0.530510 2.165420
-0.170437 -0.575967 2.111220
0.231743 -0.178770 2.431000
0.298759 -0.387621 2.397890
0.137727 -0.530204 2.353860
0.122108 -0.593137 2.335370
0.003771 -0.478465 2.352130
-0.017950 -0.550082 1.997600
-0.036654 -0.838849 1.935110
-0.025237 -0.873612 1.852680
0.162249 -0.483254 2.373490
0.258965 -0.534975 2.052340
0.278169 -0.827089 1.981940
0.289662 -0.861799 1.899370
0.080492 -0.408039 2.372520
0.071937 -0.351099 2.421510
0.064801 -0.029178 2.406190
0.086670 0.172621 2.388290
-0.090788 -0.163333 2.387830
-0.138276 -0.398560 2.346480
-0.157340 -0.529338 2.163950
-0.167398 -0.574395 2.109400
0.231753 -0.178062 2.429240
0.298952 -0.386419 2.397130
0.138342 -0.529980 2.354120
0.122755 -0.592844 2.335640
0.003751 -0.478521 2.352210
-0.017922 -0.550069 1.997560
-0.036367 -0.838324 1.934880
-0.025043 -0.873194 1.852530
0.162296 -0.483187 2.373480
0.258708 -0.535097 2.052560
0.278125 -0.826939 1.981860
0.289598 -0.861685 1.899330
0.080468 -0.408024 2.372480
0.072033 -0.350722 2.420860
0.065170 -0.029201 2.400720
0.086207 0.172603 2.386370
-0.091081 -0.163858 2.385200
-0.138825 -0.398424 2.346070
-0.156443 -0.528909 2.163360
-0.166168 -0.573837 2.108730
0.232168 -0.177053 2.425720
0.298992 -0.385620 2.396400
0.139035 -0.529900 2.353840
0.123468 -0.592698 2.335380
0.003738 -0.478568 2.352270
-0.017889 -0.550046 1.997530
-0.036023 -0.837756 1.934680
-0.024827 -0.872773 1.852410
0.162363 -0.483113 2.373470
0.258449 -0.535191 2.052740
0.278085 -0.826758 1.981790
0.289526 -0.861559 1.899310
0.080524 -0.407910 2.372310
0.072408 -0.349872 2.419200
0.065608 -0.029618 2.393290
0.086115 0.172382 2.381370
-0.091193 -0.164151 2.380870
-0.139647 -0.398081 2.345550
-0.155725 -0.528574 2.162920
-0.165132 -0.573450 2.108220
0.233208 -0.175697 2.420430
0.299317 -0.384015 2.394850
0.140673 -0.529784 2.352930
0.125128 -0.592498 2.334470
0.003743 -0.478595 2.352330
-0.017854 -0.550048 1.997510
-0.034971 -0.837143 1.934580
-0.024003 -0.872343 1.852410
0.162579 -0.482922 2.373390
0.258232 -0.535292 2.052850
0.278053 -0.826601 1.981740
0.289464 -0.861465 1.899300
0.080642 -0.407422 2.371320
0.072884 -0.347837 2.413920
0.065615 -0.030777 2.379110
0.087200 0.172404 2.371680
-0.089673 -0.163102 2.373090
-0.141161 -0.397121 2.344610
-0.155110 -0.528334 2.162620
-0.163655 -0.573286 2.107920
0.235042 -0.174507 2.413570
0.299827 -0.382486 2.393000
0.308626 -0.519258 2.238510
0.260170 -0.583638 2.242700
0.003731 -0.478513 2.352320
-0.017815 -0.550090 1.997470
-0.033946 -0.836694 1.934530
-0.023096 -0.872096 1.852490
0.162981 -0.482565 2.372770
0.258066 -0.535439 2.052720
0.278005 -0.826455 1.981740
0.289393 -0.861393 1.899350
0.081347 -0.404561 2.367630
0.074454 -0.343343 2.403830
0.069080 -0.033881 2.362780
0.090225 0.172426 2.356090
-0.087909 -0.160289 2.363530
-0.143566 -0.395056 2.343110
-0.153846 -0.527976 2.162440
-0.160939 -0.573055 2.107790
0.237952 -0.172050 2.405550
0.301108 -0.379796 2.389750
0.347181 -0.519392 2.212870
0.331714 -0.581554 2.194510
0.003707 -0.476926 2.351470
-0.017768 -0.550184 1.997430
-0.032969 -0.836468 1.934590
-0.022142 -0.872089 1.852700
0.163915 -0.481118 2.370830
0.257929 -0.535737 2.052040
0.277928 -0.826345 1.981810
0.289265 -0.861388 1.899540
0.082684 -0.400506 2.362520
0.077175 -0.338088 2.391610
0.077326 -0.040883 2.341960
0.094798 0.172080 2.334830
-0.085838 -0.156139 2.350090
-0.146863 -0.391949 2.340910
-0.152398 -0.527478 2.162310
-0.157807 -0.572796 2.107800
0.242997 -0.168154 2.393450
0.301812 -0.377966 2.385880
0.375225 -0.520557 2.193470
0.360581 -0.581118 2.174850
0.003751 -0.474155 2.349720
-0.017728 -0.550267 1.997370
-0.031628 -0.836296 1.934820
-0.020786 -0.872275 1.853160
0.165264 -0.479150 2.368240
0.257755 -0.536201 2.050880
0.277847 -0.826262 1.981940
0.289102 -0.861503 1.899880
0.084268 -0.396444 2.356870
0.080149 -0.333449 2.379080
0.082774 -0.046513 2.323270
0.098896 0.170123 2.305950
-0.084376 -0.152586 2.334160
-0.151502 -0.388506 2.336970
-0.150777 -0.527267 2.161910
-0.154121 -0.573010 2.107700
0.249581 -0.162948 2.375970
0.302543 -0.376837 2.380780
0.375859 -0.523864 2.190640
0.378280 -0.581029 2.162480
0.003856 -0.471402 2.347770
-0.017701 -0.550423 1.997260
-0.030382 -0.836226 1.935040
-0.019577 -0.872641 1.853650
0.167120 -0.476816 2.364990
0.257621 -0.536841 2.049070
0.277788 -0.826203 1.982100
0.288915 -0.861754 1.900360
0.086262 -0.393171 2.349460
0.083488 -0.330379 2.363750
0.088395 -0.053687 2.297350
0.101579 0.166311 2.282000
-0.082371 -0.150604 2.313620
-0.157802 -0.384846 2.329170
-0.131351 -0.517235 2.150120
-0.131868 -0.564811 2.099210
0.254944 -0.159776 2.359190
0.305796 -0.376891 2.370610
0.373647 -0.534744 2.186770
0.382282 -0.586306 2.156960
0.004138 -0.469260 2.345230
-0.017691 -0.550608 1.997130
-0.029165 -0.836256 1.935420
-0.018148 -0.873381 1.854530
0.169431 -0.474314 2.360390
0.257624 -0.537938 2.045760
0.277688 -0.826188 1.982450
0.288694 -0.862370 1.901350
0.088297 -0.391229 2.339460
0.086544 -0.329728 2.346140
0.094294 -0.064069 2.267510
0.107516 0.158098 2.251980
-0.078369 -0.151211 2.289020
-0.164576 -0.380990 2.317960
-0.124927 -0.516150 2.145930
-0.121239 -0.564102 2.095930
0.260931 -0.160149 2.339920
0.309926 -0.378009 2.359650
0.384824 -0.538392 2.177020
0.375909 -0.594586 2.157050
0.004482 -0.467575 2.340440
-0.017688 -0.550895 1.996890
-0.027675 -0.836512 1.936400
-0.016210 -0.874857 1.856490
0.171452 -0.472494 2.355270
0.257739 -0.539413 2.041300
0.277579 -0.826216 1.982950
0.288497 -0.863368 1.902780
0.090493 -0.390919 2.328220
0.089726 -0.331057 2.328800
0.101064 -0.073540 2.239620
0.113124 0.146283 2.217900
-0.073894 -0.154799 2.262290
-0.171076 -0.377575 2.304290
-0.120073 -0.518210 2.143370
-0.112502 -0.566831 2.094900
0.268127 -0.163133 2.314190
0.315223 -0.380044 2.347200
0.379885 -0.543751 2.176460
0.368441 -0.601819 2.157110
0.004885 -0.466768 2.334780
-0.017717 -0.551534 1.996240
-0.026314 -0.836964 1.937560
-0.014456 -0.876912 1.858920
0.173519 -0.471507 2.348900
0.258181 -0.541349 2.035110
0.277341 -0.826266 1.983850
0.288057 -0.864795 1.904990
0.092712 -0.392913 2.312360
0.093022 -0.335245 2.306790
0.107820 -0.089394 2.200910
0.120947 0.133704 2.182250
-0.069374 -0.159114 2.238080
-0.176329 -0.374600 2.288960
-0.097184 -0.504325 2.122700
-0.074246 -0.548444 2.073620
0.274845 -0.171342 2.283350
0.319411 -0.381438 2.334040
0.375234 -0.548350 2.176190
0.361918 -0.607875 2.157280
0.005187 -0.467094 2.326000
-0.017777 -0.552172 1.995480
-0.024059 -0.837608 1.939570
-0.012039 -0.879779 1.862640
0.175579 -0.471922 2.339340
0.259244 -0.544164 2.025650
0.276891 -0.826275 1.985470
0.287028 -0.866846 1.908570
0.095164 -0.396216 2.295400
0.096041 -0.340302 2.286620
0.111560 -0.098358 2.178770
0.129437 0.116666 2.136790
-0.063234 -0.168863 2.207620
-0.179963 -0.374346 2.269610
-0.066244 -0.484829 2.092800
-0.033561 -0.524998 2.045170
0.281495 -0.180573 2.253190
0.323975 -0.382885 2.320620
0.370679 -0.551056 2.173430
0.356191 -0.611445 2.154530
0.005939 -0.469163 2.312710
-0.018235 -0.553823 1.991370
-0.021348 -0.838069 1.942690
-0.009289 -0.882333 1.867410
0.177906 -0.473497 2.327900
0.260654 -0.547570 2.014420
0.282821 -0.795844 1.955330
0.290081 -0.852908 1.892800
0.100233 -0.402473 2.272820
0.101515 -0.348294 2.261490
0.116610 -0.111298 2.149040
0.135151 0.104624 2.104590
-0.057573 -0.176478 2.180670
-0.182268 -0.372528 2.255950
-0.081872 -0.509971 2.099610
-0.056666 -0.563348 2.061980
0.287461 -0.189762 2.224560
0.331719 -0.386751 2.296170
0.364052 -0.556584 2.168650
0.348649 -0.617860 2.149760
0.009576 -0.474432 2.293430
-0.019765 -0.557789 1.978970
-0.018880 -0.838013 1.947290
-0.007171 -0.884488 1.873820
0.183098 -0.477659 2.308820
0.263313 -0.553406 1.995430
0.287566 -0.781143 1.928270
0.292813 -0.844905 1.876060
0.101863 -0.408021 2.248920
0.103629 -0.355368 2.235470
0.120542 -0.123582 2.118350
0.140271 0.086516 2.060070
-0.051631 -0.185304 2.148340
-0.182881 -0.370802 2.238800
-0.090375 -0.533438 2.108830
-0.059076 -0.588602 2.075230
0.292742 -0.199022 2.193930
0.336171 -0.389577 2.283790
0.356789 -0.558735 2.158150
0.340990 -0.620531 2.139510
0.010355 -0.479195 2.272460
-0.021981 -0.563721 1.959360
-0.016316 -0.837001 1.953810
-0.005129 -0.885774 1.882110
0.184280 -0.481646 2.286590
0.267702 -0.560259 1.976300
0.290149 -0.777432 1.913600
0.295128 -0.841943 1.862620
0.104992 -0.411181 2.230900
0.107091 -0.359775 2.215240
0.123043 -0.134595 2.089570
0.143216 0.076663 2.034020
-0.048409 -0.192661 2.120150
-0.181207 -0.366524 2.222350
-0.109283 -0.553313 2.121370
-0.086094 -0.617731 2.097450
0.296697 -0.205992 2.151940
0.340297 -0.392298 2.272520
0.350264 -0.557744 2.140630
0.334287 -0.619887 2.122340
0.013747 -0.483021 2.253780
-0.024940 -0.568536 1.941330
-0.014391 -0.835377 1.959280
-0.004197 -0.886255 1.888970
0.186921 -0.482996 2.272560
0.270250 -0.566517 1.963820
0.291034 -0.778385 1.905620
0.295721 -0.842038 1.854840
0.110212 -0.412067 2.211240
0.111592 -0.361900 2.193090
0.121389 -0.142979 2.057940
0.146143 0.066075 2.003320
-0.044777 -0.197147 2.079490
-0.174476 -0.361522 2.198800
-0.097365 -0.561023 2.139430
-0.112069 -0.622596 2.139000
0.299637 -0.209858 2.125890
0.343614 -0.393112 2.259710
0.348520 -0.554888 2.121650
0.332485 -0.617158 2.103550
0.019540 -0.484984 2.235090
-0.028225 -0.572657 1.924870
-0.012514 -0.832996 1.964220
-0.002779 -0.885889 1.895210
0.193577 -0.481406 2.256680
0.272476 -0.574250 1.951170
0.291182 -0.781683 1.899850
0.296259 -0.845592 1.847480
0.114149 -0.410563 2.194740
0.114776 -0.361045 2.173050
0.117849 -0.146308 2.023000
0.147736 0.061003 1.980560
-0.043191 -0.197050 2.049910
-0.169122 -0.357507 2.181110
-0.067274 -0.551519 2.145960
-0.045398 -0.606468 2.142980
0.304001 -0.209824 2.105180
0.346708 -0.389973 2.242900
0.348609 -0.550060 2.101940
0.332637 -0.612280 2.083870
0.023982 -0.484772 2.220670
-0.029486 -0.576406 1.912710
-0.011631 -0.831791 1.967090
-0.002160 -0.886233 1.899450
0.198447 -0.478869 2.245710
0.274093 -0.578633 1.943160
0.289653 -0.786402 1.897720
0.295564 -0.849609 1.843750
0.116871 -0.408012 2.182350
0.116779 -0.358187 2.156990
0.114042 -0.138435 1.989770
0.149170 0.060760 1.957410
-0.039524 -0.191541 2.014910
-0.158886 -0.338189 2.140280
-0.055489 -0.529888 2.170500
-0.039521 -0.597980 2.180220
0.308672 -0.204535 2.081600
0.350209 -0.381647 2.221800
0.356392 -0.535525 2.071390
0.340676 -0.597444 2.053190
0.028319 -0.482644 2.208030
-0.030180 -0.579109 1.903130
-0.010977 -0.830743 1.969040
-0.001596 -0.886432 1.902430
0.202029 -0.475047 2.237390
0.275262 -0.581307 1.937920
0.269437 -0.813564 1.961940
0.278243 -0.876394 1.902660
0.118764 -0.399719 2.166730
0.117618 -0.349263 2.137950
0.111282 -0.127038 1.965460
0.150931 0.065714 1.933930
-0.036250 -0.184548 1.990310
-0.154488 -0.323127 2.109730
-0.113457 -0.526906 2.122450
-0.106850 -0.598688 2.125480
0.312208 -0.193036 2.056370
0.356506 -0.360974 2.186490
0.356869 -0.532307 2.060800
0.341207 -0.594167 2.042620
0.033247 -0.474266 2.192000
-0.030071 -0.581715 1.894140
-0.010542 -0.829955 1.970400
-0.001236 -0.886597 1.904520
0.204281 -0.463351 2.225350
0.276223 -0.583394 1.933630
0.259076 -0.826818 1.992740
0.269588 -0.888927 1.929660
0.120956 -0.384437 2.150680
0.118804 -0.333162 2.119300
0.109380 -0.100305 1.939420
0.154116 0.079428 1.911110
-0.033922 -0.168874 1.966640
-0.154795 -0.304464 2.065310
-0.129952 -0.516072 2.109030
-0.116620 -0.593956 2.122010
0.314492 -0.179701 2.037060
0.363506 -0.346361 2.158550
0.352956 -0.521355 2.036170
0.337441 -0.583015 2.018010
0.039130 -0.458880 2.179620
-0.029013 -0.582539 1.888860
-0.010273 -0.829523 1.970980
-0.000988 -0.886953 1.905740
0.206117 -0.439166 2.203690
0.277226 -0.585614 1.929040
0.251330 -0.833588 2.009650
0.262557 -0.895766 1.945530
0.122334 -0.370524 2.139790
0.119557 -0.318168 2.106520
0.108845 -0.075200 1.922070
0.158434 0.107877 1.889220
-0.028842 -0.143160 1.940880
-0.160021 -0.288585 2.034620
-0.130026 -0.496764 2.088090
-0.116708 -0.580553 2.112010
0.315381 -0.155582 2.016440
0.369167 -0.336268 2.138920
0.335113 -0.495853 1.997630
0.319767 -0.557267 1.979500
0.044878 -0.440526 2.170110
-0.025151 -0.579811 1.883970
-0.010590 -0.828547 1.969560
-0.000981 -0.887098 1.905650
0.206017 -0.424437 2.192280
0.277521 -0.587285 1.926390
0.247078 -0.838451 2.019760
0.258812 -0.900770 1.955250
0.121904 -0.347216 2.130850
0.119046 -0.292943 2.096210
0.110787 -0.036461 1.910430
0.161469 0.149548 1.873790
-0.025109 -0.114561 1.922990
-0.165730 -0.273553 2.006630
-0.124485 -0.473304 2.065570
-0.110861 -0.558745 2.097750
0.311835 -0.116611 1.993800
0.375951 -0.324071 2.121930
0.328897 -0.480117 1.976190
0.313636 -0.541385 1.958070
0.049459 -0.412478 2.161980
-0.019819 -0.578332 1.883710
-0.011981 -0.830166 1.967490
-0.002038 -0.889849 1.904380
0.200608 -0.400826 2.182730
0.277066 -0.587963 1.925910
0.244595 -0.843995 2.024680
0.256741 -0.906265 1.960030
0.120522 -0.307038 2.119550
0.118807 -0.253502 2.085150
0.115758 -0.001680 1.904640
0.163704 0.183285 1.865290
-0.024045 -0.079622 1.910740
-0.167833 -0.263387 1.988360
-0.112715 -0.456351 2.027260
-0.096806 -0.536214 2.059860
0.307436 -0.074066 1.975910
0.384019 -0.292862 2.096880
0.302070 -0.443203 1.957330
0.295338 -0.515282 1.942540
0.051701 -0.373360 2.149830
-0.013985 -0.575522 1.887360
-0.014847 -0.836421 1.960360
-0.004419 -0.897491 1.898100
0.192362 -0.363093 2.173060
0.273570 -0.583812 1.932050
0.245368 -0.853482 2.017380
0.257617 -0.915552 1.953770
0.119155 -0.272144 2.110170
0.118613 -0.216548 2.075940
0.122681 0.047479 1.900550
0.165620 0.235918 1.861090
-0.023763 -0.038560 1.902440
-0.167675 -0.242061 1.966990
-0.099014 -0.431227 1.986740
-0.058391 -0.504062 1.992600
0.303128 -0.028528 1.962320
0.388284 -0.255925 2.075320
0.291270 -0.417967 1.951130
0.285709 -0.494904 1.935250
0.051608 -0.339610 2.138430
-0.008972 -0.571289 1.891730
-0.017160 -0.844333 1.946980
-0.006117 -0.906109 1.885010
0.186609 -0.330035 2.163670
0.269994 -0.577285 1.937440
0.249898 -0.860783 1.999570
0.262220 -0.922418 1.936530
0.117669 -0.225637 2.095630
0.118703 -0.169717 2.063510
0.129275 0.097831 1.899670
0.167562 0.280045 1.861440
-0.024130 0.010737 1.896190
-0.161750 -0.197370 1.943510
-0.092821 -0.391175 1.954590
-0.049994 -0.436098 1.943440
0.301669 0.003261 1.956160
0.388085 -0.233694 2.062800
0.311917 -0.420513 1.993130
0.283598 -0.475952 1.961300
0.048488 -0.291825 2.121790
-0.004682 -0.564294 1.893880
-0.020170 -0.846761 1.924810
-0.009026 -0.908454 1.861850
0.182807 -0.290235 2.146390
0.267782 -0.567912 1.939420
0.256331 -0.860540 1.976340
0.268361 -0.921348 1.912690
0.117466 -0.191448 2.083540
0.119405 -0.134302 2.053140
0.134310 0.147701 1.900180
0.168015 0.331348 1.864050
-0.025172 0.050447 1.894320
-0.154770 -0.172072 1.933070
-0.085500 -0.368931 1.931980
-0.082317 -0.403888 1.926720
0.304047 0.047818 1.954740
0.377535 -0.194755 2.044710
0.328991 -0.399683 2.014910
0.287962 -0.457917 1.975160
0.045862 -0.257556 2.108020
-0.000133 -0.550911 1.892930
-0.022030 -0.842530 1.905490
-0.010432 -0.902848 1.840580
0.182746 -0.260558 2.131080
0.266234 -0.555466 1.940300
0.262299 -0.855703 1.956210
0.274732 -0.914856 1.890890
0.120148 -0.143757 2.066040
0.121754 -0.086119 2.038640
0.133800 0.197280 1.900880
0.167514 0.383881 1.871440
-0.025191 0.100387 1.894620
-0.131103 -0.130982 1.923370
-0.084249 -0.340480 1.914060
-0.099271 -0.380937 1.917780
0.306179 0.094573 1.954480
0.369024 -0.169544 2.032890
0.340872 -0.386126 2.017300
0.292589 -0.442487 1.977360
0.046532 -0.211047 2.087640
0.002923 -0.534698 1.890300
-0.022388 -0.826116 1.878180
-0.010551 -0.883290 1.810280
0.188360 -0.215530 2.108520
0.266304 -0.538585 1.939720
0.268849 -0.839713 1.933920
0.281362 -0.896100 1.866390
0.123220 -0.115787 2.055240
0.124717 -0.056937 2.029580
0.135821 0.241045 1.902920
0.168530 0.408124 1.873810
-0.022663 0.144186 1.896910
-0.114974 -0.108351 1.918410
-0.080048 -0.322737 1.899720
-0.099978 -0.369050 1.906610
0.307543 0.143102 1.954130
0.357001 -0.126932 2.013030
0.353201 -0.347827 1.998950
0.312736 -0.376819 1.959910
0.049645 -0.183019 2.073540
0.004286 -0.519653 1.887670
-0.021698 -0.810661 1.861660
-0.009579 -0.864912 1.791810
0.192678 -0.187072 2.093940
0.267424 -0.508887 1.939340
0.273079 -0.821545 1.918510
0.285604 -0.875060 1.849200
0.128140 -0.083446 2.042050
0.129406 -0.023632 2.018950
0.138258 0.275247 1.904760
0.170308 0.458731 1.882330
-0.020149 0.186634 1.900040
-0.096774 -0.082938 1.910230
-0.070596 -0.295264 1.876980
-0.096812 -0.352643 1.886990
0.307859 0.174374 1.953600
0.350043 -0.097967 2.000670
0.357667 -0.311496 1.972330
0.326666 -0.335669 1.943060
0.055200 -0.151708 2.057380
0.004923 -0.504161 1.886280
-0.015694 -0.750770 1.848950
0.023241 -0.786253 1.868990
0.197996 -0.153225 2.075040
0.266925 -0.490075 1.939990
0.277830 -0.750819 1.901990
0.289148 -0.802102 1.831050
0.134274 -0.047493 2.027380
0.135294 0.014559 2.006970
0.141944 0.324480 1.908540
0.171620 0.503757 1.891710
-0.017817 0.225227 1.903400
-0.082778 -0.057711 1.901620
-0.065875 -0.265760 1.853780
-0.075258 -0.327996 1.860540
0.311569 0.218273 1.955230
0.348267 -0.062907 1.987500
0.358779 -0.271928 1.951970
0.337682 -0.305148 1.926970
0.061166 -0.118967 2.038980
0.008735 -0.468342 1.895280
-0.009661 -0.693677 1.847070
0.015425 -0.738930 1.819690
0.204431 -0.120761 2.058130
0.263333 -0.464087 1.942830
0.279813 -0.707336 1.895230
0.290788 -0.755717 1.822580
0.138710 -0.019981 2.016940
0.139423 0.043533 1.998870
0.144198 0.364622 1.914060
0.171935 0.553700 1.903040
-0.014913 0.260487 1.907000
-0.075607 -0.018982 1.889790
-0.062427 -0.225836 1.837510
-0.055229 -0.291558 1.841510
0.313782 0.251385 1.955900
0.350091 -0.030467 1.979320
0.367429 -0.233299 1.932250
0.344830 -0.287792 1.918710
0.065819 -0.090589 2.023560
0.014290 -0.440657 1.906170
-0.007058 -0.671791 1.847410
0.013063 -0.713265 1.803990
0.209998 -0.093243 2.044810
0.261318 -0.450003 1.944190
0.280833 -0.691857 1.891620
0.291543 -0.738961 1.818180
0.141591 0.008183 2.006460
0.142054 0.074137 1.990660
0.145164 0.410194 1.920290
0.172286 0.591160 1.912430
-0.012176 0.301485 1.912200
-0.074765 0.020763 1.880110
-0.058009 -0.184158 1.824200
-0.043411 -0.233028 1.828570
0.314060 0.299417 1.959030
0.360031 0.023729 1.971670
0.379467 -0.180566 1.924030
0.359373 -0.262935 1.911460
0.068746 -0.062307 2.008370
0.017211 -0.422906 1.913570
-0.005189 -0.661005 1.850250
0.012479 -0.701484 1.797640
0.213489 -0.065729 2.031930
0.258464 -0.434912 1.946050
0.280302 -0.683885 1.892320
0.291088 -0.729512 1.817550
0.142725 0.029740 1.998710
0.143126 0.097043 1.984850
0.145939 0.438819 1.924670
0.173533 0.625257 1.921750
-0.009512 0.331761 1.916040
-0.077004 0.053877 1.874420
-0.057311 -0.150152 1.814760
-0.036207 -0.186033 1.814660
0.314389 0.321308 1.960630
0.371102 0.069626 1.969920
0.394373 -0.136444 1.926190
0.378261 -0.230513 1.905260
0.069997 -0.039653 1.996780
0.020228 -0.410163 1.919760
-0.003233 -0.661700 1.860050
0.010865 -0.701232 1.794620
0.214551 -0.045100 2.022460
0.256121 -0.425140 1.947170
0.275500 -0.688180 1.902210
0.286314 -0.731324 1.825530
0.143349 0.053047 1.990490
0.144019 0.121227 1.979090
0.148742 0.469025 1.931410
0.174071 0.648355 1.927680
-0.007466 0.358030 1.919910
-0.083641 0.101306 1.874710
-0.064010 -0.101567 1.808670
-0.033548 -0.156664 1.802720
0.315311 0.349748 1.965410
0.379589 0.095875 1.971180
0.404087 -0.111332 1.928270
0.392793 -0.206957 1.903430
0.070467 -0.016925 1.985300
0.022215 -0.401307 1.924010
-0.001342 -0.670215 1.872810
0.010342 -0.707122 1.796120
0.214574 -0.021906 2.011700
0.254045 -0.418200 1.947770
0.270530 -0.696355 1.912800
0.281818 -0.737386 1.834760
0.143092 0.074752 1.982150
0.144173 0.143446 1.973300
0.150934 0.493907 1.937430
0.173062 0.678441 1.934750
-0.006543 0.382416 1.924100
-0.086203 0.123372 1.875130
-0.069107 -0.076217 1.801630
-0.034683 -0.128095 1.788220
0.316744 0.369041 1.969190
0.387572 0.114645 1.974590
0.412521 -0.093263 1.929700
0.409275 -0.185427 1.900470
0.069394 0.005470 1.973490
0.024182 -0.393828 1.928040
0.000017 -0.680578 1.885680
0.010027 -0.717905 1.802760
0.214099 -0.002818 2.001600
0.252264 -0.412814 1.948190
0.266218 -0.705124 1.923260
0.277596 -0.744690 1.844380
0.142785 0.092191 1.974880
0.144283 0.156901 1.969380
0.151893 0.505309 1.940290
0.173326 0.705752 1.942170
-0.006204 0.402649 1.928360
-0.089026 0.148485 1.878290
-0.077687 -0.047593 1.796260
-0.035226 -0.111939 1.776660
0.318432 0.385377 1.973100
0.395420 0.130334 1.979880
0.418452 -0.078682 1.930930
0.420074 -0.167281 1.898360
0.068319 0.023185 1.963910
0.025370 -0.388758 1.930770
0.001962 -0.691760 1.901190
0.011208 -0.730406 1.816260
0.213658 0.013692 1.991460
0.250439 -0.407995 1.948690
0.263554 -0.709447 1.930340
0.274871 -0.748218 1.851080
0.142804 0.106950 1.968220
0.144493 0.168865 1.965280
0.152728 0.510705 1.943350
0.173250 0.720529 1.946310
-0.006535 0.419247 1.932510
-0.090727 0.169252 1.882280
-0.083060 -0.025508 1.793500
-0.036375 -0.094095 1.764330
0.319701 0.397606 1.976180
0.400761 0.143304 1.985600
0.425883 -0.064452 1.932360
0.431282 -0.147905 1.895210
0.067777 0.036861 1.955970
0.026267 -0.384773 1.933020
0.003233 -0.696276 1.911530
0.012126 -0.735441 1.826480
0.213712 0.028693 1.981530
0.248719 -0.403516 1.949280
0.261836 -0.711089 1.936130
0.272989 -0.749275 1.856660
0.143146 0.117845 1.962770
0.144819 0.178109 1.961730
0.153227 0.512053 1.947240
0.173439 0.729950 1.949140
-0.007003 0.432609 1.936360
-0.092052 0.182599 1.885290
-0.086585 -0.010346 1.790540
-0.036767 -0.079537 1.755080
0.320687 0.406425 1.978460
0.404465 0.152710 1.990260
0.430598 -0.054267 1.933110
0.439174 -0.133996 1.892450
0.067811 0.047680 1.948980
0.026905 -0.381626 1.934750
0.004397 -0.698064 1.919730
0.013194 -0.736977 1.835430
0.214344 0.039680 1.973190
0.247031 -0.398391 1.950080
0.260247 -0.710206 1.942880
0.271106 -0.747764 1.863240
0.143693 0.125389 1.958520
0.145224 0.184638 1.959050
0.153523 0.511005 1.951140
0.173963 0.736603 1.951690
-0.007053 0.441557 1.939020
-0.092983 0.191424 1.887410
-0.089009 0.000065 1.787960
-0.038407 -0.067981 1.746440
0.321529 0.413420 1.980490
0.406831 0.159112 1.993520
0.433845 -0.047203 1.933420
0.444321 -0.125225 1.890800
0.068393 0.055415 1.943210
0.027448 -0.378610 1.936450
0.006154 -0.697134 1.928520
0.015356 -0.735023 1.845790
0.215219 0.047407 1.966550
0.245628 -0.393341 1.950870
0.258950 -0.707244 1.949850
0.269612 -0.744179 1.870080
0.144430 0.130691 1.954960
0.145657 0.189186 1.957110
0.153840 0.508536 1.954750
0.175360 0.740765 1.955030
-0.006944 0.447704 1.940930
-0.093770 0.197474 1.888980
-0.090945 0.007468 1.785650
-0.041501 -0.058637 1.737740
0.322230 0.418411 1.982090
0.408413 0.163432 1.995640
0.436054 -0.042373 1.933490
0.448278 -0.119189 1.889360
0.069437 0.060864 1.938080
0.028036 -0.375824 1.938160
0.007858 -0.694808 1.935780
0.017518 -0.731601 1.854220
0.216318 0.052802 1.960920
0.244646 -0.389018 1.951510
0.257855 -0.703461 1.956170
0.268416 -0.739827 1.876260
0.145365 0.134318 1.951500
0.146063 0.192365 1.955630
0.154145 0.505334 1.957800
0.176991 0.742805 1.958370
-0.006787 0.451956 1.942300
-0.094508 0.201304 1.890410
-0.092648 0.012499 1.783740
-0.043392 -0.052902 1.732700
0.322801 0.421877 1.983360
0.409431 0.166140 1.997180
0.437640 -0.038985 1.933460
0.450939 -0.115167 1.888400
0.070997 0.064537 1.932730
0.028580 -0.373404 1.939640
0.009380 -0.691916 1.941610
0.019469 -0.727801 1.860770
0.217547 0.056377 1.955470
0.243988 -0.385655 1.951950
0.257161 -0.700136 1.960870
0.267720 -0.736016 1.880820
0.146493 0.136348 1.947540
0.146504 0.194436 1.954340
0.154458 0.501835 1.960290
0.178938 0.742579 1.962360
-0.006563 0.454719 1.943540
-0.095244 0.203055 1.891740
-0.094170 0.015625 1.781890
-0.044522 -0.049043 1.729390
0.323271 0.424190 1.984400
0.409836 0.167110 1.997990
0.438772 -0.037193 1.932970
0.453157 -0.112989 1.887320
0.072834 0.066355 1.926700
0.029040 -0.371583 1.940820
0.010480 -0.689481 1.945930
0.020857 -0.724722 1.865470
0.218801 0.058200 1.949410
0.243551 -0.383270 1.952230
0.256469 -0.696801 1.966230
0.267059 -0.732253 1.885980
0.147758 0.136682 1.943160
0.147055 0.195241 1.953120
0.154751 0.498247 1.962190
0.180601 0.740739 1.965750
-0.006031 0.455766 1.944860
-0.095892 0.202852 1.892880
-0.095792 0.016848 1.780030
-0.045150 -0.046259 1.727160
0.323769 0.425408 1.985500
0.409135 0.165041 1.996790
0.439273 -0.038251 1.930800
0.454847 -0.113663 1.885740
0.074804 0.066381 1.920560
0.029432 -0.370361 1.941710
0.011282 -0.687848 1.949030
0.021874 -0.722659 1.868760
0.219906 0.058409 1.943660
0.243267 -0.381735 1.952410
0.256064 -0.694910 1.969550
0.266702 -0.730051 1.889140
0.148946 0.135482 1.938270
0.147649 0.194557 1.951850
0.155125 0.494054 1.963620
0.181907 0.737191 1.968620
-0.005037 0.455260 1.946270
-0.096204 0.200677 1.893550
-0.098024 0.015083 1.778840
-0.048079 -0.048025 1.726890
0.324209 0.425737 1.986640
0.405674 0.158118 1.991420
0.438747 -0.043588 1.926140
0.455426 -0.118153 1.883250
0.076641 0.065185 1.914630
0.029715 -0.369544 1.942310
0.011975 -0.686474 1.952020
0.022746 -0.720981 1.871810
0.220539 0.057339 1.937790
0.243061 -0.380678 1.952530
0.255812 -0.693779 1.971710
0.266490 -0.728693 1.891180
0.149896 0.133522 1.933480
0.148171 0.192748 1.950690
0.155578 0.489421 1.964660
0.182742 0.732507 1.970940
-0.003898 0.453756 1.947600
-0.095304 0.196005 1.893350
-0.100087 0.009266 1.778850
-0.055538 -0.058987 1.729810
0.324534 0.425430 1.987710
0.401191 0.151149 1.985140
0.436920 -0.049686 1.921490
0.453697 -0.126852 1.880440
0.078238 0.063377 1.908950
0.029943 -0.368972 1.942730
0.012424 -0.685614 1.953980
0.023315 -0.719909 1.873770
0.220734 0.055668 1.932410
0.242931 -0.379919 1.952610
0.255654 -0.693004 1.973420
0.266370 -0.727734 1.892770
0.150479 0.131533 1.929460
0.148481 0.190435 1.949870
0.155954 0.485031 1.965350
0.183108 0.727787 1.972590
-0.002850 0.451921 1.948740
-0.093020 0.189133 1.891800
-0.101500 -0.003971 1.783020
-0.076432 -0.088680 1.745640
0.324723 0.424808 1.988630
0.395199 0.144305 1.978310
0.432085 -0.056923 1.916330
0.445898 -0.138337 1.877970
0.079344 0.061670 1.904480
0.030158 -0.368603 1.943020
0.012733 -0.685066 1.955310
0.023704 -0.719210 1.875100
0.220532 0.053990 1.927930
0.242864 -0.379400 1.952660
0.255505 -0.692460 1.975110
0.266274 -0.727019 1.894300
0.150835 0.129755 1.926300
0.148629 0.187932 1.949420
0.156304 0.480459 1.965790
0.183015 0.722815 1.973810
-0.001894 0.450077 1.949620
-0.089955 0.181164 1.888690
-0.101728 -0.024151 1.790750
-0.088852 -0.114608 1.761630
0.324800 0.424031 1.989400
0.387935 0.138134 1.972280
0.424757 -0.064187 1.911530
0.433616 -0.149553 1.876120
0.080177 0.060168 1.900930
0.030419 -0.368430 1.943140
0.012953 -0.684692 1.956260
0.023982 -0.718721 1.876060
0.220186 0.052544 1.924590
0.242858 -0.379103 1.952680
0.255374 -0.692155 1.976420
0.266195 -0.726563 1.895450
0.151296 0.128141 1.923740
0.148892 0.185334 1.949240
0.156642 0.475895 1.965940
0.182519 0.717994 1.974710
-0.001085 0.448375 1.950270
-0.087199 0.175443 1.886410
-0.100186 -0.043294 1.802070
-0.094635 -0.135798 1.781530
0.324774 0.423249 1.990030
0.382543 0.134250 1.968290
0.412419 -0.070903 1.907170
0.412255 -0.159844 1.875840
0.081312 0.058612 1.897880
0.030724 -0.368484 1.943090
0.013116 -0.684428 1.956950
0.024195 -0.718378 1.876750
0.220015 0.051401 1.922130
0.242904 -0.378992 1.952670
0.255054 -0.692069 1.978210
0.265982 -0.726310 1.897040
0.151721 0.126654 1.921620
0.149116 0.182797 1.949210
0.156759 0.471957 1.965810
0.181990 0.713984 1.975320
-0.000367 0.446752 1.950700
-0.084326 0.170856 1.885010
-0.097925 -0.059461 1.815230
-0.096132 -0.150748 1.798480
0.324648 0.422476 1.990510
0.378023 0.131580 1.965510
0.400500 -0.075534 1.903970
0.395440 -0.165492 1.875060
0.082394 0.057150 1.895410
0.031062 -0.368779 1.942860
0.013224 -0.684309 1.957440
0.024353 -0.718205 1.877180
0.219892 0.050447 1.920220
0.242967 -0.379033 1.952650
0.254632 -0.692172 1.979960
0.265682 -0.726256 1.898580
0.151326 0.124585 1.918110
0.148672 0.180106 1.948470
0.156679 0.469305 1.965560
0.181506 0.711366 1.975600
0.000251 0.445023 1.950850
-0.082122 0.167263 1.884320
-0.096160 -0.069070 1.826640
-0.095449 -0.159802 1.813060
0.324275 0.421654 1.990800
0.374312 0.129752 1.963680
0.391441 -0.078352 1.901890
0.383364 -0.168412 1.874190
0.082642 0.055508 1.891850
0.031354 -0.369214 1.942440
0.013303 -0.684288 1.957840
0.024480 -0.718116 1.877510
0.218639 0.048851 1.916440
0.243035 -0.379194 1.952570
0.254245 -0.692378 1.981330
0.265420 -0.726298 1.899780
0.150691 0.122782 1.914790
0.147983 0.177674 1.947630
0.156466 0.467254 1.965170
0.180824 0.709368 1.975570
0.000742 0.443265 1.950700
-0.080288 0.164223 1.884400
-0.094321 -0.074292 1.837430
-0.093389 -0.164070 1.825380
0.323817 0.420873 1.990970
0.371029 0.128486 1.962520
0.384521 -0.080135 1.900740
0.374513 -0.169986 1.873690
0.082517 0.054096 1.888440
0.031533 -0.369800 1.941730
0.013331 -0.684390 1.958090
0.024573 -0.718158 1.877690
0.217300 0.047442 1.912970
0.243116 -0.379468 1.952480
0.253791 -0.692715 1.982710
0.265117 -0.726479 1.900990
0.149921 0.121275 1.911740
0.147146 0.175575 1.946720
0.156084 0.465654 1.964540
0.179816 0.707827 1.975110
0.001139 0.441530 1.950280
-0.078826 0.161618 1.885120
-0.092635 -0.074557 1.850000
-0.089832 -0.163633 1.837470
0.323136 0.420081 1.990950
0.367884 0.127850 1.961890
0.378955 -0.081132 1.900830
0.368764 -0.170838 1.873810
0.082189 0.052983 1.885400
0.031587 -0.370477 1.940740
0.013331 -0.684588 1.958250
0.024647 -0.718305 1.877750
0.215981 0.046300 1.909880
0.243193 -0.379821 1.952300
0.253394 -0.693083 1.983800
0.264860 -0.726717 1.901950
0.149030 0.119906 1.908840
0.146130 0.173642 1.945670
0.155375 0.464308 1.963400
0.178688 0.706684 1.974340
0.001531 0.439601 1.949310
-0.077652 0.159099 1.886720
-0.090894 -0.072212 1.861150
-0.084917 -0.156919 1.851300
0.322041 0.419138 1.990580
0.364968 0.127759 1.961650
0.374333 -0.081418 1.901100
0.364670 -0.171094 1.873900
0.081741 0.052072 1.882710
0.031480 -0.371279 1.939430
0.013307 -0.684917 1.958320
0.024722 -0.718594 1.877700
0.214674 0.045294 1.907090
0.243258 -0.380297 1.952050
0.253042 -0.693529 1.984680
0.264649 -0.727055 1.902740
0.148187 0.118774 1.906310
0.145104 0.171987 1.944650
0.154479 0.463163 1.961870
0.177595 0.705804 1.973200
0.001841 0.437800 1.947950
-0.076622 0.156815 1.889040
-0.089452 -0.070289 1.869540
-0.081551 -0.150763 1.860450
0.320795 0.418191 1.990000
0.362487 0.127970 1.961620
0.371028 -0.081406 1.901450
0.361855 -0.170957 1.874040
0.081253 0.051339 1.880330
0.031299 -0.372124 1.937970
0.013275 -0.685353 1.958330
0.024820 -0.719001 1.877580
0.213525 0.044460 1.904730
0.243256 -0.380937 1.951600
0.252575 -0.694081 1.985650
0.264365 -0.727517 1.903640
0.146700 0.117921 1.902280
0.143635 0.170945 1.942820
0.150932 0.471940 1.958050
0.176122 0.712345 1.968910
0.002063 0.436264 1.946360
-0.075839 0.154988 1.891530
-0.088438 -0.068991 1.874840
-0.079508 -0.146762 1.865700
0.319086 0.417090 1.988890
0.360424 0.128296 1.961670
0.368700 -0.081298 1.901750
0.360017 -0.170571 1.874200
0.079078 0.051401 1.874830
0.030949 -0.372474 1.935970
0.013238 -0.685538 1.958220
0.024892 -0.719173 1.877320
0.212152 0.043821 1.901120
0.243142 -0.381481 1.951000
0.252198 -0.694461 1.986330
0.264137 -0.727829 1.904270
0.145620 0.117274 1.899270
0.142439 0.170088 1.941320
0.149173 0.473015 1.955460
0.174901 0.713582 1.966680
0.002208 0.434951 1.944540
-0.075282 0.153596 1.893670
-0.087766 -0.068152 1.878200
-0.078165 -0.143857 1.868720
0.317277 0.415986 1.987480
0.358533 0.129168 1.961750
0.366913 -0.080663 1.902140
0.359008 -0.169407 1.874480
0.077704 0.051391 1.871020
0.030560 -0.372863 1.933980
0.013166 -0.685807 1.957990
0.024944 -0.719438 1.876960
0.211150 0.043329 1.898400
0.243000 -0.382086 1.950330
0.251788 -0.694899 1.987040
0.263879 -0.728220 1.904940
0.144802 0.116926 1.896540
0.141445 0.169621 1.939900
0.147653 0.476080 1.953250
0.173577 0.717376 1.963650
0.002233 0.433904 1.942660
-0.074926 0.152582 1.895340
-0.087297 -0.067468 1.880420
-0.077274 -0.141512 1.870090
0.315649 0.415059 1.986080
0.356967 0.130160 1.961780
0.365639 -0.079871 1.902460
0.358621 -0.168066 1.874780
0.076578 0.051661 1.867560
0.030068 -0.373050 1.931840
0.013090 -0.686023 1.957690
0.025003 -0.719645 1.876500
0.210532 0.043011 1.895880
0.242850 -0.382688 1.949530
0.251333 -0.695323 1.987730
0.263587 -0.728603 1.905600
0.144168 0.116652 1.894400
0.140575 0.169208 1.938680
0.146427 0.476689 1.951270
0.172549 0.718402 1.961860
0.002144 0.433053 1.940710
-0.074717 0.151822 1.896590
-0.087045 -0.066728 1.881450
-0.077017 -0.139606 1.869610
0.314115 0.414211 1.984600
0.355833 0.130604 1.961580
0.364799 -0.079630 1.902590
0.358518 -0.167447 1.874940
0.075800 0.051859 1.865100
0.029331 -0.373272 1.929510
0.013012 -0.686259 1.957400
0.025056 -0.719878 1.876090
0.210026 0.042709 1.893830
0.242623 -0.383387 1.948640
0.250890 -0.695820 1.988370
0.263301 -0.729075 1.906230
0.143684 0.116434 1.892730
0.139838 0.168836 1.937640
0.145300 0.476270 1.949300
0.171525 0.718661 1.960330
0.001901 0.432336 1.938630
-0.074620 0.151249 1.897430
-0.087215 -0.065912 1.880880
-0.077446 -0.138348 1.866790
0.312648 0.413453 1.983030
0.354463 0.131311 1.960740
0.364237 -0.079385 1.902670
0.358681 -0.166894 1.875060
0.075272 0.051986 1.863280
0.028655 -0.373534 1.927440
0.012929 -0.686538 1.957120
0.025105 -0.720155 1.875700
0.209630 0.042442 1.892210
0.242352 -0.384158 1.947650
0.250502 -0.696357 1.988870
0.263057 -0.729599 1.906730
0.143297 0.116238 1.891400
0.139190 0.168464 1.936760
0.144212 0.474872 1.947330
0.170355 0.718165 1.958940
0.001568 0.431793 1.936680
-0.074586 0.150830 1.897970
-0.088133 -0.064917 1.877310
-0.079050 -0.137739 1.860310
0.311272 0.412845 1.981430
0.353126 0.132072 1.959460
0.363952 -0.079246 1.902650
0.359022 -0.166628 1.875080
0.074907 0.052050 1.861940
0.028077 -0.373850 1.925650
0.012847 -0.686889 1.956850
0.025147 -0.720501 1.875340
0.209292 0.042187 1.890900
0.242017 -0.385014 1.946550
0.250148 -0.696958 1.989300
0.262826 -0.730201 1.907160
0.142930 0.116039 1.890280
0.138571 0.168087 1.935990
0.143349 0.473433 1.945780
0.169137 0.717438 1.957690
0.001083 0.431364 1.934810
-0.074753 0.150475 1.898180
-0.089830 -0.064007 1.870810
-0.081727 -0.139147 1.849020
0.309860 0.412398 1.979730
0.352091 0.132805 1.958240
0.363955 -0.079119 1.902540
0.359542 -0.166444 1.875040
0.074625 0.052072 1.860940
0.027570 -0.374228 1.924090
0.012767 -0.687330 1.956600
0.025180 -0.720934 1.875010
0.208923 0.041915 1.889710
0.241606 -0.385931 1.945360
0.249802 -0.697614 1.989730
0.262581 -0.730869 1.907600
0.142568 0.115827 1.889330
0.137963 0.167683 1.935310
0.142605 0.471850 1.944450
0.167679 0.716423 1.956520
0.000463 0.431020 1.933050
-0.075280 0.150139 1.897840
-0.091853 -0.063311 1.862300
-0.084467 -0.141601 1.834900
0.308479 0.412037 1.977920
0.351284 0.133558 1.957050
0.364370 -0.079188 1.902100
0.360374 -0.166465 1.874870
0.074400 0.052061 1.860190
0.027162 -0.374674 1.922710
0.010772 -0.704594 1.958100
0.012381 -0.768015 1.912520
0.208510 0.041605 1.888630
0.241215 -0.386899 1.944090
0.249474 -0.698325 1.990150
0.262320 -0.731603 1.908020
0.142169 0.115621 1.888450
0.137324 0.167287 1.934650
0.141939 0.470466 1.943380
0.166245 0.715476 1.955540
-0.000275 0.430750 1.931420
-0.076255 0.149802 1.896520
-0.093878 -0.062806 1.852490
-0.086637 -0.143084 1.821660
0.307289 0.411772 1.976250
0.350674 0.134063 1.955850
0.365032 -0.079263 1.901400
0.361349 -0.166590 1.874530
0.074189 0.052026 1.859580
0.026805 -0.375262 1.921130
0.010508 -0.706527 1.957990
0.016295 -0.756343 1.898860
0.208051 0.041289 1.887600
0.240944 -0.387861 1.942680
0.249186 -0.699012 1.990490
0.262080 -0.732315 1.908360
0.141646 0.115332 1.887510
0.136576 0.166800 1.933950
0.141277 0.469191 1.942460
0.164654 0.714543 1.954690
-0.001064 0.430510 1.929920
-0.077835 0.149474 1.893770
-0.095680 -0.062376 1.841520
-0.088055 -0.145680 1.806310
0.305964 0.411445 1.974360
0.350269 0.134606 1.954690
0.365938 -0.079355 1.900340
0.362347 -0.166745 1.873590
0.073958 0.051936 1.859030
0.026520 -0.375898 1.919740
0.010375 -0.707324 1.957750
0.018838 -0.748337 1.889770
0.207430 0.040877 1.886450
0.240728 -0.388831 1.941240
0.248937 -0.699747 1.990720
0.261842 -0.733081 1.908590
0.141093 0.115000 1.886540
0.135849 0.166288 1.933250
0.140734 0.468120 1.941720
0.162735 0.713656 1.953800
-0.001884 0.430301 1.928580
-0.079581 0.149141 1.889830
-0.097000 -0.062072 1.831090
-0.088781 -0.146898 1.791940
0.304671 0.411068 1.972460
0.350019 0.135216 1.953500
0.366879 -0.079395 1.899110
0.363372 -0.166769 1.871740
0.073697 0.051767 1.858450
0.026285 -0.376560 1.918520
0.010299 -0.707377 1.957300
0.020560 -0.742474 1.882820
0.206788 0.040443 1.885300
0.240602 -0.389781 1.939740
0.248778 -0.700608 1.990660
0.261667 -0.733976 1.908510
0.140488 0.114686 1.885540
0.135098 0.165798 1.932530
0.140223 0.467218 1.941110
0.160615 0.712878 1.952860
-0.002660 0.430152 1.927440
-0.081291 0.148930 1.885570
-0.097672 -0.061726 1.822120
-0.088928 -0.147094 1.780290
0.303627 0.410881 1.970960
0.349888 0.135936 1.952230
0.367836 -0.079298 1.897670
0.364310 -0.166582 1.869370
0.073410 0.051576 1.857880
0.026123 -0.377175 1.917450
0.010197 -0.706909 1.956610
0.021561 -0.738562 1.877840
0.206060 0.040049 1.884000
0.240504 -0.390551 1.938350
0.248653 -0.701327 1.990580
0.261527 -0.734719 1.908410
0.139794 0.114293 1.884370
0.134287 0.165234 1.931700
0.139672 0.466386 1.940520
0.158366 0.712183 1.951840
-0.003482 0.429987 1.926390
-0.082842 0.148665 1.881420
-0.097878 -0.061411 1.813680
-0.088623 -0.145799 1.770510
0.302521 0.410732 1.969480
0.349843 0.136688 1.950940
0.368747 -0.079121 1.895900
0.365235 -0.166246 1.866300
0.073069 0.051298 1.857200
0.026020 -0.377926 1.916210
0.010083 -0.706311 1.955880
0.022103 -0.736140 1.874470
0.205243 0.039624 1.882470
0.240484 -0.391214 1.937110
0.248554 -0.702020 1.990470
0.261396 -0.735431 1.908270
0.139072 0.113885 1.883120
0.133464 0.164663 1.930810
0.139050 0.465616 1.939940
0.156454 0.711643 1.950980
-0.004424 0.429775 1.925390
-0.084234 0.148311 1.877680
-0.097585 -0.061166 1.805950
-0.087435 -0.144112 1.762250
0.301486 0.410640 1.968140
0.349814 0.137310 1.949530
0.369520 -0.078946 1.893950
0.366011 -0.165941 1.863180
0.072660 0.050923 1.856350
0.025971 -0.378700 1.915020
0.009969 -0.705730 1.955180
0.022413 -0.734627 1.872150
0.204457 0.039234 1.880950
0.240530 -0.391792 1.935930
0.248487 -0.702722 1.990240
0.261283 -0.736151 1.908000
0.138341 0.113470 1.881790
0.132658 0.164089 1.929870
0.138419 0.464919 1.939370
0.154805 0.711221 1.950250
-0.005340 0.429576 1.924510
-0.085355 0.147991 1.874550
-0.097015 -0.060754 1.798700
-0.086076 -0.141742 1.755900
0.300475 0.410546 1.966870
0.349836 0.137852 1.948200
0.370091 -0.078732 1.891620
0.366663 -0.165687 1.860060
0.072209 0.050497 1.855330
0.025984 -0.379476 1.913820
0.009902 -0.705198 1.954560
0.022626 -0.733642 1.870550
0.203684 0.038864 1.879370
0.240668 -0.392335 1.934670
0.248403 -0.703311 1.990080
0.260497 -0.764918 1.949560
0.137675 0.113087 1.880500
0.131924 0.163555 1.928940
0.137720 0.464258 1.938760
0.153338 0.710893 1.949670
-0.006362 0.429353 1.923670
-0.086250 0.147629 1.871840
-0.096342 -0.060528 1.793060
-0.084431 -0.139745 1.750880
0.299510 0.410458 1.965680
0.349876 0.138330 1.946890
0.370489 -0.078460 1.889200
0.367129 -0.165403 1.857090
0.071776 0.050049 1.854260
0.026076 -0.380237 1.912680
0.009836 -0.704762 1.953990
0.022751 -0.732991 1.869370
0.203015 0.038548 1.877850
0.240851 -0.392839 1.933340
0.248362 -0.703932 1.989770
0.260242 -0.760304 1.936620
0.137047 0.112693 1.879220
0.131226 0.163014 1.927990
0.136911 0.463575 1.938070
0.151765 0.710579 1.949080
-0.007444 0.429087 1.922870
-0.086911 0.147215 1.869620
-0.095557 -0.060486 1.788760
-0.082918 -0.138055 1.747240
0.298567 0.410384 1.964570
0.349906 0.138729 1.945620
0.370731 -0.078214 1.886770
0.365548 -0.163691 1.849880
0.071347 0.049522 1.853120
0.026193 -0.381023 1.911630
0.009255 -0.708855 1.953600
0.021964 -0.739140 1.868760
0.202417 0.038264 1.876400
0.241031 -0.393286 1.932110
0.248356 -0.704584 1.989360
0.260948 -0.776381 1.959560
0.136402 0.112269 1.877900
0.130516 0.162453 1.927000
0.136042 0.462943 1.937350
0.149735 0.710302 1.948180
-0.008509 0.428803 1.922130
-0.087399 0.146781 1.867730
-0.094778 -0.060583 1.785610
-0.081192 -0.136239 1.744700
0.297637 0.410263 1.963490
0.350005 0.138500 1.943900
0.370819 -0.077983 1.884560
0.364966 -0.162760 1.845310
0.070884 0.048946 1.851920
0.026328 -0.381824 1.910620
0.008785 -0.712225 1.953210
0.021304 -0.743941 1.868360
0.201820 0.037977 1.874910
0.241235 -0.393690 1.931000
0.248393 -0.705279 1.988840
0.260970 -0.761995 1.931910
0.135834 0.111881 1.876710
0.129897 0.161946 1.926100
0.135196 0.462385 1.936660
0.147253 0.710088 1.947100
-0.009587 0.428507 1.921440
-0.087745 0.146329 1.866110
-0.094093 -0.060782 1.783350
-0.079540 -0.134574 1.743150
0.296572 0.410072 1.962310
0.350110 0.137773 1.941980
0.370827 -0.077966 1.882410
0.364701 -0.162430 1.842140
0.070466 0.048411 1.850790
0.026465 -0.382541 1.909780
0.008361 -0.714747 1.952780
0.020689 -0.747365 1.867970
0.201314 0.037725 1.873620
0.241465 -0.394073 1.929940
0.248485 -0.706004 1.988230
0.261072 -0.753335 1.915180
0.135388 0.111542 1.875690
0.129398 0.161506 1.925320
0.134421 0.461906 1.936020
0.145137 0.709958 1.946180
-0.010597 0.428219 1.920800
-0.088010 0.145893 1.864770
-0.093502 -0.061040 1.781750
-0.077950 -0.133385 1.742330
0.295599 0.409919 1.961260
0.350148 0.137225 1.940320
0.370775 -0.077880 1.880670
0.364570 -0.162187 1.840040
0.070151 0.047908 1.849760
0.026596 -0.383206 1.909050
0.008042 -0.716581 1.952400
0.020233 -0.749756 1.867680
0.200934 0.037521 1.872540
0.241726 -0.394429 1.928940
0.248592 -0.706690 1.987650
0.261149 -0.749028 1.906720
0.135014 0.111374 1.874470
0.128954 0.161411 1.924400
0.130680 0.472765 1.935130
0.142558 0.712487 1.944660
-0.011559 0.427989 1.920220
-0.088192 0.145519 1.863700
-0.092925 -0.061350 1.780670
-0.076216 -0.132589 1.742250
0.294703 0.409815 1.960310
0.350125 0.136941 1.939000
0.370715 -0.077695 1.879270
0.364500 -0.161979 1.838630
0.069775 0.047573 1.848390
0.026715 -0.383638 1.908450
0.007808 -0.717943 1.952100
0.019893 -0.751478 1.867470
0.200826 0.037562 1.871130
0.241978 -0.394574 1.928000
0.248897 -0.707363 1.986480
0.261465 -0.746048 1.900480
0.134729 0.111258 1.873470
0.128596 0.161366 1.923630
0.129214 0.474196 1.934200
0.140491 0.714109 1.943430
-0.012473 0.427791 1.919690
-0.088310 0.145174 1.862850
-0.092221 -0.061835 1.780120
-0.074233 -0.132032 1.743320
0.293984 0.409789 1.959570
0.350080 0.136576 1.937790
0.370638 -0.077607 1.878080
0.364460 -0.161876 1.837610
0.069492 0.047298 1.847270
0.026830 -0.384017 1.907950
0.007632 -0.718943 1.951840
0.019648 -0.752701 1.867300
0.200782 0.037628 1.869960
0.242204 -0.394687 1.927210
0.249320 -0.708109 1.985010
0.261774 -0.744299 1.896360
