0.144604 -0.478362 2.373410
0.170413 -0.433129 2.415810
0.208253 -0.151703 2.418380
0.160370 0.047731 2.379720
0.041101 -0.250537 2.446710
0.004697 -0.422736 2.312150
-0.064544 -0.588174 2.125050
-0.118613 -0.604189 2.103640
0.348873 -0.228298 2.327070
0.342472 -0.423098 2.239390
0.223200 -0.516524 2.109070
0.247317 -0.602580 2.097550
0.041043 -0.543909 2.404040
-0.081430 -0.627036 2.108270
-0.179041 -0.893079 1.963190
-0.206989 -0.929059 1.894900
0.220660 -0.555777 2.318550
0.119259 -0.638919 2.010310
0.135494 -0.920168 1.932490
0.104984 -0.953128 1.856340
0.144621 -0.478367 2.373430
0.170427 -0.433141 2.415830
0.208255 -0.151705 2.418420
0.160378 0.047776 2.379780
0.041121 -0.250444 2.446890
0.004649 -0.422635 2.312250
-0.064371 -0.588337 2.125460
-0.128978 -0.646711 2.068500
0.348883 -0.228381 2.327100
0.342031 -0.422292 2.238290
0.259647 -0.545209 2.116530
0.281918 -0.627560 2.117020
0.041051 -0.543904 2.404040
-0.080603 -0.626508 2.107780
-0.180652 -0.891459 1.961800
-0.208317 -0.927649 1.894310
0.220717 -0.555766 2.318550
0.119289 -0.638929 2.010290
0.137805 -0.920360 1.932240
0.107300 -0.953321 1.856090
0.144658 -0.478373 2.373450
0.170454 -0.433155 2.415860
0.208259 -0.151710 2.418470
0.160393 0.047812 2.379840
0.041146 -0.250364 2.447040
0.004611 -0.422517 2.312380
-0.064247 -0.588505 2.125910
-0.134065 -0.667051 2.051280
0.348908 -0.228453 2.327140
0.341850 -0.419477 2.237000
0.285053 -0.561352 2.125960
0.290510 -0.635120 2.114770
0.041083 -0.543901 2.404060
-0.080482 -0.626704 2.107810
-0.181930 -0.890848 1.960940
-0.209573 -0.926938 1.893570
0.220805 -0.555758 2.318560
0.119318 -0.638938 2.010270
0.139573 -0.920480 1.932110
0.109081 -0.953441 1.855970
0.144699 -0.478380 2.373480
0.170484 -0.433168 2.415890
0.208272 -0.151711 2.418520
0.160410 0.047828 2.379880
0.041170 -0.250330 2.447130
0.004582 -0.422470 2.312410
-0.064012 -0.586640 2.123760
-0.129234 -0.639504 2.066940
0.348942 -0.228527 2.327170
0.341731 -0.416966 2.235880
0.294657 -0.567537 2.129500
0.308997 -0.619101 2.125400
0.041118 -0.543898 2.404080
-0.080442 -0.626958 2.107900
-0.174363 -0.896016 1.975260
-0.204123 -0.930299 1.902990
0.220896 -0.555751 2.318570
0.119347 -0.638947 2.010250
0.140967 -0.920544 1.932090
0.110491 -0.953506 1.855940
0.144738 -0.478393 2.373500
0.170514 -0.433187 2.415920
0.208287 -0.151716 2.418560
0.160455 0.047824 2.379920
0.041197 -0.250302 2.447210
0.004571 -0.422436 2.312410
-0.063916 -0.585854 2.122750
-0.126221 -0.623304 2.078200
0.348981 -0.228601 2.327200
0.341657 -0.414922 2.235010
0.300568 -0.571407 2.131750
0.315911 -0.627597 2.132530
0.041149 -0.543898 2.404080
-0.080103 -0.625117 2.107270
-0.175495 -0.894054 1.975350
-0.204572 -0.928959 1.904030
0.220977 -0.555755 2.318580
0.119376 -0.638955 2.010230
0.141993 -0.920583 1.932090
0.111528 -0.953545 1.855940
0.144772 -0.478405 2.373510
0.170541 -0.433206 2.415940
0.208304 -0.151724 2.418600
0.160502 0.047814 2.379950
0.041224 -0.250280 2.447280
0.004581 -0.422418 2.312390
-0.064014 -0.586118 2.122780
-0.132922 -0.649182 2.056860
0.349026 -0.228672 2.327230
0.341511 -0.413736 2.234310
0.304564 -0.574181 2.133150
0.320729 -0.627654 2.132660
0.041176 -0.543899 2.404090
-0.079774 -0.623124 2.106540
-0.176919 -0.891675 1.974430
-0.205129 -0.927501 1.904580
0.221040 -0.555760 2.318580
0.119420 -0.638972 2.010200
0.142692 -0.920631 1.932070
0.112233 -0.953593 1.855920
0.144805 -0.478416 2.373530
0.170567 -0.433224 2.415970
0.208325 -0.151727 2.418650
0.160548 0.047810 2.379980
0.041252 -0.250263 2.447340
0.004615 -0.422400 2.312360
-0.064115 -0.586570 2.123030
-0.136678 -0.664594 2.044740
0.349075 -0.228743 2.327260
0.341403 -0.412827 2.233760
0.306240 -0.575429 2.133900
0.323467 -0.627512 2.132540
0.041201 -0.543899 2.404090
-0.079737 -0.623314 2.106540
-0.178381 -0.891392 1.973660
-0.206124 -0.927162 1.904440
0.221098 -0.555766 2.318580
0.119463 -0.638993 2.010180
0.143206 -0.920664 1.932020
0.112753 -0.953626 1.855860
0.144835 -0.478427 2.373540
0.170593 -0.433241 2.415990
0.208347 -0.151731 2.418690
0.160598 0.047801 2.380010
0.041289 -0.250232 2.447410
0.004656 -0.422379 2.312320
-0.064250 -0.587069 2.123350
-0.138978 -0.673933 2.037490
0.349124 -0.228811 2.327300
0.341326 -0.412090 2.233320
0.305923 -0.575259 2.134100
0.321563 -0.617150 2.131300
0.041224 -0.543896 2.404090
-0.079771 -0.624307 2.106800
-0.181518 -0.889821 1.968200
-0.209473 -0.925758 1.898730
0.221151 -0.555772 2.318580
0.119507 -0.639011 2.010160
0.143555 -0.920683 1.931950
0.113109 -0.953646 1.855800
0.144851 -0.478438 2.373530
0.170608 -0.433258 2.415990
0.208371 -0.151736 2.418720
0.160660 0.047790 2.380050
0.041326 -0.250205 2.447470
0.005241 -0.421625 2.313650
-0.063996 -0.586918 2.125560
-0.140467 -0.680056 2.032860
0.349177 -0.228876 2.327330
0.341393 -0.410685 2.232780
0.304143 -0.573095 2.134480
0.317822 -0.623497 2.132790
0.041227 -0.543890 2.404030
-0.079853 -0.625805 2.106890
-0.185143 -0.888297 1.962120
-0.213482 -0.924470 1.892230
0.221170 -0.555781 2.318540
0.119556 -0.639031 2.010130
0.143837 -0.920702 1.931940
0.113395 -0.953664 1.855780
0.144861 -0.478447 2.373520
0.170618 -0.433273 2.415990
0.208397 -0.151741 2.418750
0.160721 0.047778 2.380080
0.041364 -0.250180 2.447530
0.005541 -0.421268 2.314190
-0.063968 -0.587024 2.126430
-0.141468 -0.684082 2.029980
0.349233 -0.228941 2.327360
0.341343 -0.410020 2.232420
0.308071 -0.576924 2.134920
0.320513 -0.634122 2.142150
0.041222 -0.543881 2.403980
-0.079337 -0.625314 2.106210
-0.186757 -0.886838 1.959850
-0.214703 -0.923657 1.890940
0.221179 -0.555791 2.318510
0.119610 -0.639055 2.010100
0.144031 -0.920716 1.931930
0.113596 -0.953678 1.855770
0.144869 -0.478452 2.373520
0.170626 -0.433284 2.415990
0.208421 -0.151746 2.418780
0.160788 0.047765 2.380110
0.041404 -0.250129 2.447600
0.005791 -0.420878 2.314690
-0.063785 -0.586969 2.127230
-0.141379 -0.685614 2.028910
0.349305 -0.228985 2.327410
0.341325 -0.409421 2.232120
0.296106 -0.569005 2.132560
0.314297 -0.622121 2.153890
0.041214 -0.543866 2.403940
-0.079231 -0.625775 2.106100
-0.170853 -0.897276 1.986480
-0.201473 -0.931518 1.911690
0.221183 -0.555798 2.318480
0.119673 -0.639080 2.010070
0.144146 -0.920729 1.931980
0.113722 -0.953690 1.855810
0.144876 -0.478454 2.373520
0.170632 -0.433290 2.416000
0.208436 -0.151747 2.418800
0.160869 0.047772 2.380140
0.041448 -0.250061 2.447670
0.006042 -0.420553 2.315110
-0.060431 -0.585334 2.126310
-0.119294 -0.631562 2.073380
0.349374 -0.229012 2.327480
0.341904 -0.411125 2.232630
0.260010 -0.540781 2.117730
0.246564 -0.582362 2.107040
0.041216 -0.543849 2.403930
-0.079115 -0.626291 2.106140
-0.170262 -0.898903 1.988820
-0.200493 -0.932514 1.914040
0.221192 -0.555801 2.318470
0.119735 -0.639104 2.010040
0.144253 -0.920731 1.932000
0.113837 -0.953693 1.855830
0.144883 -0.478457 2.373520
0.170637 -0.433296 2.416000
0.208448 -0.151745 2.418820
0.160948 0.047780 2.380170
0.041475 -0.250021 2.447700
0.006260 -0.420284 2.315460
-0.057677 -0.584017 2.125480
-0.108910 -0.606023 2.094510
0.349442 -0.229033 2.327540
0.342431 -0.413215 2.233120
0.239583 -0.524941 2.109280
0.207887 -0.559501 2.079530
0.041218 -0.543835 2.403930
-0.079106 -0.626873 2.106340
-0.170542 -0.900167 1.989560
-0.200177 -0.933214 1.915270
0.221202 -0.555811 2.318490
0.119792 -0.639125 2.010010
0.144321 -0.920727 1.932010
0.113917 -0.953692 1.855830
0.144894 -0.478458 2.373530
0.170639 -0.433296 2.416010
0.208446 -0.151733 2.418810
0.161001 0.047790 2.380140
0.041322 -0.250094 2.447580
0.006191 -0.419931 2.316070
-0.056398 -0.582663 2.124970
-0.104863 -0.592687 2.105150
0.349499 -0.229044 2.327590
0.342854 -0.415195 2.233410
0.232114 -0.519488 2.106160
0.193159 -0.551457 2.069130
0.041222 -0.543826 2.403930
-0.078553 -0.623566 2.105480
-0.171782 -0.896990 1.986830
-0.199973 -0.931743 1.915520
0.221258 -0.555816 2.318530
0.119851 -0.639115 2.010010
0.144302 -0.920650 1.931870
0.113945 -0.953618 1.855670
0.144911 -0.478448 2.373540
0.170643 -0.433280 2.416020
0.208393 -0.151660 2.418630
0.160788 0.048005 2.379560
0.040991 -0.250187 2.447260
0.005396 -0.419732 2.317760
-0.056454 -0.581758 2.125350
-0.108613 -0.601592 2.094360
0.349533 -0.229050 2.327600
0.343154 -0.417038 2.233390
0.260061 -0.543238 2.107590
0.241612 -0.592945 2.068940
0.041227 -0.543815 2.403940
-0.077959 -0.620317 2.104630
-0.171097 -0.894938 1.984590
-0.198672 -0.930605 1.915470
0.221358 -0.555798 2.318610
0.121631 -0.636524 2.010060
0.144309 -0.919224 1.932470
0.114089 -0.952234 1.856220
0.144954 -0.478385 2.373580
0.170645 -0.433162 2.416050
0.207674 -0.151360 2.417080
0.159546 0.048127 2.376190
0.040048 -0.250208 2.446440
0.001760 -0.419375 2.322090
-0.059548 -0.581550 2.129040
-0.129366 -0.647198 2.056780
0.349563 -0.229024 2.327440
0.343408 -0.418940 2.232790
0.277799 -0.559983 2.108610
0.253183 -0.607048 2.064860
0.041235 -0.543786 2.403990
-0.068069 -0.593882 2.096890
-0.169044 -0.878023 1.975040
-0.196561 -0.911595 1.902980
0.221697 -0.555662 2.318950
0.124168 -0.632762 2.010500
0.144454 -0.916979 1.933250
0.114430 -0.950089 1.856930
0.145096 -0.478016 2.373770
0.170531 -0.432466 2.416080
0.203968 -0.150504 2.409780
0.155040 0.048695 2.367260
0.034483 -0.249358 2.441700
-0.002948 -0.419173 2.326060
-0.063810 -0.531147 2.151240
-0.129206 -0.574894 2.103950
0.349076 -0.228419 2.326260
0.343604 -0.420762 2.231380
0.283818 -0.566425 2.108130
0.262062 -0.616611 2.064330
0.041278 -0.543615 2.404340
-0.065777 -0.587818 2.095590
-0.127709 -0.867087 1.993300
-0.155322 -0.900873 1.918140
0.222770 -0.554960 2.320240
0.128629 -0.627436 2.011820
0.149614 -0.911095 1.938430
0.120522 -0.944407 1.862060
0.145341 -0.477243 2.374010
0.170106 -0.430189 2.415320
0.195796 -0.147588 2.390840
0.143176 0.049949 2.347990
0.025183 -0.248311 2.433610
-0.018516 -0.417130 2.331980
-0.012964 -0.483120 2.125190
-0.075051 -0.508875 2.098870
0.347231 -0.227311 2.321590
0.343870 -0.422493 2.228680
0.287189 -0.570571 2.107800
0.298853 -0.630013 2.085580
0.041338 -0.543354 2.404820
-0.064532 -0.584565 2.094990
-0.109909 -0.864864 2.000630
-0.136961 -0.899155 1.924470
0.224408 -0.553830 2.322060
0.134075 -0.622182 2.013210
0.162228 -0.902442 1.946600
0.134454 -0.936498 1.870370
0.145729 -0.475634 2.373710
0.168583 -0.425075 2.411090
0.186596 -0.145509 2.370510
0.123142 0.046944 2.316210
0.009207 -0.248439 2.417960
-0.035605 -0.418528 2.334880
0.004637 -0.464895 2.116320
-0.052671 -0.481681 2.096550
0.342738 -0.224721 2.312750
0.344137 -0.423518 2.223370
0.289280 -0.573520 2.107570
0.312065 -0.634637 2.092240
0.041389 -0.543092 2.405120
-0.063376 -0.583021 2.094670
-0.100118 -0.863852 2.005000
-0.126194 -0.898813 1.928440
0.226591 -0.552112 2.323700
0.145960 -0.618732 2.013550
0.167965 -0.899316 1.951610
0.141441 -0.934027 1.875610
0.145776 -0.473299 2.372520
0.164672 -0.418101 2.402550
0.170364 -0.147514 2.343450
0.106275 0.043731 2.291340
-0.012070 -0.250926 2.396110
-0.054036 -0.423099 2.332650
0.032591 -0.454706 2.091510
0.031572 -0.465663 2.041720
0.333046 -0.221301 2.297040
0.346199 -0.418902 2.215340
0.315659 -0.579094 2.113920
0.346674 -0.636167 2.107790
0.041312 -0.542818 2.405180
-0.061890 -0.584406 2.093940
-0.091072 -0.865196 2.009780
-0.115465 -0.901765 1.933410
0.228526 -0.550452 2.325030
0.158596 -0.618847 2.013580
0.171154 -0.898271 1.955060
0.145832 -0.933992 1.879520
0.145624 -0.468591 2.367350
0.158382 -0.409525 2.386510
0.150562 -0.152075 2.313800
0.077538 0.035552 2.258790
-0.038028 -0.261820 2.367610
-0.081900 -0.437670 2.319980
0.044545 -0.453778 2.078840
0.079063 -0.463476 2.010080
0.319329 -0.217512 2.280070
0.347277 -0.414941 2.207740
0.322640 -0.580730 2.114200
0.359653 -0.636736 2.112570
0.041294 -0.542556 2.404520
-0.043247 -0.633794 2.096960
-0.095593 -0.907827 2.012880
-0.116647 -0.949875 1.936600
0.232400 -0.545906 2.324700
0.171431 -0.622481 2.012390
0.173533 -0.899505 1.958290
0.150069 -0.937374 1.883370
0.144391 -0.463614 2.357920
0.150755 -0.403433 2.366600
0.130379 -0.158258 2.285250
0.049389 0.025383 2.226370
-0.057163 -0.272877 2.346340
-0.102192 -0.451408 2.307680
0.047131 -0.464448 2.068060
0.099598 -0.465802 1.994960
0.300431 -0.214569 2.258820
0.346862 -0.412473 2.200200
0.326980 -0.582282 2.114250
0.367545 -0.637805 2.115470
0.041148 -0.542950 2.401100
-0.039518 -0.672873 2.097360
-0.075269 -0.947788 2.019270
-0.092433 -0.994501 1.943970
0.236038 -0.541246 2.322910
0.179325 -0.625535 2.010730
0.175399 -0.901693 1.961190
0.153705 -0.942138 1.886980
0.139969 -0.458650 2.335360
0.140456 -0.401129 2.337900
0.113382 -0.164710 2.262570
0.027307 0.017112 2.199720
-0.072840 -0.282517 2.326710
-0.112906 -0.461988 2.300190
0.044385 -0.478399 2.061830
0.109571 -0.472544 1.985300
0.280303 -0.214468 2.236000
0.344399 -0.411363 2.190630
0.329991 -0.584234 2.113830
0.373144 -0.638830 2.117500
0.040654 -0.545578 2.387870
-0.040126 -0.690861 2.091710
0.004084 -0.958976 2.070240
-0.011703 -1.006290 1.995530
0.240251 -0.533476 2.309610
0.183868 -0.650318 2.004090
0.174662 -0.924495 1.959310
0.155242 -0.968886 1.885030
0.137517 -0.456659 2.295060
0.131845 -0.403372 2.297420
0.084705 -0.177656 2.229720
-0.001350 -0.001864 2.163640
-0.093321 -0.299214 2.295700
-0.119224 -0.476887 2.292290
0.038391 -0.479279 2.062290
0.108726 -0.470812 1.984090
0.253503 -0.217921 2.204340
0.340054 -0.410367 2.178950
0.331629 -0.586204 2.113240
0.375411 -0.640136 2.119810
0.050742 -0.554962 2.348280
-0.054132 -0.712357 2.071900
0.026704 -0.954006 2.061740
0.005055 -0.897430 2.039130
0.248448 -0.521753 2.266440
0.178100 -0.680766 1.982930
0.176792 -0.948724 1.964620
0.159392 -0.995408 1.890620
0.083462 -0.460386 2.249200
0.082367 -0.411539 2.252180
0.067344 -0.184451 2.208490
-0.022971 -0.014554 2.136590
-0.104240 -0.307855 2.279450
-0.125237 -0.487850 2.284000
0.034221 -0.480121 2.062030
0.099289 -0.470154 1.987450
0.228940 -0.221720 2.172220
0.333168 -0.408490 2.162860
0.322083 -0.587143 2.102670
0.366463 -0.640227 2.118340
-0.008159 -0.561826 2.303680
-0.058366 -0.743323 2.032280
0.056090 -0.953583 2.040770
0.021839 -0.872295 2.050320
0.184960 -0.525163 2.217830
0.179357 -0.715454 1.947420
0.157006 -0.967128 1.989400
0.137704 -1.012140 1.915110
0.056163 -0.469282 2.210910
0.056152 -0.421176 2.215330
0.041458 -0.193547 2.170140
-0.042939 -0.022794 2.109850
-0.121522 -0.314168 2.253190
-0.128600 -0.492444 2.280980
0.028361 -0.480380 2.062840
0.084689 -0.470472 1.991580
0.205376 -0.225502 2.138630
0.317623 -0.399437 2.130340
0.320953 -0.587154 2.102850
0.331495 -0.634311 2.095090
-0.032108 -0.572746 2.261140
-0.073753 -0.769564 1.996880
0.065925 -0.957400 2.019270
0.026554 -0.856930 2.053090
0.159449 -0.532413 2.178490
0.174236 -0.763976 1.887390
0.147381 -0.973445 2.013020
0.127549 -1.018440 1.939210
0.070627 -0.478077 2.168410
0.065161 -0.430173 2.172880
0.024480 -0.197662 2.145680
-0.062072 -0.026875 2.085600
-0.133102 -0.318222 2.237080
-0.132442 -0.496035 2.277630
0.016236 -0.481346 2.061870
0.063257 -0.472878 1.992560
0.179403 -0.232138 2.100240
0.304346 -0.389454 2.101200
0.277741 -0.569159 2.054500
0.267636 -0.614305 2.024380
-0.000157 -0.585740 2.219360
-0.118785 -0.782652 1.990250
0.048324 -0.957933 2.008410
0.009906 -0.842823 2.049530
0.179446 -0.531222 2.132660
0.144333 -0.799315 1.861610
0.174178 -0.971132 2.042480
0.149500 -1.016050 1.968450
0.066374 -0.488439 2.134480
0.060115 -0.438725 2.139860
0.003520 -0.198456 2.105770
-0.085380 -0.028965 2.056460
-0.148675 -0.320682 2.217550
-0.135395 -0.497861 2.275310
0.004570 -0.481994 2.060720
0.045297 -0.475470 1.992300
0.162955 -0.236096 2.072390
0.291988 -0.377698 2.066350
0.207222 -0.557461 1.982300
0.180187 -0.602283 1.942480
-0.003834 -0.598426 2.179760
-0.176827 -0.834176 1.960260
0.029980 -0.838971 2.066640
-0.029805 -0.797731 2.049880
0.175031 -0.538428 2.099770
0.121757 -0.826365 1.839600
0.181756 -0.935114 2.074810
0.154705 -0.979000 2.002490
0.064144 -0.491537 2.120920
0.057166 -0.441685 2.125920
-0.007855 -0.197895 2.085260
-0.100841 -0.029519 2.037090
-0.159247 -0.320310 2.201160
-0.138606 -0.497101 2.271890
-0.005456 -0.482252 2.057940
0.032106 -0.477621 1.990030
0.147390 -0.237562 2.043980
0.280806 -0.376998 2.045110
0.165742 -0.550648 1.940990
0.143276 -0.596967 1.908300
0.002605 -0.595796 2.182920
-0.191718 -0.847835 1.952760
0.033622 -0.766987 2.112830
-0.038185 -0.780562 2.054260
0.173205 -0.539907 2.086150
0.086171 -0.829880 1.827970
0.184447 -0.926484 2.079240
0.156144 -0.971537 2.008590
0.064257 -0.493070 2.115490
0.055789 -0.442841 2.117540
-0.019542 -0.193436 2.063440
-0.118802 -0.025521 2.010700
-0.169702 -0.316031 2.182600
-0.143721 -0.491741 2.264230
-0.016507 -0.481147 2.051500
0.019793 -0.478640 1.984340
0.132997 -0.234702 2.018530
0.264796 -0.370344 2.014900
0.157731 -0.548657 1.933760
0.125255 -0.593840 1.891330
0.006619 -0.593554 2.183810
-0.202090 -0.855405 1.952320
0.034583 -0.739559 2.128560
-0.043062 -0.770509 2.056400
0.173042 -0.540833 2.080910
0.054003 -0.823944 1.828390
0.184496 -0.922836 2.071030
0.155740 -0.969777 2.003280
0.065210 -0.489863 2.119430
0.054856 -0.439520 2.115440
-0.028206 -0.187615 2.046330
-0.129908 -0.022514 1.993300
-0.178215 -0.309884 2.165720
-0.149052 -0.483083 2.253110
-0.025485 -0.480285 2.044020
0.010503 -0.480090 1.977960
0.123881 -0.231492 2.001210
0.257458 -0.367640 2.001140
0.142931 -0.537323 1.928530
0.111848 -0.588276 1.882520
0.010101 -0.582380 2.199870
-0.204740 -0.854006 1.963580
0.036698 -0.724679 2.138050
-0.045700 -0.764323 2.058280
0.172852 -0.538579 2.084890
0.038497 -0.818798 1.830680
0.182774 -0.923246 2.061500
0.154239 -0.972414 1.995660
0.064587 -0.483811 2.123790
0.052736 -0.432764 2.114680
-0.034658 -0.179727 2.031100
-0.138964 -0.013328 1.970870
-0.184841 -0.296709 2.145820
-0.155033 -0.468388 2.234310
-0.034186 -0.476102 2.030520
0.002308 -0.478780 1.966180
0.115760 -0.224815 1.985370
0.250973 -0.364865 1.989020
0.116499 -0.521382 1.927730
0.096001 -0.577981 1.882260
0.010474 -0.572068 2.209780
-0.201487 -0.849905 1.980250
0.040530 -0.720251 2.144650
-0.046019 -0.762116 2.061220
0.170332 -0.533730 2.089510
0.030276 -0.813527 1.833740
0.179380 -0.925816 2.052060
0.151278 -0.977227 1.987510
0.059804 -0.474156 2.126500
0.046789 -0.421152 2.113160
-0.040780 -0.164604 2.013920
-0.145222 -0.001816 1.952710
-0.191045 -0.279454 2.128830
-0.164503 -0.442476 2.199810
-0.041155 -0.473542 2.016650
-0.003809 -0.479599 1.954480
0.108515 -0.211252 1.969960
0.242292 -0.357605 1.975670
0.105560 -0.532627 1.913630
0.086791 -0.579178 1.875090
0.004825 -0.558686 2.214290
-0.195845 -0.846837 1.995350
0.050950 -0.745108 2.145930
-0.041387 -0.771251 2.066310
0.162424 -0.525456 2.094050
0.025965 -0.808713 1.837900
0.172020 -0.932697 2.042400
0.144370 -0.986362 1.978740
0.054531 -0.459759 2.128990
0.040524 -0.404466 2.111550
-0.046333 -0.140446 1.995680
-0.150545 0.015868 1.936790
-0.197237 -0.234028 2.100880
-0.170148 -0.429183 2.181620
-0.046422 -0.471195 2.005140
-0.008349 -0.479897 1.944340
0.102826 -0.191223 1.955970
0.232730 -0.347665 1.964650
0.097889 -0.501579 1.881680
0.079001 -0.548861 1.847670
-0.000838 -0.536822 2.217290
-0.161694 -0.804774 2.040090
0.017139 -0.893085 2.079800
-0.050665 -0.835150 2.048580
0.154205 -0.514504 2.098260
0.026277 -0.803070 1.845170
0.162608 -0.946068 2.031740
0.135813 -1.002090 1.968780
0.048213 -0.436894 2.131660
0.033843 -0.379977 2.110170
-0.049743 -0.111574 1.981180
-0.155854 0.036722 1.923040
-0.199827 -0.211593 2.089060
-0.172468 -0.421062 2.171950
-0.106711 -0.511012 2.004470
-0.083109 -0.555427 1.969570
0.098253 -0.157341 1.941900
0.214403 -0.317142 1.946240
0.074455 -0.447418 1.912840
0.055043 -0.495102 1.879120
-0.005935 -0.512655 2.218280
-0.134825 -0.770204 2.071650
-0.000843 -0.962930 2.051180
-0.056065 -0.861052 2.041880
0.142837 -0.492597 2.105420
0.030315 -0.791773 1.855760
0.137837 -0.976636 2.001990
0.112661 -1.034770 1.940050
0.040704 -0.406400 2.135280
0.026793 -0.349717 2.109850
-0.052012 -0.080051 1.969020
-0.160108 0.062598 1.910580
-0.201862 -0.193689 2.083100
-0.172589 -0.406455 2.164200
-0.128583 -0.529032 2.010050
-0.119034 -0.590274 1.979700
0.097093 -0.132105 1.934260
0.205912 -0.303557 1.938360
0.042263 -0.440141 1.907170
0.035310 -0.485255 1.878290
-0.011662 -0.487447 2.215300
-0.122098 -0.749545 2.085040
-0.008915 -0.990236 2.039910
-0.059373 -0.872595 2.038910
0.128288 -0.452370 2.124390
0.057485 -0.723915 1.907580
0.153866 -0.955059 2.010100
0.130093 -1.014790 1.949050
0.033953 -0.386214 2.139040
0.020391 -0.328458 2.111090
-0.054703 -0.046108 1.960060
-0.163998 0.100623 1.899720
-0.202980 -0.175078 2.080760
-0.171719 -0.396176 2.159720
-0.150965 -0.544304 2.011910
-0.145986 -0.614956 1.993790
0.096057 -0.101179 1.927080
0.199745 -0.291126 1.932690
0.043868 -0.418366 1.904290
0.030643 -0.471518 1.877250
-0.018846 -0.465696 2.212990
-0.115086 -0.735646 2.091300
-0.015526 -1.004560 2.033450
-0.062317 -0.879474 2.036840
0.117590 -0.429635 2.136930
0.073374 -0.679181 1.936490
0.049918 -0.915887 1.970990
0.048655 -0.841132 1.925940
0.023427 -0.355887 2.139700
0.013509 -0.306700 2.111540
-0.055828 -0.033538 1.956780
-0.165361 0.116734 1.896030
-0.203654 -0.133157 2.078300
-0.169189 -0.372126 2.151000
-0.164834 -0.548755 2.018190
-0.159251 -0.623896 2.001270
0.093490 -0.067223 1.921150
0.195512 -0.282606 1.929080
0.050008 -0.406389 1.896930
0.021515 -0.462509 1.874260
-0.032928 -0.420565 2.201910
-0.109732 -0.710829 2.094360
0.039393 -0.956376 2.088640
0.006478 -0.938878 2.055040
0.109701 -0.413635 2.142960
0.081134 -0.655909 1.949060
-0.066890 -0.847563 1.945410
-0.003929 -0.769528 1.918240
0.017432 -0.332223 2.139800
0.008391 -0.283097 2.112050
-0.055430 -0.024142 1.957910
-0.162989 0.143416 1.898400
-0.202732 -0.104637 2.076150
-0.168583 -0.344446 2.136250
-0.173741 -0.534587 2.032000
-0.165920 -0.613753 2.012090
0.091987 -0.041462 1.917460
0.192535 -0.275325 1.927010
0.057763 -0.405437 1.888290
0.018113 -0.458484 1.868950
-0.039236 -0.395736 2.196530
-0.108685 -0.693077 2.094330
0.049440 -0.948935 2.106210
0.029366 -0.975562 2.061360
0.101698 -0.390758 2.146890
0.086810 -0.627109 1.950050
0.120113 -0.837637 2.011880
0.117962 -0.852741 1.960340
0.009457 -0.300256 2.136100
0.001422 -0.251189 2.109650
-0.053453 -0.004349 1.965820
-0.149955 0.188254 1.903700
-0.201699 -0.063974 2.070570
-0.173738 -0.298687 2.114290
-0.176302 -0.496848 2.047130
-0.164736 -0.571822 2.025170
0.090666 -0.012972 1.914000
0.187002 -0.252628 1.922900
0.076780 -0.395570 1.879770
0.026984 -0.454768 1.861540
-0.048015 -0.365068 2.189910
-0.108130 -0.672208 2.094380
0.047393 -0.948498 2.111580
0.027193 -1.005980 2.055930
0.093198 -0.364131 2.144630
0.090609 -0.609994 1.951580
0.112971 -0.837559 2.016470
0.109402 -0.866350 1.963860
0.005792 -0.278837 2.131490
-0.001848 -0.229967 2.106420
-0.051674 0.011441 1.973000
-0.137426 0.219588 1.911030
-0.199870 -0.034912 2.065820
-0.178815 -0.276817 2.100690
-0.177528 -0.475934 2.053330
-0.176197 -0.536284 2.026740
0.090293 0.015091 1.911850
0.181767 -0.229786 1.917930
0.091645 -0.387324 1.876180
0.052256 -0.453047 1.853700
-0.051608 -0.344699 2.183630
-0.107964 -0.655507 2.093630
0.031594 -0.946962 2.109790
0.013348 -1.023620 2.046610
0.087968 -0.341273 2.137810
0.093291 -0.599156 1.953280
0.133325 -0.850428 2.023640
0.115936 -0.916961 1.964190
0.004863 -0.253052 2.122940
-0.002545 -0.205548 2.100390
-0.048325 0.028986 1.980400
-0.123237 0.248454 1.922930
-0.198946 0.015013 2.059430
-0.188814 -0.233975 2.079020
-0.179678 -0.466708 2.053650
-0.181455 -0.523659 2.025590
0.091466 0.047084 1.910030
0.175359 -0.198094 1.911110
0.104655 -0.383968 1.875100
0.085718 -0.448585 1.853960
-0.051866 -0.320290 2.173690
-0.107513 -0.643131 2.093140
0.003373 -0.943027 2.097890
-0.020134 -1.026910 2.027650
0.085203 -0.316573 2.126860
0.095480 -0.591771 1.954540
0.139802 -0.865879 2.019290
0.110965 -0.946430 1.954250
0.004995 -0.234107 2.114580
-0.002395 -0.189877 2.095390
-0.045824 0.038176 1.985220
-0.113641 0.262281 1.930980
-0.198367 0.037656 2.056550
-0.192749 -0.214200 2.068480
-0.200342 -0.422745 2.044730
-0.191365 -0.488708 2.017080
0.094039 0.080856 1.908160
0.169590 -0.163875 1.904480
0.120229 -0.380066 1.876220
0.110241 -0.441081 1.857320
-0.049522 -0.299108 2.161100
-0.106789 -0.634812 2.092580
-0.022031 -0.937185 2.085760
-0.048755 -1.020010 2.012170
0.083104 -0.299788 2.117520
0.097491 -0.587087 1.955000
0.110375 -0.893223 1.983980
0.076109 -0.972816 1.917210
-0.001314 -0.198991 2.095230
-0.006280 -0.160122 2.081740
-0.043322 0.046604 1.990050
-0.102461 0.274534 1.942350
-0.199468 0.056560 2.055600
-0.195511 -0.197147 2.061000
-0.211869 -0.384119 2.034260
-0.196833 -0.464431 2.012200
0.096481 0.110728 1.906780
0.166585 -0.133271 1.900320
0.137119 -0.374925 1.877630
0.130918 -0.433261 1.858940
-0.052656 -0.276073 2.144260
-0.106120 -0.628832 2.092030
-0.042525 -0.928601 2.075470
-0.073294 -1.004290 1.999760
0.071996 -0.265183 2.094280
0.099176 -0.583849 1.955510
0.105335 -0.898361 1.970650
0.067784 -0.977022 1.901420
-0.003796 -0.160234 2.078520
-0.008572 -0.109967 2.064290
-0.041641 0.127477 1.987050
-0.104483 0.346652 1.936840
-0.200252 0.082028 2.055900
-0.197008 -0.171894 2.055460
-0.213438 -0.362843 2.026360
-0.194522 -0.422768 1.996360
0.099403 0.137596 1.906550
0.170292 -0.102994 1.896470
0.161495 -0.361549 1.879000
0.146169 -0.418466 1.863120
-0.061451 -0.241072 2.127130
-0.104815 -0.620134 2.090060
-0.061078 -0.909881 2.066180
-0.095987 -0.970725 1.989920
0.073785 -0.224247 2.070090
0.101281 -0.580719 1.956820
0.097547 -0.891178 1.952910
0.057677 -0.958356 1.878970
-0.005515 -0.143121 2.071060
-0.009857 -0.089045 2.056820
-0.040431 0.176929 1.984740
-0.098437 0.394831 1.940700
-0.200541 0.102132 2.055790
-0.198662 -0.131790 2.054610
-0.212443 -0.346164 2.017580
-0.194739 -0.404543 1.992400
0.103574 0.161888 1.906890
0.175199 -0.077557 1.893710
0.180923 -0.344218 1.880350
0.168736 -0.399496 1.875160
-0.066029 -0.225073 2.118540
-0.103722 -0.614365 2.088630
-0.071785 -0.896531 2.060210
-0.107059 -0.949816 1.984450
0.073339 -0.207122 2.059990
0.103826 -0.575968 1.959410
0.092086 -0.882821 1.939970
0.052621 -0.941273 1.864330
-0.006676 -0.122441 2.061430
-0.010518 -0.069568 2.049120
-0.038803 0.197727 1.984700
-0.094184 0.416266 1.943910
-0.200642 0.149065 2.057710
-0.200037 -0.092891 2.053890
-0.210020 -0.312631 2.004790
-0.194991 -0.372379 1.988100
0.108317 0.182839 1.907650
0.182397 -0.055163 1.891660
0.200504 -0.317920 1.880570
0.187280 -0.374699 1.883920
-0.070311 -0.205470 2.106960
-0.102289 -0.608660 2.086820
-0.079446 -0.877545 2.055850
-0.114388 -0.923982 1.981800
0.072787 -0.189103 2.048360
0.105555 -0.570386 1.961510
0.087851 -0.866991 1.930820
0.049712 -0.916189 1.855720
-0.006460 -0.104823 2.052010
-0.009821 -0.051157 2.040590
-0.033820 0.220249 1.985130
-0.084884 0.443676 1.953260
-0.198823 0.176937 2.058420
-0.201453 -0.071643 2.053060
-0.208474 -0.283423 1.998030
-0.195566 -0.357107 1.985590
0.113464 0.201570 1.908760
0.191418 -0.034689 1.891030
0.211103 -0.296978 1.879710
0.198130 -0.355282 1.887260
-0.072424 -0.187289 2.094870
-0.100399 -0.601356 2.084130
-0.082974 -0.832712 2.052420
-0.136263 -0.826407 1.995550
0.073128 -0.171916 2.035040
0.106462 -0.565379 1.962760
0.084370 -0.847888 1.926750
0.048009 -0.890335 1.852990
-0.004806 -0.087617 2.041890
-0.007905 -0.034368 2.032250
-0.028870 0.237074 1.986060
-0.079698 0.460619 1.957960
-0.195331 0.198666 2.058480
-0.202614 -0.053544 2.052540
-0.209739 -0.258024 1.993390
-0.198090 -0.335375 1.982580
0.121026 0.222115 1.910740
0.202254 -0.013613 1.892100
0.226670 -0.256981 1.873340
0.211541 -0.315472 1.880370
-0.072659 -0.169390 2.081290
-0.097981 -0.593149 2.080190
-0.081849 -0.808694 2.048900
-0.143979 -0.778157 2.000570
0.074486 -0.156162 2.021920
0.107147 -0.560766 1.962950
0.081145 -0.827330 1.926250
0.046633 -0.866204 1.853540
-0.002643 -0.074661 2.032780
-0.005535 -0.021645 2.024810
-0.023966 0.249731 1.986950
-0.072535 0.474971 1.963380
-0.190135 0.217393 2.057810
-0.203781 -0.036751 2.051670
-0.211769 -0.237082 1.990710
-0.201283 -0.319048 1.980420
0.126820 0.235632 1.912270
0.209617 -0.000284 1.893240
0.232492 -0.239393 1.870620
0.217265 -0.297203 1.875560
-0.071516 -0.154951 2.067730
-0.095234 -0.585629 2.074980
-0.080680 -0.796064 2.047020
-0.147613 -0.755528 2.002380
0.076295 -0.143848 2.009950
0.107522 -0.556971 1.962430
0.078975 -0.786805 1.932430
0.043214 -0.771055 1.874610
0.000244 -0.063485 2.023520
-0.002497 -0.010762 2.017390
-0.018904 0.259815 1.987910
-0.063669 0.487321 1.969320
-0.183656 0.234947 2.057630
-0.205350 -0.019483 2.050080
-0.216811 -0.212908 1.987880
-0.209428 -0.295300 1.975120
0.132589 0.247872 1.914030
0.218205 0.012626 1.894980
0.234989 -0.219002 1.867620
0.220539 -0.279211 1.868440
-0.068996 -0.141991 2.053490
-0.091827 -0.578126 2.067550
-0.079795 -0.787846 2.045630
-0.149852 -0.741425 2.003300
0.078523 -0.133237 1.998470
0.107268 -0.552903 1.960730
0.077832 -0.768778 1.936210
0.041715 -0.715930 1.887920
0.002923 -0.053489 2.014250
0.000518 -0.001056 2.009890
-0.013813 0.267996 1.988610
-0.055829 0.497013 1.974030
-0.178655 0.248282 2.058030
-0.206320 -0.005553 2.048250
-0.222157 -0.191710 1.984530
-0.217628 -0.273646 1.970150
0.137472 0.257240 1.915700
0.224236 0.021778 1.896360
0.236110 -0.196640 1.864720
0.221258 -0.266761 1.862420
-0.067167 -0.131850 2.041650
-0.088827 -0.571693 2.059860
-0.077722 -0.782362 2.044080
-0.148873 -0.734201 2.002930
0.080302 -0.123942 1.987200
0.106698 -0.548650 1.957760
0.077242 -0.758785 1.938110
0.040904 -0.699172 1.891190
0.005009 -0.045914 2.005820
0.003000 0.006329 2.003080
-0.009219 0.274204 1.989060
-0.048441 0.504461 1.977960
-0.175259 0.256786 2.058350
-0.207473 0.003762 2.046250
-0.226177 -0.178776 1.981270
-0.224560 -0.259548 1.964420
0.141529 0.264152 1.917130
0.229248 0.028590 1.897670
0.236720 -0.185518 1.863270
0.221597 -0.256878 1.856140
-0.065941 -0.124496 2.031100
-0.085913 -0.565272 2.050110
-0.074393 -0.778607 2.042230
-0.144849 -0.733403 2.000900
0.081573 -0.116359 1.976120
0.104871 -0.543440 1.952620
0.076949 -0.751938 1.939500
0.040336 -0.701965 1.891410
0.006162 -0.040171 1.998240
0.004743 0.011827 1.997190
-0.005238 0.278567 1.989230
-0.041088 0.509995 1.982170
-0.171061 0.264669 2.058690
-0.208606 0.012975 2.043500
-0.231054 -0.168089 1.976440
-0.232670 -0.247344 1.955960
0.145214 0.269328 1.918500
0.232694 0.033250 1.898630
0.236629 -0.177317 1.862360
0.221566 -0.248602 1.850320
-0.065711 -0.118778 2.021490
-0.084161 -0.559130 2.040160
-0.071671 -0.775654 2.040220
-0.140019 -0.737760 1.997570
0.081551 -0.110768 1.966450
0.103290 -0.539551 1.948350
0.076764 -0.747426 1.940570
0.039276 -0.702380 1.891140
0.006596 -0.035859 1.991110
0.005965 0.015915 1.991980
-0.001782 0.281625 1.989120
-0.034417 0.513946 1.986130
-0.167582 0.270322 2.058950
-0.209424 0.019677 2.041140
-0.236324 -0.158881 1.970980
-0.242973 -0.235786 1.945300
0.148185 0.273081 1.919610
0.235054 0.036525 1.899300
0.236271 -0.172000 1.861780
0.221475 -0.243788 1.846650
-0.066151 -0.114427 2.012670
-0.084880 -0.553557 2.029940
-0.070157 -0.773279 2.037910
-0.030283 -0.779924 2.016460
0.080543 -0.106602 1.957400
0.100785 -0.536130 1.942410
0.076936 -0.744963 1.941030
0.036957 -0.711402 1.889100
0.006368 -0.032657 1.984740
0.006713 0.018859 1.987760
0.000997 0.283602 1.988920
-0.029543 0.516407 1.988940
-0.165011 0.274209 2.059290
-0.209957 0.024250 2.039500
-0.241235 -0.151246 1.965730
-0.250343 -0.227174 1.937370
0.150879 0.275873 1.920590
0.236710 0.038875 1.899770
0.235446 -0.168668 1.861270
0.221117 -0.240990 1.843840
-0.067320 -0.111232 2.004810
-0.088148 -0.548704 2.018910
-0.070883 -0.771373 2.034150
-0.007363 -0.787109 2.021280
0.078960 -0.103704 1.949610
0.096744 -0.531119 1.932140
0.077151 -0.742940 1.941000
0.033871 -0.723844 1.885680
0.005689 -0.030426 1.978780
0.007183 0.020927 1.984200
0.003350 0.284868 1.988600
-0.025323 0.518021 1.991300
-0.163018 0.276788 2.059540
-0.210298 0.027341 2.038360
-0.246316 -0.144454 1.960790
-0.256931 -0.219501 1.930010
0.153303 0.277863 1.921460
0.237910 0.040540 1.900120
0.234654 -0.165995 1.860850
0.220491 -0.239698 1.841640
-0.068905 -0.109110 1.997730
-0.094427 -0.544937 2.006780
-0.075670 -0.769889 2.026470
0.008509 -0.792572 2.023790
0.077004 -0.101810 1.942290
0.093317 -0.527520 1.923010
0.077479 -0.741930 1.940370
0.031079 -0.731372 1.883610
0.004489 -0.028999 1.973070
0.007377 0.022248 1.981110
0.005361 0.285419 1.988110
-0.021547 0.518788 1.992880
-0.161434 0.278427 2.059810
-0.210516 0.029497 2.037520
-0.250116 -0.139995 1.957170
-0.261436 -0.214253 1.924110
0.155334 0.279221 1.922150
0.238732 0.041605 1.900390
0.232962 -0.165274 1.860110
0.219248 -0.240590 1.839680
-0.071007 -0.107855 1.991140
-0.102006 -0.542479 1.995060
-0.085316 -0.769041 2.014570
0.017376 -0.795739 2.023800
0.074558 -0.100859 1.935410
0.084358 -0.502132 1.898420
0.078415 -0.734076 1.936280
0.030272 -0.750866 1.885260
0.002950 -0.028171 1.968030
0.007351 0.023026 1.978560
0.007112 0.285439 1.987410
-0.018213 0.518987 1.993830
-0.160055 0.279368 2.060070
-0.210660 0.031022 2.036920
-0.252902 -0.136977 1.954810
-0.264468 -0.210601 1.919960
0.157017 0.280094 1.922670
0.239116 0.042039 1.900500
0.230775 -0.166075 1.859130
0.217774 -0.242650 1.838150
-0.073291 -0.107101 1.985580
-0.110833 -0.540837 1.983550
-0.094447 -0.768000 2.004320
0.015703 -0.796072 2.019540
0.071906 -0.100507 1.929650
0.080820 -0.491680 1.888620
0.079277 -0.727749 1.932210
0.030735 -0.761003 1.885730
0.001084 -0.027515 1.963450
0.007128 0.023539 1.976420
0.008538 0.285227 1.986580
-0.015732 0.519011 1.994330
-0.158921 0.279936 2.060350
-0.210733 0.032095 2.036620
-0.254633 -0.134831 1.953380
-0.266365 -0.207993 1.917300
0.158420 0.280642 1.923030
0.239122 0.041980 1.900320
0.227521 -0.168304 1.857550
0.216034 -0.245290 1.836890
-0.075764 -0.106500 1.980840
-0.116872 -0.539595 1.976260
-0.104808 -0.767192 1.994370
0.002874 -0.793843 2.010750
0.069019 -0.100305 1.924420
0.078754 -0.486257 1.883520
0.079800 -0.722465 1.928310
0.031656 -0.767829 1.886480
-0.000971 -0.026998 1.959030
0.006734 0.023832 1.974420
0.009741 0.284882 1.985410
-0.013874 0.518977 1.994460
-0.158024 0.280288 2.060510
-0.210688 0.032704 2.036940
-0.255845 -0.133266 1.952560
-0.267580 -0.206150 1.915690
0.159611 0.280975 1.923210
0.238688 0.041517 1.899860
0.224096 -0.170704 1.855760
0.213156 -0.248325 1.835540
-0.078380 -0.105991 1.976370
-0.122520 -0.538539 1.970830
-0.114641 -0.766355 1.985670
-0.014172 -0.790972 2.000630
0.066293 -0.100228 1.919770
0.077323 -0.482576 1.880160
0.080126 -0.719053 1.925630
0.032263 -0.772028 1.886960
-0.003321 -0.026532 1.954780
0.006110 0.023964 1.972560
0.010667 0.284452 1.983980
-0.012453 0.518856 1.994270
-0.157378 0.280526 2.060590
-0.210549 0.032935 2.038460
-0.256501 -0.132540 1.953880
-0.267634 -0.205069 1.916080
0.160562 0.281164 1.923270
0.237409 0.040549 1.898820
0.220022 -0.173721 1.853420
0.209982 -0.251073 1.834250
-0.081495 -0.105417 1.971770
-0.127870 -0.537534 1.966760
-0.131291 -0.764839 1.979170
-0.038367 -0.786933 1.992070
0.063554 -0.100175 1.915670
0.076181 -0.479971 1.878260
0.080302 -0.716834 1.923830
0.032704 -0.774845 1.887300
-0.006002 -0.026068 1.950790
0.005126 0.023991 1.970810
0.011164 0.284009 1.982300
-0.011435 0.518655 1.993620
-0.156923 0.280773 2.060510
-0.210399 0.033306 2.040150
-0.255076 -0.133985 1.960800
-0.265383 -0.206830 1.924040
0.161251 0.281284 1.923230
0.235726 0.039515 1.897500
0.215412 -0.176612 1.850550
0.206441 -0.253158 1.832610
-0.084543 -0.104818 1.967790
-0.134452 -0.536425 1.962680
-0.150293 -0.763050 1.971840
-0.129709 -0.802007 1.941420
0.060397 -0.100033 1.911710
0.075336 -0.478509 1.877870
0.080333 -0.715242 1.922510
0.033159 -0.776764 1.887570
-0.009037 -0.025720 1.947100
0.003673 0.023849 1.969150
0.011154 0.283457 1.980240
-0.010944 0.518326 1.992560
-0.156697 0.280913 2.060080
-0.210517 0.033639 2.041920
-0.253011 -0.146961 1.975870
-0.261759 -0.217086 1.942980
0.161725 0.281356 1.923100
0.232909 0.038278 1.895410
0.210243 -0.179758 1.846950
0.202699 -0.254243 1.830370
-0.087967 -0.104222 1.963980
-0.140592 -0.535462 1.959370
-0.163788 -0.761704 1.966830
-0.164078 -0.810692 1.919990
0.057065 -0.099974 1.908270
0.074634 -0.477890 1.878530
0.080275 -0.714092 1.921520
0.033593 -0.777937 1.887850
-0.012521 -0.025271 1.943750
0.001571 0.023687 1.967590
0.010278 0.282731 1.977670
-0.011155 0.517812 1.990930
-0.157159 0.281095 2.059270
-0.210912 0.033988 2.043540
-0.251830 -0.163662 1.991500
-0.259194 -0.227871 1.969040
0.161920 0.281408 1.922780
0.229719 0.037349 1.893170
0.204973 -0.182854 1.842980
0.198817 -0.254652 1.827530
-0.091809 -0.103530 1.960460
-0.146756 -0.534481 1.956410
-0.176937 -0.760358 1.961130
-0.179227 -0.813580 1.910720
0.053489 -0.099833 1.905330
0.073899 -0.477689 1.879670
0.080169 -0.713281 1.920780
0.034064 -0.778538 1.888090
-0.016546 -0.025117 1.940540
-0.001629 0.023173 1.965910
0.006929 0.280974 1.973810
-0.013480 0.516285 1.987820
-0.159374 0.281347 2.057180
-0.211583 0.034265 2.044700
-0.251558 -0.172128 2.000330
-0.258694 -0.234453 1.987840
0.161293 0.281491 1.921990
0.225449 0.036753 1.890610
0.200515 -0.185164 1.839560
0.194808 -0.254649 1.824220
-0.095900 -0.103174 1.956950
-0.152641 -0.533942 1.953630
-0.186765 -0.759748 1.956170
-0.169501 -0.813251 1.914110
0.049728 -0.099832 1.902790
0.072931 -0.477809 1.880950
0.079996 -0.712753 1.920220
0.034443 -0.778632 1.888230
-0.021037 -0.025128 1.937330
-0.005781 0.022473 1.964130
0.001901 0.279146 1.969720
-0.018675 0.514285 1.983180
-0.163931 0.281429 2.053150
-0.212600 0.034398 2.045620
-0.251922 -0.176905 2.007890
-0.260533 -0.243534 2.007660
0.159479 0.281729 1.920810
0.220604 0.036576 1.888260
0.196753 -0.186761 1.836870
0.191432 -0.254359 1.821320
-0.100315 -0.103019 1.953200
-0.158175 -0.533661 1.951000
-0.195185 -0.759382 1.951810
-0.177123 -0.813246 1.909970
0.045815 -0.099866 1.900430
0.071415 -0.477725 1.882270
0.079675 -0.712402 1.919730
0.034809 -0.778578 1.888390
-0.027180 -0.025146 1.933550
-0.012019 0.021749 1.961840
-0.006178 0.277674 1.965170
-0.025714 0.512826 1.978360
-0.171958 0.280929 2.048240
-0.215435 0.034090 2.046370
-0.254105 -0.179648 2.015950
-0.263521 -0.244859 2.022680
0.155567 0.282282 1.919290
0.213733 0.036808 1.886050
0.192786 -0.188052 1.834620
0.187508 -0.253824 1.818430
-0.106485 -0.103062 1.948470
-0.162958 -0.533657 1.948800
-0.200440 -0.759298 1.948990
-0.171226 -0.810291 1.912790
0.040848 -0.099864 1.897700
0.069367 -0.477882 1.883520
0.079290 -0.712256 1.919350
0.035104 -0.778361 1.888470
-0.034111 -0.025242 1.929540
-0.019258 0.021013 1.959310
-0.015587 0.276538 1.961000
-0.036410 0.511486 1.973510
-0.182039 0.280187 2.042940
-0.221848 0.033508 2.047040
-0.258485 -0.181108 2.024850
-0.267923 -0.244456 2.034690
0.146770 0.283222 1.917320
0.205513 0.037630 1.884810
0.187078 -0.189492 1.832950
0.182347 -0.253410 1.816120
-0.112718 -0.103290 1.943920
-0.167185 -0.533839 1.947040
-0.203860 -0.759286 1.947150
-0.163861 -0.806796 1.916190
0.034545 -0.099781 1.894170
0.066373 -0.478487 1.884680
0.078867 -0.712248 1.919060
0.034605 -0.776833 1.888290
-0.041819 -0.025415 1.925340
-0.027668 0.020222 1.956600
-0.026665 0.275373 1.957450
-0.047949 0.510228 1.969850
-0.196691 0.278218 2.037060
-0.234083 0.031832 2.048200
-0.270651 -0.186039 2.038220
-0.272820 -0.246619 2.043120
0.136927 0.284051 1.916190
0.195775 0.038417 1.884770
0.181285 -0.190418 1.832080
0.176598 -0.253187 1.815250
-0.120468 -0.104071 1.938340
-0.170878 -0.534382 1.945620
-0.206215 -0.759481 1.945860
-0.156132 -0.802913 1.919450
0.028057 -0.099610 1.890580
0.062806 -0.479258 1.885470
0.078117 -0.712358 1.918830
0.033010 -0.774058 1.887560
-0.051447 -0.025873 1.921250
-0.038178 0.019175 1.954060
-0.040267 0.274220 1.955210
-0.061435 0.508962 1.966690
-0.214205 0.275250 2.032270
-0.254048 0.029248 2.050710
-0.282080 -0.190676 2.047930
-0.291732 -0.261799 2.054260
0.121775 0.284065 1.915200
0.184325 0.038904 1.885690
0.174075 -0.191136 1.832330
0.170584 -0.253327 1.815620
-0.129604 -0.105447 1.933180
-0.174425 -0.534767 1.944190
-0.207624 -0.759727 1.945010
-0.150372 -0.800503 1.922160
0.019624 -0.099578 1.886500
0.057771 -0.480320 1.885670
0.077248 -0.712477 1.918690
0.031860 -0.772019 1.886970
-0.063563 -0.026225 1.917410
-0.050926 0.018166 1.951790
-0.054741 0.272702 1.953810
-0.076675 0.507343 1.965250
-0.234139 0.272260 2.029970
-0.274833 0.026566 2.052980
-0.296271 -0.196099 2.055960
-0.303594 -0.270052 2.059290
0.106084 0.283932 1.915110
0.170308 0.039168 1.887260
0.166380 -0.191221 1.833730
0.163927 -0.253219 1.817250
-0.141432 -0.107026 1.928260
-0.179409 -0.535249 1.942250
-0.208052 -0.760133 1.944640
-0.143520 -0.798140 1.925210
0.008494 -0.099630 1.882180
0.050796 -0.481830 1.885200
0.076109 -0.712599 1.918510
0.031085 -0.770807 1.886590
-0.076322 -0.026790 1.913790
-0.064162 0.016998 1.949580
-0.070819 0.270721 1.952910
-0.094653 0.505175 1.964750
-0.253214 0.269777 2.029920
-0.296572 0.024327 2.054760
-0.311320 -0.199520 2.060020
-0.316038 -0.275778 2.059900
0.090058 0.283025 1.915340
0.155748 0.038713 1.888630
0.157327 -0.191821 1.835570
0.156639 -0.253782 1.819420
-0.154180 -0.108867 1.923290
-0.190209 -0.529913 1.937020
-0.207672 -0.758227 1.944550
-0.228951 -0.782966 1.939110
-0.002774 -0.099921 1.878230
0.041482 -0.484214 1.883370
0.074512 -0.712797 1.918100
0.030501 -0.770137 1.886300
-0.089115 -0.027427 1.910820
-0.077245 0.015780 1.947840
-0.085420 0.268600 1.952480
-0.109362 0.503075 1.964580
-0.270681 0.267944 2.030340
-0.314156 0.022610 2.055080
-0.328463 -0.201872 2.058690
-0.338038 -0.281271 2.050780
0.074765 0.281890 1.915960
0.140242 0.037770 1.889350
0.146228 -0.192858 1.837880
0.148322 -0.254689 1.821960
-0.166803 -0.110614 1.919000
-0.198158 -0.525548 1.933180
-0.207650 -0.756712 1.944920
-0.269840 -0.776748 1.945410
-0.014582 -0.100381 1.874960
0.030772 -0.488060 1.880680
0.071419 -0.712876 1.917270
0.030160 -0.769978 1.886160
-0.102905 -0.028523 1.908580
-0.090894 0.014091 1.946660
-0.099248 0.265914 1.952560
-0.123249 0.500387 1.964480
-0.285336 0.266835 2.031240
-0.329062 0.021279 2.053470
-0.350160 -0.205522 2.048840
-0.357772 -0.285694 2.039460
0.059419 0.280338 1.916640
0.124876 0.036414 1.889320
0.134772 -0.193569 1.839160
0.138572 -0.255734 1.823790
-0.180095 -0.112335 1.915330
-0.205723 -0.524069 1.930360
-0.208031 -0.755481 1.945670
-0.290465 -0.774959 1.948000
-0.028604 -0.101424 1.872600
0.021128 -0.490944 1.877590
0.065462 -0.712992 1.914740
0.029356 -0.771086 1.886370
-0.114585 -0.029336 1.907120
-0.102740 0.012851 1.946010
-0.112371 0.263807 1.952800
-0.135151 0.498471 1.964860
-0.298861 0.266826 2.032400
-0.346655 0.021047 2.047720
-0.377884 -0.208905 2.027000
-0.384279 -0.291093 2.016050
0.046663 0.279274 1.917620
0.110103 0.035187 1.888340
0.121645 -0.194205 1.838950
0.126835 -0.257458 1.824140
-0.191400 -0.113568 1.912470
-0.218271 -0.531791 1.929460
-0.208935 -0.758432 1.948630
-0.302909 -0.772440 1.948770
-0.039742 -0.102086 1.871460
0.012016 -0.492996 1.873850
0.056816 -0.712802 1.909440
0.028067 -0.772913 1.886130
-0.125838 -0.030020 1.906140
-0.113937 0.011852 1.945720
-0.123395 0.262464 1.953150
-0.147293 0.497046 1.965520
-0.310616 0.266939 2.033070
-0.364725 0.021227 2.039580
-0.396700 -0.210310 2.007440
-0.403610 -0.293104 1.994460
0.033666 0.278630 1.918910
0.095390 0.034476 1.886430
0.100797 -0.196477 1.835120
0.105479 -0.257795 1.820370
-0.202262 -0.114563 1.910310
-0.225934 -0.537106 1.929240
-0.209970 -0.761430 1.951580
-0.310264 -0.770740 1.948230
-0.051120 -0.102461 1.870860
-0.000008 -0.493644 1.866930
0.043051 -0.711903 1.898040
0.018159 -0.774998 1.879610
-0.135940 -0.030372 1.905370
-0.124403 0.011355 1.945590
-0.135259 0.262349 1.953800
-0.160901 0.496915 1.966530
-0.320722 0.267747 2.032970
-0.378265 0.022184 2.032240
-0.415359 -0.205299 1.980640
-0.422505 -0.287254 1.963800
0.022122 0.278364 1.920350
0.083695 0.034306 1.884770
0.084400 -0.195295 1.830980
0.082676 -0.256692 1.814590
-0.211753 -0.115108 1.908660
-0.230783 -0.540549 1.929320
-0.211085 -0.763871 1.954400
-0.314132 -0.769846 1.947250
-0.060893 -0.102425 1.870350
-0.009068 -0.493646 1.860550
0.032537 -0.711225 1.888740
-0.003283 -0.770366 1.861110
-0.144072 -0.030259 1.904780
-0.132897 0.011406 1.945540
-0.144448 0.262963 1.954320
-0.171370 0.497529 1.967130
-0.329947 0.268882 2.031940
-0.390729 0.023659 2.023860
-0.426584 -0.199834 1.962160
-0.434370 -0.280127 1.940790
0.011986 0.278595 1.921580
0.071497 0.034455 1.882870
0.064454 -0.183829 1.825890
0.064974 -0.254273 1.809050
-0.219354 -0.115261 1.907570
-0.234046 -0.542796 1.929500
-0.211988 -0.765597 1.956610
-0.314306 -0.769715 1.945440
-0.069001 -0.101832 1.869780
-0.018000 -0.492505 1.853160
0.022266 -0.709956 1.879700
-0.022561 -0.763879 1.845790
-0.151034 -0.029670 1.904260
-0.140354 0.012035 1.945520
-0.152926 0.264554 1.954840
-0.180564 0.499067 1.967520
-0.338251 0.270026 2.030350
-0.400630 0.024907 2.015760
-0.440998 -0.191502 1.936060
-0.448329 -0.270186 1.910650
0.003518 0.279258 1.922920
0.060477 0.035002 1.881350
0.050994 -0.173920 1.822560
0.049418 -0.249397 1.803500
-0.225997 -0.114939 1.906620
-0.236240 -0.544155 1.929580
-0.212872 -0.766674 1.958390
-0.307715 -0.771056 1.941370
-0.075702 -0.100796 1.869270
-0.026218 -0.494580 1.847620
0.014876 -0.711749 1.874250
-0.041064 -0.750368 1.827470
-0.157776 -0.028738 1.903720
-0.147593 0.013043 1.945470
-0.160756 0.266561 1.955200
-0.188652 0.500959 1.967620
-0.347430 0.270654 2.027980
-0.410320 0.025328 2.005490
-0.451750 -0.185430 1.916220
-0.459404 -0.262062 1.885620
-0.004678 0.280031 1.924240
0.050882 0.035643 1.880140
0.039993 -0.170965 1.818170
0.037951 -0.244724 1.798850
-0.232599 -0.114355 1.905860
-0.237822 -0.545084 1.929610
-0.213542 -0.767357 1.959690
-0.305031 -0.771602 1.939510
-0.082052 -0.099447 1.868620
-0.032121 -0.496630 1.843860
0.005924 -0.715104 1.870120
-0.058667 -0.735593 1.817610
-0.163583 -0.027907 1.903220
-0.153872 0.013962 1.945410
-0.167558 0.268512 1.955480
-0.195505 0.502802 1.967820
-0.354380 0.270899 2.025540
-0.418805 0.025648 1.994680
-0.462093 -0.180355 1.893830
-0.468426 -0.256741 1.863470
-0.011204 0.280787 1.925430
0.042788 0.036273 1.879040
0.032679 -0.169701 1.814680
0.029799 -0.241129 1.795190
-0.238409 -0.113690 1.905090
-0.239007 -0.545736 1.929590
-0.214133 -0.767768 1.960660
-0.302404 -0.772192 1.937950
-0.087410 -0.098271 1.868110
-0.037676 -0.496871 1.841090
-0.004598 -0.716231 1.866740
-0.070300 -0.723527 1.809710
-0.168243 -0.027156 1.902690
-0.158936 0.014756 1.945270
-0.172840 0.270023 1.955590
-0.200888 0.504261 1.968020
-0.360135 0.271227 2.023020
-0.425139 0.026183 1.985550
-0.468436 -0.176082 1.878560
-0.474643 -0.250654 1.843800
-0.016146 0.281382 1.926420
0.037010 0.036779 1.878150
0.027712 -0.169440 1.811790
0.024549 -0.238952 1.792630
-0.243209 -0.112972 1.904240
-0.239999 -0.546171 1.929530
-0.214667 -0.767915 1.961410
-0.299933 -0.772821 1.936660
-0.091619 -0.097315 1.867640
-0.042533 -0.497965 1.839590
-0.013928 -0.718644 1.865780
-0.075841 -0.715943 1.804920
-0.171988 -0.026563 1.902150
-0.163000 0.015368 1.945080
-0.176960 0.271225 1.955620
-0.205269 0.505483 1.968380
-0.364608 0.271454 2.020620
-0.430437 0.026896 1.976080
-0.473760 -0.170967 1.863700
-0.479121 -0.244785 1.827370
-0.020096 0.281820 1.927240
0.033038 0.037159 1.877500
0.024436 -0.170021 1.809200
0.020827 -0.237532 1.790540
-0.247140 -0.112292 1.903350
-0.241058 -0.546347 1.929260
-0.215206 -0.767836 1.961960
-0.296347 -0.774063 1.935240
-0.094989 -0.096580 1.867220
-0.048853 -0.501469 1.839720
-0.037532 -0.726278 1.873110
-0.070291 -0.708829 1.802530
-0.174948 -0.026166 1.901610
-0.166266 0.015752 1.944830
-0.180328 0.272015 1.955540
-0.208413 0.506253 1.968600
-0.368301 0.271351 2.017970
-0.434576 0.027233 1.966840
-0.477301 -0.167167 1.852220
-0.482445 -0.240300 1.814550
-0.023185 0.282112 1.927870
0.030287 0.037428 1.877010
0.022448 -0.171252 1.806760
0.018213 -0.236666 1.788690
-0.250187 -0.111772 1.902470
-0.242277 -0.546341 1.928690
-0.215801 -0.767603 1.962330
-0.294635 -0.774717 1.934430
-0.097636 -0.096072 1.866820
-0.054512 -0.505764 1.841050
-0.049412 -0.731387 1.877930
-0.067165 -0.705194 1.802790
-0.177187 -0.025930 1.901080
-0.168741 0.015963 1.944560
-0.182741 0.272546 1.955450
-0.210602 0.506777 1.968740
-0.371409 0.270897 2.015020
-0.437490 0.027104 1.959300
-0.479556 -0.164202 1.843470
-0.484696 -0.236760 1.804760
-0.025664 0.282319 1.928380
0.028282 0.037645 1.876620
0.021534 -0.173435 1.803910
0.016583 -0.236490 1.786570
-0.252571 -0.111391 1.901520
-0.243710 -0.546219 1.927810
-0.216629 -0.767249 1.962460
-0.293484 -0.775222 1.933780
-0.099608 -0.095743 1.866470
-0.058332 -0.509236 1.842370
-0.056048 -0.734563 1.881030
-0.064518 -0.704499 1.804170
-0.178908 -0.025770 1.900570
-0.170649 0.016092 1.944280
-0.184558 0.272936 1.955310
-0.212211 0.507166 1.968840
-0.373783 0.270476 2.012330
-0.439370 0.027018 1.952870
-0.480734 -0.161753 1.836740
-0.485956 -0.233817 1.797200
-0.027598 0.282483 1.928800
0.026812 0.037834 1.876300
0.021353 -0.175360 1.801620
0.015873 -0.236801 1.784330
-0.254477 -0.111048 1.900480
-0.245537 -0.545929 1.926570
-0.217439 -0.766753 1.962420
-0.292552 -0.775729 1.933240
-0.101085 -0.095515 1.866180
-0.060741 -0.510059 1.843010
-0.060119 -0.735281 1.882580
-0.062809 -0.705005 1.804550
-0.180220 -0.025681 1.900050
-0.172122 0.016151 1.943990
-0.185910 0.273222 1.955170
-0.213375 0.507452 1.968900
-0.375560 0.270050 2.009500
-0.440295 0.026871 1.947590
-0.481081 -0.159877 1.831420
-0.486478 -0.231737 1.791630
-0.029065 0.282591 1.929120
0.025744 0.037993 1.876030
0.021633 -0.177083 1.799740
0.015859 -0.237467 1.782020
-0.255945 -0.110748 1.899360
-0.247104 -0.545597 1.925380
-0.218273 -0.766204 1.962230
-0.291850 -0.776195 1.932800
-0.102189 -0.095367 1.865920
-0.062465 -0.510408 1.843660
-0.061384 -0.734741 1.883890
-0.062181 -0.705581 1.805190
-0.181207 -0.025651 1.899540
-0.173252 0.016150 1.943690
-0.186930 0.273406 1.955000
-0.214224 0.507652 1.968950
-0.376765 0.269620 2.006680
-0.440671 0.026699 1.943270
-0.480523 -0.158399 1.827200
-0.485990 -0.230182 1.787390
-0.030147 0.282671 1.929380
0.024990 0.038141 1.875790
0.022256 -0.178725 1.797970
0.016707 -0.238575 1.779370
-0.257021 -0.110501 1.898140
-0.248427 -0.545275 1.924220
-0.219059 -0.765661 1.961940
-0.291321 -0.776601 1.932420
-0.103004 -0.095273 1.865700
-0.063590 -0.510757 1.844210
-0.060193 -0.734043 1.884730
-0.062014 -0.706122 1.806100
-0.181950 -0.025699 1.898910
-0.174154 0.016079 1.943320
-0.187746 0.273528 1.954790
-0.214856 0.507802 1.968980
-0.377430 0.269247 2.003580
-0.440567 0.026513 1.939920
-0.478971 -0.157407 1.823740
-0.483678 -0.229284 1.784120
-0.030951 0.282700 1.929560
0.024488 0.038246 1.875570
0.023002 -0.180046 1.796550
0.017953 -0.239738 1.776890
-0.257739 -0.110296 1.896540
-0.249542 -0.544966 1.922990
-0.219788 -0.765125 1.961550
-0.290891 -0.777122 1.932040
-0.103607 -0.095231 1.865490
-0.064187 -0.511287 1.844960
-0.059160 -0.734073 1.885960
-0.061327 -0.707317 1.807970
-0.182473 -0.025807 1.898220
-0.174857 0.015947 1.942910
-0.188363 0.273576 1.954550
-0.215320 0.507909 1.968990
-0.377625 0.268877 2.000330
-0.439516 0.026142 1.936910
-0.475456 -0.157159 1.821160
-0.477817 -0.229529 1.782190
-0.031543 0.282715 1.929710
0.024176 0.038334 1.875360
0.023899 -0.181335 1.795280
0.019380 -0.240985 1.774690
-0.258121 -0.110147 1.894820
-0.250421 -0.544699 1.921820
-0.220550 -0.764631 1.961020
-0.290647 -0.777382 1.931790
-0.104049 -0.095227 1.865280
-0.064453 -0.511702 1.845650
-0.057228 -0.734086 1.886670
-0.060965 -0.708325 1.809370
-0.182790 -0.025963 1.897450
-0.175389 0.015764 1.942450
-0.188821 0.273563 1.954280
-0.215640 0.507973 1.968990
-0.377447 0.268551 1.997090
-0.437659 0.025601 1.934440
-0.469511 -0.157808 1.820120
-0.466204 -0.231523 1.783460
-0.031973 0.282702 1.929830
0.024012 0.038376 1.875150
0.024851 -0.182357 1.794250
0.020985 -0.242351 1.772680
-0.258175 -0.110056 1.892890
-0.251105 -0.544471 1.920640
-0.221451 -0.764189 1.960260
-0.290562 -0.777539 1.931530
-0.104353 -0.095261 1.865050
-0.064232 -0.510971 1.846030
-0.054511 -0.732259 1.886110
-0.061094 -0.709944 1.809820
-0.182905 -0.026177 1.896550
-0.175766 0.015523 1.941890
-0.189142 0.273503 1.953960
-0.215822 0.507997 1.968950
-0.376990 0.268207 1.994050
-0.434703 0.024747 1.932480
-0.458593 -0.160419 1.822910
-0.445297 -0.236627 1.792160
-0.032281 0.282667 1.929940
0.023975 0.038386 1.874960
0.025774 -0.183154 1.793490
0.022539 -0.243528 1.771120
-0.257942 -0.110038 1.890820
-0.251628 -0.544295 1.919440
-0.222218 -0.763829 1.959430
-0.290576 -0.777588 1.931240
-0.104526 -0.095335 1.864780
-0.063710 -0.509619 1.846270
-0.052070 -0.730122 1.885220
-0.061296 -0.711521 1.809940
-0.182839 -0.026451 1.895520
-0.176006 0.015218 1.941230
-0.189360 0.273394 1.953590
-0.215747 0.507969 1.968840
-0.376324 0.268089 1.991390
-0.431227 0.024035 1.931180
-0.443922 -0.164317 1.829270
-0.426835 -0.241734 1.802350
-0.032482 0.282584 1.930040
0.024084 0.038345 1.874800
0.026731 -0.183859 1.792880
0.023967 -0.244224 1.769960
-0.257455 -0.110060 1.888680
-0.251969 -0.544152 1.918260
-0.222866 -0.763529 1.958610
-0.290676 -0.777525 1.930920
-0.104584 -0.095452 1.864470
-0.062837 -0.507690 1.846180
-0.050042 -0.727813 1.884240
-0.061606 -0.713119 1.809850
-0.182611 -0.026744 1.894400
-0.176123 0.014885 1.940480
-0.189481 0.273254 1.953140
-0.215472 0.507913 1.968680
-0.375500 0.268001 1.988920
-0.426888 0.023150 1.930480
-0.420148 -0.172589 1.843050
-0.403625 -0.250436 1.818550
-0.032592 0.282480 1.930150
0.024288 0.038288 1.874670
0.027814 -0.184344 1.792470
0.025238 -0.244722 1.769160
-0.256799 -0.110082 1.886560
-0.252174 -0.544022 1.916890
-0.223361 -0.763242 1.957800
-0.290811 -0.777370 1.930560
-0.104529 -0.095598 1.864090
-0.061965 -0.505809 1.845990
-0.048770 -0.725911 1.883590
-0.061603 -0.715188 1.809650
-0.182324 -0.027045 1.893280
-0.176193 0.014530 1.939690
-0.189542 0.273055 1.952600
-0.215003 0.507806 1.968460
-0.374459 0.267848 1.986490
-0.421821 0.021999 1.930280
-0.401791 -0.180899 1.855110
-0.388658 -0.258652 1.831430
-0.032424 0.282202 1.930350
0.024650 0.038095 1.874560
0.028834 -0.184695 1.792230
0.026649 -0.244810 1.768700
-0.256188 -0.110131 1.884730
-0.252383 -0.543946 1.915340
-0.223652 -0.762975 1.957040
-0.290919 -0.777113 1.930150
-0.104378 -0.095803 1.863620
-0.061193 -0.504202 1.845740
-0.047286 -0.724229 1.882720
-0.062157 -0.716839 1.809430
-0.181951 -0.027296 1.892130
-0.176180 0.014203 1.938840
-0.189538 0.272827 1.951970
-0.214473 0.507684 1.968230
-0.373541 0.267765 1.984540
-0.417256 0.021030 1.930540
-0.390950 -0.185371 1.863430
-0.379075 -0.262348 1.843090
-0.032024 0.281838 1.930610
0.025182 0.037824 1.874550
0.029901 -0.184931 1.792160
0.027947 -0.244817 1.768430
-0.255573 -0.110152 1.883090
-0.252582 -0.543866 1.913800
-0.223875 -0.762705 1.956230
-0.291060 -0.776751 1.929660
-0.104087 -0.096033 1.863010
-0.060376 -0.502594 1.845420
-0.046013 -0.722685 1.881920
-0.062637 -0.718043 1.809230
-0.181506 -0.027517 1.890960
-0.176085 0.013890 1.937930
-0.189439 0.272580 1.951260
-0.213845 0.507547 1.967960
-0.372606 0.267741 1.982820
-0.413227 0.020253 1.931140
-0.383978 -0.187801 1.869650
-0.371914 -0.264289 1.852590
-0.031497 0.281422 1.930880
0.025850 0.037482 1.874630
0.031264 -0.185099 1.792380
0.029491 -0.244793 1.768460
-0.254959 -0.110155 1.881610
-0.252595 -0.543789 1.912290
-0.224003 -0.762450 1.955650
-0.291135 -0.776349 1.929100
-0.103704 -0.096273 1.862280
-0.059716 -0.501328 1.845140
-0.045233 -0.721558 1.881530
-0.062871 -0.718957 1.809150
-0.180986 -0.027681 1.889800
-0.175912 0.013625 1.937000
-0.189290 0.272348 1.950510
-0.213130 0.507422 1.967650
-0.371683 0.267798 1.981350
-0.409719 0.019688 1.932110
-0.379113 -0.188616 1.875050
-0.366709 -0.262926 1.862190
-0.030807 0.280962 1.931160
0.026680 0.037082 1.874810
0.033029 -0.185133 1.792950
0.031212 -0.244821 1.768740
-0.254287 -0.110104 1.880210
-0.252586 -0.543676 1.910840
-0.223998 -0.762149 1.954950
-0.291164 -0.775842 1.928440
-0.103210 -0.096497 1.861490
-0.058954 -0.499977 1.844750
-0.044418 -0.720379 1.881120
-0.063270 -0.719970 1.809120
-0.180462 -0.027798 1.888740
-0.175695 0.013405 1.936110
-0.189074 0.272115 1.949720
-0.212292 0.507291 1.967300
-0.370806 0.267910 1.980110
-0.406846 0.019314 1.933260
-0.376043 -0.188162 1.879620
-0.365324 -0.254572 1.872800
-0.030012 0.280501 1.931430
0.027531 0.036674 1.875030
0.035179 -0.185398 1.793740
0.033688 -0.245085 1.769660
-0.253651 -0.110029 1.878990
-0.252525 -0.543556 1.909560
-0.223936 -0.761853 1.954320
-0.291158 -0.775374 1.927810
-0.102699 -0.096697 1.860730
-0.058206 -0.498768 1.844360
-0.043501 -0.719252 1.880790
-0.063702 -0.720740 1.809210
-0.179891 -0.027847 1.887740
-0.175398 0.013252 1.935250
-0.188763 0.271909 1.948860
-0.211367 0.507187 1.966880
-0.370084 0.268020 1.979150
-0.404543 0.019043 1.934460
-0.374399 -0.187319 1.883060
-0.363599 -0.252820 1.877620
-0.028967 0.280019 1.931700
0.028492 0.036236 1.875290
0.037914 -0.185662 1.794960
0.036777 -0.245439 1.771070
-0.253064 -0.109945 1.877970
-0.252414 -0.543440 1.908420
-0.223834 -0.761570 1.953790
-0.291117 -0.774965 1.927220
-0.102061 -0.096869 1.859910
-0.057434 -0.497661 1.843970
-0.042734 -0.718282 1.880480
-0.064049 -0.721306 1.809270
-0.179325 -0.027866 1.886850
-0.175060 0.013141 1.934440
-0.188401 0.271728 1.947990
-0.210389 0.507098 1.966350
-0.369487 0.268129 1.978410
-0.402731 0.018863 1.935650
-0.373892 -0.186297 1.885670
-0.363074 -0.251139 1.880930
-0.027824 0.279504 1.931910
0.029585 0.035736 1.875620
0.040580 -0.186142 1.796210
0.039932 -0.245842 1.772690
-0.252532 -0.109870 1.877130
-0.252294 -0.543346 1.907470
-0.223709 -0.761319 1.953320
-0.291055 -0.774480 1.926600
-0.101377 -0.097027 1.859100
-0.056764 -0.496833 1.843680
-0.042248 -0.717588 1.880360
-0.064181 -0.721637 1.809290
-0.178800 -0.027858 1.886080
-0.174707 0.013070 1.933720
-0.187961 0.271576 1.947140
-0.209478 0.507028 1.965840
-0.368988 0.268223 1.977860
-0.401345 0.018736 1.936770
-0.374273 -0.185344 1.887630
-0.363114 -0.250793 1.882750
-0.026729 0.279120 1.932090
0.030581 0.035355 1.875920
0.043310 -0.186633 1.797580
0.043654 -0.246261 1.774760
-0.252077 -0.109803 1.876470
-0.251984 -0.543268 1.906380
-0.223619 -0.761105 1.952830
-0.291050 -0.774019 1.926000
-0.100736 -0.097150 1.858370
-0.056104 -0.496102 1.843400
-0.041672 -0.716940 1.880240
-0.064332 -0.721900 1.809340
-0.178343 -0.027845 1.885460
-0.174375 0.013020 1.933110
-0.187537 0.271450 1.946360
-0.208672 0.506967 1.965300
-0.368555 0.268301 1.977420
-0.400308 0.018645 1.937790
-0.375423 -0.184506 1.889010
-0.364628 -0.252218 1.882750
-0.025709 0.278801 1.932200
0.031553 0.035027 1.876220
0.045607 -0.187138 1.798750
0.047126 -0.246754 1.776680
-0.251699 -0.109751 1.875950
-0.251669 -0.543209 1.905640
-0.223524 -0.760945 1.952500
-0.290992 -0.773567 1.925420
-0.100163 -0.097258 1.857740
-0.055383 -0.495408 1.843130
-0.041101 -0.716338 1.880110
-0.064528 -0.722133 1.809430
-0.177929 -0.027823 1.884930
-0.174053 0.012991 1.932580
-0.187140 0.271361 1.945680
-0.207911 0.506931 1.964720
-0.368169 0.268385 1.977090
-0.399563 0.018613 1.938690
-0.377568 -0.184018 1.889750
-0.368065 -0.254864 1.880940
-0.024705 0.278525 1.932240
0.032465 0.034730 1.876470
0.047506 -0.187642 1.799740
0.049812 -0.247224 1.778220
-0.251369 -0.109711 1.875550
-0.251371 -0.543167 1.905040
-0.223431 -0.760816 1.952240
-0.290922 -0.773146 1.924900
-0.099617 -0.097352 1.857170
-0.054575 -0.494796 1.842860
-0.040517 -0.715812 1.880010
-0.064763 -0.722330 1.809580
-0.177552 -0.027810 1.884500
-0.173729 0.012969 1.932130
-0.186740 0.271284 1.945030
-0.207229 0.506893 1.964100
-0.367838 0.268462 1.976840
-0.399057 0.018612 1.939480
-0.381280 -0.183902 1.889670
-0.375069 -0.258474 1.876830
-0.023815 0.278258 1.932170
0.033338 0.034438 1.876660
0.049060 -0.188114 1.800530
0.051843 -0.247621 1.779390
-0.251070 -0.109689 1.875240
-0.251095 -0.543152 1.904580
-0.223334 -0.760719 1.952040
-0.290817 -0.772682 1.924370
-0.099129 -0.097443 1.856690
-0.053781 -0.494279 1.842610
-0.039978 -0.715373 1.879910
-0.065005 -0.722549 1.809750
-0.177124 -0.027805 1.884080
-0.173329 0.012957 1.931680
-0.186307 0.271263 1.944370
-0.206628 0.506903 1.963480
-0.367548 0.268528 1.976650
-0.398744 0.018624 1.940130
-0.386790 -0.183758 1.888570
-0.384076 -0.261314 1.871790
-0.023066 0.278030 1.932010
0.034195 0.034185 1.876780
0.050278 -0.188526 1.801140
0.053327 -0.247934 1.780260
-0.250698 -0.109693 1.874970
-0.250748 -0.543167 1.904200
-0.223254 -0.760662 1.951870
-0.290726 -0.772142 1.923810
-0.098607 -0.097523 1.856230
-0.053052 -0.493847 1.842380
-0.039449 -0.714994 1.879780
-0.065474 -0.722878 1.810060
-0.176644 -0.027807 1.883690
-0.172871 0.012957 1.931240
-0.185895 0.271294 1.943750
-0.206098 0.506959 1.962850
-0.367276 0.268579 1.976510
-0.398602 0.018643 1.940630
-0.393756 -0.183360 1.886480
-0.391291 -0.262794 1.867640
-0.022337 0.277829 1.931760
0.035050 0.033961 1.876850
0.051222 -0.188848 1.801600
0.054427 -0.248175 1.780890
-0.250256 -0.109726 1.874720
-0.250411 -0.543205 1.903900
-0.223175 -0.760632 1.951720
-0.290626 -0.771532 1.923260
-0.097979 -0.097604 1.855780
-0.052347 -0.493498 1.842140
-0.038980 -0.714690 1.879660
-0.066012 -0.723180 1.810400
-0.176105 -0.027868 1.883290
-0.172347 0.012925 1.930810
-0.185472 0.271361 1.943150
-0.205611 0.507046 1.962130
-0.366911 0.268632 1.976360
-0.398637 0.018697 1.941010
-0.400727 -0.183787 1.883560
-0.399521 -0.264461 1.862640
-0.021690 0.277644 1.931410
0.035872 0.033761 1.876860
0.051943 -0.189100 1.801930
0.055216 -0.248347 1.781350
-0.249725 -0.109815 1.874500
-0.250056 -0.543287 1.903660
-0.223103 -0.760638 1.951590
-0.290539 -0.770913 1.922740
-0.097358 -0.097706 1.855370
-0.051603 -0.493220 1.841850
-0.038532 -0.714459 1.879450
-0.066224 -0.723255 1.810480
-0.175552 -0.027937 1.882930
-0.171795 0.012905 1.930390
-0.185022 0.271510 1.942540
-0.205187 0.507204 1.961400
-0.366578 0.268679 1.976240
-0.398807 0.018771 1.941290
-0.408361 -0.185045 1.879640
-0.406315 -0.266198 1.858150
-0.021151 0.277505 1.931050
0.036571 0.033613 1.876830
0.052485 -0.189253 1.802150
0.055771 -0.248473 1.781670
-0.249166 -0.109927 1.874300
-0.249733 -0.543381 1.903470
-0.223039 -0.760659 1.951480
-0.290459 -0.770321 1.922270
-0.096738 -0.097795 1.854990
-0.050910 -0.492964 1.841520
-0.038109 -0.714246 1.879170
-0.066403 -0.723238 1.810490
-0.175021 -0.027990 1.882600
-0.171247 0.012915 1.930020
-0.184577 0.271767 1.941950
-0.204828 0.507492 1.960480
-0.366280 0.268726 1.976150
-0.399153 0.018886 1.941460
-0.415120 -0.186493 1.875870
-0.411870 -0.267717 1.854540
-0.020650 0.277392 1.930650
0.037202 0.033495 1.876750
0.052883 -0.189353 1.802290
0.056161 -0.248561 1.781890
-0.248634 -0.110032 1.874130
-0.249427 -0.543478 1.903290
-0.222996 -0.760703 1.951350
-0.290450 -0.769783 1.921860
-0.096127 -0.097863 1.854670
-0.050271 -0.492703 1.841140
-0.037693 -0.714026 1.878700
-0.066609 -0.723305 1.810420
-0.174480 -0.028063 1.882290
-0.170681 0.012919 1.929660
-0.184146 0.272052 1.941390
-0.204514 0.507814 1.959470
-0.366011 0.268769 1.976080
-0.399659 0.019032 1.941530
-0.419927 -0.187469 1.872990
-0.416056 -0.268675 1.851690
-0.020226 0.277280 1.930190
0.037772 0.033385 1.876640
0.053177 -0.189430 1.802370
0.056425 -0.248632 1.782030
-0.248072 -0.110165 1.873960
-0.249120 -0.543594 1.903130
-0.222970 -0.760774 1.951220
-0.290469 -0.769257 1.921500
-0.095539 -0.097931 1.854370
-0.049576 -0.492422 1.840660
-0.037277 -0.713801 1.877990
-0.066853 -0.723283 1.810130
-0.173972 -0.028131 1.882010
-0.170146 0.012936 1.929340
-0.183726 0.272433 1.940860
-0.204209 0.508254 1.958410
-0.365764 0.268806 1.976020
-0.400391 0.019220 1.941460
-0.423290 -0.188090 1.870870
-0.419104 -0.269237 1.849520
-0.019852 0.277175 1.929720
0.038275 0.033286 1.876500
0.053396 -0.189490 1.802370
0.056535 -0.248688 1.782030
-0.247537 -0.110296 1.873810
-0.248832 -0.543713 1.902990
-0.222965 -0.760864 1.951080
-0.290522 -0.768759 1.921180
-0.094985 -0.097988 1.854120
-0.048905 -0.492120 1.840140
-0.036939 -0.713554 1.877290
-0.066977 -0.723344 1.809760
-0.173496 -0.028184 1.881750
-0.169643 0.012973 1.929040
-0.183301 0.272893 1.940340
-0.203894 0.508764 1.957400
-0.365540 0.268843 1.975960
-0.401202 0.019432 1.941300
-0.425669 -0.188499 1.869320
-0.421240 -0.269585 1.847990
-0.019510 0.277137 1.929320
0.038723 0.033248 1.876340
0.053533 -0.189464 1.802250
0.056308 -0.248758 1.781710
-0.247040 -0.110412 1.873650
-0.248531 -0.543826 1.902860
-0.222958 -0.760955 1.950940
-0.290570 -0.768300 1.920890
-0.094466 -0.098029 1.853910
-0.048339 -0.491855 1.839660
-0.036631 -0.713332 1.876580
-0.067101 -0.723325 1.809340
-0.173073 -0.028233 1.881530
-0.169201 0.013013 1.928790
-0.182884 0.273427 1.939850
-0.203620 0.509333 1.956450
-0.365314 0.268878 1.975880
-0.401992 0.019639 1.941070
-0.427307 -0.188773 1.868210
-0.422703 -0.269801 1.846880
-0.019217 0.277112 1.928950
0.039099 0.033222 1.876140
0.053573 -0.189308 1.801980
0.055795 -0.248822 1.781180
-0.246599 -0.110521 1.873510
-0.248278 -0.543928 1.902770
-0.222947 -0.761029 1.950850
-0.290591 -0.767884 1.920620
-0.094013 -0.098064 1.853740
-0.047855 -0.491626 1.839220
-0.036357 -0.713137 1.875940
-0.067199 -0.723431 1.808970
-0.172695 -0.028285 1.881330
-0.168817 0.013049 1.928570
-0.182522 0.273969 1.939410
-0.203337 0.509942 1.955450
-0.365088 0.268917 1.975780
-0.402720 0.019835 1.940810
-0.428420 -0.188895 1.867440
-0.423687 -0.269809 1.846020
-0.018969 0.277091 1.928610
0.039416 0.033202 1.875920
0.053525 -0.189134 1.801630
0.054971 -0.248856 1.780440
-0.246201 -0.110624 1.873370
-0.248063 -0.544022 1.902700
-0.222932 -0.761100 1.950770
-0.290601 -0.767530 1.920390
-0.093614 -0.098101 1.853590
-0.047463 -0.491434 1.838840
-0.036111 -0.712971 1.875360
-0.067280 -0.723612 1.808600
-0.172366 -0.028333 1.881150
-0.168493 0.013086 1.928380
-0.182198 0.274576 1.939010
-0.203076 0.510616 1.954480
-0.364848 0.268951 1.975630
-0.403336 0.019994 1.940550
-0.429003 -0.188762 1.866800
-0.423981 -0.269375 1.845280
-0.018723 0.277071 1.928300
0.039689 0.033176 1.875690
0.053391 -0.188928 1.801230
0.054071 -0.248859 1.779680
-0.245860 -0.110716 1.873250
-0.247876 -0.544108 1.902640
-0.222912 -0.761158 1.950720
-0.290584 -0.767217 1.920180
-0.093261 -0.098139 1.853480
-0.046946 -0.493437 1.838400
-0.035593 -0.714945 1.874890
-0.067117 -0.722299 1.808280
-0.172084 -0.028373 1.881000
-0.168219 0.013126 1.928220
-0.181901 0.275220 1.938640
-0.202849 0.511308 1.953580
-0.364602 0.268997 1.975450
-0.403836 0.020142 1.940280
-0.428943 -0.188393 1.866270
-0.423382 -0.268618 1.844770
-0.018507 0.277054 1.928030
0.039909 0.033149 1.875480
0.053193 -0.188689 1.800820
0.053183 -0.248825 1.778960
-0.245570 -0.110794 1.873130
-0.247701 -0.544190 1.902570
-0.222903 -0.761219 1.950650
-0.290594 -0.766944 1.920000
-0.092960 -0.098171 1.853380
-0.046733 -0.494448 1.838040
-0.035229 -0.715992 1.874420
-0.067144 -0.721773 1.807970
-0.171846 -0.028403 1.880870
-0.167989 0.013174 1.928080
-0.181651 0.275910 1.938310
-0.202645 0.512029 1.952750
-0.364382 0.269048 1.975260
-0.404223 0.020268 1.940030
-0.428128 -0.187820 1.865850
-0.421827 -0.267653 1.844580
-0.018318 0.277038 1.927790
0.040085 0.033122 1.875280
0.052975 -0.188458 1.800420
0.052351 -0.248758 1.778320
-0.245329 -0.110857 1.873030
-0.247512 -0.544273 1.902470
-0.222910 -0.761287 1.950570
-0.290626 -0.766701 1.919840
-0.092705 -0.098199 1.853300
-0.046604 -0.494917 1.837730
-0.034976 -0.716485 1.874020
-0.067228 -0.721631 1.807720
-0.171647 -0.028426 1.880750
-0.167801 0.013224 1.927960
-0.181436 0.276639 1.938010
-0.202461 0.512771 1.952000
-0.364189 0.269097 1.975050
-0.404494 0.020362 1.939800
-0.426210 -0.187150 1.865650
-0.418727 -0.266583 1.844780
-0.018165 0.277030 1.927590
0.040220 0.033103 1.875100
0.052759 -0.188240 1.800070
0.051594 -0.248683 1.777760
-0.245131 -0.110907 1.872940
-0.247350 -0.544344 1.902380
-0.222926 -0.761348 1.950500
-0.290666 -0.766455 1.919690
-0.092492 -0.098221 1.853230
-0.046508 -0.495225 1.837420
-0.034784 -0.716792 1.873690
-0.067323 -0.721615 1.807460
-0.171488 -0.028443 1.880650
-0.167653 0.013274 1.927860
-0.181279 0.277337 1.937750
-0.202305 0.513472 1.951330
-0.364015 0.269146 1.974830
-0.404679 0.020435 1.939590
-0.422956 -0.186311 1.865810
-0.414391 -0.265457 1.845500
-0.018036 0.277021 1.927430
0.040302 0.033078 1.874960
0.052549 -0.188050 1.799760
0.050924 -0.248622 1.777310
-0.244978 -0.110946 1.872860
-0.247239 -0.544405 1.902280
-0.222935 -0.761397 1.950430
-0.290700 -0.766194 1.919530
-0.092325 -0.098241 1.853180
-0.046463 -0.495439 1.837150
-0.034634 -0.717002 1.873400
-0.067446 -0.721718 1.807200
-0.171359 -0.028454 1.880570
-0.167538 0.013327 1.927770
-0.181179 0.278042 1.937520
-0.202169 0.514171 1.950740
-0.363857 0.269172 1.974550
-0.404794 0.020472 1.939360
-0.418671 -0.185752 1.866190
-0.409894 -0.264819 1.846380
-0.017929 0.277018 1.927300
0.040350 0.033057 1.874850
0.052344 -0.187860 1.799510
0.050369 -0.248580 1.776970
-0.244855 -0.110973 1.872790
-0.247152 -0.544454 1.902180
-0.222939 -0.761433 1.950370
-0.290721 -0.765897 1.919370
-0.092188 -0.098258 1.853140
-0.046447 -0.495576 1.836900
-0.034508 -0.717134 1.873140
-0.067561 -0.721933 1.806940
-0.171261 -0.028461 1.880500
-0.167455 0.013378 1.927690
-0.181125 0.278686 1.937330
-0.202051 0.514807 1.950220
-0.363719 0.269151 1.974190
-0.404852 0.020456 1.939120
-0.413600 -0.185839 1.866860
-0.405357 -0.264889 1.847450
-0.017831 0.277010 1.927200
0.040369 0.033028 1.874750
0.052148 -0.187682 1.799330
0.049911 -0.248554 1.776740
-0.244768 -0.110994 1.872730
-0.247117 -0.544517 1.901970
-0.222963 -0.761474 1.950240
-0.290783 -0.765612 1.919220
-0.092085 -0.098274 1.853110
-0.046472 -0.495563 1.836610
-0.034410 -0.717111 1.872740
-0.067846 -0.722078 1.806650
-0.171192 -0.028464 1.880440
-0.167399 0.013432 1.927620
-0.181116 0.279294 1.937160
-0.201945 0.515405 1.949750
-0.363603 0.269121 1.973840
-0.404848 0.020416 1.938860
-0.409376 -0.186079 1.867530
-0.401709 -0.265152 1.848480
-0.017745 0.277009 1.927130
0.040360 0.033001 1.874680
0.051965 -0.187525 1.799190
0.049529 -0.248530 1.776580
-0.244708 -0.111008 1.872680
-0.247130 -0.544574 1.901720
-0.222983 -0.761502 1.950110
-0.290841 -0.765323 1.919070
-0.092013 -0.098287 1.853080
-0.046532 -0.495451 1.836320
-0.034335 -0.716990 1.872320
-0.068019 -0.722451 1.806280
-0.171141 -0.028463 1.880390
-0.167365 0.013495 1.927560
-0.181144 0.279959 1.937010
-0.201864 0.516044 1.949320
-0.363513 0.269093 1.973490
-0.404802 0.020368 1.938590
-0.406066 -0.186375 1.868100
-0.398802 -0.265491 1.849350
-0.017680 0.277012 1.927090
0.040325 0.032977 1.874630
0.051799 -0.187397 1.799100
0.049215 -0.248514 1.776460
-0.244667 -0.111015 1.872640
-0.247161 -0.544618 1.901460
-0.223000 -0.761517 1.950000
-0.290890 -0.765067 1.918940
-0.091963 -0.098296 1.853070
-0.046641 -0.495227 1.836040
-0.034258 -0.716758 1.871830
-0.068189 -0.723048 1.805870
-0.171105 -0.028461 1.880350
-0.167349 0.013560 1.927500
-0.181226 0.280647 1.936880
-0.201807 0.516701 1.948910
-0.363442 0.269062 1.973130
-0.404735 0.020311 1.938330
-0.403445 -0.186729 1.868570
-0.396370 -0.265910 1.850080
-0.017625 0.277013 1.927050
0.040268 0.032946 1.874600
0.051661 -0.187300 1.799060
0.048944 -0.248508 1.776400
-0.244640 -0.111019 1.872610
-0.247213 -0.544662 1.901180
-0.223009 -0.761528 1.949860
-0.290934 -0.764890 1.918840
-0.091926 -0.098304 1.853050
-0.046780 -0.494948 1.835800
-0.034223 -0.716478 1.871280
-0.068413 -0.723363 1.805490
-0.171079 -0.028459 1.880310
-0.167349 0.013625 1.927450
-0.181352 0.281319 1.936770
-0.201794 0.517335 1.948540
-0.363400 0.269019 1.972740
-0.404651 0.020236 1.938060
-0.401537 -0.187037 1.868900
-0.394605 -0.266274 1.850600
-0.017578 0.277017 1.927040
0.040189 0.032919 1.874600
0.051536 -0.187225 1.799040
0.048712 -0.248540 1.776390
-0.244625 -0.111022 1.872570
-0.247270 -0.544703 1.900920
-0.223012 -0.761535 1.949750
-0.290966 -0.764739 1.918760
-0.091899 -0.098312 1.853050
-0.046926 -0.494662 1.835580
-0.034201 -0.716203 1.870780
-0.068698 -0.723806 1.805150
-0.171062 -0.028459 1.880280
-0.167362 0.013689 1.927400
-0.181513 0.281974 1.936690
-0.201818 0.517948 1.948210
-0.363372 0.268984 1.972350
-0.404566 0.020170 1.937800
-0.400162 -0.187265 1.869130
-0.393330 -0.266549 1.850960
-0.017540 0.277019 1.927030
0.040085 0.032880 1.874620
0.051412 -0.187164 1.799040
0.048511 -0.248561 1.776420
-0.244618 -0.111024 1.872530
-0.247325 -0.544748 1.900630
-0.223031 -0.761548 1.949600
-0.291021 -0.764520 1.918650
-0.091880 -0.098325 1.853040
-0.047066 -0.494366 1.835400
-0.034175 -0.715924 1.870300
-0.068997 -0.724285 1.804860
-0.171051 -0.028460 1.880250
-0.167384 0.013749 1.927360
-0.181712 0.282630 1.936630
-0.201864 0.518556 1.947910
-0.363369 0.268915 1.971940
-0.404483 0.020074 1.937540
-0.399216 -0.187404 1.869290
-0.392468 -0.266690 1.851190
-0.017511 0.277017 1.927040
0.039963 0.032829 1.874680
0.051289 -0.187123 1.799060
0.048326 -0.248609 1.776500
-0.244617 -0.111028 1.872490
-0.247387 -0.544796 1.900350
-0.223059 -0.761568 1.949440
-0.291086 -0.764304 1.918550
-0.091868 -0.098346 1.853050
-0.047201 -0.494083 1.835240
-0.034345 -0.715654 1.869970
-0.068953 -0.724951 1.804410
-0.171044 -0.028464 1.880230
-0.167413 0.013807 1.927320
-0.181948 0.283296 1.936600
-0.201927 0.519171 1.947650
-0.363375 0.268848 1.971560
-0.404409 0.019981 1.937290
-0.398575 -0.187470 1.869390
-0.391875 -0.266761 1.851320
-0.017484 0.277004 1.927070
0.039828 0.032757 1.874760
0.051153 -0.187084 1.799110
0.048166 -0.248652 1.776580
-0.244622 -0.111032 1.872450
-0.247431 -0.544842 1.900110
-0.223083 -0.761592 1.949290
-0.291145 -0.764093 1.918450
-0.091860 -0.098382 1.853070
-0.047334 -0.493768 1.835090
-0.034578 -0.715347 1.869670
-0.068848 -0.725374 1.803980
-0.171041 -0.028469 1.880200
-0.167448 0.013860 1.927290
-0.182235 0.284025 1.936610
-0.202016 0.519841 1.947420
-0.363393 0.268765 1.971180
-0.404347 0.019875 1.937050
-0.398230 -0.187470 1.869370
-0.391501 -0.266773 1.851310
-0.017459 0.276979 1.927110
0.039685 0.032665 1.874870
0.051018 -0.187047 1.799180
0.048028 -0.248686 1.776680
-0.244629 -0.111038 1.872410
-0.247469 -0.544891 1.899880
-0.223121 -0.761623 1.949150
-0.291216 -0.763877 1.918350
-0.091854 -0.098424 1.853100
-0.047458 -0.493477 1.834960
-0.034785 -0.715079 1.869390
-0.068767 -0.725806 1.803580
-0.171041 -0.028475 1.880180
-0.167488 0.013911 1.927260
-0.182520 0.284735 1.936660
-0.202140 0.520498 1.947250
-0.363435 0.268666 1.970840
-0.404307 0.019754 1.936810
-0.398288 -0.187413 1.869200
-0.391423 -0.266730 1.851110
-0.017454 0.276960 1.927240
0.039514 0.032594 1.875040
0.050872 -0.187002 1.799280
0.047894 -0.248712 1.776810
-0.244638 -0.111047 1.872360
-0.247501 -0.544946 1.899650
-0.223165 -0.761658 1.949000
-0.291292 -0.763661 1.918260
-0.091849 -0.098474 1.853140
-0.047572 -0.493210 1.834850
-0.034980 -0.714839 1.869130
-0.068697 -0.726248 1.803230
-0.171040 -0.028485 1.880160
-0.167529 0.013957 1.927230
-0.182799 0.285499 1.936770
-0.202302 0.521213 1.947120
-0.363492 0.268541 1.970510
-0.404302 0.019608 1.936550
-0.398941 -0.187333 1.868800
-0.391743 -0.266652 1.850640
-0.017454 0.276930 1.927410
0.039338 0.032516 1.875240
0.050722 -0.186963 1.799390
0.047779 -0.248735 1.776940
-0.244647 -0.111066 1.872310
-0.247527 -0.545011 1.899440
-0.223219 -0.761709 1.948850
-0.291376 -0.763434 1.918170
-0.091833 -0.098539 1.853210
-0.047675 -0.492990 1.834780
-0.035479 -0.714573 1.868980
-0.068130 -0.726665 1.802640
-0.171037 -0.028499 1.880150
-0.167565 0.013995 1.927210
-0.183055 0.286364 1.937000
-0.202477 0.522010 1.947030
-0.363558 0.268409 1.970210
-0.404356 0.019452 1.936280
-0.400869 -0.186800 1.868090
-0.392957 -0.266099 1.849650
-0.017467 0.276889 1.927620
0.039152 0.032424 1.875480
0.050561 -0.186912 1.799540
0.047673 -0.248743 1.777100
-0.244651 -0.111093 1.872250
-0.247561 -0.545081 1.899260
-0.223279 -0.761767 1.948730
-0.291463 -0.763206 1.918090
-0.091802 -0.098618 1.853290
-0.047887 -0.494073 1.835130
-0.037042 -0.716208 1.869470
-0.066164 -0.724745 1.801810
-0.171036 -0.028512 1.880130
-0.167603 0.014032 1.927200
-0.183319 0.287233 1.937280
-0.202664 0.522813 1.946990
-0.363646 0.268270 1.969960
-0.404468 0.019281 1.936010
-0.403473 -0.185981 1.867260
-0.394747 -0.265234 1.848430
-0.017491 0.276832 1.927890
0.038969 0.032324 1.875750
0.050392 -0.186868 1.799710
0.047553 -0.248736 1.777310
-0.244656 -0.111123 1.872200
-0.247604 -0.545145 1.899130
-0.223329 -0.761823 1.948630
-0.291536 -0.762991 1.918010
-0.091767 -0.098701 1.853390
-0.048020 -0.494640 1.835350
-0.038324 -0.717204 1.869700
-0.064340 -0.722746 1.800800
-0.171034 -0.028527 1.880120
-0.167642 0.014067 1.927190
-0.183624 0.288199 1.937650
-0.202876 0.523707 1.947010
-0.363752 0.268124 1.969750
-0.404621 0.019098 1.935740
-0.405714 -0.185302 1.866540
-0.402928 -0.264768 1.855840
-0.017528 0.276756 1.928200
0.038791 0.032214 1.876050
0.050214 -0.186872 1.799920
0.047430 -0.248713 1.777580
-0.244660 -0.111157 1.872140
-0.247620 -0.545197 1.899040
-0.223379 -0.761886 1.948540
-0.291602 -0.762780 1.917940
-0.091721 -0.098791 1.853510
-0.048136 -0.496362 1.835950
-0.039294 -0.719171 1.870050
-0.062938 -0.719801 1.800520
-0.171034 -0.028542 1.880120
-0.167685 0.014103 1.927200
-0.183948 0.289199 1.938100
-0.203107 0.524634 1.947080
-0.363871 0.268026 1.969600
-0.404784 0.018969 1.935520
-0.407632 -0.184726 1.865970
-0.405737 -0.264439 1.856510
-0.017589 0.276659 1.928550
0.038614 0.032085 1.876390
0.050034 -0.186870 1.800160
0.047308 -0.248673 1.777890
-0.244664 -0.111192 1.872090
-0.247631 -0.545245 1.898970
-0.223423 -0.761947 1.948470
-0.291663 -0.762578 1.917870
-0.091673 -0.098883 1.853650
-0.048342 -0.498322 1.836730
-0.040036 -0.721260 1.870420
-0.061892 -0.717120 1.800560
-0.171033 -0.028563 1.880110
-0.167729 0.014137 1.927210
-0.184279 0.290107 1.938560
-0.203374 0.525496 1.947220
-0.364015 0.267918 1.969480
-0.404991 0.018829 1.935310
-0.409377 -0.184306 1.865440
-0.408378 -0.264352 1.857720
-0.017692 0.276546 1.928930
0.038440 0.031953 1.876740
0.049856 -0.186870 1.800430
0.047179 -0.248601 1.778260
-0.244665 -0.111232 1.872040
-0.247637 -0.545294 1.898930
-0.223447 -0.762003 1.948440
-0.291681 -0.762373 1.917800
-0.091621 -0.098978 1.853800
-0.048521 -0.499295 1.837280
-0.040485 -0.722289 1.870580
-0.061448 -0.715714 1.800430
-0.171034 -0.028585 1.880120
-0.167782 0.014175 1.927230
-0.184628 0.291033 1.939080
-0.203676 0.526392 1.947440
-0.364180 0.267830 1.969400
-0.405202 0.018718 1.935140
-0.410775 -0.184002 1.865050
-0.410687 -0.264375 1.859580
-0.017817 0.276427 1.929320
0.038266 0.031820 1.877100
0.049677 -0.186854 1.800720
0.047067 -0.248508 1.778640
-0.244666 -0.111272 1.872000
-0.247639 -0.545347 1.898930
-0.223460 -0.762061 1.948430
-0.291674 -0.762175 1.917730
-0.091571 -0.099068 1.853960
-0.048655 -0.499933 1.837700
-0.040768 -0.722968 1.870640
-0.061246 -0.714745 1.800290
-0.171036 -0.028613 1.880130
-0.167838 0.014213 1.927270
-0.184966 0.291966 1.939650
-0.203988 0.527302 1.947700
-0.364365 0.267731 1.969340
-0.405444 0.018599 1.935000
-0.411943 -0.183712 1.864810
-0.411848 -0.264303 1.860120
-0.017956 0.276302 1.929710
0.038104 0.031687 1.877450
0.049497 -0.186824 1.801040
0.046955 -0.248402 1.779060
-0.244667 -0.111316 1.871970
-0.247643 -0.545406 1.898930
-0.223480 -0.762135 1.948420
-0.291680 -0.761962 1.917670
-0.091522 -0.099159 1.854130
-0.048764 -0.500351 1.838020
-0.040962 -0.723414 1.870680
-0.061185 -0.714036 1.800180
-0.171041 -0.028642 1.880140
-0.167908 0.014262 1.927330
-0.185325 0.292909 1.940240
-0.204323 0.528243 1.948010
-0.364558 0.267636 1.969320
-0.405706 0.018486 1.934910
-0.412861 -0.183483 1.864690
-0.412666 -0.264228 1.860350
-0.018112 0.276190 1.930120
0.037941 0.031571 1.877790
0.049321 -0.186782 1.801370
0.046841 -0.248275 1.779490
-0.244670 -0.111356 1.871950
-0.247648 -0.545462 1.898950
-0.223502 -0.762209 1.948400
-0.291685 -0.761725 1.917610
-0.091477 -0.099241 1.854290
-0.048853 -0.500422 1.838300
-0.041091 -0.723572 1.870610
-0.061414 -0.713765 1.799930
-0.171053 -0.028674 1.880180
-0.167999 0.014330 1.927420
-0.185657 0.293881 1.940840
-0.204649 0.529229 1.948370
-0.364750 0.267559 1.969330
-0.405965 0.018396 1.934870
-0.413601 -0.183299 1.864700
-0.413170 -0.264135 1.860300
-0.018266 0.276086 1.930520
0.037783 0.031467 1.878130
0.049147 -0.186742 1.801710
0.046749 -0.248136 1.779920
-0.244679 -0.111393 1.871940
-0.247642 -0.545517 1.898960
-0.223539 -0.762299 1.948380
-0.291708 -0.761481 1.917550
-0.091444 -0.099318 1.854470
-0.048985 -0.500268 1.838560
-0.041158 -0.723516 1.870480
-0.061809 -0.713635 1.799710
-0.171068 -0.028710 1.880220
-0.168095 0.014400 1.927520
-0.185962 0.294839 1.941450
-0.204982 0.530224 1.948780
-0.364943 0.267489 1.969350
-0.406212 0.018315 1.934870
-0.414169 -0.183200 1.864810
-0.413364 -0.264088 1.860010
-0.018428 0.275982 1.930910
0.037624 0.031364 1.878450
0.048975 -0.186714 1.802050
0.046670 -0.247999 1.780320
-0.244691 -0.111433 1.871940
-0.247629 -0.545576 1.898980
-0.223602 -0.762412 1.948340
-0.291754 -0.761206 1.917490
-0.091415 -0.099390 1.854650
-0.049125 -0.499904 1.838780
-0.041153 -0.723234 1.870260
-0.062324 -0.713609 1.799480
-0.171085 -0.028751 1.880270
-0.168192 0.014469 1.927640
-0.186219 0.295685 1.942010
-0.205269 0.531108 1.949160
-0.365129 0.267418 1.969390
-0.406435 0.018231 1.934930
-0.414594 -0.183186 1.865080
-0.413297 -0.264104 1.859630
-0.018580 0.275884 1.931280
0.037472 0.031266 1.878750
0.048810 -0.186684 1.802370
0.046602 -0.247871 1.780700
-0.244706 -0.111481 1.871940
-0.247614 -0.545650 1.899030
-0.223647 -0.762521 1.948340
-0.291771 -0.760948 1.917430
-0.091389 -0.099459 1.854810
-0.049249 -0.499405 1.838950
-0.041112 -0.722795 1.870010
-0.062955 -0.713567 1.799290
-0.171113 -0.028798 1.880330
-0.168306 0.014547 1.927780
-0.186460 0.296475 1.942530
-0.205554 0.531942 1.949540
-0.365310 0.267351 1.969450
-0.406663 0.018142 1.935080
-0.414882 -0.182984 1.865880
-0.413066 -0.263889 1.859290
-0.018719 0.275796 1.931620
0.037327 0.031179 1.879030
0.048655 -0.186662 1.802680
0.046550 -0.247789 1.781100
-0.244733 -0.111534 1.871970
-0.247612 -0.545718 1.899060
-0.223711 -0.762645 1.948310
-0.291820 -0.760681 1.917390
-0.091373 -0.099525 1.854980
-0.049408 -0.498796 1.839090
-0.041476 -0.722128 1.870000
-0.063053 -0.713640 1.799120
