0.161086 -0.427174 2.421860
0.151115 -0.377621 2.472940
0.125276 -0.071705 2.487970
0.134104 0.128196 2.475000
-0.011643 -0.171992 2.453150
-0.029456 -0.398510 2.362260
0.029055 -0.523978 2.235180
0.027204 -0.567481 2.238940
0.279120 -0.185047 2.477770
0.301925 -0.383348 2.402720
0.284520 -0.463014 2.229860
0.272918 -0.493675 2.179760
0.088845 -0.497963 2.387150
0.134690 -0.587074 2.080080
0.074195 -0.876206 2.064060
0.082356 -0.909532 1.981180
0.246617 -0.486557 2.428880
0.261302 -0.609096 2.084890
0.289526 -0.893004 2.079450
0.297799 -0.926248 1.996530
0.161148 -0.427164 2.421910
0.151166 -0.377622 2.473000
0.125327 -0.071717 2.488080
0.134124 0.128175 2.475090
-0.011620 -0.171995 2.453240
-0.029401 -0.398701 2.362000
0.028840 -0.524892 2.235210
0.031588 -0.569954 2.229330
0.279147 -0.185046 2.477870
0.301956 -0.383273 2.402900
0.286914 -0.463961 2.230840
0.274050 -0.494045 2.180370
0.088922 -0.497952 2.387180
0.134521 -0.586993 2.080050
0.074157 -0.876147 2.064140
0.082321 -0.909469 1.981260
0.246665 -0.486548 2.428930
0.262067 -0.610217 2.084070
0.289418 -0.893392 2.079370
0.297683 -0.926631 1.996460
0.161205 -0.427153 2.421970
0.151213 -0.377622 2.473060
0.125372 -0.071726 2.488190
0.134136 0.128156 2.475170
-0.011601 -0.172002 2.453340
-0.029419 -0.398686 2.361980
0.028615 -0.525298 2.235390
0.034836 -0.571035 2.222170
0.279174 -0.185043 2.477970
0.301933 -0.383304 2.403040
0.288855 -0.464668 2.231240
0.275101 -0.494360 2.180720
0.088992 -0.497940 2.387200
0.134349 -0.586908 2.080030
0.074133 -0.876096 2.064200
0.082299 -0.909415 1.981320
0.246709 -0.486540 2.428980
0.262788 -0.610995 2.083410
0.289242 -0.893756 2.079300
0.297498 -0.926993 1.996400
0.161256 -0.427143 2.422010
0.151258 -0.377621 2.473110
0.125409 -0.071734 2.488280
0.134145 0.128137 2.475250
-0.011584 -0.172011 2.453440
-0.029480 -0.398552 2.362010
0.028330 -0.525500 2.235670
0.036940 -0.571303 2.217310
0.279192 -0.185039 2.478050
0.301921 -0.383324 2.403160
0.290462 -0.465327 2.231630
0.276097 -0.494703 2.181070
0.089054 -0.497930 2.387220
0.134277 -0.586873 2.080020
0.074099 -0.876057 2.064240
0.082264 -0.909372 1.981370
0.246748 -0.486532 2.429020
0.263075 -0.611692 2.082930
0.289188 -0.894233 2.079260
0.297431 -0.927469 1.996370
0.161306 -0.427133 2.422060
0.151303 -0.377619 2.473170
0.125437 -0.071737 2.488370
0.134153 0.128119 2.475320
-0.011565 -0.172018 2.453540
-0.029451 -0.398734 2.361830
0.029523 -0.525328 2.234970
0.043207 -0.569869 2.209090
0.279201 -0.185031 2.478110
0.301902 -0.383342 2.403270
0.291472 -0.465809 2.231910
0.276828 -0.494995 2.181350
0.089117 -0.497918 2.387250
0.134205 -0.586836 2.080020
0.074077 -0.876023 2.064280
0.082240 -0.909335 1.981410
0.246787 -0.486522 2.429060
0.264093 -0.581747 2.100060
0.287821 -0.886629 2.078810
0.296000 -0.919860 1.995930
0.161352 -0.427123 2.422110
0.151348 -0.377616 2.473220
0.125457 -0.071739 2.488430
0.134159 0.128103 2.475390
-0.011548 -0.172025 2.453630
-0.029669 -0.398222 2.362310
0.026028 -0.527184 2.238490
0.019595 -0.571477 2.247860
0.279205 -0.185021 2.478160
0.301890 -0.383353 2.403360
0.292268 -0.466208 2.232150
0.277477 -0.495267 2.181610
0.089177 -0.497908 2.387280
0.134118 -0.586799 2.080030
0.074064 -0.875999 2.064310
0.082226 -0.909309 1.981440
0.246824 -0.486510 2.429110
0.257041 -0.594536 2.093700
0.289097 -0.887551 2.078460
0.297213 -0.920767 1.995600
0.161394 -0.427114 2.422150
0.151388 -0.377613 2.473270
0.125470 -0.071739 2.488500
0.134162 0.128087 2.475450
-0.011534 -0.172033 2.453730
-0.030113 -0.397375 2.363280
0.027665 -0.522817 2.238580
0.030154 -0.562306 2.234470
0.279202 -0.185008 2.478200
0.301882 -0.383360 2.403430
0.292918 -0.466564 2.232340
0.278066 -0.495536 2.181830
0.089232 -0.497898 2.387310
0.134036 -0.586762 2.080030
0.074058 -0.875978 2.064330
0.082217 -0.909287 1.981470
0.246855 -0.486497 2.429150
0.257362 -0.600784 2.090060
0.289360 -0.888486 2.078320
0.297435 -0.921703 1.995470
0.161415 -0.427115 2.422180
0.151410 -0.377617 2.473310
0.125471 -0.071736 2.488550
0.134160 0.128071 2.475500
-0.011522 -0.172042 2.453810
-0.029995 -0.397683 2.363110
0.027238 -0.523587 2.237950
0.033412 -0.564158 2.224090
0.279198 -0.185000 2.478240
0.301852 -0.383592 2.403390
0.293460 -0.466982 2.232190
0.278573 -0.495836 2.181830
0.089264 -0.497897 2.387340
0.134035 -0.586753 2.080060
0.074031 -0.875957 2.064350
0.082180 -0.909263 1.981480
0.246867 -0.486497 2.429180
0.257256 -0.605698 2.087180
0.289759 -0.889678 2.078230
0.297789 -0.922896 1.995380
0.161432 -0.427118 2.422220
0.151428 -0.377621 2.473350
0.125469 -0.071733 2.488590
0.134149 0.128056 2.475540
-0.011512 -0.172052 2.453900
-0.030029 -0.397628 2.363200
0.026834 -0.523547 2.237800
0.035372 -0.564339 2.217040
0.279192 -0.184993 2.478260
0.301831 -0.383797 2.403350
0.293882 -0.467328 2.232040
0.279010 -0.496105 2.181810
0.089290 -0.497897 2.387360
0.134018 -0.586740 2.080080
0.074017 -0.875941 2.064360
0.082160 -0.909243 1.981490
0.246875 -0.486498 2.429200
0.259266 -0.577987 2.102240
0.284548 -0.834326 2.072180
0.280324 -0.863799 1.997250
0.161446 -0.427122 2.422250
0.151444 -0.377625 2.473390
0.125465 -0.071730 2.488620
0.134123 0.128042 2.475570
-0.011504 -0.172061 2.453970
-0.030060 -0.397588 2.363270
0.026444 -0.523566 2.237660
0.036819 -0.564612 2.211780
0.279185 -0.184988 2.478280
0.301824 -0.383923 2.403340
0.294214 -0.467596 2.231970
0.279398 -0.496341 2.181810
0.089313 -0.497899 2.387390
0.133974 -0.586722 2.080100
0.074011 -0.875929 2.064360
0.082150 -0.909230 1.981500
0.246881 -0.486500 2.429230
0.254935 -0.594361 2.093480
0.288238 -0.847742 2.072780
0.286436 -0.879847 1.996620
0.161458 -0.427128 2.422270
0.151458 -0.377629 2.473420
0.125464 -0.071730 2.488650
0.134093 0.128029 2.475610
-0.011503 -0.172074 2.454050
-0.030155 -0.397420 2.363490
0.026577 -0.522957 2.237470
0.039412 -0.563539 2.207240
0.279177 -0.184983 2.478300
0.301818 -0.384034 2.403330
0.294470 -0.467830 2.231890
0.279728 -0.496561 2.181810
0.089332 -0.497902 2.387410
0.133962 -0.586711 2.080110
0.074000 -0.875912 2.064370
0.082132 -0.909210 1.981510
0.246886 -0.486504 2.429250
0.252511 -0.604334 2.088140
0.292657 -0.861910 2.072470
0.293495 -0.895848 1.994710
0.161465 -0.427136 2.422300
0.151469 -0.377636 2.473450
0.125462 -0.071729 2.488660
0.134044 0.128015 2.475640
-0.011508 -0.172088 2.454120
-0.029834 -0.398388 2.362580
0.027390 -0.524384 2.236250
0.042190 -0.565058 2.202770
0.279155 -0.184981 2.478310
0.301813 -0.384117 2.403310
0.294671 -0.468030 2.231830
0.280015 -0.496762 2.181810
0.089348 -0.497909 2.387440
0.133965 -0.586701 2.080140
0.073983 -0.875892 2.064370
0.082102 -0.909186 1.981510
0.246887 -0.486510 2.429270
0.251355 -0.608301 2.085990
0.295325 -0.873427 2.072560
0.298021 -0.908005 1.993530
0.161477 -0.427147 2.422330
0.151484 -0.377643 2.473480
0.125459 -0.071731 2.488670
0.133992 0.128001 2.475670
-0.011515 -0.172105 2.454180
-0.029380 -0.399381 2.361500
0.027591 -0.526293 2.234980
0.043666 -0.566829 2.199440
0.279127 -0.184987 2.478310
0.301814 -0.384188 2.403310
0.294804 -0.468163 2.231790
0.280232 -0.496911 2.181810
0.089372 -0.497922 2.387470
0.133963 -0.586686 2.080150
0.073972 -0.875867 2.064370
0.082080 -0.909157 1.981510
0.246893 -0.486515 2.429290
0.252727 -0.611692 2.083860
0.295537 -0.881624 2.072760
0.299495 -0.916117 1.992800
0.161487 -0.427158 2.422350
0.151497 -0.377651 2.473500
0.125453 -0.071739 2.488670
0.133934 0.127985 2.475700
-0.011521 -0.172129 2.454240
-0.029337 -0.399693 2.361210
0.027542 -0.527064 2.234650
0.044499 -0.567630 2.197650
0.279097 -0.184994 2.478300
0.301813 -0.384248 2.403310
0.294913 -0.468276 2.231750
0.280430 -0.497048 2.181810
0.089394 -0.497936 2.387500
0.133955 -0.586669 2.080160
0.073967 -0.875841 2.064380
0.082066 -0.909130 1.981520
0.246899 -0.486520 2.429300
0.254818 -0.613730 2.082300
0.294760 -0.887390 2.073210
0.299736 -0.921577 1.992540
0.161494 -0.427169 2.422370
0.151506 -0.377658 2.473530
0.125438 -0.071762 2.488660
0.133878 0.127969 2.475720
-0.011529 -0.172151 2.454290
-0.029343 -0.400010 2.360970
0.027455 -0.527618 2.234270
0.045078 -0.568209 2.196210
0.279063 -0.185006 2.478290
0.301811 -0.384300 2.403310
0.294995 -0.468367 2.231720
0.280598 -0.497167 2.181810
0.089410 -0.497949 2.387530
0.133982 -0.586658 2.080190
0.073947 -0.875810 2.064390
0.082031 -0.909094 1.981530
0.246902 -0.486526 2.429320
0.261369 -0.604941 2.087370
0.293701 -0.889470 2.073690
0.299540 -0.923698 1.992500
0.161500 -0.427191 2.422400
0.151515 -0.377672 2.473550
0.125407 -0.071810 2.488630
0.133830 0.127929 2.475720
-0.011538 -0.172174 2.454330
-0.029414 -0.400185 2.360850
0.030969 -0.521889 2.230290
0.049294 -0.563374 2.191540
0.279019 -0.185086 2.478240
0.301806 -0.384356 2.403320
0.295070 -0.468444 2.231700
0.280762 -0.497275 2.181810
0.089427 -0.497977 2.387570
0.133982 -0.586650 2.080210
0.073928 -0.875774 2.064420
0.081995 -0.909055 1.981570
0.246905 -0.486547 2.429340
0.264916 -0.602558 2.088600
0.292769 -0.891301 2.074310
0.299276 -0.925479 1.992650
0.161505 -0.427218 2.422420
0.151522 -0.377689 2.473570
0.125356 -0.071912 2.488540
0.133778 0.127866 2.475680
-0.011545 -0.172206 2.454350
-0.029616 -0.400265 2.360860
0.029966 -0.521827 2.229980
0.049366 -0.563237 2.190420
0.278984 -0.185204 2.478170
0.301811 -0.384403 2.403320
0.295129 -0.468503 2.231670
0.280909 -0.497368 2.181810
0.089444 -0.498012 2.387610
0.133993 -0.586653 2.080230
0.073883 -0.875731 2.064480
0.081930 -0.909010 1.981640
0.246912 -0.486577 2.429370
0.267198 -0.601361 2.089210
0.291841 -0.892710 2.074890
0.298880 -0.926831 1.992870
0.161509 -0.427249 2.422450
0.151523 -0.377706 2.473590
0.125244 -0.072146 2.488230
0.133662 0.127555 2.475260
-0.011553 -0.172342 2.454240
-0.029847 -0.400302 2.360910
0.028505 -0.521930 2.229760
0.048846 -0.563255 2.189590
0.278955 -0.185320 2.478060
0.302376 -0.384517 2.403330
0.295131 -0.468559 2.231660
0.280985 -0.497434 2.181820
0.089456 -0.498060 2.387660
0.134028 -0.586682 2.080280
0.073741 -0.875643 2.064740
0.081778 -0.908925 1.981910
0.246918 -0.486611 2.429400
0.268860 -0.600609 2.089580
0.290718 -0.893731 2.075540
0.298225 -0.927798 1.993210
0.161486 -0.427334 2.422470
0.151506 -0.377743 2.473590
0.125193 -0.073294 2.486130
0.133498 0.126970 2.474130
-0.011606 -0.172925 2.453320
-0.030351 -0.400262 2.361160
0.034311 -0.511484 2.226020
0.054906 -0.553645 2.185490
0.279003 -0.185726 2.477350
0.305588 -0.385162 2.402130
0.294704 -0.468953 2.231310
0.280871 -0.497744 2.181520
0.089397 -0.498224 2.387750
0.134057 -0.586713 2.080330
0.073537 -0.875489 2.065170
0.081567 -0.908790 1.982350
0.246895 -0.486728 2.429440
0.270170 -0.600248 2.089840
0.289419 -0.894563 2.076580
0.297291 -0.928582 1.994000
0.161402 -0.427540 2.422490
0.151457 -0.377802 2.473560
0.125810 -0.075382 2.480290
0.133444 0.125506 2.470000
-0.011842 -0.174182 2.449820
-0.031495 -0.400180 2.361760
0.037032 -0.505974 2.224390
0.058757 -0.547225 2.183110
0.279494 -0.186934 2.474440
0.309890 -0.385579 2.400690
0.294604 -0.469325 2.231030
0.288534 -0.499815 2.180760
0.089122 -0.498711 2.388020
0.134385 -0.586984 2.080620
0.073175 -0.875355 2.065760
0.081200 -0.908710 1.982980
0.246759 -0.487115 2.429540
0.270152 -0.574376 2.105780
0.282291 -0.837801 2.073610
0.279147 -0.869567 1.999260
0.161304 -0.427876 2.422460
0.151367 -0.377914 2.473390
0.126768 -0.077452 2.471050
0.134402 0.123239 2.460960
-0.011745 -0.176721 2.439690
-0.033804 -0.399789 2.363040
0.038183 -0.503435 2.223580
0.061313 -0.542950 2.181480
0.281350 -0.188315 2.467730
0.323944 -0.382853 2.394880
0.294774 -0.470209 2.230850
0.288845 -0.500033 2.180320
0.088794 -0.499465 2.388370
0.134876 -0.587691 2.081110
0.072655 -0.875374 2.066900
0.080748 -0.908849 1.984210
0.246630 -0.487668 2.429610
0.274728 -0.599312 2.101370
0.279266 -0.859604 2.080440
0.279075 -0.892678 2.004600
0.161206 -0.428504 2.422240
0.151404 -0.378039 2.472110
0.131384 -0.081944 2.441500
0.137074 0.118338 2.442180
-0.011677 -0.179918 2.421410
-0.037072 -0.399909 2.363370
0.042114 -0.503466 2.211070
0.067050 -0.541197 2.169310
0.286284 -0.189075 2.448550
0.344166 -0.380893 2.383760
0.296643 -0.472519 2.229050
0.288328 -0.484679 2.192960
0.088362 -0.500856 2.388960
0.134107 -0.593522 2.083290
0.070706 -0.878476 2.071680
0.078488 -0.912968 1.989740
0.246528 -0.488497 2.429620
0.276282 -0.607505 2.099260
0.278122 -0.873100 2.085080
0.279772 -0.908298 2.008310
0.161074 -0.429969 2.421400
0.151574 -0.378734 2.466650
0.136298 -0.086118 2.411810
0.141174 0.112527 2.416160
-0.009680 -0.183905 2.389440
-0.053376 -0.400468 2.350400
0.044174 -0.503120 2.200360
0.071950 -0.539529 2.160600
0.289140 -0.187881 2.422790
0.368863 -0.371884 2.373170
0.299585 -0.473514 2.228830
0.292047 -0.477614 2.200860
0.087789 -0.503063 2.389900
0.133916 -0.603008 2.086970
0.068600 -0.884037 2.077650
0.076422 -0.920215 1.996780
0.246387 -0.489676 2.429390
0.276933 -0.614213 2.097650
0.278583 -0.885819 2.089160
0.282545 -0.923479 2.011750
0.160679 -0.432340 2.418520
0.151663 -0.379583 2.452700
0.139525 -0.089677 2.381040
0.147493 0.106749 2.387790
-0.007098 -0.186203 2.360700
-0.080157 -0.393903 2.329390
0.044887 -0.503308 2.190730
0.079691 -0.540242 2.147870
0.295399 -0.187157 2.395820
0.391644 -0.365061 2.360750
0.308981 -0.476930 2.227890
0.297567 -0.489631 2.196040
0.087028 -0.505330 2.390510
0.134137 -0.608664 2.088810
0.066891 -0.887895 2.082400
0.074729 -0.925669 2.002550
0.246157 -0.491486 2.428300
0.276104 -0.620221 2.096500
0.280475 -0.897401 2.093030
0.286491 -0.937444 2.015290
0.159004 -0.437362 2.409940
0.150975 -0.382293 2.429830
0.142704 -0.096864 2.345440
0.153825 0.099266 2.352270
-0.004232 -0.190132 2.329540
-0.100572 -0.385637 2.311480
0.044019 -0.504521 2.181540
0.084332 -0.543027 2.138380
0.299957 -0.190859 2.359480
0.410088 -0.361445 2.346860
0.321946 -0.483073 2.224880
0.306289 -0.509004 2.189930
0.085440 -0.508421 2.390200
0.134589 -0.615893 2.089850
0.064050 -0.892536 2.088140
0.071493 -0.932393 2.009570
0.244725 -0.495934 2.423450
0.270288 -0.623934 2.095490
0.283883 -0.904092 2.097010
0.291234 -0.945849 2.019300
0.158235 -0.441794 2.400400
0.152015 -0.383962 2.409130
0.149119 -0.103476 2.306730
0.159889 0.094931 2.323680
-0.001251 -0.192827 2.302930
-0.119640 -0.375529 2.287660
0.040509 -0.504201 2.144740
0.090546 -0.546185 2.098880
0.306323 -0.194534 2.330650
0.428456 -0.357657 2.327490
0.342201 -0.493887 2.221420
0.318066 -0.528954 2.187520
0.084010 -0.511439 2.389270
0.123899 -0.628747 2.088980
0.065388 -0.902750 2.098180
0.072959 -0.946531 2.021900
0.243802 -0.499913 2.418500
0.265599 -0.626039 2.094950
0.286665 -0.908618 2.100610
0.294929 -0.952079 2.023340
0.158632 -0.445947 2.385510
0.154538 -0.385424 2.386230
0.152136 -0.106062 2.283870
0.167585 0.091291 2.293930
0.002119 -0.194581 2.275700
-0.130910 -0.369624 2.266270
-0.016603 -0.511933 2.147130
0.006396 -0.560193 2.162210
0.311948 -0.199214 2.294490
0.442425 -0.360100 2.296960
0.350949 -0.504309 2.217860
0.326897 -0.551816 2.184560
0.082907 -0.514833 2.385850
0.116197 -0.633080 2.083590
0.067274 -0.906150 2.104070
0.074429 -0.951458 2.028440
0.243388 -0.504223 2.409350
0.262586 -0.626581 2.094140
0.288181 -0.911016 2.104430
0.296555 -0.955589 2.027330
0.161354 -0.447257 2.364250
0.158554 -0.384319 2.359980
0.156030 -0.105011 2.254200
0.173857 0.090500 2.267570
0.007581 -0.193696 2.245180
-0.136040 -0.363543 2.241510
-0.027193 -0.507435 2.140540
0.010946 -0.550388 2.134230
0.317793 -0.198364 2.269780
0.451040 -0.360205 2.276230
0.357604 -0.510352 2.213470
0.331908 -0.562483 2.183430
0.083065 -0.517681 2.377530
0.108699 -0.634756 2.073260
0.069376 -0.908470 2.106630
0.076570 -0.955028 2.031560
0.245245 -0.506790 2.390100
0.259511 -0.626194 2.088270
0.289292 -0.911057 2.109470
0.297826 -0.956837 2.032740
0.164508 -0.445521 2.346550
0.162970 -0.381236 2.339480
0.162480 -0.100813 2.229430
0.177613 0.093334 2.244510
0.011768 -0.190476 2.222740
-0.137753 -0.358114 2.224930
-0.033069 -0.503765 2.136420
0.004435 -0.546165 2.129250
0.323814 -0.193279 2.242260
0.456082 -0.358691 2.256150
0.362231 -0.512225 2.200360
0.334021 -0.567448 2.177970
0.085227 -0.517733 2.364710
0.102340 -0.633031 2.059780
0.071448 -0.909273 2.107880
0.078041 -0.956951 2.033350
0.246590 -0.506344 2.374890
0.257599 -0.625511 2.080750
0.289742 -0.910422 2.113380
0.297988 -0.957269 2.037060
0.169358 -0.436965 2.322140
0.168101 -0.372920 2.314900
0.167158 -0.092226 2.207250
0.182193 0.099456 2.222760
0.017667 -0.181560 2.197130
-0.134402 -0.351432 2.208770
-0.038477 -0.501041 2.132460
-0.003908 -0.543558 2.122610
0.328643 -0.182224 2.217210
0.459165 -0.350908 2.233720
0.365769 -0.508360 2.187500
0.337846 -0.555622 2.155620
0.090778 -0.510444 2.341200
0.097593 -0.635194 2.046840
0.073019 -0.909913 2.109850
0.079357 -0.958368 2.035580
0.249402 -0.496900 2.347610
0.256749 -0.626522 2.065900
0.289792 -0.909122 2.117160
0.297802 -0.956820 2.041230
0.173290 -0.427689 2.305460
0.172335 -0.363334 2.297150
0.171769 -0.074232 2.186440
0.185715 0.119695 2.195380
0.021626 -0.168871 2.177270
-0.123544 -0.341637 2.191320
-0.042266 -0.499822 2.130030
-0.050935 -0.542185 2.132970
0.331573 -0.170844 2.197710
0.459375 -0.341223 2.215270
0.368895 -0.501691 2.174890
0.342045 -0.550930 2.146390
0.095697 -0.501380 2.324480
0.095174 -0.637248 2.039350
0.074447 -0.910506 2.111740
0.080504 -0.959578 2.037650
0.251834 -0.487462 2.329490
0.256097 -0.627182 2.054620
0.289866 -0.907842 2.119780
0.297569 -0.956233 2.044150
0.177483 -0.409349 2.288840
0.176180 -0.345782 2.279990
0.172218 -0.053843 2.170770
0.187123 0.133651 2.177450
0.024322 -0.149310 2.160320
-0.111798 -0.331719 2.177870
-0.038610 -0.493583 2.125510
-0.074609 -0.529004 2.123060
0.334321 -0.150611 2.175310
0.457076 -0.330400 2.199320
0.369680 -0.488638 2.154680
0.346485 -0.545791 2.139340
0.102446 -0.482434 2.307730
0.093692 -0.638308 2.035190
0.076346 -0.911383 2.113250
0.081816 -0.960872 2.039230
0.254518 -0.469916 2.311570
0.255220 -0.626792 2.046390
0.290031 -0.907204 2.120930
0.297430 -0.956093 2.045520
0.181070 -0.393026 2.276960
0.179595 -0.328430 2.266240
0.173092 -0.025208 2.151440
0.187957 0.159642 2.156090
0.025826 -0.129963 2.148150
-0.097258 -0.317129 2.166130
-0.026945 -0.479850 2.119670
-0.036727 -0.516420 2.095500
0.335406 -0.129669 2.160870
0.452753 -0.318696 2.184710
0.369096 -0.476008 2.136050
0.350885 -0.537857 2.130420
0.108570 -0.463556 2.295500
0.092785 -0.638886 2.032390
0.078193 -0.912522 2.113890
0.083262 -0.962437 2.040040
0.256748 -0.455555 2.299510
0.254828 -0.627935 2.042420
0.243985 -0.876148 2.118850
0.274614 -0.843285 2.045060
0.184532 -0.370131 2.265040
0.182793 -0.306048 2.253320
0.174343 -0.004048 2.140840
0.186600 0.181239 2.142070
0.026151 -0.109315 2.139540
-0.083948 -0.302151 2.158310
-0.016052 -0.465862 2.114930
-0.031209 -0.509548 2.088710
0.336223 -0.100057 2.147590
0.446269 -0.301892 2.169300
0.370044 -0.464364 2.123000
0.354751 -0.522528 2.114560
0.113516 -0.441206 2.284370
0.092660 -0.638602 2.030100
0.080028 -0.913580 2.113420
0.084612 -0.963764 2.039740
0.259092 -0.433576 2.286460
0.254660 -0.628883 2.039800
0.226362 -0.863639 2.119380
0.263601 -0.799714 2.045940
0.188190 -0.337996 2.253860
0.185722 -0.284147 2.243800
0.175109 0.005370 2.135490
0.183833 0.212164 2.131660
0.024327 -0.075273 2.133180
-0.074838 -0.290187 2.154130
-0.007848 -0.453645 2.110920
-0.016984 -0.500792 2.080720
0.335918 -0.077916 2.138680
0.439074 -0.285715 2.156040
0.371147 -0.454063 2.113070
0.357373 -0.509949 2.102890
0.119030 -0.403570 2.275640
0.093499 -0.637024 2.027820
0.083477 -0.916619 2.101570
0.086878 -0.967088 2.027990
0.261367 -0.405592 2.272810
0.254574 -0.629030 2.037700
0.248228 -0.893868 2.092720
0.274321 -0.903571 2.012580
0.189935 -0.308981 2.244550
0.187840 -0.244809 2.230570
0.177467 0.049384 2.126550
0.180854 0.242455 2.125490
0.022921 -0.048398 2.130100
-0.065859 -0.275399 2.151690
0.003882 -0.436443 2.108320
-0.014421 -0.483665 2.076220
0.335990 -0.052402 2.132430
0.433146 -0.273109 2.146190
0.371179 -0.445041 2.105810
0.358497 -0.494138 2.086310
0.121175 -0.376273 2.268200
0.094459 -0.634829 2.025820
0.087340 -0.918844 2.085710
0.089557 -0.969446 2.012070
0.262792 -0.377875 2.261340
0.254665 -0.628890 2.036090
0.234933 -0.897474 2.099850
0.231753 -0.924821 2.034520
0.190326 -0.286678 2.237320
0.188562 -0.227536 2.224400
0.178200 0.063622 2.123770
0.178751 0.269790 2.122500
0.021465 -0.021563 2.128390
-0.057526 -0.257179 2.150890
0.012277 -0.420402 2.107400
-0.020214 -0.448763 2.073420
0.334989 -0.025724 2.127240
0.426123 -0.254657 2.137170
0.371989 -0.430971 2.101020
0.363690 -0.474653 2.072800
0.121723 -0.353320 2.260530
0.095328 -0.631547 2.023850
0.090849 -0.918850 2.069290
0.091931 -0.969328 1.995320
0.263193 -0.355502 2.252430
0.255222 -0.627922 2.034450
0.226424 -0.898365 2.104010
0.217185 -0.939762 2.039250
0.189996 -0.257495 2.226970
0.188761 -0.202473 2.215690
0.178862 0.072967 2.122410
0.175818 0.296343 2.121880
0.019924 0.006036 2.127530
-0.050119 -0.232424 2.150740
0.017517 -0.410001 2.106280
0.017483 -0.447039 2.083860
0.332536 0.009203 2.121870
0.416455 -0.225938 2.128060
0.374237 -0.407086 2.099980
0.368916 -0.450493 2.065330
0.121037 -0.326540 2.248790
0.096014 -0.625500 2.022040
0.093456 -0.915843 2.053770
0.093531 -0.965790 1.979080
0.262620 -0.323199 2.239940
0.256763 -0.623102 2.031410
0.220788 -0.897135 2.104520
0.209547 -0.946507 2.039580
0.188909 -0.234886 2.218530
0.187923 -0.181846 2.208260
0.178929 0.083660 2.122870
0.173978 0.319001 2.121990
0.017944 0.035009 2.126850
-0.042243 -0.195368 2.155360
0.022111 -0.399206 2.103700
0.037646 -0.445931 2.084750
0.331996 0.040658 2.117990
0.409150 -0.196024 2.122690
0.376346 -0.377364 2.098780
0.372282 -0.426412 2.063610
0.119475 -0.305723 2.238740
0.096194 -0.617104 2.020650
0.094670 -0.911064 2.042130
0.093940 -0.960183 1.966660
0.262010 -0.301470 2.231250
0.257138 -0.612491 2.028140
0.239858 -0.895766 2.074800
0.233460 -0.952056 2.000220
0.186996 -0.208346 2.207860
0.186017 -0.154955 2.198100
0.178187 0.106376 2.123860
0.171037 0.349635 2.124850
0.016898 0.060426 2.126420
-0.036761 -0.172086 2.157360
0.016196 -0.359383 2.110820
0.028073 -0.416095 2.106530
0.331018 0.065834 2.115680
0.403900 -0.170232 2.119460
0.377081 -0.350828 2.097510
0.373161 -0.403575 2.064770
0.116507 -0.272813 2.222990
0.096368 -0.605116 2.020190
0.094470 -0.900349 2.030290
0.092955 -0.948040 1.953920
0.260627 -0.278315 2.220670
0.257026 -0.601215 2.025860
0.251600 -0.890671 2.055230
0.247126 -0.948593 1.976730
0.185587 -0.179531 2.197390
0.184580 -0.126338 2.188820
0.177314 0.136037 2.126890
0.169133 0.377718 2.127410
0.018380 0.100616 2.127110
-0.029112 -0.134010 2.159750
0.008403 -0.319654 2.118590
0.023516 -0.379039 2.109870
0.329950 0.095016 2.114830
0.396957 -0.141039 2.117880
0.376191 -0.328323 2.096440
0.371632 -0.381604 2.065570
0.115299 -0.248988 2.212190
0.095914 -0.584761 2.023320
0.093683 -0.886973 2.021220
0.091397 -0.932878 1.944020
0.258892 -0.243028 2.205470
0.254310 -0.577301 2.025990
0.260315 -0.878725 2.039420
0.257336 -0.934266 1.958120
0.183555 -0.153177 2.187500
0.182291 -0.100035 2.180300
0.174274 0.163890 2.129950
0.168597 0.401337 2.127960
0.019891 0.132651 2.128950
-0.024306 -0.103281 2.161090
0.000983 -0.281147 2.125410
0.017736 -0.345836 2.111160
0.329346 0.127328 2.116990
0.388312 -0.110024 2.119530
0.373922 -0.304787 2.095310
0.367697 -0.364098 2.064830
0.113930 -0.221509 2.199370
0.094806 -0.565149 2.026300
0.092236 -0.868571 2.014880
0.089514 -0.912469 1.936950
0.256969 -0.218776 2.194170
0.251859 -0.560120 2.027280
0.265766 -0.866354 2.028800
0.263834 -0.917861 1.945950
0.181940 -0.124520 2.176250
0.180519 -0.070533 2.170770
0.171888 0.203230 2.134550
0.167986 0.438152 2.134560
0.021184 0.169134 2.133510
-0.017288 -0.069653 2.161710
-0.001988 -0.263192 2.127740
0.014183 -0.327746 2.110610
0.327475 0.160040 2.119440
0.378823 -0.078060 2.122930
0.372139 -0.286111 2.092730
0.367862 -0.341396 2.062250
0.113276 -0.193324 2.185670
0.093676 -0.549297 2.029120
0.089369 -0.810125 2.011590
0.086161 -0.858149 1.932620
0.254539 -0.187934 2.178200
0.250518 -0.546903 2.029140
0.267830 -0.811088 2.017360
0.265537 -0.861017 1.935590
0.180406 -0.097105 2.165610
0.178970 -0.043347 2.162190
0.170559 0.229483 2.137500
0.167506 0.463401 2.138400
0.021168 0.195297 2.137290
-0.013421 -0.045212 2.161390
-0.004944 -0.243111 2.127470
0.009624 -0.308118 2.107460
0.326449 0.190024 2.123090
0.372164 -0.049733 2.125850
0.370945 -0.266408 2.089670
0.367114 -0.321553 2.062650
0.112292 -0.165989 2.172300
0.092868 -0.532872 2.033200
0.087394 -0.765473 2.013440
0.083850 -0.809464 1.933460
0.252712 -0.163919 2.165820
0.249884 -0.534881 2.032070
0.266891 -0.770609 2.015090
0.264242 -0.814104 1.933940
0.179583 -0.077069 2.157700
0.178134 -0.022170 2.155400
0.169820 0.257655 2.139810
0.167103 0.492043 2.143890
0.020615 0.219735 2.142340
-0.010688 -0.022532 2.160910
-0.009693 -0.205023 2.123360
0.004266 -0.283740 2.104390
0.324925 0.213332 2.126150
0.368625 -0.026434 2.129390
0.369850 -0.250121 2.086920
0.365714 -0.308842 2.062340
0.111699 -0.145838 2.162440
0.092387 -0.521878 2.036530
0.086701 -0.746842 2.015610
0.082678 -0.787957 1.935710
0.251627 -0.143421 2.155150
0.249697 -0.523697 2.036570
0.265720 -0.751469 2.016290
0.262072 -0.790506 1.936200
0.178802 -0.056163 2.149640
0.177260 -0.001161 2.149270
0.168427 0.280377 2.142970
0.166436 0.514562 2.148090
0.020866 0.249245 2.148510
-0.007504 0.005739 2.159400
-0.011494 -0.186314 2.121200
0.001489 -0.261319 2.098840
0.322959 0.241285 2.129850
0.364164 0.000420 2.131580
0.368301 -0.240053 2.084330
0.363567 -0.297609 2.060620
0.111430 -0.123708 2.151590
0.092469 -0.514288 2.039500
0.086710 -0.736874 2.020370
0.082258 -0.776322 1.939610
0.250551 -0.121479 2.144050
0.250564 -0.511837 2.043870
0.264514 -0.741243 2.019230
0.260413 -0.778343 1.939060
0.178325 -0.040503 2.143450
0.176769 0.014015 2.145100
0.167706 0.294371 2.145290
0.165648 0.528790 2.151580
0.021284 0.268488 2.152810
-0.005463 0.024418 2.157400
-0.012339 -0.173816 2.118080
0.000251 -0.250257 2.096070
0.321654 0.261353 2.132810
0.361465 0.019738 2.132240
0.366562 -0.229028 2.081650
0.362905 -0.285308 2.058770
0.111451 -0.107468 2.143370
0.093179 -0.507364 2.044000
0.087046 -0.738271 2.031710
0.082112 -0.775196 1.949600
0.249670 -0.105301 2.135690
0.251199 -0.502726 2.050720
0.262350 -0.738194 2.027770
0.257831 -0.773636 1.946940
0.177656 -0.028109 2.138420
0.176246 0.025513 2.142390
0.167255 0.304405 2.147700
0.165346 0.539349 2.155650
0.021944 0.283877 2.156320
-0.004194 0.039633 2.156250
-0.012628 -0.164321 2.113810
-0.001801 -0.229122 2.086180
0.320761 0.275090 2.134960
0.359867 0.033130 2.132070
0.370321 -0.189409 2.077050
0.364503 -0.261658 2.060140
0.111222 -0.094029 2.136370
0.094605 -0.501146 2.049600
0.087832 -0.746820 2.045140
0.082503 -0.781834 1.962330
0.248300 -0.092338 2.128570
0.251436 -0.495071 2.057590
0.260019 -0.746150 2.047580
0.254957 -0.780322 1.965840
0.176381 -0.014956 2.132960
0.175294 0.037271 2.140430
0.166555 0.313732 2.150990
0.164708 0.549309 2.160910
0.022627 0.298867 2.160310
-0.003963 0.054554 2.155030
-0.013581 -0.156113 2.108240
-0.004986 -0.216421 2.081630
0.320228 0.289217 2.137980
0.358880 0.046787 2.132200
0.371704 -0.173902 2.075200
0.366443 -0.245000 2.061010
0.110365 -0.079987 2.128790
0.096616 -0.495648 2.056560
0.090727 -0.758653 2.060450
0.085197 -0.792518 1.977400
0.246291 -0.079195 2.121100
0.251517 -0.488845 2.065080
0.259032 -0.756277 2.063480
0.253653 -0.789752 1.981200
0.175616 -0.006290 2.129000
0.174808 0.045137 2.139330
0.166282 0.320387 2.153340
0.164346 0.556403 2.164920
0.022849 0.308801 2.163410
-0.004611 0.064618 2.154160
-0.016919 -0.139242 2.100080
-0.010445 -0.195698 2.079810
0.318576 0.299157 2.140020
0.358165 0.056761 2.132140
0.372467 -0.164860 2.073940
0.367539 -0.235518 2.061330
0.110036 -0.070715 2.123410
0.098905 -0.491297 2.065150
0.092377 -0.766915 2.070140
0.086481 -0.800426 1.987180
0.244646 -0.069572 2.115310
0.251296 -0.482566 2.073450
0.257057 -0.761732 2.072820
0.251191 -0.795080 1.990460
0.174917 -0.000011 2.125800
0.174401 0.050704 2.138720
0.166138 0.325108 2.155130
0.163877 0.561402 2.168100
0.022984 0.315327 2.165470
-0.005691 0.071558 2.153660
-0.020015 -0.128698 2.094990
-0.014685 -0.183540 2.077860
0.317402 0.306019 2.141810
0.357771 0.063570 2.132090
0.372843 -0.158845 2.073030
0.368396 -0.229273 2.061260
0.109557 -0.063848 2.118850
0.100175 -0.487307 2.074060
0.093109 -0.772893 2.077490
0.087124 -0.806275 1.994640
0.243335 -0.062988 2.111080
0.251034 -0.478568 2.080110
0.254951 -0.765255 2.082020
0.248923 -0.798512 1.999540
0.174003 0.004952 2.122810
0.173932 0.054850 2.138360
0.166044 0.328401 2.156420
0.163404 0.564822 2.170640
0.023055 0.319767 2.166810
-0.007151 0.076298 2.153390
-0.023060 -0.121290 2.091450
-0.018450 -0.175217 2.075990
0.316468 0.310969 2.143510
0.357508 0.068382 2.132060
0.373115 -0.154485 2.072120
0.369145 -0.224692 2.060880
0.108711 -0.058581 2.114720
0.100153 -0.483532 2.083050
0.091472 -0.780363 2.089330
0.097166 -0.840842 2.050160
0.241776 -0.057782 2.107200
0.253018 -0.437134 2.095020
0.253602 -0.762961 2.088360
0.247702 -0.796317 2.005630
0.173057 0.008418 2.120330
0.173447 0.057760 2.138240
0.165958 0.330656 2.157500
0.162936 0.566992 2.173030
0.023024 0.322804 2.167920
-0.009099 0.079288 2.153260
-0.025663 -0.116525 2.088960
-0.021997 -0.169868 2.074410
0.315660 0.314311 2.145130
0.357302 0.071717 2.132040
0.373392 -0.151305 2.070960
0.369923 -0.221650 2.059850
0.107657 -0.054910 2.111140
0.097202 -0.474762 2.094280
0.089634 -0.784461 2.096970
0.091637 -0.839353 2.049350
0.240284 -0.054226 2.104040
0.253918 -0.419724 2.101330
0.251429 -0.758630 2.098760
0.245949 -0.792143 2.015760
0.171832 0.010597 2.117950
0.172746 0.059620 2.138400
0.165777 0.331974 2.158620
0.162370 0.568101 2.175250
0.022815 0.324439 2.168950
-0.011662 0.080749 2.153090
-0.028389 -0.113301 2.086830
-0.025651 -0.166479 2.072640
0.313795 0.315827 2.147230
0.357223 0.074028 2.132020
0.373611 -0.149297 2.069680
0.370813 -0.220179 2.057970
0.106372 -0.052608 2.107750
0.094385 -0.470933 2.102040
0.087369 -0.787291 2.103230
0.104582 -0.857408 2.091520
0.238262 -0.051989 2.100940
0.254346 -0.411475 2.104650
0.245869 -0.750717 2.122170
0.252529 -0.815939 2.074150
0.169870 0.011482 2.115340
0.171388 0.060237 2.138900
0.165309 0.332124 2.160040
0.161436 0.567948 2.177750
0.022325 0.324686 2.169960
-0.015038 0.080811 2.152630
-0.034174 -0.116102 2.081110
-0.031848 -0.170389 2.068250
0.310967 0.315482 2.149620
0.357298 0.075224 2.131950
0.373815 -0.148214 2.068280
0.371745 -0.219545 2.055710
0.104501 -0.051547 2.104330
0.091989 -0.468052 2.107410
0.085397 -0.789104 2.107590
0.109353 -0.863269 2.108700
0.235068 -0.051157 2.097530
0.254611 -0.405993 2.106940
0.243621 -0.747409 2.132090
0.256283 -0.831013 2.108410
0.166991 0.010845 2.112470
0.169082 0.059211 2.139670
0.164451 0.330769 2.161940
0.160058 0.566309 2.180560
0.021555 0.323877 2.170960
-0.019174 0.079868 2.151420
-0.039712 -0.120975 2.075830
-0.037897 -0.176652 2.063510
0.306626 0.313122 2.152310
0.357347 0.075155 2.131810
0.373953 -0.147890 2.066880
0.372563 -0.219331 2.053440
0.101981 -0.051761 2.100790
0.090061 -0.466091 2.111030
0.084035 -0.790242 2.110480
0.111606 -0.866634 2.117940
0.230724 -0.051814 2.094080
0.254778 -0.403072 2.107960
0.242478 -0.745735 2.137510
0.257351 -0.836281 2.121430
0.163831 0.009276 2.109830
0.166161 0.056861 2.140650
0.162700 0.327383 2.165010
0.158269 0.563010 2.183620
0.020472 0.322251 2.171970
-0.023205 0.078357 2.150010
-0.044504 -0.126455 2.071370
-0.043454 -0.183368 2.059290
0.301398 0.309849 2.154940
0.356959 0.074102 2.131610
0.373912 -0.148194 2.065470
0.373282 -0.220455 2.050350
0.099360 -0.052742 2.097520
0.088281 -0.464705 2.113560
0.082999 -0.790941 2.112430
0.087519 -0.836226 2.059750
0.226375 -0.053147 2.091170
0.254492 -0.403052 2.107810
0.241393 -0.744696 2.140760
0.257990 -0.839648 2.129880
0.160286 0.006805 2.107380
0.162639 0.053379 2.141690
0.160568 0.323341 2.168330
0.156140 0.559123 2.186500
0.019483 0.320416 2.172770
-0.027152 0.076751 2.148380
-0.048335 -0.131304 2.068160
-0.048458 -0.189199 2.056390
0.296975 0.306745 2.157100
0.355970 0.072113 2.131260
0.373010 -0.150336 2.063200
0.373779 -0.222132 2.047250
0.096579 -0.054341 2.094460
0.085427 -0.465864 2.115420
0.082104 -0.791291 2.113720
0.077942 -0.824173 2.037310
0.221875 -0.055125 2.088750
0.247096 -0.449239 2.109030
0.237920 -0.756091 2.139820
0.258842 -0.843891 2.130340
0.156409 0.003456 2.105090
0.158568 0.048972 2.142600
0.157911 0.319291 2.171360
0.153953 0.555316 2.188970
0.018462 0.318353 2.173410
-0.030880 0.075070 2.146730
-0.051963 -0.136769 2.065510
-0.053210 -0.195320 2.054210
0.292484 0.303398 2.159160
0.354442 0.069420 2.130840
0.371334 -0.152950 2.060840
0.373933 -0.223648 2.044770
0.093680 -0.056542 2.091590
0.082688 -0.467764 2.116380
0.081387 -0.791410 2.114490
0.072958 -0.817358 2.024060
0.217540 -0.057596 2.086790
0.242679 -0.476898 2.108280
0.234536 -0.766176 2.134670
0.259947 -0.847548 2.126120
0.152675 0.000455 2.103280
0.154645 0.045100 2.143350
0.155357 0.316023 2.173580
0.151874 0.552166 2.191120
0.017279 0.316435 2.174000
-0.034215 0.073632 2.145320
-0.054815 -0.140745 2.063680
-0.056402 -0.199489 2.052900
0.288790 0.300538 2.160700
0.352543 0.066512 2.130510
0.369513 -0.155283 2.058830
0.373734 -0.224607 2.043060
0.090560 -0.058728 2.089040
0.079867 -0.470146 2.116460
0.080787 -0.791307 2.114830
0.070243 -0.813783 2.017280
0.213396 -0.059973 2.085390
0.239909 -0.488965 2.105860
0.231062 -0.775004 2.123860
0.260616 -0.850518 2.121000
0.149355 -0.002012 2.101980
0.151217 0.042005 2.144020
0.153092 0.313602 2.175180
0.149929 0.549778 2.192800
0.015376 0.314398 2.174520
-0.037339 0.072223 2.144140
-0.056939 -0.143551 2.062500
-0.058891 -0.202434 2.052130
0.284549 0.298011 2.161810
0.349908 0.063857 2.130450
0.367411 -0.157603 2.057100
0.372839 -0.225872 2.041380
0.087745 -0.060570 2.087160
0.075599 -0.474748 2.115160
0.080274 -0.791095 2.114780
0.068414 -0.811405 2.012630
0.209677 -0.061972 2.084450
0.237129 -0.496735 2.100920
0.230225 -0.779364 2.114660
0.241704 -0.826072 2.053370
0.146454 -0.004075 2.101100
0.148292 0.039559 2.144630
0.151056 0.311915 2.176230
0.148254 0.548129 2.194080
0.013310 0.312522 2.174850
-0.040707 0.070942 2.143210
-0.058508 -0.145574 2.061730
-0.060818 -0.204523 2.051590
0.280443 0.295978 2.162460
0.346891 0.061535 2.130600
0.365039 -0.159549 2.055750
0.370872 -0.227271 2.039960
0.085256 -0.062123 2.085800
0.071452 -0.478498 2.114310
0.079916 -0.790892 2.114620
0.067948 -0.810601 2.010420
0.206448 -0.063684 2.083980
0.233356 -0.500706 2.090950
0.228963 -0.781635 2.107310
0.228548 -0.811870 2.013480
0.144067 -0.005674 2.100530
0.145851 0.037709 2.145170
0.148985 0.310637 2.176740
0.146605 0.546896 2.195010
0.011095 0.310849 2.174940
-0.043897 0.069830 2.142550
-0.060112 -0.147298 2.061400
-0.062801 -0.206275 2.051490
0.277553 0.294632 2.162900
0.343842 0.059601 2.130830
0.362301 -0.161060 2.054970
0.366582 -0.229826 2.039020
0.083014 -0.063473 2.084880
0.068105 -0.481363 2.113860
0.078471 -0.786603 2.114010
0.067711 -0.808054 2.010870
0.203904 -0.065038 2.083770
0.230002 -0.501766 2.079850
0.228813 -0.781722 2.094100
0.223209 -0.804289 1.988380
0.142104 -0.006956 2.100170
0.143796 0.036304 2.145620
0.146361 0.309790 2.176480
0.144720 0.546079 2.195540
0.009198 0.309563 2.174790
-0.046571 0.069015 2.142130
-0.062041 -0.148773 2.061550
-0.064724 -0.207634 2.051670
0.275404 0.293691 2.163160
0.340898 0.058017 2.131050
0.359299 -0.162212 2.054720
0.360995 -0.233374 2.038940
0.081152 -0.064606 2.084330
0.065534 -0.483513 2.113670
0.077912 -0.785109 2.113720
0.068497 -0.807569 2.012740
0.201909 -0.066110 2.083720
0.227752 -0.501219 2.070660
0.228510 -0.780873 2.083850
0.220351 -0.800581 1.975910
0.140443 -0.007980 2.099950
0.141993 0.035240 2.146020
0.143536 0.309447 2.175710
0.142733 0.545689 2.195800
0.007193 0.308426 2.174260
-0.048851 0.068319 2.141820
-0.064037 -0.149939 2.062100
-0.066414 -0.208638 2.052100
0.273737 0.293036 2.163270
0.337826 0.056697 2.131140
0.356331 -0.163139 2.054720
0.354671 -0.236800 2.039270
0.079476 -0.065610 2.084020
0.063629 -0.485141 2.113580
0.077625 -0.784444 2.113560
0.070190 -0.808940 2.015550
0.200331 -0.066957 2.083760
0.225755 -0.499770 2.063720
0.227581 -0.780452 2.077030
0.179108 -0.817661 2.049780
0.138745 -0.008941 2.099760
0.140208 0.034366 2.146290
0.140702 0.309537 2.174390
0.140700 0.545672 2.195820
0.005425 0.307543 2.173500
-0.050720 0.067799 2.141560
-0.066043 -0.150887 2.062930
-0.068515 -0.209942 2.053670
0.272240 0.292581 2.163150
0.335050 0.055725 2.131110
0.353547 -0.163867 2.054820
0.349895 -0.238941 2.039660
0.077761 -0.066586 2.083920
0.062239 -0.486413 2.113570
0.077830 -0.785010 2.112800
0.073000 -0.813337 2.018250
0.198738 -0.067766 2.083790
0.223861 -0.498241 2.059200
0.224283 -0.779092 2.070460
0.161676 -0.824275 2.068120
0.137155 -0.009727 2.099560
0.138581 0.033717 2.146450
0.138061 0.309871 2.172750
0.138769 0.545878 2.195670
0.003737 0.306875 2.172610
-0.052227 0.067408 2.141310
-0.068148 -0.151712 2.064090
-0.070735 -0.211638 2.055640
0.270694 0.292263 2.162580
0.332585 0.054997 2.130890
0.351396 -0.164381 2.054960
0.346624 -0.240467 2.040000
0.076137 -0.067414 2.083870
0.061553 -0.487469 2.113150
0.078611 -0.786180 2.111990
0.074682 -0.815680 2.019650
0.197269 -0.068456 2.083840
0.221942 -0.496741 2.056540
0.221334 -0.778079 2.066150
0.153298 -0.829781 2.080470
0.135710 -0.010396 2.099300
0.137154 0.033189 2.146460
0.135796 0.310164 2.171140
0.136887 0.546115 2.195320
0.002168 0.306372 2.171520
-0.053447 0.067105 2.141020
-0.070123 -0.152440 2.065450
-0.073586 -0.215674 2.058990
0.268625 0.292130 2.161130
0.330586 0.054589 2.130570
0.349740 -0.164804 2.055050
0.344448 -0.241476 2.040240
0.074798 -0.068071 2.083820
0.061480 -0.488465 2.112210
0.080332 -0.788070 2.111010
0.076630 -0.818131 2.020860
0.195855 -0.069053 2.083730
0.219621 -0.494515 2.055530
0.219032 -0.777323 2.063490
0.148748 -0.833119 2.087270
0.134370 -0.010927 2.098900
0.135950 0.032782 2.146330
0.133998 0.310356 2.169600
0.135235 0.546295 2.194790
0.000695 0.306019 2.170310
-0.054485 0.066868 2.140630
-0.071811 -0.153063 2.066750
-0.075894 -0.219337 2.061820
0.265711 0.292401 2.158320
0.328858 0.054579 2.129980
0.348531 -0.165078 2.055090
0.343136 -0.242066 2.040370
0.073676 -0.068556 2.083700
0.061746 -0.489228 2.111130
0.081557 -0.789591 2.110140
0.078570 -0.821113 2.022040
0.194373 -0.069520 2.083400
0.216777 -0.490783 2.057120
0.217233 -0.776701 2.062360
0.149974 -0.837104 2.091940
0.133072 -0.011383 2.098190
0.134977 0.032453 2.145980
0.132651 0.310574 2.168270
0.133705 0.546544 2.194060
-0.000558 0.305835 2.168940
-0.055423 0.066724 2.139850
-0.073199 -0.153508 2.067920
-0.077549 -0.221981 2.064030
0.260563 0.293509 2.152540
0.327218 0.055305 2.128980
0.347682 -0.165272 2.055080
0.342394 -0.242310 2.040550
0.072761 -0.068890 2.083440
0.062164 -0.489721 2.110120
0.082389 -0.790833 2.109510
0.079515 -0.823268 2.022920
0.192658 -0.069779 2.082520
0.214732 -0.486542 2.061120
0.215302 -0.776317 2.063580
0.187023 -0.819649 2.027850
0.131828 -0.011756 2.097040
0.134065 0.032212 2.145250
0.131508 0.311003 2.166760
0.132247 0.547034 2.192930
-0.001654 0.305806 2.167210
-0.056228 0.066673 2.138450
-0.074286 -0.153814 2.068870
-0.078726 -0.223820 2.065710
0.256313 0.294560 2.147300
0.325923 0.056383 2.127520
0.347122 -0.165189 2.054910
0.343081 -0.241465 2.040660
0.071994 -0.069114 2.083050
0.062683 -0.490008 2.109270
0.082995 -0.791777 2.109100
0.080085 -0.824484 2.023470
0.190846 -0.069805 2.080840
0.213516 -0.444901 2.078890
0.212665 -0.764718 2.076450
0.203269 -0.797262 2.009420
0.130706 -0.011926 2.095360
0.133229 0.032111 2.144000
0.130595 0.311485 2.165110
0.131032 0.547562 2.191630
-0.002812 0.305854 2.164880
-0.056894 0.066613 2.136740
-0.075100 -0.154020 2.069570
-0.079518 -0.225061 2.066860
0.253127 0.295493 2.142930
0.324829 0.057933 2.124670
0.346787 -0.165013 2.054490
0.345062 -0.239382 2.040480
0.071288 -0.069122 2.082060
0.063268 -0.490013 2.108540
0.083455 -0.792527 2.108800
0.107795 -0.849081 2.074270
0.189265 -0.069592 2.078770
0.213391 -0.425372 2.088480
0.211631 -0.758533 2.084690
0.211728 -0.788202 1.999600
0.129772 -0.011955 2.093350
0.132551 0.032127 2.142370
0.129895 0.312015 2.163120
0.130015 0.548102 2.190190
-0.003802 0.305907 2.162230
-0.057374 0.066526 2.134870
-0.075688 -0.154143 2.070070
-0.080028 -0.225879 2.067580
0.250711 0.296294 2.138900
0.324279 0.059675 2.120940
0.346905 -0.164370 2.053550
0.347711 -0.237012 2.039770
0.070731 -0.068962 2.080690
0.063890 -0.489843 2.107930
0.083757 -0.793011 2.108650
0.126357 -0.862204 2.105240
0.187940 -0.069249 2.076500
0.213595 -0.416516 2.093370
0.211242 -0.754867 2.090630
0.216462 -0.783306 1.994410
0.129088 -0.011933 2.091050
0.132102 0.032252 2.140280
0.129468 0.312698 2.159630
0.129030 0.548760 2.187800
-0.004611 0.305964 2.159720
-0.057663 0.066424 2.133070
-0.076091 -0.154233 2.070390
-0.080340 -0.226449 2.068000
0.249096 0.296867 2.135480
0.324229 0.061161 2.117250
0.347437 -0.163608 2.052360
0.351357 -0.234336 2.037980
0.070353 -0.068744 2.078860
0.064529 -0.489601 2.107420
0.083987 -0.793391 2.108560
0.133034 -0.866864 2.116060
0.186981 -0.068948 2.074350
0.213753 -0.411014 2.096490
0.211303 -0.752546 2.094890
0.219188 -0.780044 1.993550
0.128667 -0.011876 2.088470
0.131861 0.032461 2.137800
0.129460 0.313615 2.155500
0.128258 0.549613 2.184990
-0.004892 0.306172 2.156180
-0.057593 0.066429 2.131150
-0.076370 -0.154273 2.070560
-0.080103 -0.226652 2.067640
0.247978 0.297283 2.132010
0.324594 0.062423 2.113660
0.348418 -0.162816 2.050880
0.355099 -0.231803 2.035630
0.070211 -0.068459 2.076830
0.065126 -0.489294 2.107000
0.084163 -0.793693 2.108510
0.137339 -0.869824 2.122980
0.186270 -0.068607 2.072020
0.214195 -0.407825 2.098780
0.211840 -0.751043 2.098220
0.195668 -0.810333 2.066920
0.128507 -0.011735 2.085950
0.131788 0.032814 2.135320
0.129720 0.315006 2.151280
0.127745 0.550953 2.181750
-0.004618 0.306417 2.152140
-0.057111 0.066475 2.128890
-0.076380 -0.154095 2.070250
-0.077670 -0.223053 2.064360
0.247576 0.297643 2.129150
0.325394 0.063496 2.110260
0.350136 -0.161665 2.048720
0.358561 -0.229608 2.032370
0.070242 -0.068133 2.074780
0.065826 -0.488896 2.106620
0.084301 -0.793955 2.108480
0.140083 -0.871339 2.126990
0.185894 -0.068250 2.069790
0.215006 -0.407137 2.100250
0.212472 -0.750142 2.100580
0.185463 -0.822408 2.097830
0.128586 -0.011242 2.083580
0.131867 0.033457 2.133030
0.129962 0.316350 2.148030
0.127266 0.552458 2.178400
-0.004444 0.306681 2.148830
-0.056268 0.066518 2.126300
-0.075928 -0.153795 2.069300
-0.072612 -0.224388 2.058180
0.248749 0.298143 2.126520
0.326487 0.064241 2.107360
0.352343 -0.160292 2.045730
0.361601 -0.227396 2.028580
0.070344 -0.067637 2.072640
0.066682 -0.488292 2.106240
0.084384 -0.794170 2.108470
0.152997 -0.854638 2.120420
0.185955 -0.067787 2.067710
0.215964 -0.408183 2.100950
0.213083 -0.749597 2.102250
0.179874 -0.828895 2.113530
0.128867 -0.010557 2.081380
0.132094 0.034340 2.130850
0.130393 0.318018 2.144770
0.127011 0.554293 2.174920
-0.004361 0.306936 2.145870
-0.054937 0.066504 2.122960
-0.074486 -0.153281 2.067400
-0.069055 -0.223368 2.053260
0.250675 0.298636 2.124330
0.327661 0.064758 2.104850
0.354828 -0.158581 2.041780
0.364152 -0.225281 2.023690
0.070499 -0.067129 2.070680
0.067668 -0.487605 2.105880
0.084440 -0.794347 2.108470
0.157959 -0.849388 2.118960
0.186374 -0.067261 2.065750
0.216961 -0.410074 2.101100
0.213498 -0.749251 2.103460
0.176985 -0.832364 2.122410
0.129283 -0.009860 2.079430
0.132412 0.035259 2.128890
0.130878 0.319772 2.141690
0.127010 0.556250 2.171360
-0.004237 0.307161 2.143210
-0.053185 0.066429 2.119110
-0.072267 -0.152629 2.064770
-0.066007 -0.224300 2.049470
0.252977 0.299039 2.122550
0.328934 0.065076 2.102570
0.357152 -0.156896 2.037250
0.365537 -0.223760 2.016680
0.070710 -0.066683 2.068950
0.068562 -0.486974 2.105580
0.084472 -0.794503 2.108490
0.161442 -0.843373 2.115810
0.187070 -0.066759 2.063940
0.217908 -0.412105 2.100960
0.213972 -0.749081 2.104340
0.174698 -0.834413 2.127430
