0.028692 -0.003150 1.666280
-0.001800 0.061571 1.684260
-0.051314 0.432294 1.721280
0.015588 0.603848 1.715310
-0.099635 0.311363 1.617730
-0.112219 0.084828 1.521560
0.023353 -0.048502 1.527790
0.073501 -0.028478 1.526880
0.054541 0.294273 1.846340
-0.159937 0.175049 1.889110
-0.004134 -0.031303 1.864810
-0.012305 -0.084923 1.870310
0.005363 -0.033656 1.632060
-0.037168 -0.349904 1.601600
-0.096155 -0.663550 1.584160
-0.033659 -0.705061 1.540200
0.068608 -0.063154 1.684570
0.052048 -0.470767 1.817490
0.011184 -0.703657 1.779100
0.017890 -0.743562 1.860140
0.028146 -0.004908 1.664840
-0.002208 0.060136 1.683030
-0.055113 0.452138 1.721970
0.020638 0.615043 1.711120
-0.099436 0.311423 1.615450
-0.111478 0.084908 1.519120
0.027911 -0.045250 1.519230
0.075831 -0.049697 1.524890
0.051883 0.304517 1.844880
-0.162020 0.186856 1.888370
-0.006216 -0.019054 1.864230
-0.014505 -0.072691 1.869790
0.004742 -0.034769 1.631110
-0.037308 -0.350337 1.601090
-0.096228 -0.663758 1.584070
-0.033798 -0.706036 1.540210
0.068108 -0.064311 1.683110
0.051221 -0.470358 1.817100
0.010199 -0.704383 1.776030
0.015515 -0.743413 1.863430
0.027802 -0.006079 1.663850
-0.002477 0.059215 1.682080
-0.056902 0.461748 1.722300
0.023072 0.621900 1.708830
-0.098959 0.311515 1.612750
-0.110430 0.084961 1.516180
0.031228 -0.043231 1.513580
0.077192 -0.061119 1.523760
0.049913 0.312904 1.844090
-0.164112 0.196456 1.888170
-0.008185 -0.008999 1.864110
-0.016541 -0.062636 1.869670
0.004337 -0.035564 1.630430
-0.037416 -0.350702 1.600610
-0.096282 -0.663943 1.583970
-0.033869 -0.706856 1.540210
0.067892 -0.064598 1.682000
0.050398 -0.469434 1.816620
0.009504 -0.704400 1.774300
0.018484 -0.740286 1.859500
0.027592 -0.007285 1.662960
-0.002600 0.058100 1.681150
-0.048951 0.426436 1.714490
0.013508 0.597976 1.712500
-0.098245 0.311599 1.609680
-0.109109 0.084930 1.512910
0.033765 -0.041995 1.509530
0.078157 -0.067927 1.522900
0.052531 0.300326 1.839260
-0.162575 0.185077 1.884090
-0.006301 -0.019705 1.860080
-0.014684 -0.073345 1.865570
0.004022 -0.036571 1.629700
-0.037533 -0.351393 1.600020
-0.096351 -0.664320 1.583790
-0.033954 -0.707910 1.540160
0.067664 -0.065425 1.681180
-0.036551 -0.473298 1.636160
-0.082147 -0.700316 1.608230
-0.037389 -0.721372 1.576830
0.027725 -0.006793 1.662250
-0.002377 0.060308 1.680210
-0.051188 0.441107 1.713700
0.018172 0.607559 1.707530
-0.097410 0.311673 1.606570
-0.107730 0.084878 1.509680
0.035776 -0.041122 1.506510
0.078749 -0.071653 1.522340
0.051237 0.308000 1.837610
-0.164827 0.193312 1.882780
-0.008253 -0.011043 1.858730
-0.016647 -0.064643 1.864130
0.003973 -0.036865 1.629050
-0.037556 -0.351483 1.599600
-0.096356 -0.664402 1.583660
-0.033953 -0.708337 1.540120
0.068039 -0.061696 1.681640
-0.024845 -0.451026 1.591350
-0.083812 -0.691929 1.573150
-0.014812 -0.713472 1.522150
0.028146 -0.004939 1.661620
-0.002029 0.063815 1.679370
-0.052730 0.450847 1.713630
0.020710 0.614964 1.704440
-0.096486 0.311728 1.603490
-0.106463 0.084775 1.506760
0.037261 -0.040551 1.504420
0.079290 -0.074446 1.521810
0.050166 0.314647 1.836630
-0.166739 0.200193 1.882020
-0.009905 -0.003891 1.857910
-0.018296 -0.057463 1.863250
0.004224 -0.036584 1.628100
-0.037501 -0.351196 1.599070
-0.096300 -0.664335 1.583470
-0.033893 -0.708602 1.540060
0.068549 -0.057346 1.682460
-0.045416 -0.448333 1.562400
-0.109180 -0.682934 1.522180
-0.029670 -0.699946 1.450250
0.028524 -0.004159 1.660980
-0.001722 0.065945 1.678590
-0.053768 0.457198 1.713700
0.021967 0.620408 1.702380
-0.095617 0.311750 1.600640
-0.105329 0.084643 1.504170
0.038358 -0.040198 1.502910
0.079736 -0.076411 1.521350
0.049327 0.320013 1.836020
-0.168262 0.205608 1.881550
-0.011221 0.001687 1.857390
-0.019601 -0.051862 1.862660
0.004490 -0.036422 1.627360
-0.037456 -0.351009 1.598580
-0.096220 -0.664305 1.583280
-0.033783 -0.708833 1.540010
0.069006 -0.054761 1.682410
-0.051369 -0.450051 1.562070
-0.119595 -0.680154 1.500510
-0.034723 -0.695577 1.420160
0.028982 -0.002886 1.660370
-0.001436 0.068196 1.677890
-0.054431 0.461340 1.713750
0.022567 0.624354 1.701030
-0.094790 0.311757 1.597890
-0.104300 0.084409 1.501860
0.039308 -0.040015 1.501640
0.080189 -0.077761 1.520860
0.048715 0.324166 1.835630
-0.169407 0.209717 1.881230
-0.012206 0.005895 1.857020
-0.020576 -0.047637 1.862250
0.004870 -0.035975 1.626560
-0.037374 -0.350610 1.598010
-0.096110 -0.664182 1.583060
-0.033635 -0.708958 1.539940
0.069400 -0.052306 1.682420
-0.055806 -0.449739 1.563030
-0.126601 -0.677906 1.487070
-0.039751 -0.692451 1.420920
0.029388 -0.001618 1.659800
-0.001220 0.070113 1.677280
-0.054844 0.464034 1.713720
0.022829 0.627176 1.700110
-0.094039 0.311758 1.595380
-0.103426 0.084167 1.499860
0.040068 -0.039911 1.500680
0.080689 -0.078547 1.520290
0.048288 0.327275 1.835320
-0.170240 0.212748 1.880970
-0.012920 0.008987 1.856720
-0.021279 -0.044532 1.861910
0.005259 -0.035423 1.625790
-0.037276 -0.350118 1.597390
-0.095986 -0.664012 1.582820
-0.033462 -0.709014 1.539860
0.069676 -0.050272 1.682340
-0.059556 -0.449778 1.563830
-0.129413 -0.676026 1.484860
-0.043351 -0.690187 1.424330
0.029853 -0.002542 1.658470
-0.001066 0.070548 1.676440
-0.055118 0.465869 1.713650
0.022877 0.629275 1.699430
-0.093352 0.311750 1.593090
-0.102655 0.083869 1.498030
0.040794 -0.039894 1.499770
0.081274 -0.078868 1.519480
0.047985 0.329630 1.835070
-0.170853 0.215016 1.880730
-0.013445 0.011293 1.856450
-0.021795 -0.042215 1.861620
0.005427 -0.035498 1.625410
-0.037269 -0.350329 1.596650
-0.095921 -0.664129 1.582610
-0.033313 -0.709325 1.539830
0.069975 -0.049852 1.680160
-0.058462 -0.455731 1.575120
-0.129501 -0.678366 1.492050
-0.045994 -0.695201 1.446550
0.029697 -0.006116 1.654700
-0.001536 0.065592 1.671460
-0.049403 0.430028 1.702180
0.012039 0.605847 1.702410
-0.092648 0.311742 1.590850
-0.101941 0.083482 1.496280
0.041095 -0.040416 1.499230
0.081451 -0.079398 1.519190
0.051066 0.312229 1.828330
-0.168455 0.197047 1.873760
-0.010890 -0.006734 1.849370
-0.019192 -0.060225 1.854460
0.005130 -0.037030 1.623240
-0.037350 -0.351740 1.595470
-0.095884 -0.664866 1.582170
-0.033193 -0.710315 1.539680
0.068754 -0.055712 1.672980
-0.057834 -0.466784 1.583020
-0.128404 -0.686650 1.502640
-0.048261 -0.705699 1.464620
0.030395 -0.008363 1.652570
-0.001063 0.063290 1.669040
-0.050418 0.438029 1.700060
0.014610 0.610530 1.698480
-0.091988 0.311758 1.588630
-0.101325 0.083088 1.494580
0.042422 -0.040565 1.496280
0.087462 -0.080978 1.506160
0.051042 0.313886 1.826460
-0.168814 0.198520 1.871840
-0.011178 -0.005262 1.847400
-0.019459 -0.058734 1.852460
0.005320 -0.038464 1.622470
-0.037480 -0.353446 1.594040
-0.095881 -0.665762 1.581740
-0.033098 -0.711410 1.539580
0.071266 -0.055190 1.669290
-0.055389 -0.467658 1.588090
-0.125999 -0.687088 1.512110
-0.048422 -0.706656 1.476740
0.030294 -0.000314 1.650450
-0.001255 0.069027 1.666920
-0.051526 0.446221 1.699280
0.016660 0.615765 1.695400
-0.091257 0.311793 1.586250
-0.100671 0.082671 1.492720
0.043479 -0.040757 1.494150
0.088437 -0.080951 1.503760
0.050859 0.316418 1.825080
-0.169247 0.200921 1.870410
-0.011565 -0.002866 1.845940
-0.019829 -0.056323 1.850970
0.006047 -0.036005 1.618920
-0.037186 -0.352209 1.592670
-0.095690 -0.665401 1.581310
-0.032754 -0.711174 1.539360
0.071906 -0.051860 1.668720
-0.051895 -0.463847 1.593370
-0.122137 -0.684861 1.519840
-0.046944 -0.705009 1.485410
0.031987 -0.000545 1.649620
-0.000703 0.069724 1.665950
-0.052386 0.452873 1.699090
0.018370 0.620396 1.693200
-0.090455 0.311844 1.583560
-0.099986 0.082322 1.490630
0.044454 -0.040912 1.492030
0.089061 -0.080764 1.501970
0.050621 0.319307 1.824070
-0.169663 0.203724 1.869350
-0.011954 -0.000070 1.844850
-0.020203 -0.053514 1.849860
0.007005 -0.037235 1.619250
-0.037219 -0.353108 1.591160
-0.095493 -0.665945 1.580900
-0.032399 -0.711829 1.539310
0.073546 -0.049559 1.667720
-0.049292 -0.461241 1.596280
-0.119536 -0.683151 1.525530
-0.045948 -0.703681 1.491500
0.034031 -0.002075 1.649040
0.000100 0.069784 1.665190
-0.052905 0.457878 1.698950
0.019790 0.624278 1.691570
-0.089494 0.311942 1.580500
-0.099082 0.081943 1.487900
0.044832 -0.041324 1.491090
0.077189 -0.071445 1.500810
0.050428 0.322217 1.823240
-0.169976 0.206587 1.868470
-0.012254 0.002785 1.843960
-0.020492 -0.050650 1.848960
0.007941 -0.039342 1.620350
-0.037318 -0.354649 1.589220
-0.095283 -0.666807 1.580430
-0.032001 -0.712753 1.539340
0.075323 -0.048073 1.666580
-0.047506 -0.459719 1.597820
-0.117782 -0.682100 1.529480
-0.045256 -0.702857 1.495630
0.035778 -0.000129 1.648510
0.001270 0.071278 1.664480
-0.053181 0.461611 1.698630
0.020994 0.627517 1.690320
-0.088265 0.312064 1.576870
-0.097606 0.081445 1.484210
0.045399 -0.048987 1.494510
0.076628 -0.075697 1.504390
0.050298 0.324999 1.822420
-0.170180 0.209350 1.867610
-0.012455 0.005541 1.843090
-0.020685 -0.047886 1.848090
0.008927 -0.039151 1.619990
-0.037058 -0.354171 1.587640
-0.095032 -0.666803 1.580020
-0.031596 -0.712833 1.539210
0.077813 -0.042165 1.667010
-0.045437 -0.456081 1.598900
-0.114976 -0.678531 1.533030
-0.043211 -0.699267 1.499160
0.036772 -0.001732 1.647490
0.001934 0.071296 1.663720
-0.053281 0.464517 1.698070
0.022133 0.630269 1.689310
-0.086602 0.312194 1.572520
-0.095596 0.080957 1.479810
0.048408 -0.049080 1.486960
0.081550 -0.077855 1.496960
0.050248 0.327642 1.821480
-0.170272 0.211995 1.866640
-0.012550 0.008179 1.842100
-0.020774 -0.045242 1.847100
0.009283 -0.039921 1.620030
-0.036911 -0.355113 1.585700
-0.094738 -0.667412 1.579470
-0.031134 -0.713452 1.539130
0.078824 -0.040801 1.666040
-0.044504 -0.455005 1.599300
-0.113888 -0.677668 1.534850
-0.042558 -0.698431 1.501140
0.037465 -0.003449 1.646610
0.002506 0.071067 1.663000
-0.053105 0.466918 1.697250
0.023351 0.632701 1.688440
-0.084537 0.312548 1.567500
-0.093045 0.080549 1.474700
0.049676 -0.054045 1.488500
0.083038 -0.082387 1.499510
0.050394 0.330144 1.820350
-0.170141 0.214512 1.865480
-0.012428 0.010689 1.840950
-0.020646 -0.042727 1.845940
0.009458 -0.040798 1.620080
-0.036618 -0.356260 1.583600
-0.094458 -0.668111 1.578880
-0.030692 -0.714118 1.539050
0.079546 -0.039942 1.665180
-0.043790 -0.454187 1.599310
-0.113107 -0.677072 1.536110
-0.042017 -0.697820 1.502500
0.037337 -0.006864 1.644950
0.002845 0.069780 1.661680
-0.052518 0.469183 1.695920
0.024984 0.635012 1.687550
-0.082513 0.312760 1.562730
-0.089428 0.079945 1.468550
0.050488 -0.057717 1.490010
0.084296 -0.086323 1.502170
0.050815 0.332658 1.818920
-0.169709 0.217051 1.864020
-0.012011 0.013222 1.839490
-0.020226 -0.040190 1.844480
0.009309 -0.042002 1.620070
-0.036143 -0.357783 1.581350
-0.094236 -0.668970 1.578270
-0.030329 -0.714903 1.538960
0.078357 -0.042915 1.660950
-0.043589 -0.456294 1.596530
-0.112276 -0.677972 1.536780
-0.041319 -0.698609 1.503020
0.037056 -0.009622 1.643610
0.003044 0.068538 1.660470
-0.051403 0.471417 1.693980
0.027155 0.637266 1.686550
-0.080286 0.312980 1.557580
-0.084195 0.079007 1.461030
0.050836 -0.059659 1.490630
0.085038 -0.088845 1.503890
0.051566 0.335210 1.817140
-0.168929 0.219635 1.862210
-0.011250 0.015800 1.837680
-0.019463 -0.037609 1.842670
0.008908 -0.043281 1.620060
-0.035822 -0.358738 1.579940
-0.094064 -0.669858 1.577700
-0.030029 -0.715702 1.538880
0.077326 -0.045173 1.657640
-0.043263 -0.458265 1.593200
-0.111352 -0.679116 1.536670
-0.040376 -0.699704 1.502620
0.036492 -0.012187 1.642300
0.003056 0.067200 1.659190
-0.049474 0.473994 1.691130
0.030361 0.639820 1.685400
-0.077516 0.313250 1.552040
-0.078239 0.078922 1.453770
0.051041 -0.061061 1.491160
0.085613 -0.090838 1.505380
0.052828 0.338073 1.814810
-0.167621 0.222533 1.859850
-0.009966 0.018693 1.835320
-0.018177 -0.034711 1.840320
0.007908 -0.045126 1.619830
-0.035345 -0.359957 1.578560
-0.094049 -0.670938 1.577240
-0.029864 -0.716721 1.538860
0.076371 -0.047058 1.655080
-0.043082 -0.459982 1.590430
-0.110537 -0.680411 1.536270
-0.039467 -0.700952 1.501920
0.035462 -0.014338 1.639800
0.002886 0.065934 1.656870
-0.046043 0.477099 1.687360
0.035508 0.642913 1.683990
-0.074834 0.313771 1.547060
-0.071633 0.079283 1.447130
0.051261 -0.062063 1.491630
0.086190 -0.092403 1.506690
0.055071 0.341374 1.811870
-0.165317 0.225870 1.856880
-0.007690 0.022027 1.832370
-0.015900 -0.031373 1.837370
0.005923 -0.047295 1.617770
-0.034268 -0.362063 1.577050
-0.094373 -0.672130 1.576660
-0.030055 -0.717918 1.538560
0.075218 -0.048559 1.651860
-0.042916 -0.461264 1.588220
-0.109758 -0.681640 1.535960
-0.038598 -0.702149 1.501260
0.034466 -0.015421 1.637570
0.002712 0.065325 1.654730
-0.041602 0.480266 1.683630
0.041576 0.646128 1.682790
-0.072536 0.314724 1.542690
-0.063199 0.080073 1.440770
0.051428 -0.062729 1.491960
0.086611 -0.093454 1.507630
0.058166 0.344802 1.808800
-0.162159 0.229327 1.853790
-0.004560 0.025484 1.829280
-0.012769 -0.027911 1.834290
0.003674 -0.048831 1.614890
-0.033328 -0.363511 1.576050
-0.094705 -0.673075 1.576100
-0.030298 -0.718941 1.538110
0.074369 -0.049440 1.649650
-0.042711 -0.462099 1.586690
-0.108986 -0.682711 1.535640
-0.037738 -0.703206 1.500570
0.023608 -0.020751 1.621500
-0.003034 0.057437 1.640440
-0.021910 0.441539 1.668660
0.046055 0.616115 1.685650
-0.070048 0.315983 1.538490
-0.052497 0.080468 1.435530
0.071229 -0.055877 1.483930
0.100188 -0.093685 1.504200
0.073329 0.320231 1.796400
-0.146885 0.204755 1.841400
0.010653 0.000955 1.816900
0.002438 -0.052419 1.821920
-0.014269 -0.053529 1.586160
-0.032143 -0.365680 1.575400
-0.095527 -0.674609 1.575020
-0.031412 -0.720747 1.536730
0.057734 -0.067900 1.631110
-0.047481 -0.479431 1.580860
-0.108390 -0.695085 1.535510
-0.037451 -0.715411 1.498950
0.015441 -0.025386 1.611390
-0.007808 0.051126 1.631050
-0.011785 0.420743 1.661520
0.048731 0.602835 1.687070
-0.067453 0.317397 1.534790
-0.038721 0.079662 1.432340
0.085075 -0.054163 1.482080
0.112689 -0.095386 1.503620
0.081984 0.305916 1.789680
-0.138173 0.190448 1.834680
0.019334 -0.013334 1.810180
0.011118 -0.066699 1.815200
-0.023023 -0.055866 1.575020
-0.030696 -0.367882 1.575240
-0.096471 -0.676121 1.573920
-0.032651 -0.722413 1.535390
0.049004 -0.077373 1.621690
-0.003915 -0.505560 1.597920
0.001344 -0.720997 1.773170
0.046586 -0.726018 1.784430
0.010748 -0.027172 1.606480
-0.010562 0.048042 1.626250
-0.006904 0.411725 1.658790
0.050996 0.595262 1.688480
-0.065171 0.318653 1.531960
-0.021105 0.078736 1.432790
0.099135 -0.054193 1.484280
0.125718 -0.097733 1.505730
0.087625 0.296987 1.786090
-0.132497 0.181525 1.831090
0.024990 -0.022248 1.806600
0.016774 -0.075607 1.811630
-0.027771 -0.056651 1.569520
-0.028720 -0.370616 1.576010
-0.097650 -0.677801 1.572690
-0.033557 -0.723456 1.534210
0.044404 -0.081524 1.617640
0.011910 -0.514454 1.604430
0.024405 -0.731262 1.823650
0.075449 -0.729436 1.876620
-0.005265 0.008919 1.614070
-0.022396 0.075296 1.632180
-0.003700 0.406284 1.657510
0.052916 0.590490 1.690160
-0.063107 0.319728 1.530000
-0.005607 0.078697 1.435520
0.111180 -0.054368 1.489430
0.137447 -0.099539 1.510070
0.091487 0.291273 1.784290
-0.128612 0.175817 1.829290
0.028861 -0.027951 1.804800
0.020646 -0.081305 1.809830
-0.035341 -0.042769 1.565980
-0.027331 -0.372792 1.576960
-0.097406 -0.677393 1.571710
-0.032481 -0.720788 1.532660
0.023496 -0.055088 1.639240
0.030240 -0.490665 1.616320
0.039365 -0.736931 1.860920
0.094583 -0.730995 1.939550
-0.012511 0.027368 1.619580
-0.027293 0.087146 1.635660
-0.001263 0.402235 1.659210
0.055278 0.586195 1.694280
-0.060900 0.320785 1.529000
0.008857 0.079460 1.441350
0.122853 -0.054343 1.498350
0.148987 -0.100697 1.517140
0.094688 0.286385 1.784080
-0.125395 0.170933 1.829090
0.032069 -0.032830 1.804600
0.023854 -0.086180 1.809620
-0.039226 -0.033834 1.565030
-0.023919 -0.378095 1.580940
-0.096551 -0.676403 1.571000
-0.030615 -0.717542 1.531690
0.013363 -0.041127 1.653650
-0.082112 -0.329128 1.751170
-0.053478 -0.576367 1.994610
-0.005754 -0.571181 2.057140
-0.015052 0.036383 1.624830
-0.029245 0.093817 1.640030
0.000600 0.399956 1.666050
0.057851 0.582938 1.701000
-0.057860 0.321940 1.529610
0.022456 0.080727 1.450620
0.137397 -0.051030 1.516180
0.153753 -0.084310 1.522620
0.097606 0.282074 1.786290
-0.119770 0.158537 1.827590
0.034860 -0.041521 1.802780
0.026647 -0.094865 1.807810
-0.040013 -0.025892 1.568660
-0.019902 -0.383176 1.586170
-0.094513 -0.674732 1.570880
-0.027436 -0.713794 1.531690
0.009509 -0.034474 1.662780
-0.094263 -0.297132 1.784000
0.032051 -0.548491 1.654130
-0.004036 -0.621787 1.662600
-0.014697 0.041053 1.631770
-0.029193 0.097619 1.646320
0.001463 0.400164 1.677190
0.060027 0.581640 1.711870
-0.052586 0.324500 1.535090
0.032846 0.083516 1.460870
0.144060 -0.049672 1.523680
0.157267 -0.071432 1.527970
0.100016 0.278831 1.791320
-0.117206 0.152548 1.826820
0.036439 -0.047090 1.801330
0.028227 -0.100430 1.806350
-0.037220 -0.018742 1.578800
-0.015845 -0.387595 1.592200
-0.091947 -0.672745 1.571230
-0.023886 -0.710106 1.532380
0.008483 -0.030568 1.669780
-0.112703 -0.277960 1.800970
0.032146 -0.509142 1.682070
-0.008957 -0.610543 1.658710
-0.016004 0.039551 1.643030
-0.030728 0.097279 1.656790
0.000720 0.401215 1.690570
0.061637 0.581101 1.729070
-0.045855 0.329412 1.548290
0.040404 0.088251 1.472970
0.148997 -0.047989 1.530690
0.160214 -0.061173 1.534000
0.101381 0.276328 1.799580
-0.115981 0.148586 1.826540
0.037234 -0.051074 1.800280
0.029023 -0.104410 1.805300
-0.038855 -0.014943 1.593960
-0.011655 -0.391752 1.599810
-0.089191 -0.670892 1.572120
-0.020501 -0.707163 1.533670
0.006688 -0.029652 1.677040
-0.115089 -0.285693 1.805460
0.046485 -0.504293 1.596790
0.051263 -0.573441 1.574770
-0.018696 0.034358 1.656370
-0.033761 0.094298 1.670080
-0.002040 0.405295 1.708720
0.061462 0.583364 1.747150
-0.041107 0.333913 1.565590
0.045507 0.093362 1.485460
0.152943 -0.045696 1.538390
0.162747 -0.052295 1.541010
0.101185 0.276086 1.813130
-0.115647 0.145888 1.826940
0.037582 -0.053799 1.799620
0.029373 -0.107132 1.804640
-0.043198 -0.014047 1.612130
-0.006921 -0.395730 1.610330
-0.085937 -0.669005 1.573930
-0.016771 -0.704524 1.535990
0.004578 -0.030224 1.684750
-0.114238 -0.291987 1.811510
0.046788 -0.524075 1.598760
0.088315 -0.567188 1.526350
-0.025856 0.026396 1.681910
-0.041450 0.090201 1.695510
-0.008708 0.414952 1.734380
0.058522 0.590236 1.768170
-0.038020 0.337017 1.585190
0.048733 0.097946 1.498610
0.156186 -0.042774 1.548020
0.164860 -0.044420 1.549730
0.097756 0.280489 1.834800
-0.117298 0.145025 1.829540
0.037347 -0.055574 1.799400
0.029139 -0.108904 1.804420
-0.050779 -0.015210 1.637450
-0.002365 -0.399209 1.621880
-0.082236 -0.667000 1.576710
-0.012505 -0.702059 1.539760
-0.003844 -0.033352 1.711670
-0.109560 -0.308048 1.811990
0.066391 -0.557250 1.640540
0.010362 -0.598781 1.612680
-0.030551 0.020854 1.701190
-0.046466 0.087032 1.715160
-0.012480 0.420629 1.752540
0.054278 0.596274 1.786790
-0.036307 0.338607 1.603770
0.050899 0.101584 1.513050
0.159014 -0.039673 1.560050
0.166948 -0.037944 1.560780
0.094693 0.284713 1.854930
-0.122235 0.148880 1.835780
0.035699 -0.055493 1.800230
0.027492 -0.108819 1.805250
-0.056128 -0.017465 1.656680
0.002028 -0.402248 1.634720
-0.078383 -0.665300 1.580470
-0.008291 -0.700206 1.544450
-0.008847 -0.036309 1.730950
-0.096779 -0.331301 1.805310
0.073759 -0.581090 1.669340
0.002968 -0.601901 1.610040
-0.036786 0.028542 1.733120
-0.052027 0.093928 1.744520
-0.014802 0.424918 1.768530
0.049921 0.601660 1.803800
-0.036221 0.339446 1.624670
0.054356 0.106002 1.528970
0.164954 -0.029543 1.585170
0.192157 -0.044971 1.612960
0.092207 0.288865 1.874030
-0.128784 0.157219 1.846240
0.032289 -0.052530 1.803530
0.024083 -0.105851 1.808550
-0.060015 -0.017688 1.669960
0.006499 -0.404704 1.647950
-0.062348 -0.641654 1.597770
0.009590 -0.650395 1.585240
-0.017121 -0.029766 1.775470
-0.087672 -0.340130 1.804040
0.076594 -0.594257 1.690650
-0.011285 -0.608342 1.620630
-0.039875 0.032891 1.749720
-0.055188 0.098688 1.762200
-0.017616 0.431255 1.788990
0.046086 0.608314 1.821860
-0.038332 0.340740 1.648100
0.053990 0.108211 1.567780
0.165391 -0.030059 1.601900
0.195903 -0.047564 1.629430
0.089032 0.295096 1.896150
-0.133985 0.165424 1.857650
0.025672 -0.043688 1.814370
0.017468 -0.097000 1.819380
-0.063630 -0.016958 1.683200
0.011109 -0.407136 1.661360
-0.053597 -0.632283 1.608220
-0.002821 -0.604413 1.579260
-0.020671 -0.026547 1.795650
-0.080924 -0.345065 1.805800
0.071363 -0.617408 1.721330
-0.023143 -0.622491 1.655280
-0.041307 0.029214 1.764110
-0.056349 0.096995 1.777460
-0.019016 0.435843 1.806190
0.041308 0.614909 1.843080
-0.052515 0.337930 1.690910
0.050724 0.112463 1.593630
0.165052 -0.029674 1.612780
0.198310 -0.049678 1.640580
0.086887 0.300304 1.915350
-0.138105 0.173348 1.871050
0.019926 -0.034641 1.828300
0.011723 -0.087945 1.833320
-0.069604 -0.021509 1.739910
0.017615 -0.410045 1.678920
-0.043217 -0.628026 1.620570
-0.048355 -0.585055 1.580340
-0.021919 -0.025053 1.803990
-0.074489 -0.350801 1.812710
-0.076273 -0.659021 1.837890
-0.076062 -0.644261 1.734690
-0.039318 0.018461 1.783340
-0.054476 0.088627 1.797750
-0.019694 0.438014 1.820820
0.038594 0.617911 1.857560
-0.059533 0.336668 1.711950
0.049566 0.114978 1.607560
0.164797 -0.029282 1.621560
0.199899 -0.051046 1.648770
0.085432 0.303589 1.931680
-0.141100 0.179170 1.885180
0.015538 -0.027858 1.843300
0.007337 -0.081155 1.848310
-0.072915 -0.039574 1.813900
0.025692 -0.413048 1.709540
-0.029146 -0.627495 1.636070
-0.075352 -0.591997 1.589440
-0.008762 -0.040789 1.781340
-0.069605 -0.357100 1.828260
-0.116098 -0.684098 1.878000
-0.101756 -0.658872 1.781850
-0.037161 0.011468 1.795920
-0.052237 0.082401 1.811920
-0.019469 0.438372 1.840140
0.035653 0.619479 1.872990
-0.065957 0.335914 1.731640
0.048319 0.118154 1.617830
0.164377 -0.027879 1.629340
0.200357 -0.050933 1.655190
0.084610 0.305679 1.950250
-0.143044 0.183522 1.904420
0.012340 -0.022634 1.863530
0.004141 -0.075924 1.868540
-0.073730 -0.049123 1.849740
0.004013 -0.422150 1.779900
-0.012876 -0.636452 1.652050
-0.075340 -0.606404 1.612280
-0.000788 -0.049526 1.767690
-0.023632 -0.399652 1.815960
-0.133574 -0.695043 1.883460
-0.101972 -0.665609 1.792130
-0.037637 0.001946 1.814170
-0.052305 0.074661 1.829800
-0.018857 0.437779 1.856870
0.034231 0.620198 1.884060
-0.068038 0.335907 1.741580
0.048204 0.120253 1.624480
0.164610 -0.026256 1.636480
0.200204 -0.049728 1.660530
0.084334 0.306689 1.966940
-0.143914 0.186018 1.922850
0.010579 -0.019503 1.882580
0.002381 -0.072786 1.887590
-0.075508 -0.053050 1.869960
0.045943 -0.375093 1.774870
0.012305 -0.648072 1.672130
0.013588 -0.658844 1.632950
0.000527 -0.055500 1.766760
0.050095 -0.465428 1.768230
-0.134491 -0.700935 1.879490
-0.089277 -0.672451 1.796000
-0.036539 -0.003652 1.824320
-0.051231 0.069564 1.840260
-0.018011 0.435084 1.870760
0.033072 0.619223 1.895220
-0.068304 0.337118 1.750090
0.052762 0.153646 1.624170
0.168905 0.020145 1.674200
0.206500 -0.017546 1.698360
0.084480 0.305793 1.981260
-0.143994 0.185829 1.938950
0.009902 -0.019250 1.898970
0.001705 -0.072527 1.903980
-0.075754 -0.056135 1.882700
0.068986 -0.362185 1.789250
0.022847 -0.651498 1.684770
0.078799 -0.691349 1.657480
0.001925 -0.059887 1.766880
0.017424 -0.486070 1.827350
-0.134611 -0.710594 1.876500
-0.075248 -0.680642 1.800860
-0.033809 -0.009362 1.832900
-0.048532 0.063550 1.849670
-0.015957 0.428690 1.886100
0.032617 0.615480 1.908310
-0.067405 0.337792 1.758090
0.056341 0.152493 1.635740
0.171209 0.022631 1.685280
0.207293 -0.012942 1.706300
0.085594 0.302149 1.996220
-0.142795 0.182357 1.955730
0.010700 -0.022371 1.915910
0.002504 -0.075643 1.920910
-0.073543 -0.060271 1.890080
0.077904 -0.356000 1.794870
0.046540 -0.631229 1.725190
0.131642 -0.678914 1.699790
0.004447 -0.065102 1.770130
-0.023131 -0.438690 1.886770
-0.126420 -0.717766 1.872310
-0.048587 -0.685813 1.797200
-0.029759 -0.014089 1.840960
-0.044850 0.058479 1.858390
-0.013725 0.423345 1.899840
0.032780 0.611172 1.922980
-0.064529 0.339285 1.766370
0.058434 0.150596 1.644480
0.172833 0.022022 1.692680
0.207357 -0.010172 1.711790
0.087195 0.298279 2.010330
-0.140989 0.178503 1.971250
0.012286 -0.025999 1.931520
0.004091 -0.079265 1.936530
-0.069201 -0.063974 1.893910
0.086333 -0.363296 1.803460
0.056912 -0.626768 1.746080
0.152965 -0.677246 1.723220
0.008654 -0.069981 1.778300
-0.036960 -0.436983 1.909120
-0.104660 -0.717642 1.862750
-0.024793 -0.690065 1.796630
-0.023838 -0.019287 1.849180
-0.039526 0.052910 1.867300
-0.011028 0.418457 1.911850
0.034049 0.606603 1.936800
-0.061456 0.341009 1.777470
0.059411 0.147403 1.655180
0.173843 0.019231 1.698900
0.206844 -0.009101 1.716170
0.089406 0.294121 2.023150
-0.138533 0.174288 1.985020
0.014652 -0.030089 1.945350
0.006457 -0.083349 1.950350
-0.063284 -0.068064 1.894970
-0.030854 -0.434763 1.895500
-0.030100 -0.673662 1.853990
0.042594 -0.718245 1.821370
0.016385 -0.075124 1.793390
-0.060361 -0.416223 1.926790
-0.089586 -0.718858 1.859710
-0.009676 -0.693410 1.798120
-0.018228 -0.023197 1.858000
-0.034404 0.048764 1.876900
-0.007996 0.415661 1.925110
0.036265 0.603385 1.950380
-0.059236 0.341892 1.787850
0.063587 0.140423 1.676360
0.176551 0.012931 1.707800
0.208058 -0.012821 1.723250
0.092042 0.291078 2.036630
-0.135669 0.171194 1.999040
0.017517 -0.033127 1.959390
0.009323 -0.086383 1.964400
-0.059088 -0.070771 1.897280
-0.056304 -0.451158 1.925180
-0.052722 -0.687430 1.896070
0.031493 -0.731399 1.858100
0.022961 -0.078427 1.808090
0.114044 -0.406809 1.866860
0.097024 -0.656121 1.798620
0.055073 -0.686365 1.767610
-0.013229 -0.026273 1.865570
-0.029821 0.045397 1.885140
-0.005471 0.412877 1.935780
0.038886 0.599977 1.962220
-0.057495 0.342577 1.799280
0.065870 0.137589 1.689150
0.178682 0.008279 1.714230
0.209533 -0.016655 1.729070
0.094505 0.287914 2.048120
-0.133035 0.167968 2.010750
0.020196 -0.036342 1.971110
0.012002 -0.089593 1.976110
-0.054975 -0.073093 1.899180
-0.078848 -0.464815 1.943640
-0.069429 -0.696867 1.910940
0.003606 -0.738408 1.869570
0.028249 -0.080928 1.819850
0.142034 -0.400035 1.874830
0.154925 -0.644427 1.790970
0.101505 -0.687502 1.765110
-0.007246 -0.027669 1.873530
-0.024250 0.043678 1.893820
-0.001663 0.411334 1.948110
0.042432 0.597487 1.975870
-0.055243 0.344924 1.811420
0.067364 0.137325 1.698290
0.180145 0.005649 1.718750
0.210995 -0.019530 1.733680
0.097918 0.285534 2.060370
-0.129490 0.165506 2.022980
0.023824 -0.038827 1.983320
0.015632 -0.092073 1.988320
-0.049593 -0.074514 1.901600
-0.081561 -0.466008 1.943870
-0.074524 -0.700447 1.909440
-0.005917 -0.739759 1.868260
0.033917 -0.081444 1.830460
0.190142 -0.402698 1.869780
0.195933 -0.643440 1.820120
0.137294 -0.695749 1.787910
-0.001256 -0.029168 1.880290
-0.018416 0.041871 1.901370
0.003253 0.409359 1.958990
0.046787 0.594896 1.987640
-0.053192 0.345771 1.820610
0.069931 0.137185 1.706710
0.182681 0.002841 1.724010
0.213596 -0.022537 1.739250
0.102265 0.282924 2.071510
-0.125046 0.162811 2.034000
0.028368 -0.041565 1.994320
0.020176 -0.094806 1.999330
-0.044269 -0.075825 1.903710
-0.081370 -0.467123 1.944890
-0.076186 -0.704010 1.908020
-0.010355 -0.741226 1.865800
0.040048 -0.082272 1.839660
0.203309 -0.411190 1.876790
0.205499 -0.656225 1.845900
0.163855 -0.720317 1.823090
0.004137 -0.029748 1.886410
-0.012768 0.040736 1.908510
0.007289 0.406949 1.967010
0.050686 0.592144 1.996840
-0.058271 0.352036 1.851250
0.069202 0.146749 1.723940
0.184586 0.001881 1.728220
0.217099 -0.025001 1.744850
0.106179 0.280108 2.080410
-0.121055 0.159926 2.042770
0.032444 -0.044494 2.003080
0.024252 -0.097730 2.008080
-0.039431 -0.076818 1.906110
-0.079309 -0.467402 1.945840
-0.075719 -0.706469 1.903690
-0.012735 -0.741026 1.855840
0.045506 -0.082830 1.847160
0.209863 -0.420381 1.888490
0.224374 -0.686602 1.883600
0.174758 -0.745295 1.857020
0.010354 -0.030634 1.893230
-0.007037 0.039409 1.915400
0.010280 0.404972 1.972590
0.053860 0.589830 2.003680
-0.057824 0.353448 1.862130
0.070943 0.150086 1.732040
0.186884 0.001647 1.732500
0.220942 -0.026653 1.750310
0.109351 0.277727 2.087090
-0.117823 0.157490 2.049330
0.035738 -0.046966 2.009620
0.027546 -0.100198 2.014620
-0.030959 -0.078641 1.911740
-0.068167 -0.462797 1.940700
-0.070970 -0.705682 1.893630
-0.009712 -0.739102 1.845640
0.050922 -0.083584 1.854240
0.216543 -0.433162 1.905250
0.238356 -0.705198 1.914130
0.247249 -0.757356 1.879610
0.017136 -0.031199 1.900310
0.000022 0.038403 1.923160
0.017755 0.402135 1.981610
0.060106 0.587045 2.012640
-0.055985 0.352160 1.870640
0.073850 0.151526 1.737740
0.190577 0.001597 1.737260
0.225404 -0.027607 1.755690
0.115479 0.274857 2.095910
-0.111646 0.154553 2.057980
0.041977 -0.049945 2.018230
0.033787 -0.103171 2.023230
-0.023934 -0.080065 1.917050
-0.058292 -0.459274 1.937820
-0.066591 -0.705465 1.887820
-0.006112 -0.738308 1.839620
0.057753 -0.084102 1.861740
0.214688 -0.442918 1.918360
0.238570 -0.734808 1.954030
0.219393 -0.786474 1.917730
0.023522 -0.030824 1.907240
0.006970 0.038105 1.930730
0.022300 0.400362 1.986650
0.064647 0.585045 2.018580
-0.063710 0.341980 1.899910
0.074325 0.155483 1.748070
0.194125 0.002534 1.741790
0.230079 -0.027949 1.760840
0.119943 0.272789 2.101790
0.162939 0.105642 1.921530
0.305651 -0.074925 1.880690
0.297464 -0.128138 1.885700
-0.017835 -0.081521 1.923220
-0.048989 -0.457830 1.937400
-0.062842 -0.705724 1.884430
-0.003950 -0.738157 1.834070
0.065129 -0.084106 1.868920
0.212593 -0.450939 1.928920
0.239721 -0.754900 1.982160
0.222672 -0.815112 1.961460
0.031565 -0.030921 1.914870
0.015406 0.037512 1.938460
0.034279 0.396714 1.995150
0.074048 0.581877 2.026660
-0.047934 0.333477 1.905970
0.084735 0.151636 1.751690
0.201860 0.001210 1.748480
0.235188 -0.027977 1.766240
0.129252 0.269531 2.109930
0.214135 0.096027 1.906580
0.293873 -0.079966 1.911940
0.293151 -0.131444 1.903970
-0.009837 -0.083184 1.931080
-0.041472 -0.457319 1.938380
-0.059243 -0.706240 1.882670
0.000209 -0.738736 1.832290
0.072680 -0.084547 1.875480
0.212082 -0.457699 1.939320
0.244472 -0.769272 2.004340
0.282029 -0.816195 1.972790
0.041648 -0.031729 1.923710
0.025440 0.036461 1.946900
0.045119 0.393873 2.002140
0.083645 0.579088 2.033870
-0.036333 0.328628 1.907460
0.094822 0.147511 1.754900
0.210218 -0.000319 1.755780
0.241220 -0.028138 1.772410
0.138770 0.266671 2.117210
0.242224 0.093931 1.892100
0.298939 -0.079849 1.925530
0.318866 -0.135043 1.900800
0.001025 -0.085282 1.941540
-0.033659 -0.457515 1.941200
-0.055899 -0.706701 1.881940
0.004446 -0.739429 1.831950
0.081903 -0.085671 1.882890
0.212618 -0.462844 1.948760
0.247325 -0.776769 2.016490
0.312529 -0.817948 1.982440
0.054727 -0.032986 1.934900
0.038907 0.035153 1.957560
0.061068 0.390849 2.009870
0.097274 0.576092 2.041640
-0.024727 0.324932 1.907650
0.105043 0.143174 1.757480
0.219115 -0.002149 1.762960
0.247640 -0.028229 1.778480
0.152320 0.263621 2.125090
0.249547 0.094716 1.892890
0.310270 -0.085222 1.931990
0.331063 -0.138645 1.907350
0.014091 -0.087964 1.955630
-0.025892 -0.457869 1.945680
-0.051271 -0.707316 1.882900
0.009750 -0.740479 1.833400
0.094603 -0.088101 1.892070
0.214120 -0.465636 1.956940
0.249211 -0.781797 2.024480
0.326479 -0.817708 1.985290
0.067184 -0.035128 1.947760
0.051915 0.033344 1.969690
0.077249 0.388707 2.018320
0.122298 0.571167 2.055310
-0.013057 0.322573 1.908380
0.112884 0.139608 1.759320
0.229977 -0.002238 1.770930
0.254111 -0.025605 1.784620
0.167281 0.261091 2.133630
0.260212 0.096167 1.899350
0.322808 -0.090932 1.942880
0.331161 -0.142412 1.923510
0.024546 -0.090406 1.969940
-0.017277 -0.458652 1.952210
-0.045244 -0.708501 1.885700
0.016274 -0.742288 1.836750
0.108487 -0.092187 1.904560
0.216208 -0.466280 1.963650
0.250334 -0.783585 2.028520
0.332814 -0.814867 1.982880
0.077808 -0.035886 1.958140
0.063265 0.032982 1.979560
0.092760 0.388599 2.025200
0.140048 0.569523 2.063640
0.001592 0.320766 1.908930
0.120672 0.135217 1.760660
0.280970 0.002882 1.829890
0.311864 -0.026664 1.846120
0.182616 0.260090 2.141130
0.262249 0.103746 1.900770
0.324705 -0.093326 1.950900
0.329606 -0.145040 1.936280
0.033729 -0.091455 1.981400
-0.006149 -0.461995 1.960970
-0.039221 -0.709642 1.889080
0.022574 -0.744035 1.840600
0.119276 -0.093768 1.914390
0.219806 -0.463684 1.969910
0.249984 -0.778294 2.024230
0.330729 -0.806720 1.972620
0.091630 -0.035343 1.969110
0.077101 0.034020 1.989440
0.107027 0.390326 2.030480
0.159234 0.569143 2.070180
0.018696 0.320116 1.909820
0.132942 0.130659 1.763070
0.318243 -0.001298 1.873000
0.346852 -0.033328 1.883280
0.197380 0.260668 2.147300
0.257374 0.111363 1.908630
0.326802 -0.094787 1.955280
0.330595 -0.146990 1.944340
0.047416 -0.090923 1.993820
0.007549 -0.467311 1.971240
-0.032566 -0.711190 1.893220
0.029528 -0.746147 1.845290
0.133261 -0.092954 1.925820
0.223166 -0.461042 1.974800
0.249852 -0.767338 2.012660
0.326325 -0.796679 1.959850
0.105643 -0.035973 1.978700
0.090687 0.034247 1.997750
0.119525 0.392722 2.033700
0.182938 0.571310 2.074410
0.034908 0.319707 1.912790
0.147527 0.127663 1.766390
0.331576 -0.002350 1.887820
0.361519 -0.035714 1.898440
0.210816 0.262068 2.151640
0.251722 0.116190 1.914710
0.328760 -0.095922 1.958200
0.331354 -0.148550 1.950400
0.060778 -0.091499 2.003440
0.021976 -0.473387 1.981900
-0.023127 -0.712761 1.899650
-0.017992 -0.758081 1.864030
0.148659 -0.091633 1.938210
0.227494 -0.458320 1.979520
0.250127 -0.755949 2.000300
0.321984 -0.787354 1.948110
0.117609 -0.037133 1.987380
0.101716 0.034093 2.004640
0.128945 0.395077 2.035350
0.203247 0.572353 2.076320
0.054243 0.320890 1.916640
0.173242 0.121099 1.783410
0.339882 -0.003142 1.896540
0.370674 -0.036953 1.907820
0.221606 0.263765 2.154370
0.246040 0.122606 1.917050
0.331075 -0.096602 1.960210
0.332991 -0.149449 1.954180
0.074533 -0.092224 2.013610
0.045294 -0.480404 1.998230
-0.010256 -0.713967 1.908320
-0.038191 -0.763781 1.877030
0.160021 -0.090937 1.948460
0.231963 -0.456359 1.983610
0.250855 -0.748513 1.991800
0.320035 -0.781800 1.941230
0.135796 -0.037046 1.997400
0.118756 0.034817 2.012710
0.140192 0.397778 2.035740
0.216997 0.573955 2.076100
0.070802 0.322701 1.919740
0.186085 0.118079 1.790650
0.342278 -0.003947 1.896420
0.376886 -0.038051 1.913350
0.233410 0.265815 2.155990
0.244311 0.125855 1.918510
0.336377 -0.097174 1.962360
0.336465 -0.150209 1.958450
0.096225 -0.091057 2.025470
0.077669 -0.492213 2.018780
0.001291 -0.716295 1.916540
0.030111 -0.760013 1.881210
0.176051 -0.089444 1.959550
0.235510 -0.456200 1.987570
0.251649 -0.743563 1.985980
0.318857 -0.778019 1.936430
0.149040 -0.035931 2.004220
0.130530 0.035944 2.017470
0.150394 0.399034 2.035920
0.227950 0.574393 2.075170
0.113938 0.330344 1.910550
0.197898 0.112509 1.793640
0.341900 -0.004760 1.890240
0.380207 -0.038884 1.913990
0.244244 0.267030 2.157060
0.243642 0.128029 1.919470
0.341517 -0.097753 1.963900
0.339670 -0.150893 1.961780
0.116419 -0.088387 2.035230
0.099151 -0.498249 2.033590
0.024845 -0.721779 1.933960
0.076301 -0.762977 1.901230
0.185080 -0.088353 1.965650
0.237560 -0.456337 1.991820
0.252362 -0.740421 1.982180
0.318758 -0.775800 1.934210
0.162845 -0.011090 2.017490
0.142796 0.049279 2.025260
0.160950 0.399075 2.035880
0.238333 0.573814 2.073720
0.131213 0.333317 1.907050
0.205037 0.108756 1.796580
0.356744 -0.036777 1.904770
0.413425 -0.088828 1.941740
0.254996 0.267486 2.157700
0.244466 0.129487 1.919980
0.348129 -0.098432 1.964940
0.343962 -0.151601 1.964620
0.135206 -0.057395 2.006980
0.131750 -0.481287 2.053030
0.066326 -0.700011 1.956980
0.137271 -0.737985 1.920980
0.190183 -0.064990 2.024670
0.238904 -0.458477 1.998600
0.252889 -0.738389 1.979680
0.318671 -0.774275 1.932590
0.169791 0.006406 2.024150
0.151914 0.067275 2.031600
0.171346 0.401159 2.036230
0.247881 0.575175 2.072090
0.140946 0.334602 1.905720
0.210065 0.105608 1.799180
0.364884 -0.053853 1.912640
0.425351 -0.106926 1.951630
0.265504 0.269388 2.158350
0.248521 0.131883 1.920180
0.356952 -0.097028 1.965910
0.350526 -0.150446 1.967390
0.143420 -0.039035 1.985770
0.181059 -0.466078 2.056830
0.099414 -0.722610 1.984030
0.068584 -0.760845 1.952950
0.191716 -0.048563 2.064580
0.259788 -0.463708 2.003810
0.252849 -0.719122 1.977960
0.310543 -0.775980 1.940460
0.172355 0.016015 2.028120
0.155876 0.076722 2.035270
0.181514 0.401406 2.036940
0.256839 0.575119 2.070510
0.147898 0.335270 1.904990
0.213780 0.102491 1.801510
0.366145 -0.031224 1.881250
0.416299 -0.077081 1.912650
0.275668 0.270057 2.159060
0.252178 0.134195 1.919960
0.359920 -0.096414 1.965960
0.352533 -0.150037 1.968490
0.145604 -0.031447 1.976200
0.266558 -0.412809 2.028270
0.164956 -0.705240 2.004260
0.199617 -0.736097 1.965150
0.189740 -0.044201 2.084580
0.273078 -0.467107 2.005930
0.259852 -0.708718 1.974530
0.321801 -0.758469 1.936720
0.197608 0.027133 2.023460
0.183363 0.095211 2.034290
0.210349 0.446190 2.046170
0.296973 0.612272 2.063530
0.153403 0.334987 1.904860
0.216559 0.099351 1.803260
0.369658 -0.028852 1.874140
0.416184 -0.075788 1.907700
0.306639 0.310738 2.167050
0.151892 0.160721 2.129770
0.121957 -0.086988 2.167770
0.144731 -0.141447 2.147460
0.165783 -0.022780 1.968730
0.250419 -0.433270 2.019420
0.170385 -0.688168 2.004500
0.225226 -0.720130 1.966420
0.223223 -0.027337 2.073750
0.272444 -0.463551 2.032230
0.279749 -0.682270 1.953400
0.336331 -0.734699 1.920660
0.234691 0.033252 2.020930
0.212067 0.104195 2.034930
0.225970 0.468898 2.051920
0.319112 0.630930 2.061010
0.157674 0.333698 1.905460
0.218521 0.096487 1.804390
0.373311 -0.029257 1.870260
0.417277 -0.076629 1.905350
0.321122 0.327995 2.171110
0.136473 0.164664 2.178570
0.094346 -0.088157 2.209140
0.084849 -0.141454 2.215510
0.205330 -0.017402 1.970360
0.316119 -0.427231 1.991710
0.192205 -0.707976 2.016510
0.255695 -0.743954 1.971650
0.266546 -0.017596 2.062430
0.256992 -0.453969 2.087950
0.290015 -0.685111 1.953020
0.342793 -0.730561 1.918000
0.253611 0.031633 2.019100
0.232158 0.101006 2.034490
0.245997 0.446155 2.056570
0.325856 0.619806 2.062480
0.161817 0.330476 1.907760
0.219596 0.093173 1.805060
0.375787 -0.029765 1.867530
0.416955 -0.076129 1.895800
0.336680 0.322397 2.174510
0.130463 0.132772 2.225020
0.076245 -0.121397 2.254740
0.043191 -0.160371 2.272680
0.224240 -0.018025 1.971560
0.331627 -0.436233 1.978900
0.197544 -0.725057 2.021810
0.267980 -0.760850 1.975100
0.291974 -0.019419 2.052180
0.248327 -0.440226 2.166900
0.292421 -0.694369 1.954860
0.346183 -0.729301 1.916130
0.264400 0.029799 2.018070
0.243365 0.097565 2.034110
0.254191 0.431912 2.058370
0.329704 0.607033 2.064960
0.166444 0.325794 1.911750
0.219688 0.089368 1.805540
0.377660 -0.030743 1.865280
0.417125 -0.075753 1.889070
0.346592 0.315478 2.176660
0.142297 0.114095 2.245080
0.094334 -0.126835 2.277290
0.048127 -0.171650 2.296350
0.235458 -0.019683 1.971830
0.336278 -0.445388 1.971950
0.192428 -0.735160 2.040470
0.265306 -0.771165 1.993810
0.305243 -0.023072 2.047710
0.365029 -0.439449 2.168590
0.291568 -0.692558 1.954910
0.347489 -0.725814 1.914580
0.272297 0.028901 2.018250
0.251132 0.096373 2.034860
0.258806 0.433921 2.062420
0.336679 0.606108 2.064780
0.171121 0.320058 1.917080
0.217648 0.084075 1.806610
0.378979 -0.031727 1.863550
0.417545 -0.075144 1.884190
0.352550 0.316690 2.179300
0.164575 0.122321 2.257170
0.120447 -0.123708 2.297470
0.074645 -0.175324 2.319020
0.243381 -0.021620 1.972090
0.333292 -0.453822 1.970160
0.192828 -0.739787 2.046230
0.266869 -0.776055 1.999470
0.315256 -0.026516 2.047820
0.390754 -0.438498 2.192030
0.290184 -0.692533 1.956750
0.348702 -0.723928 1.913840
0.300096 -0.014180 2.019040
0.275828 0.059815 2.036960
0.260772 0.436477 2.065650
0.342180 0.605393 2.065650
0.174993 0.314883 1.922110
0.213101 0.078979 1.810310
0.379747 -0.032774 1.862170
0.417846 -0.074524 1.880770
0.356625 0.317557 2.181330
0.164646 0.117267 2.281550
0.111945 -0.129601 2.326590
0.097469 -0.178838 2.327250
0.265790 -0.056172 1.988780
0.325437 -0.469255 1.974020
0.190762 -0.746321 2.050130
0.215398 -0.804896 2.092680
0.347128 -0.063787 2.035220
0.420632 -0.447253 2.198730
0.291642 -0.701872 1.969120
0.353458 -0.732291 1.924100
0.304382 -0.034025 2.017490
0.281724 0.044523 2.036990
0.262146 0.438060 2.068420
0.347259 0.604183 2.067090
0.178457 0.310378 1.927040
0.205259 0.074553 1.819580
0.375811 -0.032642 1.859890
0.415423 -0.071577 1.876430
0.359678 0.317955 2.183410
0.177388 0.116617 2.277180
0.134278 -0.130283 2.322110
0.123856 -0.181597 2.324200
0.268154 -0.071682 1.998770
0.318325 -0.481095 1.978400
0.189880 -0.752822 2.053780
0.206917 -0.815959 2.133370
0.343446 -0.082125 2.015210
0.457166 -0.461299 2.169510
0.287533 -0.701757 1.969540
0.351653 -0.732130 1.923890
0.328659 -0.084400 2.053920
0.304644 -0.013376 2.068140
0.279943 0.336110 2.075380
0.347915 0.513218 2.081320
0.181873 0.305992 1.932320
0.196401 0.069941 1.835040
0.372004 -0.032428 1.858530
0.414485 -0.070460 1.874220
0.380516 0.223994 2.193580
0.214827 0.025279 2.258610
0.180780 -0.222095 2.306840
0.173129 -0.275500 2.311400
0.293080 -0.116643 2.042640
0.312626 -0.488390 1.981520
0.188096 -0.758573 2.055250
0.244919 -0.788249 2.027680
0.371280 -0.150809 2.055340
0.482814 -0.513229 2.155790
0.283069 -0.736125 1.973290
0.338193 -0.777382 2.011280
0.340272 -0.108523 2.075080
0.315776 -0.042910 2.086850
0.288529 0.295629 2.079980
0.349739 0.471462 2.088070
0.184951 0.301754 1.938160
0.181128 0.066835 1.860930
0.367798 -0.032130 1.858590
0.414135 -0.070030 1.872960
0.390593 0.178080 2.199320
0.233147 -0.019059 2.248220
0.203637 -0.267316 2.297780
0.197221 -0.321799 2.303440
0.305191 -0.138342 2.066050
0.307408 -0.494342 1.984530
0.185383 -0.764756 2.055210
0.244246 -0.792098 2.029860
0.386735 -0.186694 2.082760
0.491090 -0.541364 2.146850
0.289968 -0.715316 1.961570
0.337120 -0.758434 2.027370
0.346672 -0.103213 2.088160
0.321895 -0.050931 2.095700
0.293388 0.273972 2.082140
0.351195 0.451659 2.091100
0.187479 0.296691 1.946890
0.171519 0.065826 1.878400
0.362840 -0.031829 1.860870
0.413598 -0.069953 1.872870
0.396096 0.156228 2.202210
0.242280 -0.039895 2.244070
0.214679 -0.288186 2.294360
0.208762 -0.342955 2.300590
0.312457 -0.142392 2.074520
0.301612 -0.503303 1.988900
0.181432 -0.772587 2.054350
0.249980 -0.789173 2.010560
0.393595 -0.193428 2.101890
0.493766 -0.554517 2.141070
0.294476 -0.718645 1.958160
0.340228 -0.768046 2.043560
0.349901 -0.095191 2.096680
0.324590 -0.045230 2.102980
0.296476 0.261280 2.083630
0.352487 0.439756 2.092950
0.190057 0.291507 1.960120
0.162205 0.064193 1.898370
0.357617 -0.032464 1.866440
0.412745 -0.070890 1.875360
0.399720 0.143242 2.204140
0.248159 -0.052453 2.242200
0.221860 -0.300818 2.292960
0.216362 -0.355898 2.299560
0.316618 -0.136879 2.077140
0.298020 -0.509243 1.992070
0.178249 -0.778400 2.053360
0.253131 -0.787571 1.999590
0.395805 -0.189318 2.116290
0.481707 -0.580380 2.132490
0.293925 -0.761302 1.962440
0.341363 -0.802183 2.061690
0.353841 -0.049286 2.113660
0.329768 0.003102 2.120740
0.305086 0.308406 2.096350
0.371675 0.473007 2.085610
0.192790 0.286612 1.978370
0.153713 0.059520 1.919760
0.351348 -0.035137 1.877190
0.408553 -0.076845 1.883600
0.406739 0.159871 2.213090
0.255045 -0.033787 2.247030
0.228036 -0.281901 2.297590
0.221962 -0.336051 2.304060
0.319890 -0.115632 2.076420
0.296041 -0.514746 1.995820
0.175857 -0.782416 2.052430
0.255581 -0.786653 1.993410
0.400518 -0.133686 2.150720
0.465820 -0.558482 2.132470
0.294688 -0.773666 1.964240
0.360554 -0.815430 2.054150
0.356006 -0.017518 2.123870
0.333548 0.041213 2.133390
0.312952 0.359019 2.110140
0.395604 0.511297 2.074500
0.196716 0.282357 2.001860
0.147180 0.054039 1.940050
0.341469 -0.039863 1.891480
0.397904 -0.086642 1.896230
0.415193 0.220832 2.229500
0.261061 0.028487 2.261630
0.231978 -0.219310 2.311500
0.224824 -0.272895 2.317330
0.323397 -0.096712 2.077150
0.295293 -0.516728 1.999170
0.174011 -0.785050 2.051600
0.257111 -0.785948 1.989140
0.403911 -0.100293 2.172120
0.460776 -0.540659 2.129850
0.310104 -0.720028 1.964710
0.381464 -0.767043 2.032170
0.357892 0.014536 2.125910
0.337040 0.072423 2.137440
0.318112 0.395432 2.118590
0.409007 0.533948 2.068860
0.200973 0.277756 2.023820
0.140844 0.050801 1.964120
0.331403 -0.051233 1.908660
0.387140 -0.101452 1.910270
0.445219 0.295988 2.265780
0.288735 0.104213 2.298310
0.257920 -0.143372 2.347580
0.249968 -0.196578 2.352890
0.318268 -0.064107 2.068330
0.298081 -0.506337 2.007520
0.172595 -0.786906 2.050880
0.258198 -0.785417 1.986140
0.411627 -0.070414 2.180450
0.457568 -0.516149 2.130280
0.317272 -0.691500 1.964770
0.390458 -0.743084 2.021660
0.359334 0.026161 2.128400
0.339330 0.084275 2.140500
0.321872 0.406329 2.122640
0.415517 0.540938 2.066610
0.207675 0.272572 2.046860
0.131221 0.054552 1.994900
0.292185 -0.063944 1.939220
0.350779 -0.110487 1.931460
0.469678 0.336935 2.285050
0.485742 0.095718 2.329720
0.509509 -0.152395 2.316440
0.527674 -0.203982 2.308420
0.316560 -0.052951 2.067540
0.301024 -0.499028 2.015460
0.171481 -0.788237 2.050310
0.258837 -0.785043 1.984450
0.416145 -0.058294 2.185330
0.457314 -0.503919 2.136640
0.329526 -0.711831 1.964810
0.386992 -0.758880 2.029190
0.363999 0.035495 2.136100
0.345611 0.093029 2.147000
0.336319 0.399322 2.128160
0.425532 0.535383 2.063850
0.214802 0.268727 2.065290
0.126952 0.061495 2.021730
0.265525 -0.071109 1.960880
0.322522 -0.118694 1.948030
0.511720 0.322152 2.289640
0.554501 0.077680 2.340730
0.570933 -0.127156 2.321400
0.595868 -0.173054 2.310950
0.316088 -0.046310 2.070720
0.302959 -0.493243 2.025580
0.170689 -0.789164 2.050040
0.258283 -0.785322 1.984780
0.434401 -0.052873 2.208470
0.460601 -0.496257 2.145830
0.333350 -0.714666 1.965590
0.389167 -0.760699 2.029640
0.368720 0.039090 2.143880
0.353160 0.095799 2.153600
0.356584 0.376086 2.129970
0.439383 0.512981 2.058550
0.222241 0.265950 2.081100
0.126660 0.066249 2.047690
0.242758 -0.077872 1.986310
0.295837 -0.127474 1.966760
0.554241 0.292271 2.296690
0.592784 0.043744 2.340480
0.605135 -0.151398 2.308000
0.625946 -0.210121 2.291860
0.314119 -0.046207 2.087990
0.310102 -0.481779 2.057140
0.232378 -0.777279 2.016330
0.294329 -0.796210 1.964800
0.443920 -0.052304 2.219350
0.465114 -0.493318 2.155680
0.452259 -0.786772 2.104410
0.483700 -0.818170 2.057830
0.374380 0.035587 2.154680
0.363314 0.090687 2.162470
0.381473 0.345703 2.131830
0.456840 0.479060 2.051480
0.230285 0.263101 2.093840
0.130728 0.069457 2.073530
0.228887 -0.084663 2.007580
0.276327 -0.137899 1.985550
0.581888 0.264235 2.293170
0.618674 0.029896 2.336060
0.627661 -0.162672 2.293390
0.633452 -0.219046 2.283680
0.309313 -0.051480 2.112360
0.309666 -0.476864 2.069570
0.268735 -0.769075 1.997270
0.309445 -0.802441 1.956960
0.451006 -0.055641 2.226540
0.471226 -0.495048 2.168240
0.485212 -0.803887 2.139350
0.520855 -0.842089 2.068730
0.389945 0.008430 2.185470
0.385263 0.063082 2.186030
0.407850 0.310523 2.133110
0.473737 0.440423 2.044480
0.240589 0.259447 2.104920
0.139404 0.063922 2.108260
0.218384 -0.100888 2.039720
0.259298 -0.158078 2.014560
0.599091 0.230644 2.280150
0.635297 0.017461 2.329070
0.639296 -0.175974 2.277750
0.642076 -0.234948 2.263080
0.314754 -0.074419 2.157610
0.301456 -0.470951 2.083290
0.281527 -0.765978 1.990760
0.313554 -0.807335 1.944820
0.462946 -0.081555 2.246990
0.476613 -0.498385 2.180540
0.500897 -0.815636 2.164470
0.537197 -0.855017 2.075750
0.398976 -0.013577 2.205970
0.398212 0.041477 2.200950
0.422137 0.287369 2.132450
0.486382 0.406044 2.035580
0.254088 0.252512 2.115390
0.146488 0.056316 2.134400
0.213075 -0.115398 2.065420
0.249088 -0.179882 2.048360
0.611239 0.199097 2.265270
0.646081 0.007208 2.321870
0.642569 -0.186730 2.263950
0.643450 -0.245057 2.248660
0.319271 -0.094184 2.191300
0.286581 -0.464098 2.097720
0.283955 -0.761559 1.992340
0.300858 -0.817417 1.959390
0.468379 -0.098800 2.259180
0.480358 -0.502073 2.191480
0.498731 -0.818711 2.169620
0.535727 -0.862732 2.080880
0.406842 -0.040690 2.227570
0.410457 0.012559 2.217750
0.444775 0.245440 2.130140
0.497434 0.363879 2.028180
0.270406 0.239675 2.125280
0.155673 0.035032 2.165250
0.212290 -0.144384 2.103500
0.242278 -0.211528 2.085990
0.618061 0.167474 2.252310
0.652353 -0.030121 2.306070
0.632528 -0.216300 2.247430
0.629059 -0.257733 2.233670
0.323626 -0.114171 2.222550
0.261584 -0.455003 2.127170
0.272594 -0.757589 2.004830
0.287761 -0.817816 1.958340
0.471627 -0.123231 2.276510
0.482662 -0.505743 2.200750
0.496454 -0.823393 2.178130
0.527760 -0.872028 2.089060
0.409769 -0.056038 2.239780
0.415806 -0.004834 2.227480
0.456103 0.216432 2.130040
0.503359 0.331545 2.023630
0.282711 0.226673 2.132560
0.165493 0.008704 2.190870
0.214276 -0.173123 2.131030
0.238491 -0.244609 2.117590
0.622329 0.141706 2.244500
0.645279 -0.056548 2.295790
0.613359 -0.240330 2.237380
0.605806 -0.266639 2.223190
0.324344 -0.125350 2.240550
0.245418 -0.452382 2.147730
0.251782 -0.756699 2.027330
0.268303 -0.817417 1.965310
0.471737 -0.139157 2.288260
0.483820 -0.508424 2.208140
0.492434 -0.826554 2.183880
0.511008 -0.875670 2.094640
0.412954 -0.072660 2.253690
0.420881 -0.025479 2.239470
0.466387 0.169998 2.134440
0.505963 0.282062 2.022950
0.294828 0.204873 2.140410
0.170670 -0.006736 2.207500
0.209367 -0.200490 2.173200
0.232752 -0.264359 2.146310
0.626249 0.119426 2.241130
0.639854 -0.074135 2.289420
0.594525 -0.256095 2.228160
0.586521 -0.271017 2.214250
0.324979 -0.138251 2.262010
0.234304 -0.456569 2.163110
0.235942 -0.757886 2.047040
0.249963 -0.818609 1.978440
0.473940 -0.156543 2.304270
0.484465 -0.509788 2.214630
0.481707 -0.825022 2.179960
0.497526 -0.878058 2.098550
0.414393 -0.086340 2.265510
0.423320 -0.045045 2.251360
0.470761 0.118667 2.149070
0.503170 0.229331 2.034570
0.300756 0.185877 2.146500
0.179914 -0.028533 2.227420
0.209835 -0.219965 2.193680
0.231300 -0.280454 2.164620
0.626876 0.091219 2.240280
0.636017 -0.087172 2.287880
0.577890 -0.265265 2.221520
0.562572 -0.294830 2.201360
0.323764 -0.148978 2.279540
0.225324 -0.462295 2.179090
0.216198 -0.762685 2.082780
0.226473 -0.822443 2.012260
0.474760 -0.168503 2.315970
0.484748 -0.510616 2.219510
0.473899 -0.823068 2.176210
0.487476 -0.879088 2.101230
0.407832 -0.111861 2.286360
0.416908 -0.071131 2.266520
0.459207 0.088394 2.152630
0.495666 0.197098 2.036680
0.303298 0.168001 2.151570
0.184704 -0.042989 2.241180
0.213656 -0.234293 2.211520
0.233496 -0.293954 2.182240
0.621256 0.066948 2.237030
0.633190 -0.098181 2.290220
0.566363 -0.270754 2.218140
0.542340 -0.320838 2.193020
0.317254 -0.168171 2.317730
0.217908 -0.469101 2.192070
0.199831 -0.768600 2.134340
0.205640 -0.828871 2.065830
0.472775 -0.182811 2.328300
0.484939 -0.511031 2.223240
0.469153 -0.821299 2.173750
0.479734 -0.879644 2.103550
0.404191 -0.128947 2.300180
0.411991 -0.092462 2.279100
0.443290 0.054289 2.158800
0.482526 0.157845 2.041380
0.303723 0.152991 2.155200
0.193672 -0.058307 2.253090
0.218067 -0.249926 2.229590
0.237242 -0.308715 2.200730
0.604138 0.046915 2.224320
0.631509 -0.103402 2.292140
0.559127 -0.272588 2.218290
0.535667 -0.327185 2.190480
0.315522 -0.178812 2.337280
0.212801 -0.476514 2.202820
0.194034 -0.775066 2.160930
0.194947 -0.837698 2.098670
0.470896 -0.193484 2.337450
0.485123 -0.511418 2.226030
0.466079 -0.819936 2.172020
0.473010 -0.879971 2.105480
0.400171 -0.139617 2.308860
0.407508 -0.103477 2.285440
0.404696 0.065468 2.140250
0.474880 0.145548 2.031200
0.296126 0.132138 2.161120
0.198383 -0.075695 2.265070
0.222151 -0.265436 2.243070
0.241462 -0.323677 2.215940
0.600537 0.020637 2.224320
0.611446 -0.130344 2.308650
0.547817 -0.283733 2.215350
0.533512 -0.328077 2.194290
0.311957 -0.187913 2.353080
0.208876 -0.487524 2.212530
0.191789 -0.783215 2.179770
0.189861 -0.847520 2.120550
0.468333 -0.205564 2.346970
0.485352 -0.511577 2.228220
0.464027 -0.818833 2.170650
0.468266 -0.880226 2.106920
0.387912 -0.157820 2.321610
0.396652 -0.115746 2.291520
0.385445 0.068672 2.129860
0.463486 0.136494 2.013770
0.291909 0.112758 2.164900
0.199097 -0.088775 2.273930
0.224347 -0.274768 2.252910
0.245548 -0.336529 2.230410
0.595745 -0.000670 2.224280
0.598165 -0.150131 2.318580
0.533911 -0.295821 2.213500
0.529494 -0.331957 2.194400
0.307724 -0.196384 2.363350
0.206777 -0.498269 2.218840
0.190878 -0.789429 2.190570
0.187101 -0.854079 2.132540
0.456380 -0.231599 2.371370
0.485839 -0.512854 2.229660
0.462631 -0.817843 2.169600
0.464893 -0.880235 2.107960
0.379914 -0.171368 2.331250
0.386128 -0.126504 2.297550
0.366813 0.076977 2.122760
0.451627 0.130001 2.001660
0.272050 0.066332 2.186100
0.194162 -0.126089 2.308790
0.227943 -0.289313 2.258330
0.251104 -0.354778 2.238740
0.593646 -0.010614 2.223740
0.592310 -0.158908 2.322230
0.527509 -0.306974 2.213330
0.525220 -0.344002 2.194210
0.297366 -0.220050 2.379950
0.205910 -0.506942 2.222340
0.190911 -0.795011 2.196020
0.186218 -0.859745 2.138940
0.453614 -0.245222 2.383200
0.486630 -0.516289 2.230620
0.461651 -0.817016 2.168850
0.462589 -0.880178 2.108750
0.374213 -0.183064 2.339200
0.375911 -0.140037 2.305030
0.347158 0.059820 2.128480
0.428875 0.105766 2.002310
0.239313 0.014179 2.214790
0.190428 -0.142016 2.324540
0.230232 -0.298565 2.262170
0.254467 -0.365766 2.244300
0.592804 -0.016307 2.221840
0.573532 -0.202197 2.313510
0.514902 -0.352490 2.200910
0.520740 -0.363401 2.193160
0.290472 -0.239310 2.390200
0.205770 -0.513766 2.224140
0.191989 -0.799802 2.196590
0.186898 -0.864906 2.140810
0.455094 -0.259339 2.397560
0.487515 -0.521411 2.231300
0.461027 -0.816318 2.168260
0.460958 -0.880205 2.109430
0.373673 -0.198247 2.351760
0.372447 -0.149054 2.312510
0.360282 0.087610 2.141030
0.382489 0.070016 1.999770
0.224756 -0.007724 2.227080
0.182099 -0.153809 2.337640
0.230641 -0.306955 2.266630
0.255567 -0.375237 2.250160
0.592367 -0.017141 2.218770
0.565933 -0.219973 2.309650
0.498308 -0.370868 2.197850
0.503090 -0.390592 2.188290
0.288720 -0.273733 2.423260
0.206284 -0.520202 2.224340
0.194552 -0.803569 2.194470
0.190322 -0.867556 2.136650
0.458239 -0.270634 2.403270
0.488214 -0.535562 2.231630
0.460661 -0.815740 2.167800
0.459789 -0.879510 2.109460
0.372454 -0.214669 2.363900
0.365481 -0.170378 2.327770
0.330725 0.059056 2.154750
0.343659 0.034041 2.002560
0.224685 -0.009138 2.225750
0.180779 -0.162723 2.345910
0.230404 -0.321756 2.276820
0.256054 -0.390592 2.261580
0.590473 -0.014681 2.215540
0.562317 -0.228165 2.309050
0.490737 -0.379924 2.197030
0.492736 -0.406763 2.186070
0.289217 -0.287844 2.437590
0.207801 -0.528934 2.222780
0.199158 -0.807103 2.188940
0.195684 -0.871218 2.131620
0.460847 -0.279982 2.406010
0.488728 -0.548992 2.231500
0.460519 -0.815231 2.167410
0.459035 -0.879342 2.109760
0.371027 -0.228541 2.373910
0.361812 -0.182647 2.336620
0.317274 0.044408 2.161450
0.329340 0.020027 2.003380
0.224830 -0.009833 2.224800
0.182182 -0.186624 2.339060
0.232139 -0.350678 2.290220
0.258338 -0.419073 2.275530
0.583184 -0.010179 2.212570
0.561339 -0.226536 2.306530
0.484025 -0.386492 2.198330
0.484366 -0.419020 2.185690
0.289474 -0.295943 2.445010
0.209203 -0.539528 2.219930
0.204369 -0.810165 2.180260
0.201515 -0.874336 2.123430
0.461059 -0.290601 2.410870
0.488719 -0.560413 2.232810
0.460562 -0.814780 2.167130
0.458607 -0.879133 2.110010
0.374504 -0.245704 2.391660
0.374106 -0.198920 2.365540
0.383725 0.066728 2.215810
0.340042 0.013319 2.066410
0.225925 -0.008560 2.224950
0.185501 -0.200837 2.335800
0.233479 -0.372329 2.304750
0.259947 -0.440227 2.290100
0.575370 -0.008115 2.211270
0.561771 -0.229730 2.310290
0.477883 -0.389595 2.201870
0.478010 -0.426971 2.186300
0.290554 -0.303438 2.450130
0.210042 -0.549102 2.217830
0.207734 -0.813282 2.166370
0.196562 -0.880208 2.144390
0.459953 -0.304428 2.418880
0.488836 -0.568455 2.233160
0.459246 -0.848003 2.160600
0.454618 -0.911045 2.103850
0.357410 -0.275292 2.420860
0.353904 -0.221396 2.395580
0.336739 0.062255 2.251840
0.317964 0.003612 2.103010
0.227128 -0.007747 2.226300
0.187624 -0.210626 2.336240
0.228680 -0.391138 2.321040
0.255354 -0.458602 2.306210
0.552174 -0.064127 2.238480
0.565895 -0.245147 2.328650
0.473080 -0.392016 2.205240
0.471732 -0.433344 2.188500
0.287095 -0.315919 2.459430
0.210057 -0.557312 2.216620
0.209968 -0.815242 2.159730
0.190217 -0.881694 2.148490
0.443113 -0.347519 2.440150
0.490559 -0.581498 2.228910
0.458546 -0.878253 2.153450
0.449582 -0.935238 2.102120
0.350879 -0.287779 2.432870
0.346368 -0.231126 2.407670
0.316089 0.059129 2.273590
0.311333 -0.001548 2.120840
0.228421 -0.008233 2.231300
0.187046 -0.219375 2.341920
0.225748 -0.402743 2.329730
0.252510 -0.469997 2.314830
0.537306 -0.060628 2.243770
0.566545 -0.250611 2.335550
0.468889 -0.393864 2.209640
0.466155 -0.438630 2.191830
0.284931 -0.327239 2.466250
0.209693 -0.561443 2.216190
0.209541 -0.816185 2.153630
0.193376 -0.875728 2.111050
0.435427 -0.365788 2.449690
0.491289 -0.588242 2.227010
0.458808 -0.894057 2.149580
0.447658 -0.948579 2.100990
0.355855 -0.309385 2.453070
0.348307 -0.248967 2.426380
0.308557 0.044818 2.299860
0.307926 -0.007987 2.144960
0.212532 -0.052958 2.273520
0.175833 -0.256712 2.372840
0.225763 -0.419270 2.331100
0.252445 -0.486356 2.316090
0.530590 -0.096286 2.266700
0.560983 -0.293310 2.376520
0.457638 -0.478148 2.290490
0.451420 -0.529765 2.270140
0.291884 -0.367014 2.488610
0.209042 -0.563817 2.216450
0.209020 -0.816313 2.149650
0.193869 -0.870684 2.090790
0.445715 -0.387901 2.469990
0.491264 -0.592292 2.225770
0.459965 -0.903619 2.146990
0.447508 -0.957084 2.100190
0.360279 -0.328126 2.470910
0.351201 -0.265808 2.442800
0.305997 0.033689 2.314660
0.306912 -0.013991 2.159500
0.201540 -0.088061 2.305880
0.164738 -0.282559 2.398350
0.218464 -0.437288 2.334660
0.244967 -0.504323 2.319470
0.527732 -0.111394 2.277810
0.534968 -0.329494 2.372330
0.436650 -0.490787 2.285790
0.428263 -0.545270 2.263750
0.297742 -0.399358 2.510730
0.207809 -0.564863 2.217400
0.207656 -0.814989 2.146470
0.193612 -0.866941 2.080790
0.450490 -0.402396 2.485470
0.491338 -0.594976 2.225220
0.460708 -0.909665 2.145350
0.447450 -0.962434 2.099580
0.365580 -0.349156 2.486800
0.355440 -0.287787 2.459020
0.303715 0.007532 2.332940
0.306673 -0.023807 2.175360
0.185280 -0.131816 2.341750
0.156591 -0.298516 2.415990
0.213001 -0.450276 2.337290
0.239356 -0.517295 2.321970
0.515420 -0.150742 2.307380
0.500884 -0.385750 2.361300
0.502350 -0.528520 2.231350
0.477335 -0.586125 2.224770
0.304475 -0.430818 2.536160
0.205939 -0.565116 2.218820
0.206057 -0.813019 2.144340
0.193319 -0.864160 2.074880
0.455782 -0.418860 2.496800
0.491104 -0.597280 2.223850
0.461629 -0.914378 2.143740
0.447588 -0.967010 2.099150
0.369219 -0.363098 2.496390
0.358042 -0.303099 2.469480
0.295585 -0.018905 2.352960
0.305496 -0.033789 2.193560
0.180727 -0.151078 2.358300
0.146004 -0.331817 2.437090
0.206789 -0.478841 2.347330
0.232955 -0.545789 2.331790
0.508930 -0.169722 2.323810
0.540279 -0.335226 2.401770
0.455736 -0.524757 2.274500
0.459224 -0.595065 2.237510
0.307042 -0.443113 2.544750
0.203850 -0.565301 2.220210
0.204107 -0.810444 2.142930
0.192834 -0.861329 2.070930
0.460488 -0.430485 2.505610
0.490805 -0.598811 2.223160
0.462565 -0.917590 2.142520
0.448048 -0.970160 2.098700
0.371103 -0.402515 2.503580
0.359586 -0.360173 2.477630
0.301313 -0.177116 2.356590
0.306137 -0.083245 2.229840
0.170688 -0.184778 2.390240
0.141145 -0.351317 2.447520
0.184521 -0.496638 2.252370
0.212383 -0.566566 2.252490
0.505926 -0.206405 2.363900
0.557559 -0.362884 2.434710
0.450248 -0.533113 2.280530
0.443159 -0.596104 2.248790
0.308841 -0.464289 2.551970
0.201241 -0.565224 2.222030
0.202372 -0.808040 2.142390
0.192391 -0.860401 2.070970
0.469768 -0.465270 2.527940
0.490303 -0.598423 2.222380
0.472474 -0.847871 2.158850
0.462394 -0.911320 2.106240
0.371952 -0.416813 2.506610
0.361129 -0.388564 2.480950
0.318355 -0.266599 2.384870
0.310606 -0.130873 2.279230
0.166651 -0.200309 2.409000
0.137903 -0.366840 2.456750
0.175488 -0.510564 2.234570
0.201336 -0.577531 2.218690
0.505615 -0.222595 2.389820
0.563978 -0.366618 2.452130
0.435086 -0.533833 2.292170
0.424612 -0.593984 2.264270
0.309749 -0.475736 2.555010
0.198078 -0.565020 2.224520
0.200495 -0.805601 2.145200
0.179093 -0.860208 2.104220
0.472948 -0.478025 2.536710
0.490394 -0.597003 2.222050
0.477918 -0.812378 2.170230
0.471792 -0.874912 2.113140
0.327665 -0.434178 2.512190
0.326511 -0.413804 2.490920
0.330038 -0.302139 2.396630
0.311263 -0.149176 2.311230
0.166411 -0.215982 2.433020
0.127382 -0.380037 2.477840
0.167258 -0.517838 2.224760
0.193059 -0.584810 2.208840
0.506901 -0.236567 2.425370
0.562530 -0.382003 2.484820
0.419512 -0.556729 2.328990
0.407467 -0.615747 2.304430
0.244900 -0.487978 2.553130
0.193717 -0.563965 2.225470
0.199989 -0.803233 2.157180
0.172453 -0.855539 2.122660
0.405552 -0.499734 2.551580
0.493909 -0.583281 2.239270
0.480402 -0.795168 2.177220
0.476159 -0.858983 2.117270
0.298955 -0.443524 2.519010
0.304638 -0.424398 2.500690
0.310825 -0.283175 2.439100
0.304126 -0.145617 2.354070
0.170126 -0.229927 2.467670
0.115765 -0.392602 2.504060
0.186338 -0.517647 2.255170
0.186768 -0.572394 2.198680
0.504084 -0.249083 2.464060
0.554653 -0.397351 2.503050
0.423895 -0.533564 2.336740
0.388127 -0.549451 2.311670
0.206398 -0.496927 2.553510
0.189741 -0.562174 2.226480
0.198398 -0.799464 2.165850
0.167802 -0.851473 2.133770
0.365825 -0.513955 2.559030
0.496649 -0.583664 2.251390
0.467566 -0.828143 2.201030
0.486546 -0.842953 2.131480
0.305434 -0.451425 2.529690
0.308847 -0.429387 2.515370
0.319798 -0.282435 2.475340
0.301667 -0.131053 2.396830
0.173850 -0.245021 2.501290
0.108923 -0.412839 2.534060
0.193251 -0.515357 2.276700
0.185134 -0.560909 2.197620
0.501860 -0.260343 2.509210
0.540092 -0.427201 2.527310
0.426457 -0.522338 2.341160
0.382461 -0.524754 2.313230
0.224454 -0.513741 2.551530
0.184971 -0.559164 2.228520
0.192719 -0.794473 2.170870
0.162424 -0.849239 2.139630
0.394542 -0.521959 2.558530
0.503007 -0.641290 2.255220
0.442289 -0.906042 2.217790
0.455913 -0.931314 2.143280
0.317344 -0.458305 2.545480
0.318648 -0.431577 2.536970
0.319297 -0.277545 2.526890
0.299003 -0.116331 2.446810
0.176396 -0.262876 2.546290
0.101296 -0.429257 2.553520
0.196361 -0.511134 2.295320
0.188635 -0.543743 2.216400
0.495898 -0.275320 2.543310
0.530531 -0.454670 2.547250
0.426376 -0.513006 2.351090
0.442349 -0.508197 2.310220
0.235948 -0.526218 2.558690
0.180629 -0.554889 2.234950
0.179795 -0.816968 2.170030
0.142179 -0.851579 2.128170
0.403600 -0.529961 2.562720
0.507520 -0.682201 2.254820
0.429297 -0.950371 2.225820
0.434758 -0.985056 2.147590
0.345888 -0.469635 2.580340
0.342051 -0.434668 2.574870
0.322099 -0.250786 2.568950
0.293450 -0.095799 2.493360
0.176029 -0.278276 2.581270
0.095015 -0.440335 2.570940
0.203100 -0.511260 2.335250
0.191499 -0.534781 2.229130
0.495025 -0.289958 2.584960
0.520787 -0.475834 2.563210
0.426677 -0.508145 2.357020
0.472238 -0.500000 2.309370
0.272502 -0.546288 2.583980
0.179843 -0.547100 2.256190
0.175906 -0.823009 2.170630
0.133338 -0.852778 2.123300
0.438902 -0.538829 2.586730
0.508692 -0.708070 2.252780
0.424413 -0.972183 2.227440
0.428152 -1.009270 2.147170
0.362458 -0.474289 2.602170
0.356642 -0.434977 2.601190
0.326885 -0.231025 2.615110
0.290096 -0.079325 2.544990
0.174977 -0.287112 2.610920
0.087811 -0.469879 2.607380
0.199355 -0.509721 2.389230
0.193298 -0.529912 2.238150
0.494398 -0.297097 2.615560
0.516886 -0.486154 2.573980
0.427371 -0.504661 2.371570
0.488117 -0.499293 2.306810
0.293194 -0.555146 2.599270
0.180056 -0.543807 2.266710
0.174717 -0.831324 2.171530
0.129140 -0.852724 2.121960
0.456845 -0.541769 2.600360
0.509369 -0.720281 2.252010
0.422083 -0.985232 2.226630
0.424768 -1.022120 2.145360
0.367210 -0.476739 2.614180
0.360626 -0.434775 2.618790
0.329437 -0.215105 2.651210
0.287652 -0.063832 2.586470
0.172392 -0.287530 2.646420
0.086417 -0.477006 2.623110
0.198173 -0.509321 2.410360
0.193828 -0.527715 2.241460
0.491413 -0.294203 2.638990
0.513389 -0.486737 2.587050
0.423573 -0.502515 2.391910
0.496306 -0.500462 2.305010
0.298922 -0.559173 2.606740
0.179517 -0.542939 2.270000
0.173920 -0.837845 2.169220
0.124002 -0.851797 2.118970
0.462086 -0.543843 2.606940
0.508868 -0.756256 2.237310
0.420747 -0.997395 2.215440
0.421188 -1.033200 2.134200
0.370726 -0.474768 2.626330
0.364484 -0.429306 2.640570
0.333845 -0.196523 2.695910
0.286843 -0.046275 2.633160
0.167269 -0.272510 2.686650
0.120351 -0.442811 2.589160
0.198473 -0.505876 2.378590
0.194460 -0.527609 2.242610
0.487684 -0.287356 2.661790
0.511094 -0.479371 2.604330
0.427113 -0.503192 2.425660
0.497715 -0.505546 2.304280
0.302498 -0.559233 2.612870
0.183271 -0.581367 2.256390
0.178820 -0.875683 2.153980
0.125308 -0.850880 2.119270
0.464535 -0.541173 2.614110
0.506765 -0.673268 2.252250
0.448946 -0.906982 2.211980
0.483227 -0.898068 2.147040
0.350894 -0.456580 2.643640
0.350470 -0.415016 2.664190
0.334388 -0.187824 2.716650
0.284856 -0.035047 2.659500
0.164769 -0.264803 2.706570
0.130843 -0.428236 2.585200
0.197849 -0.503823 2.379840
0.193878 -0.529846 2.238180
0.483149 -0.273446 2.688160
0.509445 -0.461523 2.630070
0.432898 -0.502849 2.447820
0.508099 -0.527646 2.267890
0.276063 -0.532801 2.624750
0.185491 -0.601543 2.248140
0.182976 -0.871920 2.154620
0.124660 -0.850547 2.118770
0.431122 -0.521116 2.620070
0.505620 -0.648817 2.256920
0.457594 -0.879539 2.210930
0.496011 -0.872696 2.149070
0.314086 -0.433953 2.667100
0.317723 -0.394899 2.695670
0.325972 -0.169469 2.757310
0.281359 -0.016340 2.697300
0.159328 -0.249373 2.736270
0.136623 -0.408141 2.587580
0.196417 -0.499907 2.377750
0.188224 -0.533665 2.226660
0.479516 -0.258924 2.712580
0.499263 -0.443507 2.639040
0.480308 -0.504985 2.402540
0.512112 -0.538814 2.249660
0.234235 -0.500864 2.640060
0.190909 -0.600928 2.255470
0.184699 -0.836653 2.159500
0.128793 -0.850740 2.120720
0.384629 -0.503125 2.636960
0.504068 -0.609172 2.265680
0.477280 -0.841780 2.196460
0.512775 -0.849876 2.142540
0.298596 -0.421721 2.678620
0.304370 -0.384836 2.711350
0.323425 -0.161120 2.776080
0.278960 -0.002220 2.724850
0.156800 -0.238720 2.755250
0.139347 -0.393747 2.593980
0.193876 -0.484341 2.388150
0.184816 -0.536498 2.218870
0.477198 -0.249550 2.730010
0.497775 -0.407329 2.616560
0.504648 -0.488479 2.364840
0.514093 -0.543817 2.241460
0.214741 -0.482458 2.647880
0.194829 -0.597056 2.261680
0.184563 -0.817188 2.161130
0.133709 -0.852437 2.122870
0.365148 -0.492470 2.646530
0.504407 -0.584949 2.270140
0.484508 -0.827545 2.190800
0.520440 -0.842470 2.137480
0.292866 -0.415158 2.685040
0.299267 -0.379753 2.720410
0.321768 -0.153557 2.796790
0.276163 0.009364 2.753580
0.155092 -0.230952 2.769800
0.112068 -0.410152 2.655620
0.181078 -0.461050 2.463120
0.163407 -0.537271 2.236890
0.474247 -0.243668 2.744900
0.497180 -0.389595 2.610240
0.515644 -0.481342 2.350400
0.514945 -0.546814 2.236420
0.210019 -0.471278 2.650700
0.196755 -0.593587 2.264860
0.184133 -0.808644 2.160640
0.162537 -0.845931 2.096740
0.358202 -0.485631 2.652260
0.504373 -0.573972 2.272210
0.488783 -0.819392 2.187210
0.524169 -0.842239 2.132440
0.290028 -0.410348 2.689020
0.295886 -0.376355 2.726820
0.317558 -0.148199 2.817050
0.272074 0.017085 2.777700
0.153764 -0.226960 2.779370
0.097407 -0.419717 2.688610
0.174915 -0.451507 2.495570
0.189900 -0.478219 2.409530
0.471128 -0.239722 2.764950
0.495902 -0.379197 2.610640
0.520525 -0.476109 2.344400
0.506501 -0.545981 2.238080
0.209943 -0.463593 2.650960
0.197615 -0.591139 2.265960
0.184139 -0.803157 2.160090
0.179514 -0.843039 2.083400
0.355914 -0.480500 2.656080
0.504248 -0.566162 2.273790
0.490721 -0.817831 2.184160
0.524149 -0.847483 2.127820
0.289682 -0.406973 2.691300
0.294145 -0.374226 2.731670
0.315199 -0.145716 2.830520
0.268792 0.023522 2.804350
0.153127 -0.224481 2.786690
0.091201 -0.423770 2.702260
0.168729 -0.444940 2.510730
0.178229 -0.455774 2.449610
0.468480 -0.238634 2.783800
0.496511 -0.372358 2.618220
0.511661 -0.469687 2.368840
0.499716 -0.544362 2.240870
0.213005 -0.458702 2.649490
0.197928 -0.588524 2.266250
0.184136 -0.799271 2.157970
0.188773 -0.842001 2.074610
0.356729 -0.476923 2.659050
0.504118 -0.562237 2.274910
0.490709 -0.820941 2.182200
0.521488 -0.855505 2.124580
0.292220 -0.404609 2.692830
0.294723 -0.373394 2.735870
0.312313 -0.144791 2.843760
0.296481 0.049365 2.816180
0.153000 -0.223601 2.793450
0.087093 -0.424676 2.712080
0.166719 -0.442363 2.524150
0.186093 -0.446986 2.491200
0.467149 -0.238932 2.798200
0.497748 -0.369992 2.631120
0.509183 -0.468274 2.377390
0.495195 -0.542948 2.243090
0.219560 -0.455618 2.647240
0.197940 -0.586163 2.266190
0.184367 -0.796839 2.155560
0.194133 -0.841704 2.069770
0.361142 -0.474240 2.661750
0.504228 -0.563018 2.274900
0.489837 -0.825381 2.181180
0.518266 -0.862904 2.122860
0.295390 -0.403725 2.693560
0.296583 -0.374331 2.739210
0.309811 -0.146048 2.855900
0.304514 0.057005 2.823650
0.152434 -0.225986 2.800360
0.084494 -0.425228 2.718600
0.152228 -0.497039 2.556780
0.176775 -0.515048 2.540250
0.465552 -0.240192 2.807950
0.499191 -0.371523 2.643700
0.502271 -0.468875 2.391840
0.491890 -0.541709 2.245110
0.225173 -0.454680 2.645310
0.197771 -0.584205 2.265950
0.184991 -0.795267 2.153400
0.197767 -0.841583 2.066720
0.365616 -0.472834 2.663240
0.504582 -0.566550 2.273940
0.488420 -0.830172 2.181080
0.515644 -0.868030 2.122100
0.297677 -0.403643 2.694240
0.298206 -0.376276 2.742210
0.306822 -0.148700 2.865970
0.307747 0.057684 2.832240
0.151001 -0.231083 2.808500
0.082641 -0.425312 2.722430
0.145017 -0.531338 2.572190
0.171236 -0.564316 2.547010
0.463482 -0.243847 2.815640
0.500154 -0.376105 2.654240
0.472028 -0.479555 2.417840
0.489449 -0.540887 2.246590
0.228815 -0.454693 2.644530
0.197565 -0.582737 2.265750
0.185602 -0.794596 2.150910
0.199879 -0.842177 2.064750
0.368739 -0.471969 2.663970
0.504491 -0.567123 2.274010
0.486471 -0.835332 2.182310
0.513611 -0.870835 2.121880
0.298951 -0.404241 2.694720
0.299047 -0.379173 2.744720
0.303331 -0.152100 2.874290
0.306139 0.051726 2.840650
0.149555 -0.236223 2.817440
0.081086 -0.424693 2.724660
0.141810 -0.541646 2.580100
0.169034 -0.577667 2.566140
0.460574 -0.250581 2.821800
0.500589 -0.381325 2.661560
0.460375 -0.483426 2.425570
0.487750 -0.540509 2.247230
0.230927 -0.455298 2.644070
0.197341 -0.581696 2.265560
0.186119 -0.794451 2.148870
0.200433 -0.843629 2.064210
0.370281 -0.471489 2.664300
0.504239 -0.568109 2.274100
0.484600 -0.839452 2.183740
0.511842 -0.872733 2.122020
0.258256 -0.404672 2.705180
0.263278 -0.383892 2.759570
0.299598 -0.155399 2.881330
0.300148 0.043426 2.854110
0.148496 -0.240287 2.825860
0.079357 -0.436935 2.708210
0.137126 -0.560515 2.576540
0.158345 -0.614429 2.536870
0.457598 -0.256872 2.826360
0.500198 -0.385449 2.666590
0.453412 -0.485516 2.429950
0.485281 -0.539702 2.248220
0.180425 -0.448644 2.663360
0.197116 -0.580941 2.265410
0.186728 -0.794695 2.147790
0.200099 -0.845279 2.065310
0.323770 -0.469522 2.663150
0.502802 -0.569072 2.275590
0.478400 -0.844087 2.191320
0.507396 -0.872125 2.127470
0.237818 -0.405082 2.710320
0.246932 -0.386709 2.766290
0.296371 -0.159125 2.889030
0.292441 0.036251 2.866770
0.147275 -0.243683 2.835450
0.077394 -0.444860 2.703400
0.138656 -0.566512 2.571980
0.163497 -0.617425 2.527010
0.455036 -0.262366 2.829780
0.499453 -0.388896 2.670160
0.448915 -0.486820 2.432790
0.482877 -0.538783 2.249170
0.148286 -0.444825 2.675190
0.196962 -0.580454 2.265370
0.187344 -0.795237 2.147230
0.198510 -0.848372 2.068990
0.298276 -0.468905 2.662510
0.501471 -0.569261 2.276550
0.474456 -0.846848 2.196080
0.503965 -0.871467 2.131400
0.226011 -0.404935 2.714080
0.236924 -0.388207 2.771150
0.292279 -0.162351 2.898010
0.285521 0.032260 2.876690
0.144780 -0.246342 2.843380
0.075328 -0.448718 2.702360
0.146598 -0.554533 2.559560
0.176542 -0.589420 2.505820
0.452602 -0.266750 2.832210
0.498562 -0.391800 2.672830
0.445807 -0.487698 2.434540
0.480930 -0.538119 2.249720
0.133428 -0.442950 2.681150
0.196806 -0.580125 2.265350
0.187975 -0.796009 2.147070
0.196686 -0.851781 2.073560
0.285018 -0.468195 2.662890
0.499330 -0.568400 2.278180
0.471932 -0.848525 2.199120
0.501323 -0.870916 2.134130
0.219076 -0.404732 2.716370
0.230809 -0.389073 2.774290
0.288413 -0.164327 2.905920
0.277718 0.028987 2.889270
0.142375 -0.248164 2.849400
0.073134 -0.452280 2.702120
0.150190 -0.549862 2.555080
0.187371 -0.565484 2.493480
0.449436 -0.269402 2.834690
0.516831 -0.413570 2.720190
0.429581 -0.488091 2.474470
0.462785 -0.531264 2.256720
0.125260 -0.441877 2.684490
0.196641 -0.579918 2.265320
0.188538 -0.796835 2.147120
0.195100 -0.854730 2.077610
0.277020 -0.467284 2.663120
0.496901 -0.567254 2.280010
0.470053 -0.849703 2.201380
0.499178 -0.870234 2.136220
0.214044 -0.404342 2.718230
0.226396 -0.389478 2.776800
0.285511 -0.165201 2.912240
0.273008 0.027551 2.896930
0.140301 -0.248455 2.855500
0.072463 -0.454171 2.701590
0.164462 -0.527081 2.542620
0.200421 -0.539422 2.482700
0.446524 -0.271175 2.836520
0.526565 -0.424673 2.744800
0.430520 -0.489234 2.488330
0.459612 -0.530040 2.252550
0.119468 -0.440986 2.686910
0.196403 -0.579721 2.265470
0.189014 -0.797621 2.147270
0.193770 -0.856991 2.080750
0.270914 -0.466037 2.663840
0.493300 -0.565377 2.283260
0.468842 -0.850499 2.202790
0.497744 -0.869747 2.137530
0.210456 -0.403978 2.719540
0.223250 -0.389711 2.778590
0.283455 -0.165596 2.916780
0.269427 0.028413 2.906440
0.138972 -0.248514 2.859490
0.072056 -0.455548 2.701250
0.169672 -0.517731 2.537340
0.204843 -0.529557 2.478130
0.443931 -0.272494 2.837740
0.530541 -0.430041 2.754890
0.436654 -0.491201 2.499370
0.458488 -0.529158 2.250430
0.115447 -0.440185 2.688730
0.196080 -0.579500 2.265850
0.189397 -0.798312 2.147440
0.192816 -0.858658 2.083060
0.266583 -0.464922 2.664300
0.490497 -0.563711 2.285850
0.468037 -0.851068 2.203720
0.496741 -0.869408 2.138360
0.207817 -0.403801 2.720600
0.220902 -0.389907 2.780100
0.281784 -0.165492 2.920510
0.266851 0.028986 2.912990
0.138072 -0.248498 2.862170
0.072170 -0.456553 2.701080
0.163535 -0.514042 2.529850
0.187789 -0.528306 2.469110
0.441744 -0.273479 2.838560
0.532954 -0.433340 2.761400
0.441568 -0.492345 2.505130
0.458596 -0.528556 2.248230
0.113131 -0.439855 2.690230
0.195690 -0.579220 2.266450
0.189684 -0.798918 2.147600
0.192168 -0.859717 2.084510
0.263362 -0.464197 2.664960
0.487617 -0.561970 2.288620
0.467446 -0.851478 2.204390
0.496015 -0.869131 2.138940
0.253090 -0.408869 2.707880
0.257543 -0.394303 2.771160
0.280578 -0.165181 2.923260
0.264996 0.030363 2.920220
0.137449 -0.248450 2.864020
0.072899 -0.457093 2.701080
0.167215 -0.511060 2.528940
0.194189 -0.526352 2.471980
0.440037 -0.274170 2.839130
0.534211 -0.434975 2.765250
0.455651 -0.494213 2.507060
0.476492 -0.530177 2.243360
0.188954 -0.452960 2.665680
0.195390 -0.578992 2.266710
0.189895 -0.799449 2.147740
0.191584 -0.861099 2.086220
0.312288 -0.461743 2.656810
0.486732 -0.561383 2.288580
0.467146 -0.851515 2.204550
0.495516 -0.868981 2.139230
0.249617 -0.404845 2.711160
0.254953 -0.391258 2.774770
0.279635 -0.164484 2.925750
0.264032 0.031308 2.925160
0.137006 -0.248344 2.865340
0.073600 -0.457283 2.701140
0.170570 -0.509437 2.529480
0.200285 -0.526444 2.476470
0.438761 -0.274665 2.839570
0.533939 -0.434701 2.765320
0.463035 -0.495186 2.507760
0.485503 -0.533082 2.233830
0.174848 -0.446508 2.672280
0.195075 -0.578739 2.266960
0.190050 -0.799918 2.147880
0.191206 -0.861875 2.087190
0.310235 -0.457546 2.659290
0.485629 -0.560637 2.289300
0.467126 -0.851239 2.204180
0.495197 -0.868917 2.139210
0.268751 -0.408238 2.706160
0.268257 -0.393358 2.772170
0.279053 -0.163574 2.927790
0.263652 0.032091 2.929080
0.136677 -0.248160 2.866300
0.074282 -0.457241 2.701370
0.172441 -0.508317 2.529760
0.204727 -0.527062 2.480760
0.437787 -0.274999 2.839870
0.532852 -0.434885 2.761760
0.472072 -0.496942 2.505300
0.495698 -0.535078 2.229460
0.210700 -0.453443 2.659350
0.194813 -0.578537 2.267140
0.190171 -0.800307 2.148060
0.190904 -0.862575 2.088110
0.330616 -0.460088 2.657490
0.485420 -0.560273 2.288360
0.467225 -0.850871 2.203620
0.494842 -0.869102 2.138990
0.319549 -0.419973 2.723720
0.311800 -0.401232 2.789030
0.278728 -0.162656 2.929390
0.264037 0.032972 2.932330
0.136616 -0.247791 2.867100
0.046391 -0.407662 2.746490
0.157509 -0.495938 2.567700
0.194470 -0.526774 2.516380
0.437039 -0.275221 2.840070
0.531591 -0.434652 2.757690
0.477594 -0.496810 2.501310
0.499638 -0.535428 2.226440
0.264807 -0.474390 2.674260
0.194586 -0.578368 2.267290
0.190264 -0.800627 2.148240
0.190420 -0.861527 2.087630
0.395482 -0.465719 2.686170
0.485494 -0.560072 2.286960
0.467318 -0.850507 2.203030
0.494546 -0.869332 2.138680
0.343857 -0.425774 2.733190
0.331599 -0.404961 2.797250
0.278650 -0.161885 2.930610
0.264702 0.033584 2.935080
0.137000 -0.247276 2.867930
0.031253 -0.376600 2.772450
0.152703 -0.491721 2.580050
0.189130 -0.527041 2.532670
0.436502 -0.275395 2.840220
0.530527 -0.434442 2.754410
0.467244 -0.496700 2.499570
0.491412 -0.533120 2.236140
0.289060 -0.484359 2.682660
0.194396 -0.578232 2.267420
0.190336 -0.800887 2.148390
0.189959 -0.860322 2.086950
0.433001 -0.469401 2.704660
0.485749 -0.559967 2.285490
0.467220 -0.850340 2.202870
0.494243 -0.869372 2.138610
0.322188 -0.423896 2.721150
0.324155 -0.406016 2.791290
0.279032 -0.161128 2.931840
0.265562 0.034045 2.937350
0.137387 -0.246864 2.868620
0.026230 -0.365945 2.781240
0.124377 -0.487681 2.616870
0.162621 -0.527650 2.565090
0.436101 -0.275474 2.840330
0.530814 -0.432893 2.753840
0.462223 -0.495238 2.502450
0.484884 -0.531577 2.243130
0.258752 -0.476290 2.671860
0.194233 -0.578107 2.267540
0.190358 -0.801107 2.148380
0.189716 -0.860286 2.086920
0.382585 -0.469019 2.676770
0.486102 -0.559995 2.284040
0.467021 -0.850146 2.202850
0.493779 -0.869329 2.138630
0.310523 -0.422593 2.715040
0.314127 -0.406014 2.785480
0.279744 -0.160416 2.932980
0.267146 0.034434 2.939490
0.137725 -0.246633 2.869170
0.054381 -0.381921 2.765390
0.121411 -0.490237 2.614220
0.155530 -0.528503 2.568650
0.435843 -0.275554 2.840430
0.530897 -0.431734 2.752770
0.459741 -0.494894 2.503010
0.481310 -0.530849 2.247550
0.247841 -0.473346 2.667470
0.194097 -0.578000 2.267650
0.190375 -0.801261 2.148330
0.189533 -0.860275 2.086890
0.373964 -0.469539 2.670400
0.486442 -0.560136 2.282780
0.466835 -0.849948 2.202820
0.493100 -0.869359 2.138570
0.261183 -0.405468 2.719700
0.270751 -0.393135 2.787050
0.280515 -0.159837 2.933920
0.268582 0.034615 2.941170
0.138117 -0.246431 2.869700
0.071968 -0.417915 2.732160
0.151124 -0.505800 2.576590
0.183488 -0.535194 2.528930
0.435694 -0.275571 2.840520
0.531010 -0.431035 2.751880
0.458860 -0.495249 2.503250
0.478237 -0.533787 2.246580
0.183213 -0.449653 2.679020
0.193942 -0.577842 2.267860
0.190377 -0.801351 2.148310
0.189373 -0.860307 2.086920
0.320082 -0.457067 2.666370
0.486402 -0.560094 2.282460
0.466579 -0.849750 2.202900
0.492343 -0.869319 2.138620
0.231720 -0.395508 2.724150
0.246349 -0.386084 2.788960
0.281272 -0.159395 2.934690
0.269761 0.034696 2.942370
0.138708 -0.246158 2.870250
0.061053 -0.402988 2.745360
0.148719 -0.500404 2.581300
0.181023 -0.531650 2.532290
0.435624 -0.275559 2.840600
0.531398 -0.429170 2.750680
0.458101 -0.495320 2.503440
0.476376 -0.534576 2.247140
0.140700 -0.434541 2.688590
0.193764 -0.577596 2.268270
0.190367 -0.801403 2.148290
0.189249 -0.860313 2.086940
0.289813 -0.450248 2.667280
0.486041 -0.559978 2.282780
0.466360 -0.849603 2.202960
0.491691 -0.869304 2.138640
0.220680 -0.391869 2.725650
0.236333 -0.383275 2.789760
0.281954 -0.159055 2.935280
0.270916 0.034527 2.943430
0.140540 -0.244995 2.871660
0.088376 -0.425783 2.714590
0.159253 -0.505525 2.557830
0.190638 -0.534903 2.492780
0.435652 -0.275523 2.840680
0.531279 -0.427678 2.749250
0.457245 -0.495343 2.503400
0.473805 -0.535336 2.246650
0.126229 -0.429372 2.691640
0.193655 -0.577374 2.268670
0.190351 -0.801431 2.148270
0.189152 -0.860319 2.086960
0.278156 -0.447886 2.667260
0.485652 -0.559884 2.283230
0.466211 -0.849506 2.202980
0.491135 -0.869335 2.138590
0.213790 -0.389633 2.726480
0.230397 -0.381641 2.790120
0.282549 -0.158797 2.935730
0.271838 0.034356 2.944190
0.142868 -0.243429 2.873680
0.093988 -0.431592 2.707310
0.164338 -0.506731 2.548800
0.195175 -0.534056 2.482210
0.435771 -0.275447 2.840780
0.531309 -0.427180 2.748110
0.456405 -0.495453 2.503160
0.471134 -0.536059 2.245390
0.117804 -0.426274 2.693630
0.193576 -0.577196 2.268990
0.190324 -0.801437 2.148240
0.189064 -0.860326 2.086980
0.271076 -0.446564 2.667680
0.485259 -0.559826 2.283710
0.466049 -0.849406 2.203030
0.490585 -0.869400 2.138590
0.210561 -0.388628 2.727430
0.226580 -0.380625 2.790550
0.283099 -0.158610 2.936090
0.272577 0.034174 2.944870
0.144751 -0.242155 2.875290
0.097599 -0.436717 2.703120
0.168083 -0.506126 2.541640
0.197544 -0.531413 2.475800
0.435930 -0.275363 2.840880
0.531386 -0.426912 2.747420
0.457598 -0.495048 2.501220
0.471259 -0.536112 2.240530
0.116968 -0.425711 2.694930
0.193530 -0.577062 2.269280
0.190305 -0.801414 2.148220
0.189006 -0.860324 2.086990
0.269168 -0.446418 2.669370
0.484852 -0.559774 2.284190
0.465870 -0.849266 2.203130
0.490039 -0.869480 2.138650
0.210900 -0.388830 2.728340
0.225176 -0.380331 2.791090
0.283545 -0.158474 2.936350
0.273098 0.034014 2.945410
0.145980 -0.241268 2.876410
0.065786 -0.396688 2.748030
0.138279 -0.487213 2.588150
0.160524 -0.516391 2.538830
0.436102 -0.275278 2.840960
0.531502 -0.426915 2.746490
0.455962 -0.495635 2.500530
0.469641 -0.536437 2.240150
0.121140 -0.427102 2.695440
0.193476 -0.576918 2.269560
0.190284 -0.801376 2.148200
0.188962 -0.860320 2.087000
0.271362 -0.447124 2.671650
0.484424 -0.559760 2.284710
0.465659 -0.849070 2.203280
0.489543 -0.869533 2.138760
0.214724 -0.390643 2.727830
0.226281 -0.381064 2.791020
0.283877 -0.158372 2.936530
0.273456 0.033877 2.945820
0.146673 -0.240738 2.877120
0.069996 -0.418444 2.738030
0.138623 -0.490732 2.572810
0.161687 -0.515811 2.527360
0.436269 -0.275211 2.841030
0.531558 -0.427214 2.745160
0.453907 -0.496469 2.499510
0.468136 -0.536655 2.240350
0.132115 -0.431033 2.692300
0.193457 -0.576867 2.269600
0.190260 -0.801328 2.148160
0.188925 -0.860324 2.087010
0.275849 -0.449178 2.672160
0.484254 -0.559798 2.284840
0.465440 -0.848859 2.203480
0.489067 -0.869587 2.138920
0.218544 -0.392335 2.727380
0.228321 -0.382043 2.790920
0.284149 -0.158297 2.936670
0.273570 0.033683 2.946120
0.147165 -0.240350 2.877630
0.073706 -0.429170 2.730160
0.148204 -0.495366 2.559170
0.173185 -0.517689 2.511710
0.436428 -0.275157 2.841080
0.531283 -0.427122 2.744210
0.452349 -0.496956 2.498790
0.466996 -0.536805 2.240550
0.138501 -0.433487 2.690610
0.193445 -0.576841 2.269580
0.190230 -0.801279 2.148120
0.188892 -0.860330 2.087020
0.279954 -0.450788 2.672640
0.484093 -0.559857 2.284950
0.465182 -0.848666 2.203780
0.488521 -0.869629 2.139160
0.221862 -0.393958 2.726600
0.230547 -0.383201 2.790510
0.284337 -0.158245 2.936750
0.273532 0.033456 2.946300
0.147522 -0.240062 2.878010
0.079816 -0.435743 2.720750
0.156682 -0.500926 2.547070
0.182328 -0.522916 2.497790
0.436506 -0.275121 2.841120
0.531052 -0.427045 2.743510
0.451588 -0.497207 2.498280
0.466378 -0.536905 2.240480
0.143100 -0.435292 2.689240
0.193437 -0.576820 2.269560
0.190141 -0.801184 2.148030
0.188829 -0.860337 2.087010
0.283062 -0.452057 2.672660
0.483950 -0.559954 2.285000
0.464923 -0.848463 2.204090
0.487960 -0.869679 2.139420
0.224359 -0.395323 2.725800
0.232475 -0.384314 2.790000
0.284468 -0.158210 2.936810
0.273380 0.033183 2.946410
0.147781 -0.239849 2.878290
0.083138 -0.439517 2.715810
0.167178 -0.501301 2.541170
0.196532 -0.521374 2.490790
0.436545 -0.275098 2.841140
0.530969 -0.426663 2.743530
0.451259 -0.497134 2.498380
0.465959 -0.536969 2.240380
0.146225 -0.436543 2.688210
0.193434 -0.576803 2.269540
0.190071 -0.801086 2.147970
0.188785 -0.860341 2.087010
0.285200 -0.453036 2.672520
0.483806 -0.560071 2.285000
0.464680 -0.848280 2.204400
0.487434 -0.869738 2.139680
0.225948 -0.396535 2.725050
0.233782 -0.385368 2.789490
0.284555 -0.158188 2.936860
0.273180 0.032913 2.946460
0.147981 -0.239709 2.878460
0.085379 -0.442100 2.712180
0.172426 -0.500825 2.537980
0.207297 -0.517629 2.486270
0.436531 -0.275054 2.841180
0.530727 -0.426214 2.743830
0.451012 -0.496984 2.498690
0.465632 -0.537014 2.240320
0.148220 -0.437476 2.687510
0.193437 -0.576796 2.269510
0.189991 -0.800985 2.147890
0.188746 -0.860344 2.087010
0.286355 -0.453772 2.672300
0.483669 -0.560196 2.284990
0.464561 -0.848117 2.204440
0.487073 -0.869901 2.139690
0.226977 -0.397580 2.724350
0.234685 -0.386314 2.788980
0.284609 -0.158183 2.936870
0.272952 0.032694 2.946390
0.148210 -0.239666 2.878450
0.086893 -0.444081 2.710080
0.192848 -0.505921 2.521710
0.245889 -0.527933 2.452710
0.436503 -0.275021 2.841220
0.530119 -0.425817 2.743800
0.450794 -0.496992 2.498650
0.465426 -0.537031 2.240320
0.149492 -0.438145 2.687000
0.193444 -0.576797 2.269470
0.189802 -0.800847 2.147590
0.188635 -0.860359 2.086870
0.287060 -0.454402 2.672020
0.483540 -0.560322 2.284960
0.464448 -0.847980 2.204500
0.486777 -0.870014 2.139730
0.227653 -0.398426 2.723780
0.235345 -0.387113 2.788560
0.284644 -0.158188 2.936880
0.272607 0.032552 2.945690
0.148380 -0.239750 2.878290
0.087790 -0.445511 2.708720
0.204490 -0.508731 2.512610
0.264140 -0.532609 2.437070
0.436462 -0.274988 2.841260
0.529696 -0.425498 2.743930
0.453294 -0.495058 2.497840
0.467358 -0.535965 2.235430
0.150311 -0.438670 2.686640
0.193453 -0.576804 2.269430
0.189670 -0.800755 2.147330
0.188557 -0.860392 2.086740
0.287497 -0.454924 2.671740
0.483416 -0.560438 2.284920
0.464322 -0.847861 2.204570
0.486526 -0.870090 2.139780
0.228195 -0.399295 2.723050
0.235928 -0.387921 2.788030
0.284666 -0.158199 2.936870
0.272336 0.032415 2.945090
0.148462 -0.240015 2.877870
0.088392 -0.446605 2.707700
0.215592 -0.510106 2.504620
0.278433 -0.533695 2.426440
0.436433 -0.274970 2.841290
0.529427 -0.425331 2.744060
0.455567 -0.493465 2.497220
0.469113 -0.535022 2.231170
0.150914 -0.439140 2.686280
0.193463 -0.576811 2.269400
0.189502 -0.800678 2.146980
0.188458 -0.860461 2.086540
0.287669 -0.455875 2.670540
0.483397 -0.560727 2.284500
0.464201 -0.847758 2.204630
0.486292 -0.870145 2.139830
0.267279 -0.410086 2.710280
0.269651 -0.398074 2.777290
0.284679 -0.158217 2.936860
0.272205 0.032314 2.944790
0.148516 -0.240276 2.877440
0.059899 -0.403920 2.744990
0.236805 -0.428970 2.552710
0.303556 -0.408781 2.510370
0.436420 -0.274960 2.841310
0.529201 -0.425287 2.744170
0.456666 -0.492849 2.496920
0.469973 -0.534657 2.229390
0.200809 -0.453066 2.668770
0.193476 -0.576823 2.269390
0.189330 -0.800611 2.146620
0.188370 -0.860570 2.086380
0.328077 -0.462856 2.660740
0.483784 -0.561402 2.283070
0.464120 -0.847664 2.204640
0.486088 -0.870230 2.139810
0.263550 -0.411554 2.708810
0.268974 -0.399912 2.775870
0.284693 -0.158262 2.936830
0.272096 0.032100 2.944480
0.148549 -0.240542 2.877000
0.042253 -0.376819 2.768640
0.246730 -0.384388 2.580240
0.317975 -0.376303 2.526830
0.436415 -0.274956 2.841330
0.529041 -0.425308 2.744240
0.453158 -0.491175 2.497850
0.464275 -0.539528 2.425660
0.190247 -0.451361 2.668670
0.193490 -0.576837 2.269370
0.189153 -0.800539 2.146260
0.188272 -0.860649 2.086180
0.321277 -0.465736 2.658620
0.483999 -0.561873 2.282140
0.464055 -0.847599 2.204660
0.485919 -0.870266 2.139790
0.276593 -0.415628 2.704390
0.277855 -0.403137 2.772860
0.284730 -0.158343 2.936800
0.272035 0.031896 2.944250
0.148415 -0.241050 2.876330
0.053866 -0.376461 2.765840
0.194811 -0.452565 2.568170
0.228798 -0.482722 2.508850
0.436419 -0.274957 2.841350
0.528906 -0.425371 2.744270
0.453198 -0.491072 2.497840
0.470805 -0.547012 2.459400
0.212799 -0.459905 2.659960
0.193501 -0.576842 2.269360
0.188976 -0.800451 2.145920
0.188177 -0.860729 2.086030
0.336223 -0.468405 2.654490
0.484397 -0.562387 2.280910
0.463997 -0.847543 2.204670
0.485758 -0.870290 2.139770
0.283986 -0.417811 2.702110
0.283332 -0.405023 2.771140
0.284768 -0.158432 2.936760
0.272026 0.031715 2.944060
0.148289 -0.241526 2.875660
0.075303 -0.414009 2.730100
0.216436 -0.472163 2.529590
0.259745 -0.489556 2.470120
0.436438 -0.274956 2.841380
0.528801 -0.425540 2.744280
0.450646 -0.490064 2.498300
0.466284 -0.546279 2.496640
0.223730 -0.463730 2.656340
0.193511 -0.576845 2.269360
0.188818 -0.800375 2.145620
0.188093 -0.860801 2.085890
0.344760 -0.469724 2.652550
0.484775 -0.562857 2.279770
0.463934 -0.847508 2.204710
0.485604 -0.870301 2.139770
0.288366 -0.419106 2.700800
0.286763 -0.406201 2.770110
0.284916 -0.158559 2.936760
0.272193 0.031557 2.943930
0.148211 -0.241821 2.875120
0.087382 -0.432569 2.711920
0.219879 -0.496874 2.504350
0.261184 -0.522268 2.436900
0.436504 -0.274951 2.841440
0.528754 -0.425504 2.744490
0.454311 -0.489962 2.498130
0.475448 -0.546476 2.486870
0.229585 -0.465732 2.654370
0.193526 -0.576845 2.269360
0.188634 -0.800326 2.145320
0.187995 -0.860901 2.085750
0.349755 -0.470585 2.651640
0.485106 -0.563245 2.278820
0.463976 -0.847297 2.204430
0.485430 -0.870513 2.139540
0.247315 -0.406798 2.725920
0.254308 -0.395221 2.791630
0.285182 -0.158718 2.936760
0.272580 0.031359 2.943840
0.148019 -0.242170 2.874700
0.090328 -0.429542 2.714690
0.188560 -0.504409 2.525570
0.216698 -0.532370 2.467840
0.436680 -0.274980 2.841520
0.528646 -0.425527 2.744440
0.455872 -0.490228 2.497340
0.475598 -0.547723 2.482230
0.154961 -0.446487 2.692820
0.192718 -0.574871 2.275510
0.188479 -0.800277 2.145070
0.187731 -0.860509 2.084920
0.308163 -0.464033 2.673660
0.480546 -0.561329 2.286920
0.464042 -0.847129 2.204070
0.485274 -0.870758 2.139210
0.263134 -0.411520 2.717660
0.266170 -0.398966 2.785840
0.285599 -0.158922 2.936810
0.273422 0.030967 2.943850
0.147857 -0.242458 2.874350
0.065805 -0.402433 2.740600
0.134569 -0.502938 2.583970
0.103559 -0.537286 2.596540
0.436948 -0.275004 2.841650
0.528595 -0.425588 2.744410
0.456410 -0.490258 2.497110
0.476035 -0.548103 2.479030
0.195888 -0.455369 2.675550
0.192689 -0.574661 2.276180
0.188351 -0.800217 2.144850
0.187641 -0.860517 2.084740
0.320354 -0.467391 2.665970
0.480932 -0.561707 2.285920
0.464046 -0.847065 2.203980
0.485167 -0.870781 2.139050
0.237096 -0.401570 2.731140
0.250192 -0.392263 2.794540
0.286102 -0.159112 2.936880
0.274595 0.030668 2.943900
0.147710 -0.242703 2.874070
0.049410 -0.384443 2.757850
0.105202 -0.500066 2.617890
0.109664 -0.541833 2.586550
0.437342 -0.275047 2.841840
0.528692 -0.425538 2.744510
0.457012 -0.490306 2.497100
0.476598 -0.547326 2.470210
0.153362 -0.442514 2.695600
0.192509 -0.573993 2.278210
0.188294 -0.800177 2.144730
0.187601 -0.860400 2.084480
0.299086 -0.460808 2.675200
0.479942 -0.561268 2.287650
0.464063 -0.846981 2.203830
0.485085 -0.870806 2.138860
0.230375 -0.397958 2.734540
0.244792 -0.389264 2.797350
0.286898 -0.159285 2.936960
0.276289 0.030571 2.943880
0.147763 -0.242755 2.873970
0.044375 -0.376174 2.764860
0.093225 -0.499292 2.631110
0.060660 -0.541031 2.639700
0.437760 -0.275110 2.842030
0.528716 -0.425527 2.744550
0.457565 -0.490517 2.497070
0.476753 -0.547289 2.462030
0.142528 -0.436300 2.699240
0.192513 -0.573835 2.278720
0.188250 -0.800142 2.144640
0.187573 -0.860364 2.084360
0.292523 -0.457662 2.678560
0.479467 -0.561059 2.288490
0.464091 -0.846889 2.203670
0.485027 -0.870830 2.138660
0.264320 -0.395799 2.728550
0.270744 -0.387597 2.792680
0.287694 -0.159449 2.937040
0.277945 0.030369 2.943640
0.147824 -0.242747 2.873960
0.041568 -0.371730 2.768740
0.086853 -0.498225 2.638770
0.048865 -0.539057 2.654330
0.438155 -0.275178 2.842200
0.528716 -0.425524 2.744570
0.458037 -0.490906 2.497010
0.476321 -0.547322 2.456030
0.187533 -0.437626 2.681070
0.192688 -0.573989 2.278310
0.188218 -0.800111 2.144570
0.187568 -0.860409 2.084320
0.332021 -0.451160 2.681470
0.480695 -0.561736 2.286040
0.464102 -0.846809 2.203560
0.484980 -0.870839 2.138540
0.250474 -0.393402 2.732120
0.260424 -0.385151 2.795550
0.288432 -0.159579 2.937120
0.279221 0.030209 2.943420
0.147844 -0.242756 2.873950
0.044714 -0.369361 2.768080
0.088806 -0.499385 2.636050
0.051687 -0.540500 2.649770
0.438698 -0.275300 2.842450
0.528721 -0.425525 2.744580
0.458368 -0.491271 2.496970
0.475838 -0.547331 2.451980
0.155442 -0.432692 2.690890
0.192707 -0.573899 2.278600
0.188192 -0.800074 2.144510
0.187562 -0.860349 2.084210
0.316478 -0.451105 2.683650
0.480423 -0.561604 2.286560
0.464195 -0.846784 2.203210
0.484991 -0.870899 2.138120
0.241058 -0.392870 2.733840
0.252616 -0.384196 2.797160
0.289081 -0.159684 2.937180
0.280259 0.030091 2.943170
0.147897 -0.242755 2.873940
0.075768 -0.414048 2.730540
0.098864 -0.507830 2.559560
0.098252 -0.535211 2.499110
0.439208 -0.275431 2.842660
0.528728 -0.425530 2.744580
0.458627 -0.491608 2.496920
0.475454 -0.547334 2.449170
0.143000 -0.431430 2.694520
0.192723 -0.573839 2.278800
0.188171 -0.800040 2.144460
0.187563 -0.860277 2.084090
0.305291 -0.452038 2.684140
0.480194 -0.561498 2.287010
0.464240 -0.846748 2.203010
0.484991 -0.870911 2.137860
0.267890 -0.413287 2.706720
0.273719 -0.401701 2.774470
0.289727 -0.159795 2.937240
0.281284 0.029915 2.942760
0.147988 -0.242730 2.873940
0.094070 -0.439261 2.706530
0.100636 -0.516589 2.523800
0.082373 -0.554481 2.496900
0.439669 -0.275566 2.842820
0.528743 -0.425545 2.744580
0.458831 -0.491923 2.496900
0.475184 -0.547342 2.447320
0.200158 -0.453263 2.662030
0.192918 -0.574016 2.278330
0.188156 -0.800011 2.144420
0.187599 -0.860378 2.084150
0.323625 -0.470693 2.657730
0.481402 -0.562143 2.284720
0.464256 -0.846728 2.202930
0.484976 -0.870890 2.137730
0.283101 -0.419823 2.696680
0.283945 -0.407132 2.766500
0.290315 -0.159879 2.937270
0.282166 0.029840 2.942380
0.148022 -0.242719 2.874000
0.098850 -0.449979 2.699590
0.123241 -0.514258 2.508250
0.112691 -0.552396 2.469930
0.440094 -0.275695 2.842960
0.528777 -0.425567 2.744590
0.458970 -0.492109 2.496900
0.474983 -0.547327 2.446030
0.229124 -0.462337 2.648250
0.193116 -0.574219 2.277810
0.188150 -0.799979 2.144400
0.187646 -0.860516 2.084340
0.338243 -0.474952 2.648830
0.482514 -0.562719 2.282620
0.464595 -0.846314 2.201960
0.485056 -0.871136 2.137120
0.290015 -0.419552 2.695550
0.288986 -0.407901 2.764570
0.290939 -0.159957 2.937280
0.282817 0.029727 2.942100
0.147989 -0.242756 2.874120
0.100411 -0.456823 2.696390
0.145478 -0.509431 2.507620
0.143539 -0.546575 2.463500
0.440507 -0.275824 2.843080
0.528815 -0.425605 2.744600
0.459073 -0.492230 2.496890
0.474873 -0.547310 2.445140
0.238143 -0.464717 2.644880
0.193376 -0.574490 2.277140
0.188160 -0.799926 2.144450
0.187690 -0.860632 2.084620
0.348758 -0.470886 2.649400
0.483455 -0.563201 2.280850
0.464723 -0.846087 2.201610
0.485069 -0.871180 2.136890
0.293407 -0.421319 2.692810
0.291585 -0.409309 2.762420
0.291492 -0.160028 2.937270
0.283324 0.029657 2.941880
0.147965 -0.242787 2.874200
0.062241 -0.402189 2.742270
0.128118 -0.493735 2.582630
0.136926 -0.532934 2.519100
0.440847 -0.275944 2.843180
0.529167 -0.425683 2.744860
0.459276 -0.492449 2.497050
0.474951 -0.547390 2.444830
0.244034 -0.466805 2.641940
0.193611 -0.574767 2.276430
0.188174 -0.799877 2.144510
0.187754 -0.860804 2.084990
0.349738 -0.474276 2.644140
0.484192 -0.563570 2.279480
0.464859 -0.845845 2.201260
0.485092 -0.871206 2.136650
0.261500 -0.407066 2.711340
0.266290 -0.396680 2.778360
0.291999 -0.160084 2.937270
0.283778 0.029620 2.941620
0.148025 -0.242673 2.874480
0.050914 -0.381581 2.759800
0.094447 -0.529335 2.612040
0.097282 -0.566095 2.564320
0.441172 -0.276050 2.843270
0.529251 -0.425716 2.744890
0.459595 -0.493338 2.497220
0.475589 -0.548737 2.445080
0.182874 -0.444113 2.672970
0.193814 -0.575015 2.275810
0.188192 -0.799827 2.144580
0.187789 -0.860844 2.085140
0.319151 -0.463313 2.659970
0.484275 -0.563574 2.279410
0.465008 -0.845595 2.200870
0.485136 -0.871234 2.136380
0.232595 -0.397529 2.729120
0.248099 -0.389377 2.790420
0.292446 -0.160131 2.937260
0.284142 0.029596 2.941400
0.148077 -0.242555 2.874730
0.043502 -0.369058 2.770350
0.143067 -0.500569 2.589750
0.126058 -0.549286 2.558190
0.441510 -0.276139 2.843360
0.529314 -0.425754 2.744920
0.459913 -0.494312 2.497430
0.476238 -0.550154 2.445570
0.145491 -0.436463 2.694630
0.193825 -0.574844 2.276480
0.188218 -0.799772 2.144670
0.187823 -0.860800 2.085220
0.291777 -0.456907 2.674500
0.483006 -0.562880 2.281940
0.465103 -0.845375 2.200630
0.485153 -0.871239 2.136230
0.253436 -0.405340 2.720480
0.259411 -0.393890 2.786360
0.292862 -0.160198 2.937240
0.284469 0.029563 2.941170
0.148130 -0.242476 2.874900
0.059296 -0.382429 2.760360
0.144209 -0.497955 2.594550
0.163945 -0.531825 2.537560
0.441803 -0.276235 2.843420
0.529374 -0.425798 2.744940
0.461352 -0.494620 2.497070
0.476938 -0.550379 2.445440
0.185051 -0.449501 2.678230
0.193987 -0.575159 2.275800
0.188235 -0.799721 2.144760
0.187861 -0.860834 2.085390
0.311566 -0.461425 2.667850
0.483391 -0.563083 2.281240
0.465192 -0.845206 2.200400
0.485181 -0.871244 2.136050
