0.111697 0.016221 1.951050
0.115609 0.077369 2.002760
0.108491 0.432504 2.019060
0.082188 0.616984 1.998750
-0.069303 0.308577 2.028240
-0.123181 0.056244 2.031420
-0.138925 -0.143328 1.990460
-0.119006 -0.218402 1.966300
0.277606 0.315742 1.995800
0.398069 0.085109 1.998790
0.373007 -0.115236 1.926680
0.373605 -0.173498 1.926900
0.035088 -0.063891 1.941920
0.055911 -0.483897 1.993950
0.082352 -0.770895 2.016250
0.065650 -0.825209 1.973970
0.188307 -0.057127 1.928980
0.238462 -0.511188 1.928590
0.278136 -0.744225 1.926240
0.249011 -0.804186 1.891700
0.110997 0.016332 1.950860
0.115122 0.077454 2.002580
0.107829 0.432552 2.019080
0.081213 0.617118 1.998910
-0.070045 0.308686 2.029360
-0.123489 0.056046 2.032880
-0.138718 -0.143382 1.991000
-0.118980 -0.218556 1.966940
0.277200 0.315818 1.995320
0.398189 0.085225 1.997930
0.371552 -0.117400 1.924950
0.372633 -0.177029 1.925580
0.034283 -0.063872 1.942110
0.055895 -0.483979 1.993980
0.082484 -0.770594 2.016190
0.061240 -0.836043 1.997560
0.187718 -0.056985 1.928510
0.238552 -0.511176 1.928770
0.278266 -0.744314 1.926570
0.248864 -0.804251 1.891980
0.110341 0.016398 1.950710
0.114650 0.077503 2.002420
0.107140 0.432568 2.019130
0.080362 0.617136 1.999060
-0.070732 0.308704 2.030380
-0.123803 0.055872 2.034200
-0.138598 -0.143508 1.992130
-0.118902 -0.218659 1.967800
0.276816 0.315844 1.994890
0.398273 0.085303 1.997280
0.370113 -0.119493 1.923640
0.372049 -0.179840 1.924650
0.033510 -0.063904 1.942300
0.055881 -0.484058 1.994000
0.082901 -0.770857 2.016230
0.056482 -0.840105 2.006100
0.187203 -0.056892 1.928110
0.238620 -0.511162 1.928910
0.278376 -0.744385 1.926830
0.248739 -0.804314 1.892250
0.109688 0.016433 1.950600
0.114167 0.077530 2.002300
0.106457 0.432579 2.019200
0.079614 0.617125 1.999200
-0.071428 0.308620 2.031320
-0.124090 0.055722 2.035330
-0.138483 -0.143654 1.993360
-0.118778 -0.218728 1.968610
0.276434 0.315830 1.994490
0.398333 0.085353 1.996790
0.368779 -0.121369 1.922650
0.371545 -0.182086 1.923880
0.032719 -0.063973 1.942520
0.055865 -0.484143 1.994020
0.083090 -0.770843 2.016220
0.054372 -0.842702 2.011650
0.186712 -0.056841 1.927780
0.238670 -0.511149 1.929030
0.278463 -0.744441 1.927050
0.248616 -0.804374 1.892530
0.109005 0.016424 1.950530
0.113652 0.077527 2.002210
0.105784 0.432583 2.019310
0.078968 0.617109 1.999330
-0.072087 0.308477 2.032180
-0.124363 0.055601 2.036310
-0.138390 -0.143786 1.994530
-0.118630 -0.218756 1.969310
0.276052 0.315773 1.994140
0.398374 0.085384 1.996430
0.367700 -0.122847 1.921980
0.371148 -0.183739 1.923340
0.031885 -0.064094 1.942790
0.055842 -0.484266 1.994060
0.083256 -0.770699 2.016190
0.052900 -0.843897 2.014590
0.186207 -0.056837 1.927500
0.238706 -0.511141 1.929120
0.278531 -0.744492 1.927230
0.248484 -0.804429 1.892790
0.108367 0.016386 1.950500
0.113154 0.077500 2.002150
0.105141 0.432577 2.019430
0.078426 0.617084 1.999460
-0.072676 0.308303 2.032920
-0.124642 0.055490 2.037180
-0.138317 -0.143906 1.995520
-0.118497 -0.218775 1.969900
0.275671 0.315673 1.993820
0.398403 0.085404 1.996150
0.366863 -0.123974 1.921540
0.370638 -0.185040 1.922840
0.031103 -0.064246 1.943060
0.055811 -0.484406 1.994090
0.083410 -0.770465 2.016140
0.064758 -0.818488 1.968100
0.185748 -0.056859 1.927280
0.238730 -0.511134 1.929190
0.278581 -0.744537 1.927390
0.248376 -0.804480 1.893010
0.107744 0.016327 1.950500
0.112657 0.077458 2.002130
0.104523 0.432568 2.019570
0.077967 0.617063 1.999610
-0.073263 0.308062 2.033620
-0.124953 0.055339 2.037970
-0.138665 -0.144121 1.996810
-0.118771 -0.218897 1.970830
0.275301 0.315551 1.993540
0.398421 0.085414 1.995950
0.366296 -0.124633 1.921330
0.370182 -0.185833 1.922370
0.030334 -0.064419 1.943350
0.055771 -0.484556 1.994140
0.083546 -0.770206 2.016100
0.072336 -0.802232 1.938340
0.185311 -0.056903 1.927100
0.238745 -0.511128 1.929250
0.278618 -0.744578 1.927520
0.248254 -0.804539 1.893250
0.107184 0.016259 1.950520
0.112201 0.077409 2.002130
0.103963 0.432558 2.019720
0.077572 0.617033 1.999760
-0.073771 0.307861 2.034240
-0.125253 0.055191 2.038650
-0.139244 -0.144358 1.998120
-0.119071 -0.218948 1.971560
0.274968 0.315426 1.993310
0.398429 0.085415 1.995790
0.365840 -0.125130 1.921240
0.369755 -0.186401 1.921980
0.029659 -0.064584 1.943620
0.055713 -0.484730 1.994190
0.083609 -0.769756 2.016010
0.074862 -0.795806 1.927260
0.184919 -0.056962 1.926980
0.238751 -0.511125 1.929310
0.278638 -0.744618 1.927640
0.248152 -0.804597 1.893450
0.106681 0.016190 1.950560
0.111767 0.077355 2.002140
0.103394 0.432547 2.019880
0.077190 0.617068 1.999960
-0.074197 0.307686 2.034750
-0.125527 0.055050 2.039220
-0.139471 -0.144528 1.998920
-0.119157 -0.218988 1.971970
0.274665 0.315305 1.993140
0.398426 0.085409 1.995680
0.365443 -0.125523 1.921270
0.369298 -0.186814 1.921610
0.029075 -0.064734 1.943860
0.055630 -0.484948 1.994250
0.083645 -0.769283 2.015940
0.132153 -0.818964 2.019520
0.184570 -0.057023 1.926880
0.238749 -0.511122 1.929360
0.278638 -0.744656 1.927750
0.248080 -0.804664 1.893620
0.106214 0.016117 1.950620
0.111353 0.077298 2.002180
0.102867 0.432530 2.020040
0.076848 0.617104 2.000180
-0.074565 0.307547 2.035190
-0.125784 0.054913 2.039700
-0.139627 -0.144677 1.999520
-0.119212 -0.219041 1.972330
0.274395 0.315187 1.993000
0.398412 0.085395 1.995610
0.365098 -0.125829 1.921370
0.368722 -0.187109 1.921370
0.028548 -0.064869 1.944080
0.055533 -0.485176 1.994320
0.083628 -0.768784 2.015850
0.099500 -0.802089 1.962090
0.184238 -0.057098 1.926820
0.238735 -0.511124 1.929420
0.278622 -0.744700 1.927850
0.248017 -0.804731 1.893770
0.105795 0.016041 1.950690
0.110966 0.077235 2.002230
0.102389 0.432509 2.020210
0.076548 0.617074 2.000420
-0.074871 0.307431 2.035570
-0.126015 0.054789 2.040090
-0.139783 -0.144807 2.000000
-0.119306 -0.219110 1.972660
0.274154 0.315062 1.992900
0.398369 0.085359 1.995580
0.364796 -0.126075 1.921530
0.368253 -0.187325 1.921250
0.028090 -0.064993 1.944290
0.055427 -0.485409 1.994390
0.083563 -0.768236 2.015760
0.089540 -0.797534 1.947090
0.183932 -0.057184 1.926790
0.238716 -0.511130 1.929480
0.278592 -0.744749 1.927950
0.247965 -0.804796 1.893890
0.105424 0.015980 1.950770
0.110594 0.077181 2.002300
0.101958 0.432491 2.020370
0.076278 0.617069 2.000700
-0.075121 0.307336 2.035870
-0.126223 0.054677 2.040410
-0.139923 -0.144921 2.000380
-0.119420 -0.219191 1.972970
0.274001 0.314988 1.992880
0.398283 0.085296 1.995620
0.364539 -0.126256 1.921740
0.367820 -0.187462 1.921170
0.027695 -0.065095 1.944470
0.055306 -0.485643 1.994450
0.083469 -0.767693 2.015670
0.082134 -0.795130 1.937620
0.183663 -0.057263 1.926780
0.238249 -0.509673 1.929640
0.278204 -0.743497 1.928090
0.248818 -0.804829 1.895150
0.105103 0.015918 1.950850
0.110259 0.077125 2.002380
0.101568 0.432468 2.020520
0.076059 0.617053 2.000970
-0.075327 0.307261 2.036120
-0.126403 0.054570 2.040670
-0.140106 -0.145041 2.000720
-0.119615 -0.219302 1.973290
0.273848 0.314897 1.992900
0.398116 0.085159 1.995770
0.364309 -0.126401 1.921990
0.367471 -0.187556 1.921150
0.027364 -0.065184 1.944630
0.055172 -0.485880 1.994520
0.083350 -0.767124 2.015580
0.077886 -0.793748 1.932380
0.183428 -0.057345 1.926790
0.237943 -0.508788 1.929800
0.277935 -0.742753 1.928220
0.249458 -0.804953 1.896150
0.104800 0.015848 1.950950
0.109928 0.077062 2.002480
0.101192 0.432446 2.020690
0.075882 0.617020 2.001210
-0.075495 0.307211 2.036340
-0.126569 0.054475 2.040870
-0.140291 -0.145151 2.001000
-0.119841 -0.219421 1.973590
0.273712 0.314781 1.992970
0.397919 0.084993 1.996010
0.364112 -0.126512 1.922250
0.367105 -0.187609 1.921170
0.027070 -0.065266 1.944780
0.055032 -0.486117 1.994590
0.083217 -0.766627 2.015500
0.075208 -0.792932 1.929180
0.183188 -0.057457 1.926850
0.237326 -0.506913 1.930080
0.277519 -0.741410 1.928340
0.250432 -0.804935 1.897490
0.104539 0.015786 1.951060
0.109628 0.077006 2.002590
0.100861 0.432431 2.020850
0.075751 0.616972 2.001420
-0.075627 0.307179 2.036510
-0.126714 0.054388 2.041030
-0.140513 -0.145262 2.001250
-0.120009 -0.219485 1.973760
0.273598 0.314653 1.993090
0.397704 0.084823 1.996320
0.363934 -0.126604 1.922560
0.366758 -0.187640 1.921220
0.026827 -0.065335 1.944920
0.054893 -0.486342 1.994660
0.083135 -0.766774 2.015520
0.073069 -0.794128 1.927370
0.182976 -0.057563 1.926940
0.236686 -0.504918 1.930370
0.277133 -0.740202 1.928450
0.251365 -0.804905 1.898710
0.104318 0.015730 1.951170
0.109366 0.076955 2.002700
0.100580 0.432419 2.021000
0.075655 0.616914 2.001640
-0.075736 0.307159 2.036660
-0.126844 0.054310 2.041160
-0.140749 -0.145368 2.001470
-0.120239 -0.219568 1.973950
0.273497 0.314524 1.993250
0.397471 0.084629 1.996710
0.363786 -0.126691 1.922940
0.366513 -0.187664 1.921310
0.026625 -0.065394 1.945040
0.054760 -0.486552 1.994720
0.083063 -0.766960 2.015550
0.126234 -0.801035 2.008400
0.182794 -0.057663 1.927050
0.236284 -0.503865 1.930640
0.276815 -0.739246 1.928550
0.252171 -0.804892 1.899740
0.104140 0.015681 1.951280
0.109144 0.076911 2.002820
0.100341 0.432413 2.021150
0.075579 0.616896 2.001870
-0.075822 0.307142 2.036780
-0.126963 0.054227 2.041250
-0.140975 -0.145483 2.001650
-0.120469 -0.219669 1.974120
0.273415 0.314397 1.993440
0.397231 0.084436 1.997190
0.363672 -0.126763 1.923360
0.366310 -0.187675 1.921440
0.026466 -0.065446 1.945150
0.054630 -0.486757 1.994780
0.082998 -0.767040 2.015570
0.140625 -0.802631 2.030590
0.182654 -0.057754 1.927180
0.236038 -0.503253 1.930840
0.276618 -0.738716 1.928630
0.252709 -0.804942 1.900450
0.103992 0.015637 1.951390
0.108947 0.076873 2.002930
0.100137 0.432413 2.021280
0.075544 0.616866 2.002060
-0.075885 0.307127 2.036870
-0.127070 0.054150 2.041330
-0.141050 -0.145559 2.001760
-0.120544 -0.219727 1.974200
0.273360 0.314266 1.993720
0.396999 0.084262 1.997740
0.363576 -0.126810 1.923800
0.366165 -0.187665 1.921630
0.026335 -0.065491 1.945250
0.054503 -0.486967 1.994850
0.082937 -0.767070 2.015580
0.154841 -0.810362 2.056030
0.182540 -0.057838 1.927320
0.235875 -0.502867 1.931010
0.276491 -0.738396 1.928680
0.253067 -0.805009 1.900920
0.103866 0.015592 1.951520
0.108768 0.076835 2.003070
0.099940 0.432412 2.021420
0.075558 0.616794 2.002230
-0.075933 0.307116 2.036950
-0.127166 0.054081 2.041380
-0.141126 -0.145622 2.001830
-0.120637 -0.219799 1.974270
0.273335 0.314128 1.994050
0.396766 0.084099 1.998320
0.363502 -0.126891 1.924340
0.366056 -0.187676 1.921910
0.026231 -0.065534 1.945340
0.054382 -0.487162 1.994910
0.082890 -0.767071 2.015600
0.161365 -0.813799 2.067840
0.182452 -0.057931 1.927530
0.235755 -0.502636 1.931190
0.276382 -0.738180 1.928740
0.253338 -0.805081 1.901260
0.103763 0.015544 1.951660
0.108608 0.076797 2.003210
0.099754 0.432412 2.021570
0.075608 0.616692 2.002390
-0.075962 0.307121 2.037010
-0.127249 0.054025 2.041420
-0.141311 -0.145704 2.001940
-0.120846 -0.219885 1.974400
0.273324 0.313988 1.994420
0.396533 0.083925 1.998900
0.363463 -0.126960 1.924920
0.365967 -0.187679 1.922190
0.026151 -0.065574 1.945440
0.054264 -0.487365 1.994980
0.082839 -0.767054 2.015610
0.093967 -0.803999 1.967440
0.182390 -0.058031 1.927760
0.235675 -0.502546 1.931400
0.276289 -0.738052 1.928800
0.253535 -0.805158 1.901530
0.103681 0.015491 1.951820
0.108468 0.076757 2.003370
0.099593 0.432411 2.021700
0.075674 0.616568 2.002540
-0.075980 0.307129 2.037060
-0.127323 0.053977 2.041440
-0.141409 -0.145770 2.002040
-0.120912 -0.219922 1.974450
0.273344 0.313847 1.994830
0.396324 0.083757 1.999510
0.363451 -0.127003 1.925530
0.366040 -0.187655 1.922740
0.026091 -0.065618 1.945560
0.054154 -0.487556 1.995060
0.082789 -0.767032 2.015630
0.080488 -0.802836 1.948100
0.182354 -0.058141 1.928040
0.235625 -0.502579 1.931630
0.276196 -0.738010 1.928870
0.253690 -0.805244 1.901730
0.103626 0.015428 1.952020
0.108350 0.076714 2.003550
0.099456 0.432411 2.021830
0.075760 0.616439 2.002670
-0.075988 0.307136 2.037110
-0.127387 0.053942 2.041470
-0.141456 -0.145815 2.002110
-0.120970 -0.219965 1.974520
0.273378 0.313720 1.995260
0.396149 0.083631 2.000140
0.363655 -0.127067 1.926570
0.366195 -0.187643 1.923420
0.026059 -0.065669 1.945700
0.054051 -0.487731 1.995140
0.082747 -0.767362 2.015700
0.065780 -0.802918 1.925510
0.182355 -0.058265 1.928400
0.235612 -0.502716 1.931890
0.276109 -0.738044 1.928950
0.253803 -0.805334 1.901880
0.103595 0.015354 1.952240
0.108254 0.076664 2.003740
0.099343 0.432409 2.021950
0.075854 0.616311 2.002790
-0.075980 0.307140 2.037140
-0.127446 0.053912 2.041490
-0.141439 -0.145856 2.002140
-0.121000 -0.220017 1.974570
0.273436 0.313602 1.995730
0.395990 0.083531 2.000800
0.363842 -0.127138 1.927530
0.366389 -0.187644 1.924080
0.026050 -0.065731 1.945870
0.053954 -0.487915 1.995240
0.082695 -0.767529 2.015740
0.058911 -0.802512 1.915280
0.182387 -0.058397 1.928790
0.235641 -0.502965 1.932180
0.276047 -0.738162 1.929060
0.253873 -0.805409 1.901980
0.103596 0.015263 1.952500
0.108181 0.076608 2.003960
0.099246 0.432407 2.022070
0.075949 0.616186 2.002900
-0.075956 0.307145 2.037180
-0.127498 0.053890 2.041510
-0.141412 -0.145889 2.002170
-0.121021 -0.220065 1.974620
0.273513 0.313483 1.996190
0.395880 0.083458 2.001460
0.364000 -0.127235 1.928420
0.366690 -0.187681 1.924880
0.026076 -0.065813 1.946080
0.053866 -0.488158 1.995420
0.082811 -0.768388 2.015960
0.055628 -0.803349 1.909730
0.182459 -0.058537 1.929240
0.235695 -0.503283 1.932500
0.275987 -0.738344 1.929180
0.253924 -0.805488 1.902050
0.103619 0.015168 1.952790
0.108127 0.076552 2.004210
0.099165 0.432407 2.022180
0.076041 0.616075 2.003010
-0.075929 0.307149 2.037210
-0.127545 0.053870 2.041530
-0.141360 -0.145923 2.002210
-0.121035 -0.220128 1.974700
0.273594 0.313375 1.996640
0.395797 0.083399 2.002100
0.364139 -0.127356 1.929230
0.366938 -0.187755 1.925620
0.026124 -0.065906 1.946320
0.053783 -0.488401 1.995610
0.082874 -0.768774 2.016100
0.056447 -0.804016 1.909940
0.182560 -0.058679 1.929710
0.235776 -0.503643 1.932820
0.275933 -0.738575 1.929320
0.253952 -0.805570 1.902100
0.103675 0.015067 1.953140
0.108094 0.076496 2.004490
0.099095 0.432407 2.022290
0.076134 0.615986 2.003100
-0.075893 0.307157 2.037250
-0.127598 0.053853 2.041560
-0.141281 -0.145954 2.002250
-0.121038 -0.220203 1.974800
0.273692 0.313281 1.997100
0.395748 0.083356 2.002760
0.364343 -0.127400 1.930190
0.367154 -0.187752 1.926280
0.026207 -0.066011 1.946650
0.053715 -0.488694 1.995900
0.082885 -0.768947 2.016170
0.124186 -0.825501 2.023430
0.182711 -0.058826 1.930240
0.235876 -0.504025 1.933150
0.275879 -0.738840 1.929470
0.253968 -0.805652 1.902120
0.103752 0.014961 1.953560
0.108073 0.076441 2.004840
0.099033 0.432409 2.022400
0.076237 0.615916 2.003200
-0.075852 0.307163 2.037280
-0.127649 0.053839 2.041600
-0.141084 -0.145984 2.002280
-0.120985 -0.220282 1.974900
0.273820 0.313194 1.997580
0.395717 0.083338 2.003440
0.364533 -0.127498 1.931150
0.367254 -0.187786 1.926800
0.026314 -0.066140 1.947070
0.053660 -0.488964 1.996190
0.082893 -0.769068 2.016240
0.142740 -0.832138 2.054750
0.182885 -0.058972 1.930830
0.235983 -0.504428 1.933530
0.275864 -0.739117 1.929620
0.253954 -0.805726 1.902130
0.103884 0.014860 1.954090
0.108083 0.076400 2.005280
0.098983 0.432419 2.022530
0.076343 0.615863 2.003300
-0.075802 0.307153 2.037320
-0.127699 0.053822 2.041660
-0.140918 -0.146017 2.002340
-0.120925 -0.220383 1.975080
0.274051 0.313147 1.998230
0.395737 0.083368 2.004280
0.364682 -0.127633 1.932050
0.367302 -0.187845 1.927250
0.026468 -0.066287 1.947610
0.053617 -0.489201 1.996480
0.082886 -0.769131 2.016300
0.156807 -0.836612 2.078280
0.183153 -0.059107 1.931570
0.236120 -0.504839 1.933980
0.275839 -0.739412 1.929810
0.253940 -0.805800 1.902120
0.104055 0.014746 1.954740
0.108109 0.076355 2.005790
0.098934 0.432425 2.022660
0.076430 0.615816 2.003390
-0.075750 0.307141 2.037360
-0.127761 0.053786 2.041800
-0.140625 -0.146127 2.002780
-0.120674 -0.220500 1.975500
0.274299 0.313117 1.998930
0.395787 0.083417 2.005150
0.364880 -0.127779 1.933130
0.367277 -0.187926 1.927860
0.026665 -0.066461 1.948250
0.053597 -0.489482 1.996890
0.083014 -0.769765 2.016550
0.164301 -0.839069 2.090850
0.183497 -0.059265 1.932510
0.236312 -0.505354 1.934640
0.275859 -0.739788 1.930060
0.253896 -0.805870 1.902100
0.104249 0.014648 1.955550
0.108147 0.076326 2.006450
0.098877 0.432422 2.022790
0.076485 0.615767 2.003470
-0.075699 0.307127 2.037420
-0.127842 0.053731 2.042110
-0.140305 -0.146299 2.003710
-0.120416 -0.220687 1.976400
0.274533 0.313131 1.999640
0.395904 0.083547 2.006160
0.365055 -0.127917 1.934300
0.367124 -0.188002 1.928520
0.026882 -0.066634 1.949040
0.053607 -0.489756 1.997390
0.083131 -0.770680 2.016860
0.095544 -0.817514 1.970960
0.183904 -0.059399 1.933750
0.236534 -0.505869 1.935510
0.275905 -0.740154 1.930350
0.253864 -0.805929 1.902090
0.104471 0.014543 1.956640
0.108188 0.076304 2.007270
0.098805 0.432400 2.022930
0.076499 0.615696 2.003560
-0.075672 0.307074 2.037520
-0.127979 0.053668 2.042690
-0.139900 -0.146501 2.005180
-0.120119 -0.220952 1.977950
0.274734 0.313200 2.000420
0.396079 0.083771 2.007290
0.365337 -0.127946 1.936140
0.367164 -0.188011 1.930100
0.027141 -0.066865 1.950190
0.053657 -0.489989 1.998010
0.083207 -0.771101 2.017090
0.086013 -0.812689 1.954180
0.184397 -0.059559 1.935470
0.236842 -0.506430 1.936700
0.275976 -0.740555 1.930700
0.253834 -0.806002 1.902100
0.104731 0.014429 1.958020
0.108240 0.076284 2.008320
0.098697 0.432347 2.023070
0.076444 0.615575 2.003650
-0.075672 0.307008 2.037650
-0.128163 0.053618 2.043500
-0.139555 -0.146682 2.006960
-0.119822 -0.221216 1.979950
0.274898 0.313285 2.001170
0.396414 0.084182 2.008670
0.368635 -0.120465 1.946040
0.366554 -0.181129 1.933990
0.027443 -0.067154 1.951690
0.053838 -0.490250 1.999130
0.083256 -0.771336 2.017310
0.069254 -0.805309 1.925890
0.185005 -0.059748 1.937620
0.236981 -0.504076 1.940110
0.275982 -0.740474 1.931100
0.254108 -0.806066 1.902520
0.105041 0.014321 1.959900
0.108307 0.076287 2.009690
0.098562 0.432255 2.023210
0.076202 0.615266 2.003650
-0.075714 0.306931 2.037840
-0.128398 0.053652 2.044580
-0.139381 -0.146771 2.009490
-0.119604 -0.221371 1.982770
0.275017 0.313388 2.001970
0.396897 0.084779 2.010180
0.370941 -0.115165 1.953050
0.366923 -0.175629 1.939020
0.027807 -0.067510 1.953860
0.054164 -0.490475 2.000980
0.083238 -0.771365 2.017610
0.062202 -0.802243 1.914020
0.185738 -0.059941 1.940500
0.237296 -0.503035 1.943370
0.276013 -0.740353 1.931750
0.254469 -0.806127 1.902960
0.105396 0.014142 1.962400
0.108378 0.076275 2.011540
0.098323 0.432096 2.023370
0.075501 0.614620 2.003390
-0.075871 0.306810 2.038130
-0.128691 0.053695 2.045900
-0.138858 -0.146829 2.011540
-0.118924 -0.221499 1.985220
0.275018 0.313487 2.002730
0.397460 0.085519 2.011790
0.372585 -0.111426 1.958250
0.367428 -0.171445 1.943590
0.028310 -0.068060 1.957090
0.054668 -0.490577 2.003550
0.083154 -0.771220 2.018000
0.058015 -0.799726 1.907890
0.186538 -0.060176 1.943920
0.237535 -0.500832 1.947330
0.276065 -0.740216 1.932660
0.254937 -0.806218 1.903550
0.105746 0.013978 1.965570
0.108410 0.076311 2.013900
0.097863 0.431804 2.023540
0.073950 0.613642 2.002580
-0.076238 0.306664 2.038570
-0.129049 0.053744 2.047380
-0.138381 -0.146927 2.014460
-0.118570 -0.221684 1.987530
0.274835 0.313625 2.003540
0.397980 0.086440 2.013450
0.373896 -0.108626 1.962480
0.368258 -0.168145 1.948310
0.028870 -0.068611 1.961300
0.055286 -0.490651 2.006970
0.082995 -0.770924 2.018530
0.057799 -0.798117 1.910050
0.187384 -0.060384 1.948080
0.237957 -0.499822 1.951240
0.276193 -0.740039 1.933910
0.255551 -0.806318 1.904340
0.106102 0.013729 1.969270
0.108414 0.076319 2.016720
0.097082 0.431302 2.023700
0.071489 0.612021 2.001120
-0.076845 0.306459 2.039130
-0.129535 0.053807 2.049140
-0.137929 -0.147031 2.017830
-0.118257 -0.221877 1.990100
0.274415 0.313814 2.004380
0.398465 0.087370 2.015030
0.374978 -0.106615 1.966200
0.368957 -0.165794 1.952590
0.029522 -0.069333 1.966340
0.055841 -0.490696 2.010700
0.082709 -0.770512 2.019270
0.059912 -0.797687 1.917290
0.188263 -0.060613 1.952650
0.238618 -0.499638 1.955630
0.276320 -0.739885 1.935480
0.256487 -0.806546 1.905580
0.106334 0.013426 1.973290
0.108329 0.076320 2.019790
0.096025 0.430596 2.023750
0.067754 0.610481 1.998830
-0.077824 0.306067 2.039780
-0.130209 0.053859 2.051360
-0.136212 -0.147161 2.021740
-0.081628 -0.205787 1.962710
0.273550 0.314116 2.005290
0.399068 0.088524 2.016780
0.375843 -0.104965 1.969710
0.369415 -0.163856 1.957590
0.030036 -0.070077 1.971720
0.056257 -0.490710 2.014690
0.082303 -0.771048 2.020800
0.063309 -0.801532 1.927920
0.188947 -0.060853 1.957690
0.239183 -0.497955 1.961630
0.276624 -0.739760 1.937420
0.257641 -0.806950 1.907640
0.106444 0.012979 1.977570
0.108154 0.076244 2.023080
0.094676 0.429613 2.023610
0.064094 0.608721 1.996420
-0.079346 0.305341 2.040540
-0.131051 0.053927 2.053780
-0.134193 -0.147180 2.024350
-0.059767 -0.194886 1.946420
0.272419 0.314441 2.006170
0.399685 0.090275 2.018800
0.376570 -0.103229 1.973400
0.370018 -0.161908 1.962870
0.030355 -0.070986 1.977280
0.056674 -0.490646 2.019460
0.081711 -0.772753 2.023110
0.066079 -0.806644 1.937060
0.189502 -0.061277 1.963120
0.239666 -0.495707 1.967740
0.276920 -0.739712 1.940060
0.259111 -0.807388 1.909920
0.106395 0.012243 1.982080
0.107844 0.075980 2.026520
0.092744 0.428093 2.023170
0.060575 0.606777 1.993900
-0.081097 0.304429 2.041280
-0.131923 0.053980 2.055970
-0.119815 -0.144639 2.019930
-0.039471 -0.177207 1.929050
0.271048 0.314668 2.006950
0.400486 0.092558 2.020980
0.377056 -0.101733 1.976910
0.370624 -0.160347 1.967910
0.030516 -0.072137 1.982930
0.056991 -0.490286 2.024430
0.080963 -0.775399 2.026040
0.095886 -0.835681 1.993400
0.189860 -0.062042 1.968840
0.240231 -0.493254 1.973910
0.277216 -0.739973 1.943370
0.260789 -0.807923 1.912290
0.106328 0.011328 1.986620
0.107495 0.075591 2.029840
0.090505 0.426194 2.022520
0.056901 0.604105 1.990750
-0.082885 0.303345 2.041950
-0.132911 0.053530 2.058080
-0.115704 -0.144847 2.021130
-0.050089 -0.188689 1.956620
0.269681 0.314843 2.007630
0.401309 0.094622 2.022920
0.377759 -0.100389 1.981390
0.371452 -0.159213 1.973020
0.030686 -0.073377 1.988350
0.057256 -0.489815 2.029200
0.080319 -0.776900 2.029740
0.090052 -0.832344 1.989370
0.190230 -0.063020 1.974660
0.240941 -0.491263 1.979170
0.277944 -0.740784 1.947610
0.262419 -0.808626 1.914940
0.106334 0.010325 1.991180
0.107198 0.075167 2.032860
0.088511 0.424383 2.021840
0.053994 0.601847 1.988040
-0.084565 0.302211 2.042480
-0.134054 0.053151 2.060060
-0.115164 -0.146201 2.028230
-0.046902 -0.202832 1.962330
0.268395 0.314948 2.008190
0.402152 0.096418 2.024540
0.378971 -0.099090 1.986500
0.372870 -0.158056 1.978680
0.030917 -0.074658 1.993880
0.057592 -0.489199 2.034450
0.079836 -0.777756 2.032790
0.086811 -0.830080 1.988010
0.190690 -0.064095 1.980370
0.241968 -0.489307 1.984090
0.279717 -0.742505 1.952740
0.263436 -0.809482 1.917870
0.106513 0.009188 1.995770
0.106993 0.074677 2.035590
0.086722 0.422649 2.021150
0.051701 0.599791 1.985600
-0.085966 0.301146 2.042870
-0.135312 0.052945 2.061990
-0.122748 -0.147995 2.043390
-0.046698 -0.211684 1.967190
0.267266 0.314997 2.008650
0.403203 0.097965 2.025910
0.380423 -0.098125 1.991240
0.374462 -0.157260 1.983880
0.031350 -0.075907 1.999240
0.058227 -0.488412 2.039580
0.079506 -0.778236 2.035270
0.081453 -0.825170 1.981330
0.191379 -0.065343 1.986110
0.243373 -0.487651 1.988470
0.281832 -0.744424 1.957350
0.264807 -0.811143 1.922360
0.106807 0.008127 2.000120
0.106887 0.074227 2.037890
0.085288 0.421100 2.020530
0.049993 0.598170 1.983540
-0.087101 0.300197 2.043190
-0.136352 0.052841 2.063560
-0.122957 -0.148460 2.048370
-0.042529 -0.227570 1.970520
0.266260 0.314981 2.009000
0.404968 0.099889 2.027140
0.381860 -0.097161 1.995240
0.375843 -0.156590 1.987740
0.031889 -0.076923 2.004320
0.059150 -0.487727 2.044420
0.079485 -0.778479 2.037550
0.078358 -0.821746 1.976910
0.192076 -0.066493 1.991340
0.245413 -0.486014 1.992740
0.284201 -0.746149 1.961450
0.265573 -0.812834 1.927800
0.107430 0.006956 2.004320
0.107008 0.073733 2.039820
0.084354 0.419671 2.019900
0.048760 0.596916 1.981910
-0.087994 0.299280 2.043450
-0.137443 0.052956 2.065140
-0.125337 -0.148584 2.055190
-0.041354 -0.231355 1.972690
0.265409 0.314855 2.009250
0.407268 0.102010 2.028080
0.383560 -0.096227 1.998820
0.377005 -0.156154 1.990580
0.032663 -0.077937 2.009180
0.060385 -0.486938 2.049200
0.080389 -0.778747 2.040640
0.077327 -0.820126 1.975220
0.193056 -0.067808 1.996360
0.248079 -0.484626 1.996740
0.288605 -0.748886 1.967220
0.264866 -0.815741 1.941360
0.108281 0.005814 2.008190
0.107267 0.073235 2.041360
0.083714 0.418155 2.019210
0.047811 0.595376 1.980070
-0.088695 0.298344 2.043700
-0.138403 0.053283 2.066770
-0.126649 -0.148449 2.059050
-0.037744 -0.223039 1.970460
0.264681 0.314652 2.009420
0.409920 0.104155 2.028360
0.387621 -0.094714 2.002710
0.378568 -0.155753 1.992880
0.033705 -0.078884 2.013770
0.061749 -0.486146 2.053560
0.081830 -0.779055 2.043460
0.076933 -0.819123 1.974140
0.194194 -0.069077 2.000830
0.251413 -0.483493 2.000720
0.296269 -0.753276 1.976480
0.265893 -0.821286 1.971580
0.109529 0.004683 2.011930
0.107822 0.072679 2.042690
0.083561 0.416521 2.018520
0.047290 0.593690 1.978290
-0.089139 0.297519 2.043960
-0.139087 0.053578 2.068140
-0.127176 -0.148359 2.061570
-0.100553 -0.212047 2.031940
0.264120 0.314311 2.009520
0.414097 0.106940 2.027570
0.391207 -0.093069 2.005330
0.382138 -0.153924 1.995170
0.035055 -0.079718 2.018060
0.063485 -0.485130 2.057760
0.083845 -0.780760 2.046210
0.077018 -0.819150 1.973290
0.195658 -0.070328 2.005060
0.255458 -0.482664 2.004810
0.307595 -0.759748 1.990210
0.275757 -0.829636 1.997450
0.111625 0.003322 2.015880
0.109115 0.071842 2.043990
0.084188 0.414508 2.017770
0.047230 0.592107 1.976630
-0.089177 0.296639 2.044360
-0.139431 0.053859 2.069480
-0.126943 -0.148133 2.063830
-0.132266 -0.206021 2.063870
0.263750 0.313821 2.009530
0.419150 0.109429 2.025270
0.395317 -0.091499 2.006650
0.386091 -0.152128 1.996650
0.037234 -0.080665 2.022470
0.065973 -0.484188 2.062060
0.085590 -0.782001 2.048330
0.077304 -0.819319 1.972700
0.197833 -0.071734 2.009370
0.262484 -0.482485 2.009960
0.321505 -0.768227 2.008090
0.284895 -0.836649 2.016470
0.114533 0.001844 2.020040
0.111388 0.070713 2.045240
0.086442 0.411586 2.016880
0.048773 0.589002 1.974650
-0.088474 0.295520 2.045290
-0.138974 0.053887 2.071220
-0.124891 -0.148094 2.066280
-0.144536 -0.203862 2.077440
0.264130 0.312459 2.009150
0.425140 0.111304 2.021390
0.400258 -0.090251 2.006710
0.390907 -0.150706 1.997540
0.040113 -0.081725 2.027200
0.070036 -0.483670 2.066900
0.087232 -0.783025 2.050140
0.077739 -0.819673 1.972420
0.200877 -0.073394 2.013970
0.269879 -0.483025 2.015240
0.334722 -0.776473 2.026960
0.296616 -0.839809 2.058320
0.118714 -0.000002 2.024570
0.115193 0.069038 2.046510
0.090304 0.407932 2.015950
0.051446 0.585135 1.972730
-0.086009 0.293921 2.047200
-0.137573 0.053630 2.073380
-0.115523 -0.148005 2.069330
-0.148685 -0.202199 2.088830
0.265532 0.310214 2.008320
0.431965 0.112058 2.015660
0.406391 -0.089733 2.005230
0.396693 -0.150020 1.997650
0.044431 -0.083165 2.032570
0.074543 -0.483190 2.071530
0.088547 -0.783840 2.051510
0.078164 -0.820176 1.972340
0.204891 -0.075263 2.018700
0.277248 -0.483851 2.020940
0.347719 -0.783749 2.044410
0.304878 -0.844232 2.075240
0.125388 -0.002567 2.029850
0.121970 0.066332 2.048090
0.097501 0.402561 2.015110
0.057750 0.578579 1.970590
-0.080235 0.291599 2.050390
-0.134691 0.053182 2.076210
-0.087903 -0.145468 2.067870
-0.143115 -0.188982 2.098470
0.269109 0.306347 2.006720
0.439941 0.111095 2.008170
0.413592 -0.090452 2.002630
0.403790 -0.149738 1.996680
0.051374 -0.085192 2.039110
0.080009 -0.483378 2.076880
0.091676 -0.786872 2.053990
0.079291 -0.821942 1.972970
0.211039 -0.077695 2.023930
0.286456 -0.486123 2.028740
0.361846 -0.790563 2.063260
0.335597 -0.857744 2.096730
0.134251 -0.005830 2.035700
0.131267 0.062725 2.050110
0.107044 0.396416 2.014870
0.065052 0.572400 1.968990
-0.071736 0.288222 2.054590
-0.126836 0.051907 2.081610
-0.073849 -0.145447 2.067180
-0.132446 -0.181873 2.104640
0.275676 0.300985 2.004300
0.448846 0.109377 1.999310
0.423192 -0.091950 1.998170
0.412970 -0.150633 1.994650
0.060083 -0.087651 2.046130
0.085221 -0.483800 2.081730
0.094484 -0.789066 2.056130
0.080492 -0.823626 1.973900
0.219886 -0.081279 2.029990
0.296896 -0.489915 2.038790
0.372227 -0.796041 2.078770
0.360010 -0.845464 2.038860
0.144347 -0.009442 2.041900
0.141957 0.058672 2.052690
0.118979 0.389695 2.015300
0.074348 0.565869 1.967920
-0.061327 0.284480 2.059190
-0.115197 0.049765 2.088490
-0.060216 -0.146137 2.066660
-0.069674 -0.169618 2.078070
0.285668 0.294092 2.001370
0.458161 0.106186 1.990390
0.434289 -0.094978 1.993180
0.422972 -0.152810 1.992340
0.069586 -0.090372 2.053480
0.092026 -0.484996 2.088040
0.096875 -0.791226 2.057930
0.081681 -0.825662 1.975070
0.230207 -0.085475 2.036620
0.308885 -0.495209 2.051670
0.379667 -0.800319 2.090920
0.371860 -0.847333 2.039240
0.156015 -0.013549 2.048540
0.154382 0.054067 2.055980
0.133021 0.382689 2.016420
0.088416 0.558139 1.967150
-0.045648 0.280358 2.065050
-0.104291 0.048041 2.094840
-0.036803 -0.144946 2.068290
-0.035954 -0.180551 2.055690
0.301414 0.284273 1.997410
0.468852 0.100292 1.980870
0.445783 -0.100396 1.987120
0.434077 -0.156649 1.989050
0.081124 -0.093790 2.061980
0.099263 -0.485940 2.094210
0.099059 -0.793358 2.059530
0.089380 -0.841950 1.994990
0.241242 -0.089884 2.043140
0.320497 -0.500038 2.064540
0.384355 -0.803290 2.099080
0.378073 -0.846803 2.032890
0.170486 -0.018860 2.056210
0.169522 0.048369 2.060420
0.149771 0.375418 2.018210
0.106228 0.550291 1.966520
-0.029229 0.276063 2.070470
-0.091174 0.045671 2.102420
-0.024080 -0.145584 2.069490
-0.012627 -0.192122 2.048790
0.317090 0.275008 1.993930
0.478390 0.093595 1.972680
0.454577 -0.106050 1.982410
0.445936 -0.161154 1.985890
0.094813 -0.098240 2.071330
0.108144 -0.486793 2.101710
0.101805 -0.795897 2.061450
0.092720 -0.850349 2.005180
0.255295 -0.095605 2.051010
0.327942 -0.502509 2.072900
0.387375 -0.805149 2.104240
0.372182 -0.862909 2.084220
0.188258 -0.025128 2.064110
0.187978 0.041674 2.065390
0.170881 0.366870 2.019730
0.125222 0.541676 1.965700
-0.009385 0.272038 2.075280
-0.075195 0.042459 2.110380
-0.012444 -0.147622 2.072280
0.032613 -0.211649 2.045310
0.331384 0.267091 1.991530
0.485834 0.087416 1.966640
0.462675 -0.112030 1.978650
0.457646 -0.165867 1.983190
0.114549 -0.104696 2.083020
0.120321 -0.489574 2.112000
0.105406 -0.799033 2.064120
0.094199 -0.853311 2.008180
0.270043 -0.100825 2.057900
0.333204 -0.503620 2.078540
0.389466 -0.806423 2.107860
0.366543 -0.872753 2.114840
0.208115 -0.031165 2.071690
0.208607 0.035234 2.070440
0.196158 0.358642 2.020700
0.148181 0.533110 1.964060
0.011588 0.267273 2.078960
-0.055252 0.037912 2.118270
0.003094 -0.152875 2.081220
0.050975 -0.217255 2.045400
0.349532 0.257985 1.990090
0.492833 0.080273 1.961580
0.468695 -0.118222 1.976000
0.464328 -0.169375 1.982200
0.133868 -0.110367 2.093390
0.131747 -0.492898 2.121990
0.108251 -0.801530 2.066350
0.111454 -0.864311 2.025390
0.288152 -0.106111 2.064950
0.337714 -0.504241 2.082740
0.390871 -0.807223 2.110240
0.365545 -0.857507 2.062610
0.226506 -0.037096 2.078640
0.227752 0.028869 2.075260
0.220999 0.349882 2.021150
0.168947 0.525354 1.962700
0.033702 0.261525 2.081670
-0.035937 0.033047 2.123840
0.019988 -0.159116 2.090700
0.064765 -0.219609 2.052400
0.366594 0.249706 1.989800
0.509426 0.051072 1.955330
0.480154 -0.143098 1.979080
0.478507 -0.179893 1.986290
0.152232 -0.115775 2.103290
0.140926 -0.496173 2.130390
0.110818 -0.803904 2.068880
0.116229 -0.868358 2.030690
0.304407 -0.111309 2.071340
0.342887 -0.504122 2.086110
0.391886 -0.807469 2.111410
0.367164 -0.851182 2.041000
0.241379 -0.042677 2.084860
0.242517 0.023170 2.079580
0.236259 0.343696 2.021680
0.191047 0.518822 1.961960
0.052750 0.256328 2.084030
-0.020832 0.028598 2.129400
0.037866 -0.165518 2.104900
0.076000 -0.217774 2.074050
0.381869 0.242600 1.990870
0.517534 0.037324 1.953350
0.493816 -0.159459 1.985780
0.487709 -0.206872 1.995320
0.167025 -0.120537 2.111710
0.148694 -0.499571 2.137620
0.113332 -0.806324 2.072010
0.118316 -0.870335 2.033670
0.318677 -0.116774 2.077760
0.349095 -0.503935 2.088810
0.392702 -0.807410 2.111690
0.368418 -0.847690 2.028560
0.253836 -0.047488 2.090750
0.255262 0.017950 2.084090
0.251781 0.336282 2.023310
0.210724 0.510555 1.961780
0.070059 0.251404 2.086580
-0.005188 0.023536 2.135420
0.053264 -0.172025 2.118900
0.085181 -0.227907 2.114200
0.398142 0.234761 1.993210
0.530458 0.020776 1.954600
0.503393 -0.173613 1.992500
0.506155 -0.232260 2.009510
0.179126 -0.124487 2.119690
0.155733 -0.502823 2.144560
0.115317 -0.808451 2.074930
0.117716 -0.870582 2.035180
0.330793 -0.121758 2.083610
0.354707 -0.503756 2.090910
0.393383 -0.807158 2.111260
0.369243 -0.845965 2.022050
0.265423 -0.051895 2.097030
0.266594 0.013083 2.088900
0.263823 0.329004 2.025000
0.228691 0.502293 1.961920
0.085323 0.245720 2.088790
0.005666 0.020727 2.140240
0.066411 -0.175484 2.136940
0.089464 -0.231242 2.129430
0.419044 0.223834 1.997860
0.540778 0.009609 1.957250
0.514102 -0.184224 2.001330
0.512998 -0.243972 2.016590
0.190433 -0.128274 2.128510
0.161626 -0.505912 2.150800
0.116774 -0.810513 2.078230
0.117642 -0.871268 2.036710
0.344030 -0.127491 2.090720
0.358254 -0.503051 2.093430
0.393970 -0.806823 2.110480
0.369894 -0.844916 2.017860
0.275630 -0.056002 2.103770
0.276866 0.008278 2.094270
0.277001 0.319471 2.027010
0.243752 0.494725 1.962940
0.101568 0.238401 2.091570
0.016018 0.017676 2.145930
0.077044 -0.178637 2.152490
0.092662 -0.234923 2.143850
0.432649 0.216743 2.001300
0.549831 0.000882 1.961530
0.524200 -0.192296 2.011140
0.527254 -0.253680 2.030490
0.200501 -0.131776 2.138330
0.166933 -0.509117 2.156600
0.117504 -0.812398 2.081540
0.085224 -0.858909 2.044260
0.354105 -0.132177 2.097300
0.365501 -0.502373 2.097850
0.394611 -0.806641 2.109890
0.371002 -0.844643 2.015640
0.286308 -0.061116 2.112590
0.287330 0.002562 2.101210
0.287973 0.310780 2.028960
0.256379 0.487553 1.963820
0.114161 0.232005 2.093970
0.026007 0.012309 2.153200
0.086309 -0.183898 2.169360
0.097023 -0.239959 2.157880
0.446746 0.208020 2.005930
0.562539 -0.008634 1.969890
0.530722 -0.198945 2.020340
0.533064 -0.260411 2.037320
0.210960 -0.136182 2.150810
0.170784 -0.511626 2.160960
0.118381 -0.814150 2.085750
0.076828 -0.855306 2.046650
0.364957 -0.138536 2.106670
0.372895 -0.502575 2.102600
0.395313 -0.806574 2.109510
0.373201 -0.845654 2.016240
0.295479 -0.066636 2.121950
0.296409 -0.003430 2.108670
0.297311 0.302786 2.031020
0.269289 0.478031 1.964410
0.124557 0.225339 2.096430
0.033259 0.006709 2.159930
0.092632 -0.188675 2.181900
0.098793 -0.246311 2.172090
0.456689 0.201133 2.009520
0.570638 -0.014359 1.975820
0.537019 -0.203360 2.029490
0.537339 -0.264855 2.042680
0.220025 -0.141213 2.163940
0.173465 -0.513616 2.164030
0.119284 -0.815079 2.089560
0.072969 -0.854044 2.048380
0.373551 -0.144951 2.116180
0.379579 -0.503688 2.107310
0.396059 -0.806567 2.109180
0.375715 -0.847434 2.018660
0.302911 -0.072180 2.131650
0.304017 -0.009585 2.116660
0.306533 0.293383 2.033770
0.280257 0.467773 1.965580
0.133230 0.218774 2.098850
0.038325 0.001877 2.165140
0.096944 -0.192460 2.190940
0.098030 -0.252099 2.184670
0.465276 0.193632 2.013230
0.578816 -0.020938 1.984380
0.542334 -0.208642 2.038250
0.546041 -0.269982 2.051660
0.226866 -0.145770 2.176050
0.175334 -0.515116 2.166170
0.120476 -0.815534 2.092890
0.075767 -0.854331 2.045320
0.380338 -0.151587 2.126910
0.385359 -0.505631 2.112010
0.397015 -0.806622 2.108890
0.377416 -0.848566 2.020090
0.310282 -0.080544 2.143930
0.311448 -0.018354 2.126700
0.314270 0.283074 2.036670
0.290138 0.454620 1.966790
0.141411 0.211141 2.101500
0.042017 -0.002649 2.169570
0.100854 -0.195596 2.198010
0.092880 -0.256607 2.200610
0.472844 0.184419 2.017510
0.585352 -0.026943 1.992970
0.546177 -0.213683 2.044650
0.552540 -0.274104 2.063870
0.232892 -0.151167 2.187670
0.176648 -0.516341 2.167740
0.123547 -0.816429 2.097070
0.111547 -0.869129 2.060680
0.387443 -0.162025 2.143210
0.389765 -0.507954 2.116300
0.398183 -0.806783 2.108710
0.379217 -0.850001 2.022150
0.316111 -0.089310 2.155110
0.317985 -0.028128 2.136480
0.326082 0.266597 2.040520
0.298737 0.440883 1.968890
0.149418 0.201859 2.104440
0.044568 -0.006971 2.173400
0.103795 -0.198489 2.203810
0.089158 -0.258941 2.221630
0.480045 0.173559 2.022160
0.593193 -0.034921 2.001780
0.548319 -0.219557 2.050280
0.556349 -0.278624 2.072750
0.238075 -0.158061 2.199800
0.177661 -0.517585 2.169030
0.127830 -0.818436 2.102610
0.175434 -0.863383 2.111160
0.391803 -0.171193 2.155990
0.392733 -0.509794 2.119450
0.399272 -0.806954 2.108570
0.380789 -0.851382 2.024200
0.321770 -0.100572 2.167140
0.324334 -0.040493 2.147110
0.335369 0.250292 2.044510
0.305815 0.425007 1.971330
0.156738 0.190836 2.107510
0.046183 -0.012515 2.177180
0.107101 -0.201955 2.208850
0.087470 -0.260560 2.234290
0.487844 0.157862 2.027990
0.602467 -0.048628 2.011720
0.557086 -0.233728 2.069360
0.563693 -0.290513 2.089140
0.243687 -0.168140 2.213420
0.178652 -0.519463 2.170400
0.133703 -0.821209 2.110140
0.218126 -0.861082 2.142630
0.395670 -0.182645 2.169560
0.395636 -0.513651 2.122100
0.400303 -0.807127 2.108440
0.382183 -0.852700 2.026120
0.326099 -0.111419 2.177530
0.329311 -0.052413 2.156430
0.343300 0.234051 2.048910
0.312306 0.405927 1.974710
0.163480 0.177129 2.111010
0.046955 -0.017721 2.179990
0.109880 -0.205134 2.212450
0.106530 -0.250312 2.225240
0.495246 0.141119 2.033630
0.609631 -0.074464 2.026350
0.560771 -0.257198 2.088460
0.562608 -0.313545 2.107570
0.247703 -0.177923 2.224580
0.179836 -0.522417 2.172110
0.139579 -0.824538 2.118650
0.234824 -0.860546 2.154790
0.398569 -0.193788 2.181700
0.397859 -0.519954 2.123710
0.403656 -0.822142 2.107820
0.387484 -0.885416 2.032560
0.329408 -0.124061 2.187610
0.333128 -0.065945 2.165570
0.349065 0.217993 2.053980
0.316050 0.390105 1.978470
0.169511 0.160046 2.115150
0.046265 -0.026259 2.182040
0.113022 -0.210315 2.215620
0.105236 -0.256808 2.228880
0.502606 0.121933 2.039380
0.613828 -0.089431 2.033820
0.564796 -0.271317 2.099190
0.560598 -0.327081 2.118520
0.250599 -0.192192 2.236430
0.180840 -0.529077 2.175030
0.142995 -0.826624 2.123930
0.243966 -0.860986 2.161870
0.400795 -0.205113 2.192400
0.399381 -0.529104 2.123480
0.406618 -0.837805 2.106710
0.391089 -0.908893 2.036340
0.331723 -0.136444 2.196470
0.335862 -0.079044 2.173680
0.353564 0.202414 2.059430
0.318100 0.371004 1.982780
0.173919 0.141120 2.120640
0.045284 -0.040057 2.183510
0.121483 -0.223961 2.215830
0.140030 -0.283648 2.228490
0.508613 0.102634 2.044190
0.616968 -0.111740 2.042240
0.569079 -0.292146 2.111580
0.554824 -0.346098 2.130500
0.252032 -0.205230 2.246320
0.180797 -0.536772 2.178080
0.144878 -0.827896 2.126980
0.242860 -0.862147 2.162120
0.402696 -0.217496 2.202260
0.400245 -0.540852 2.121400
0.408993 -0.853231 2.104400
0.393429 -0.926715 2.037970
0.333003 -0.152231 2.205730
0.337458 -0.095377 2.182090
0.356509 0.183999 2.065060
0.319337 0.355613 1.988270
0.177064 0.124511 2.125940
0.045588 -0.054062 2.183830
0.125246 -0.234435 2.218220
0.153593 -0.298655 2.232830
0.511627 0.088922 2.047860
0.618784 -0.123135 2.046340
0.571489 -0.302856 2.117330
0.554922 -0.345361 2.134270
0.252594 -0.219977 2.255680
0.179794 -0.543564 2.180450
0.144907 -0.841177 2.128610
0.173714 -0.910575 2.100390
0.403604 -0.231604 2.211790
0.401547 -0.553960 2.115240
0.410787 -0.866891 2.102390
0.394859 -0.939787 2.039390
0.332963 -0.170541 2.215180
0.337363 -0.113855 2.190690
0.356094 0.165336 2.071160
0.319580 0.339069 1.995380
0.178863 0.099133 2.135680
0.055768 -0.098432 2.192600
0.134000 -0.277183 2.234230
0.166761 -0.341549 2.251950
0.512064 0.073930 2.051920
0.619846 -0.131213 2.048870
0.573203 -0.310764 2.120670
0.556578 -0.342754 2.135970
0.252371 -0.238278 2.266830
0.173033 -0.560956 2.183000
0.142962 -0.862801 2.127680
0.123370 -0.950302 2.055870
0.403629 -0.249761 2.221000
0.401338 -0.569550 2.106350
0.412769 -0.880471 2.101810
0.396215 -0.950910 2.041060
0.332419 -0.189767 2.224390
0.336736 -0.133877 2.199580
0.355025 0.141599 2.079940
0.319230 0.312115 2.006710
0.180697 0.082256 2.143750
0.060718 -0.120080 2.197650
0.136081 -0.299037 2.250650
0.168617 -0.363146 2.273560
0.509940 0.052174 2.057960
0.619367 -0.144773 2.050980
0.574114 -0.323966 2.123410
0.554653 -0.380981 2.154830
0.252102 -0.253901 2.275900
0.160229 -0.584505 2.182890
0.141533 -0.884262 2.126000
0.105624 -0.966592 2.040090
0.402859 -0.269027 2.229610
0.399663 -0.584442 2.099210
0.414876 -0.894081 2.100920
0.397588 -0.960870 2.042800
0.332476 -0.206580 2.232210
0.336807 -0.151682 2.207310
0.355350 0.118811 2.088550
0.318751 0.290344 2.015140
0.181183 0.060474 2.156770
0.063044 -0.135284 2.203730
0.131289 -0.317141 2.263270
0.165678 -0.376925 2.284050
0.508108 0.039701 2.061870
0.620715 -0.152787 2.051060
0.575442 -0.331316 2.124160
0.555978 -0.396980 2.162330
0.252448 -0.270423 2.284870
0.154703 -0.594942 2.182980
0.140863 -0.899542 2.124900
0.095442 -0.977207 2.031090
0.402530 -0.284965 2.236610
0.398603 -0.595650 2.092920
0.416704 -0.904867 2.101310
0.398596 -0.968170 2.044820
0.333086 -0.223180 2.240690
0.337406 -0.168548 2.215520
0.356064 0.101282 2.096300
0.318736 0.275489 2.023210
0.181889 0.045290 2.167440
0.063753 -0.154333 2.217340
0.126846 -0.337126 2.273320
0.161271 -0.392008 2.291760
0.506224 0.029744 2.065810
0.622054 -0.159708 2.050410
0.577674 -0.338039 2.124140
0.570507 -0.377779 2.151380
0.253324 -0.286485 2.294050
0.151927 -0.601037 2.183540
0.140240 -0.909387 2.124380
0.089197 -0.986109 2.026070
0.402759 -0.300691 2.244330
0.397671 -0.604672 2.087240
0.418096 -0.913737 2.101670
0.399243 -0.973864 2.046930
0.334208 -0.237595 2.249730
0.338370 -0.183736 2.224710
0.356048 0.081611 2.107630
0.317431 0.258758 2.034850
0.181524 0.031738 2.180760
0.063106 -0.167591 2.230320
0.121581 -0.351143 2.286500
0.147186 -0.410244 2.309740
0.503530 0.020559 2.070890
0.623092 -0.164999 2.049770
0.580376 -0.343425 2.124230
0.579807 -0.369983 2.146720
0.255406 -0.301767 2.304220
0.148973 -0.607741 2.184360
0.139697 -0.919041 2.123800
0.086961 -0.993689 2.025140
0.403480 -0.314324 2.252950
0.397226 -0.610717 2.082900
0.419238 -0.920110 2.102380
0.399583 -0.977716 2.048590
0.336449 -0.250493 2.259670
0.340254 -0.197038 2.234800
0.356174 0.066706 2.119220
0.316454 0.244648 2.047130
0.180787 0.020199 2.196240
0.064565 -0.180329 2.250560
0.115202 -0.365898 2.299940
0.133287 -0.428680 2.323500
0.501119 0.012333 2.077330
0.624047 -0.169909 2.049470
0.583497 -0.348977 2.124390
0.589201 -0.365498 2.144090
0.258625 -0.314995 2.314100
0.147127 -0.611845 2.185040
0.139581 -0.925313 2.123610
0.088568 -0.999572 2.027940
0.405703 -0.327213 2.263160
0.397664 -0.615346 2.080170
0.419497 -0.925648 2.103800
0.399068 -0.980815 2.050510
0.340133 -0.267021 2.273980
0.343283 -0.213643 2.249180
0.356295 0.050300 2.134600
0.317058 0.228694 2.063590
0.180399 0.007923 2.216830
0.066478 -0.190821 2.268570
0.121372 -0.373938 2.330620
0.134392 -0.435492 2.342980
0.498848 -0.025593 2.101730
0.627358 -0.177541 2.051450
0.590865 -0.357231 2.134080
0.575223 -0.393504 2.167230
0.263158 -0.330604 2.327710
0.145350 -0.615759 2.185920
0.139889 -0.930809 2.123590
0.094352 -1.004400 2.034420
0.410399 -0.346953 2.278990
0.398328 -0.620027 2.077030
0.419458 -0.930692 2.105880
0.397591 -0.983237 2.052860
0.343449 -0.279667 2.285870
0.346265 -0.227156 2.262130
0.357188 0.031467 2.155930
0.319174 0.207878 2.086940
0.181587 -0.001916 2.237300
0.067898 -0.199357 2.285120
0.124502 -0.380883 2.346800
0.136053 -0.441626 2.356930
0.499126 -0.048065 2.117370
0.632188 -0.186171 2.056980
0.595374 -0.363598 2.141370
0.571218 -0.402615 2.174790
0.267278 -0.342643 2.340230
0.143931 -0.618794 2.186940
0.140447 -0.934947 2.123540
0.100903 -1.006920 2.040960
0.414319 -0.362328 2.290310
0.398856 -0.624062 2.073820
0.419542 -0.934672 2.107610
0.395659 -0.984660 2.054840
0.349844 -0.292946 2.298790
0.352898 -0.241522 2.276080
0.365158 0.012645 2.174670
0.326308 0.187895 2.112560
0.186876 -0.010267 2.260060
0.069588 -0.207395 2.302230
0.127379 -0.387751 2.356230
0.138439 -0.447825 2.365610
0.502702 -0.066351 2.135080
0.641284 -0.198081 2.069680
0.600969 -0.372862 2.150500
0.569731 -0.408930 2.180050
0.273753 -0.354814 2.353110
0.142637 -0.621473 2.188310
0.141298 -0.938262 2.123370
0.108239 -1.007900 2.047030
0.419534 -0.375408 2.300590
0.399135 -0.626779 2.071230
0.419788 -0.937407 2.108780
0.393904 -0.984992 2.056180
0.360835 -0.312794 2.314760
0.362358 -0.259871 2.292460
0.370351 -0.002237 2.195860
0.333126 0.170393 2.140510
0.200427 -0.045165 2.295890
0.071941 -0.213763 2.316250
0.122951 -0.396682 2.371030
0.135099 -0.455363 2.379500
0.507926 -0.081587 2.153590
0.654179 -0.218773 2.094610
0.607979 -0.391801 2.167780
0.568604 -0.413580 2.184170
0.288243 -0.377581 2.368790
0.140720 -0.624393 2.189160
0.142900 -0.941594 2.123350
0.117768 -1.007070 2.054440
0.428828 -0.391848 2.311460
0.399711 -0.630275 2.069000
0.421624 -0.933793 2.120750
0.393393 -0.982324 2.062130
0.369807 -0.329418 2.329130
0.370739 -0.276393 2.309260
0.374686 -0.015772 2.229890
0.341520 0.160067 2.172330
0.208782 -0.071481 2.323120
0.076297 -0.224331 2.336190
0.120722 -0.405387 2.379350
0.131720 -0.466504 2.389700
0.517152 -0.099021 2.177820
0.667452 -0.249694 2.126170
0.605803 -0.445776 2.214420
0.552854 -0.465641 2.226360
0.297782 -0.394249 2.380120
0.139014 -0.626782 2.189660
0.144522 -0.944365 2.123600
0.125250 -1.005820 2.059690
0.439454 -0.409261 2.323200
0.400370 -0.633796 2.067590
0.423382 -0.930692 2.130260
0.393555 -0.979581 2.067000
0.379403 -0.345702 2.343430
0.379776 -0.291836 2.325840
0.380650 -0.024710 2.257470
0.351578 0.144600 2.209230
0.215282 -0.093227 2.345810
0.086487 -0.256028 2.371060
0.115903 -0.443571 2.413210
0.125690 -0.500180 2.422840
0.528450 -0.116947 2.207060
0.673103 -0.260946 2.139100
0.617433 -0.457432 2.224570
0.553881 -0.475756 2.234370
0.307008 -0.410761 2.390420
0.137415 -0.628929 2.190160
0.146317 -0.946755 2.123920
0.131236 -1.004360 2.063040
0.450587 -0.425912 2.334460
0.401002 -0.636466 2.066600
0.424314 -0.927760 2.136810
0.393680 -0.976612 2.070540
0.390374 -0.364161 2.361040
0.391157 -0.309148 2.346410
0.395898 -0.033220 2.294160
0.359015 0.133930 2.235690
0.224244 -0.117817 2.374770
0.090768 -0.271667 2.388820
0.147111 -0.462154 2.424880
0.154607 -0.516532 2.434790
0.537674 -0.132697 2.231550
0.679891 -0.269847 2.152910
0.653781 -0.472899 2.211600
0.613509 -0.517658 2.242450
0.315325 -0.427127 2.401860
0.136388 -0.630353 2.190590
0.147684 -0.948455 2.124170
0.134876 -1.002670 2.065060
0.462609 -0.444872 2.348260
0.403865 -0.640245 2.066790
0.424348 -0.926337 2.141030
0.393046 -0.974679 2.072900
0.402380 -0.383198 2.378700
0.403087 -0.325803 2.366190
0.408375 -0.038642 2.323480
0.371067 0.118576 2.274860
0.231379 -0.134364 2.396080
0.097639 -0.285791 2.407040
0.164427 -0.477250 2.429100
0.186677 -0.538829 2.436040
0.548580 -0.149937 2.259160
0.689548 -0.287199 2.178280
0.670902 -0.494253 2.184660
0.683712 -0.538845 2.216410
0.326445 -0.449016 2.416130
0.135700 -0.631281 2.191000
0.153671 -0.946660 2.128070
0.138664 -0.997852 2.067620
0.475279 -0.463243 2.361760
0.407060 -0.643214 2.067710
0.424301 -0.925268 2.143740
0.392558 -0.972941 2.074310
0.411826 -0.397903 2.391480
0.413327 -0.342064 2.382090
0.419103 -0.068255 2.355150
0.382420 0.102594 2.309840
0.239839 -0.157908 2.422900
0.121213 -0.318459 2.436340
0.194644 -0.509125 2.323410
0.192404 -0.540517 2.267990
0.559070 -0.165110 2.280660
0.698084 -0.299032 2.195010
0.667896 -0.498485 2.218920
0.696887 -0.547881 2.252450
0.334946 -0.466798 2.427240
0.135243 -0.631905 2.191390
0.158486 -0.944111 2.131360
0.141070 -0.992549 2.069450
0.488915 -0.480213 2.373900
0.413270 -0.647368 2.070790
0.424010 -0.924675 2.145830
0.391869 -0.971758 2.075430
0.418190 -0.410329 2.403580
0.420124 -0.355261 2.396010
0.426621 -0.083247 2.373600
0.394063 0.088358 2.338120
0.246227 -0.171398 2.440940
0.130950 -0.332965 2.450180
0.211329 -0.526564 2.284080
0.200946 -0.551401 2.227550
0.569654 -0.179202 2.301720
0.708968 -0.311754 2.215800
0.702105 -0.513989 2.235680
0.714174 -0.568469 2.262330
0.339163 -0.479047 2.436040
0.136225 -0.633730 2.192580
0.163801 -0.943172 2.135600
0.143355 -0.989905 2.071290
0.496863 -0.493072 2.384590
0.422071 -0.650451 2.075230
0.423701 -0.923979 2.147650
0.391336 -0.970382 2.076470
0.423585 -0.419629 2.413820
0.426144 -0.365422 2.407750
0.436870 -0.097717 2.391490
0.401857 0.078681 2.357100
0.258588 -0.183633 2.461650
0.136338 -0.341209 2.459350
0.219122 -0.533556 2.256250
0.197768 -0.549749 2.186220
0.580927 -0.190683 2.322560
0.717978 -0.321932 2.232390
0.688692 -0.516549 2.271240
0.702634 -0.575915 2.291530
0.342639 -0.488481 2.444440
0.139007 -0.635380 2.194910
0.166841 -0.942482 2.137970
0.144622 -0.987818 2.072290
0.502364 -0.501674 2.392470
0.429906 -0.653627 2.080860
0.423704 -0.923697 2.149280
0.391187 -0.969511 2.077440
0.427712 -0.425252 2.422660
0.430881 -0.371513 2.417890
0.446017 -0.105607 2.407770
0.418923 0.073620 2.392440
0.268116 -0.188609 2.477720
0.141915 -0.346974 2.468190
0.222992 -0.536540 2.244520
0.190580 -0.543493 2.186020
0.590959 -0.195869 2.341350
0.724716 -0.329009 2.248850
0.673893 -0.515772 2.302880
0.667539 -0.578963 2.322010
0.345101 -0.494327 2.452000
0.145782 -0.636607 2.198250
0.169441 -0.941867 2.140540
0.145616 -0.985991 2.073310
0.506091 -0.507081 2.398560
0.435787 -0.655373 2.086500
0.425155 -0.923760 2.150890
0.392748 -0.968593 2.078370
0.433838 -0.427223 2.431020
0.437466 -0.373704 2.427360
0.455892 -0.107789 2.423470
0.428263 0.072250 2.411000
0.275805 -0.189985 2.491160
0.146711 -0.350890 2.477160
0.228580 -0.536216 2.241990
0.195064 -0.537347 2.186120
0.605681 -0.195214 2.364860
0.732889 -0.332222 2.266280
0.669987 -0.516413 2.314240
0.663967 -0.581571 2.329740
0.347881 -0.497484 2.457740
0.154399 -0.635195 2.201020
0.171117 -0.940737 2.142600
0.146248 -0.983416 2.074060
0.513557 -0.509102 2.405310
0.440353 -0.654998 2.094100
0.427195 -0.924334 2.151480
0.395683 -0.968070 2.078100
0.441214 -0.424323 2.439670
0.445767 -0.370398 2.438080
0.467385 -0.101610 2.443250
0.446144 0.084330 2.438610
0.286691 -0.182243 2.509270
0.150965 -0.351103 2.485610
0.243573 -0.529054 2.261360
0.208567 -0.530424 2.198010
0.617047 -0.192619 2.381130
0.739089 -0.334040 2.280760
0.664069 -0.515669 2.320400
0.658923 -0.582235 2.335350
0.351994 -0.496379 2.464290
0.164741 -0.631273 2.205310
0.171990 -0.939337 2.143740
0.145798 -0.979831 2.073820
0.520494 -0.507990 2.410750
0.443484 -0.653608 2.101290
0.429908 -0.925116 2.151690
0.398921 -0.967589 2.077580
0.448888 -0.415540 2.448430
0.453692 -0.363416 2.448120
0.476189 -0.099612 2.456260
0.463292 0.104297 2.469250
0.296377 -0.169323 2.526450
0.154904 -0.346206 2.494730
0.248006 -0.519420 2.279570
0.212628 -0.529392 2.201920
0.627411 -0.188000 2.394550
0.743551 -0.334837 2.293330
0.657065 -0.513713 2.322770
0.654521 -0.581525 2.338020
0.356933 -0.488910 2.471810
0.174743 -0.626040 2.210990
0.171942 -0.937227 2.143940
0.144187 -0.975351 2.072170
0.526637 -0.503144 2.415600
0.445778 -0.650956 2.108630
0.432840 -0.926084 2.151160
0.402308 -0.967304 2.076390
0.455863 -0.403654 2.456380
0.461263 -0.353684 2.458340
0.483401 -0.098138 2.468290
0.473714 0.114627 2.483240
0.305365 -0.153923 2.541590
0.158872 -0.335422 2.503920
0.243872 -0.506175 2.290810
0.215096 -0.528695 2.205070
0.638192 -0.181249 2.408270
0.747401 -0.333819 2.304640
0.650441 -0.509559 2.324370
0.649027 -0.577946 2.339830
0.362234 -0.477206 2.477870
0.182546 -0.619422 2.216540
0.170707 -0.933259 2.143220
0.141693 -0.969084 2.069490
0.532897 -0.493506 2.421190
0.447693 -0.645637 2.117560
0.435427 -0.926904 2.149510
0.405545 -0.966869 2.073900
0.460971 -0.394118 2.461960
0.467334 -0.345442 2.467190
0.489692 -0.096489 2.481970
0.483007 0.122199 2.497160
0.311094 -0.145345 2.549850
0.162014 -0.325146 2.510580
0.237170 -0.495908 2.421200
0.217970 -0.518870 2.331490
0.647490 -0.174026 2.420870
0.750822 -0.330816 2.314640
0.645234 -0.503587 2.324760
0.644952 -0.572523 2.340400
0.367329 -0.466400 2.480960
0.187558 -0.614542 2.220630
0.168938 -0.928975 2.142040
0.139478 -0.963088 2.066580
0.537846 -0.483377 2.426220
0.449165 -0.638891 2.125650
0.438521 -0.927271 2.145810
0.409897 -0.965639 2.068750
0.465570 -0.384850 2.466510
0.473044 -0.337574 2.475730
0.495165 -0.094887 2.494580
0.490083 0.126918 2.507060
0.315406 -0.139588 2.555390
0.164263 -0.316192 2.515120
0.232966 -0.487585 2.472920
0.216408 -0.510291 2.412920
0.654302 -0.169686 2.429540
0.753917 -0.328533 2.322010
0.641947 -0.498686 2.324820
0.641466 -0.567083 2.340100
0.372263 -0.456396 2.482670
0.190587 -0.610903 2.223430
0.166618 -0.923949 2.140290
0.137236 -0.956899 2.063410
0.541624 -0.474247 2.429730
0.450159 -0.632961 2.131850
0.440981 -0.927257 2.141680
0.413447 -0.964168 2.063350
0.468496 -0.379328 2.469240
0.477060 -0.332945 2.481800
0.500976 -0.093691 2.505930
0.498750 0.132730 2.521270
0.319500 -0.135088 2.560030
0.165920 -0.309989 2.517980
0.230857 -0.484270 2.496200
0.216244 -0.507130 2.439500
0.661467 -0.163763 2.439810
0.756085 -0.324638 2.328820
0.640773 -0.494111 2.324390
0.637633 -0.557127 2.338530
0.375537 -0.450120 2.483220
0.192447 -0.608321 2.225370
0.164613 -0.919756 2.138740
0.135676 -0.952025 2.060830
0.543943 -0.468335 2.431940
0.450744 -0.628797 2.135910
0.442841 -0.927044 2.137870
0.416317 -0.962722 2.058490
0.470420 -0.375862 2.471010
0.479966 -0.330170 2.486290
0.506838 -0.092837 2.516480
0.506261 0.135995 2.531990
0.322734 -0.132205 2.563620
0.167784 -0.305183 2.519930
0.227522 -0.483908 2.495190
0.215709 -0.504924 2.456220
0.666144 -0.160686 2.446490
0.772231 -0.310612 2.338630
0.647733 -0.473289 2.323380
0.646199 -0.530204 2.336450
0.377701 -0.445884 2.483170
0.193542 -0.606442 2.226700
0.163018 -0.916504 2.137510
0.134555 -0.948398 2.058910
0.545395 -0.464557 2.433310
0.450991 -0.625690 2.138480
0.444690 -0.926523 2.133640
0.419004 -0.961149 2.053530
0.471799 -0.373513 2.472210
0.482166 -0.328497 2.489710
0.510445 -0.092549 2.523700
0.512399 0.137923 2.542220
0.326275 -0.130663 2.567130
0.169402 -0.301817 2.521190
0.225267 -0.483346 2.494490
0.213866 -0.503407 2.460320
0.669557 -0.158778 2.451630
0.779669 -0.303967 2.343000
0.651482 -0.463269 2.323670
0.670224 -0.509366 2.335530
0.379545 -0.442711 2.482340
0.194045 -0.604916 2.227590
0.161788 -0.913909 2.136580
0.133732 -0.945632 2.057530
0.546410 -0.461892 2.434130
0.451095 -0.623470 2.140150
0.446245 -0.925976 2.130490
0.421076 -0.959869 2.050020
0.472864 -0.371864 2.473030
0.484140 -0.327727 2.492650
0.513105 -0.092508 2.528750
0.517132 0.138215 2.549720
0.330496 -0.130921 2.571090
0.170638 -0.299497 2.522080
0.224341 -0.483208 2.488320
0.212105 -0.502558 2.453770
0.672202 -0.157960 2.456060
0.783966 -0.300187 2.345410
0.634404 -0.449822 2.336290
0.601184 -0.494490 2.347550
0.380963 -0.440570 2.481410
0.194161 -0.603680 2.228240
0.160953 -0.911785 2.135660
0.133234 -0.943432 2.056310
0.547145 -0.459981 2.434570
0.451119 -0.621830 2.141210
0.447381 -0.925484 2.128190
0.422522 -0.958885 2.047560
0.473889 -0.370997 2.473480
0.486293 -0.328055 2.495690
0.521222 -0.077563 2.544210
0.520307 0.137803 2.554960
0.335180 -0.132965 2.574920
0.171646 -0.297961 2.522850
0.224979 -0.484256 2.477490
0.211295 -0.502494 2.443560
0.674219 -0.157974 2.460450
0.786165 -0.298281 2.347370
0.635956 -0.447791 2.338880
0.601172 -0.491009 2.346230
0.382413 -0.439542 2.480450
0.194023 -0.602722 2.228620
0.160297 -0.910005 2.134940
0.132908 -0.941680 2.055400
0.547713 -0.458656 2.434730
0.451111 -0.620580 2.141770
0.448193 -0.925043 2.126520
0.423573 -0.958115 2.045810
0.474810 -0.370837 2.473740
0.488324 -0.329119 2.498800
0.524853 -0.070848 2.551360
0.522593 0.136316 2.558860
0.339014 -0.136231 2.578140
0.172869 -0.296952 2.523880
0.225321 -0.484954 2.470790
0.210583 -0.502677 2.434330
0.675449 -0.158835 2.464370
0.787610 -0.297033 2.348640
0.639441 -0.447828 2.340360
0.597119 -0.492232 2.345300
0.383656 -0.439262 2.479710
0.193717 -0.602004 2.228830
0.159722 -0.908506 2.134320
0.132639 -0.940269 2.054670
0.548089 -0.457792 2.434620
0.451086 -0.619619 2.141890
0.448799 -0.924649 2.125350
0.424347 -0.957496 2.044610
0.475606 -0.371043 2.473980
0.490206 -0.330440 2.501990
0.526984 -0.067336 2.555490
0.524081 0.132268 2.561940
0.341817 -0.141114 2.580950
0.174080 -0.296515 2.525100
0.225878 -0.485535 2.467370
0.210496 -0.503085 2.428010
0.676320 -0.160078 2.467690
0.788414 -0.296383 2.349280
0.643704 -0.449157 2.341890
0.597044 -0.495833 2.345240
0.384598 -0.439333 2.479380
0.193502 -0.601455 2.228920
0.159177 -0.907197 2.133850
0.132382 -0.939098 2.054140
0.548327 -0.457293 2.434330
0.451179 -0.618869 2.141600
0.449230 -0.924246 2.124120
0.424892 -0.956959 2.043450
0.476504 -0.371934 2.474330
0.492120 -0.332228 2.505350
0.528440 -0.065237 2.558260
0.524995 0.127243 2.563970
0.343555 -0.146208 2.583270
0.175426 -0.296686 2.526700
0.226583 -0.486047 2.465220
0.210794 -0.503555 2.423450
0.676949 -0.161603 2.470650
0.788729 -0.296163 2.349450
0.647406 -0.450658 2.342980
0.599097 -0.499836 2.345400
0.385537 -0.440205 2.479310
0.193297 -0.601055 2.228920
0.158655 -0.906070 2.133470
0.132137 -0.938129 2.053730
0.548582 -0.457184 2.434000
0.451441 -0.618168 2.140970
0.449572 -0.923672 2.122380
0.425315 -0.956324 2.041910
0.477313 -0.372766 2.474820
0.493805 -0.333702 2.508550
0.529496 -0.063746 2.560260
0.525401 0.123290 2.565090
0.344420 -0.150324 2.585010
0.176778 -0.297231 2.528480
0.227231 -0.486488 2.463800
0.211143 -0.504002 2.420090
0.677327 -0.162946 2.473010
0.787239 -0.297769 2.349500
0.648780 -0.452463 2.344070
0.599272 -0.503405 2.346030
0.386373 -0.441210 2.479890
0.193112 -0.600762 2.228870
0.157901 -0.904802 2.132980
0.131715 -0.937073 2.053270
0.548790 -0.457252 2.433630
0.451957 -0.617339 2.139890
0.449788 -0.922883 2.120610
0.425586 -0.955533 2.040360
0.477962 -0.373661 2.475430
0.495109 -0.335018 2.511490
0.530137 -0.062882 2.561490
0.525267 0.119043 2.565370
0.344908 -0.153874 2.586310
0.177813 -0.297855 2.530090
0.228799 -0.486980 2.463380
0.198641 -0.518220 2.453960
0.677535 -0.164113 2.474850
0.785826 -0.299160 2.349350
0.649573 -0.453624 2.344810
0.599014 -0.504783 2.346370
0.386981 -0.442430 2.481020
0.192980 -0.600522 2.228760
0.157039 -0.903505 2.132480
0.131172 -0.935988 2.052830
0.548940 -0.457451 2.433290
0.452524 -0.616597 2.138770
0.450055 -0.922075 2.118930
0.425865 -0.954755 2.038900
0.478466 -0.374487 2.476030
0.496084 -0.336095 2.513920
0.530317 -0.062918 2.561860
0.524005 0.113908 2.564290
0.345044 -0.156708 2.587260
0.178631 -0.298541 2.531620
0.229978 -0.487482 2.463490
0.190740 -0.524303 2.470190
0.677605 -0.165053 2.476260
0.784771 -0.300041 2.349100
0.622435 -0.484299 2.347390
0.565414 -0.545225 2.350210
0.387384 -0.443644 2.482350
0.192859 -0.600352 2.228630
0.156142 -0.902158 2.131590
0.130560 -0.934837 2.052030
0.549045 -0.457726 2.432950
0.453196 -0.615528 2.137300
0.450600 -0.920863 2.117200
0.426374 -0.953616 2.037390
0.478869 -0.375201 2.476570
0.496817 -0.336932 2.515860
0.530040 -0.063588 2.561480
0.522618 0.110484 2.563170
0.344984 -0.158853 2.587930
0.179126 -0.299131 2.532950
0.231145 -0.487794 2.463890
0.187025 -0.525708 2.476990
0.677595 -0.165790 2.477290
0.784148 -0.300197 2.348450
0.625462 -0.473580 2.342800
0.574396 -0.524836 2.343180
0.387691 -0.444727 2.483630
0.192751 -0.600234 2.228480
0.155380 -0.900725 2.130110
0.130029 -0.933566 2.050690
0.549154 -0.457991 2.432670
0.453812 -0.614475 2.135990
0.451154 -0.919587 2.115570
0.426873 -0.952420 2.035960
0.479065 -0.375789 2.477100
0.497258 -0.337580 2.517480
0.529010 -0.065525 2.559970
0.520395 0.107281 2.561530
0.344718 -0.160519 2.588420
0.179309 -0.299696 2.534060
0.232333 -0.487959 2.464420
0.227575 -0.543225 2.468210
0.677478 -0.166391 2.478040
0.783398 -0.300025 2.347340
0.629350 -0.463953 2.339700
0.581290 -0.511979 2.340090
0.387580 -0.445758 2.485260
0.192445 -0.600280 2.228120
0.152981 -0.897876 2.124550
0.127890 -0.930886 2.045350
0.549147 -0.458253 2.432420
0.454391 -0.613436 2.134710
0.451774 -0.918249 2.113880
0.427414 -0.951160 2.034450
0.478905 -0.376607 2.477690
0.497333 -0.338276 2.518860
0.527346 -0.068014 2.557700
0.516830 0.104688 2.559550
0.344120 -0.161997 2.588750
0.179245 -0.300491 2.534910
0.233530 -0.488241 2.464890
0.253937 -0.553419 2.460080
0.677168 -0.166972 2.478510
0.782600 -0.298660 2.344750
0.633727 -0.454208 2.336430
0.587249 -0.501351 2.337540
0.387022 -0.446898 2.486770
0.192111 -0.600405 2.227740
0.151131 -0.895905 2.119970
0.126162 -0.929011 2.040910
0.548792 -0.458906 2.432210
0.454855 -0.612609 2.133530
0.452516 -0.916975 2.112020
0.428036 -0.949960 2.032780
0.478599 -0.377662 2.478140
0.497267 -0.339053 2.519890
0.524486 -0.071840 2.553780
0.508971 0.099749 2.550970
0.342860 -0.163873 2.588540
0.179106 -0.301282 2.535450
0.234472 -0.488533 2.465200
0.264486 -0.557775 2.456630
0.675869 -0.167949 2.478140
0.780920 -0.296095 2.339590
0.636771 -0.448086 2.333880
0.591242 -0.495436 2.336030
0.386467 -0.448188 2.487860
0.191677 -0.600688 2.227260
0.149072 -0.894239 2.114840
0.124065 -0.927399 2.035910
0.548408 -0.459693 2.432000
0.455240 -0.612036 2.132550
0.453723 -0.915832 2.109160
0.429002 -0.948883 2.030180
0.478085 -0.378967 2.478430
0.497033 -0.339919 2.520630
0.521209 -0.075640 2.549010
0.502213 0.096130 2.542930
0.341265 -0.165730 2.587840
0.177981 -0.303071 2.535170
0.235805 -0.489172 2.465600
0.271381 -0.560575 2.454740
0.672628 -0.169348 2.476220
0.778315 -0.292301 2.332450
0.639226 -0.443936 2.331940
0.594583 -0.491744 2.335160
0.385896 -0.449467 2.488690
0.191193 -0.601093 2.226740
0.147188 -0.892971 2.110040
0.121975 -0.926160 2.031230
0.547921 -0.460637 2.431790
0.455592 -0.611657 2.131680
0.455969 -0.914934 2.104090
0.430768 -0.948036 2.025510
0.477449 -0.380307 2.478560
0.496687 -0.340773 2.521090
0.517053 -0.079855 2.542640
0.495300 0.092915 2.534580
0.338682 -0.168001 2.586230
0.176118 -0.305842 2.533680
0.237029 -0.490355 2.466010
0.275839 -0.562711 2.453760
0.666766 -0.171221 2.471540
0.772233 -0.289378 2.322340
0.640399 -0.442119 2.330460
0.596875 -0.490464 2.334500
0.385263 -0.450769 2.489390
0.190736 -0.601565 2.226220
0.145549 -0.892090 2.106050
0.119985 -0.925303 2.027360
0.547414 -0.461606 2.431550
0.455900 -0.611443 2.130910
0.457937 -0.914452 2.099190
0.432147 -0.947594 2.021060
0.476228 -0.381860 2.478440
0.495700 -0.341792 2.521160
0.511083 -0.083760 2.534730
0.488926 0.092962 2.527550
0.334709 -0.170301 2.583890
0.174057 -0.309194 2.531120
0.238276 -0.492160 2.466420
0.278829 -0.564370 2.453050
0.659985 -0.173045 2.465710
0.762489 -0.289483 2.311870
0.616153 -0.474512 2.329500
0.568892 -0.535275 2.339390
0.384214 -0.452211 2.489930
0.190341 -0.601992 2.225800
0.144180 -0.891589 2.102690
0.118232 -0.924840 2.024130
0.546643 -0.462735 2.431290
0.456266 -0.611429 2.130100
0.459538 -0.914325 2.095230
0.433206 -0.947499 2.017470
0.474727 -0.383519 2.478030
0.494316 -0.342921 2.520800
0.506096 -0.086830 2.527040
0.481763 0.092966 2.518720
0.329214 -0.172762 2.579560
0.171593 -0.312255 2.527990
0.238747 -0.493976 2.466660
0.278884 -0.565711 2.452500
0.653307 -0.174789 2.459130
0.754262 -0.290782 2.303510
0.616201 -0.475488 2.321120
0.572813 -0.535846 2.329210
0.382971 -0.453692 2.490260
0.189976 -0.602415 2.225430
0.143079 -0.891378 2.099960
0.116818 -0.924677 2.021510
0.545742 -0.463979 2.431020
0.456625 -0.611552 2.129280
0.460734 -0.914376 2.091900
0.433996 -0.947596 2.014360
0.472641 -0.385500 2.477090
0.492050 -0.344320 2.519650
0.500406 -0.089575 2.517980
0.475025 0.091956 2.509430
0.322262 -0.176213 2.570680
0.169314 -0.315463 2.524470
0.239848 -0.495803 2.465510
0.279097 -0.566192 2.450510
0.646528 -0.176197 2.451420
0.748733 -0.291113 2.296490
0.618902 -0.473436 2.313170
0.579276 -0.532450 2.320590
0.381468 -0.455303 2.490310
0.189678 -0.602787 2.225140
0.142241 -0.891409 2.097940
0.115783 -0.924773 2.019570
0.544580 -0.465411 2.430660
0.457055 -0.611914 2.128310
0.461611 -0.914615 2.089170
0.434633 -0.947917 2.011710
0.470073 -0.387395 2.475510
0.489241 -0.345641 2.517570
0.495538 -0.091622 2.509310
0.469104 0.090316 2.501390
0.316374 -0.179106 2.563350
0.166640 -0.319501 2.519930
0.232688 -0.503643 2.461090
0.269328 -0.569984 2.446670
0.640427 -0.177433 2.443190
0.738964 -0.295161 2.287650
0.619436 -0.474831 2.308970
0.581985 -0.533966 2.316900
0.379591 -0.456978 2.490060
0.189302 -0.603249 2.224880
0.141604 -0.891693 2.096320
0.114911 -0.925147 2.018040
0.542986 -0.466959 2.429900
0.457429 -0.612614 2.126940
0.462267 -0.914909 2.087260
0.435052 -0.948288 2.009910
0.467348 -0.389076 2.473730
0.485963 -0.346626 2.514910
0.489163 -0.092842 2.499720
0.462723 0.090159 2.493360
0.310760 -0.181386 2.556720
0.163715 -0.322906 2.515130
0.267919 -0.492864 2.442990
0.309129 -0.548986 2.424580
0.634847 -0.178322 2.435460
0.731869 -0.298648 2.281530
0.619900 -0.476210 2.305520
0.584004 -0.535389 2.314010
0.377620 -0.458570 2.489690
0.188925 -0.603697 2.224690
0.141088 -0.892111 2.095010
0.114161 -0.925716 2.016820
0.541398 -0.468372 2.429150
0.457674 -0.613343 2.125640
0.462748 -0.915205 2.085800
0.435336 -0.948695 2.008520
0.464603 -0.390637 2.471690
0.482624 -0.347505 2.511690
0.484527 -0.093548 2.492470
0.454299 0.089884 2.481590
0.306073 -0.182838 2.550990
0.161642 -0.325458 2.511390
0.269215 -0.494032 2.437940
0.305340 -0.548968 2.417640
0.629872 -0.178948 2.427760
0.726776 -0.301578 2.276810
0.620528 -0.477768 2.301730
0.585889 -0.536854 2.310820
0.375596 -0.460172 2.489090
0.188609 -0.604084 2.224570
0.140704 -0.892695 2.093970
0.113520 -0.926489 2.015890
0.539716 -0.469765 2.428290
0.457724 -0.614175 2.124270
0.463092 -0.915485 2.084750
0.435499 -0.949095 2.007520
0.462206 -0.391900 2.469540
0.479638 -0.348110 2.508070
0.481175 -0.093907 2.486390
0.448655 0.089392 2.473250
0.302242 -0.184013 2.546180
0.159753 -0.327947 2.507770
0.274631 -0.493563 2.432120
0.311557 -0.546455 2.410130
0.625729 -0.179395 2.420900
0.723088 -0.303819 2.272990
0.621190 -0.479303 2.297750
0.587593 -0.538252 2.307400
0.373764 -0.461631 2.488320
0.188167 -0.604604 2.224450
0.140436 -0.893463 2.093110
0.112976 -0.927482 2.015160
0.538234 -0.470915 2.427380
0.457546 -0.615015 2.122940
0.463371 -0.915740 2.083980
0.435614 -0.949481 2.006800
0.459640 -0.393128 2.467000
0.476473 -0.348659 2.503860
0.478108 -0.094017 2.481190
0.443479 0.088624 2.466150
0.298561 -0.184623 2.541810
0.158311 -0.329911 2.505040
0.277783 -0.493278 2.428790
0.315005 -0.544961 2.406100
0.621274 -0.179437 2.414320
0.720503 -0.305251 2.270300
0.621969 -0.480687 2.293830
0.589351 -0.539612 2.303640
0.371842 -0.463154 2.487190
0.187662 -0.605206 2.224340
0.140309 -0.894559 2.092460
0.112535 -0.928849 2.014680
0.536489 -0.472058 2.426200
0.457105 -0.615994 2.121370
0.463600 -0.915987 2.083440
0.435683 -0.949876 2.006330
0.457335 -0.394190 2.464480
0.473709 -0.349008 2.499670
0.475687 -0.093546 2.476620
0.439607 0.088616 2.460560
0.295628 -0.184889 2.538180
0.157179 -0.331295 2.503000
0.279796 -0.493046 2.426760
0.317046 -0.543872 2.403620
0.617279 -0.179227 2.408430
0.718679 -0.306256 2.268300
0.622481 -0.481648 2.290940
0.590508 -0.540528 2.300940
0.370061 -0.464543 2.485880
0.187079 -0.605871 2.224180
0.140313 -0.895840 2.091990
0.112194 -0.930416 2.014420
0.534795 -0.473048 2.424980
0.456528 -0.616995 2.119830
0.463802 -0.916255 2.083080
0.435712 -0.950319 2.006070
0.455328 -0.395136 2.462050
0.471125 -0.349227 2.495300
0.472766 -0.093025 2.471320
0.435139 0.089087 2.454160
0.293095 -0.184976 2.535010
0.156151 -0.332463 2.501300
0.281130 -0.492816 2.425320
0.318333 -0.542957 2.402150
0.613678 -0.178961 2.403410
0.717242 -0.307028 2.266690
0.622974 -0.482605 2.288380
0.591590 -0.541514 2.298460
0.368578 -0.465776 2.484620
0.186381 -0.606575 2.223970
0.140405 -0.897116 2.091650
0.111954 -0.932027 2.014330
0.533262 -0.473905 2.423740
0.455879 -0.618010 2.118330
0.463973 -0.916561 2.082850
0.435692 -0.950867 2.005980
0.453273 -0.395980 2.459570
0.468310 -0.349340 2.490610
0.469306 -0.092593 2.465910
0.431129 0.089679 2.448900
0.290525 -0.184715 2.532060
0.155137 -0.333542 2.499780
0.281917 -0.492607 2.424310
0.319347 -0.542345 2.401210
0.609962 -0.178636 2.398830
0.715998 -0.307689 2.265150
0.623289 -0.483416 2.286450
0.592349 -0.542334 2.296730
0.367182 -0.466868 2.483380
0.185594 -0.607328 2.223610
0.140567 -0.898448 2.091490
0.111785 -0.933723 2.014450
0.531551 -0.474721 2.422290
0.455114 -0.619067 2.116670
0.464003 -0.916909 2.082790
0.435438 -0.951547 2.006130
0.451447 -0.396637 2.457130
0.465686 -0.349316 2.485910
0.465867 -0.092317 2.461000
0.427757 0.090323 2.444920
0.288134 -0.184356 2.529390
0.154085 -0.334651 2.498370
0.282531 -0.492447 2.423560
0.320113 -0.541836 2.400730
0.606382 -0.178278 2.394840
0.714920 -0.308285 2.263520
0.623623 -0.484288 2.284590
0.593101 -0.543256 2.295040
0.366042 -0.467786 2.482220
0.184792 -0.608067 2.223180
0.140514 -0.900062 2.091120
0.111661 -0.935372 2.014700
0.529849 -0.475357 2.420450
0.454195 -0.620260 2.114770
0.463950 -0.917357 2.082910
0.435045 -0.952376 2.006530
0.449865 -0.397160 2.454930
0.463327 -0.349230 2.481630
0.462726 -0.092040 2.456830
0.425054 0.091000 2.442010
0.286147 -0.183949 2.527170
0.153082 -0.335663 2.497120
0.282882 -0.492297 2.423030
0.320649 -0.541438 2.400540
0.603375 -0.177909 2.391750
0.714098 -0.308752 2.262030
0.623708 -0.484862 2.283180
0.593445 -0.543811 2.293870
0.365111 -0.468553 2.481210
0.184025 -0.608762 2.222710
0.140436 -0.901582 2.090810
0.111586 -0.936929 2.015050
0.528270 -0.475841 2.418600
0.453266 -0.621377 2.112970
0.463713 -0.917884 2.083080
0.434405 -0.953311 2.006990
0.447535 -0.398198 2.452380
0.460475 -0.349678 2.477330
0.460325 -0.091879 2.453700
0.422445 0.091479 2.439090
0.284572 -0.183637 2.525240
0.152109 -0.336640 2.496010
0.283008 -0.492156 2.422670
0.320985 -0.541115 2.400560
0.600878 -0.177723 2.389300
0.713463 -0.309100 2.260660
0.622631 -0.485839 2.282820
0.591683 -0.545240 2.294400
0.363493 -0.469745 2.479690
0.182654 -0.609958 2.221490
0.140279 -0.903529 2.090380
0.111725 -0.938866 2.015690
0.525424 -0.476895 2.416320
0.452248 -0.622712 2.110640
0.463335 -0.918469 2.083510
0.433617 -0.954245 2.007740
0.445164 -0.399062 2.450200
0.457576 -0.350048 2.473660
0.458024 -0.091745 2.451200
0.420102 0.091678 2.436810
0.282920 -0.183467 2.523300
0.151167 -0.337372 2.495090
0.282954 -0.492011 2.422440
0.321176 -0.540868 2.400730
0.598765 -0.177603 2.387310
0.712989 -0.309096 2.259150
0.621561 -0.486662 2.282740
0.589900 -0.546602 2.295340
0.361580 -0.470843 2.478190
0.181184 -0.611233 2.220030
0.140070 -0.905491 2.089930
0.111970 -0.940846 2.016410
0.522674 -0.477758 2.414410
0.451467 -0.624045 2.108770
0.462814 -0.919277 2.084080
0.432734 -0.955380 2.008560
0.443472 -0.399706 2.448530
0.455389 -0.350319 2.470740
0.456008 -0.091747 2.449050
0.418050 0.091831 2.434810
0.281410 -0.183476 2.521560
0.150313 -0.337888 2.494370
0.282722 -0.491851 2.422290
0.321222 -0.540670 2.400900
0.597161 -0.177475 2.385830
0.712555 -0.308874 2.257520
0.620627 -0.487302 2.282820
0.588460 -0.547674 2.296320
0.360205 -0.471780 2.476930
0.179954 -0.612298 2.218770
0.139878 -0.907220 2.089530
0.112263 -0.942600 2.017080
0.520818 -0.478344 2.412960
0.450851 -0.625064 2.107280
0.462333 -0.919990 2.084630
0.431979 -0.956361 2.009330
0.441974 -0.400230 2.447100
0.453427 -0.350564 2.468180
0.454408 -0.091835 2.447300
0.416121 0.091601 2.432670
0.279969 -0.183608 2.520030
0.149220 -0.338184 2.493720
0.282356 -0.491639 2.422200
0.321286 -0.540505 2.400980
0.595930 -0.177382 2.384730
0.712315 -0.307944 2.255770
0.618174 -0.491895 2.283720
0.580681 -0.564656 2.301290
0.358923 -0.472623 2.475800
0.178847 -0.613289 2.217530
0.139704 -0.908862 2.089190
0.112638 -0.944279 2.017810
0.519041 -0.478855 2.411610
0.450378 -0.626146 2.105930
0.461770 -0.920867 2.085380
0.431209 -0.957458 2.010240
0.440405 -0.400578 2.445830
0.451442 -0.350677 2.465850
0.453098 -0.091897 2.445820
0.414526 0.091550 2.431080
0.278513 -0.183693 2.518730
0.147687 -0.338205 2.493050
0.281810 -0.491311 2.422070
0.321214 -0.540246 2.401050
0.594990 -0.177291 2.383910
0.712967 -0.304609 2.253380
0.617943 -0.484830 2.279050
0.581803 -0.549405 2.292260
0.357164 -0.473474 2.474690
0.177714 -0.614381 2.216090
0.139492 -0.910576 2.088890
0.113051 -0.946046 2.018610
0.517197 -0.479162 2.410430
0.450056 -0.627079 2.104840
0.461142 -0.921768 2.086140
0.430439 -0.958523 2.011120
0.438974 -0.400854 2.444740
0.449627 -0.350770 2.463820
0.452012 -0.091958 2.444660
0.413047 0.091416 2.429690
0.277153 -0.183895 2.517640
0.145538 -0.337955 2.492300
0.281175 -0.490733 2.421620
0.321165 -0.539566 2.400630
0.594216 -0.177213 2.383280
0.714132 -0.300359 2.250850
0.600930 -0.488194 2.278990
0.554257 -0.555866 2.293390
0.355401 -0.474331 2.473660
0.176668 -0.615441 2.214610
0.139248 -0.912248 2.088650
0.113430 -0.947793 2.019390
0.515599 -0.479347 2.409420
0.449867 -0.627989 2.103930
0.460256 -0.922840 2.086920
0.429447 -0.959714 2.011970
0.437602 -0.400982 2.443820
0.447867 -0.350750 2.462040
0.450922 -0.092027 2.443680
0.411644 0.091289 2.428370
0.275476 -0.184271 2.516690
0.138942 -0.335334 2.490970
0.280429 -0.489668 2.420050
0.322230 -0.538020 2.397150
0.593517 -0.177119 2.382780
0.715041 -0.296719 2.248800
0.594994 -0.489021 2.278690
0.542816 -0.558152 2.293640
0.353633 -0.475071 2.472760
0.175749 -0.616407 2.213230
0.139008 -0.913820 2.088470
0.113789 -0.949468 2.020130
0.514218 -0.479372 2.408580
0.449779 -0.628806 2.103220
0.459282 -0.923944 2.087740
0.428421 -0.960895 2.012830
0.436503 -0.401010 2.443080
0.446427 -0.350666 2.460570
0.449896 -0.092078 2.442930
0.410324 0.091271 2.427220
0.273947 -0.184598 2.515990
0.131593 -0.331547 2.488750
0.255231 -0.499428 2.346670
0.293973 -0.557591 2.292070
0.592905 -0.177022 2.382400
0.716591 -0.291677 2.246660
0.594166 -0.461466 2.252470
0.546294 -0.522179 2.259390
0.352233 -0.475634 2.472040
0.175024 -0.617188 2.212110
0.138736 -0.915195 2.088370
0.114021 -0.950896 2.020780
0.513192 -0.479244 2.407850
0.449697 -0.629336 2.102640
0.458496 -0.924721 2.088400
0.427604 -0.961720 2.013510
0.435803 -0.400962 2.442520
0.445405 -0.350523 2.459380
0.449049 -0.092114 2.442370
0.409255 0.091302 2.426410
0.272749 -0.184859 2.515480
0.125782 -0.328054 2.486240
0.222274 -0.476422 2.334220
0.267007 -0.534986 2.289460
0.592306 -0.176869 2.382120
0.717733 -0.287154 2.245170
0.594652 -0.446211 2.237360
0.551642 -0.497423 2.234340
0.351475 -0.475994 2.471560
0.174560 -0.617687 2.211400
0.138517 -0.916214 2.088290
0.114182 -0.951907 2.021280
0.512666 -0.478801 2.407100
0.449612 -0.629648 2.102250
0.457802 -0.925253 2.089040
0.426894 -0.962286 2.014150
0.435297 -0.400894 2.442080
0.444631 -0.350371 2.458420
0.448345 -0.092119 2.441940
0.408425 0.091339 2.425810
0.271799 -0.185065 2.515100
0.119138 -0.322444 2.479210
0.211145 -0.457590 2.325420
0.255018 -0.517094 2.280140
0.591777 -0.176717 2.381920
0.718466 -0.284015 2.244200
0.591688 -0.426858 2.198740
0.550241 -0.478270 2.195940
0.350948 -0.476265 2.471200
0.174219 -0.618059 2.210880
0.138264 -0.917042 2.088230
0.114246 -0.952698 2.021680
0.512378 -0.478287 2.406430
0.449535 -0.629866 2.101940
0.457163 -0.925641 2.089700
0.426253 -0.962698 2.014810
0.434952 -0.400834 2.441680
0.444059 -0.350247 2.457580
0.447698 -0.092120 2.441620
0.407733 0.091409 2.425350
0.270987 -0.185231 2.514810
0.114409 -0.317472 2.470080
0.193646 -0.436011 2.303660
0.234157 -0.492797 2.259670
0.591288 -0.176575 2.381780
0.718830 -0.281454 2.243380
0.587167 -0.413771 2.174910
0.546411 -0.464037 2.169080
0.350686 -0.476625 2.470670
0.173864 -0.618335 2.210380
0.138026 -0.917694 2.088130
0.114319 -0.953331 2.021960
0.512321 -0.477760 2.405780
0.449455 -0.630027 2.101680
0.456113 -0.925946 2.090660
0.425225 -0.963013 2.015750
0.434705 -0.400783 2.441350
0.443627 -0.350142 2.456900
0.447218 -0.092084 2.441390
0.407097 0.091612 2.425120
0.270311 -0.185366 2.514510
0.111083 -0.312252 2.458300
0.185688 -0.422175 2.287780
0.221979 -0.474390 2.243110
0.590851 -0.176470 2.381670
0.716817 -0.280398 2.241580
0.577716 -0.407190 2.157430
0.537857 -0.454837 2.147660
0.350552 -0.476948 2.470190
0.173555 -0.618477 2.209920
0.137774 -0.918182 2.088060
0.114360 -0.953808 2.022180
0.512320 -0.477321 2.405260
0.449312 -0.630048 2.101380
0.455012 -0.925946 2.091730
0.424180 -0.963019 2.016770
0.434869 -0.400745 2.440870
0.443507 -0.350071 2.456220
0.446844 -0.092045 2.441240
0.406580 0.091806 2.424980
0.269519 -0.185578 2.514070
0.109375 -0.309130 2.447790
0.213939 -0.418051 2.233800
0.255918 -0.462570 2.171940
0.590452 -0.176470 2.381540
0.707546 -0.284213 2.236740
0.556139 -0.400585 2.134810
0.508745 -0.440272 2.110580
0.351847 -0.477853 2.468840
0.172824 -0.617094 2.208730
0.137437 -0.918259 2.088020
0.114416 -0.953958 2.022360
0.512985 -0.476788 2.404610
0.449161 -0.630022 2.101140
0.454001 -0.925841 2.092820
0.423263 -0.962922 2.017790
0.435170 -0.400777 2.440410
0.443485 -0.350055 2.455640
0.446517 -0.092010 2.441130
0.406164 0.091977 2.424900
0.267987 -0.186372 2.512720
0.110863 -0.311144 2.426410
0.186932 -0.399529 2.206550
0.227828 -0.425744 2.155000
0.590031 -0.176618 2.381370
0.693767 -0.292579 2.231590
0.536892 -0.395150 2.117170
0.481810 -0.426859 2.080920
0.353247 -0.478977 2.467540
0.171714 -0.608140 2.203410
0.136230 -0.916176 2.088380
0.114364 -0.951700 2.022820
0.513805 -0.476407 2.404070
0.449079 -0.630089 2.101010
0.453090 -0.925994 2.093810
0.422545 -0.963057 2.018640
0.432696 -0.391474 2.443070
0.441677 -0.345494 2.455830
0.445994 -0.091967 2.440980
0.405814 0.092129 2.424860
0.266619 -0.188651 2.508950
0.114990 -0.315340 2.412170
0.186819 -0.391470 2.173640
0.225157 -0.411484 2.134160
0.589059 -0.176939 2.381190
0.685398 -0.296744 2.228770
0.514521 -0.380467 2.101240
0.464657 -0.411340 2.063910
0.349007 -0.467394 2.473360
0.167953 -0.583073 2.201920
0.136502 -0.829110 2.114920
0.111463 -0.865948 2.043110
0.510201 -0.457485 2.411530
0.418369 -0.573808 2.102890
0.406492 -0.827909 2.050510
0.377804 -0.865364 1.974870
