0.339031 -0.108637 2.079180
0.333114 -0.061748 2.121880
0.323482 0.213212 2.130270
0.332405 0.436817 2.146690
0.186530 0.174085 2.109320
0.147382 -0.067131 2.077370
0.156518 -0.262224 2.015700
0.164685 -0.325770 2.004380
0.484844 0.162111 2.133480
0.533825 -0.077331 2.109020
0.540149 -0.277347 2.070090
0.542663 -0.352590 2.061650
0.277069 -0.174740 2.060210
0.246436 -0.531937 2.104390
0.239631 -0.800770 2.141520
0.222186 -0.859269 2.112670
0.407947 -0.174711 2.072940
0.423430 -0.556418 2.121360
0.429124 -0.808938 2.143840
0.435452 -0.871231 2.119060
0.339036 -0.108903 2.079140
0.333115 -0.061872 2.121870
0.323474 0.213909 2.130450
0.332262 0.437539 2.146800
0.186525 0.173916 2.109290
0.147438 -0.067348 2.077230
0.156600 -0.262335 2.015670
0.164776 -0.326093 2.004270
0.484784 0.161984 2.133440
0.533808 -0.077464 2.108930
0.540189 -0.277490 2.070050
0.542785 -0.352617 2.061660
0.277077 -0.175008 2.060170
0.246458 -0.531984 2.104330
0.239619 -0.800704 2.141620
0.222259 -0.859156 2.112620
0.407939 -0.174936 2.072920
0.423541 -0.556511 2.121410
0.429105 -0.808899 2.143780
0.435290 -0.871249 2.119010
0.339042 -0.109181 2.079100
0.333118 -0.061993 2.121860
0.323474 0.214730 2.130650
0.332144 0.438386 2.146960
0.186513 0.173750 2.109260
0.147496 -0.067563 2.077090
0.156669 -0.262409 2.015640
0.164861 -0.326361 2.004160
0.484713 0.161864 2.133400
0.533795 -0.077577 2.108870
0.540220 -0.277606 2.070020
0.542902 -0.352634 2.061660
0.277080 -0.175313 2.060120
0.246468 -0.532018 2.104250
0.239607 -0.800642 2.141710
0.222322 -0.859063 2.112580
0.407934 -0.175155 2.072890
0.423632 -0.556586 2.121440
0.429086 -0.808862 2.143730
0.435144 -0.871258 2.118960
0.339048 -0.109433 2.079070
0.333119 -0.062102 2.121850
0.323413 0.215633 2.130920
0.332056 0.439299 2.147190
0.186499 0.173590 2.109230
0.147536 -0.067758 2.076980
0.156717 -0.262430 2.015620
0.164934 -0.326565 2.004070
0.484644 0.161762 2.133360
0.533784 -0.077670 2.108810
0.540245 -0.277685 2.070010
0.543021 -0.352642 2.061670
0.277086 -0.175546 2.060080
0.246475 -0.532054 2.104160
0.239589 -0.800586 2.141800
0.222387 -0.858983 2.112550
0.407930 -0.175359 2.072870
0.423734 -0.556654 2.121480
0.429068 -0.808833 2.143690
0.434871 -0.871271 2.118870
0.339055 -0.109661 2.079030
0.333117 -0.062202 2.121840
0.323317 0.216433 2.131150
0.331983 0.440126 2.147460
0.186486 0.173441 2.109200
0.147573 -0.067936 2.076880
0.156780 -0.262497 2.015580
0.164994 -0.326728 2.003990
0.484614 0.161692 2.133360
0.533772 -0.077747 2.108760
0.540274 -0.277763 2.069990
0.543138 -0.352655 2.061690
0.277092 -0.175748 2.060040
0.246474 -0.532078 2.104060
0.239581 -0.800526 2.141850
0.222432 -0.858917 2.112530
0.407931 -0.175568 2.072850
0.423817 -0.556711 2.121500
0.429048 -0.808812 2.143640
0.434618 -0.871291 2.118760
0.339064 -0.109885 2.079000
0.333116 -0.062298 2.121830
0.323233 0.217164 2.131370
0.331954 0.440889 2.147740
0.186473 0.173305 2.109180
0.147609 -0.068099 2.076780
0.156803 -0.262499 2.015560
0.165046 -0.326868 2.003920
0.484587 0.161632 2.133360
0.533766 -0.077812 2.108720
0.540300 -0.277829 2.069990
0.543263 -0.352671 2.061730
0.277101 -0.175945 2.060000
0.246465 -0.532093 2.103940
0.239580 -0.800476 2.141890
0.222471 -0.858862 2.112510
0.407935 -0.175777 2.072840
0.423892 -0.556760 2.121530
0.429036 -0.808802 2.143620
0.434451 -0.871313 2.118680
0.339088 -0.110156 2.078970
0.333123 -0.062414 2.121820
0.323183 0.217789 2.131550
0.331949 0.441555 2.148000
0.186457 0.173169 2.109160
0.147650 -0.068265 2.076680
0.156883 -0.262745 2.015470
0.165090 -0.326985 2.003860
0.484560 0.161584 2.133370
0.533756 -0.077863 2.108690
0.540335 -0.277942 2.069980
0.543368 -0.352698 2.061760
0.277124 -0.176198 2.059960
0.246424 -0.532372 2.103860
0.239576 -0.800426 2.141920
0.222500 -0.858801 2.112490
0.407945 -0.176019 2.072830
0.423972 -0.556860 2.121550
0.429026 -0.808795 2.143600
0.434214 -0.871341 2.118570
0.339103 -0.110427 2.078950
0.333127 -0.062532 2.121820
0.323136 0.218339 2.131710
0.331945 0.442144 2.148250
0.186436 0.173040 2.109150
0.147678 -0.068415 2.076600
0.156897 -0.262759 2.015450
0.165128 -0.327083 2.003810
0.484533 0.161536 2.133380
0.533747 -0.077913 2.108670
0.540361 -0.278048 2.069980
0.543458 -0.352718 2.061780
0.277134 -0.176460 2.059930
0.246377 -0.532641 2.103780
0.239572 -0.800386 2.141950
0.222521 -0.858755 2.112470
0.407947 -0.176271 2.072830
0.424043 -0.556955 2.121560
0.429009 -0.808790 2.143590
0.434032 -0.871340 2.118460
0.339116 -0.110676 2.078920
0.333130 -0.062642 2.121820
0.323068 0.218872 2.131860
0.331964 0.442722 2.148530
0.186401 0.172913 2.109150
0.147704 -0.068562 2.076520
0.156909 -0.262807 2.015440
0.165158 -0.327160 2.003770
0.484508 0.161495 2.133400
0.533739 -0.077956 2.108640
0.540378 -0.278140 2.069970
0.543525 -0.352729 2.061780
0.277139 -0.176710 2.059890
0.246341 -0.532937 2.103710
0.239571 -0.800351 2.141980
0.222528 -0.858715 2.112460
0.407948 -0.176507 2.072820
0.424113 -0.557053 2.121570
0.428947 -0.808741 2.143550
0.433918 -0.871321 2.118410
0.339125 -0.110928 2.078900
0.333131 -0.062760 2.121820
0.323001 0.219323 2.132000
0.331956 0.443231 2.148830
0.186358 0.172787 2.109150
0.147725 -0.068701 2.076440
0.156907 -0.262822 2.015440
0.165181 -0.327223 2.003730
0.484484 0.161452 2.133420
0.533732 -0.078001 2.108620
0.540390 -0.278203 2.069970
0.543583 -0.352740 2.061780
0.277137 -0.176992 2.059870
0.246259 -0.533346 2.103640
0.239569 -0.800320 2.142000
0.222533 -0.858680 2.112450
0.407948 -0.176748 2.072810
0.424177 -0.557168 2.121590
0.428883 -0.808693 2.143510
0.433324 -0.871259 2.118330
0.339126 -0.111167 2.078890
0.333129 -0.062877 2.121820
0.322921 0.219840 2.132200
0.331940 0.443792 2.149170
0.186296 0.172649 2.109170
0.147716 -0.068840 2.076380
0.156866 -0.262764 2.015470
0.165200 -0.327276 2.003700
0.484452 0.161408 2.133450
0.533732 -0.078038 2.108610
0.540399 -0.278258 2.069970
0.543648 -0.352731 2.061790
0.277122 -0.177261 2.059840
0.246188 -0.533740 2.103580
0.239568 -0.800290 2.142020
0.222536 -0.858646 2.112450
0.407939 -0.176983 2.072810
0.424227 -0.557276 2.121610
0.428818 -0.808645 2.143480
0.432337 -0.871197 2.118290
0.339124 -0.111396 2.078880
0.333125 -0.062994 2.121830
0.322829 0.220392 2.132460
0.331875 0.444407 2.149600
0.186229 0.172509 2.109190
0.147698 -0.068975 2.076330
0.156800 -0.262644 2.015520
0.165217 -0.327323 2.003680
0.484414 0.161362 2.133480
0.533731 -0.078073 2.108600
0.540406 -0.278301 2.069970
0.543708 -0.352726 2.061780
0.277104 -0.177524 2.059820
0.246131 -0.534134 2.103530
0.239562 -0.800258 2.142040
0.222541 -0.858611 2.112440
0.407929 -0.177202 2.072800
0.424272 -0.557373 2.121630
0.428750 -0.808600 2.143450
0.431009 -0.871151 2.118330
0.339117 -0.111615 2.078870
0.333120 -0.063108 2.121840
0.322750 0.221104 2.132800
0.331789 0.445153 2.150060
0.186143 0.172350 2.109230
0.147655 -0.069125 2.076290
0.156727 -0.262485 2.015580
0.165225 -0.327350 2.003660
0.484364 0.161312 2.133520
0.533729 -0.078109 2.108590
0.540408 -0.278335 2.069980
0.543758 -0.352725 2.061780
0.277077 -0.177776 2.059800
0.246076 -0.534494 2.103500
0.239548 -0.800222 2.142070
0.222550 -0.858573 2.112430
0.407914 -0.177415 2.072800
0.424305 -0.557461 2.121650
0.428677 -0.808555 2.143420
0.429954 -0.871103 2.118360
0.339108 -0.111810 2.078870
0.333115 -0.063208 2.121850
0.322743 0.222051 2.133290
0.331690 0.446088 2.150560
0.186045 0.172194 2.109280
0.147609 -0.069267 2.076260
0.156652 -0.262314 2.015650
0.165231 -0.327371 2.003650
0.484308 0.161256 2.133580
0.533723 -0.078150 2.108600
0.540409 -0.278366 2.069980
0.543803 -0.352725 2.061780
0.277046 -0.178004 2.059790
0.246038 -0.534749 2.103470
0.239526 -0.800181 2.142110
0.222557 -0.858509 2.112390
0.407899 -0.177608 2.072800
0.424332 -0.557541 2.121670
0.428596 -0.808510 2.143410
0.429016 -0.871039 2.118350
0.339093 -0.111997 2.078870
0.333106 -0.063306 2.121870
0.322723 0.222968 2.133810
0.331597 0.446970 2.151020
0.185933 0.172038 2.109350
0.147528 -0.069412 2.076260
0.156576 -0.262128 2.015710
0.165235 -0.327388 2.003640
0.484237 0.161197 2.133650
0.533712 -0.078191 2.108610
0.540408 -0.278394 2.069980
0.543848 -0.352729 2.061790
0.277006 -0.178228 2.059780
0.246006 -0.535169 2.103480
0.239507 -0.800150 2.142150
0.222558 -0.858455 2.112360
0.407880 -0.177788 2.072800
0.424351 -0.557635 2.121690
0.428520 -0.808470 2.143400
0.428380 -0.870992 2.118340
0.339079 -0.112150 2.078880
0.333098 -0.063376 2.121900
0.322748 0.224254 2.134500
0.331532 0.448180 2.151540
0.185800 0.171879 2.109430
0.147425 -0.069560 2.076280
0.156501 -0.261937 2.015780
0.165238 -0.327404 2.003630
0.484147 0.161140 2.133740
0.533700 -0.078226 2.108620
0.540405 -0.278411 2.069990
0.543885 -0.352733 2.061790
0.276965 -0.178428 2.059770
0.245976 -0.535450 2.103490
0.239487 -0.800121 2.142190
0.222588 -0.858426 2.112350
0.407866 -0.177918 2.072810
0.424363 -0.557703 2.121710
0.428447 -0.808434 2.143400
0.427870 -0.870952 2.118320
0.339067 -0.112261 2.078910
0.333091 -0.063424 2.121950
0.322789 0.225740 2.135370
0.331436 0.449534 2.152060
0.185653 0.171735 2.109550
0.147319 -0.069688 2.076320
0.156430 -0.261753 2.015860
0.165240 -0.327416 2.003620
0.484051 0.161082 2.133860
0.533678 -0.078264 2.108640
0.540400 -0.278424 2.069990
0.543918 -0.352739 2.061790
0.276927 -0.178574 2.059780
0.245951 -0.535666 2.103500
0.239473 -0.800093 2.142210
0.222605 -0.858398 2.112340
0.407855 -0.178020 2.072830
0.424372 -0.557758 2.121720
0.428377 -0.808400 2.143390
0.427546 -0.870914 2.118280
0.339055 -0.112361 2.078960
0.333088 -0.063459 2.122040
0.322912 0.227243 2.136290
0.331283 0.450914 2.152580
0.185457 0.171580 2.109750
0.147222 -0.069812 2.076380
0.156357 -0.261555 2.015950
0.165240 -0.327426 2.003620
0.483938 0.161024 2.134020
0.533648 -0.078306 2.108690
0.540389 -0.278449 2.070010
0.543941 -0.352753 2.061800
0.276885 -0.178704 2.059810
0.245934 -0.535806 2.103510
0.239464 -0.800063 2.142210
0.222617 -0.858371 2.112330
0.407845 -0.178112 2.072870
0.424375 -0.557793 2.121740
0.428309 -0.808367 2.143400
0.427356 -0.870883 2.118250
0.339036 -0.112467 2.079080
0.333084 -0.063478 2.122230
0.323024 0.228832 2.137330
0.331077 0.452396 2.153180
0.185209 0.171426 2.110050
0.147096 -0.069940 2.076500
0.156232 -0.261192 2.016190
0.165209 -0.327411 2.003650
0.483778 0.160980 2.134230
0.533593 -0.078346 2.108820
0.540325 -0.278541 2.070060
0.543908 -0.352836 2.061880
0.276827 -0.178844 2.059910
0.245933 -0.535949 2.103580
0.239458 -0.800031 2.142220
0.222624 -0.858332 2.112300
0.407829 -0.178206 2.072980
0.424374 -0.557820 2.121760
0.428222 -0.808302 2.143380
0.427290 -0.870826 2.118220
0.338998 -0.112506 2.079500
0.333072 -0.063328 2.122830
0.323008 0.230883 2.138730
0.330812 0.454337 2.154050
0.184762 0.171347 2.110740
0.146882 -0.070024 2.076830
0.156067 -0.260634 2.016660
0.165144 -0.327359 2.003780
0.483540 0.160968 2.134590
0.533455 -0.078372 2.109180
0.540232 -0.278574 2.070180
0.543836 -0.352838 2.062050
0.276730 -0.178972 2.060250
0.245965 -0.536098 2.103720
0.239457 -0.799997 2.142220
0.222629 -0.858288 2.112280
0.407819 -0.178188 2.073470
0.424366 -0.557836 2.121790
0.428130 -0.808232 2.143360
0.427369 -0.870731 2.118150
0.338898 -0.112473 2.080680
0.333034 -0.062951 2.124180
0.322894 0.233106 2.140380
0.330287 0.456632 2.155450
0.184028 0.171499 2.112180
0.146644 -0.069974 2.077510
0.155831 -0.259860 2.017520
0.164949 -0.327171 2.004360
0.483146 0.161050 2.135240
0.533241 -0.078290 2.110000
0.539985 -0.278571 2.070540
0.543377 -0.352191 2.063200
0.276502 -0.179153 2.061450
0.246100 -0.536270 2.104210
0.239458 -0.799949 2.142230
0.222636 -0.858214 2.112240
0.407781 -0.177997 2.074870
0.424321 -0.557853 2.121850
0.428036 -0.808133 2.143320
0.427562 -0.870593 2.118060
0.338706 -0.112409 2.083450
0.332992 -0.062268 2.127010
0.322817 0.235997 2.142790
0.329723 0.459352 2.156990
0.183178 0.171959 2.114500
0.146406 -0.069699 2.078740
0.155565 -0.258984 2.018900
0.164613 -0.326839 2.005690
0.482576 0.161170 2.136220
0.532818 -0.078171 2.111380
0.539458 -0.278507 2.071480
0.542222 -0.349998 2.065740
0.276076 -0.179349 2.064400
0.246327 -0.536379 2.105210
0.239462 -0.799891 2.142220
0.222654 -0.858163 2.112220
0.407645 -0.177693 2.078300
0.424189 -0.557840 2.122110
0.427946 -0.808033 2.143270
0.427858 -0.870402 2.117860
0.338340 -0.111131 2.090220
0.332714 -0.059924 2.133690
0.322161 0.240671 2.147170
0.328976 0.463417 2.159350
0.182123 0.173223 2.118770
0.145663 -0.068548 2.082410
0.155221 -0.257569 2.021920
0.164043 -0.325778 2.009090
0.481765 0.161842 2.139070
0.532071 -0.077490 2.115060
0.537724 -0.275219 2.077190
0.539831 -0.347058 2.069760
0.275311 -0.178037 2.072660
0.246960 -0.536209 2.108040
0.239465 -0.799831 2.142280
0.222694 -0.858071 2.112190
0.407591 -0.176491 2.085100
0.423897 -0.557658 2.122850
0.427853 -0.807872 2.143190
0.428176 -0.870176 2.117690
0.337872 -0.108611 2.101290
0.332083 -0.056165 2.144010
0.321132 0.245763 2.152510
0.328450 0.468105 2.162880
0.181306 0.175252 2.124760
0.144989 -0.066621 2.087600
0.154886 -0.255151 2.027180
0.163357 -0.324167 2.014000
0.481445 0.163928 2.146200
0.530983 -0.075896 2.120810
0.535668 -0.271175 2.084360
0.537044 -0.343726 2.075080
0.274434 -0.175494 2.085280
0.247400 -0.535579 2.112440
0.239453 -0.799743 2.142410
0.222972 -0.858040 2.112400
0.407745 -0.174339 2.096950
0.423014 -0.555180 2.125660
0.427769 -0.807706 2.143100
0.428319 -0.870027 2.117590
0.337346 -0.106620 2.114670
0.331433 -0.051465 2.157900
0.318351 0.286059 2.177190
0.327683 0.473915 2.167790
0.180551 0.177659 2.132760
0.144399 -0.064258 2.094980
0.154518 -0.251275 2.035540
0.162881 -0.322020 2.020550
0.480987 0.165839 2.153810
0.529517 -0.073946 2.131620
0.533560 -0.269264 2.091970
0.533822 -0.340089 2.082500
0.273351 -0.174015 2.100630
0.247967 -0.535228 2.120560
0.239259 -0.799529 2.142970
0.223390 -0.857862 2.112640
0.407797 -0.172292 2.110680
0.421866 -0.551342 2.130040
0.427715 -0.807537 2.143050
0.428562 -0.869822 2.117490
0.336686 -0.105656 2.131070
0.330803 -0.047150 2.173650
0.316527 0.305336 2.190050
0.327146 0.478351 2.173040
0.179550 0.179400 2.145130
0.143841 -0.062556 2.105580
0.154299 -0.247875 2.044690
0.162540 -0.319565 2.028200
0.480554 0.167119 2.163000
0.528131 -0.072862 2.143600
0.530808 -0.268842 2.100580
0.530275 -0.337606 2.092080
0.272146 -0.174066 2.119670
0.248297 -0.535394 2.130740
0.238974 -0.799247 2.143950
0.223961 -0.857610 2.113070
0.407892 -0.171113 2.126420
0.420917 -0.548198 2.135550
0.427681 -0.807377 2.143040
0.429052 -0.869534 2.117420
0.336823 -0.105525 2.150370
0.331061 -0.043752 2.191840
0.315875 0.314230 2.198080
0.326848 0.482118 2.179980
0.178699 0.180041 2.162410
0.143553 -0.061683 2.117370
0.154395 -0.242645 2.057980
0.162755 -0.316760 2.038350
0.479842 0.167839 2.177230
0.526446 -0.072492 2.154780
0.527830 -0.269713 2.109530
0.526930 -0.336436 2.101080
0.271920 -0.174369 2.138700
0.248034 -0.535609 2.141570
0.238663 -0.798933 2.145290
0.224571 -0.857291 2.113660
0.408573 -0.171110 2.147640
0.420183 -0.545757 2.142430
0.427658 -0.807222 2.143070
0.431020 -0.848189 2.088150
0.336725 -0.105060 2.173540
0.330969 -0.041230 2.214370
0.314414 0.317433 2.211590
0.327221 0.484460 2.188720
0.177745 0.180906 2.185110
0.143750 -0.060517 2.132960
0.154484 -0.238837 2.071080
0.163064 -0.314396 2.050110
0.479899 0.168371 2.197450
0.523438 -0.072535 2.167080
0.524386 -0.271590 2.119840
0.523424 -0.336389 2.110930
0.271695 -0.173914 2.164050
0.247476 -0.536415 2.153150
0.238368 -0.798717 2.146690
0.225059 -0.857069 2.114380
0.409085 -0.171295 2.168330
0.419295 -0.544125 2.150590
0.427664 -0.807085 2.143160
0.431933 -0.839296 2.076140
0.336941 -0.105067 2.198910
0.331323 -0.040227 2.238590
0.313925 0.314371 2.228760
0.328233 0.485277 2.203130
0.176093 0.180715 2.210320
0.144859 -0.060218 2.151140
0.154672 -0.234953 2.088250
0.163407 -0.311244 2.065070
0.481061 0.166976 2.221640
0.519555 -0.074098 2.181300
0.519326 -0.277315 2.134920
0.518964 -0.338101 2.123350
0.271600 -0.174158 2.190300
0.246381 -0.536909 2.164940
0.238113 -0.798560 2.148120
0.225489 -0.856864 2.115140
0.409913 -0.172603 2.193890
0.417925 -0.543841 2.160100
0.427936 -0.806988 2.144140
0.436830 -0.848485 2.092800
0.336805 -0.109852 2.225610
0.331390 -0.044197 2.263970
0.312940 0.304896 2.248710
0.331258 0.480209 2.226560
0.174899 0.175547 2.235240
0.146505 -0.064754 2.172300
0.155272 -0.236135 2.104590
0.164163 -0.311311 2.078200
0.481796 0.160767 2.244040
0.515669 -0.081195 2.201880
0.514597 -0.282388 2.151930
0.514359 -0.342779 2.139490
0.270551 -0.179559 2.219330
0.245050 -0.536882 2.174900
0.237902 -0.798470 2.149550
0.233764 -0.841968 2.097790
0.411050 -0.178451 2.221070
0.416819 -0.544204 2.170760
0.428191 -0.806942 2.145160
0.439480 -0.854952 2.103990
0.335644 -0.121082 2.260920
0.330864 -0.055336 2.297320
0.312707 0.283979 2.277980
0.333065 0.471489 2.247700
0.173188 0.167423 2.260890
0.149674 -0.073014 2.196680
0.154471 -0.241010 2.123290
0.165455 -0.315190 2.095190
0.481798 0.149948 2.267350
0.512069 -0.091852 2.221390
0.510670 -0.287749 2.168620
0.510561 -0.345864 2.152620
0.268916 -0.190619 2.254890
0.243169 -0.538454 2.184850
0.237699 -0.798397 2.151050
0.237160 -0.835474 2.090590
0.410113 -0.191633 2.259200
0.415753 -0.545324 2.185300
0.428387 -0.806941 2.146160
0.438154 -0.850441 2.097770
0.334403 -0.129438 2.290200
0.329969 -0.063936 2.325180
0.311971 0.269847 2.302910
0.334854 0.460601 2.269440
0.171901 0.159092 2.291420
0.150705 -0.080847 2.224860
0.153384 -0.245552 2.141440
0.166231 -0.318615 2.111740
0.481158 0.136125 2.297330
0.510684 -0.106356 2.251980
0.508455 -0.291373 2.190870
0.507507 -0.349076 2.164280
0.266884 -0.198576 2.287190
0.241477 -0.540545 2.193470
0.237535 -0.798325 2.152530
0.239023 -0.831904 2.086830
0.409517 -0.200363 2.286140
0.415669 -0.547331 2.202510
0.428537 -0.806965 2.147450
0.436816 -0.847197 2.093550
0.334178 -0.147012 2.332950
0.330422 -0.081787 2.364230
0.311786 0.245737 2.334240
0.333552 0.436926 2.299480
0.169990 0.139353 2.327450
0.150459 -0.100549 2.260930
0.154827 -0.271229 2.168830
0.166833 -0.326003 2.131940
0.479780 0.118956 2.324970
0.512020 -0.124277 2.282880
0.507154 -0.297551 2.211440
0.505438 -0.352180 2.174020
0.266957 -0.217191 2.333120
0.238011 -0.540658 2.202750
0.237342 -0.798237 2.153680
0.240012 -0.829750 2.084510
0.409278 -0.217241 2.329300
0.414937 -0.548926 2.224380
0.428680 -0.806845 2.148850
0.435328 -0.844770 2.090730
0.332443 -0.164873 2.372250
0.328662 -0.099112 2.397170
0.311966 0.221534 2.361830
0.329682 0.410604 2.325660
0.168496 0.120434 2.356230
0.149472 -0.122027 2.295510
0.154161 -0.283339 2.190960
0.166406 -0.335720 2.149320
0.480702 0.094110 2.364250
0.519138 -0.147595 2.321080
0.507598 -0.306926 2.231510
0.503228 -0.359292 2.188220
0.264493 -0.235619 2.374860
0.229413 -0.540275 2.215860
0.236972 -0.798120 2.154590
0.240758 -0.828246 2.082890
0.407676 -0.236536 2.371560
0.414442 -0.547372 2.244650
0.429023 -0.806192 2.150770
0.434901 -0.842688 2.089170
0.328171 -0.191673 2.415680
0.325145 -0.126669 2.435990
0.310091 0.189020 2.392290
0.325018 0.373806 2.356570
0.165169 0.087439 2.391280
0.145213 -0.154470 2.331230
0.153999 -0.299182 2.208880
0.164669 -0.346957 2.169040
0.479414 0.066744 2.393770
0.527816 -0.172283 2.357800
0.510345 -0.314954 2.244180
0.503566 -0.366447 2.201570
0.258730 -0.261757 2.419980
0.219978 -0.539817 2.227000
0.236114 -0.797935 2.155480
0.239995 -0.827412 2.081950
0.404352 -0.263909 2.416460
0.419573 -0.550041 2.264880
0.429522 -0.804983 2.153010
0.434237 -0.840778 2.088300
0.322722 -0.220594 2.454620
0.319717 -0.157933 2.471110
0.306157 0.145221 2.425410
0.323613 0.331983 2.385920
0.160010 0.049030 2.424680
0.131709 -0.189905 2.373720
0.151799 -0.316905 2.232200
0.167440 -0.381069 2.211510
0.478989 0.029753 2.430180
0.542270 -0.195275 2.400690
0.521300 -0.327819 2.268920
0.503562 -0.393067 2.243360
0.251621 -0.294395 2.461870
0.193195 -0.523474 2.244640
0.229080 -0.793716 2.155430
0.233160 -0.823995 2.080690
0.399959 -0.292052 2.456810
0.438324 -0.554278 2.304370
0.434910 -0.805513 2.156560
0.437206 -0.840322 2.088100
0.318155 -0.260650 2.492130
0.315274 -0.200794 2.505740
0.303351 0.090034 2.462210
0.322277 0.278858 2.415220
0.155657 0.001266 2.457820
0.120486 -0.225437 2.413760
0.148433 -0.347199 2.268260
0.169262 -0.416421 2.245230
0.475011 -0.012255 2.465500
0.555206 -0.218488 2.437540
0.534125 -0.354710 2.295120
0.504020 -0.426745 2.281810
0.246420 -0.335506 2.498620
0.182762 -0.519244 2.251100
0.217696 -0.791213 2.151920
0.221138 -0.822797 2.076810
0.395775 -0.330263 2.494460
0.469088 -0.567244 2.329130
0.448519 -0.809392 2.156200
0.419792 -0.842887 2.113670
0.313461 -0.293146 2.515830
0.310162 -0.240158 2.529010
0.298869 0.030943 2.491090
0.321021 0.218566 2.445890
0.147137 -0.059520 2.490260
0.109011 -0.269054 2.451480
0.153975 -0.384574 2.295170
0.176649 -0.454163 2.272340
0.471109 -0.065955 2.498860
0.561271 -0.250347 2.483680
0.546059 -0.379886 2.336420
0.508310 -0.451617 2.319360
0.236883 -0.373614 2.524490
0.175146 -0.518635 2.255920
0.205436 -0.792061 2.145290
0.221162 -0.839871 2.124760
0.394385 -0.362346 2.517710
0.481541 -0.575841 2.340140
0.464106 -0.816592 2.151690
0.410781 -0.838600 2.129670
0.307561 -0.339740 2.542130
0.305414 -0.289625 2.553440
0.299629 -0.034763 2.521180
0.321280 0.150753 2.479750
0.145635 -0.123992 2.522060
0.112635 -0.323051 2.487710
0.174034 -0.433606 2.303370
0.197342 -0.484696 2.255730
0.473035 -0.136494 2.532900
0.555748 -0.300473 2.520620
0.558236 -0.423798 2.370910
0.524140 -0.476796 2.327850
0.225443 -0.419091 2.547530
0.161052 -0.542773 2.271110
0.193671 -0.807284 2.130540
0.202810 -0.854418 2.088830
0.392226 -0.410094 2.544110
0.495202 -0.598109 2.351690
0.480940 -0.828013 2.142410
0.410366 -0.830029 2.141920
0.298340 -0.398684 2.564260
0.297638 -0.352004 2.576340
0.298452 -0.113240 2.556990
0.319760 0.075889 2.518000
0.147085 -0.205042 2.555080
0.098853 -0.380208 2.528500
0.174148 -0.473745 2.345250
0.202801 -0.510166 2.300260
0.467453 -0.214182 2.566280
0.564282 -0.356947 2.564260
0.568071 -0.478287 2.415960
0.532134 -0.489462 2.344810
0.213788 -0.474748 2.562830
0.137898 -0.606042 2.295640
0.199151 -0.803774 2.142530
0.203623 -0.849784 2.088960
0.382614 -0.467721 2.565350
0.500460 -0.648297 2.366240
0.490606 -0.838870 2.124850
0.412379 -0.823118 2.145210
0.276668 -0.452913 2.582160
0.279763 -0.410723 2.597330
0.299234 -0.190639 2.592820
0.321804 0.000271 2.557820
0.154144 -0.286067 2.589420
0.098590 -0.449069 2.565950
0.191617 -0.517410 2.366380
0.211396 -0.523212 2.310710
0.460234 -0.291587 2.600500
0.560375 -0.428473 2.603450
0.553592 -0.520562 2.429070
0.535342 -0.528396 2.356160
0.189338 -0.520982 2.574110
0.192375 -0.718520 2.245610
0.216126 -0.855647 2.088280
0.218382 -0.883952 2.024460
0.353710 -0.521218 2.579960
0.466987 -0.704390 2.256430
0.423242 -0.828714 2.055910
0.441299 -0.813720 2.083030
0.266069 -0.497801 2.601500
0.270981 -0.461106 2.622290
0.300420 -0.250441 2.629560
0.315093 -0.054489 2.597660
0.161587 -0.358998 2.621540
0.088100 -0.512680 2.608870
0.197360 -0.539213 2.386770
0.235893 -0.549179 2.357240
0.449895 -0.358599 2.632530
0.550058 -0.491092 2.641510
0.540666 -0.549174 2.451300
0.522274 -0.563490 2.387930
0.175805 -0.561892 2.584260
0.206440 -0.764123 2.224860
0.225164 -0.877878 2.052810
0.226441 -0.897054 1.983970
0.342338 -0.554215 2.596280
0.459468 -0.714712 2.226790
0.413379 -0.789511 2.008370
0.465935 -0.800287 2.028340
0.286118 -0.550606 2.626090
0.287667 -0.512106 2.651580
0.301908 -0.279747 2.665080
0.308075 -0.079371 2.625890
0.165000 -0.382387 2.640980
0.109197 -0.551166 2.627150
0.208689 -0.590795 2.411350
0.257398 -0.603399 2.388260
0.440612 -0.386797 2.656590
0.560513 -0.565848 2.696860
0.562269 -0.651323 2.504630
0.559847 -0.679375 2.444320
0.202391 -0.613983 2.595730
0.229428 -0.771104 2.217710
0.179815 -0.786806 2.008780
0.217849 -0.823807 2.006510
0.363789 -0.604404 2.629230
0.455993 -0.658457 2.215200
0.411709 -0.735999 1.970470
0.457662 -0.762994 1.935520
0.294755 -0.565376 2.633540
0.294906 -0.523569 2.660350
0.301812 -0.279878 2.684320
0.301411 -0.080909 2.645410
0.160832 -0.387785 2.673450
0.118016 -0.559949 2.632310
0.214196 -0.613633 2.423220
0.266754 -0.626184 2.402290
0.439151 -0.390893 2.688320
0.481167 -0.551481 2.641960
0.510550 -0.692655 2.487100
0.517473 -0.730135 2.429410
0.208614 -0.633718 2.601940
0.201672 -0.673428 2.183940
0.170772 -0.759232 1.969680
0.220388 -0.766195 2.004390
0.374270 -0.622152 2.640310
0.471976 -0.556463 2.304800
0.441501 -0.630219 2.013810
0.463877 -0.674954 1.919510
0.301773 -0.532857 2.650490
0.300970 -0.493774 2.685120
0.299070 -0.257443 2.731390
0.298886 -0.067510 2.676980
0.151967 -0.351201 2.715350
0.126974 -0.550180 2.641140
0.217557 -0.625593 2.431400
0.272221 -0.637602 2.411510
0.432825 -0.375011 2.709180
0.455538 -0.572774 2.659170
0.463948 -0.672106 2.477960
0.471849 -0.703482 2.422650
0.218826 -0.590659 2.612110
0.201932 -0.614232 2.210720
0.162739 -0.694087 1.983980
0.190144 -0.707850 1.972170
0.385423 -0.600937 2.649050
0.442083 -0.545656 2.273200
0.436348 -0.577700 1.996710
0.450005 -0.616644 1.907480
0.303334 -0.508340 2.670610
0.302966 -0.472634 2.709410
0.300290 -0.236281 2.769990
0.297880 -0.040257 2.713650
0.147094 -0.333857 2.756390
0.123892 -0.510981 2.660770
0.204543 -0.578228 2.472950
0.257837 -0.592966 2.450120
0.434825 -0.332965 2.747000
0.471008 -0.500475 2.706910
0.464599 -0.631508 2.519800
0.472931 -0.669569 2.465270
0.222508 -0.569757 2.622570
0.200114 -0.560024 2.220500
0.161954 -0.651562 2.001660
0.173174 -0.665563 1.958830
0.384089 -0.570559 2.669100
0.431993 -0.523472 2.277270
0.437531 -0.551937 1.997430
0.446584 -0.589545 1.899670
0.269496 -0.486327 2.705190
0.274572 -0.447117 2.746320
0.295929 -0.195015 2.805780
0.300359 -0.000865 2.749410
0.143868 -0.293656 2.779960
0.108724 -0.472785 2.691260
0.179728 -0.527229 2.519830
0.230851 -0.544240 2.494220
0.434568 -0.302020 2.767120
0.474106 -0.476792 2.744470
0.476606 -0.580278 2.563550
0.481516 -0.616257 2.507760
0.188405 -0.543416 2.661140
0.191301 -0.484482 2.250330
0.160930 -0.591309 2.038290
0.159097 -0.598379 1.957940
0.339438 -0.554670 2.701200
0.415413 -0.490192 2.299280
0.434253 -0.520540 2.009960
0.437936 -0.560926 1.907790
0.283967 -0.450566 2.708750
0.285152 -0.413942 2.755100
0.291899 -0.164329 2.832620
0.303165 0.024640 2.775620
0.143481 -0.270446 2.791900
0.097934 -0.444978 2.705130
0.169941 -0.506460 2.538160
0.220314 -0.524597 2.511350
0.435818 -0.278848 2.784310
0.483455 -0.454394 2.764480
0.484108 -0.557196 2.584150
0.487445 -0.592937 2.528060
0.205837 -0.502466 2.658600
0.187592 -0.451504 2.255210
0.160019 -0.568284 2.045260
0.158008 -0.587633 1.958460
0.359203 -0.519927 2.699730
0.415534 -0.457129 2.323030
0.433802 -0.494920 2.041320
0.433598 -0.528963 1.958860
0.295121 -0.433602 2.708000
0.291870 -0.400257 2.758090
0.290452 -0.151094 2.846750
0.304032 0.045804 2.816600
0.142364 -0.258345 2.800240
0.093284 -0.432320 2.711210
0.148719 -0.458396 2.540660
0.197291 -0.476866 2.512510
0.435964 -0.268063 2.793850
0.440605 -0.428398 2.706370
0.456279 -0.525275 2.556040
0.459997 -0.558937 2.502950
0.220216 -0.482384 2.654790
0.185434 -0.429846 2.258150
0.159604 -0.550477 2.050230
0.154195 -0.566238 1.957770
0.380813 -0.498864 2.692430
0.420407 -0.447573 2.292960
0.434492 -0.483039 2.027950
0.432522 -0.516424 1.952170
0.299080 -0.425224 2.709040
0.294265 -0.393155 2.761140
0.288788 -0.142436 2.861610
0.305677 0.053613 2.839270
0.141914 -0.250732 2.806840
0.090430 -0.424469 2.714910
0.139405 -0.438311 2.542030
0.187233 -0.456995 2.513280
0.436293 -0.261234 2.803040
0.426183 -0.407010 2.697850
0.439415 -0.506685 2.539410
0.443727 -0.540095 2.488690
0.223743 -0.473077 2.656330
0.184479 -0.420180 2.258540
0.159115 -0.538879 2.053460
0.158115 -0.564830 1.964080
0.387147 -0.489522 2.689830
0.421894 -0.441958 2.281290
0.435058 -0.479273 2.015040
0.433090 -0.512843 1.943500
0.302140 -0.420477 2.709600
0.296796 -0.389572 2.762860
0.288502 -0.138603 2.872460
0.304426 0.050663 2.861690
0.141816 -0.246365 2.812120
0.088069 -0.421711 2.714230
0.134479 -0.427269 2.542030
0.181896 -0.446145 2.513000
0.436766 -0.258665 2.810670
0.446538 -0.435722 2.670990
0.453385 -0.541185 2.506530
0.457831 -0.581152 2.451870
0.226417 -0.467548 2.656870
0.184440 -0.413211 2.260340
0.159298 -0.530832 2.056220
0.162293 -0.565497 1.973170
0.390943 -0.484127 2.689270
0.423460 -0.443809 2.274010
0.435243 -0.480655 2.004110
0.433715 -0.515498 1.934660
0.304013 -0.418193 2.710210
0.299125 -0.389436 2.764200
0.288127 -0.145573 2.888530
0.298708 0.037035 2.887780
0.140378 -0.261799 2.836040
0.086093 -0.424805 2.710720
0.130973 -0.424226 2.538640
0.178080 -0.443091 2.509620
0.437167 -0.266517 2.821250
0.448125 -0.445037 2.658720
0.460798 -0.569165 2.486340
0.464829 -0.611907 2.430100
0.228336 -0.466102 2.656150
0.184481 -0.417528 2.256910
0.159829 -0.526702 2.057430
0.163120 -0.573608 1.978840
0.392974 -0.480682 2.689470
0.424350 -0.450676 2.271350
0.434859 -0.485330 1.998150
0.432293 -0.523902 1.930160
0.303963 -0.419785 2.711110
0.299671 -0.393905 2.765930
0.287853 -0.158510 2.901670
0.296067 0.024467 2.905630
0.145883 -0.269959 2.849480
0.091777 -0.442267 2.703150
0.151361 -0.461242 2.533130
0.198166 -0.479778 2.504400
0.437511 -0.277268 2.829360
0.479568 -0.457829 2.710530
0.484264 -0.584277 2.519950
0.487231 -0.627516 2.462470
0.228709 -0.467562 2.655970
0.185566 -0.425448 2.256300
0.161056 -0.526348 2.058810
0.164696 -0.583146 1.985920
0.390163 -0.481130 2.690490
0.425158 -0.468451 2.273640
0.434017 -0.498631 1.999080
0.415316 -0.563974 1.935590
0.298968 -0.432297 2.714000
0.296475 -0.409520 2.769570
0.293182 -0.182291 2.913290
0.292994 0.005642 2.922730
0.156483 -0.278617 2.857590
0.104377 -0.473574 2.700930
0.162666 -0.502211 2.529500
0.209463 -0.520607 2.501020
0.436825 -0.291475 2.839520
0.479712 -0.466809 2.711610
0.486527 -0.595663 2.526020
0.489243 -0.639102 2.468190
0.227145 -0.474193 2.656820
0.189810 -0.469366 2.249640
0.166351 -0.558379 2.055030
0.171038 -0.626548 1.987610
0.371499 -0.493613 2.696770
0.419208 -0.514010 2.284430
0.442050 -0.522636 2.032670
0.407169 -0.598830 1.983600
0.297417 -0.450996 2.716470
0.296086 -0.429404 2.772860
0.298349 -0.198500 2.919430
0.291769 -0.008268 2.933190
0.172747 -0.290301 2.858600
0.145495 -0.492380 2.686740
0.207388 -0.579369 2.494300
0.254348 -0.597712 2.466090
0.433266 -0.320331 2.843430
0.480539 -0.474339 2.717140
0.487181 -0.603910 2.530720
0.489760 -0.647351 2.472730
0.228892 -0.485567 2.655350
0.192738 -0.507711 2.242350
0.170066 -0.588018 2.050000
0.176937 -0.661730 1.984170
0.361146 -0.512492 2.706210
0.413229 -0.552445 2.297840
0.443350 -0.555288 2.061690
0.402241 -0.624732 2.006600
0.273180 -0.472639 2.713560
0.284070 -0.447858 2.772910
0.304401 -0.213321 2.924410
0.292899 -0.020142 2.939690
0.183749 -0.298091 2.857080
0.173299 -0.501564 2.676920
0.236507 -0.612278 2.476080
0.283623 -0.630638 2.447960
0.431817 -0.333750 2.845220
0.413197 -0.489735 2.684550
0.427649 -0.616928 2.505220
0.430118 -0.659267 2.447910
0.198964 -0.496702 2.648650
0.188681 -0.563849 2.236720
0.164622 -0.662270 2.048000
0.172059 -0.726141 1.986050
0.322513 -0.536318 2.703010
0.410066 -0.569923 2.300850
0.436594 -0.596446 2.079540
0.396588 -0.653523 2.017720
0.265010 -0.480142 2.712490
0.278572 -0.456198 2.772840
0.308474 -0.221580 2.926740
0.293959 -0.027969 2.943620
0.189714 -0.303048 2.855810
0.161956 -0.508920 2.680040
0.250935 -0.576996 2.508460
0.300323 -0.624249 2.460550
0.431251 -0.340075 2.847150
0.380792 -0.497210 2.669120
0.402395 -0.621814 2.494390
0.405002 -0.663649 2.437480
0.188252 -0.500944 2.646040
0.186853 -0.607495 2.237270
0.170884 -0.732335 2.058380
0.178405 -0.787882 1.998410
0.310280 -0.543665 2.701500
0.408776 -0.587805 2.301930
0.420170 -0.646601 2.091740
0.391519 -0.721158 2.036020
0.290852 -0.475312 2.720840
0.287867 -0.456979 2.776890
0.310872 -0.226235 2.928210
0.294788 -0.032618 2.946560
0.193454 -0.306075 2.854520
0.187076 -0.491116 2.678400
0.255692 -0.580685 2.507460
0.304584 -0.617410 2.467180
0.431466 -0.343934 2.849020
0.366745 -0.500280 2.662060
0.374650 -0.611246 2.455890
0.370669 -0.644652 2.380530
0.222121 -0.502658 2.647340
0.194108 -0.656036 2.255120
0.179640 -0.779602 2.071980
0.190657 -0.840757 2.017500
0.344806 -0.534698 2.715550
0.408717 -0.614230 2.314730
0.415025 -0.663726 2.099880
0.390057 -0.740978 2.045580
0.310080 -0.469639 2.723510
0.300300 -0.453627 2.778950
0.312560 -0.228158 2.928330
0.297025 -0.035307 2.947330
0.195685 -0.307904 2.853020
0.151698 -0.485222 2.684730
0.292276 -0.553921 2.521980
0.335630 -0.587786 2.484310
0.432339 -0.345609 2.850080
0.419726 -0.508480 2.659970
0.395415 -0.609511 2.432800
0.411152 -0.639477 2.349530
0.249847 -0.501178 2.646140
0.197593 -0.676399 2.262030
0.192246 -0.849785 2.132480
0.193069 -0.862851 2.075280
0.376705 -0.525284 2.720450
0.410376 -0.617831 2.317430
0.412415 -0.673426 2.104300
0.389143 -0.753164 2.056010
0.331761 -0.439979 2.720160
0.318978 -0.429280 2.775440
0.312259 -0.223933 2.925210
0.299776 -0.036060 2.946610
0.196030 -0.308947 2.851020
0.133242 -0.482249 2.687140
0.305298 -0.544932 2.526420
0.351300 -0.572742 2.491840
0.434654 -0.343964 2.850440
0.443014 -0.511903 2.657740
0.387761 -0.554363 2.459810
0.348199 -0.528245 2.428170
0.269438 -0.484266 2.644110
0.201411 -0.687241 2.271590
0.205123 -0.888528 2.188290
0.193231 -0.876441 2.120650
0.410009 -0.488204 2.710010
0.413395 -0.626967 2.319830
0.411275 -0.682828 2.107360
0.390398 -0.764525 2.060770
0.340631 -0.429103 2.718410
0.326943 -0.419663 2.773800
0.311808 -0.218075 2.921500
0.302581 -0.034162 2.944090
0.193618 -0.308982 2.847020
0.122989 -0.481851 2.688910
0.312719 -0.540327 2.529190
0.359407 -0.565152 2.496210
0.437728 -0.338537 2.850230
0.486954 -0.499240 2.678680
0.386372 -0.525214 2.478910
0.324164 -0.471892 2.473070
0.278298 -0.478443 2.642650
0.203901 -0.691525 2.277600
0.208989 -0.893102 2.210200
0.192713 -0.877706 2.145190
0.423962 -0.472778 2.705010
0.423964 -0.597533 2.342130
0.411633 -0.733310 2.161180
0.408836 -0.801304 2.110420
0.345319 -0.425423 2.717010
0.331143 -0.416016 2.772750
0.312196 -0.212445 2.917600
0.304717 -0.031873 2.941530
0.190232 -0.308199 2.841600
0.117446 -0.481415 2.689660
0.259667 -0.524026 2.536160
0.316611 -0.545482 2.506250
0.440530 -0.332467 2.849080
0.492091 -0.494080 2.675770
0.326208 -0.460492 2.526050
0.250361 -0.392386 2.537740
0.283278 -0.476745 2.641490
0.205099 -0.692199 2.279380
0.208863 -0.892848 2.211670
0.191155 -0.870182 2.152150
0.429969 -0.468496 2.702500
0.431148 -0.578428 2.351500
0.412605 -0.751224 2.179660
0.419233 -0.814527 2.130060
0.347233 -0.423762 2.715260
0.333780 -0.413523 2.772020
0.312078 -0.206718 2.914010
0.306665 -0.029058 2.938930
0.186813 -0.306087 2.837150
0.114026 -0.481070 2.690100
0.243020 -0.519343 2.538500
0.293581 -0.538157 2.510130
0.442710 -0.326912 2.847530
0.487584 -0.486323 2.672570
0.295518 -0.428490 2.550740
0.217886 -0.358026 2.566500
0.284955 -0.475933 2.640230
0.205517 -0.686677 2.279240
0.205992 -0.880779 2.198690
0.189174 -0.855814 2.141000
0.429823 -0.468814 2.699840
0.433973 -0.588090 2.329240
0.411272 -0.815825 2.130330
0.423721 -0.869170 2.074230
0.302060 -0.435898 2.702810
0.297902 -0.420272 2.760600
0.310680 -0.202143 2.909970
0.308628 -0.026048 2.937240
0.184099 -0.304390 2.833880
0.111711 -0.480825 2.690360
0.221715 -0.516652 2.537190
0.279173 -0.533938 2.511110
0.444237 -0.322577 2.846050
0.481364 -0.481451 2.669800
0.282805 -0.414027 2.561180
0.202494 -0.339804 2.580640
0.230849 -0.480056 2.636250
0.202145 -0.663163 2.266270
0.196045 -0.841905 2.150090
0.191951 -0.859946 2.104120
0.368406 -0.494951 2.682430
0.431480 -0.602166 2.301300
0.410955 -0.844361 2.103960
0.425078 -0.893049 2.042340
0.299507 -0.438723 2.701390
0.296503 -0.421556 2.759460
0.309806 -0.199320 2.907420
0.309908 -0.023647 2.935740
0.181914 -0.303100 2.831560
0.114081 -0.485925 2.685990
0.213231 -0.515390 2.531800
0.271208 -0.531493 2.508750
0.445024 -0.319607 2.843230
0.482278 -0.479824 2.669680
0.278491 -0.407831 2.569750
0.205744 -0.343841 2.587120
0.227693 -0.482281 2.635270
0.200497 -0.651491 2.261250
0.186172 -0.815265 2.121430
0.189458 -0.858923 2.065000
0.371325 -0.495775 2.683360
0.432245 -0.605495 2.296080
0.411645 -0.858767 2.088950
0.425978 -0.904642 2.024340
0.289878 -0.457284 2.672880
0.290562 -0.435750 2.737080
0.309134 -0.197476 2.905600
0.310530 -0.022023 2.934090
0.180093 -0.301988 2.829820
0.118459 -0.490401 2.681420
0.209144 -0.514386 2.528710
0.266591 -0.530121 2.505650
0.444889 -0.317734 2.839370
0.482967 -0.478984 2.670230
0.281677 -0.409727 2.575400
0.215066 -0.353754 2.588980
0.223969 -0.488939 2.624610
0.196556 -0.652946 2.250020
0.181271 -0.819673 2.110310
0.183455 -0.826527 2.059360
0.352902 -0.515034 2.648370
0.435990 -0.622330 2.260730
0.412112 -0.866536 2.078960
0.426394 -0.912362 2.015070
0.292849 -0.461275 2.682370
0.293494 -0.439388 2.742680
0.308963 -0.196539 2.904450
0.310050 -0.020890 2.931840
0.178770 -0.301171 2.828660
0.125265 -0.494142 2.676850
0.211986 -0.516175 2.520310
0.264789 -0.530381 2.500910
0.444620 -0.316637 2.836500
0.483337 -0.478443 2.670660
0.287659 -0.415852 2.577780
0.226375 -0.367364 2.585930
0.222446 -0.491601 2.622070
0.195159 -0.652082 2.247010
0.176995 -0.825507 2.111440
0.180162 -0.816714 2.057730
0.356409 -0.521719 2.673290
0.433615 -0.634788 2.280090
0.413032 -0.869981 2.071350
0.426399 -0.914620 2.006460
0.296273 -0.462498 2.691910
0.296411 -0.441095 2.749590
0.308613 -0.196103 2.903670
0.309286 -0.020191 2.929770
0.177638 -0.300487 2.828060
0.131514 -0.496162 2.674330
0.214534 -0.518120 2.514140
0.264057 -0.531477 2.496170
0.444397 -0.316110 2.834650
0.473378 -0.481295 2.670550
0.287576 -0.422828 2.576220
0.227878 -0.378572 2.579990
0.223143 -0.494068 2.622870
0.193954 -0.651752 2.246400
0.171642 -0.832029 2.121350
0.175925 -0.811229 2.060910
0.359752 -0.523433 2.688190
0.432731 -0.638610 2.291860
0.413914 -0.868888 2.065790
0.425882 -0.913334 2.000440
0.256139 -0.467312 2.692160
0.261634 -0.447039 2.751330
0.307313 -0.197056 2.903190
0.307879 -0.019718 2.926970
0.176770 -0.300044 2.827720
0.134946 -0.497173 2.673180
0.215206 -0.518993 2.511170
0.263999 -0.532897 2.492170
0.444206 -0.316050 2.833320
0.464535 -0.484778 2.667920
0.306479 -0.478589 2.532230
0.247021 -0.435079 2.531060
0.176155 -0.494719 2.625510
0.190253 -0.643315 2.256500
0.168660 -0.815187 2.120910
0.174222 -0.818780 2.058630
0.316168 -0.534587 2.678940
0.431673 -0.641065 2.292350
0.414595 -0.864690 2.062140
0.425117 -0.910550 1.996970
0.240183 -0.468380 2.692990
0.248564 -0.448851 2.752660
0.305853 -0.198593 2.903260
0.306695 -0.019498 2.924830
0.176107 -0.299727 2.827540
0.186528 -0.466139 2.673230
0.246482 -0.501806 2.504340
0.292811 -0.517973 2.481730
0.443975 -0.316605 2.832200
0.411020 -0.487263 2.652740
0.295725 -0.499329 2.508280
0.235918 -0.455919 2.504740
0.156141 -0.493964 2.628440
0.216639 -0.585265 2.316270
0.186577 -0.770041 2.117800
0.170268 -0.821373 2.081000
0.298620 -0.537327 2.675210
0.430012 -0.640857 2.292350
0.414963 -0.859222 2.060080
0.424167 -0.906622 1.995250
0.233437 -0.469109 2.693710
0.242712 -0.449851 2.753590
0.304517 -0.200292 2.903620
0.305689 -0.019369 2.923160
0.175577 -0.299498 2.827530
0.188292 -0.470170 2.668780
0.247516 -0.505305 2.498600
0.292660 -0.523181 2.473590
0.443690 -0.317313 2.831380
0.378799 -0.489631 2.641180
0.287969 -0.510712 2.493670
0.227976 -0.467024 2.489190
0.148061 -0.494026 2.630870
0.205156 -0.600332 2.304210
0.184644 -0.765362 2.118520
0.170142 -0.829620 2.078500
0.291575 -0.537963 2.674150
0.428366 -0.638650 2.292350
0.414993 -0.854208 2.059140
0.423075 -0.902689 1.994680
0.336120 -0.499450 2.752440
0.324051 -0.468895 2.806080
0.303594 -0.201873 2.904430
0.304868 -0.019221 2.922120
0.175133 -0.299312 2.827700
0.183872 -0.477024 2.665870
0.246659 -0.509447 2.494630
0.291330 -0.528153 2.468140
0.443415 -0.318074 2.830790
0.365508 -0.490460 2.637050
0.281822 -0.516932 2.485120
0.221360 -0.472866 2.480100
0.289494 -0.553940 2.704800
0.209457 -0.595803 2.324780
0.181241 -0.766841 2.120200
0.170358 -0.830525 2.072100
0.407363 -0.553794 2.742170
0.433838 -0.626430 2.329800
0.415102 -0.849639 2.058910
0.421483 -0.892255 1.992970
0.310667 -0.480659 2.702020
0.308544 -0.459913 2.767530
0.302659 -0.203303 2.905240
0.303410 -0.019398 2.920940
0.174805 -0.299177 2.827880
0.176340 -0.483847 2.665060
0.244106 -0.513897 2.492270
0.288862 -0.532858 2.464780
0.443154 -0.318876 2.830340
0.398275 -0.489705 2.648170
0.290177 -0.518688 2.484860
0.229543 -0.473702 2.480210
0.248496 -0.517525 2.640180
0.200472 -0.610713 2.305240
0.178294 -0.770602 2.122120
0.171647 -0.837431 2.071490
0.372649 -0.533044 2.676840
0.436195 -0.626955 2.293900
0.415226 -0.845857 2.059110
0.420874 -0.889681 1.994110
0.314369 -0.475777 2.685570
0.309569 -0.456688 2.751930
0.301945 -0.204518 2.906040
0.301583 -0.019531 2.919850
0.174570 -0.299125 2.828020
0.142836 -0.496988 2.674970
0.232115 -0.520864 2.504280
0.283798 -0.536696 2.468870
0.442930 -0.319544 2.830080
0.418665 -0.488356 2.655650
0.299677 -0.517172 2.488030
0.238967 -0.471104 2.484210
0.258475 -0.513954 2.625910
0.192243 -0.638468 2.256470
0.170273 -0.807530 2.112530
0.184034 -0.798858 2.085940
0.377462 -0.526517 2.658430
0.437575 -0.628240 2.269250
0.415468 -0.842109 2.059880
0.420550 -0.887534 1.996170
0.316904 -0.467926 2.689130
0.311426 -0.452708 2.751140
0.301408 -0.205469 2.906690
0.297666 -0.019931 2.918340
0.174394 -0.299090 2.828160
0.131204 -0.501305 2.678390
0.224173 -0.524397 2.512740
0.278560 -0.539572 2.474100
0.442717 -0.320073 2.829920
0.431064 -0.487182 2.660190
0.308348 -0.514101 2.492480
0.247500 -0.467117 2.489480
0.261662 -0.509689 2.626150
0.190351 -0.647909 2.249400
0.169634 -0.835917 2.138440
0.182231 -0.799084 2.090450
0.381199 -0.511296 2.670800
0.435238 -0.623407 2.277170
0.415737 -0.839179 2.060720
0.420404 -0.885390 1.997240
0.317728 -0.461869 2.694040
0.312118 -0.448478 2.752800
0.300967 -0.206266 2.907260
0.294674 -0.020218 2.917300
0.174262 -0.299079 2.828310
0.134810 -0.497025 2.678690
0.237487 -0.512279 2.518170
0.289861 -0.528981 2.480870
0.442562 -0.320519 2.829840
0.437600 -0.486485 2.662720
0.314733 -0.510991 2.496670
0.253703 -0.463361 2.494320
0.261956 -0.505664 2.627940
0.189073 -0.651705 2.244180
0.168895 -0.842131 2.142230
0.176791 -0.809985 2.085840
0.384786 -0.503833 2.683380
0.433189 -0.619442 2.288180
0.415980 -0.836764 2.061610
0.420360 -0.883651 1.998340
0.317353 -0.457250 2.699130
0.311583 -0.444417 2.755990
0.300480 -0.207056 2.907850
0.292238 -0.020459 2.916650
0.174168 -0.299069 2.828450
0.136258 -0.495179 2.678830
0.247117 -0.503730 2.521260
0.297981 -0.521423 2.485380
0.442800 -0.319985 2.831880
0.442310 -0.484936 2.665120
0.318885 -0.509494 2.498950
0.257684 -0.461508 2.496960
0.260320 -0.502233 2.631120
0.189028 -0.646693 2.253330
0.169735 -0.822634 2.139640
0.177007 -0.824187 2.078730
0.386160 -0.499626 2.691450
0.431810 -0.616968 2.296180
0.416149 -0.835395 2.062080
0.420399 -0.882689 1.999050
0.316543 -0.454489 2.702950
0.310700 -0.441609 2.758860
0.299831 -0.207831 2.908280
0.290361 -0.020690 2.915980
0.174077 -0.299126 2.828630
0.141891 -0.491636 2.678210
0.253693 -0.498309 2.523140
0.303530 -0.516580 2.488440
0.442788 -0.319895 2.832890
0.445021 -0.484559 2.666110
0.321431 -0.512589 2.496890
0.259998 -0.464264 2.495280
0.257750 -0.500196 2.634100
0.188500 -0.648059 2.253160
0.169573 -0.822928 2.140410
0.173899 -0.829162 2.074450
0.386642 -0.497533 2.696680
0.430967 -0.615607 2.301310
0.416164 -0.834241 2.062690
0.420328 -0.881917 1.999850
0.306993 -0.454585 2.679260
0.305784 -0.440940 2.748240
0.299289 -0.208466 2.908630
0.288628 -0.021577 2.913640
0.173924 -0.299195 2.829050
0.146229 -0.489911 2.676650
0.250970 -0.508541 2.516830
0.302558 -0.520744 2.487540
0.442770 -0.319887 2.833710
0.446886 -0.484400 2.666640
0.323033 -0.515675 2.494680
0.261414 -0.467183 2.493320
0.250505 -0.496195 2.623750
0.188102 -0.655536 2.246750
0.167979 -0.835710 2.135770
0.171545 -0.820503 2.077230
0.371512 -0.501891 2.655800
0.434829 -0.626042 2.272390
0.416135 -0.833269 2.063300
0.420153 -0.882777 2.003030
0.351855 -0.494990 2.740180
0.336678 -0.463836 2.793840
0.298718 -0.209055 2.908980
0.287443 -0.022261 2.911560
0.173698 -0.299334 2.829520
0.149256 -0.489038 2.675340
0.250150 -0.512483 2.514390
0.300770 -0.525546 2.486030
0.442684 -0.319952 2.834180
0.448157 -0.484496 2.666740
0.324499 -0.518129 2.493230
0.262742 -0.469571 2.492010
0.306267 -0.554948 2.701020
0.201972 -0.641905 2.299810
0.180122 -0.811945 2.168010
0.168596 -0.823129 2.088360
0.425980 -0.541618 2.725340
0.438898 -0.628175 2.314570
0.416083 -0.832522 2.063840
0.419830 -0.879918 2.002990
0.341969 -0.477009 2.733260
0.334607 -0.456228 2.794810
0.298278 -0.209568 2.909220
0.286601 -0.022652 2.909760
0.173465 -0.299458 2.829970
0.151691 -0.488514 2.674190
0.247894 -0.518062 2.510470
0.298931 -0.529714 2.484330
0.442604 -0.320042 2.834550
0.448866 -0.484684 2.666600
0.325523 -0.520031 2.492140
0.263663 -0.471466 2.491020
0.277747 -0.519044 2.672300
0.202073 -0.639052 2.302690
0.177239 -0.801199 2.154040
0.169611 -0.835841 2.080230
0.415451 -0.525436 2.714660
0.439116 -0.628681 2.319180
0.416064 -0.831878 2.064370
0.419765 -0.879392 2.003680
0.365440 -0.496078 2.764450
0.351744 -0.466990 2.818130
0.297871 -0.210010 2.909280
0.286128 -0.022833 2.908110
0.173239 -0.299594 2.830380
0.153754 -0.488625 2.672950
0.247195 -0.521076 2.507790
0.297476 -0.533820 2.481680
0.442527 -0.320129 2.834840
0.449716 -0.484720 2.666830
0.326787 -0.521378 2.491820
0.264860 -0.472815 2.490770
0.312463 -0.553716 2.717910
0.209075 -0.629305 2.330590
0.183349 -0.788903 2.173980
0.167761 -0.835789 2.090620
0.442466 -0.543488 2.750930
0.441231 -0.630169 2.343980
0.416045 -0.831365 2.064860
0.419641 -0.876779 2.003330
0.374373 -0.503862 2.776420
0.358252 -0.471198 2.827010
0.297546 -0.210436 2.909240
0.285889 -0.022941 2.906540
0.172813 -0.299850 2.830940
0.183611 -0.472875 2.675720
0.255052 -0.517214 2.507170
0.303465 -0.531738 2.481160
0.442450 -0.320207 2.835070
0.450565 -0.484856 2.667060
0.367689 -0.532505 2.494270
0.292171 -0.480667 2.492300
0.326620 -0.569043 2.737140
0.211517 -0.625385 2.341280
0.185914 -0.783323 2.182940
0.177392 -0.829909 2.105230
0.452375 -0.550905 2.764230
0.441938 -0.630218 2.352920
0.416001 -0.830782 2.065530
0.419441 -0.873993 2.003070
0.313207 -0.474774 2.723240
0.313258 -0.454744 2.784340
0.297288 -0.210842 2.909060
0.285581 -0.022865 2.905000
0.172370 -0.300132 2.831480
0.195498 -0.467405 2.675320
0.272218 -0.523568 2.501680
0.312039 -0.536271 2.477910
0.442336 -0.320277 2.835200
0.451224 -0.485084 2.667240
0.378151 -0.535476 2.494940
0.304722 -0.484271 2.493210
0.241108 -0.519090 2.661770
0.201373 -0.626972 2.310430
0.175822 -0.785711 2.154500
0.175798 -0.838852 2.091820
0.380934 -0.524671 2.703150
0.434515 -0.634755 2.322410
0.415969 -0.830625 2.065710
0.419328 -0.874212 2.003180
0.306013 -0.463772 2.713780
0.303525 -0.446881 2.771970
0.297243 -0.211337 2.908730
0.285190 -0.022733 2.903730
0.172021 -0.300446 2.831660
0.201700 -0.464836 2.674260
0.278066 -0.525734 2.499590
0.318400 -0.539729 2.475320
0.442230 -0.320345 2.835240
0.451598 -0.485257 2.667320
0.384100 -0.537207 2.495260
0.311514 -0.486216 2.493670
0.238715 -0.511906 2.653450
0.195126 -0.628865 2.290950
0.169276 -0.787782 2.139360
0.173533 -0.843848 2.082320
0.379312 -0.512725 2.700030
0.432368 -0.634946 2.315600
0.415927 -0.830454 2.065900
0.419211 -0.874241 2.003440
0.296955 -0.457416 2.703360
0.296378 -0.442936 2.763060
0.297398 -0.212022 2.908100
0.284177 -0.022611 2.901790
0.171575 -0.300878 2.831750
0.205562 -0.463109 2.673800
0.281885 -0.527080 2.498220
0.322786 -0.542014 2.473510
0.442075 -0.320417 2.835220
0.451783 -0.485361 2.667350
0.388303 -0.538458 2.495440
0.316064 -0.487543 2.493910
0.223187 -0.500710 2.632180
0.196662 -0.581872 2.308390
0.164597 -0.762716 2.113990
0.171189 -0.819948 2.058430
0.369430 -0.507266 2.689660
0.430745 -0.635528 2.308050
0.415797 -0.830427 2.066110
0.418932 -0.874826 2.003830
