0.214937 -0.031638 1.993360
0.240100 0.026938 2.037970
0.261298 0.382421 2.064230
0.222106 0.571798 2.054330
0.091719 0.272511 2.142560
0.048716 0.022504 2.159170
0.010602 -0.192470 2.107520
0.000685 -0.273878 2.093840
0.384379 0.265119 1.985990
0.446874 0.019772 1.923310
0.423859 -0.189476 1.842810
0.413792 -0.257145 1.820600
0.143624 -0.108632 2.007400
0.146715 -0.543008 2.035720
0.181946 -0.765110 2.038980
0.133567 -0.816661 2.015660
0.275210 -0.098859 1.950010
0.318711 -0.526642 1.913470
0.348660 -0.748515 1.922970
0.303714 -0.764519 1.864610
0.222091 -0.031792 1.991160
0.248045 0.027400 2.035720
0.266738 0.386997 2.063860
0.233215 0.571777 2.052410
0.102332 0.273438 2.142120
0.057778 0.023787 2.160000
0.023218 -0.188502 2.108190
0.011922 -0.269569 2.093430
0.391538 0.264437 1.981960
0.453582 0.019080 1.917930
0.430225 -0.188671 1.837340
0.417894 -0.257873 1.815820
0.150857 -0.108156 2.006360
0.149861 -0.542675 2.035370
0.182706 -0.765270 2.038710
0.134131 -0.816848 2.015490
0.281347 -0.099192 1.946800
0.321929 -0.528624 1.915000
0.352008 -0.751138 1.924870
0.300607 -0.764260 1.872920
0.228716 -0.031868 1.989450
0.255498 0.027989 2.033870
0.272392 0.390566 2.062910
0.244448 0.572171 2.049810
0.113351 0.274719 2.141340
0.068290 0.025434 2.160500
0.034558 -0.184927 2.107840
0.022297 -0.265491 2.091760
0.398258 0.263748 1.978210
0.460048 0.018465 1.912780
0.436857 -0.188281 1.832410
0.423579 -0.259592 1.811020
0.157946 -0.107638 2.005830
0.152701 -0.542301 2.035280
0.183652 -0.765374 2.038380
0.134965 -0.817048 2.015280
0.286669 -0.099413 1.944310
0.325741 -0.525763 1.916700
0.354986 -0.749034 1.926600
0.315861 -0.786376 1.897490
0.235240 -0.031830 1.988130
0.262905 0.028655 2.032300
0.278968 0.393055 2.061260
0.254801 0.573120 2.047250
0.122566 0.276122 2.141300
0.078777 0.027074 2.161090
0.046027 -0.184798 2.106510
0.032305 -0.264659 2.088780
0.405329 0.262889 1.974350
0.466935 0.017734 1.907690
0.442752 -0.188273 1.828390
0.428017 -0.261330 1.807510
0.164721 -0.107053 2.005690
0.155384 -0.541836 2.035460
0.184989 -0.765379 2.037830
0.135863 -0.817116 2.015120
0.291927 -0.099590 1.942340
0.328958 -0.525341 1.918260
0.357132 -0.749060 1.927890
0.325262 -0.797790 1.904950
0.241458 -0.031859 1.987090
0.269840 0.029187 2.030940
0.286247 0.394481 2.058670
0.262002 0.573540 2.045250
0.130882 0.277171 2.141040
0.089573 0.028240 2.161660
0.055607 -0.184598 2.105220
0.044295 -0.264071 2.084970
0.412631 0.261776 1.970430
0.473129 0.016682 1.903330
0.448065 -0.188574 1.824930
0.432145 -0.262980 1.804640
0.171044 -0.106578 2.005760
0.158325 -0.541326 2.036120
0.186415 -0.765384 2.037210
0.136415 -0.817138 2.015020
0.297130 -0.099865 1.940800
0.332020 -0.522818 1.919870
0.358896 -0.747375 1.928920
0.326253 -0.799997 1.908250
0.247263 -0.031902 1.986610
0.276152 0.029644 2.030080
0.293132 0.395200 2.056060
0.269047 0.573842 2.043060
0.138020 0.277915 2.140840
0.099961 0.028907 2.162260
0.067369 -0.186248 2.103290
0.059042 -0.262096 2.081130
0.419183 0.260960 1.966950
0.478909 0.015878 1.899690
0.452780 -0.188890 1.822030
0.436326 -0.264672 1.802100
0.177214 -0.106121 2.006390
0.161749 -0.540735 2.037360
0.187897 -0.765376 2.036530
0.136922 -0.817123 2.014950
0.302084 -0.100195 1.939960
0.334803 -0.521737 1.921450
0.360103 -0.746898 1.929730
0.322310 -0.795568 1.906450
0.252867 -0.031859 1.986640
0.282333 0.030106 2.029670
0.301066 0.395359 2.053190
0.276454 0.573826 2.040100
0.145289 0.279151 2.140940
0.109402 0.029976 2.162450
0.079693 -0.184017 2.102680
0.069967 -0.259823 2.078810
0.425430 0.259856 1.963650
0.484153 0.014738 1.896690
0.457158 -0.189262 1.819780
0.440969 -0.266405 1.799650
0.183103 -0.105557 2.007570
0.165549 -0.540034 2.038790
0.189336 -0.765296 2.036030
0.137711 -0.816970 2.015030
0.306885 -0.100563 1.939680
0.337868 -0.521462 1.923380
0.361624 -0.746818 1.930840
0.320015 -0.791002 1.905210
0.258579 -0.031680 1.987210
0.288280 0.030620 2.029680
0.307505 0.395156 2.050840
0.282073 0.573865 2.037850
0.151472 0.280159 2.141050
0.118210 0.030709 2.162430
0.089204 -0.182611 2.101580
0.081037 -0.255364 2.076600
0.431201 0.258802 1.960750
0.489027 0.013590 1.894210
0.461819 -0.189681 1.817970
0.445475 -0.267663 1.797720
0.189290 -0.104767 2.009440
0.170783 -0.539085 2.040550
0.190926 -0.765120 2.035670
0.138666 -0.816621 2.015300
0.312095 -0.101042 1.940020
0.341676 -0.521784 1.925660
0.363541 -0.747132 1.932400
0.316640 -0.770584 1.896890
0.264443 -0.031259 1.988010
0.294218 0.031275 2.029920
0.313428 0.394799 2.048810
0.287503 0.573662 2.035590
0.159045 0.281129 2.140520
0.125595 0.031469 2.162340
0.097002 -0.181606 2.100710
0.094030 -0.246953 2.075660
0.437693 0.258040 1.958150
0.493680 0.012601 1.892230
0.466507 -0.189965 1.816550
0.449417 -0.268536 1.796460
0.195287 -0.103746 2.011390
0.175471 -0.537987 2.042130
0.192262 -0.764808 2.035370
0.139228 -0.816321 2.015510
0.317798 -0.101387 1.940650
0.345404 -0.522245 1.927940
0.365287 -0.747535 1.933860
0.316098 -0.764268 1.893460
0.270568 -0.031057 1.989080
0.300233 0.031715 2.030440
0.319054 0.394314 2.047040
0.292834 0.573618 2.033520
0.166641 0.281587 2.139190
0.131512 0.031975 2.162250
0.104519 -0.181851 2.099810
0.100938 -0.243592 2.074770
0.443541 0.257498 1.956110
0.498251 0.011792 1.890600
0.470717 -0.190279 1.815690
0.453466 -0.269266 1.795620
0.201439 -0.103025 2.013500
0.180069 -0.537173 2.043870
0.193213 -0.764627 2.035140
0.139835 -0.815977 2.015850
0.324084 -0.101847 1.941710
0.349957 -0.522949 1.930880
0.367691 -0.748176 1.935850
0.316734 -0.761103 1.891480
0.276824 -0.030444 1.990380
0.306251 0.032453 2.031200
0.324392 0.393879 2.045490
0.298486 0.573629 2.031570
0.172878 0.282032 2.137950
0.137179 0.032457 2.162110
0.110141 -0.181845 2.099300
0.105452 -0.241526 2.074180
0.448996 0.257251 1.954640
0.502651 0.011244 1.889400
0.474357 -0.190626 1.815080
0.457404 -0.269891 1.794910
0.207734 -0.101943 2.015820
0.183821 -0.536168 2.045400
0.194071 -0.764271 2.034930
0.140743 -0.815641 2.016310
0.330353 -0.101956 1.942980
0.358497 -0.513763 1.936120
0.371839 -0.742012 1.938220
0.321266 -0.760526 1.891430
0.282716 -0.029863 1.991710
0.311850 0.033134 2.032060
0.329034 0.393495 2.044290
0.304365 0.573882 2.029510
0.177994 0.282531 2.136910
0.141876 0.032970 2.161820
0.114144 -0.182020 2.098970
0.108552 -0.240169 2.073790
0.453935 0.257022 1.953660
0.507076 0.010741 1.888670
0.478562 -0.190876 1.815080
0.461972 -0.270155 1.794440
0.213361 -0.101070 2.017800
0.186593 -0.535378 2.046560
0.194777 -0.763918 2.034770
0.143542 -0.816256 2.016770
0.336840 -0.101846 1.944560
0.363730 -0.507490 1.939400
0.375403 -0.737451 1.940370
0.330003 -0.764381 1.893820
0.288269 -0.029126 1.993120
0.317020 0.033913 2.033080
0.333305 0.393182 2.043320
0.310331 0.574559 2.027910
0.182415 0.283076 2.136010
0.145450 0.033523 2.161530
0.117001 -0.182137 2.098790
0.110826 -0.239196 2.073540
0.459649 0.257171 1.953390
0.511839 0.010553 1.888460
0.482405 -0.191105 1.815370
0.466171 -0.270348 1.794420
0.218543 -0.100089 2.019620
0.188702 -0.534562 2.047560
0.195398 -0.763412 2.034650
0.147421 -0.817227 2.017110
0.343042 -0.101588 1.946370
0.367370 -0.502495 1.941680
0.377898 -0.734179 1.941800
0.339945 -0.771848 1.898790
0.293272 -0.028410 1.994690
0.321611 0.034685 2.034300
0.336970 0.393004 2.042630
0.315157 0.575135 2.026620
0.185828 0.283499 2.135320
0.148293 0.033972 2.161260
0.119019 -0.182186 2.098710
0.112466 -0.238526 2.073410
0.464902 0.257451 1.953760
0.516598 0.010551 1.888940
0.486578 -0.191417 1.815980
0.470588 -0.270490 1.794710
0.223122 -0.099144 2.021370
0.190309 -0.533802 2.048370
0.196142 -0.762724 2.034690
0.152202 -0.818230 2.017180
0.348928 -0.101331 1.948670
0.370047 -0.498798 1.943360
0.379747 -0.731883 1.942860
0.355283 -0.787857 1.916150
0.298003 -0.027444 1.996650
0.325876 0.035652 2.035980
0.340556 0.392922 2.042280
0.319506 0.575436 2.025550
0.188732 0.284001 2.134800
0.150659 0.034492 2.161020
0.120463 -0.182221 2.098670
0.113554 -0.238150 2.073440
0.471169 0.258181 1.955550
0.521879 0.010972 1.890240
0.491632 -0.191338 1.817220
0.474950 -0.270119 1.795280
0.227264 -0.098043 2.023240
0.191621 -0.532906 2.049190
0.197909 -0.761354 2.035360
0.162352 -0.800800 1.986780
0.354418 -0.100830 1.951530
0.372258 -0.495743 1.944900
0.381020 -0.730303 1.943590
0.359159 -0.796861 1.943520
0.302826 -0.026034 1.999310
0.330119 0.037032 2.038340
0.343771 0.393016 2.042270
0.323338 0.575825 2.024790
0.191355 0.284768 2.134470
0.152632 0.035231 2.160790
0.121521 -0.182220 2.098670
0.114169 -0.238090 2.073640
0.477469 0.259423 1.958640
0.528191 0.012122 1.892960
0.496880 -0.190866 1.818820
0.480259 -0.269356 1.796620
0.231546 -0.096536 2.025600
0.192790 -0.531723 2.049980
0.202384 -0.758586 2.037800
0.184594 -0.809448 2.003300
0.360035 -0.099861 1.955380
0.374539 -0.492984 1.946670
0.382009 -0.729140 1.944210
0.361230 -0.800627 1.954250
0.307545 -0.024490 2.002480
0.334198 0.038570 2.041330
0.346978 0.393231 2.042680
0.327595 0.576753 2.024810
0.193493 0.285493 2.134270
0.154163 0.035931 2.160590
0.122252 -0.182160 2.098730
0.114434 -0.238314 2.073970
0.483985 0.260964 1.963360
0.534530 0.013545 1.897220
0.502034 -0.190221 1.820850
0.486784 -0.268058 1.798710
0.235564 -0.095044 2.028230
0.194188 -0.530324 2.051150
0.210716 -0.767739 2.044700
0.189297 -0.816358 2.006190
0.365670 -0.098691 1.960000
0.377168 -0.490314 1.948890
0.382905 -0.728277 1.945010
0.355177 -0.779610 1.912020
0.312308 -0.023101 2.006470
0.338223 0.040007 2.045200
0.350208 0.393387 2.043630
0.331230 0.577309 2.025130
0.195086 0.286058 2.134160
0.155282 0.036489 2.160460
0.122695 -0.182048 2.098830
0.114431 -0.238791 2.074340
0.490207 0.262311 1.969070
0.541377 0.014853 1.903800
0.507536 -0.189281 1.823930
0.492817 -0.266566 1.801100
0.239394 -0.093779 2.031220
0.196959 -0.528864 2.052730
0.219658 -0.775904 2.051950
0.192627 -0.822583 2.010700
0.371780 -0.097795 1.966160
0.380580 -0.487818 1.952450
0.383685 -0.727718 1.946060
0.352632 -0.768633 1.890070
0.317247 -0.021528 2.011800
0.342059 0.041603 2.050330
0.352999 0.393409 2.044990
0.334743 0.577727 2.026090
0.196345 0.286631 2.134230
0.156102 0.037034 2.160370
0.122890 -0.181878 2.098930
0.114238 -0.239392 2.074710
0.497249 0.263449 1.977790
0.548952 0.015827 1.914080
0.515359 -0.185965 1.829970
0.500008 -0.263127 1.805190
0.243178 -0.092606 2.035050
0.201515 -0.527381 2.055100
0.227156 -0.781360 2.057660
0.195286 -0.825726 2.013460
0.378602 -0.096715 1.974380
0.389257 -0.497406 1.963810
0.384665 -0.729465 1.947930
0.353290 -0.787080 1.909950
0.322449 -0.020076 2.018780
0.345779 0.043153 2.056910
0.355444 0.393234 2.046980
0.337772 0.577850 2.027480
0.197314 0.287140 2.134460
0.156644 0.037483 2.160320
0.122906 -0.181669 2.099010
0.113765 -0.241141 2.074920
0.503337 0.263829 1.987400
0.556614 0.016144 1.925980
0.523232 -0.181600 1.837600
0.506943 -0.258522 1.810160
0.247607 -0.091731 2.040920
0.209090 -0.526270 2.059540
0.236762 -0.785548 2.064660
0.198524 -0.828726 2.017720
0.385581 -0.095924 1.983910
0.395184 -0.500759 1.971940
0.385385 -0.729759 1.949300
0.353814 -0.780037 1.896730
0.328044 -0.018971 2.027650
0.349471 0.044444 2.065060
0.357733 0.392616 2.050310
0.340650 0.577572 2.029970
0.198022 0.287532 2.134870
0.156999 0.037791 2.160300
0.122822 -0.181419 2.099040
0.113319 -0.244564 2.074340
0.508501 0.263400 1.997990
0.563747 0.015674 1.939020
0.530605 -0.176385 1.848650
0.513645 -0.252625 1.816880
0.252503 -0.091371 2.048650
0.223144 -0.526049 2.067630
0.247222 -0.788538 2.072450
0.202945 -0.831691 2.023830
0.393367 -0.095624 1.995580
0.399775 -0.501913 1.978170
0.386180 -0.730066 1.951180
0.354949 -0.775961 1.890290
0.333882 -0.018839 2.039570
0.352848 0.045069 2.075380
0.359471 0.391319 2.055280
0.342911 0.576663 2.033210
0.198316 0.287700 2.135840
0.157173 0.037944 2.160320
0.122598 -0.181153 2.098970
0.113348 -0.247450 2.073510
0.512772 0.262462 2.010080
0.570712 0.015080 1.956190
0.536571 -0.171736 1.860640
0.519271 -0.246949 1.825150
0.257802 -0.092218 2.059410
0.237119 -0.527352 2.078940
0.256388 -0.792124 2.080020
0.280982 -0.841146 2.064460
0.402094 -0.096739 2.011730
0.403759 -0.501871 1.984260
0.386821 -0.730837 1.954320
0.355695 -0.774173 1.887460
0.339431 -0.019839 2.053080
0.355616 0.044844 2.086400
0.359909 0.389051 2.061840
0.344317 0.574420 2.038180
0.197746 0.287175 2.137990
0.156870 0.037617 2.160450
0.122279 -0.181102 2.098550
0.113831 -0.250847 2.071790
0.515385 0.261503 2.021650
0.575798 0.015025 1.969900
0.541151 -0.167334 1.873780
0.523982 -0.241477 1.837000
0.263441 -0.094420 2.072210
0.246713 -0.529513 2.088450
0.262686 -0.794640 2.085280
0.312952 -0.846007 2.079640
0.410393 -0.098568 2.029280
0.408016 -0.501074 1.991610
0.387987 -0.731489 1.959380
0.357052 -0.772506 1.886470
0.344884 -0.023677 2.070300
0.357857 0.042550 2.099400
0.358900 0.385010 2.069700
0.344158 0.570484 2.044550
0.195447 0.283830 2.142120
0.154438 0.034410 2.160400
0.121938 -0.181321 2.097780
0.115290 -0.254371 2.069530
0.516575 0.259684 2.033140
0.580338 0.015341 1.987200
0.543660 -0.165519 1.885780
0.526000 -0.238981 1.849730
0.270022 -0.100008 2.090610
0.255863 -0.534339 2.099370
0.266480 -0.796333 2.088600
0.329451 -0.848432 2.087330
0.417984 -0.103062 2.049820
0.411539 -0.501680 2.000140
0.389260 -0.732625 1.963410
0.359030 -0.771740 1.886480
0.349239 -0.030322 2.089250
0.359246 0.037965 2.112900
0.356942 0.379078 2.077640
0.341545 0.564100 2.053020
0.191181 0.277278 2.148040
0.150633 0.027780 2.160530
0.121686 -0.182303 2.096370
0.117803 -0.258551 2.066590
0.515843 0.256372 2.044290
0.582980 0.014472 2.001110
0.544846 -0.164851 1.893190
0.526490 -0.237932 1.857640
0.275508 -0.108138 2.111320
0.261353 -0.540545 2.108630
0.269433 -0.797897 2.091210
0.339932 -0.850129 2.092190
0.423691 -0.109809 2.071480
0.415193 -0.507440 2.009450
0.390922 -0.735276 1.966820
0.362204 -0.773241 1.887520
0.351802 -0.039152 2.108370
0.359342 0.030358 2.127250
0.352246 0.365833 2.088060
0.333448 0.550917 2.064050
0.184242 0.263479 2.155780
0.144805 0.012916 2.160370
0.122707 -0.198007 2.086500
0.126273 -0.278622 2.055380
0.514268 0.251467 2.054330
0.585247 0.011884 2.014740
0.544796 -0.165905 1.899760
0.524396 -0.239288 1.866200
0.278887 -0.118469 2.133380
0.264092 -0.548556 2.116390
0.272105 -0.797118 2.093580
0.345932 -0.851136 2.095190
0.427330 -0.118779 2.092310
0.417877 -0.510770 2.015650
0.392358 -0.737006 1.969490
0.365515 -0.774723 1.889310
0.353711 -0.048572 2.124650
0.359319 0.021284 2.139700
0.348559 0.350713 2.096380
0.326491 0.538752 2.071800
0.178135 0.248976 2.162840
0.140091 -0.003038 2.159140
0.124770 -0.211904 2.078150
0.133602 -0.292977 2.046560
0.512444 0.244660 2.063620
0.587395 0.008223 2.026060
0.543579 -0.169280 1.907630
0.520302 -0.242174 1.875050
0.281294 -0.129141 2.152380
0.264918 -0.558475 2.123470
0.273742 -0.797490 2.095230
0.348357 -0.852436 2.096130
0.430016 -0.128333 2.109520
0.423296 -0.519325 2.022750
0.394181 -0.742083 1.971890
0.369616 -0.780766 1.891740
0.355544 -0.061323 2.140610
0.359634 0.008511 2.151990
0.346580 0.334957 2.102960
0.318648 0.521244 2.077830
0.174499 0.231731 2.169560
0.137271 -0.021712 2.157640
0.134627 -0.241887 2.064590
0.142565 -0.312573 2.035500
0.510905 0.233204 2.072720
0.589001 0.003906 2.034470
0.540670 -0.174596 1.916080
0.511230 -0.249044 1.889630
0.283474 -0.143266 2.170680
0.264335 -0.572381 2.129670
0.275912 -0.800527 2.097760
0.337890 -0.858707 2.085940
0.432081 -0.139253 2.125030
0.426897 -0.523527 2.027240
0.399344 -0.746566 1.975360
0.377775 -0.786621 1.896480
0.357774 -0.074729 2.153690
0.360714 -0.005448 2.162030
0.345746 0.318350 2.107970
0.312532 0.507069 2.080960
0.172938 0.214881 2.175730
0.136595 -0.039328 2.156410
0.138366 -0.253363 2.059510
0.149650 -0.325371 2.028810
0.509607 0.220488 2.079990
0.590492 -0.000572 2.041060
0.536035 -0.183064 1.927110
0.503123 -0.255528 1.900610
0.285942 -0.156299 2.184410
0.263734 -0.584036 2.134250
0.278215 -0.806031 2.100330
0.319390 -0.862618 2.067810
0.434551 -0.151365 2.138750
0.436529 -0.537219 2.037780
0.408956 -0.758214 1.978750
0.384510 -0.794045 1.899460
0.360801 -0.092169 2.166210
0.362797 -0.024184 2.171870
0.345674 0.296263 2.113620
0.306091 0.480952 2.081550
0.173439 0.199696 2.181570
0.137852 -0.054687 2.155820
0.149674 -0.280743 2.051490
0.159606 -0.344976 2.020480
0.509021 0.204688 2.086530
0.592348 -0.007081 2.046230
0.529823 -0.195110 1.938340
0.493205 -0.265045 1.911520
0.289580 -0.173530 2.198020
0.264141 -0.593805 2.137650
0.280264 -0.813667 2.102420
0.299210 -0.862251 2.050440
0.437652 -0.166703 2.151270
0.443950 -0.547115 2.045980
0.426584 -0.771880 1.987100
0.396002 -0.809499 1.918240
0.365534 -0.113841 2.177630
0.366710 -0.047204 2.180730
0.347232 0.269936 2.119330
0.301820 0.453532 2.080800
0.177797 0.176058 2.190080
0.144167 -0.078471 2.156920
0.157917 -0.299060 2.047310
0.172849 -0.368229 2.012510
0.509011 0.184821 2.093090
0.594680 -0.017166 2.050230
0.524730 -0.205089 1.947500
0.484542 -0.273395 1.921360
0.295261 -0.194206 2.210240
0.265277 -0.603607 2.140980
0.282415 -0.823928 2.104690
0.273420 -0.843126 2.030560
0.442145 -0.185741 2.162670
0.452652 -0.552407 2.055410
0.439133 -0.798504 1.992540
0.411771 -0.840879 1.924060
0.370159 -0.135954 2.187020
0.370449 -0.070861 2.188090
0.348090 0.240307 2.125560
0.300395 0.427307 2.079830
0.180924 0.149302 2.198060
0.151693 -0.106268 2.159550
0.165239 -0.311911 2.045480
0.181988 -0.382629 2.008800
0.508951 0.161605 2.099920
0.597035 -0.037970 2.053780
0.514661 -0.226838 1.960370
0.471780 -0.291216 1.932410
0.300775 -0.216076 2.220500
0.267069 -0.611723 2.143220
0.286755 -0.833589 2.105890
0.251530 -0.825857 2.028950
0.447788 -0.208203 2.172980
0.466004 -0.575522 2.074320
0.448798 -0.822703 1.993710
0.423815 -0.867681 1.924520
0.377453 -0.161516 2.196800
0.376646 -0.097153 2.195890
0.350797 0.212102 2.132540
0.300331 0.398416 2.081360
0.184454 0.127163 2.204580
0.157851 -0.127782 2.162670
0.171904 -0.321706 2.045580
0.190015 -0.392908 2.007500
0.509310 0.136443 2.105880
0.597800 -0.066283 2.056730
0.502879 -0.252985 1.970230
0.456747 -0.314925 1.941730
0.308574 -0.239455 2.230570
0.268389 -0.617051 2.144300
0.292040 -0.851595 2.106320
0.252976 -0.873314 2.023420
0.455970 -0.232981 2.182990
0.472216 -0.582066 2.081320
0.453161 -0.844321 1.992820
0.429516 -0.890280 1.922880
0.385902 -0.185689 2.206020
0.384186 -0.122026 2.203510
0.355071 0.184328 2.140510
0.300686 0.374574 2.083640
0.192765 0.087733 2.217680
0.167360 -0.155085 2.168980
0.183413 -0.330426 2.058070
0.205653 -0.416838 2.002580
0.510788 0.114509 2.110720
0.598270 -0.098686 2.059050
0.487762 -0.284176 1.977930
0.437079 -0.346280 1.952650
0.317725 -0.263971 2.241180
0.269441 -0.620825 2.144600
0.297292 -0.871641 2.106690
0.258077 -0.911500 2.022750
0.466101 -0.256526 2.192080
0.477137 -0.587664 2.084460
0.453568 -0.863586 1.991700
0.430466 -0.909766 1.921200
0.403353 -0.221486 2.216880
0.398945 -0.157034 2.212730
0.359927 0.153979 2.149750
0.303017 0.335880 2.091540
0.199737 0.058473 2.228640
0.175874 -0.178547 2.176610
0.191433 -0.340190 2.066780
0.213073 -0.422865 2.009310
0.515025 0.085885 2.117000
0.598101 -0.126815 2.061650
0.477759 -0.306110 1.983080
0.424093 -0.365514 1.958790
0.339475 -0.303822 2.253580
0.271253 -0.627946 2.141370
0.304044 -0.898914 2.109270
0.267211 -0.949989 2.027430
0.483420 -0.286167 2.201280
0.480327 -0.592927 2.084060
0.453903 -0.881203 1.991140
0.430486 -0.930882 1.919640
0.410853 -0.244082 2.224370
0.406245 -0.182177 2.219950
0.367760 0.112892 2.162950
0.307830 0.298281 2.100870
0.208121 0.023870 2.244550
0.183380 -0.196029 2.184640
0.221130 -0.381025 2.069040
0.241024 -0.454574 2.013910
0.521212 0.047995 2.124960
0.595500 -0.167591 2.065790
0.450395 -0.355640 1.985830
0.399135 -0.402268 1.962330
0.347998 -0.325142 2.261020
0.272897 -0.635209 2.136420
0.308556 -0.917296 2.110670
0.272456 -0.971695 2.030230
0.491815 -0.310938 2.209100
0.480283 -0.598422 2.072700
0.453900 -0.894457 1.993490
0.429417 -0.948195 1.922010
0.418880 -0.272637 2.234080
0.414113 -0.212103 2.229360
0.373553 0.082219 2.174770
0.310490 0.266897 2.111850
0.216025 -0.018732 2.265330
0.201547 -0.232138 2.198140
0.238234 -0.404634 2.071670
0.256168 -0.471060 2.018140
0.525116 0.021090 2.131890
0.595336 -0.190702 2.069750
0.436413 -0.384402 1.988550
0.388440 -0.422553 1.967270
0.357548 -0.356482 2.273280
0.274238 -0.662480 2.128740
0.322257 -0.940880 2.103680
0.286966 -0.994720 2.026320
0.499684 -0.337852 2.216190
0.477061 -0.610151 2.056580
0.454913 -0.909109 1.996800
0.429348 -0.964772 1.926050
0.426627 -0.308023 2.249720
0.422431 -0.248146 2.244140
0.385391 0.042495 2.191230
0.314967 0.224897 2.128280
0.225475 -0.060431 2.284660
0.214776 -0.256726 2.208510
0.250919 -0.420606 2.084880
0.268652 -0.489291 2.021190
0.533268 -0.021139 2.144030
0.590660 -0.238919 2.075420
0.413899 -0.426109 1.996170
0.345946 -0.493220 1.978570
0.364400 -0.392054 2.290630
0.274758 -0.673461 2.125570
0.338350 -0.957794 2.102490
0.304963 -1.011020 2.027600
0.507144 -0.373838 2.230350
0.471352 -0.624649 2.040490
0.454421 -0.924127 2.002130
0.428000 -0.978644 1.933060
0.432573 -0.337706 2.263240
0.429354 -0.279187 2.257400
0.397787 0.007027 2.206840
0.321051 0.182460 2.149690
0.236471 -0.099214 2.303010
0.234810 -0.302477 2.221500
0.261295 -0.457355 2.100020
0.276989 -0.509876 2.032890
0.543787 -0.063162 2.156130
0.589078 -0.263276 2.079670
0.411016 -0.458833 2.010490
0.344806 -0.525369 1.992550
0.367972 -0.423641 2.305970
0.275056 -0.679548 2.123800
0.359216 -0.967135 2.108370
0.328279 -1.018450 2.036460
0.513264 -0.402558 2.242070
0.466680 -0.637411 2.029270
0.449301 -0.938883 2.011060
0.421710 -0.990008 1.945090
0.439463 -0.365757 2.274300
0.437222 -0.309205 2.268990
0.411867 -0.032924 2.226560
0.326140 0.157253 2.164830
0.251735 -0.138781 2.324420
0.257331 -0.349461 2.237010
0.271686 -0.499460 2.116000
0.286452 -0.542527 2.050360
0.553363 -0.093723 2.169770
0.589600 -0.293092 2.088530
0.406422 -0.475832 2.015660
0.353955 -0.535370 2.000600
0.372626 -0.452947 2.317850
0.274101 -0.686438 2.120240
0.384532 -0.963374 2.125170
0.354958 -1.010810 2.056280
0.520240 -0.428543 2.250160
0.463304 -0.659803 2.024550
0.414059 -0.961625 2.017700
0.382983 -1.008870 1.950790
0.446771 -0.399117 2.284290
0.445722 -0.342579 2.279630
0.427003 -0.064633 2.243150
0.342480 0.120556 2.196250
0.264197 -0.171458 2.342650
0.270968 -0.386735 2.249350
0.279804 -0.521298 2.119040
0.294539 -0.564196 2.057420
0.569511 -0.133860 2.191100
0.593018 -0.320981 2.101380
0.404766 -0.488205 2.022820
0.349087 -0.551280 2.004960
0.376069 -0.485047 2.326010
0.270638 -0.698116 2.111400
0.416478 -0.936901 2.152430
0.387232 -0.979603 2.084680
0.527748 -0.464482 2.258230
0.459765 -0.679172 2.017610
0.400346 -0.971843 2.042920
0.368390 -1.015850 1.973540
0.456345 -0.429415 2.293990
0.457011 -0.375088 2.291800
0.446904 -0.101634 2.272210
0.363284 0.085410 2.226540
0.283215 -0.199083 2.365320
0.278229 -0.404556 2.257080
0.284482 -0.533912 2.122260
0.300012 -0.579348 2.063400
0.587680 -0.170175 2.215690
0.606978 -0.361725 2.130960
0.487643 -0.513609 2.045760
0.428213 -0.578812 2.021110
0.381386 -0.510749 2.331280
0.268827 -0.706805 2.100940
0.430153 -0.923125 2.163020
0.400105 -0.963014 2.095350
0.536133 -0.491566 2.264950
0.457206 -0.689728 2.012810
0.366822 -0.930575 2.116470
0.332563 -0.970081 2.045380
0.463701 -0.448102 2.300740
0.465347 -0.394524 2.300260
0.462826 -0.124557 2.294240
0.385895 0.057874 2.259940
0.299557 -0.218122 2.386830
0.283301 -0.418473 2.267730
0.288859 -0.540962 2.123980
0.304213 -0.587816 2.066910
0.610259 -0.198854 2.241900
0.616328 -0.396060 2.154340
0.508375 -0.531680 2.072000
0.478420 -0.596390 2.032600
0.386304 -0.529799 2.335180
0.267736 -0.711158 2.091170
0.434945 -0.912655 2.169320
0.403886 -0.950077 2.101210
0.544499 -0.511574 2.270130
0.455694 -0.695721 2.009340
0.354958 -0.914064 2.142490
0.319915 -0.951061 2.070600
0.472863 -0.464791 2.307530
0.477349 -0.413186 2.311300
0.488490 -0.148653 2.327180
0.411741 0.034686 2.294050
0.318592 -0.237318 2.411540
0.295050 -0.422727 2.305740
0.292484 -0.522023 2.135890
0.335243 -0.587722 2.026170
0.633932 -0.225915 2.271680
0.624132 -0.421968 2.174640
0.519225 -0.539110 2.080370
0.493966 -0.604242 2.036670
0.390915 -0.543874 2.337470
0.267802 -0.714295 2.083910
0.381525 -0.915079 2.095660
0.358443 -0.862644 2.096030
0.554231 -0.529067 2.275100
0.465156 -0.702801 2.004050
0.347341 -0.908028 2.150090
0.311894 -0.943120 2.076840
0.478259 -0.474626 2.313120
0.485233 -0.424411 2.321790
0.501055 -0.161589 2.347730
0.429111 0.021898 2.314150
0.332656 -0.250701 2.427290
0.300772 -0.425893 2.323990
0.294818 -0.509247 2.142180
0.355167 -0.581137 2.000730
0.649237 -0.242120 2.291740
0.632396 -0.436883 2.190290
0.530358 -0.547823 2.092190
0.507277 -0.611691 2.042000
0.393149 -0.552187 2.339480
0.268377 -0.722748 2.083730
0.342431 -0.932512 2.049060
0.348819 -0.845581 2.098860
0.560110 -0.539428 2.279280
0.490345 -0.707875 2.000180
0.346792 -0.901544 2.146670
0.312171 -0.934971 2.071520
0.485533 -0.481250 2.323610
0.495614 -0.431495 2.339830
0.514150 -0.168203 2.368660
0.448934 0.016085 2.335500
0.341221 -0.258505 2.437110
0.306192 -0.428229 2.336930
0.297626 -0.499864 2.147600
0.365215 -0.574220 1.991180
0.663709 -0.250374 2.314630
0.647018 -0.442619 2.211410
0.539613 -0.570428 2.081490
0.518053 -0.625721 2.036830
0.395431 -0.558115 2.342730
0.270899 -0.730852 2.089350
0.390273 -0.922153 2.114440
0.378751 -0.886041 2.103210
0.568004 -0.547396 2.288060
0.508848 -0.706134 2.002010
0.354963 -0.897370 2.135030
0.323936 -0.929728 2.056840
0.494335 -0.482206 2.342270
0.506508 -0.432168 2.364360
0.524514 -0.168864 2.388260
0.465282 0.017306 2.354140
0.354351 -0.258983 2.451880
0.313662 -0.424197 2.350340
0.305972 -0.491080 2.157740
0.379391 -0.555033 2.000030
0.674367 -0.252174 2.332200
0.660391 -0.437436 2.229430
0.571472 -0.571083 2.110160
0.543165 -0.617255 2.052650
0.400003 -0.558909 2.355330
0.278282 -0.732991 2.101630
0.404419 -0.932524 2.141410
0.388943 -0.936193 2.101440
0.576755 -0.550641 2.304200
0.528245 -0.695938 2.010320
0.367621 -0.894688 2.114900
0.337769 -0.926756 2.036430
0.506842 -0.476008 2.366360
0.519548 -0.425750 2.391310
0.536347 -0.161000 2.408320
0.478550 0.023269 2.368830
0.363735 -0.256335 2.462280
0.323243 -0.419484 2.364520
0.316304 -0.482779 2.170780
0.387999 -0.542041 2.010900
0.686609 -0.242829 2.353580
0.669884 -0.432083 2.241500
0.583012 -0.563952 2.125450
0.529345 -0.581715 2.078160
0.409158 -0.553254 2.375050
0.289066 -0.727550 2.119860
0.408375 -0.942881 2.152210
0.386448 -0.979350 2.089520
0.591271 -0.544927 2.332180
0.544991 -0.670953 2.028630
0.388897 -0.855042 2.059910
0.450347 -0.821612 1.997700
0.518680 -0.466935 2.387780
0.530935 -0.417031 2.413510
0.544916 -0.151886 2.423780
0.489387 0.033961 2.381570
0.373631 -0.246323 2.474900
0.334862 -0.412807 2.376020
0.322980 -0.478592 2.178670
0.401548 -0.529245 2.041540
0.696073 -0.233020 2.369900
0.684513 -0.407288 2.262210
0.597519 -0.537849 2.146740
0.549113 -0.563237 2.115680
0.421435 -0.542870 2.397450
0.305005 -0.715264 2.139650
0.392916 -0.964157 2.153930
0.361539 -1.018300 2.071820
0.603397 -0.537548 2.354420
0.552174 -0.649510 2.045680
0.425050 -0.872745 2.032400
0.449950 -0.879969 1.964600
0.524331 -0.462019 2.398130
0.536834 -0.412204 2.425330
0.552784 -0.139724 2.440020
0.501869 0.049107 2.396020
0.380670 -0.237030 2.484700
0.346859 -0.405831 2.384300
0.350048 -0.479077 2.195180
0.409731 -0.527044 2.048580
0.702695 -0.225019 2.381130
0.690316 -0.399453 2.269930
0.601672 -0.528817 2.157060
0.554556 -0.557229 2.126890
0.426918 -0.537545 2.407310
0.319180 -0.682895 2.138330
0.347262 -0.962077 2.152480
0.314237 -1.018040 2.060940
0.608942 -0.533754 2.364800
0.555376 -0.638970 2.053570
0.443508 -0.881712 2.019570
0.457478 -0.900537 1.947360
0.527966 -0.457039 2.406060
0.540798 -0.407155 2.434830
0.558878 -0.130154 2.451720
0.511025 0.060648 2.407780
0.385789 -0.230018 2.491090
0.355253 -0.401294 2.390070
0.365281 -0.480625 2.206630
0.417389 -0.526910 2.057320
0.709285 -0.215127 2.391950
0.702045 -0.381912 2.283300
0.608238 -0.507850 2.171650
0.562227 -0.548140 2.138590
0.430185 -0.532518 2.414410
0.325866 -0.668723 2.139260
0.307604 -0.959511 2.145970
0.277312 -1.013380 2.051820
0.612272 -0.529522 2.372750
0.557462 -0.631515 2.059790
0.453551 -0.886122 2.011360
0.459435 -0.913268 1.936410
0.530859 -0.452841 2.411640
0.543936 -0.403033 2.441810
0.563787 -0.122978 2.460520
0.518508 0.068218 2.417300
0.389522 -0.225504 2.495250
0.361236 -0.398401 2.393750
0.376302 -0.483658 2.214700
0.427154 -0.522735 2.087810
0.715518 -0.208596 2.400490
0.707031 -0.374409 2.289640
0.615489 -0.503314 2.181390
0.571521 -0.545566 2.148650
0.432537 -0.528705 2.418920
0.329525 -0.661132 2.140320
0.288270 -0.958130 2.141720
0.259418 -1.010350 2.046490
0.615001 -0.525623 2.378540
0.559247 -0.626156 2.064450
0.459723 -0.888437 2.008030
0.458351 -0.920389 1.932940
0.533905 -0.449811 2.415040
0.546820 -0.400388 2.446410
0.567199 -0.118939 2.466130
0.524715 0.073264 2.426250
0.392282 -0.222627 2.497980
0.365057 -0.396494 2.396090
0.382314 -0.485135 2.219200
0.432196 -0.520669 2.103780
0.720859 -0.204351 2.407510
0.710648 -0.369500 2.294360
0.618702 -0.499773 2.189060
0.576653 -0.543240 2.156140
0.435578 -0.525939 2.420850
0.331403 -0.656186 2.140740
0.275920 -0.957004 2.138510
0.248124 -1.007190 2.042950
0.618575 -0.522053 2.382320
0.560873 -0.622393 2.067680
0.464165 -0.889998 2.005350
0.457768 -0.924835 1.929890
0.536487 -0.447739 2.417070
0.549084 -0.398758 2.449630
0.570177 -0.116449 2.470340
0.529748 0.075549 2.433170
0.394387 -0.220798 2.499820
0.367886 -0.395164 2.397530
0.386124 -0.486185 2.222080
0.435202 -0.519480 2.113230
0.725981 -0.202476 2.414080
0.713196 -0.366764 2.297790
0.623927 -0.501860 2.195360
0.583485 -0.544601 2.162270
0.438253 -0.524002 2.421070
0.331261 -0.652900 2.140090
0.268374 -0.955908 2.136170
0.242191 -1.002880 2.040600
0.621520 -0.519656 2.384740
0.562448 -0.619498 2.069880
0.467266 -0.890653 2.003980
0.457342 -0.927021 1.927980
0.538516 -0.446348 2.418110
0.550784 -0.397770 2.451900
0.573349 -0.115543 2.474110
0.534519 0.075181 2.440160
0.396305 -0.219933 2.500810
0.370176 -0.394302 2.398460
0.387949 -0.487197 2.223770
0.437164 -0.518700 2.119320
0.731028 -0.203047 2.420520
0.718268 -0.368404 2.303490
0.626292 -0.500902 2.198910
0.587194 -0.544096 2.166120
0.440296 -0.522761 2.420160
0.329134 -0.651091 2.138630
0.264151 -0.954302 2.133690
0.241076 -0.997134 2.039070
0.623690 -0.518067 2.386160
0.563777 -0.617281 2.071280
0.469639 -0.890921 2.003100
0.457382 -0.928238 1.926470
0.540142 -0.445688 2.418600
0.552300 -0.397531 2.453510
0.577127 -0.117002 2.477870
0.539792 0.070792 2.448280
0.398699 -0.221257 2.500670
0.371860 -0.394316 2.398320
0.387611 -0.488464 2.223180
0.438469 -0.518174 2.123540
0.735693 -0.205958 2.425920
0.722700 -0.371608 2.307890
0.627825 -0.500423 2.201450
0.589739 -0.543756 2.168860
0.441728 -0.522273 2.418660
0.326277 -0.650488 2.136840
0.261935 -0.952457 2.131380
0.241847 -0.991607 2.038290
0.625330 -0.517232 2.387100
0.564887 -0.615584 2.072140
0.471110 -0.890578 2.003350
0.456943 -0.928304 1.926060
0.541564 -0.445925 2.418660
0.553881 -0.398577 2.454700
0.581691 -0.120822 2.481260
0.543937 0.066417 2.454280
0.401513 -0.223768 2.500100
0.373133 -0.394895 2.397640
0.385655 -0.489440 2.221300
0.439114 -0.517882 2.126510
0.739781 -0.210977 2.430540
0.724767 -0.378702 2.310550
0.627995 -0.502917 2.200680
0.591733 -0.544676 2.169800
0.442674 -0.522396 2.416990
0.319542 -0.643252 2.131200
0.264573 -0.940816 2.126410
0.248023 -0.974580 2.036760
0.626647 -0.517277 2.387670
0.565917 -0.614236 2.072600
0.471891 -0.889373 2.005030
0.456283 -0.927043 1.927020
0.542715 -0.446863 2.418600
0.555369 -0.400682 2.455840
0.586205 -0.125724 2.484360
0.547641 0.061526 2.458990
0.404366 -0.226420 2.499620
0.373990 -0.395531 2.396780
0.383251 -0.490097 2.219300
0.439160 -0.517800 2.128390
0.743062 -0.216343 2.433980
0.726123 -0.384857 2.311950
0.628940 -0.507642 2.198730
0.593971 -0.547162 2.169560
0.443198 -0.522858 2.415510
0.314876 -0.638120 2.127450
0.267593 -0.931066 2.122490
0.252992 -0.962176 2.035610
0.627623 -0.518267 2.388100
0.566905 -0.613087 2.072800
0.471718 -0.887017 2.008050
0.455086 -0.924159 1.929380
0.543875 -0.448553 2.418840
0.556961 -0.403577 2.457360
0.589548 -0.129896 2.486600
0.550218 0.057623 2.462060
0.407585 -0.229896 2.499080
0.375148 -0.397018 2.395810
0.380533 -0.489899 2.216780
0.438893 -0.517794 2.129400
0.745378 -0.220377 2.436340
0.727143 -0.389313 2.312790
0.635142 -0.516085 2.194440
0.599346 -0.552508 2.167320
0.443597 -0.523755 2.414590
0.311991 -0.634455 2.125340
0.270235 -0.923233 2.119360
0.256551 -0.953216 2.034620
0.628594 -0.520053 2.388930
0.567767 -0.612094 2.073120
0.471544 -0.884867 2.010010
0.454238 -0.921360 1.930900
0.544872 -0.450575 2.419090
0.558421 -0.406588 2.458790
0.592271 -0.133399 2.488230
0.551934 0.054805 2.463890
0.411201 -0.233326 2.498840
0.376053 -0.398349 2.394990
0.378193 -0.489877 2.214950
0.438508 -0.517748 2.130270
0.746992 -0.223432 2.437830
0.727828 -0.392587 2.313200
0.641640 -0.524005 2.191560
0.605266 -0.558631 2.165160
0.443838 -0.524844 2.413880
0.310148 -0.631974 2.124000
0.272871 -0.917257 2.117380
0.259480 -0.946810 2.034180
0.629321 -0.522013 2.389680
0.568486 -0.611347 2.073360
0.471934 -0.883786 2.010420
0.454248 -0.919678 1.930890
0.545761 -0.452429 2.419530
0.559724 -0.409157 2.460240
0.594296 -0.136025 2.489390
0.553318 0.052639 2.464940
0.413858 -0.235448 2.498850
0.376873 -0.399223 2.394440
0.376668 -0.489797 2.213870
0.438112 -0.517730 2.130770
0.748173 -0.225654 2.438780
0.728229 -0.395032 2.313300
0.645244 -0.528687 2.189940
0.609386 -0.563244 2.163500
0.444000 -0.525865 2.413460
0.308866 -0.629995 2.123120
0.275699 -0.912298 2.115970
0.262224 -0.941831 2.033940
0.630033 -0.523985 2.390700
0.569178 -0.610715 2.073700
0.472547 -0.882752 2.010290
0.454756 -0.918036 1.930280
0.546509 -0.453956 2.419960
0.560781 -0.411131 2.461470
0.595702 -0.137839 2.490160
0.554434 0.051000 2.465470
0.415884 -0.236920 2.498890
0.379124 -0.401015 2.394600
0.375219 -0.489032 2.213150
0.437761 -0.517757 2.130870
0.749116 -0.227196 2.439420
0.728089 -0.396972 2.313030
0.647679 -0.532088 2.188710
0.612512 -0.567108 2.161990
0.444134 -0.526811 2.413220
0.307972 -0.628565 2.122590
0.278724 -0.908457 2.115180
0.264982 -0.938123 2.033960
0.630639 -0.525589 2.391580
0.569791 -0.610296 2.074050
0.473041 -0.881985 2.010150
0.455249 -0.916781 1.929770
0.547155 -0.455189 2.420330
0.561675 -0.412624 2.462470
0.596747 -0.139057 2.490660
0.555301 0.049904 2.465780
0.417572 -0.237884 2.498970
0.380835 -0.402133 2.394740
0.374553 -0.488595 2.212690
0.437410 -0.517916 2.130040
0.749810 -0.228309 2.439800
0.727464 -0.398624 2.312280
0.648878 -0.534163 2.187710
0.614262 -0.569722 2.160640
0.444310 -0.527621 2.413130
0.307343 -0.627443 2.122340
0.281211 -0.905668 2.114620
0.267147 -0.935508 2.033970
0.631129 -0.526847 2.392290
0.570373 -0.610062 2.074390
0.473451 -0.881417 2.009970
0.455698 -0.915833 1.929290
0.547676 -0.456159 2.420640
0.562419 -0.413758 2.463290
0.597612 -0.139911 2.491010
0.556215 0.049173 2.465830
0.419166 -0.238359 2.499130
0.382684 -0.402896 2.395180
0.373953 -0.487555 2.212530
0.437091 -0.518034 2.129060
0.750345 -0.229142 2.439940
0.726950 -0.399736 2.311590
0.649025 -0.535321 2.186850
0.615171 -0.571354 2.159700
0.444494 -0.528264 2.413130
0.306943 -0.626533 2.122360
0.283190 -0.903679 2.114170
0.268801 -0.933683 2.033930
0.631491 -0.527826 2.392830
0.570938 -0.609955 2.074700
0.510568 -0.886289 1.993690
0.494088 -0.919597 1.912560
0.548078 -0.456892 2.420870
0.563002 -0.414586 2.463910
0.598369 -0.140484 2.491210
0.557123 0.048747 2.465660
0.420487 -0.238590 2.499250
0.383890 -0.403263 2.395280
0.373529 -0.486829 2.212340
0.436753 -0.518158 2.127860
0.750780 -0.229703 2.439910
0.726697 -0.400154 2.311140
0.643729 -0.530875 2.185910
0.614094 -0.571092 2.158580
0.444648 -0.528771 2.413160
0.306688 -0.625742 2.122490
0.284800 -0.902150 2.113840
0.270124 -0.932324 2.033870
0.631739 -0.528539 2.393190
0.571452 -0.609961 2.074940
0.528538 -0.888916 1.985170
0.512463 -0.921667 1.903930
0.548409 -0.457463 2.421000
0.563477 -0.415204 2.464360
0.599055 -0.140831 2.491280
0.558158 0.048551 2.465340
0.421587 -0.238637 2.499340
0.384779 -0.403509 2.395250
0.373285 -0.486085 2.212080
0.436468 -0.518220 2.126520
0.751131 -0.230072 2.439720
0.726455 -0.400266 2.310680
0.641664 -0.528852 2.185310
0.613636 -0.571032 2.157730
0.444798 -0.529162 2.413160
0.306526 -0.625115 2.122630
0.286503 -0.900936 2.113700
0.271518 -0.931313 2.033910
0.631915 -0.529090 2.393380
0.571877 -0.610031 2.075050
0.521927 -0.887315 1.986410
0.506031 -0.919686 1.905210
0.548691 -0.457906 2.421070
0.563871 -0.415659 2.464690
0.599688 -0.140981 2.491210
0.559478 0.048677 2.464830
0.422565 -0.238529 2.499320
0.385749 -0.403692 2.395240
0.373104 -0.485362 2.211890
0.436239 -0.518293 2.125180
0.751470 -0.230265 2.439410
0.728118 -0.399907 2.310180
0.640714 -0.526554 2.185670
0.613445 -0.570588 2.157390
0.444946 -0.529476 2.413160
0.306440 -0.624629 2.122820
0.287923 -0.900065 2.113660
0.272726 -0.930625 2.033960
0.632052 -0.529518 2.393510
0.572238 -0.610167 2.075120
0.512208 -0.885524 1.989570
0.496524 -0.917687 1.908430
0.548951 -0.458263 2.421090
0.564220 -0.415994 2.464940
0.600408 -0.140865 2.490900
0.561598 0.049383 2.463960
0.423436 -0.238312 2.499160
0.386786 -0.403890 2.395050
0.372989 -0.484691 2.211580
0.436088 -0.518323 2.123910
0.751802 -0.230338 2.438980
0.730478 -0.398312 2.310080
0.640137 -0.523050 2.187120
0.613140 -0.569215 2.157580
0.445097 -0.529733 2.413150
0.306394 -0.624251 2.123020
0.289219 -0.899426 2.113720
0.273873 -0.930167 2.034070
0.632165 -0.529862 2.393570
0.572552 -0.610396 2.075160
0.502536 -0.884095 1.994010
0.487040 -0.916173 1.912930
0.549194 -0.458563 2.421070
0.564530 -0.416246 2.465110
0.601192 -0.140581 2.490350
0.563945 0.049999 2.462580
0.424261 -0.238054 2.498830
0.387727 -0.404228 2.394580
0.372901 -0.484139 2.211030
0.435972 -0.518347 2.122820
0.752158 -0.230339 2.438450
0.732077 -0.397023 2.310020
0.639851 -0.520713 2.188150
0.612872 -0.568003 2.157780
0.445248 -0.529949 2.413130
0.307069 -0.626289 2.124300
0.290824 -0.900936 2.114450
0.275472 -0.932123 2.034780
0.632258 -0.530156 2.393580
0.572826 -0.610677 2.075170
0.493461 -0.882738 1.998470
0.478167 -0.914811 1.917440
0.549655 -0.458856 2.420830
0.564968 -0.416431 2.465130
0.601909 -0.140198 2.489640
0.566377 0.050513 2.460890
0.425039 -0.237739 2.498330
0.387824 -0.405035 2.391950
0.373330 -0.484244 2.208420
0.435892 -0.518337 2.121930
0.752520 -0.230277 2.437900
0.733297 -0.395969 2.309960
0.639832 -0.519221 2.188910
0.612730 -0.567070 2.157990
0.445782 -0.530212 2.412870
0.307210 -0.627043 2.124920
0.292143 -0.901701 2.114880
0.276831 -0.933192 2.035180
0.632494 -0.530449 2.393420
0.573059 -0.611093 2.075100
0.488938 -0.882478 2.000740
0.473805 -0.914544 1.919720
0.550085 -0.459093 2.420580
0.565337 -0.416553 2.465130
0.602604 -0.139698 2.488760
0.568560 0.051054 2.459300
0.425818 -0.237263 2.497390
0.387809 -0.405380 2.389600
0.374150 -0.484109 2.205930
0.435905 -0.518188 2.121260
0.752873 -0.230181 2.437360
0.734232 -0.395119 2.309930
0.639858 -0.518122 2.189560
0.612584 -0.566218 2.158250
0.446295 -0.530434 2.412610
0.307265 -0.627519 2.125380
0.293223 -0.902284 2.115190
0.278029 -0.934038 2.035450
0.632722 -0.530700 2.393250
0.573237 -0.611577 2.075060
0.485566 -0.882415 2.002330
0.470658 -0.914482 1.921300
0.550542 -0.459298 2.420300
0.565708 -0.416632 2.465100
0.603209 -0.139207 2.487900
0.570441 0.051666 2.457800
0.426548 -0.236761 2.496180
0.387685 -0.405703 2.387430
0.374957 -0.484214 2.203750
0.435948 -0.518072 2.120640
0.753232 -0.230102 2.436810
0.734822 -0.394547 2.309890
0.639991 -0.517459 2.190000
0.612530 -0.565661 2.158410
0.446845 -0.530635 2.412330
0.307285 -0.627845 2.125720
0.294064 -0.902737 2.115430
0.279012 -0.934708 2.035630
0.632994 -0.530928 2.393070
0.573376 -0.612031 2.075030
0.482872 -0.882381 2.003480
0.468195 -0.914455 1.922420
0.550951 -0.459462 2.420030
0.566028 -0.416673 2.465060
0.603750 -0.138659 2.486930
0.572041 0.052369 2.456350
0.427160 -0.236213 2.494850
0.387504 -0.405908 2.385660
0.375801 -0.484445 2.202030
0.436083 -0.518081 2.119640
0.753581 -0.230029 2.436270
0.735182 -0.394186 2.309820
0.640053 -0.517061 2.190290
0.612458 -0.565293 2.158510
0.447332 -0.530799 2.412070
0.307289 -0.628077 2.125970
0.294701 -0.903090 2.115620
0.279790 -0.935236 2.035770
0.633240 -0.531132 2.392910
0.573483 -0.612507 2.075020
0.475768 -0.881104 2.008960
0.461565 -0.913315 1.927780
0.551305 -0.459601 2.419770
0.566306 -0.416694 2.465000
0.604162 -0.138121 2.485940
0.573323 0.052787 2.455030
0.427634 -0.235640 2.493600
0.386815 -0.405991 2.383210
0.376964 -0.485197 2.200010
0.436242 -0.518132 2.118650
0.753953 -0.229996 2.435630
0.728636 -0.398769 2.303510
0.637009 -0.524812 2.185220
0.610516 -0.567812 2.156270
0.447749 -0.530933 2.411820
0.307325 -0.630114 2.126970
0.295516 -0.905118 2.116100
0.280804 -0.937497 2.036120
0.633458 -0.531331 2.392740
0.573567 -0.612941 2.074990
0.472607 -0.880781 2.011860
0.458615 -0.913058 1.930650
0.551598 -0.459746 2.419430
0.566530 -0.416707 2.464880
0.604477 -0.137573 2.484960
0.574298 0.053109 2.453910
0.428005 -0.235112 2.492350
0.386211 -0.406050 2.381270
0.377962 -0.485944 2.198450
0.436427 -0.518271 2.117590
0.754283 -0.229950 2.435020
0.726096 -0.400129 2.300910
0.635891 -0.527825 2.183570
0.609425 -0.569063 2.155240
0.448101 -0.531057 2.411520
0.307277 -0.630819 2.127300
0.296065 -0.905996 2.116450
0.281496 -0.938512 2.036380
0.633609 -0.531551 2.392500
0.573591 -0.613499 2.074870
0.472009 -0.881452 2.011850
0.458214 -0.913814 1.930600
0.551828 -0.459865 2.419130
0.566706 -0.416705 2.464770
0.604661 -0.137026 2.484000
0.575015 0.053353 2.452990
0.428248 -0.234593 2.491250
0.385741 -0.406013 2.379860
0.378674 -0.486554 2.197400
0.436592 -0.518442 2.116600
0.754564 -0.229906 2.434470
0.723483 -0.401494 2.298430
0.634132 -0.530548 2.182120
0.607733 -0.570539 2.154100
0.448378 -0.531150 2.411250
0.307280 -0.632008 2.127700
0.296633 -0.907350 2.116990
0.282222 -0.939977 2.036810
0.633709 -0.531751 2.392300
0.573612 -0.613980 2.074770
0.462209 -0.877294 2.024090
0.448689 -0.909804 1.942830
0.552009 -0.459970 2.418830
0.566849 -0.416695 2.464650
0.604753 -0.136530 2.483080
0.575542 0.053553 2.452250
0.428389 -0.234114 2.490270
0.385341 -0.405974 2.378770
0.379111 -0.487102 2.196640
0.436691 -0.518729 2.115520
0.754762 -0.229863 2.433880
0.721445 -0.402612 2.296410
0.627310 -0.529528 2.178840
0.602675 -0.570043 2.151610
0.448601 -0.531224 2.411020
0.307225 -0.632354 2.127860
0.296977 -0.907790 2.117200
0.282659 -0.940481 2.036970
0.633774 -0.531945 2.392090
0.573618 -0.614449 2.074650
0.460140 -0.877239 2.023760
0.446726 -0.909810 1.942530
0.552154 -0.460057 2.418560
0.566967 -0.416674 2.464520
0.604774 -0.136045 2.482140
0.575927 0.053727 2.451630
0.428472 -0.233686 2.489380
0.385050 -0.405880 2.378030
0.379361 -0.487585 2.196190
0.436719 -0.519169 2.114300
0.754919 -0.229816 2.433320
0.719143 -0.404127 2.293890
0.626572 -0.532852 2.176490
0.601270 -0.572136 2.149670
0.448779 -0.531281 2.410810
0.307116 -0.632516 2.127940
0.297296 -0.908072 2.117400
0.283064 -0.940808 2.037120
0.633821 -0.532117 2.391890
0.573589 -0.614869 2.074540
0.458406 -0.877026 2.024380
0.445069 -0.909636 1.943170
0.552261 -0.460127 2.418330
0.567058 -0.416646 2.464420
0.604713 -0.135608 2.481250
0.576153 0.053873 2.451110
0.428490 -0.233331 2.488600
0.384808 -0.405788 2.377470
0.379519 -0.488007 2.195880
0.436720 -0.519570 2.113250
0.755037 -0.229706 2.432800
0.717802 -0.405114 2.292290
0.624739 -0.534052 2.175450
0.599047 -0.573216 2.148450
0.448902 -0.531327 2.410670
0.306999 -0.632558 2.127980
0.297590 -0.908242 2.117580
0.283434 -0.941009 2.037250
0.633846 -0.532262 2.391740
0.573499 -0.615323 2.074480
0.457145 -0.877018 2.024620
0.443858 -0.909660 1.943430
0.552352 -0.460182 2.418100
0.567140 -0.416605 2.464290
0.604596 -0.135217 2.480420
0.576231 0.053976 2.450620
0.428458 -0.232981 2.487930
0.384587 -0.405705 2.377030
0.379657 -0.488381 2.195660
0.436740 -0.519693 2.112840
0.755119 -0.229608 2.432280
0.716443 -0.406355 2.290530
0.622449 -0.535195 2.174370
0.596406 -0.574385 2.147080
0.449008 -0.531361 2.410520
0.306851 -0.632505 2.127970
0.297843 -0.908337 2.117720
0.283749 -0.941125 2.037360
0.633869 -0.532389 2.391590
0.573361 -0.615764 2.074420
0.456454 -0.877288 2.024340
0.443190 -0.909953 1.943180
0.552410 -0.460226 2.417880
0.567193 -0.416558 2.464160
0.604395 -0.134862 2.479640
0.576237 0.054044 2.450240
0.428348 -0.232662 2.487320
0.384314 -0.405656 2.376590
0.379755 -0.488806 2.195440
0.436753 -0.519785 2.112540
0.755161 -0.229515 2.431790
0.715817 -0.406903 2.289680
0.621048 -0.535436 2.173710
0.594638 -0.574780 2.146150
0.449078 -0.531387 2.410380
0.306693 -0.632354 2.127890
0.298057 -0.908362 2.117850
0.284019 -0.941162 2.037450
0.633878 -0.532503 2.391450
0.573219 -0.616169 2.074380
0.458312 -0.878710 2.023460
0.445024 -0.911391 1.942340
0.552480 -0.460252 2.417680
0.567256 -0.416497 2.464020
0.604203 -0.134558 2.478970
0.576147 0.054166 2.449920
0.428154 -0.232311 2.486780
0.384130 -0.405595 2.376330
0.379788 -0.489162 2.195370
0.436742 -0.519970 2.112120
0.755173 -0.229428 2.431330
0.716324 -0.406327 2.289690
0.620509 -0.534925 2.173820
0.593691 -0.574668 2.145850
0.449148 -0.531407 2.410260
0.306532 -0.632105 2.127800
0.298253 -0.908306 2.117970
0.284263 -0.941113 2.037540
0.633920 -0.532594 2.391330
0.573078 -0.616533 2.074350
0.470269 -0.884121 2.009370
0.456886 -0.916824 1.928350
0.552527 -0.460290 2.417410
0.567297 -0.416444 2.463840
0.603997 -0.134310 2.478360
0.575926 0.054258 2.449610
0.427923 -0.232084 2.486300
0.383936 -0.405493 2.376140
0.379806 -0.489463 2.195370
0.436730 -0.520104 2.111800
0.755164 -0.229342 2.430910
0.717091 -0.405586 2.290010
0.620218 -0.533090 2.174970
0.592867 -0.574291 2.145820
0.449199 -0.531444 2.410100
0.306313 -0.631784 2.127610
0.298462 -0.908173 2.118090
0.284521 -0.940980 2.037620
0.633949 -0.532704 2.391130
0.572905 -0.616910 2.074270
0.473241 -0.885896 2.006000
0.459836 -0.918611 1.925020
0.552542 -0.460329 2.417170
0.567312 -0.416395 2.463660
0.603687 -0.134092 2.477740
0.575477 0.054458 2.449300
0.427650 -0.231906 2.485870
0.383742 -0.405382 2.376000
0.379754 -0.489719 2.195410
0.436719 -0.520170 2.111630
0.755113 -0.229281 2.430490
0.717386 -0.405228 2.290150
0.619853 -0.532457 2.175330
0.592162 -0.574041 2.145790
0.449221 -0.531488 2.409960
0.306112 -0.631459 2.127400
0.298625 -0.908027 2.118180
0.284720 -0.940834 2.037680
0.633960 -0.532810 2.390950
0.572733 -0.617258 2.074190
0.474894 -0.886955 2.003870
0.461471 -0.919679 1.922900
0.552547 -0.460363 2.416940
0.567316 -0.416349 2.463490
0.603272 -0.133932 2.477190
0.574856 0.054704 2.449040
0.427318 -0.231791 2.485510
0.383034 -0.405387 2.375420
0.379778 -0.490221 2.195200
0.436699 -0.520224 2.111500
0.755045 -0.229226 2.430110
0.717699 -0.404950 2.290320
0.619510 -0.531856 2.175760
0.591495 -0.573732 2.145900
0.449233 -0.531532 2.409810
0.306057 -0.631802 2.127330
0.298836 -0.908372 2.118440
0.284962 -0.941172 2.037890
0.633969 -0.532907 2.390780
0.572586 -0.617558 2.074110
0.475200 -0.887479 2.002740
0.461739 -0.920209 1.921790
0.552523 -0.460403 2.416770
0.567295 -0.416318 2.463350
0.602732 -0.133840 2.476690
0.574035 0.054885 2.448750
0.426856 -0.231820 2.485200
0.382350 -0.405421 2.374860
0.379796 -0.490698 2.194970
0.436676 -0.520266 2.111390
0.754917 -0.229195 2.429710
0.718389 -0.404331 2.291000
0.620269 -0.530685 2.176400
0.591345 -0.573377 2.145950
0.449219 -0.531586 2.409730
0.306000 -0.631803 2.127270
0.298938 -0.908414 2.118540
0.285077 -0.941214 2.037970
0.633958 -0.533005 2.390640
0.572448 -0.617836 2.074060
0.473212 -0.887236 2.000770
0.459633 -0.919964 1.919820
0.552490 -0.460437 2.416610
0.567268 -0.416291 2.463240
0.602181 -0.133796 2.476280
0.573126 0.055105 2.448620
0.426194 -0.231885 2.485010
0.381778 -0.405493 2.374400
0.379790 -0.491098 2.194760
0.436649 -0.520301 2.111320
0.754762 -0.229161 2.429350
0.719072 -0.403780 2.291680
0.620953 -0.529833 2.177270
0.591278 -0.573081 2.146160
0.449192 -0.531641 2.409660
0.305955 -0.631788 2.127210
0.299025 -0.908427 2.118620
0.285169 -0.941229 2.038030
0.633944 -0.533088 2.390520
0.572309 -0.618090 2.074020
0.480827 -0.889987 1.998360
0.467004 -0.922692 1.917450
0.552394 -0.460491 2.416430
0.567199 -0.416278 2.463100
0.601651 -0.133779 2.475950
0.572051 0.055271 2.448530
0.425387 -0.232014 2.484900
0.381278 -0.405439 2.374120
0.379792 -0.491369 2.194690
0.436622 -0.520328 2.111250
0.754520 -0.229154 2.428980
0.719769 -0.403296 2.292410
0.621456 -0.528985 2.178160
0.591236 -0.572711 2.146470
0.449091 -0.531736 2.409550
0.305898 -0.631766 2.127090
0.299092 -0.908425 2.118700
0.285236 -0.941229 2.038090
0.633867 -0.533205 2.390360
0.572168 -0.618337 2.073940
0.485795 -0.891766 1.992270
0.471790 -0.924464 1.911430
0.552272 -0.460549 2.416250
0.567114 -0.416277 2.462960
0.601083 -0.133803 2.475710
0.570947 0.055321 2.448550
0.424225 -0.232441 2.484930
0.380663 -0.405506 2.373710
0.379835 -0.491701 2.194500
0.436594 -0.520350 2.111210
0.754210 -0.229204 2.428580
0.721230 -0.402115 2.294130
0.624209 -0.528023 2.180150
0.592299 -0.572194 2.147370
0.448958 -0.531849 2.409420
0.305826 -0.631691 2.126900
0.299179 -0.908358 2.118810
0.285308 -0.941167 2.038180
0.633761 -0.533331 2.390170
0.572033 -0.618549 2.073840
0.486124 -0.892128 1.993040
0.471964 -0.924823 1.912250
0.552141 -0.460605 2.416080
0.567014 -0.416282 2.462840
0.600291 -0.133847 2.475590
0.569886 0.055344 2.448590
0.422946 -0.233016 2.485050
0.380100 -0.405498 2.373380
0.379891 -0.492042 2.194400
0.436565 -0.520375 2.111170
0.753860 -0.229279 2.428210
0.721666 -0.401715 2.294800
0.625591 -0.527908 2.180970
0.592898 -0.572080 2.147810
0.448817 -0.531966 2.409300
0.305799 -0.632487 2.126840
0.299396 -0.908897 2.119140
0.285469 -0.941683 2.038480
0.633654 -0.533448 2.390000
0.571926 -0.618726 2.073740
0.485624 -0.892157 1.994270
0.471307 -0.924845 1.913540
0.551975 -0.460660 2.415920
0.566870 -0.416292 2.462720
0.599359 -0.133909 2.475590
0.568801 0.055322 2.448700
0.421691 -0.233589 2.485230
0.379605 -0.405461 2.373140
0.379947 -0.492331 2.194340
0.436536 -0.520398 2.111140
0.753483 -0.229375 2.427890
0.721897 -0.401489 2.295220
0.626327 -0.527882 2.181440
0.593231 -0.572032 2.148080
0.448642 -0.532091 2.409170
0.305749 -0.632731 2.126730
0.299518 -0.909059 2.119330
0.285556 -0.941831 2.038640
0.633536 -0.533560 2.389840
0.571833 -0.618877 2.073660
0.484277 -0.891849 1.996240
0.469818 -0.924530 1.915550
0.551809 -0.460711 2.415780
0.566725 -0.416305 2.462620
0.598532 -0.133968 2.475630
0.567802 0.055266 2.448880
0.420527 -0.234116 2.485460
0.379187 -0.405382 2.373080
0.379982 -0.492574 2.194430
0.436476 -0.520395 2.111230
0.753102 -0.229459 2.427630
0.722033 -0.401336 2.295550
0.626317 -0.527403 2.181620
0.593233 -0.571727 2.148240
0.448465 -0.532217 2.409050
0.305924 -0.634801 2.126880
0.299778 -0.910504 2.119990
0.285730 -0.943246 2.039270
0.633419 -0.533661 2.389680
0.571747 -0.619012 2.073570
0.484407 -0.891983 1.996490
0.469881 -0.924661 1.915810
0.551583 -0.460759 2.415650
0.566503 -0.416327 2.462520
0.597574 -0.134069 2.475830
0.566765 0.055167 2.449200
0.419392 -0.234611 2.485720
0.378780 -0.405330 2.373070
0.379994 -0.492798 2.194520
0.436385 -0.520381 2.111380
0.752742 -0.229545 2.427420
0.722097 -0.401245 2.295810
0.626073 -0.526997 2.181770
0.593156 -0.571448 2.148400
0.448213 -0.532355 2.408920
0.305919 -0.635251 2.126810
0.299895 -0.910824 2.120220
0.285807 -0.943554 2.039480
0.633274 -0.533762 2.389530
0.571672 -0.619114 2.073490
0.484519 -0.892072 1.996840
0.469941 -0.924749 1.916150
0.551302 -0.460789 2.415530
0.566236 -0.416343 2.462440
0.596681 -0.134169 2.476090
0.565815 0.055069 2.449590
0.418306 -0.234908 2.486120
0.378407 -0.405294 2.373090
0.380007 -0.492958 2.194600
0.436288 -0.520352 2.111550
0.752394 -0.229603 2.427280
0.722063 -0.401219 2.296010
0.626023 -0.526837 2.181830
0.593171 -0.571321 2.148490
0.447913 -0.532471 2.408800
0.305831 -0.635416 2.126650
0.299760 -0.910970 2.120300
0.285598 -0.943683 2.039550
0.633079 -0.533858 2.389370
0.571595 -0.619196 2.073400
0.475304 -0.888125 2.005310
0.460570 -0.920783 1.924630
0.551014 -0.460815 2.415420
0.565957 -0.416360 2.462380
0.595909 -0.134264 2.476350
0.564914 0.054970 2.450040
0.417351 -0.235152 2.486510
0.378018 -0.405303 2.373130
0.380039 -0.493078 2.194650
0.436196 -0.520314 2.111740
0.752019 -0.229654 2.427180
0.722099 -0.401175 2.296220
0.626086 -0.526717 2.181920
0.593252 -0.571187 2.148580
0.447604 -0.532582 2.408690
0.305701 -0.635388 2.126420
0.299021 -0.910956 2.120160
0.284741 -0.943649 2.039380
0.632878 -0.533945 2.389230
0.571517 -0.619259 2.073310
0.468875 -0.885344 2.011200
0.454061 -0.917997 1.930510
0.550649 -0.460845 2.415270
0.565618 -0.416397 2.462290
0.595184 -0.134381 2.476660
0.564037 0.054768 2.450580
0.416483 -0.235399 2.486860
0.377682 -0.405297 2.373210
0.380038 -0.493198 2.194740
0.436093 -0.520294 2.111900
0.751634 -0.229698 2.427120
0.722079 -0.401166 2.296390
0.626154 -0.526666 2.181960
0.593329 -0.571112 2.148650
0.447227 -0.532705 2.408530
0.305526 -0.635209 2.126060
0.298145 -0.910833 2.119940
0.283751 -0.943505 2.039140
0.632522 -0.534052 2.388920
0.571404 -0.619350 2.073090
0.463318 -0.882886 2.016750
0.448456 -0.915535 1.936040
0.550272 -0.460882 2.415140
0.565268 -0.416442 2.462210
0.594575 -0.134486 2.476940
0.563220 0.054603 2.451090
0.415723 -0.235604 2.487190
0.377336 -0.405317 2.373270
0.380050 -0.493304 2.194800
0.435992 -0.520276 2.112070
0.751213 -0.229745 2.427090
0.722034 -0.401176 2.296530
0.626184 -0.526642 2.182000
0.593377 -0.571058 2.148720
0.446843 -0.532825 2.408380
0.305465 -0.635392 2.125880
0.297481 -0.911152 2.119930
0.283006 -0.943826 2.039120
0.632136 -0.534168 2.388630
0.571296 -0.619435 2.072880
0.433787 -0.821416 2.012300
0.482366 -0.810993 1.977040
