0.322586 0.001647 2.078800
0.314351 0.068757 2.127710
0.297915 0.441673 2.129820
0.312948 0.636677 2.144170
0.149574 0.311065 2.118550
0.105155 0.035139 2.094050
0.107978 -0.172137 2.027440
0.109886 -0.251449 2.005570
0.472568 0.307530 2.149840
0.541991 0.050825 2.140640
0.536192 -0.161801 2.076530
0.529302 -0.252166 2.056830
0.254121 -0.071414 2.062300
0.236712 -0.498646 2.084140
0.237189 -0.792033 2.090730
0.246212 -0.827008 2.005130
0.398616 -0.068683 2.074970
0.408110 -0.509030 2.108640
0.398433 -0.804197 2.119350
0.356644 -0.871078 2.118470
0.321955 0.001799 2.079730
0.313615 0.068910 2.128670
0.296766 0.441961 2.130850
0.312231 0.636643 2.145600
0.148481 0.310834 2.119400
0.104778 0.034926 2.094410
0.107957 -0.172248 2.027580
0.109949 -0.251438 2.005630
0.471802 0.307352 2.150890
0.541288 0.050618 2.141470
0.535644 -0.162212 2.077000
0.528813 -0.252504 2.057070
0.253566 -0.071463 2.063110
0.236027 -0.498888 2.084760
0.236973 -0.792148 2.090960
0.245931 -0.827128 2.005410
0.398124 -0.068521 2.075940
0.407695 -0.508982 2.108830
0.398332 -0.804218 2.119340
0.356418 -0.871074 2.118620
0.321318 0.001965 2.080860
0.312885 0.069088 2.129790
0.295791 0.442237 2.131820
0.311598 0.636572 2.146880
0.147509 0.310632 2.120230
0.104400 0.034719 2.094860
0.107936 -0.172367 2.027770
0.110015 -0.251423 2.005700
0.471100 0.307172 2.152010
0.540653 0.050414 2.142350
0.535057 -0.162697 2.077650
0.528337 -0.252922 2.057500
0.252992 -0.071510 2.064150
0.235349 -0.499167 2.085430
0.236767 -0.792254 2.091170
0.245681 -0.827239 2.005660
0.397604 -0.068358 2.077150
0.407253 -0.508949 2.109080
0.398255 -0.804240 2.119340
0.356224 -0.871070 2.118760
0.320675 0.002152 2.082200
0.312161 0.069302 2.131090
0.294921 0.442535 2.132810
0.311029 0.636515 2.148260
0.146611 0.310475 2.121150
0.104007 0.034512 2.095460
0.107866 -0.172516 2.028100
0.110077 -0.251392 2.005790
0.470426 0.307025 2.153230
0.540052 0.050213 2.143480
0.534433 -0.163316 2.078740
0.527850 -0.253497 2.058390
0.252409 -0.071530 2.065390
0.234727 -0.499431 2.086120
0.236561 -0.792350 2.091380
0.245441 -0.827340 2.005890
0.397048 -0.068179 2.078690
0.406794 -0.508918 2.109380
0.398184 -0.804261 2.119350
0.356052 -0.871066 2.118880
0.320117 0.002359 2.083700
0.311516 0.069544 2.132520
0.294213 0.442817 2.133750
0.310494 0.636470 2.149570
0.145842 0.310357 2.122050
0.103583 0.034294 2.096200
0.107774 -0.172691 2.028570
0.110159 -0.251350 2.005990
0.469820 0.306942 2.154650
0.539482 0.050068 2.144720
0.533817 -0.164044 2.080060
0.527394 -0.254144 2.059390
0.251902 -0.071528 2.066800
0.234150 -0.499717 2.086840
0.236373 -0.792436 2.091560
0.245245 -0.827430 2.006090
0.396566 -0.067981 2.080460
0.406313 -0.508892 2.109770
0.398116 -0.804280 2.119360
0.355850 -0.871045 2.119040
0.319622 0.002592 2.085330
0.310940 0.069808 2.134050
0.293659 0.443079 2.134730
0.310005 0.636406 2.150810
0.145158 0.310275 2.123040
0.103136 0.034100 2.097090
0.107572 -0.172889 2.029300
0.110238 -0.251280 2.006400
0.469288 0.306992 2.156360
0.538901 0.049984 2.146220
0.533254 -0.164837 2.081480
0.527007 -0.254808 2.060370
0.251432 -0.071486 2.068350
0.233613 -0.499948 2.087590
0.236182 -0.792513 2.091730
0.245069 -0.827509 2.006270
0.396138 -0.067777 2.082340
0.405825 -0.508888 2.110240
0.398042 -0.804305 2.119390
0.355661 -0.871036 2.119190
0.319162 0.002859 2.087120
0.310415 0.070105 2.135730
0.293220 0.443338 2.135810
0.309609 0.636368 2.152010
0.144530 0.310221 2.124110
0.102676 0.033965 2.098190
0.107220 -0.173080 2.030420
0.110198 -0.250853 2.007720
0.468765 0.307226 2.158190
0.538325 0.049967 2.148070
0.532726 -0.165554 2.082980
0.526572 -0.255481 2.061620
0.250970 -0.071382 2.070070
0.233078 -0.500129 2.088380
0.235931 -0.792625 2.091980
0.244849 -0.827623 2.006520
0.395731 -0.067542 2.084390
0.405351 -0.508868 2.110770
0.397978 -0.804329 2.119420
0.355505 -0.871028 2.119320
0.318738 0.003211 2.089170
0.309943 0.070479 2.137670
0.292884 0.443606 2.137050
0.309279 0.636349 2.153220
0.143905 0.310233 2.125470
0.102206 0.033942 2.099670
0.106709 -0.173183 2.032030
0.109856 -0.249700 2.010480
0.468355 0.307509 2.160200
0.537885 0.049947 2.150400
0.532219 -0.166137 2.084940
0.525994 -0.256064 2.063440
0.250517 -0.071200 2.071960
0.232536 -0.500340 2.089330
0.235673 -0.792734 2.092230
0.244626 -0.827737 2.006780
0.395373 -0.067267 2.086760
0.404864 -0.508816 2.111410
0.397913 -0.804353 2.119470
0.355375 -0.871031 2.119450
0.318341 0.003494 2.091370
0.309515 0.070789 2.139770
0.292650 0.443839 2.138560
0.309014 0.636350 2.154600
0.143425 0.310282 2.126840
0.101714 0.034040 2.101530
0.106047 -0.173170 2.034050
0.109264 -0.248323 2.013850
0.468074 0.307691 2.162100
0.537580 0.049932 2.152970
0.531683 -0.166534 2.087020
0.525314 -0.256494 2.065570
0.250058 -0.071023 2.074070
0.232022 -0.500481 2.090360
0.235401 -0.792829 2.092490
0.244396 -0.827837 2.007040
0.395027 -0.067093 2.089220
0.404377 -0.508773 2.112160
0.397844 -0.804378 2.119530
0.355249 -0.871039 2.119630
0.317915 0.003723 2.093680
0.309108 0.071064 2.141980
0.292550 0.444086 2.140210
0.308805 0.636366 2.156020
0.143052 0.310376 2.128410
0.101230 0.034236 2.103770
0.105330 -0.173077 2.036580
0.108756 -0.247191 2.017270
0.467838 0.307828 2.163910
0.537293 0.049974 2.155610
0.531178 -0.166867 2.089220
0.524499 -0.256884 2.068030
0.249523 -0.070829 2.076400
0.231484 -0.500555 2.091570
0.235143 -0.792923 2.092760
0.244170 -0.827940 2.007310
0.394594 -0.066981 2.091760
0.403859 -0.508801 2.113120
0.397798 -0.804456 2.119660
0.355121 -0.871064 2.119820
0.317518 0.003959 2.096280
0.308777 0.071363 2.144400
0.292507 0.444297 2.141800
0.308722 0.636467 2.157770
0.142719 0.310543 2.130500
0.100815 0.034500 2.106520
0.104614 -0.172932 2.039680
0.108169 -0.246271 2.021110
0.467671 0.307991 2.165720
0.537054 0.049790 2.158250
0.530671 -0.166987 2.091700
0.523702 -0.257020 2.070520
0.248985 -0.070594 2.079210
0.230926 -0.500507 2.092940
0.234904 -0.793002 2.093040
0.243930 -0.828038 2.007610
0.394198 -0.066881 2.094570
0.403352 -0.508802 2.114290
0.397774 -0.804530 2.119830
0.355044 -0.871093 2.119990
0.317133 0.004079 2.099000
0.308518 0.071570 2.146980
0.292497 0.444482 2.143570
0.308662 0.636479 2.159550
0.142402 0.310787 2.133180
0.100457 0.034607 2.109830
0.103969 -0.172957 2.043290
0.107514 -0.245506 2.025430
0.467496 0.308101 2.167290
0.536834 0.049599 2.160710
0.530128 -0.167052 2.094330
0.522874 -0.257105 2.073170
0.248448 -0.070433 2.082350
0.230274 -0.500489 2.094790
0.234667 -0.793063 2.093340
0.243633 -0.828125 2.007940
0.393816 -0.066864 2.097280
0.402827 -0.508827 2.115760
0.397761 -0.804589 2.120030
0.355012 -0.871124 2.120140
0.316785 0.004184 2.102120
0.308305 0.071774 2.149880
0.292553 0.444601 2.145360
0.308681 0.636466 2.161310
0.142265 0.311093 2.135870
0.100227 0.034727 2.113490
0.103313 -0.172990 2.047380
0.106726 -0.244536 2.029780
0.467344 0.308236 2.169040
0.536570 0.049418 2.163000
0.529503 -0.167224 2.097430
0.522083 -0.257265 2.076000
0.247978 -0.070257 2.085840
0.229468 -0.500401 2.097090
0.234426 -0.793116 2.093720
0.243334 -0.828211 2.008350
0.393416 -0.066817 2.100600
0.402305 -0.508863 2.117620
0.397761 -0.804642 2.120280
0.355002 -0.871152 2.120260
0.316454 0.004215 2.105880
0.308160 0.071916 2.153290
0.292662 0.444550 2.147230
0.308770 0.636439 2.162930
0.142146 0.311491 2.138940
0.100049 0.034891 2.117690
0.102689 -0.173016 2.052300
0.106007 -0.243672 2.033810
0.467236 0.308365 2.170860
0.536364 0.049264 2.165380
0.528966 -0.167427 2.100740
0.521415 -0.257420 2.078830
0.247458 -0.070178 2.090470
0.228617 -0.500299 2.099980
0.234151 -0.793058 2.094480
0.242954 -0.828209 2.009150
0.393065 -0.066862 2.104360
0.401870 -0.508782 2.120230
0.397811 -0.804701 2.120600
0.355022 -0.871180 2.120370
0.316280 0.004097 2.110370
0.308165 0.071981 2.157250
0.292864 0.444409 2.149010
0.308886 0.636413 2.164370
0.142155 0.311782 2.141680
0.099951 0.034979 2.122170
0.102191 -0.173188 2.057890
0.105462 -0.243232 2.037560
0.467213 0.308434 2.172670
0.536251 0.049071 2.167900
0.528429 -0.168012 2.104200
0.520681 -0.258206 2.083070
0.247123 -0.070278 2.096030
0.227830 -0.500005 2.103270
0.233905 -0.792980 2.095250
0.242608 -0.828203 2.009960
0.392848 -0.067067 2.109040
0.401461 -0.508598 2.123560
0.397884 -0.804762 2.120950
0.355051 -0.871203 2.120470
0.316197 0.003915 2.115180
0.308242 0.072000 2.161400
0.293185 0.444141 2.150690
0.309066 0.636355 2.165710
0.142271 0.311976 2.144360
0.099871 0.034950 2.126620
0.101815 -0.173582 2.064000
0.105022 -0.243063 2.041940
0.467529 0.308439 2.175050
0.536098 0.048822 2.170550
0.527937 -0.168859 2.107670
0.520264 -0.258715 2.088810
0.246779 -0.070475 2.102060
0.227204 -0.499588 2.107060
0.233683 -0.792897 2.095980
0.242320 -0.828206 2.010740
0.392769 -0.067471 2.114120
0.401098 -0.508499 2.127570
0.397957 -0.804815 2.121330
0.355122 -0.871244 2.120610
0.316151 0.003684 2.120360
0.308350 0.072027 2.165550
0.293518 0.443837 2.152120
0.309351 0.636323 2.166850
0.142443 0.312109 2.146710
0.099723 0.035019 2.131160
0.101647 -0.173886 2.070340
0.104611 -0.243085 2.046970
0.467920 0.308428 2.177370
0.536044 0.048399 2.173770
0.527367 -0.169897 2.111700
0.519971 -0.258834 2.094230
0.246450 -0.070713 2.108410
0.226617 -0.499316 2.111220
0.233399 -0.792628 2.097020
0.241976 -0.828071 2.011830
0.392744 -0.067994 2.119970
0.400823 -0.508444 2.132110
0.398097 -0.804859 2.121840
0.355224 -0.871274 2.120740
0.316018 0.003439 2.126280
0.308435 0.072077 2.169870
0.293935 0.443382 2.153450
0.309719 0.636256 2.167810
0.142703 0.312194 2.148870
0.099500 0.035048 2.135650
0.101765 -0.174178 2.076180
0.104335 -0.243489 2.052880
0.468449 0.308433 2.179700
0.536009 0.047991 2.177110
0.526594 -0.171141 2.117400
0.519589 -0.260277 2.101400
0.245901 -0.070914 2.115720
0.226057 -0.499107 2.115700
0.233185 -0.792382 2.098230
0.241711 -0.828000 2.013110
0.392612 -0.068634 2.126810
0.400607 -0.508299 2.137000
0.398297 -0.804915 2.122450
0.355408 -0.871328 2.120890
0.315691 0.003016 2.133040
0.308439 0.072043 2.174330
0.294442 0.442693 2.154730
0.310208 0.636066 2.168500
0.143035 0.312217 2.150840
0.099297 0.034781 2.140250
0.102021 -0.174815 2.082160
0.104343 -0.244910 2.059290
0.469072 0.308379 2.181910
0.535989 0.047627 2.180360
0.525869 -0.172801 2.123630
0.519488 -0.261273 2.109640
0.244993 -0.071253 2.124050
0.225633 -0.498959 2.120330
0.233001 -0.792204 2.099260
0.241479 -0.828018 2.014250
0.392286 -0.069606 2.134660
0.400499 -0.508076 2.142150
0.398609 -0.804951 2.123320
0.355648 -0.871359 2.121060
0.315536 0.002359 2.140440
0.308610 0.071901 2.178690
0.295162 0.441675 2.155940
0.311146 0.635524 2.168910
0.143512 0.312101 2.152810
0.099098 0.034250 2.144760
0.102447 -0.175908 2.088850
0.104655 -0.247347 2.066500
0.469720 0.308297 2.183970
0.535983 0.047119 2.184190
0.525376 -0.174768 2.131330
0.519476 -0.261641 2.118350
0.244338 -0.071767 2.132630
0.225311 -0.498655 2.124950
0.232841 -0.792076 2.100420
0.241258 -0.828149 2.015570
0.392120 -0.070837 2.143920
0.400548 -0.507578 2.147430
0.398960 -0.804990 2.124680
0.355980 -0.871416 2.121280
0.315431 0.001447 2.148730
0.308838 0.071641 2.183080
0.296098 0.440326 2.157090
0.312429 0.634614 2.168930
0.144086 0.311873 2.154610
0.098665 0.033367 2.149940
0.102938 -0.177331 2.096020
0.105151 -0.250057 2.073410
0.470711 0.308007 2.186420
0.535896 0.046403 2.188870
0.525166 -0.176790 2.139970
0.519310 -0.262730 2.126730
0.243652 -0.072524 2.142460
0.224885 -0.498327 2.130540
0.232810 -0.792001 2.102110
0.241238 -0.828462 2.017510
0.392018 -0.072417 2.153980
0.400602 -0.506707 2.152500
0.399415 -0.804895 2.126560
0.356413 -0.871400 2.121520
0.315428 0.000548 2.157440
0.309123 0.071402 2.187130
0.297011 0.438889 2.158020
0.314021 0.633302 2.168240
0.144804 0.311560 2.156270
0.098170 0.032414 2.154800
0.103345 -0.179201 2.104690
0.105344 -0.252153 2.081190
0.471711 0.307665 2.188690
0.535874 0.045396 2.195260
0.524555 -0.179068 2.149610
0.519408 -0.265351 2.138990
0.243245 -0.073111 2.152510
0.224198 -0.497564 2.137980
0.232996 -0.792012 2.104660
0.241478 -0.829037 2.020460
0.392050 -0.073880 2.165010
0.400533 -0.505516 2.157750
0.399975 -0.804829 2.128610
0.357197 -0.871468 2.122190
0.315978 -0.000855 2.168270
0.309787 0.070806 2.191970
0.298394 0.436126 2.158870
0.317271 0.629083 2.164410
0.145628 0.311054 2.157850
0.097576 0.031021 2.159720
0.103768 -0.182026 2.115480
0.106189 -0.262272 2.092280
0.472767 0.307184 2.190840
0.535888 0.044335 2.202020
0.524357 -0.181673 2.159260
0.519325 -0.268519 2.152110
0.243575 -0.074436 2.165140
0.223809 -0.497517 2.147170
0.233370 -0.792315 2.108200
0.241948 -0.830171 2.024590
0.392840 -0.075755 2.179090
0.400404 -0.504379 2.163050
0.400543 -0.804781 2.130940
0.358112 -0.871576 2.123000
0.316778 -0.002486 2.179160
0.310737 0.069849 2.197130
0.300469 0.431683 2.159530
0.320968 0.623903 2.158550
0.146669 0.310224 2.159390
0.096816 0.028981 2.164950
0.104363 -0.185415 2.126230
0.106437 -0.273006 2.106870
0.473903 0.306360 2.192980
0.535863 0.043154 2.208820
0.524044 -0.184225 2.168780
0.519423 -0.269258 2.163870
0.244152 -0.076108 2.177900
0.223685 -0.497509 2.154160
0.234276 -0.792840 2.113330
0.243017 -0.831767 2.030430
0.393761 -0.077377 2.192050
0.400075 -0.503699 2.167380
0.400833 -0.804857 2.132960
0.358985 -0.871873 2.123990
0.317435 -0.004837 2.190350
0.311722 0.068136 2.202770
0.303084 0.424144 2.159440
0.324364 0.618145 2.152020
0.147932 0.308508 2.160980
0.096125 0.025504 2.170740
0.104529 -0.190800 2.139270
0.105827 -0.283241 2.122080
0.475293 0.304644 2.195260
0.536547 0.037666 2.218700
0.523293 -0.186985 2.180110
0.519581 -0.269847 2.175120
0.244403 -0.078517 2.190810
0.223722 -0.497626 2.159460
0.235597 -0.793105 2.119370
0.244516 -0.833248 2.037190
0.394650 -0.080188 2.206650
0.399396 -0.503415 2.171140
0.400878 -0.804971 2.134680
0.359202 -0.871977 2.125050
0.317917 -0.008716 2.202430
0.312727 0.064947 2.209330
0.305956 0.412976 2.157670
0.328366 0.605669 2.138780
0.149817 0.305035 2.162720
0.095642 0.020918 2.176630
0.103681 -0.196873 2.151650
0.104792 -0.292746 2.138170
0.476796 0.301875 2.197470
0.537247 0.032882 2.225980
0.522741 -0.190862 2.195720
0.519620 -0.276563 2.192600
0.244729 -0.082700 2.205870
0.223953 -0.498028 2.164300
0.236374 -0.793321 2.123420
0.245410 -0.834607 2.041940
0.394938 -0.083986 2.221060
0.398440 -0.503372 2.174510
0.400398 -0.805110 2.136400
0.359215 -0.872154 2.125880
0.317936 -0.015020 2.215810
0.313474 0.058827 2.217850
0.308335 0.398653 2.155180
0.331991 0.587275 2.123330
0.152726 0.297968 2.164320
0.095423 0.014130 2.182470
0.099642 -0.206435 2.169320
0.101728 -0.304112 2.160750
0.480145 0.293979 2.200610
0.538486 0.023697 2.234270
0.522895 -0.196702 2.209600
0.520353 -0.282621 2.208150
0.244414 -0.089646 2.222870
0.224056 -0.498530 2.167970
0.237025 -0.793576 2.126850
0.246227 -0.836072 2.046150
0.394720 -0.090077 2.236170
0.397449 -0.503478 2.177300
0.399813 -0.805157 2.137560
0.359031 -0.872279 2.126590
0.317458 -0.025747 2.231600
0.313780 0.047152 2.229380
0.310002 0.373968 2.151630
0.333716 0.569778 2.111620
0.155696 0.282167 2.165610
0.096314 -0.000481 2.189580
0.093834 -0.220884 2.184560
0.096930 -0.319080 2.181500
0.483544 0.278495 2.204070
0.539866 0.006273 2.243650
0.524263 -0.210151 2.224360
0.522739 -0.303246 2.229040
0.243671 -0.099984 2.240520
0.224002 -0.499000 2.170610
0.237460 -0.793786 2.129190
0.272872 -0.847546 2.091910
0.393939 -0.101310 2.255570
0.396693 -0.503892 2.179740
0.399056 -0.805175 2.138450
0.358684 -0.872324 2.126950
0.317207 -0.035603 2.244770
0.313999 0.035546 2.239480
0.310787 0.350946 2.149340
0.334099 0.552279 2.102100
0.157787 0.265208 2.165830
0.097920 -0.016027 2.195340
0.088534 -0.235643 2.200570
0.094411 -0.326814 2.195710
0.486955 0.262396 2.207590
0.540945 -0.012278 2.251080
0.526906 -0.227035 2.237800
0.524918 -0.322508 2.244630
0.243167 -0.110034 2.255920
0.223503 -0.499530 2.172570
0.237644 -0.794008 2.130350
0.288529 -0.854135 2.117010
0.393744 -0.111250 2.271400
0.396116 -0.504288 2.181670
0.397570 -0.805121 2.138430
0.357873 -0.872438 2.127140
0.317285 -0.052096 2.261840
0.314474 0.016591 2.253180
0.311535 0.325775 2.149390
0.334562 0.517977 2.090260
0.159206 0.237815 2.165310
0.098522 -0.040585 2.201950
0.084124 -0.256584 2.214500
0.089031 -0.351269 2.220120
0.488937 0.238051 2.210720
0.540654 -0.035268 2.257420
0.536680 -0.253220 2.260000
0.529432 -0.338594 2.263310
0.243339 -0.125410 2.274290
0.221929 -0.500544 2.174210
0.237344 -0.794844 2.128880
0.294822 -0.856601 2.126610
0.393598 -0.125990 2.290050
0.395519 -0.504967 2.183380
0.395227 -0.805031 2.137600
0.354717 -0.871841 2.124210
0.317304 -0.067216 2.275010
0.314672 -0.001194 2.263870
0.311076 0.296397 2.150520
0.334388 0.495621 2.084420
0.159456 0.212969 2.164770
0.097932 -0.063496 2.206970
0.081520 -0.277014 2.227230
0.083007 -0.372501 2.240240
0.490515 0.213174 2.212980
0.539790 -0.062837 2.262520
0.543977 -0.278925 2.273980
0.538423 -0.370644 2.286760
0.243516 -0.140325 2.288900
0.218506 -0.502468 2.175600
0.235719 -0.793599 2.121300
0.266032 -0.856441 2.089360
0.393598 -0.140834 2.305930
0.395054 -0.505118 2.185080
0.391231 -0.803798 2.133600
0.373849 -0.866611 2.092860
0.317946 -0.093677 2.293320
0.315409 -0.029458 2.278280
0.311055 0.265280 2.153310
0.332823 0.468121 2.080360
0.159246 0.181012 2.165610
0.097395 -0.094146 2.213320
0.081885 -0.305710 2.243390
0.078950 -0.398641 2.257160
0.491567 0.181425 2.215220
0.537247 -0.095848 2.269180
0.548230 -0.309590 2.290490
0.540890 -0.380955 2.297070
0.244756 -0.168417 2.312890
0.211368 -0.507534 2.176380
0.233237 -0.790042 2.112280
0.248500 -0.846527 2.048690
0.393992 -0.162917 2.323640
0.394825 -0.506453 2.187340
0.387976 -0.802436 2.129940
0.390332 -0.856240 2.054250
0.319154 -0.117529 2.308310
0.316535 -0.053955 2.290070
0.311380 0.241653 2.156860
0.330701 0.443523 2.080520
0.159529 0.152551 2.167640
0.097133 -0.121688 2.219290
0.082930 -0.331553 2.256330
0.077296 -0.423433 2.273150
0.491345 0.159291 2.218170
0.535513 -0.115872 2.273620
0.549822 -0.328043 2.299120
0.543729 -0.394707 2.309940
0.246703 -0.189384 2.328140
0.205269 -0.512823 2.176000
0.230506 -0.786350 2.107500
0.236220 -0.838469 2.027270
0.394505 -0.186006 2.341220
0.394818 -0.508119 2.189230
0.385536 -0.801319 2.127210
0.396538 -0.852503 2.040140
0.318598 -0.143717 2.321330
0.316252 -0.082424 2.301220
0.312247 0.202655 2.165050
0.327626 0.397209 2.081850
0.157775 0.112262 2.175860
0.095020 -0.162088 2.227530
0.077713 -0.370283 2.269010
0.077160 -0.440053 2.282490
0.489764 0.126272 2.223620
0.533687 -0.134870 2.278340
0.549843 -0.346107 2.305850
0.545630 -0.404665 2.318830
0.246471 -0.214909 2.342170
0.198126 -0.521103 2.174380
0.228688 -0.783806 2.104570
0.218752 -0.838079 2.030940
0.393063 -0.212054 2.356430
0.395914 -0.513193 2.191470
0.383704 -0.800209 2.125160
0.399847 -0.850577 2.032640
0.317093 -0.174247 2.334730
0.314859 -0.113343 2.312780
0.310693 0.173642 2.173270
0.325906 0.368832 2.084530
0.156369 0.080591 2.184540
0.094742 -0.190875 2.237560
0.075651 -0.403137 2.281810
0.072343 -0.465554 2.297190
0.487227 0.095083 2.229960
0.530574 -0.163883 2.288620
0.551074 -0.373897 2.313520
0.551629 -0.451857 2.335980
0.245611 -0.244540 2.356060
0.189209 -0.535751 2.173620
0.227156 -0.781860 2.102660
0.207963 -0.838833 2.037810
0.391275 -0.239963 2.370250
0.397791 -0.522625 2.193650
0.382493 -0.799301 2.123760
0.401815 -0.849131 2.027990
0.316113 -0.203060 2.346740
0.313857 -0.144674 2.324230
0.308175 0.130223 2.187320
0.323064 0.337464 2.093620
0.153617 0.043229 2.198640
0.095566 -0.213213 2.247790
0.072849 -0.422546 2.289510
0.063828 -0.503042 2.314340
0.484744 0.058885 2.240350
0.529255 -0.190189 2.299660
0.550636 -0.400492 2.324560
0.552830 -0.460456 2.341730
0.244612 -0.276322 2.370990
0.181401 -0.551926 2.172040
0.237106 -0.827372 2.094770
0.229449 -0.890030 2.024090
0.390615 -0.267598 2.382090
0.400238 -0.538378 2.192450
0.378533 -0.827977 2.118520
0.394816 -0.895204 2.030220
0.315356 -0.233928 2.360530
0.313188 -0.176369 2.337150
0.306860 0.097336 2.199900
0.321857 0.297503 2.110180
0.151836 0.011421 2.215300
0.094759 -0.252554 2.269410
0.065431 -0.462117 2.296680
0.054744 -0.549390 2.326470
0.483784 0.032723 2.250400
0.528209 -0.208017 2.307320
0.551361 -0.418941 2.337840
0.547644 -0.477496 2.341280
0.243491 -0.306084 2.386030
0.176892 -0.559640 2.170570
0.242026 -0.849846 2.093250
0.239927 -0.914765 2.020450
0.390577 -0.299293 2.395850
0.406955 -0.562007 2.191230
0.374206 -0.857189 2.114460
0.387389 -0.929923 2.033010
0.315081 -0.266130 2.374940
0.312796 -0.207229 2.350630
0.305127 0.072018 2.212960
0.321495 0.273354 2.121300
0.149768 -0.021204 2.234430
0.099658 -0.291912 2.293440
0.053140 -0.498044 2.301610
0.037857 -0.576579 2.320890
0.482975 -0.011604 2.268700
0.526448 -0.249194 2.323810
0.556474 -0.458359 2.357610
0.552067 -0.519091 2.367420
0.243103 -0.339224 2.400780
0.172094 -0.569623 2.166980
0.247444 -0.868446 2.093950
0.248778 -0.931027 2.020920
0.391252 -0.332189 2.410030
0.412787 -0.581996 2.187100
0.370640 -0.880995 2.112210
0.381067 -0.952859 2.037290
0.314565 -0.296946 2.389770
0.312352 -0.240143 2.366590
0.304422 0.032678 2.237710
0.320498 0.232432 2.143950
0.148255 -0.049244 2.253300
0.099475 -0.317942 2.310370
0.040509 -0.524532 2.318880
0.033171 -0.590959 2.325900
0.483478 -0.039084 2.283240
0.529945 -0.288318 2.341180
0.559181 -0.496670 2.374630
0.553734 -0.560379 2.390330
0.241618 -0.374099 2.415920
0.167656 -0.588999 2.165820
0.255715 -0.886233 2.098420
0.259907 -0.947349 2.024520
0.391678 -0.361311 2.424110
0.419020 -0.599232 2.184980
0.365688 -0.900341 2.113410
0.375003 -0.968901 2.041310
0.312742 -0.326642 2.405350
0.310676 -0.268998 2.382180
0.302763 0.008017 2.255940
0.319861 0.204953 2.164630
0.146243 -0.079418 2.276830
0.095904 -0.342103 2.328970
0.031593 -0.547176 2.331080
0.028299 -0.605443 2.332350
0.482818 -0.071562 2.304760
0.532546 -0.325909 2.362570
0.561067 -0.533623 2.401750
0.560556 -0.599581 2.418990
0.238708 -0.401064 2.428450
0.163595 -0.604754 2.165510
0.263937 -0.897713 2.102820
0.270127 -0.957666 2.028460
0.391563 -0.393062 2.440030
0.423409 -0.611618 2.182040
0.361255 -0.914987 2.115830
0.369753 -0.979433 2.046210
0.310841 -0.348931 2.420380
0.308668 -0.292809 2.398970
0.299805 -0.023518 2.287200
0.317936 0.171486 2.193650
0.143425 -0.098363 2.294270
0.091612 -0.354312 2.340820
0.028200 -0.559403 2.338120
0.024939 -0.615845 2.338930
0.483234 -0.097382 2.328020
0.542686 -0.365916 2.391300
0.568391 -0.575561 2.420830
0.567573 -0.628887 2.433930
0.234102 -0.426467 2.444960
0.161152 -0.612373 2.165330
0.266229 -0.904958 2.106930
0.273674 -0.963864 2.031880
0.391715 -0.416393 2.454130
0.425993 -0.618765 2.180500
0.358671 -0.923471 2.120290
0.366874 -0.985671 2.050520
0.308432 -0.371451 2.439910
0.306610 -0.316451 2.420190
0.299632 -0.049163 2.317020
0.316622 0.147972 2.229930
0.137636 -0.129225 2.328180
0.081131 -0.362669 2.354140
0.023798 -0.568450 2.344260
0.019433 -0.624629 2.347200
0.484674 -0.122815 2.354220
0.548640 -0.382963 2.405510
0.571978 -0.592387 2.431450
0.572245 -0.645717 2.444510
0.229324 -0.447627 2.461340
0.159501 -0.617092 2.165300
0.249163 -0.911054 2.130860
0.257176 -0.967644 2.055360
0.391360 -0.443059 2.474380
0.427726 -0.623491 2.179860
0.357609 -0.928615 2.123750
0.365262 -0.989177 2.053860
0.305920 -0.385994 2.453880
0.304164 -0.331867 2.436080
0.297596 -0.068252 2.349970
0.312826 0.126367 2.269530
0.134695 -0.144530 2.346220
0.063592 -0.366032 2.366570
0.020984 -0.574987 2.355220
0.013401 -0.631746 2.359840
0.485958 -0.143035 2.380740
0.562521 -0.401050 2.428350
0.576467 -0.608976 2.435600
0.590502 -0.661200 2.451220
0.224845 -0.462206 2.473600
0.158247 -0.620382 2.165440
0.238969 -0.913363 2.143570
0.247939 -0.968007 2.067280
0.390475 -0.458865 2.486180
0.429022 -0.626806 2.179530
0.357471 -0.930867 2.128890
0.364990 -0.989167 2.058350
0.303121 -0.399203 2.468650
0.301414 -0.346052 2.453590
0.295398 -0.083890 2.382500
0.309298 0.113164 2.310660
0.128726 -0.162913 2.380450
0.044257 -0.364782 2.382480
0.017224 -0.577994 2.366480
0.009484 -0.636717 2.367940
0.485535 -0.158457 2.405270
0.571406 -0.409091 2.444250
0.585984 -0.617906 2.446970
0.620726 -0.668910 2.466050
0.219666 -0.476183 2.487040
0.156878 -0.622494 2.166540
0.233253 -0.914476 2.149860
0.241674 -0.967342 2.073200
0.389678 -0.472397 2.496360
0.430176 -0.628970 2.179920
0.358236 -0.931181 2.134030
0.365258 -0.987118 2.062430
0.302707 -0.410233 2.485280
0.300950 -0.357433 2.472930
0.293766 -0.094300 2.416850
0.306944 0.102424 2.355780
0.124822 -0.175514 2.406480
0.018241 -0.373439 2.416510
0.016327 -0.587534 2.387880
0.005446 -0.645660 2.381720
0.485568 -0.177166 2.446480
0.577313 -0.414867 2.467150
0.605676 -0.623157 2.459220
0.648267 -0.673855 2.485050
0.217354 -0.487989 2.499850
0.155781 -0.623638 2.168770
0.228547 -0.914845 2.153310
0.237003 -0.966054 2.076030
0.391553 -0.484432 2.508870
0.432234 -0.627888 2.183820
0.360217 -0.928674 2.138600
0.367926 -0.981079 2.065800
0.302979 -0.419239 2.502420
0.301468 -0.366741 2.493110
0.295108 -0.103141 2.452900
0.302946 0.095356 2.402160
0.120425 -0.187499 2.452560
0.003617 -0.375723 2.441830
0.014333 -0.591581 2.423800
0.001183 -0.651989 2.401990
0.483538 -0.186833 2.468270
0.578963 -0.423875 2.498240
0.618483 -0.628292 2.463690
0.660792 -0.679070 2.492410
0.216069 -0.497519 2.512400
0.155109 -0.623375 2.173730
0.224266 -0.914359 2.154720
0.230646 -0.963052 2.075930
0.393127 -0.493184 2.519860
0.434709 -0.624370 2.190540
0.362707 -0.924085 2.143330
0.369369 -0.973321 2.068770
0.302825 -0.425225 2.519070
0.301315 -0.372830 2.512510
0.294905 -0.108913 2.485530
0.300530 0.093601 2.439670
0.118153 -0.192633 2.477110
-0.004822 -0.377429 2.463050
0.014228 -0.593861 2.439310
-0.001042 -0.655788 2.413710
0.479120 -0.195687 2.510190
0.578126 -0.428666 2.525680
0.623721 -0.632039 2.467900
0.664176 -0.686786 2.489830
0.214911 -0.504223 2.523470
0.154935 -0.622365 2.179180
0.220195 -0.913152 2.155130
0.226302 -0.959785 2.075220
0.394277 -0.499936 2.532600
0.437120 -0.618581 2.201820
0.365688 -0.918820 2.146660
0.373138 -0.964441 2.070350
0.300992 -0.430066 2.537150
0.299675 -0.377527 2.533110
0.294664 -0.112156 2.519770
0.298363 0.093449 2.474610
0.116358 -0.198486 2.522500
-0.010863 -0.383822 2.503280
0.014254 -0.595357 2.446370
-0.002047 -0.657918 2.418310
0.476191 -0.201531 2.532520
0.574991 -0.429596 2.552710
0.624624 -0.633384 2.474230
0.658477 -0.692207 2.484720
0.212937 -0.509075 2.534090
0.155001 -0.620917 2.184480
0.216552 -0.910966 2.153230
0.220812 -0.954845 2.071260
0.393003 -0.506329 2.548430
0.437790 -0.613411 2.212680
0.370488 -0.913069 2.148430
0.376912 -0.956092 2.070120
0.296627 -0.434030 2.567450
0.295670 -0.380568 2.562980
0.292466 -0.112557 2.545390
0.295726 0.095499 2.516940
0.115171 -0.201470 2.543360
-0.010604 -0.389938 2.531400
0.014989 -0.596163 2.451100
-0.002724 -0.659550 2.422180
0.469867 -0.207458 2.561870
0.568687 -0.430306 2.578350
0.625923 -0.633478 2.478490
0.655102 -0.693419 2.479760
0.208418 -0.513150 2.560350
0.156032 -0.618078 2.191720
0.217211 -0.904899 2.149340
0.221654 -0.946783 2.066230
0.388421 -0.512054 2.577820
0.436873 -0.609442 2.220770
0.378579 -0.904719 2.147790
0.385214 -0.945684 2.067520
0.293345 -0.435818 2.583310
0.292631 -0.381901 2.579710
0.291262 -0.110803 2.571720
0.293283 0.098441 2.548210
0.113378 -0.203726 2.565090
-0.008061 -0.396452 2.558040
0.018179 -0.593596 2.451430
-0.002621 -0.659112 2.423940
0.465872 -0.211247 2.582970
0.567222 -0.445603 2.625830
0.617485 -0.631144 2.485360
0.638371 -0.691275 2.466810
0.204520 -0.514567 2.575060
0.157136 -0.615595 2.196990
0.217769 -0.899367 2.145790
0.222098 -0.939330 2.061600
0.384780 -0.515111 2.592340
0.435403 -0.606346 2.226770
0.385300 -0.897886 2.146950
0.391595 -0.937174 2.065050
0.291683 -0.436732 2.595680
0.290964 -0.382236 2.594860
0.289332 -0.107108 2.599460
0.294383 0.105793 2.595470
0.112129 -0.203570 2.588650
0.001354 -0.403109 2.587570
0.020766 -0.590682 2.453660
-0.003135 -0.654114 2.423800
0.462603 -0.212942 2.610680
0.563042 -0.446176 2.645330
0.608097 -0.622116 2.495670
0.628831 -0.686655 2.462680
0.202793 -0.515316 2.584240
0.158825 -0.612699 2.201290
0.213016 -0.854830 2.137330
0.214929 -0.848359 2.058140
0.382678 -0.516989 2.603470
0.433532 -0.603704 2.231130
0.403947 -0.849686 2.145570
0.386026 -0.880806 2.072450
0.289865 -0.436435 2.603910
0.288797 -0.381110 2.606100
0.286663 -0.102038 2.622270
0.292380 0.109494 2.619030
0.111461 -0.203217 2.605090
0.004782 -0.406187 2.601620
0.023769 -0.587689 2.455710
-0.000469 -0.645783 2.420390
0.461036 -0.213814 2.627720
0.557789 -0.446054 2.658990
0.601372 -0.613671 2.497980
0.615322 -0.671622 2.452530
0.200475 -0.514396 2.590530
0.160369 -0.610120 2.204270
0.210821 -0.832947 2.134790
0.202919 -0.800376 2.058530
0.381099 -0.517869 2.610200
0.431143 -0.600291 2.234620
0.414872 -0.820454 2.146490
0.384705 -0.854841 2.080140
0.288695 -0.436251 2.609680
0.287297 -0.380143 2.615530
0.285168 -0.096803 2.641490
0.288169 0.114435 2.646400
0.111174 -0.203099 2.617700
0.007445 -0.408506 2.612280
0.025961 -0.580732 2.455220
0.004408 -0.632590 2.412830
0.459231 -0.214738 2.640070
0.553624 -0.445146 2.667550
0.577030 -0.580573 2.482940
0.594158 -0.629848 2.428530
0.198981 -0.513487 2.594740
0.161884 -0.607845 2.206270
0.209794 -0.822918 2.134550
0.199646 -0.783585 2.058590
0.379987 -0.518354 2.614730
0.428527 -0.596600 2.236960
0.419565 -0.807731 2.147170
0.384811 -0.843811 2.084110
0.287737 -0.435523 2.615730
0.285737 -0.378834 2.628580
0.281874 -0.092568 2.663350
0.283894 0.117151 2.673410
0.111086 -0.203451 2.627460
0.008842 -0.409972 2.619110
0.027728 -0.569137 2.450090
0.012782 -0.613096 2.399110
0.457101 -0.215350 2.651880
0.550299 -0.443573 2.673170
0.565589 -0.561540 2.475960
0.586906 -0.615005 2.421600
0.198104 -0.512474 2.598290
0.163639 -0.605141 2.207860
0.209543 -0.816116 2.135120
0.197066 -0.785764 2.062240
0.379055 -0.517988 2.618780
0.425921 -0.592722 2.238510
0.422510 -0.799727 2.147590
0.386146 -0.836452 2.086410
0.287322 -0.434682 2.620750
0.285080 -0.377807 2.639560
0.279933 -0.089427 2.678070
0.278902 0.119498 2.704420
0.110988 -0.204134 2.636710
0.009596 -0.410952 2.624260
0.025384 -0.543074 2.437300
0.023567 -0.578659 2.377800
0.454927 -0.215426 2.661640
0.547370 -0.440554 2.675840
0.559674 -0.542567 2.468200
0.582929 -0.600954 2.416700
0.197747 -0.511448 2.600910
0.165038 -0.603114 2.208850
0.209851 -0.812219 2.136890
0.195397 -0.785402 2.065650
0.378614 -0.516813 2.622490
0.423789 -0.589476 2.239390
0.424106 -0.794374 2.148140
0.388252 -0.833742 2.088880
0.287271 -0.433986 2.625240
0.284984 -0.377457 2.649550
0.278665 -0.086948 2.691400
0.275772 0.120036 2.724330
0.110916 -0.205235 2.645920
0.009974 -0.411048 2.627630
0.023226 -0.519400 2.424840
0.023702 -0.554549 2.363760
0.453366 -0.215400 2.669370
0.541712 -0.431478 2.670410
0.560762 -0.526655 2.460490
0.568552 -0.551891 2.393780
0.197811 -0.510610 2.603070
0.166096 -0.601625 2.209470
0.210660 -0.811394 2.140470
0.195689 -0.792489 2.070270
0.378436 -0.515587 2.625510
0.422270 -0.586892 2.239900
0.422702 -0.792266 2.149400
0.393258 -0.835972 2.091180
0.287623 -0.433308 2.629780
0.285295 -0.377479 2.658910
0.277454 -0.085336 2.701820
0.272195 0.118146 2.740960
0.110697 -0.206679 2.654450
0.008682 -0.409430 2.629550
0.019401 -0.486213 2.410820
0.014049 -0.537538 2.368390
0.452326 -0.215419 2.675350
0.553802 -0.412351 2.674290
0.557577 -0.484486 2.456930
0.557729 -0.513135 2.392610
0.198232 -0.509902 2.604990
0.166878 -0.600556 2.209860
0.209209 -0.812319 2.142310
0.242983 -0.803226 2.098320
0.378832 -0.513934 2.628820
0.421818 -0.582264 2.241960
0.420259 -0.790237 2.150990
0.401228 -0.832194 2.084620
0.288094 -0.433088 2.634540
0.285559 -0.378228 2.667920
0.275927 -0.083575 2.712440
0.269594 0.113881 2.759800
0.110872 -0.208062 2.660620
0.007493 -0.406690 2.628910
0.018206 -0.470030 2.403030
0.031623 -0.490782 2.346850
0.451484 -0.215458 2.679960
0.556405 -0.401560 2.662660
0.556679 -0.463229 2.440180
0.556809 -0.485929 2.372840
0.198990 -0.509437 2.607170
0.167380 -0.599707 2.210190
0.207233 -0.813896 2.143580
0.273329 -0.812100 2.117880
0.379313 -0.512454 2.632050
0.422201 -0.576021 2.245160
0.416989 -0.789796 2.152910
0.405578 -0.830166 2.081000
0.288546 -0.433011 2.638130
0.285836 -0.379165 2.674690
0.274560 -0.082722 2.722820
0.266523 0.109633 2.777600
0.111503 -0.209305 2.665960
0.006453 -0.403770 2.628650
0.039593 -0.446962 2.351250
0.053769 -0.466731 2.289820
0.450907 -0.215438 2.683850
0.557793 -0.395228 2.651580
0.557235 -0.432263 2.417020
0.552631 -0.460704 2.361410
0.199974 -0.509065 2.609210
0.167613 -0.598204 2.210580
0.205384 -0.814479 2.144560
0.283814 -0.816409 2.124920
0.379712 -0.511351 2.634300
0.424642 -0.566496 2.251130
0.412367 -0.791380 2.155540
0.407675 -0.829232 2.079250
0.289067 -0.432987 2.640810
0.286240 -0.380047 2.679710
0.273504 -0.082390 2.730810
0.264199 0.106976 2.789140
0.111974 -0.210504 2.669980
0.008160 -0.398552 2.613890
0.048517 -0.435152 2.329250
0.060272 -0.455868 2.272300
0.450398 -0.215425 2.686560
0.560062 -0.387497 2.624880
0.553496 -0.403883 2.387240
0.534768 -0.447851 2.313610
0.201208 -0.508816 2.610970
0.167460 -0.596209 2.211160
0.203535 -0.814777 2.145470
0.289619 -0.819710 2.129200
0.380315 -0.510245 2.635960
0.426463 -0.560671 2.254970
0.407777 -0.793993 2.158250
0.408785 -0.829013 2.078070
0.289714 -0.432765 2.642750
0.286729 -0.380634 2.683330
0.272796 -0.082422 2.737490
0.260798 0.104350 2.800330
0.112331 -0.211569 2.673030
0.009135 -0.395074 2.602820
0.051690 -0.428395 2.320080
0.064061 -0.448106 2.262780
0.449748 -0.215309 2.688620
0.556501 -0.382657 2.601390
0.547617 -0.387855 2.366890
0.516598 -0.435012 2.270920
0.203125 -0.508184 2.612060
0.165585 -0.590144 2.213360
0.200347 -0.813167 2.147840
0.286971 -0.826134 2.132310
0.381816 -0.507492 2.637030
0.427727 -0.556942 2.257500
0.404310 -0.796287 2.160450
0.409177 -0.829331 2.077250
0.290392 -0.432530 2.644240
0.287263 -0.381144 2.686190
0.271977 -0.082412 2.743360
0.258432 0.103061 2.807370
0.112622 -0.212398 2.675440
0.016270 -0.382299 2.564790
0.054226 -0.424553 2.314060
0.066463 -0.444187 2.255950
0.449093 -0.215175 2.690100
0.549901 -0.380704 2.583890
0.543267 -0.377901 2.353090
0.507643 -0.427585 2.250230
0.205281 -0.507506 2.612870
0.164380 -0.586284 2.215020
0.197420 -0.810480 2.151790
0.274053 -0.834152 2.130010
0.383152 -0.505109 2.637690
0.429224 -0.553648 2.259500
0.401705 -0.798324 2.162240
0.408844 -0.830238 2.076840
0.293172 -0.431926 2.645540
0.288812 -0.381658 2.688750
0.271329 -0.082532 2.748200
0.256607 0.102219 2.812140
0.112885 -0.213022 2.677260
0.022308 -0.374201 2.542220
0.056873 -0.423023 2.310280
0.068409 -0.442852 2.251140
0.447657 -0.214935 2.691060
0.540623 -0.379215 2.568620
0.536956 -0.368319 2.340590
0.499801 -0.400627 2.234960
0.214498 -0.505831 2.613110
0.153209 -0.617481 2.201710
0.204732 -0.853652 2.157540
0.237577 -0.896503 2.096520
0.387487 -0.500490 2.637160
0.430175 -0.551488 2.260580
0.402415 -0.802842 2.169260
0.388375 -0.853824 2.115680
0.296046 -0.430925 2.646140
0.290356 -0.381930 2.690610
0.270778 -0.082659 2.751910
0.255164 0.101681 2.815420
0.113074 -0.213455 2.678630
0.029357 -0.369478 2.527900
0.060841 -0.423929 2.307690
0.070775 -0.443861 2.247500
0.445364 -0.214546 2.691500
0.534166 -0.375734 2.556280
0.520157 -0.360772 2.327190
0.491448 -0.390542 2.226170
0.221287 -0.503746 2.612590
0.148041 -0.631536 2.195670
0.207707 -0.874951 2.161340
0.220109 -0.924360 2.082520
0.391706 -0.495458 2.635450
0.430853 -0.549747 2.261230
0.403730 -0.806149 2.174730
0.377819 -0.868739 2.140240
0.297999 -0.429919 2.646200
0.291420 -0.382043 2.691850
0.270384 -0.082710 2.754460
0.253915 0.101423 2.817520
0.113240 -0.213767 2.679620
0.033623 -0.366718 2.519830
0.067299 -0.425777 2.306930
0.081857 -0.454129 2.248630
0.442573 -0.214151 2.691430
0.529389 -0.373960 2.549240
0.508436 -0.357724 2.320520
0.465190 -0.391778 2.233620
0.225068 -0.501858 2.612320
0.148216 -0.585683 2.219800
0.196606 -0.833497 2.177240
0.204125 -0.890969 2.117890
0.393369 -0.490445 2.631290
0.431456 -0.546122 2.261490
0.404296 -0.808194 2.177620
0.392522 -0.861602 2.124300
0.299388 -0.428816 2.645170
0.292117 -0.382116 2.692490
0.270062 -0.082763 2.756240
0.252822 0.101366 2.818550
0.113377 -0.213993 2.680330
0.037454 -0.364922 2.514410
0.072260 -0.428983 2.306680
0.087916 -0.465677 2.250680
0.439340 -0.213864 2.691010
0.525813 -0.372882 2.544920
0.499147 -0.358980 2.317540
0.452235 -0.390620 2.236020
0.227375 -0.499188 2.610220
0.158198 -0.486989 2.251230
0.186763 -0.786531 2.179020
0.181314 -0.832624 2.094560
0.393908 -0.486921 2.627210
0.431690 -0.541862 2.261930
0.404566 -0.809516 2.179420
0.400816 -0.856340 2.112980
0.299771 -0.426972 2.642470
0.292386 -0.381826 2.692050
0.269675 -0.082792 2.757360
0.251550 0.101674 2.817940
0.113490 -0.214157 2.680790
0.041925 -0.364532 2.511320
0.075981 -0.432548 2.306620
0.090657 -0.471481 2.250690
0.436374 -0.213677 2.690390
0.522113 -0.371351 2.540860
0.483557 -0.365020 2.314780
0.437411 -0.388349 2.247320
0.227435 -0.495539 2.606570
0.156915 -0.510849 2.259620
0.184397 -0.778110 2.182150
0.173632 -0.829045 2.095310
0.393218 -0.484029 2.622690
0.431503 -0.537289 2.263090
0.404949 -0.810738 2.180900
0.405725 -0.853773 2.106890
0.298491 -0.421877 2.637210
0.291528 -0.379674 2.689440
0.268770 -0.082861 2.757110
0.250089 0.102200 2.815380
0.113461 -0.214306 2.680230
0.045181 -0.364976 2.509160
0.082953 -0.441604 2.307930
0.095380 -0.478796 2.251810
0.433976 -0.213556 2.689790
0.519589 -0.370250 2.538220
0.465502 -0.374990 2.316050
0.429778 -0.387898 2.251000
0.222235 -0.486733 2.596980
0.156626 -0.513595 2.263380
0.182910 -0.774190 2.185010
0.170083 -0.822359 2.094790
0.392112 -0.480621 2.618820
0.431212 -0.534377 2.264130
0.405552 -0.811951 2.182120
0.409467 -0.852450 2.103110
0.297075 -0.417354 2.632430
0.290097 -0.376894 2.686010
0.266363 -0.083070 2.753000
0.248263 0.103143 2.806440
0.113333 -0.214410 2.677810
0.047881 -0.366138 2.507670
0.095138 -0.456949 2.311750
0.102535 -0.488857 2.254080
0.431952 -0.213474 2.689180
0.517298 -0.369681 2.536800
0.440907 -0.402317 2.326180
0.418781 -0.416774 2.266850
0.218454 -0.480908 2.590010
0.155601 -0.525133 2.262830
0.182176 -0.775654 2.187470
0.170390 -0.819190 2.095260
0.391101 -0.477848 2.615970
0.431277 -0.533626 2.264430
0.407811 -0.813663 2.184780
0.401366 -0.867996 2.128730
0.295651 -0.413748 2.628110
0.288304 -0.373905 2.681840
0.263838 -0.083245 2.742670
0.246505 0.104507 2.789360
0.112832 -0.214587 2.672840
0.050029 -0.368504 2.506740
0.132935 -0.492618 2.339200
0.139148 -0.524998 2.280390
0.430235 -0.213471 2.688460
0.512610 -0.370426 2.536290
0.369149 -0.433352 2.313220
0.336971 -0.442326 2.263700
0.215348 -0.477238 2.585010
0.154460 -0.537941 2.258970
0.183144 -0.781705 2.189690
0.175974 -0.820780 2.097260
0.390258 -0.475759 2.613720
0.431501 -0.534092 2.264690
0.409733 -0.814949 2.186820
0.397840 -0.874547 2.139680
0.294305 -0.411499 2.623770
0.286600 -0.371849 2.677060
0.262833 -0.083886 2.731040
0.244500 0.107928 2.763280
0.112676 -0.214666 2.666900
0.052133 -0.371897 2.506550
0.157447 -0.511207 2.354770
0.157401 -0.540320 2.291790
0.428527 -0.213691 2.687230
0.505579 -0.374767 2.538560
0.344586 -0.445866 2.314020
0.298788 -0.458154 2.271780
0.212718 -0.475242 2.580590
0.153089 -0.549570 2.253580
0.184378 -0.787371 2.191000
0.181991 -0.823639 2.099190
0.389453 -0.474410 2.611800
0.430736 -0.544790 2.260330
0.412046 -0.815925 2.189300
0.395250 -0.877545 2.146670
0.292491 -0.410751 2.618300
0.284526 -0.371133 2.671090
0.262344 -0.085064 2.720950
0.243341 0.108731 2.745670
0.112320 -0.214871 2.660090
0.054461 -0.376847 2.506900
0.195353 -0.513022 2.358660
0.185764 -0.546550 2.297490
0.427088 -0.214040 2.685610
0.497459 -0.382092 2.543390
0.331634 -0.458313 2.316900
0.282906 -0.474234 2.278690
0.210003 -0.474950 2.576100
0.151206 -0.559642 2.247630
0.185548 -0.791633 2.191690
0.187200 -0.826303 2.100700
0.387548 -0.474534 2.607840
0.428853 -0.552798 2.257970
0.413787 -0.816620 2.191280
0.393650 -0.879268 2.150880
0.286982 -0.412617 2.609690
0.280264 -0.372179 2.663130
0.262441 -0.086032 2.712910
0.242880 0.109041 2.731770
0.112043 -0.215061 2.654110
0.056738 -0.382124 2.507820
0.209151 -0.514584 2.360750
0.200684 -0.549789 2.300600
0.426104 -0.214323 2.683740
0.490699 -0.389089 2.548440
0.318466 -0.498744 2.318800
0.269030 -0.506455 2.281450
0.201502 -0.477854 2.569410
0.150098 -0.571246 2.240060
0.186481 -0.794068 2.192030
0.191038 -0.827800 2.101700
0.378295 -0.480261 2.596290
0.426945 -0.559645 2.255370
0.415214 -0.817072 2.192920
0.392690 -0.880293 2.153580
0.281373 -0.416466 2.601110
0.275958 -0.374876 2.654770
0.263311 -0.087902 2.701910
0.242220 0.109616 2.717570
0.111710 -0.215072 2.649060
0.059800 -0.388146 2.509930
0.217785 -0.517315 2.363000
0.210937 -0.553119 2.303250
0.425015 -0.214569 2.679010
0.486066 -0.395127 2.552480
0.311867 -0.511609 2.319490
0.262177 -0.524123 2.283000
0.194971 -0.481248 2.564410
0.149487 -0.579726 2.234650
0.188035 -0.803076 2.182390
0.194843 -0.834645 2.094600
0.370460 -0.486796 2.586360
0.425621 -0.565580 2.252110
0.416333 -0.817358 2.194140
0.392007 -0.880776 2.155400
0.277595 -0.420595 2.594070
0.273158 -0.377971 2.647610
0.264728 -0.089968 2.690900
0.242536 0.109630 2.704650
0.111354 -0.214757 2.644800
0.062865 -0.393345 2.512550
0.223605 -0.519263 2.364690
0.217422 -0.555556 2.305260
0.424264 -0.215033 2.671610
0.482389 -0.400440 2.555060
0.310081 -0.526190 2.321800
0.258918 -0.539574 2.284570
0.190604 -0.484891 2.560390
0.149448 -0.585928 2.230300
0.189410 -0.809814 2.177580
0.197200 -0.840584 2.090810
0.365816 -0.492070 2.579350
0.424648 -0.570524 2.248640
0.417219 -0.817499 2.195070
0.391525 -0.880406 2.156260
0.274924 -0.424226 2.588500
0.271371 -0.380669 2.641840
0.266899 -0.091578 2.680290
0.242674 0.110018 2.686830
0.111193 -0.214498 2.640990
0.066539 -0.399476 2.515150
0.226294 -0.520276 2.365890
0.221940 -0.557359 2.306750
0.424065 -0.215881 2.661820
0.479192 -0.405481 2.556370
0.307944 -0.534405 2.322590
0.257555 -0.550897 2.285090
0.187539 -0.488084 2.557290
0.149477 -0.589988 2.227050
0.190135 -0.814470 2.174060
0.198127 -0.845062 2.087760
0.362632 -0.496133 2.574230
0.424012 -0.574737 2.245380
0.417923 -0.817537 2.195740
0.391242 -0.879725 2.156580
0.273138 -0.427156 2.583800
0.270337 -0.382942 2.636660
0.269166 -0.093008 2.670180
0.243452 0.110399 2.673180
0.111154 -0.214125 2.637860
0.069189 -0.403736 2.516980
0.226268 -0.520572 2.366700
0.225040 -0.558537 2.307940
0.424292 -0.216084 2.652930
0.476957 -0.408949 2.556960
0.401764 -0.563024 2.376290
0.335486 -0.585198 2.327410
0.185513 -0.490647 2.554840
0.149565 -0.592747 2.224460
0.190242 -0.817886 2.170990
0.224298 -0.869914 2.143000
0.360427 -0.499258 2.569820
0.423739 -0.578526 2.241690
0.418449 -0.817482 2.196190
0.391281 -0.878763 2.156310
0.272961 -0.429996 2.579110
0.270824 -0.385135 2.631500
0.271059 -0.093559 2.662360
0.244936 0.111661 2.661900
0.111137 -0.213620 2.635140
0.071032 -0.406414 2.518260
0.156154 -0.550052 2.368070
0.170337 -0.586377 2.311400
0.424819 -0.215634 2.643830
0.475240 -0.411514 2.557050
0.406820 -0.552549 2.381810
0.351744 -0.586597 2.336670
0.185645 -0.494786 2.551170
0.149772 -0.595323 2.221030
0.189955 -0.821487 2.167700
0.244999 -0.878548 2.188210
0.359850 -0.501563 2.566030
0.423681 -0.581939 2.237680
0.420714 -0.817787 2.190470
0.385698 -0.879057 2.165600
0.273420 -0.432086 2.575220
0.271865 -0.386627 2.627170
0.272567 -0.093239 2.655800
0.246068 0.112651 2.654830
0.111170 -0.212985 2.632670
0.072436 -0.408184 2.519200
0.118605 -0.565148 2.368640
0.146841 -0.597764 2.312720
0.425447 -0.214694 2.636000
0.474007 -0.413287 2.556680
0.415533 -0.544829 2.387010
0.361278 -0.584161 2.341650
0.186436 -0.498085 2.548170
0.149947 -0.597131 2.218270
0.189595 -0.824103 2.165400
0.253414 -0.880846 2.205680
0.360130 -0.503079 2.562720
0.423760 -0.584566 2.234070
0.422978 -0.818353 2.184220
0.380717 -0.878214 2.174700
0.274168 -0.433566 2.572110
0.273069 -0.387565 2.623670
0.273813 -0.092522 2.650020
0.247793 0.113848 2.649280
0.111316 -0.211937 2.629840
0.073612 -0.409318 2.519890
0.111002 -0.566395 2.367030
0.139244 -0.601701 2.313010
0.426283 -0.213628 2.629360
0.473138 -0.414555 2.555700
0.414551 -0.534702 2.386920
0.364646 -0.577641 2.343270
0.187423 -0.500552 2.545870
0.150500 -0.598684 2.216050
0.189282 -0.826482 2.163450
0.258005 -0.883422 2.215080
0.360917 -0.504036 2.559990
0.423749 -0.586550 2.231130
0.424550 -0.819050 2.179300
0.377046 -0.877268 2.181590
0.275073 -0.434544 2.569340
0.274369 -0.387959 2.620500
0.274969 -0.090747 2.644190
0.251753 0.116996 2.643300
0.111642 -0.210314 2.626650
0.074732 -0.409962 2.520290
0.105245 -0.568020 2.366100
0.134610 -0.603554 2.312590
0.427241 -0.212368 2.623480
0.472812 -0.415205 2.553890
0.407741 -0.527338 2.385410
0.363136 -0.570572 2.343430
0.188407 -0.502293 2.544020
0.150979 -0.599869 2.214270
0.188870 -0.828380 2.162000
0.260022 -0.882969 2.219370
0.361970 -0.504544 2.557460
0.423790 -0.588182 2.228390
0.425881 -0.819941 2.174310
0.374645 -0.875886 2.187540
0.276134 -0.435071 2.566920
0.275729 -0.387981 2.617780
0.275700 -0.089194 2.639720
0.255071 0.119296 2.639010
0.112122 -0.208441 2.623500
0.076076 -0.409965 2.520220
0.163228 -0.536382 2.350100
0.168790 -0.581940 2.299570
0.428392 -0.210865 2.618210
0.472751 -0.415155 2.551080
0.401106 -0.522933 2.382390
0.359821 -0.564221 2.341880
0.189511 -0.503493 2.542400
0.151694 -0.600653 2.212600
0.188621 -0.829698 2.160860
0.257511 -0.882493 2.218390
0.363316 -0.504638 2.555200
0.423834 -0.589416 2.226050
0.426833 -0.820742 2.170360
0.373229 -0.874684 2.191840
0.277223 -0.435219 2.564860
0.277012 -0.387679 2.615490
0.276280 -0.087608 2.636050
0.257852 0.121139 2.636000
0.112643 -0.206259 2.620490
0.077562 -0.409349 2.519690
0.204071 -0.525609 2.335600
0.205670 -0.568960 2.285270
0.429353 -0.209646 2.614220
0.472960 -0.414722 2.548010
0.398377 -0.520811 2.380980
0.356061 -0.559005 2.339540
0.190640 -0.504206 2.540890
0.152480 -0.601270 2.211060
0.188450 -0.830786 2.159770
0.204146 -0.870068 2.106040
0.364635 -0.504487 2.553420
0.423843 -0.590282 2.224250
0.427550 -0.821349 2.167340
0.372270 -0.874006 2.194150
0.278271 -0.435115 2.563160
0.278193 -0.387160 2.613620
0.276653 -0.085926 2.632910
0.260480 0.123022 2.633880
0.113175 -0.204285 2.617790
0.079071 -0.408353 2.518800
0.173348 -0.513757 2.264020
0.185383 -0.554296 2.217200
0.430382 -0.208394 2.610870
0.473298 -0.413975 2.545060
0.396156 -0.519386 2.379260
0.352902 -0.554923 2.336920
0.191713 -0.504603 2.539630
0.153592 -0.601806 2.209700
0.188421 -0.831640 2.159190
0.227030 -0.875633 2.158960
0.365914 -0.504150 2.552000
0.423839 -0.590910 2.222860
0.428158 -0.821840 2.164990
0.371559 -0.873276 2.195710
0.279175 -0.434882 2.561820
0.279163 -0.386576 2.612150
0.276903 -0.084467 2.630300
0.263019 0.124691 2.632190
0.113618 -0.202603 2.615350
0.080542 -0.407157 2.517530
0.170652 -0.507084 2.240030
0.175132 -0.547458 2.186260
0.431330 -0.207312 2.608240
0.473767 -0.413135 2.542430
0.394319 -0.518521 2.377520
0.350312 -0.551911 2.334510
0.192614 -0.504797 2.538650
0.154420 -0.602134 2.208660
0.188437 -0.832247 2.158710
0.228586 -0.877436 2.167300
0.367022 -0.503769 2.550920
0.423832 -0.591360 2.221800
0.428627 -0.822219 2.163250
0.371079 -0.872421 2.196790
0.281685 -0.434021 2.560370
0.280992 -0.385555 2.610700
0.277082 -0.083212 2.628000
0.265076 0.125961 2.631020
0.113957 -0.201218 2.613000
0.081802 -0.405949 2.516250
0.217330 -0.516968 2.295840
0.217000 -0.550880 2.220440
0.432124 -0.206440 2.606210
0.474199 -0.412438 2.540440
0.383823 -0.516122 2.366230
0.343251 -0.547238 2.327730
0.196307 -0.504725 2.537420
0.155063 -0.602298 2.207930
0.188447 -0.832666 2.158320
0.232673 -0.878614 2.174860
0.371223 -0.502142 2.549960
0.423760 -0.591700 2.220970
0.428888 -0.822533 2.161950
0.370828 -0.871776 2.197630
0.284296 -0.433186 2.559260
0.282836 -0.384623 2.609580
0.277231 -0.082312 2.626280
0.266758 0.126887 2.630210
0.114342 -0.200152 2.610850
0.082903 -0.404884 2.514970
0.225201 -0.512178 2.316580
0.232038 -0.549558 2.247660
0.432741 -0.205782 2.604730
0.474533 -0.411897 2.538990
0.381493 -0.520842 2.366960
0.341071 -0.546922 2.326950
0.199974 -0.504606 2.536450
0.155820 -0.602104 2.207240
0.188436 -0.832769 2.157610
0.203354 -0.868659 2.103430
0.375090 -0.500714 2.549430
0.423683 -0.591940 2.220350
0.429062 -0.822760 2.161030
0.370723 -0.871228 2.198240
0.286570 -0.432526 2.558390
0.284490 -0.383859 2.608700
0.277329 -0.081626 2.624920
0.268012 0.127551 2.629670
0.114721 -0.199384 2.609180
0.083814 -0.404030 2.513850
0.231048 -0.512402 2.339150
0.239300 -0.548990 2.264630
0.433248 -0.205355 2.603590
0.474801 -0.411597 2.537990
0.379595 -0.523041 2.367360
0.338799 -0.547411 2.327030
0.203046 -0.504506 2.535660
0.156570 -0.601885 2.206650
0.188499 -0.832771 2.156800
0.188415 -0.863755 2.065280
0.378109 -0.499658 2.549100
0.423599 -0.592129 2.219880
0.429174 -0.822955 2.160370
0.370657 -0.870810 2.198610
0.288542 -0.432065 2.557720
0.285938 -0.383293 2.608030
0.277403 -0.081124 2.623930
0.269057 0.127917 2.629070
0.115230 -0.198735 2.607740
0.084544 -0.403303 2.512890
0.233738 -0.512016 2.348720
0.242123 -0.548436 2.277440
0.433655 -0.205050 2.602730
0.475043 -0.411383 2.537290
0.375760 -0.525117 2.370120
0.335400 -0.547670 2.328010
0.205631 -0.504453 2.535050
0.157087 -0.601834 2.206250
0.188570 -0.832879 2.156340
0.182579 -0.862186 2.050550
0.380433 -0.498929 2.548880
0.423519 -0.592269 2.219490
0.429235 -0.823121 2.159870
0.370694 -0.870350 2.198920
0.290672 -0.431694 2.557170
0.287567 -0.382823 2.607480
0.277508 -0.080765 2.623150
0.269950 0.128162 2.628580
0.115736 -0.198248 2.606540
0.085178 -0.402729 2.512040
0.235103 -0.511788 2.355190
0.243420 -0.548178 2.286080
0.433982 -0.204841 2.602100
0.475246 -0.411237 2.536780
0.373146 -0.526509 2.372310
0.332648 -0.548014 2.329040
0.208444 -0.504373 2.534510
0.157543 -0.601811 2.205970
0.188640 -0.832977 2.155950
0.178925 -0.861190 2.041380
0.382583 -0.498384 2.548740
0.423429 -0.592374 2.219170
0.429253 -0.823269 2.159480
0.411399 -0.861470 2.109470
0.292497 -0.431481 2.556710
0.289015 -0.382512 2.607030
0.277629 -0.080499 2.622530
0.270734 0.128306 2.628210
0.116354 -0.197809 2.605480
0.085708 -0.402261 2.511340
0.235182 -0.511673 2.359680
0.243694 -0.548077 2.292170
0.434247 -0.204697 2.601630
0.475392 -0.411139 2.536420
0.371514 -0.527556 2.373960
0.330596 -0.548450 2.329970
0.210788 -0.504349 2.534080
0.157899 -0.601811 2.205760
0.188703 -0.833068 2.155660
0.177909 -0.861446 2.038280
0.384227 -0.498024 2.548630
0.423337 -0.592453 2.218880
0.429256 -0.823395 2.159180
0.429799 -0.857498 2.069420
0.293980 -0.431355 2.556360
0.290246 -0.382295 2.606690
0.277766 -0.080289 2.622020
0.271464 0.128401 2.627920
0.116910 -0.197474 2.604630
0.086170 -0.401884 2.510750
0.222382 -0.514227 2.351190
0.240300 -0.549068 2.293180
0.434469 -0.204608 2.601280
0.475521 -0.411079 2.536160
0.370577 -0.528195 2.374770
0.329179 -0.548888 2.330690
0.212607 -0.504347 2.533730
0.158311 -0.601799 2.205560
0.188761 -0.833134 2.155210
0.178764 -0.862299 2.039420
0.385476 -0.497782 2.548550
0.423249 -0.592508 2.218640
0.429246 -0.823500 2.158950
0.438227 -0.855693 2.051000
0.295389 -0.431309 2.556060
0.291437 -0.382158 2.606400
0.277905 -0.080128 2.621610
0.272226 0.128489 2.627810
0.117381 -0.197229 2.603990
0.086555 -0.401573 2.510250
0.216888 -0.515917 2.346530
0.235376 -0.550984 2.290830
0.434664 -0.204562 2.601010
0.475644 -0.411051 2.535990
0.370094 -0.528730 2.375540
0.328229 -0.549233 2.331200
0.214411 -0.504412 2.533400
0.158734 -0.601817 2.205400
0.188798 -0.833218 2.154740
0.179188 -0.862852 2.039960
0.386601 -0.497634 2.548500
0.423148 -0.592556 2.218430
0.429186 -0.823611 2.158760
0.443210 -0.854620 2.039950
0.296559 -0.431320 2.555830
0.292471 -0.382091 2.606180
0.278057 -0.080006 2.621270
0.272865 0.128544 2.627750
0.117837 -0.197027 2.603470
0.086869 -0.401322 2.509840
0.183957 -0.520701 2.292740
0.200167 -0.557073 2.239200
0.434829 -0.204547 2.600810
0.475760 -0.411046 2.535880
0.369916 -0.529113 2.376120
0.327567 -0.549519 2.331580
0.215834 -0.504480 2.533150
0.159124 -0.601838 2.205270
0.188831 -0.833289 2.154280
0.180132 -0.863509 2.041830
0.387492 -0.497553 2.548460
0.423033 -0.592590 2.218220
0.429122 -0.823707 2.158610
0.444123 -0.854544 2.037400
