-0.160403 -0.028652 1.326490
-0.209691 0.048622 1.361880
-0.244474 0.497409 1.410210
-0.098409 0.606363 1.451510
-0.254287 0.292185 1.256210
-0.093782 0.328342 1.144590
-0.007698 0.167883 1.169560
0.031618 0.186681 1.202980
-0.105471 0.394954 1.528460
-0.017627 0.167258 1.483620
-0.096703 0.287572 1.353080
-0.123116 0.328268 1.313740
-0.196794 -0.071609 1.313500
-0.201419 -0.417680 1.292830
-0.206312 -0.729725 1.257120
-0.139785 -0.764701 1.213410
-0.111981 -0.063965 1.324900
-0.103454 -0.441504 1.483590
-0.132364 -0.690054 1.470910
-0.065641 -0.715596 1.428410
-0.160820 -0.028488 1.325690
-0.210029 0.048756 1.361150
-0.244843 0.496657 1.408820
-0.099069 0.605630 1.448810
-0.255340 0.291684 1.255490
-0.094514 0.328148 1.143810
-0.007610 0.168031 1.168070
0.031690 0.186808 1.201500
-0.105774 0.394678 1.527120
-0.017862 0.168137 1.482510
-0.096922 0.288777 1.352420
-0.123324 0.329471 1.313240
-0.197426 -0.071674 1.312630
-0.201482 -0.417736 1.292300
-0.206086 -0.729657 1.257000
-0.139668 -0.764513 1.213250
-0.112199 -0.063863 1.324120
-0.103898 -0.444121 1.482750
-0.134012 -0.690477 1.468660
-0.067142 -0.715372 1.426350
-0.161332 -0.028505 1.324850
-0.210454 0.048742 1.360360
-0.245181 0.495995 1.407600
-0.099614 0.604987 1.446490
-0.256144 0.291255 1.254900
-0.095255 0.328000 1.143020
-0.007603 0.168178 1.166750
0.031685 0.186939 1.200180
-0.106069 0.394368 1.525860
-0.018008 0.168844 1.481690
-0.097059 0.289730 1.351950
-0.123455 0.330416 1.312880
-0.198060 -0.071807 1.311790
-0.201521 -0.417794 1.291800
-0.205831 -0.729584 1.256920
-0.139529 -0.764331 1.213130
-0.112605 -0.064047 1.323240
-0.104484 -0.448270 1.481970
-0.135322 -0.691067 1.466940
-0.068351 -0.715408 1.424720
-0.161761 -0.028597 1.324110
-0.210827 0.048658 1.359630
-0.245493 0.495421 1.406560
-0.100097 0.604455 1.444470
-0.256765 0.290888 1.254420
-0.095985 0.327876 1.142240
-0.007655 0.168307 1.165580
0.031624 0.187058 1.199010
-0.106359 0.394043 1.524710
-0.018004 0.169391 1.481280
-0.097043 0.290471 1.351810
-0.123438 0.331149 1.312820
-0.198554 -0.071956 1.311090
-0.201538 -0.417853 1.291350
-0.205601 -0.729517 1.256860
-0.139406 -0.764162 1.213020
-0.112964 -0.064305 1.322460
-0.105008 -0.452189 1.481340
-0.135832 -0.691545 1.466310
-0.068882 -0.715359 1.424010
-0.162124 -0.028737 1.323460
-0.211149 0.048526 1.358990
-0.245788 0.494925 1.405650
-0.100539 0.604035 1.442720
-0.257326 0.290553 1.254020
-0.096725 0.327745 1.141510
-0.007728 0.168420 1.164530
0.031546 0.187164 1.197960
-0.106644 0.393715 1.523650
-0.017932 0.169867 1.481040
-0.096970 0.291089 1.351780
-0.123368 0.331753 1.312840
-0.198951 -0.072117 1.310490
-0.201539 -0.417913 1.290920
-0.205386 -0.729457 1.256810
-0.139295 -0.764006 1.212920
-0.113276 -0.064634 1.321730
-0.105399 -0.455481 1.480900
-0.136070 -0.692136 1.466100
-0.069206 -0.715415 1.423600
-0.162412 -0.028879 1.322910
-0.211413 0.048387 1.358440
-0.246042 0.494509 1.404900
-0.101122 0.604057 1.441210
-0.257758 0.290273 1.253690
-0.097448 0.327507 1.140720
-0.007927 0.168380 1.163680
0.031343 0.187120 1.197100
-0.106903 0.393401 1.522720
-0.017819 0.170268 1.480920
-0.096864 0.291589 1.351810
-0.123269 0.332238 1.312910
-0.199234 -0.072272 1.309890
-0.201542 -0.417985 1.290510
-0.205237 -0.729406 1.256780
-0.139224 -0.763866 1.212840
-0.113514 -0.064932 1.321180
-0.105678 -0.458133 1.480540
-0.136013 -0.692849 1.466360
-0.069294 -0.715581 1.423550
-0.162615 -0.029063 1.322430
-0.211614 0.048213 1.357940
-0.246267 0.494161 1.404260
-0.101804 0.604296 1.439810
-0.258092 0.290042 1.253420
-0.098148 0.327185 1.139910
-0.008253 0.168216 1.162950
0.031014 0.186955 1.196370
-0.107143 0.393108 1.521880
-0.017293 0.170777 1.481410
-0.096368 0.292165 1.352420
-0.122787 0.332788 1.313520
-0.199401 -0.072436 1.309370
-0.201521 -0.418056 1.290130
-0.205113 -0.729367 1.256750
-0.139168 -0.763748 1.212770
-0.113690 -0.065264 1.320710
-0.105863 -0.460525 1.480010
-0.135589 -0.693800 1.467320
-0.069100 -0.715912 1.423980
-0.162764 -0.029221 1.322030
-0.211770 0.048056 1.357520
-0.246461 0.493874 1.403720
-0.102381 0.604526 1.438650
-0.258352 0.289847 1.253200
-0.098810 0.326802 1.139080
-0.008717 0.167930 1.162330
0.030550 0.186669 1.195750
-0.107360 0.392840 1.521140
-0.016604 0.171139 1.482300
-0.095719 0.292569 1.353370
-0.122153 0.333166 1.314460
-0.199486 -0.072602 1.308800
-0.201497 -0.418134 1.289770
-0.205017 -0.729333 1.256750
-0.139131 -0.763643 1.212730
-0.113803 -0.065494 1.320390
-0.105970 -0.462298 1.479580
-0.135114 -0.694661 1.468330
-0.068827 -0.716247 1.424510
-0.162898 -0.029377 1.321690
-0.211915 0.047900 1.357150
-0.246633 0.493631 1.403260
-0.103039 0.604912 1.437580
-0.258556 0.289676 1.253020
-0.099398 0.326447 1.138330
-0.009146 0.167658 1.161790
0.030121 0.186398 1.195210
-0.107558 0.392592 1.520490
-0.015381 0.171593 1.483950
-0.094551 0.293038 1.355050
-0.121005 0.333604 1.316120
-0.199563 -0.072767 1.308220
-0.201470 -0.418212 1.289440
-0.204918 -0.729299 1.256750
-0.139093 -0.763550 1.212700
-0.113934 -0.065742 1.320180
-0.106021 -0.463752 1.479270
-0.134541 -0.695545 1.469460
-0.068451 -0.716664 1.425170
-0.162985 -0.029542 1.321410
-0.212016 0.047741 1.356840
-0.246781 0.493426 1.402880
-0.103495 0.605150 1.436760
-0.258741 0.289519 1.252870
-0.099942 0.326118 1.137670
-0.009522 0.167414 1.161310
0.029745 0.186155 1.194730
-0.107734 0.392366 1.519920
-0.014346 0.172037 1.485230
-0.093566 0.293482 1.356340
-0.120035 0.334021 1.317390
-0.199591 -0.072933 1.307730
-0.201438 -0.418292 1.289130
-0.204839 -0.729277 1.256760
-0.139065 -0.763475 1.212670
-0.114002 -0.066047 1.320010
-0.106030 -0.464967 1.479040
-0.133920 -0.696430 1.470580
-0.068026 -0.717143 1.425850
-0.163002 -0.029741 1.321160
-0.212062 0.047555 1.356560
-0.246905 0.493250 1.402550
-0.103893 0.605379 1.436080
-0.258877 0.289372 1.252720
-0.100392 0.325829 1.137080
-0.009882 0.167175 1.160900
0.029385 0.185918 1.194310
-0.107887 0.392158 1.519420
-0.013470 0.172406 1.486280
-0.092732 0.293845 1.357390
-0.119213 0.334361 1.318420
-0.199513 -0.073109 1.307330
-0.201416 -0.418343 1.288930
-0.204792 -0.729264 1.256750
-0.139057 -0.763414 1.212630
-0.114011 -0.066392 1.319870
-0.106012 -0.465955 1.478880
-0.133279 -0.697270 1.471680
-0.067552 -0.717650 1.426570
-0.162946 -0.029971 1.320930
-0.212056 0.047350 1.356310
-0.247010 0.493099 1.402270
-0.104172 0.605519 1.435550
-0.258980 0.289235 1.252590
-0.100779 0.325587 1.136550
-0.010212 0.166967 1.160540
0.029054 0.185711 1.193950
-0.108021 0.391969 1.518980
-0.012758 0.172736 1.487040
-0.092055 0.294163 1.358150
-0.118544 0.334660 1.319170
-0.199332 -0.073303 1.306980
-0.201394 -0.418388 1.288750
-0.204762 -0.729256 1.256740
-0.139076 -0.763359 1.212580
-0.113958 -0.066756 1.319760
-0.105972 -0.466741 1.478760
-0.132722 -0.698006 1.472650
-0.067120 -0.718132 1.427230
-0.162812 -0.030263 1.320730
-0.211993 0.047098 1.356080
-0.247097 0.492962 1.402030
-0.104422 0.605660 1.435120
-0.259044 0.289089 1.252460
-0.101096 0.325381 1.136070
-0.010510 0.166778 1.160220
0.028756 0.185523 1.193620
-0.108136 0.391792 1.518600
-0.012209 0.173006 1.487540
-0.091533 0.294421 1.358650
-0.118028 0.334904 1.319650
-0.199052 -0.073541 1.306700
-0.201348 -0.418446 1.288500
-0.204745 -0.729261 1.256720
-0.139116 -0.763316 1.212500
-0.113844 -0.067165 1.319670
-0.105917 -0.467405 1.478670
-0.132243 -0.698673 1.473500
-0.066729 -0.718607 1.427840
-0.162614 -0.030576 1.320540
-0.211885 0.046833 1.355870
-0.247171 0.492843 1.401820
-0.104625 0.605780 1.434800
-0.259082 0.288952 1.252330
-0.101358 0.325194 1.135640
-0.010768 0.166602 1.159930
0.028497 0.185349 1.193330
-0.108236 0.391630 1.518240
-0.011249 0.173433 1.487660
-0.090944 0.294683 1.358850
-0.117440 0.335154 1.319840
-0.198707 -0.073784 1.306460
-0.201304 -0.418446 1.288320
-0.204734 -0.729276 1.256650
-0.139166 -0.763278 1.212370
-0.113667 -0.067583 1.319590
-0.105854 -0.467939 1.478600
-0.131885 -0.699231 1.474210
-0.066427 -0.719029 1.428370
-0.162377 -0.030893 1.320370
-0.211742 0.046563 1.355660
-0.247231 0.492736 1.401620
-0.104844 0.605939 1.434510
-0.259098 0.288812 1.252200
-0.101579 0.325023 1.135240
-0.010982 0.166446 1.159670
0.028283 0.185194 1.193060
-0.108322 0.391482 1.517920
-0.010284 0.174043 1.487510
-0.090013 0.295264 1.358700
-0.116508 0.335722 1.319690
-0.198336 -0.074022 1.306270
-0.201247 -0.418409 1.288120
-0.204725 -0.729303 1.256540
-0.139223 -0.763246 1.212180
-0.113445 -0.068004 1.319500
-0.105785 -0.468371 1.478560
-0.131608 -0.699696 1.474780
-0.066184 -0.719402 1.428800
-0.162173 -0.031174 1.320220
-0.211614 0.046318 1.355480
-0.247284 0.492634 1.401420
-0.105118 0.606169 1.434230
-0.259091 0.288669 1.252060
-0.101765 0.324870 1.134860
-0.011161 0.166306 1.159410
0.028102 0.185055 1.192800
-0.108398 0.391340 1.517620
-0.009229 0.174770 1.487110
-0.088963 0.295974 1.358280
-0.115455 0.336419 1.319260
-0.198020 -0.074233 1.306120
-0.201187 -0.418352 1.287920
-0.204710 -0.729337 1.256400
-0.139270 -0.763221 1.211970
-0.113276 -0.068343 1.319410
-0.105718 -0.468689 1.478520
-0.131391 -0.700054 1.475220
-0.065981 -0.719705 1.429160
-0.161974 -0.031426 1.320080
-0.211480 0.046093 1.355300
-0.247319 0.492525 1.401220
-0.105413 0.606438 1.433990
-0.259061 0.288513 1.251890
-0.101922 0.324734 1.134490
-0.011317 0.166182 1.159150
0.027946 0.184931 1.192540
-0.108457 0.391196 1.517320
-0.008223 0.175480 1.486580
-0.087943 0.296672 1.357730
-0.114431 0.337107 1.318700
-0.197726 -0.074424 1.305990
-0.201083 -0.418248 1.287620
-0.204693 -0.729378 1.256240
-0.139314 -0.763202 1.211750
-0.113108 -0.068628 1.319310
-0.105654 -0.468930 1.478480
-0.131216 -0.700339 1.475580
-0.065810 -0.719956 1.429460
-0.161782 -0.031651 1.319940
-0.211345 0.045886 1.355130
-0.247341 0.492404 1.400990
-0.105622 0.606617 1.433730
-0.259008 0.288343 1.251690
-0.102057 0.324611 1.134120
-0.011436 0.166075 1.158850
0.027825 0.184825 1.192240
-0.108504 0.391046 1.517010
-0.007257 0.176197 1.485980
-0.086950 0.297381 1.357110
-0.113434 0.337806 1.318070
-0.197454 -0.074597 1.305880
-0.201015 -0.418193 1.287420
-0.204673 -0.729424 1.256060
-0.139353 -0.763189 1.211510
-0.112949 -0.068863 1.319210
-0.105588 -0.469121 1.478430
-0.131039 -0.700583 1.475920
-0.065629 -0.720176 1.429760
-0.161588 -0.031867 1.319800
-0.211201 0.045679 1.354950
-0.247357 0.492271 1.400720
-0.105759 0.606704 1.433360
-0.258943 0.288154 1.251430
-0.102182 0.324497 1.133720
-0.011511 0.165988 1.158480
0.027749 0.184738 1.191860
-0.108545 0.390891 1.516700
-0.006350 0.176909 1.485330
-0.086010 0.298088 1.356430
-0.112490 0.338504 1.317390
-0.197193 -0.074763 1.305770
-0.200949 -0.418144 1.287220
-0.204659 -0.729476 1.255870
-0.139394 -0.763184 1.211270
-0.112784 -0.069086 1.319090
-0.105522 -0.469276 1.478380
-0.130907 -0.700779 1.476170
-0.065489 -0.720362 1.429990
-0.161411 -0.032053 1.319650
-0.211064 0.045493 1.354750
-0.247366 0.492109 1.400380
-0.105785 0.606640 1.432870
-0.258835 0.287921 1.251030
-0.102269 0.324379 1.133270
-0.011558 0.165890 1.158040
0.027701 0.184640 1.191410
-0.108580 0.390718 1.516330
-0.005262 0.178036 1.483740
-0.084878 0.299207 1.354830
-0.111353 0.339613 1.315780
-0.196898 -0.074927 1.305460
-0.200848 -0.418083 1.286910
-0.204649 -0.729510 1.255780
-0.139422 -0.763179 1.211140
-0.112640 -0.069274 1.319000
-0.105458 -0.469400 1.478340
-0.130796 -0.700944 1.476380
-0.065365 -0.720526 1.430180
-0.161259 -0.032244 1.319440
-0.210939 0.045301 1.354480
-0.247333 0.491934 1.399890
-0.105663 0.606429 1.432280
-0.258663 0.287657 1.250430
-0.102314 0.324253 1.132740
-0.011563 0.165781 1.157490
0.027694 0.184532 1.190860
-0.108587 0.390538 1.515870
-0.004346 0.179032 1.482250
-0.083922 0.300193 1.353320
-0.110393 0.340590 1.314270
-0.196659 -0.075088 1.305090
-0.200745 -0.418031 1.286580
-0.204630 -0.729548 1.255690
-0.139436 -0.763179 1.211030
-0.112513 -0.069468 1.318870
-0.105397 -0.469501 1.478300
-0.130713 -0.701077 1.476540
-0.065267 -0.720668 1.430340
-0.161129 -0.032458 1.319110
-0.210833 0.045092 1.354050
-0.247237 0.491785 1.399160
-0.105261 0.605948 1.431550
-0.258304 0.287366 1.249390
-0.102220 0.324061 1.132020
-0.011530 0.165582 1.156860
0.027725 0.184333 1.190220
-0.108557 0.390373 1.515270
-0.003643 0.179784 1.481050
-0.083185 0.300936 1.352110
-0.109652 0.341325 1.313060
-0.196473 -0.075255 1.304630
-0.200656 -0.418005 1.286190
-0.204608 -0.729591 1.255600
-0.139443 -0.763184 1.210940
-0.112408 -0.069683 1.318650
-0.105343 -0.469577 1.478270
-0.130647 -0.701183 1.476660
-0.065178 -0.720792 1.430470
-0.161054 -0.032676 1.318550
-0.210770 0.044895 1.353370
-0.247056 0.491689 1.398170
-0.103748 0.604358 1.430060
-0.257732 0.287060 1.247870
-0.101978 0.323878 1.131110
-0.011503 0.165350 1.156170
0.027750 0.184101 1.189530
-0.108474 0.390237 1.514500
-0.003146 0.180341 1.480050
-0.082661 0.301483 1.351100
-0.109124 0.341866 1.312050
-0.196369 -0.075429 1.303900
-0.200559 -0.417988 1.285780
-0.204565 -0.729635 1.255530
-0.139431 -0.763190 1.210880
-0.112355 -0.069892 1.318280
-0.105303 -0.469625 1.478210
-0.130540 -0.701273 1.476810
-0.065021 -0.720900 1.430670
-0.161158 -0.032782 1.317660
-0.210827 0.044839 1.352380
-0.246710 0.491770 1.396570
-0.100901 0.601487 1.428870
-0.257292 0.286818 1.246270
-0.101763 0.323727 1.130140
-0.011548 0.165122 1.155450
0.027702 0.183872 1.188800
-0.108295 0.390196 1.513340
-0.002830 0.180713 1.479360
-0.082324 0.301846 1.350400
-0.108785 0.342225 1.311350
-0.196643 -0.075569 1.302590
-0.200462 -0.417976 1.285330
-0.204417 -0.729684 1.255510
-0.139340 -0.763196 1.210840
-0.112381 -0.070044 1.317780
-0.105270 -0.469625 1.478120
-0.130453 -0.701320 1.476930
-0.064895 -0.720956 1.430840
-0.161390 -0.032741 1.316530
-0.210959 0.044954 1.351160
-0.246153 0.492059 1.394360
-0.097299 0.597942 1.428500
-0.256928 0.286642 1.244590
-0.101492 0.323542 1.129220
-0.010830 0.165009 1.153890
0.028416 0.183759 1.187240
-0.107980 0.390273 1.511760
-0.002769 0.180892 1.478700
-0.082241 0.302017 1.349750
-0.108699 0.342392 1.310700
-0.197103 -0.075640 1.301120
-0.200361 -0.417960 1.284850
-0.204179 -0.729728 1.255500
-0.139184 -0.763195 1.210810
-0.112485 -0.070079 1.317080
-0.105256 -0.469516 1.477960
-0.130357 -0.701318 1.477050
-0.064763 -0.720953 1.431000
-0.161786 -0.032552 1.315210
-0.211179 0.045237 1.349800
-0.245264 0.492552 1.391730
-0.093487 0.594508 1.428860
-0.256573 0.286605 1.242640
-0.101137 0.323384 1.128260
-0.009186 0.165194 1.151400
0.030055 0.183944 1.184740
-0.107439 0.390487 1.509820
-0.002783 0.181077 1.478230
-0.082235 0.302195 1.349290
-0.108689 0.342566 1.310250
-0.197865 -0.075644 1.299400
-0.200261 -0.417945 1.284390
-0.203786 -0.729763 1.255560
-0.138904 -0.763181 1.210820
-0.112690 -0.070003 1.316250
-0.105316 -0.469292 1.477700
-0.130257 -0.701272 1.477160
-0.064621 -0.720893 1.431190
-0.162459 -0.032012 1.313640
-0.211513 0.045835 1.348310
-0.244003 0.493296 1.388790
-0.088747 0.590259 1.430420
-0.256603 0.287205 1.240630
-0.100887 0.323414 1.127460
-0.007444 0.165893 1.148830
0.031791 0.184642 1.182170
-0.106617 0.390885 1.507540
-0.003407 0.180896 1.477810
-0.082830 0.302007 1.348880
-0.109280 0.342375 1.309830
-0.199085 -0.075464 1.297580
-0.200157 -0.417919 1.283930
-0.203074 -0.729728 1.255660
-0.138386 -0.763101 1.210830
-0.113070 -0.069592 1.315100
-0.104684 -0.413798 1.481990
-0.129685 -0.691020 1.468800
-0.064625 -0.715728 1.424530
-0.163475 -0.031056 1.311900
-0.211965 0.046776 1.346770
-0.242266 0.494289 1.385730
-0.084106 0.586551 1.433040
-0.256834 0.287969 1.238910
-0.100707 0.323504 1.126820
-0.005877 0.166715 1.146580
0.033353 0.185464 1.179910
-0.105419 0.391489 1.505010
-0.028706 0.169383 1.466990
-0.095416 0.296253 1.343390
-0.121853 0.336610 1.304350
-0.200982 -0.074995 1.295730
-0.200056 -0.417867 1.283490
-0.201873 -0.729534 1.255800
-0.137496 -0.762876 1.210790
-0.113630 -0.068891 1.313660
-0.108565 -0.416791 1.481860
-0.131381 -0.688734 1.464750
-0.066788 -0.714580 1.420190
-0.164612 -0.029839 1.310240
-0.212413 0.047929 1.345390
-0.240156 0.495382 1.382940
-0.079949 0.583765 1.436290
-0.257192 0.288584 1.237630
-0.100604 0.323577 1.126340
-0.004570 0.167463 1.144720
0.034655 0.186211 1.178040
-0.103873 0.392227 1.502510
-0.034809 0.166295 1.464270
-0.102941 0.292281 1.340070
-0.129371 0.332632 1.301040
-0.203064 -0.074452 1.294180
-0.199945 -0.417782 1.283060
-0.200306 -0.729239 1.255920
-0.136346 -0.762564 1.210660
-0.114234 -0.067997 1.312080
-0.142652 -0.439518 1.415490
-0.154051 -0.691268 1.440630
-0.092314 -0.721787 1.393230
-0.165905 -0.028106 1.308670
-0.212838 0.049470 1.344170
-0.237777 0.496505 1.380630
-0.075734 0.581139 1.440830
-0.257844 0.289140 1.236730
-0.100592 0.323632 1.126020
-0.003652 0.168098 1.143360
0.035569 0.186845 1.176680
-0.102035 0.393053 1.500210
-0.038924 0.164259 1.462570
-0.108440 0.289456 1.337910
-0.134866 0.329800 1.298880
-0.205475 -0.073649 1.292910
-0.199847 -0.417683 1.282700
-0.198407 -0.728730 1.256040
-0.134987 -0.762068 1.210410
-0.114792 -0.066898 1.310470
-0.134184 -0.447796 1.443570
-0.157403 -0.690745 1.436320
-0.095476 -0.721260 1.390060
-0.167292 -0.025961 1.307360
-0.213238 0.051399 1.343210
-0.234815 0.497777 1.378810
-0.071581 0.579269 1.446960
-0.258595 0.289643 1.236130
-0.100624 0.323690 1.125800
-0.002979 0.168622 1.142380
0.036238 0.187368 1.175700
-0.099731 0.394027 1.498180
-0.041258 0.162908 1.461810
-0.110942 0.287966 1.337120
-0.137365 0.328306 1.298090
-0.208164 -0.072529 1.291990
-0.199748 -0.417528 1.282420
-0.196103 -0.727920 1.256280
-0.133341 -0.761314 1.210150
-0.115299 -0.065763 1.309050
-0.130662 -0.453055 1.456200
-0.159359 -0.690072 1.433710
-0.096607 -0.719716 1.389790
-0.168824 -0.023264 1.306550
-0.213654 0.053960 1.342700
-0.230999 0.499416 1.377880
-0.067393 0.578591 1.455560
-0.259332 0.290082 1.235810
-0.100683 0.323753 1.125660
-0.002469 0.169049 1.141690
0.036744 0.187794 1.175000
-0.096835 0.395265 1.496680
-0.041556 0.161963 1.462870
-0.112365 0.286769 1.337270
-0.138786 0.327106 1.298250
-0.211277 -0.070854 1.291690
-0.199550 -0.417201 1.282260
-0.192857 -0.726506 1.256750
-0.130899 -0.760008 1.209960
-0.115787 -0.064566 1.307910
-0.129360 -0.455091 1.461490
-0.160001 -0.689142 1.432790
-0.096104 -0.717368 1.391930
-0.173308 -0.026107 1.305180
-0.204210 0.053632 1.348080
-0.226434 0.501644 1.378160
-0.063814 0.579543 1.467280
-0.259727 0.290448 1.235770
-0.100673 0.323841 1.125680
-0.001815 0.169517 1.141260
0.037394 0.188260 1.174580
-0.089511 0.278815 1.274730
-0.040855 0.163746 1.459910
-0.115469 0.309420 1.445170
-0.143053 0.357562 1.458150
-0.216118 -0.071413 1.291920
-0.199067 -0.416446 1.282390
-0.186672 -0.726312 1.258090
-0.138120 -0.759627 1.203520
-0.119750 -0.066606 1.305050
-0.126332 -0.456949 1.472490
-0.157461 -0.688566 1.439950
-0.109521 -0.715401 1.391630
-0.177117 -0.029030 1.304430
-0.198178 0.052634 1.352070
-0.221464 0.504495 1.380220
-0.061309 0.582553 1.478550
-0.259740 0.290976 1.236370
-0.100410 0.324070 1.126110
-0.000711 0.170179 1.141290
0.038491 0.188920 1.174590
-0.087233 0.257144 1.230840
-0.039224 0.166393 1.457250
-0.101345 0.312246 1.546100
-0.125251 0.356640 1.583370
-0.220327 -0.072186 1.292620
-0.198042 -0.415066 1.283220
-0.179256 -0.725745 1.260550
-0.141876 -0.759323 1.200240
-0.123767 -0.068891 1.302900
-0.123424 -0.457826 1.481990
-0.154106 -0.688032 1.448380
-0.118981 -0.713973 1.392160
-0.180419 -0.031821 1.304380
-0.194457 0.051484 1.355290
-0.216776 0.507669 1.383770
-0.059446 0.586118 1.486890
-0.259094 0.291954 1.238340
-0.099726 0.324586 1.127350
0.000910 0.171154 1.142080
0.040104 0.189890 1.175380
-0.088530 0.246954 1.210890
-0.037061 0.169706 1.455520
-0.077093 0.299013 1.617820
-0.091852 0.335424 1.683610
-0.224197 -0.073182 1.294120
-0.194093 -0.411341 1.287350
-0.165121 -0.723271 1.267830
-0.142801 -0.759079 1.199200
-0.127718 -0.070982 1.301560
-0.131104 -0.493247 1.376310
-0.140681 -0.718219 1.383840
-0.132598 -0.741278 1.309940
-0.183008 -0.034212 1.305560
-0.191818 0.050243 1.359100
-0.212464 0.511436 1.389370
-0.058836 0.591478 1.497300
-0.257058 0.294328 1.243110
-0.098178 0.325958 1.130280
0.003528 0.173037 1.144440
0.042712 0.191768 1.177730
-0.089133 0.249791 1.219020
-0.034457 0.173379 1.455380
-0.063003 0.290406 1.651680
-0.071410 0.320693 1.729390
-0.227844 -0.074062 1.297970
-0.189930 -0.408649 1.292520
-0.153391 -0.721750 1.273850
-0.142821 -0.758642 1.198830
-0.130703 -0.072603 1.301200
-0.132229 -0.503519 1.351700
-0.134127 -0.732078 1.354680
-0.137397 -0.755073 1.269900
-0.185330 -0.035954 1.308840
-0.190784 0.049432 1.364540
-0.208923 0.516186 1.397660
-0.059137 0.597499 1.509420
-0.239447 0.315071 1.256010
-0.087767 0.337609 1.138330
0.016018 0.185904 1.151710
0.055186 0.204626 1.184990
-0.088781 0.252895 1.229910
-0.031167 0.177512 1.457440
-0.049566 0.280262 1.673390
-0.052567 0.304375 1.755390
-0.230233 -0.073355 1.305800
-0.185640 -0.406624 1.298950
-0.213938 -0.628449 1.375150
-0.201216 -0.567197 1.328010
-0.134377 -0.073498 1.302720
-0.145554 -0.431601 1.315210
-0.128162 -0.732863 1.339930
-0.134876 -0.760235 1.252590
-0.186962 -0.036623 1.317290
-0.189239 0.049604 1.374540
-0.206289 0.521492 1.409040
-0.060262 0.604508 1.522640
-0.234694 0.319788 1.269800
-0.082628 0.342668 1.149390
0.022092 0.191324 1.161810
0.061251 0.210042 1.195080
-0.087283 0.256973 1.242680
-0.026854 0.182729 1.463020
-0.036543 0.269256 1.687400
-0.034694 0.286916 1.768640
-0.231438 -0.071374 1.318810
-0.180218 -0.403519 1.308430
-0.250554 -0.575338 1.432620
-0.213026 -0.528118 1.354310
-0.137455 -0.073738 1.306930
-0.150190 -0.401440 1.297920
-0.130214 -0.731636 1.328220
-0.138443 -0.763684 1.240610
-0.187762 -0.032954 1.332650
-0.186282 0.053118 1.388750
-0.205659 0.525484 1.418920
-0.062971 0.609917 1.532370
-0.255769 0.322262 1.306670
-0.093619 0.348473 1.179700
0.012212 0.197356 1.190800
0.051365 0.216073 1.224060
-0.086562 0.271305 1.274330
-0.022555 0.188286 1.471550
-0.025674 0.258683 1.696290
-0.020493 0.270697 1.774460
-0.233731 -0.067561 1.337670
-0.169758 -0.388980 1.324780
-0.260235 -0.555878 1.451770
-0.209775 -0.500216 1.362980
-0.138578 -0.072619 1.314550
-0.152688 -0.381593 1.294620
-0.132651 -0.728680 1.321630
-0.142986 -0.764959 1.234650
-0.187337 -0.027764 1.350290
-0.184820 0.057841 1.405150
-0.206790 0.529189 1.431370
-0.067054 0.616271 1.542470
-0.260646 0.325099 1.323170
-0.096513 0.353059 1.197020
0.009708 0.202097 1.207780
0.048857 0.220813 1.241050
-0.087953 0.283064 1.300580
-0.018919 0.194131 1.482840
-0.015757 0.249038 1.702470
-0.007913 0.256653 1.777170
-0.232871 -0.061314 1.359810
-0.162646 -0.382822 1.336190
-0.282991 -0.557587 1.480680
-0.279757 -0.564846 1.406460
-0.138900 -0.068715 1.328670
-0.163240 -0.378033 1.315530
-0.129289 -0.725651 1.320270
-0.140093 -0.761751 1.235050
-0.186634 -0.023487 1.367460
-0.184624 0.061849 1.421640
-0.208182 0.532462 1.446310
-0.072178 0.624285 1.553680
-0.262054 0.327419 1.334110
-0.097293 0.356846 1.210450
0.009099 0.205983 1.221130
0.048244 0.224698 1.254390
-0.089952 0.290867 1.319380
-0.016420 0.199626 1.496370
-0.007946 0.240948 1.707650
0.001519 0.245551 1.779660
-0.231439 -0.057064 1.377200
-0.156574 -0.380310 1.347020
-0.293139 -0.565053 1.497080
-0.302424 -0.600105 1.426790
-0.139212 -0.064146 1.345800
-0.205723 -0.360921 1.344340
-0.084767 -0.672163 1.317380
-0.067102 -0.674273 1.231400
-0.185548 -0.020208 1.384560
-0.184903 0.064992 1.438280
-0.209919 0.534857 1.462160
-0.077844 0.633371 1.564060
-0.261543 0.329451 1.343970
-0.096880 0.360054 1.222570
0.009543 0.209233 1.233290
0.048685 0.227947 1.266550
-0.092272 0.296482 1.334640
-0.014975 0.204763 1.511410
-0.001381 0.234211 1.712490
0.009129 0.236829 1.782340
-0.229191 -0.053641 1.393470
-0.151533 -0.381941 1.357690
-0.274487 -0.616483 1.481670
-0.288484 -0.666659 1.407030
-0.139329 -0.059989 1.364610
-0.259087 -0.316278 1.489990
-0.127985 -0.521044 1.336680
-0.169582 -0.552424 1.325390
-0.184213 -0.017401 1.405570
-0.185090 0.067868 1.458100
-0.211357 0.536418 1.477540
-0.083978 0.642984 1.574130
-0.258940 0.331809 1.356080
-0.095461 0.363220 1.235910
0.010861 0.212392 1.246780
0.050000 0.231105 1.280040
-0.094400 0.300662 1.348430
-0.014539 0.208979 1.527360
0.003200 0.229150 1.717390
0.014028 0.230903 1.785470
-0.226434 -0.050521 1.413340
-0.145131 -0.388031 1.371620
-0.262343 -0.644459 1.468470
-0.277350 -0.699337 1.391480
-0.139180 -0.056257 1.387670
-0.291884 -0.282863 1.559030
-0.129747 -0.467645 1.349650
-0.178098 -0.503324 1.341390
-0.184531 -0.015060 1.425510
-0.186141 0.070234 1.477330
-0.211731 0.537093 1.493260
-0.090528 0.653669 1.582640
-0.255598 0.335041 1.371880
-0.093734 0.366727 1.251520
0.012388 0.215863 1.262610
0.051524 0.234576 1.295850
-0.095987 0.304271 1.363270
0.020807 0.210687 1.470920
-0.033004 0.307975 1.382070
-0.056001 0.346270 1.342070
-0.225753 -0.048093 1.432270
-0.137658 -0.390649 1.384670
-0.227769 -0.666430 1.462840
-0.239348 -0.719820 1.383950
-0.140452 -0.053572 1.408540
-0.150463 -0.360425 1.426290
-0.143914 -0.612003 1.359340
-0.165868 -0.664873 1.303050
-0.184407 -0.014838 1.441130
-0.186810 0.070575 1.492910
-0.211715 0.536870 1.508240
-0.097331 0.663627 1.590380
-0.252560 0.336799 1.386110
-0.091917 0.369022 1.266020
0.014001 0.218115 1.277270
0.053134 0.236826 1.310520
-0.097795 0.306744 1.378340
0.031238 0.211700 1.460350
-0.040292 0.323974 1.303930
-0.067264 0.363216 1.260700
-0.224536 -0.047442 1.447630
-0.120929 -0.406758 1.406060
-0.194128 -0.681730 1.458920
-0.200455 -0.731033 1.379000
-0.141311 -0.053162 1.424510
-0.139321 -0.362555 1.436190
-0.102626 -0.638140 1.393160
-0.116642 -0.689620 1.333240
-0.184444 -0.016556 1.455980
-0.187673 0.069229 1.507440
-0.211685 0.535828 1.520880
-0.104632 0.672258 1.597530
-0.249515 0.337918 1.399280
-0.094520 0.369172 1.270660
-0.040022 0.212449 1.323710
-0.000895 0.231158 1.356950
-0.099007 0.308667 1.393540
0.037359 0.212371 1.454230
-0.046660 0.338162 1.250250
-0.077785 0.381083 1.212040
-0.223324 -0.048465 1.461490
-0.218542 -0.393512 1.539300
-0.169651 -0.691275 1.508410
-0.171713 -0.732941 1.430390
-0.142680 -0.054786 1.440820
-0.102607 -0.378022 1.429490
-0.053148 -0.688881 1.414570
-0.050225 -0.741181 1.339160
-0.184054 -0.020057 1.470170
-0.187521 0.066264 1.521360
-0.211413 0.533941 1.533550
-0.111471 0.678862 1.605510
-0.247455 0.338761 1.414980
-0.100491 0.367431 1.273860
-0.059017 0.209826 1.343130
-0.019894 0.228532 1.376370
-0.099520 0.310020 1.407420
0.042540 0.209831 1.457950
-0.048084 0.336767 1.276600
-0.078647 0.378989 1.238470
-0.221841 -0.051942 1.475670
-0.242032 -0.393793 1.585240
-0.157983 -0.697273 1.532130
-0.159258 -0.735393 1.454230
-0.143236 -0.057954 1.455230
-0.058823 -0.392647 1.434440
-0.038334 -0.708952 1.421600
-0.032224 -0.760781 1.340320
-0.182467 -0.024088 1.483290
-0.186582 0.062765 1.534270
-0.210665 0.531804 1.545430
-0.117033 0.683647 1.613130
-0.245612 0.339448 1.428760
-0.105037 0.365517 1.277290
-0.069237 0.208124 1.356100
-0.030117 0.226830 1.389330
-0.099183 0.310748 1.422820
0.045833 0.205991 1.467320
-0.047386 0.333541 1.295560
-0.077603 0.375437 1.257520
-0.219540 -0.055543 1.487960
-0.258598 -0.394084 1.608220
-0.152433 -0.701329 1.546770
-0.152866 -0.737299 1.468910
-0.142191 -0.062031 1.469420
-0.039485 -0.398950 1.439120
-0.010081 -0.720944 1.443320
-0.001985 -0.770662 1.358180
-0.178133 0.000027 1.503430
-0.184128 0.074119 1.550240
-0.209741 0.529124 1.556240
-0.135105 0.691938 1.622420
-0.243505 0.346456 1.445860
-0.106146 0.390403 1.303060
-0.059573 0.227502 1.367230
-0.020460 0.246203 1.400470
-0.097263 0.316302 1.440180
0.038634 0.197154 1.494990
-0.053230 0.327450 1.328050
-0.084962 0.372650 1.276070
-0.216272 -0.029799 1.505340
-0.254891 -0.384940 1.605610
-0.168498 -0.684779 1.564750
-0.169030 -0.717288 1.487200
-0.136104 -0.038964 1.491140
-0.042234 -0.360736 1.475870
0.009997 -0.699412 1.462250
0.018961 -0.747549 1.376220
-0.176158 0.010029 1.511820
-0.182291 0.080924 1.558990
-0.208325 0.526540 1.566570
-0.149775 0.697911 1.628150
-0.242274 0.352761 1.459490
-0.107332 0.401706 1.316320
-0.053185 0.238522 1.374400
-0.014076 0.257220 1.407630
-0.095512 0.321231 1.452600
0.033530 0.192842 1.512940
-0.055609 0.321410 1.360690
-0.085272 0.363474 1.320010
-0.214735 -0.018989 1.512810
-0.252554 -0.378066 1.607750
-0.180521 -0.673284 1.574680
-0.181355 -0.704011 1.497080
-0.133473 -0.029679 1.499900
-0.030211 -0.345493 1.499490
0.018581 -0.684378 1.482750
0.025498 -0.725664 1.400050
-0.174339 0.016070 1.517520
-0.179948 0.086360 1.565780
-0.205851 0.524292 1.577370
-0.159728 0.701810 1.632530
-0.241134 0.359095 1.472820
-0.109607 0.412411 1.327290
-0.051029 0.248129 1.381580
-0.011923 0.266824 1.414810
-0.093035 0.326046 1.464000
0.029215 0.190789 1.526770
-0.057384 0.317798 1.383630
-0.085763 0.358613 1.346780
-0.213244 -0.012779 1.518060
-0.246641 -0.371251 1.607350
-0.189274 -0.665619 1.579930
-0.190515 -0.695409 1.502210
-0.131265 -0.024102 1.505590
-0.025420 -0.338002 1.518480
0.024799 -0.667915 1.520310
0.027665 -0.700741 1.442820
-0.172721 0.019949 1.521720
-0.177535 0.090271 1.571170
-0.201763 0.522307 1.589340
-0.168902 0.704353 1.640660
-0.240244 0.363364 1.484130
-0.111357 0.419255 1.335720
-0.049361 0.254789 1.387620
-0.010258 0.273482 1.420850
-0.090303 0.330523 1.474770
0.026128 0.190092 1.540220
-0.058068 0.315491 1.402650
-0.085531 0.355654 1.367150
-0.211962 -0.008909 1.522010
-0.237468 -0.366931 1.601560
-0.195849 -0.660406 1.582570
-0.197299 -0.689746 1.504720
-0.129335 -0.020468 1.509610
-0.022890 -0.332363 1.535290
0.026115 -0.656134 1.548890
0.026632 -0.686391 1.472500
-0.170670 0.022832 1.525630
-0.174418 0.093565 1.576680
-0.197551 0.520702 1.600340
-0.175814 0.705862 1.647050
-0.239354 0.366503 1.495340
-0.111558 0.424143 1.345490
-0.042182 0.261193 1.392820
-0.003084 0.279885 1.426040
-0.086683 0.334125 1.485360
0.025920 0.190257 1.556380
-0.056640 0.313867 1.421040
-0.083491 0.353639 1.385650
-0.210292 -0.006227 1.525910
-0.230549 -0.364045 1.598770
-0.197881 -0.657180 1.584320
-0.199491 -0.686304 1.506500
-0.127011 -0.017886 1.513000
-0.021462 -0.329627 1.553910
0.020557 -0.599423 1.587320
-0.014114 -0.625782 1.536030
-0.167087 0.024888 1.530340
-0.170125 0.096216 1.583210
-0.191466 0.519789 1.613840
-0.178324 0.705996 1.660720
-0.237138 0.368897 1.506000
-0.109603 0.428191 1.356800
-0.030315 0.267848 1.398100
0.008777 0.286538 1.431320
-0.081377 0.337588 1.497900
0.028067 0.190596 1.573240
-0.053901 0.312651 1.438050
-0.080425 0.352212 1.402140
-0.207294 -0.004550 1.530480
-0.225462 -0.361500 1.597880
-0.198499 -0.654535 1.585110
-0.200079 -0.683583 1.507240
-0.122987 -0.016018 1.517150
-0.022811 -0.334170 1.579190
0.018641 -0.575493 1.614340
-0.036151 -0.606487 1.587920
-0.161572 0.026617 1.536920
-0.163464 0.098776 1.591870
-0.183050 0.519960 1.628930
-0.177238 0.706322 1.671500
-0.234472 0.370634 1.519290
-0.108039 0.430106 1.367410
-0.021302 0.271972 1.403340
0.017787 0.290661 1.436550
-0.075811 0.340834 1.510090
0.033165 0.190642 1.589000
-0.049381 0.311608 1.453360
-0.075794 0.351088 1.416730
-0.203374 -0.003568 1.535480
-0.221444 -0.359507 1.598130
-0.203289 -0.652197 1.583330
-0.205295 -0.681431 1.505250
-0.116071 -0.014275 1.524490
-0.023754 -0.339399 1.597370
0.023343 -0.574789 1.641080
-0.038955 -0.609967 1.616290
-0.155710 0.027937 1.544760
-0.156687 0.100763 1.601210
-0.175507 0.520452 1.642110
-0.170692 0.705979 1.686060
-0.230980 0.371981 1.533050
-0.105568 0.430418 1.378520
-0.012297 0.274634 1.409150
0.026786 0.293321 1.442360
-0.070661 0.343511 1.521170
0.037466 0.190584 1.600220
-0.045274 0.310870 1.465090
-0.071651 0.350331 1.427870
-0.198205 -0.002949 1.542760
-0.217352 -0.357447 1.599940
-0.204402 -0.650781 1.583750
-0.206651 -0.680054 1.505660
-0.109973 -0.013031 1.531840
-0.023897 -0.346837 1.613550
0.032316 -0.592187 1.666630
-0.026454 -0.644198 1.656700
-0.147965 0.028725 1.555850
-0.148715 0.102153 1.612590
-0.168697 0.520839 1.653080
-0.157140 0.704236 1.706810
-0.225302 0.372807 1.547070
-0.097843 0.425819 1.394010
-0.000368 0.271957 1.420990
0.038711 0.290644 1.454200
-0.064640 0.345400 1.532790
0.044893 0.189513 1.614150
-0.039137 0.309695 1.478050
-0.065544 0.349236 1.440160
-0.190118 -0.002742 1.554240
-0.212717 -0.355491 1.603920
-0.201462 -0.622907 1.585410
-0.241496 -0.642051 1.537140
-0.102604 -0.012120 1.542190
-0.023161 -0.353447 1.625880
0.041441 -0.615862 1.689510
-0.016367 -0.666679 1.678720
-0.140170 0.029518 1.568240
-0.140914 0.103108 1.624970
-0.159387 0.520940 1.666370
-0.149229 0.703466 1.718120
-0.219799 0.372488 1.560540
-0.086276 0.421193 1.415310
0.022984 0.273312 1.431020
0.062058 0.291997 1.464220
-0.054095 0.345067 1.547350
0.056328 0.187595 1.631920
-0.030038 0.308136 1.493550
-0.056475 0.347812 1.455040
-0.183168 -0.002838 1.565740
-0.207356 -0.353509 1.610760
-0.201360 -0.611443 1.586400
-0.264002 -0.620444 1.556340
-0.094511 -0.011797 1.554160
-0.021430 -0.360789 1.636740
0.054477 -0.645799 1.717430
-0.009040 -0.678461 1.692630
-0.132040 0.030370 1.581850
-0.132509 0.103759 1.638460
-0.148737 0.520374 1.680170
-0.124424 0.699947 1.738600
-0.212838 0.371709 1.574400
-0.075385 0.413047 1.432570
0.040751 0.269583 1.440350
0.079820 0.288267 1.473550
-0.041361 0.343553 1.561470
0.069113 0.182786 1.650460
-0.019010 0.304641 1.510440
-0.045434 0.344474 1.471520
-0.176039 -0.002864 1.578980
-0.202405 -0.352359 1.619650
-0.201559 -0.605275 1.587190
-0.272024 -0.612990 1.563210
-0.085912 -0.012030 1.567060
-0.017959 -0.367849 1.646620
0.061717 -0.661219 1.734140
-0.002787 -0.688787 1.704830
-0.123031 0.030166 1.597360
-0.123326 0.103337 1.653010
-0.138643 0.518623 1.691400
-0.106667 0.696234 1.751920
-0.205158 0.369716 1.587620
-0.065902 0.407561 1.447280
0.055573 0.267698 1.448710
0.094639 0.286381 1.481900
-0.029805 0.341197 1.574000
0.080640 0.177439 1.666450
-0.007795 0.300308 1.526510
-0.034164 0.340260 1.487380
-0.167221 -0.004056 1.596450
-0.197047 -0.353352 1.631510
-0.201929 -0.601340 1.587970
-0.276897 -0.609599 1.567550
-0.076625 -0.013422 1.581430
-0.011818 -0.378517 1.661260
0.066564 -0.673035 1.749520
0.008000 -0.707978 1.722380
-0.114694 0.029027 1.610960
-0.114252 0.101858 1.666110
-0.127444 0.515388 1.701780
-0.099466 0.694438 1.757940
-0.195329 0.366050 1.601400
-0.056645 0.399419 1.459550
0.066469 0.259575 1.460920
0.105532 0.278256 1.494110
-0.019210 0.338655 1.585340
0.090559 0.172988 1.679060
0.085876 0.308637 1.705760
0.096135 0.356654 1.742620
-0.159253 -0.005735 1.611230
-0.190961 -0.355985 1.644900
-0.202418 -0.599167 1.589970
-0.275777 -0.612825 1.568790
-0.068137 -0.015407 1.594310
-0.006290 -0.385743 1.674420
0.070140 -0.681515 1.763500
0.016377 -0.721844 1.738020
-0.104052 0.026203 1.626140
-0.102210 0.098698 1.680770
-0.114186 0.510551 1.712420
-0.066067 0.682396 1.779810
-0.178563 0.361692 1.617640
-0.048444 0.394142 1.468370
0.074105 0.252581 1.473780
0.113165 0.271260 1.506970
-0.008348 0.336098 1.595900
0.102618 0.168071 1.693210
0.132160 0.318763 1.798360
0.139530 0.370137 1.834260
-0.148477 -0.008371 1.627030
-0.184239 -0.359290 1.659600
-0.203052 -0.598848 1.592950
-0.271307 -0.620565 1.568980
-0.057892 -0.018430 1.609630
0.000225 -0.390571 1.689550
0.072666 -0.686949 1.774230
0.025463 -0.735561 1.755200
-0.090618 0.022209 1.643470
-0.086904 0.094598 1.697460
-0.097978 0.505353 1.724590
-0.058168 0.679970 1.785720
-0.166240 0.358393 1.630590
-0.040756 0.389417 1.476570
0.078383 0.244223 1.490780
0.117440 0.262900 1.523970
-0.000319 0.334899 1.604370
0.116787 0.164713 1.708650
0.160184 0.318457 1.854390
0.174998 0.370119 1.910030
-0.134202 -0.012375 1.645500
-0.174924 -0.360449 1.677020
-0.202800 -0.600930 1.598730
-0.263811 -0.628302 1.569270
-0.045647 -0.021295 1.626790
0.011236 -0.394902 1.710340
0.074257 -0.691254 1.782670
0.030254 -0.743586 1.765280
-0.077288 0.018812 1.660540
-0.072997 0.091310 1.713490
-0.081668 0.500902 1.736920
-0.050299 0.677790 1.791670
-0.152016 0.354953 1.644870
-0.025424 0.387932 1.492860
0.088618 0.240891 1.508900
0.127671 0.259566 1.542080
0.014823 0.332770 1.619590
0.131675 0.163101 1.724330
0.174890 0.319207 1.883240
0.186239 0.370179 1.934480
-0.122346 -0.015059 1.660420
-0.163919 -0.362525 1.695820
-0.201411 -0.604488 1.605850
-0.237648 -0.638202 1.557390
-0.031080 -0.024466 1.647550
0.022164 -0.397587 1.728920
0.075458 -0.694304 1.789660
0.037937 -0.752693 1.778780
-0.059839 0.016692 1.680460
-0.055714 0.089508 1.731510
-0.067493 0.497693 1.747370
-0.042971 0.676181 1.796980
-0.138665 0.352892 1.659100
-0.009461 0.399623 1.515640
0.099423 0.249563 1.530200
0.138470 0.268233 1.563370
0.029151 0.331085 1.633360
0.151056 0.159047 1.748270
0.187783 0.318249 1.903780
0.205741 0.368876 1.962560
-0.105941 -0.017146 1.678550
-0.151934 -0.366696 1.713150
-0.197955 -0.608987 1.614390
-0.208792 -0.648594 1.548760
-0.012446 -0.026216 1.670640
0.030456 -0.397244 1.742240
0.076260 -0.696199 1.794410
0.053132 -0.745786 1.760210
-0.043890 0.017879 1.698890
-0.040437 0.090663 1.748300
-0.053298 0.495862 1.757280
-0.030730 0.675189 1.804230
-0.124615 0.353096 1.675350
0.011559 0.397020 1.538650
0.123824 0.250345 1.547920
0.162865 0.269013 1.581090
0.059043 0.330182 1.656070
0.169632 0.158846 1.771280
0.194009 0.319153 1.914350
0.201091 0.372618 1.957750
-0.091669 -0.016945 1.695930
-0.137508 -0.373193 1.730520
-0.187875 -0.616227 1.629160
-0.194897 -0.659812 1.558630
0.004432 -0.026041 1.689840
0.038843 -0.395304 1.754720
0.076971 -0.697439 1.798220
0.063151 -0.741008 1.748820
-0.028942 0.021021 1.717390
-0.023965 0.094036 1.766410
-0.034391 0.496303 1.770720
-0.010100 0.676254 1.814530
-0.109504 0.355711 1.693350
0.028185 0.397581 1.557180
0.146570 0.255492 1.561430
0.185607 0.274158 1.594600
0.073467 0.329972 1.668300
0.185711 0.160662 1.789900
0.199240 0.319649 1.922220
0.206597 0.373127 1.967110
-0.076597 -0.014289 1.715750
-0.120234 -0.380409 1.750090
-0.178793 -0.621750 1.641110
-0.185481 -0.669612 1.577040
0.018999 -0.023949 1.707790
0.047523 -0.392941 1.767400
0.078107 -0.698000 1.801990
0.071373 -0.734956 1.738600
-0.012777 0.025372 1.736550
-0.008434 0.098447 1.784490
-0.015321 0.498339 1.784160
0.001441 0.678239 1.821640
-0.093741 0.360171 1.711690
0.042897 0.408548 1.576860
0.164629 0.269630 1.577610
0.203661 0.288292 1.610770
0.098333 0.329356 1.691480
0.201471 0.165941 1.805400
0.203854 0.321086 1.927160
0.208420 0.375004 1.967170
-0.062251 -0.011194 1.734510
-0.102321 -0.389694 1.768700
-0.162836 -0.629976 1.659000
-0.180769 -0.672529 1.598010
0.036220 -0.021006 1.727270
0.061217 -0.395457 1.785540
0.080639 -0.698298 1.806520
0.078289 -0.732155 1.734470
0.002427 0.031181 1.754530
0.006556 0.104039 1.801320
-0.000284 0.499898 1.794840
0.022041 0.680424 1.833990
-0.079487 0.365255 1.728980
0.053285 0.417850 1.591290
0.176272 0.280141 1.590270
0.215301 0.298801 1.623430
0.118342 0.328394 1.707380
0.215649 0.170541 1.817650
0.188893 0.317710 1.928180
0.167069 0.364933 1.961330
-0.048782 -0.006914 1.754400
-0.084244 -0.399529 1.788430
-0.148228 -0.636595 1.675740
-0.176085 -0.676321 1.621230
0.052488 -0.017784 1.743540
0.072654 -0.398271 1.799500
0.083255 -0.698642 1.810670
0.082248 -0.730874 1.732540
0.018276 0.034880 1.772320
0.023024 0.108122 1.818210
0.013721 0.501131 1.804760
0.038285 0.681821 1.843530
-0.065254 0.368385 1.744420
0.083172 0.430485 1.613290
0.211333 0.296673 1.608830
0.250356 0.315331 1.641980
0.129819 0.328226 1.717440
0.240443 0.178035 1.833460
0.155174 0.304349 1.919920
0.103465 0.339625 1.943000
-0.031139 -0.003573 1.777290
-0.066477 -0.407770 1.810590
-0.126285 -0.647414 1.702920
-0.158428 -0.681089 1.645410
0.068443 -0.015274 1.759540
0.081307 -0.399788 1.810380
0.086382 -0.698853 1.814780
0.085211 -0.730036 1.732050
0.029753 0.037610 1.785200
0.033689 0.110908 1.830430
0.025822 0.502216 1.814320
0.054327 0.682741 1.855100
-0.052463 0.370515 1.759530
0.098748 0.437019 1.625240
0.228713 0.304784 1.618740
0.267733 0.323440 1.651890
0.160304 0.331012 1.742360
0.253507 0.180942 1.840950
0.144543 0.298141 1.919890
0.086562 0.330791 1.941450
-0.022138 -0.001884 1.789300
-0.045318 -0.419710 1.839350
-0.106734 -0.656082 1.730620
-0.146294 -0.679642 1.671160
0.083709 -0.013879 1.774140
0.094423 -0.406521 1.825630
0.090398 -0.699185 1.819140
0.089519 -0.729842 1.734110
0.042821 0.038518 1.799670
0.048404 0.111858 1.845500
0.044073 0.502370 1.830440
0.073443 0.682552 1.868910
-0.036592 0.372118 1.776020
0.109259 0.441263 1.634880
0.240025 0.309864 1.626950
0.279043 0.328519 1.660100
0.171040 0.331143 1.751250
0.264385 0.181396 1.845340
0.139388 0.293165 1.920350
0.077921 0.323691 1.941400
-0.008936 -0.001082 1.805850
-0.022810 -0.429751 1.867820
-0.092588 -0.664807 1.757490
-0.133705 -0.688874 1.703830
0.095902 -0.013789 1.786240
0.104047 -0.411985 1.836830
0.098080 -0.702543 1.826680
0.092968 -0.731412 1.737770
0.056397 0.037014 1.813210
0.063815 0.110669 1.859010
0.057105 0.501827 1.842040
0.086014 0.681917 1.877100
-0.024250 0.371572 1.788790
0.119994 0.443748 1.644910
0.251027 0.312805 1.636010
0.290041 0.331459 1.669160
0.177683 0.331239 1.756840
0.276486 0.177955 1.846790
0.229538 0.301636 1.929860
0.222009 0.345082 1.961460
0.006036 -0.002701 1.821880
0.000856 -0.436811 1.894140
-0.084228 -0.674688 1.778410
-0.114830 -0.702637 1.717220
0.107519 -0.014536 1.797160
0.113478 -0.418444 1.848310
0.104567 -0.704180 1.832150
0.096687 -0.733935 1.745520
0.069201 0.034524 1.825020
0.077963 0.108383 1.870850
0.069560 0.500711 1.854430
0.099533 0.680453 1.888650
-0.011459 0.369764 1.800170
0.134895 0.422342 1.659860
0.261919 0.282789 1.659000
0.300929 0.301442 1.692150
0.183053 0.330423 1.761390
0.286961 0.171901 1.844760
0.275705 0.306339 1.930230
0.283634 0.355210 1.963690
0.019809 -0.004882 1.835500
0.027300 -0.434570 1.918390
-0.075657 -0.692157 1.802490
-0.061623 -0.737171 1.760360
0.118859 -0.016313 1.806800
0.121662 -0.424407 1.858040
0.110738 -0.704937 1.836810
0.054799 -0.715787 1.790090
0.080290 0.032100 1.835280
0.090778 0.105856 1.881520
0.082546 0.499404 1.869460
0.110572 0.679268 1.899550
0.000021 0.367828 1.810070
0.144083 0.408691 1.668530
0.268309 0.266283 1.671390
0.307316 0.284934 1.704530
0.187024 0.329234 1.764830
0.296135 0.162288 1.838750
0.300324 0.306934 1.927600
0.316851 0.358900 1.962290
0.033434 -0.007318 1.849730
0.071646 -0.434633 1.932110
-0.030391 -0.713000 1.843630
-0.050012 -0.735548 1.804450
0.127549 -0.017856 1.813750
0.128265 -0.427293 1.865910
0.119105 -0.706945 1.842810
0.041256 -0.710170 1.809530
0.093713 0.030138 1.847020
0.105655 0.103741 1.893230
0.093963 0.497530 1.883250
0.123821 0.676829 1.916920
0.011432 0.364964 1.819050
0.151369 0.399008 1.674850
0.278880 0.211280 1.738890
0.317881 0.229928 1.772020
0.189962 0.327584 1.767480
0.302150 0.151993 1.831080
0.315499 0.306023 1.924380
0.336006 0.359969 1.960290
0.055999 -0.011006 1.873480
0.111821 -0.432102 1.930780
0.002926 -0.727154 1.870270
-0.046941 -0.739111 1.837720
0.135657 -0.018958 1.819110
0.132649 -0.428392 1.871410
0.124183 -0.708201 1.846530
0.034062 -0.707223 1.820130
0.104204 0.027981 1.856710
0.117308 0.101530 1.902830
0.102617 0.495935 1.895530
0.133206 0.674971 1.931560
0.023387 0.362143 1.827130
0.157692 0.392191 1.679560
0.278238 0.169059 1.775140
0.318950 0.199441 1.799690
0.192126 0.325674 1.769760
0.305477 0.142671 1.823540
0.325431 0.303843 1.920080
0.347486 0.358618 1.955750
0.068141 -0.013414 1.886700
0.145688 -0.430141 1.919140
0.027930 -0.735263 1.887540
-0.046223 -0.744266 1.863510
0.142932 -0.020242 1.823760
0.132356 -0.431721 1.914260
0.125886 -0.710064 1.851090
0.018727 -0.715932 1.857740
0.113058 0.025890 1.864940
0.127292 0.099364 1.911110
0.110719 0.494690 1.907790
0.141496 0.673675 1.944880
0.035000 0.359896 1.833990
0.164366 0.385831 1.683570
0.281672 0.152846 1.789280
0.322176 0.184028 1.813590
0.193844 0.323339 1.771880
0.306850 0.135047 1.816900
0.330862 0.300269 1.914380
0.350941 0.354442 1.948310
0.078632 -0.015863 1.898130
0.167984 -0.428918 1.908750
0.052968 -0.739189 1.899000
-0.038824 -0.752894 1.903680
0.149191 -0.021618 1.827500
0.124979 -0.434655 1.959440
0.130278 -0.711078 1.854330
0.015943 -0.716983 1.868450
0.121212 0.024179 1.873000
0.134739 0.097600 1.919350
0.118283 0.493939 1.920630
0.151219 0.672611 1.960520
0.047596 0.358062 1.839370
0.171332 0.380151 1.686130
0.287255 0.144740 1.794880
0.325456 0.174242 1.822550
0.215474 0.304222 1.780960
0.307255 0.127383 1.811670
0.332681 0.294501 1.908260
0.348718 0.347189 1.940370
0.086214 -0.017947 1.907010
0.182801 -0.426495 1.900050
0.080038 -0.738360 1.907000
-0.030681 -0.756052 1.919460
0.157258 -0.023921 1.832170
0.108281 -0.411345 2.024630
0.139751 -0.695617 1.869950
0.019089 -0.716351 1.877640
0.130505 0.023364 1.881400
0.142813 0.096505 1.928160
0.126348 0.493570 1.934600
0.161757 0.671853 1.975270
0.059668 0.356926 1.843780
0.181736 0.372300 1.689400
0.291649 0.133990 1.797340
0.328612 0.164702 1.827260
0.223257 0.298106 1.785020
0.307406 0.109590 1.808120
0.353479 0.056514 2.014250
0.370480 0.030750 2.091130
0.094785 -0.019965 1.916340
0.191854 -0.424192 1.894180
0.118797 -0.736779 1.901880
-0.008827 -0.757822 1.925230
0.166885 -0.026121 1.836820
0.141142 -0.354609 1.910980
0.150108 -0.675931 1.874440
0.072584 -0.735092 1.870800
0.146125 0.020942 1.891340
0.153882 0.094068 1.938390
0.134122 0.492192 1.947990
0.171751 0.670035 1.989690
0.085662 0.351865 1.844840
0.195817 0.364177 1.687860
0.293241 0.125686 1.787640
0.330294 0.155476 1.825820
0.231088 0.292549 1.790500
0.307131 0.093085 1.807110
0.376369 -0.007053 2.025940
0.407151 -0.042633 2.051650
0.114986 -0.025354 1.930010
0.196999 -0.422382 1.889750
0.137892 -0.735910 1.894160
0.010344 -0.755916 1.921410
0.181927 -0.029970 1.841650
0.234750 -0.397048 2.005180
0.158571 -0.692405 1.876260
0.086655 -0.742717 1.868750
0.171903 0.036483 1.908030
0.169501 0.101929 1.953970
0.145091 0.489806 1.964620
0.183684 0.667505 2.004790
0.100648 0.348404 1.845600
0.230336 0.176185 1.756290
0.341577 0.043471 1.786910
0.378226 0.068193 1.824910
0.241510 0.287165 1.800100
0.315847 0.060411 1.818560
0.402287 -0.054826 2.009240
0.426344 -0.104295 2.046350
0.146222 -0.018975 1.885880
0.199918 -0.421582 1.886600
0.147577 -0.734885 1.888220
0.023496 -0.753652 1.915590
0.208865 -0.019496 1.913460
0.288661 -0.401299 2.054250
0.149127 -0.624040 1.848360
0.111071 -0.721415 1.858790
0.183247 0.042175 1.915500
0.177257 0.105198 1.962650
0.157574 0.486636 1.982000
0.201651 0.662983 2.024320
0.112778 0.345186 1.846030
0.242750 0.118442 1.774230
0.371364 -0.005937 1.848700
0.409949 0.012555 1.885150
0.253931 0.282258 1.813520
0.320166 0.048519 1.823810
0.409054 -0.076074 1.992790
0.431692 -0.124226 2.012840
0.163547 -0.015258 1.859640
0.203281 -0.427133 1.888990
0.151211 -0.733570 1.882270
0.032000 -0.751545 1.909640
0.224735 -0.012663 1.959300
0.326408 -0.415235 2.085150
0.276615 -0.798467 2.081410
0.248930 -0.813010 1.978470
0.189117 0.043951 1.919890
0.181325 0.105832 1.968240
0.169957 0.482653 1.997770
0.214616 0.659025 2.037550
0.122018 0.342340 1.847080
0.241679 0.085227 1.784570
0.379839 -0.029172 1.874700
0.419131 -0.008795 1.902180
0.266994 0.277647 1.828620
0.327204 0.038978 1.832850
0.419076 -0.106133 1.981690
0.439033 -0.150161 2.002800
0.169812 -0.015735 1.850640
0.205395 -0.436594 1.894240
0.150318 -0.732291 1.877020
0.037287 -0.749811 1.904350
0.230041 -0.013810 1.976620
0.334864 -0.426427 2.091940
0.303417 -0.810403 2.113570
0.324848 -0.858681 2.037030
0.193758 0.043504 1.923980
0.184807 0.104202 1.974270
0.184594 0.477206 2.015470
0.231726 0.652938 2.054340
0.129181 0.339646 1.849730
0.234633 0.074684 1.790530
0.373527 -0.031484 1.879610
0.413544 -0.062557 1.916390
0.281818 0.272749 1.846760
0.338576 0.031463 1.847690
0.427279 -0.135522 1.975700
0.448521 -0.182415 1.989270
0.173144 -0.017760 1.845680
0.205577 -0.446579 1.899140
0.150710 -0.731861 1.874630
0.041492 -0.748768 1.900800
0.233702 -0.017693 1.987060
0.342808 -0.437253 2.095420
0.341383 -0.853007 2.163260
0.350907 -0.911770 2.130910
0.199508 0.037140 1.931590
0.190565 0.097779 1.984710
0.201658 0.471545 2.033030
0.250672 0.646817 2.069660
0.136090 0.336670 1.855650
0.220424 0.064784 1.799640
0.370671 -0.040081 1.882260
0.408883 -0.088823 1.919400
0.298435 0.268072 1.865700
0.354637 0.026254 1.866400
0.432952 -0.157426 1.957940
0.454506 -0.207213 1.977500
0.173738 -0.025499 1.851800
0.204940 -0.458477 1.904010
0.150997 -0.731948 1.873590
0.162888 -0.759940 1.886350
0.237542 -0.025953 1.992600
0.351252 -0.448724 2.099550
0.363242 -0.865974 2.182690
0.367445 -0.936539 2.178370
0.223084 -0.001526 1.951220
0.214966 0.065668 2.007410
0.216127 0.466762 2.047000
0.267650 0.641328 2.082250
0.143166 0.333310 1.868460
0.207308 0.059574 1.807730
0.362784 -0.045809 1.878620
0.400734 -0.104834 1.910030
0.313345 0.263976 1.882090
0.370396 0.022837 1.883840
0.434904 -0.171740 1.932920
0.453049 -0.231687 1.941430
0.184594 -0.052735 1.888140
0.221154 -0.489293 1.930830
0.151645 -0.732507 1.874070
0.212695 -0.765533 1.880440
0.265163 -0.065240 1.991310
0.356769 -0.486273 2.099300
0.378709 -0.867409 2.186550
0.379366 -0.949163 2.202300
0.233482 -0.021496 1.960240
0.225361 0.049888 2.017260
0.229416 0.461168 2.059470
0.284793 0.634409 2.094290
0.149271 0.329850 1.882870
0.193388 0.063507 1.814310
0.350177 -0.046113 1.867930
0.381049 -0.114508 1.884450
0.327032 0.259323 1.896800
0.385251 0.019426 1.899790
0.433281 -0.182399 1.910970
0.444672 -0.246621 1.907300
0.188117 -0.067822 1.907660
0.224653 -0.502247 1.938810
0.152348 -0.730943 1.875720
0.236045 -0.767939 1.877990
0.278023 -0.086272 1.988430
0.361456 -0.499781 2.100280
0.424823 -0.862425 2.178910
0.394993 -0.949317 2.209650
0.266043 -0.048233 1.999360
0.258890 0.028284 2.054110
0.242235 0.455794 2.070720
0.299722 0.628381 2.103630
0.157512 0.325093 1.904260
0.181512 0.068268 1.821490
0.341871 -0.048354 1.860640
0.376025 -0.120730 1.873500
0.340020 0.254785 1.909940
0.399389 0.016384 1.914050
0.429332 -0.188882 1.893660
0.433101 -0.254998 1.880200
0.216702 -0.089634 1.959000
0.226610 -0.515721 1.943810
0.152755 -0.732791 1.878640
0.251855 -0.769396 1.876240
0.314618 -0.115294 2.018310
0.375485 -0.534633 2.109720
0.442081 -0.858618 2.172920
0.403305 -0.940793 2.202960
0.278080 -0.057336 2.014800
0.272056 0.020011 2.068760
0.259549 0.447350 2.084960
0.318291 0.619600 2.114020
0.167940 0.319657 1.929150
0.170835 0.073017 1.830480
0.328492 -0.052313 1.851720
0.369373 -0.123929 1.863400
0.355695 0.248217 1.924570
0.416055 0.011638 1.929580
0.455733 -0.180713 1.935810
0.463804 -0.242091 1.939200
0.227617 -0.093226 1.988360
0.228067 -0.521451 1.946980
0.153106 -0.733208 1.882410
0.260041 -0.770915 1.876590
0.325525 -0.123779 2.025290
0.381489 -0.544174 2.111760
0.448136 -0.850964 2.161350
0.405073 -0.929936 2.190440
0.284456 -0.062688 2.023200
0.279332 0.015075 2.076820
0.276372 0.440160 2.097080
0.336583 0.611858 2.123350
0.180296 0.314272 1.954820
0.163306 0.076958 1.839190
0.314831 -0.056550 1.845840
0.362438 -0.125048 1.856030
0.371563 0.241918 1.937590
0.432610 0.006953 1.943190
0.478139 -0.176471 1.967130
0.493480 -0.233473 1.987870
0.232168 -0.095552 2.001660
0.229191 -0.525536 1.949460
0.154589 -0.734231 1.888370
0.261528 -0.772658 1.879900
0.332410 -0.129681 2.030010
0.385985 -0.550570 2.113290
0.445954 -0.844502 2.151570
0.403368 -0.920495 2.178030
0.308248 -0.033222 2.066250
0.308492 0.040156 2.115370
0.293482 0.434774 2.108080
0.356746 0.605406 2.132800
0.191164 0.311187 1.977740
0.156851 0.080254 1.852820
0.299957 -0.061709 1.843670
0.351523 -0.126613 1.849680
0.387986 0.236525 1.949520
0.449498 0.002878 1.955500
0.479406 -0.118889 2.138720
0.491955 -0.169240 2.178660
0.251568 -0.076275 2.033560
0.232742 -0.514602 1.957600
0.160534 -0.724634 1.902170
0.251574 -0.772857 1.888300
0.362364 -0.105926 2.085760
0.394780 -0.542231 2.119660
0.438780 -0.839489 2.143280
0.398921 -0.912525 2.166050
0.319878 -0.011736 2.090300
0.323471 0.055944 2.135150
0.312929 0.430641 2.118570
0.379271 0.600226 2.141870
0.201929 0.309582 1.999230
0.148757 0.085757 1.879100
0.290622 -0.066598 1.843280
0.342304 -0.129828 1.845610
0.406265 0.231840 1.960720
0.468031 -0.000792 1.966910
0.492629 -0.104538 2.201480
0.495218 -0.137308 2.285630
0.258965 -0.067403 2.047260
0.236638 -0.504995 1.966760
0.168694 -0.717904 1.916720
0.243664 -0.773431 1.898500
0.378203 -0.085172 2.121050
0.402499 -0.531432 2.125960
0.423978 -0.834210 2.135130
0.390192 -0.904758 2.153870
0.326777 -0.004653 2.103960
0.333125 0.061913 2.147740
0.333197 0.426667 2.128080
0.400241 0.595724 2.149300
0.211624 0.308928 2.015610
0.145320 0.086690 1.904160
0.285178 -0.079496 1.845190
0.333386 -0.142442 1.842870
0.425648 0.227253 1.970960
0.487474 -0.004690 1.977210
0.495538 -0.111251 2.219580
0.490503 -0.170964 2.212780
0.264435 -0.062828 2.062020
0.241183 -0.499437 1.978730
0.176549 -0.715712 1.931800
0.237594 -0.775137 1.910120
0.385865 -0.078962 2.135890
0.408049 -0.525561 2.131370
0.414537 -0.831266 2.130450
0.383243 -0.899454 2.145140
0.349148 0.004823 2.142540
0.359930 0.072204 2.178800
0.352294 0.422693 2.134880
0.422017 0.590722 2.155010
0.221139 0.308216 2.029470
0.141959 0.086678 1.928570
0.280268 -0.096213 1.850650
0.318480 -0.164528 1.846180
0.444676 0.222760 1.978940
0.506470 -0.008791 1.985190
0.501869 -0.123232 2.222770
0.498222 -0.166931 2.252250
0.289703 -0.058012 2.107710
0.248390 -0.490065 1.999510
0.184035 -0.743011 1.954030
0.238953 -0.781065 1.925870
0.403940 -0.070012 2.174520
0.413274 -0.519045 2.139840
0.408834 -0.829609 2.127900
0.378387 -0.896013 2.139420
0.357140 0.008272 2.156610
0.368968 0.075438 2.189210
0.381754 0.414428 2.144610
0.447882 0.583041 2.159660
0.234731 0.306999 2.044520
0.140648 0.087421 1.949060
0.244277 -0.100566 1.880010
0.281003 -0.164096 1.863280
0.470959 0.215446 1.988560
0.532662 -0.015972 1.994730
0.513840 -0.121941 2.254880
0.510695 -0.182114 2.243230
0.299081 -0.056747 2.125320
0.252832 -0.486866 2.016910
0.188634 -0.759511 1.970590
0.241850 -0.787430 1.943050
0.410613 -0.067546 2.190030
0.415691 -0.515935 2.145970
0.405069 -0.828679 2.126520
0.375001 -0.893788 2.135670
0.361758 0.010637 2.165260
0.374704 0.077560 2.195820
0.400516 0.407586 2.149430
0.470195 0.574276 2.161680
0.247931 0.305820 2.056950
0.140504 0.088544 1.967590
0.222758 -0.105045 1.900140
0.253782 -0.168893 1.880610
0.491311 0.208579 1.994600
0.552985 -0.022858 2.000700
0.527814 -0.137677 2.247860
0.524257 -0.198729 2.225510
0.303036 -0.055953 2.134820
0.254621 -0.486510 2.030770
0.191451 -0.774195 1.990680
0.245809 -0.796016 1.965970
0.413002 -0.067805 2.202500
0.416477 -0.514530 2.151140
0.402606 -0.828268 2.125940
0.372821 -0.892348 2.133230
0.364020 0.011434 2.172170
0.378516 0.077999 2.200110
0.422355 0.396478 2.151830
0.495841 0.560701 2.160170
0.266194 0.304868 2.070350
0.142677 0.091759 1.985800
0.202631 -0.109912 1.923870
0.226299 -0.176112 1.906780
0.513546 0.198845 1.998530
0.575223 -0.032758 2.004560
0.547475 -0.156821 2.235340
0.541979 -0.215434 2.210750
0.301292 -0.056861 2.141000
0.254469 -0.487787 2.043020
0.193379 -0.791546 2.019230
0.250562 -0.809004 1.996100
0.411016 -0.072448 2.215780
0.415749 -0.515386 2.158070
0.401805 -0.828821 2.126860
0.371531 -0.891400 2.131630
0.364724 0.010112 2.178850
0.381310 0.076248 2.203240
0.439670 0.384881 2.152030
0.517213 0.546318 2.157260
0.279339 0.303797 2.079120
0.145316 0.094385 2.004750
0.189298 -0.132172 1.948430
0.206685 -0.203175 1.937060
0.532382 0.188389 2.000250
0.594072 -0.043420 2.006210
0.565209 -0.173990 2.223810
0.558240 -0.230099 2.200100
0.297079 -0.059918 2.147570
0.252043 -0.491946 2.057650
0.195471 -0.803594 2.042430
0.255146 -0.820719 2.022820
0.407899 -0.078773 2.227360
0.415289 -0.519666 2.171600
0.402721 -0.830239 2.128910
0.370821 -0.891036 2.130760
0.363188 0.006288 2.185440
0.382491 0.071691 2.205160
0.457025 0.368210 2.149840
0.536397 0.527990 2.151240
0.291004 0.299450 2.086870
0.146781 0.094481 2.019520
0.180951 -0.146670 1.965090
0.195198 -0.219635 1.956440
0.550816 0.174354 1.999850
0.612508 -0.057693 2.005740
0.582709 -0.192026 2.213200
0.575269 -0.246193 2.191710
0.286861 -0.065352 2.155480
0.248314 -0.498295 2.074540
0.199213 -0.816870 2.072940
0.260774 -0.834395 2.053660
0.403402 -0.086468 2.237810
0.414842 -0.524665 2.181780
0.404129 -0.831729 2.131110
0.370543 -0.891109 2.130510
0.360314 -0.000672 2.193470
0.382588 0.062646 2.207600
0.471779 0.339251 2.145550
0.554552 0.495565 2.142840
0.300033 0.292871 2.093040
0.147618 0.091732 2.034230
0.172279 -0.161469 1.985480
0.183634 -0.234199 1.979930
0.567455 0.151783 1.997450
0.629113 -0.080511 2.003280
0.598238 -0.215603 2.203700
0.591388 -0.268540 2.185230
0.275929 -0.072127 2.166460
0.242477 -0.504802 2.089230
0.200941 -0.824546 2.091140
0.264106 -0.843931 2.075000
0.399020 -0.095042 2.247530
0.414678 -0.531504 2.192210
0.405492 -0.832882 2.133120
0.369638 -0.891163 2.133610
0.355475 -0.013641 2.205240
0.381091 0.046570 2.212350
0.480049 0.311766 2.142050
0.563893 0.467333 2.135910
0.307264 0.282038 2.098870
0.148286 0.082943 2.053500
0.165200 -0.173664 2.002550
0.175491 -0.243500 1.996350
0.579312 0.126976 1.994510
0.640912 -0.105460 2.000310
0.591237 -0.136827 2.207240
0.567853 -0.118988 2.261450
0.263249 -0.082458 2.182600
0.236654 -0.510497 2.099180
0.203717 -0.831300 2.109790
0.267760 -0.852571 2.095180
0.392958 -0.108997 2.260230
0.415608 -0.541073 2.202580
0.406649 -0.833680 2.134970
0.368529 -0.890843 2.138290
0.350902 -0.031585 2.222490
0.379212 0.025008 2.222080
0.484554 0.274626 2.140700
0.569417 0.427391 2.128040
0.311703 0.264564 2.104350
0.147453 0.068839 2.071580
0.153670 -0.185045 2.027290
0.162883 -0.252031 2.024090
0.587812 0.093487 1.992330
0.649348 -0.138997 1.998120
0.589225 -0.108233 2.208900
0.563911 -0.068465 2.291330
0.250918 -0.097482 2.208820
0.229029 -0.515205 2.109900
0.204311 -0.836040 2.123120
0.205676 -0.884591 2.123100
0.388027 -0.126405 2.277320
0.416324 -0.545655 2.209180
0.407467 -0.834455 2.136650
0.367759 -0.891127 2.141580
0.347616 -0.044684 2.234790
0.376988 0.007748 2.230090
0.484059 0.237844 2.140260
0.570887 0.386015 2.120280
0.309677 0.231976 2.110290
0.139103 0.045179 2.090680
0.143406 -0.192033 2.045800
0.151007 -0.258327 2.046820
0.591142 0.057110 1.990650
0.652633 -0.175355 1.996450
0.583552 -0.119121 2.213870
0.552517 -0.088743 2.315500
0.243729 -0.106782 2.224870
0.221011 -0.517875 2.119770
0.204094 -0.838501 2.133090
0.181978 -0.896174 2.129590
0.383920 -0.140762 2.291360
0.416829 -0.548294 2.213600
0.407805 -0.835039 2.138640
0.367876 -0.891957 2.142850
0.343659 -0.069949 2.261280
0.373170 -0.020264 2.248860
0.479309 0.204306 2.142720
0.567818 0.345995 2.112500
0.303887 0.202522 2.114610
0.128373 0.021340 2.108930
0.125869 -0.214206 2.079940
0.140034 -0.274521 2.074820
0.589472 0.021736 1.991340
0.650941 -0.210692 1.997140
0.575969 -0.150007 2.221790
0.544697 -0.126872 2.330260
0.238443 -0.127470 2.266100
0.210069 -0.519594 2.132310
0.204093 -0.839927 2.141330
0.168278 -0.901511 2.133160
0.380073 -0.159189 2.311310
0.417185 -0.549933 2.217080
0.407793 -0.835488 2.140750
0.369239 -0.886512 2.120990
0.340899 -0.086236 2.276130
0.369717 -0.040279 2.260550
0.469018 0.164419 2.143760
0.559179 0.303978 2.106410
0.291897 0.163296 2.121330
0.110348 -0.009625 2.130810
0.114057 -0.235739 2.103080
0.127363 -0.290453 2.099140
0.582279 -0.018440 1.991410
0.564272 -0.132785 2.155440
0.514409 -0.171707 2.393930
0.510925 -0.190941 2.402980
0.236109 -0.140271 2.287620
0.203812 -0.520789 2.143620
0.204154 -0.840957 2.147140
0.156384 -0.902250 2.132390
0.376308 -0.175133 2.327300
0.417409 -0.550929 2.219890
0.407515 -0.835829 2.142710
0.369081 -0.883501 2.108460
0.328040 -0.125539 2.297160
0.356320 -0.081025 2.275340
0.457330 0.131271 2.138320
0.550213 0.268976 2.097470
0.283958 0.139371 2.126320
0.098979 -0.027746 2.144240
0.095883 -0.259189 2.132840
0.105032 -0.318998 2.133410
0.572110 -0.054194 1.987170
0.529180 -0.120481 2.211950
0.497356 -0.185335 2.439400
0.495255 -0.226930 2.435320
0.227211 -0.167172 2.327410
0.198450 -0.522432 2.152870
0.204088 -0.841975 2.150950
0.148694 -0.900366 2.127760
0.364878 -0.210910 2.338990
0.417655 -0.551127 2.223250
0.407110 -0.835944 2.144870
0.367569 -0.880768 2.098760
0.323012 -0.141502 2.305070
0.351237 -0.098216 2.279930
0.455780 0.092746 2.112290
0.545957 0.239601 2.081010
0.264673 0.099948 2.138060
0.077894 -0.061327 2.169610
0.080149 -0.275735 2.154260
0.079824 -0.339733 2.157550
0.567629 -0.094085 1.967860
0.514811 -0.114575 2.235240
0.493000 -0.208558 2.430800
0.487608 -0.259978 2.436440
0.222707 -0.178298 2.342190
0.193413 -0.524200 2.160510
0.203954 -0.842693 2.153620
0.145027 -0.897818 2.123090
0.359643 -0.228395 2.346730
0.417833 -0.550924 2.227330
0.406688 -0.835871 2.146930
0.366245 -0.879432 2.094390
0.318826 -0.158547 2.311950
0.346794 -0.118786 2.283220
0.452675 0.054811 2.096780
0.536727 0.205593 2.065790
0.253572 0.074751 2.145920
0.066149 -0.083720 2.191520
0.056401 -0.297242 2.186700
0.046582 -0.364768 2.189600
0.562580 -0.131798 1.954300
0.506170 -0.123295 2.239080
0.488485 -0.228787 2.436610
0.484038 -0.283662 2.433890
0.217573 -0.190875 2.355650
0.188617 -0.526564 2.166670
0.201132 -0.840993 2.153510
0.144603 -0.898085 2.121840
0.354096 -0.250089 2.360170
0.418546 -0.550477 2.232360
0.406279 -0.835753 2.148540
0.364767 -0.878601 2.091810
0.300787 -0.191389 2.334640
0.326312 -0.150307 2.301910
0.422009 0.036934 2.109380
0.515593 0.170421 2.060790
0.245352 0.053979 2.152220
0.057476 -0.099189 2.208550
0.040297 -0.309428 2.212320
0.025836 -0.377022 2.212920
0.541689 -0.154493 1.957710
0.491780 -0.148455 2.237960
0.477373 -0.241765 2.463500
0.480285 -0.297791 2.438220
0.210667 -0.212135 2.377630
0.183606 -0.528484 2.172580
0.197160 -0.838413 2.152650
0.138915 -0.888344 2.106540
0.342207 -0.272040 2.374940
0.419949 -0.551776 2.236700
0.405810 -0.835574 2.149890
0.362867 -0.878149 2.090810
0.289230 -0.212871 2.352680
0.312748 -0.169786 2.316370
0.383902 0.023094 2.122280
0.486056 0.138476 2.058370
0.226784 0.014745 2.166600
0.042024 -0.128737 2.242800
0.016229 -0.331215 2.256260
-0.001658 -0.398085 2.259580
0.509249 -0.173905 1.965050
0.477376 -0.178237 2.231550
0.475295 -0.252746 2.467400
0.478117 -0.310491 2.440610
0.208630 -0.232518 2.401250
0.176428 -0.535605 2.180580
0.194052 -0.836284 2.151590
0.135838 -0.884528 2.100770
0.330632 -0.290927 2.392160
0.421725 -0.553825 2.240370
0.405439 -0.835392 2.150890
0.360187 -0.878510 2.092200
0.290043 -0.235791 2.384350
0.308748 -0.183742 2.338630
0.367535 0.041755 2.143530
0.476312 0.124420 2.053800
0.215874 -0.006323 2.173970
0.036275 -0.148868 2.265090
-0.003840 -0.354239 2.298720
-0.023475 -0.420637 2.313660
0.491079 -0.171299 1.977790
0.473429 -0.186625 2.233320
0.486137 -0.272249 2.463190
0.480353 -0.322716 2.442320
0.217549 -0.263168 2.439990
0.171708 -0.541105 2.186380
0.191095 -0.834242 2.151450
0.134321 -0.882441 2.097800
0.331062 -0.304651 2.408600
0.423552 -0.557095 2.242880
0.405129 -0.835219 2.151650
0.359302 -0.878723 2.092280
0.280897 -0.254451 2.398180
0.289848 -0.212644 2.356150
0.328738 0.003193 2.155210
0.436991 0.083004 2.060420
0.201747 -0.028938 2.183400
0.028073 -0.168248 2.284910
-0.018513 -0.366806 2.343030
-0.041753 -0.432184 2.370310
0.447848 -0.204939 1.992580
0.461022 -0.225087 2.231100
0.495004 -0.310622 2.457070
0.484912 -0.348190 2.442970
0.218298 -0.275351 2.454280
0.167713 -0.545334 2.191160
0.188514 -0.832239 2.151850
0.131845 -0.880264 2.098240
0.315638 -0.334836 2.427850
0.429359 -0.563831 2.242230
0.404851 -0.835012 2.152250
0.355601 -0.880258 2.098000
0.276070 -0.268279 2.410650
0.282171 -0.225502 2.369190
0.291644 0.002145 2.185410
0.403248 0.052223 2.077510
0.178229 -0.053794 2.197320
0.013216 -0.190156 2.308350
-0.025894 -0.379685 2.380980
-0.049930 -0.442582 2.416780
0.409723 -0.206918 2.020890
0.456419 -0.235731 2.241120
0.498589 -0.322849 2.460390
0.489788 -0.363434 2.449850
0.219538 -0.288002 2.464830
0.163238 -0.548151 2.196210
0.185733 -0.829818 2.152240
0.130575 -0.878657 2.098150
0.312242 -0.346664 2.438220
0.432895 -0.568238 2.242310
0.404621 -0.834807 2.152700
0.354472 -0.881298 2.100410
0.273358 -0.292525 2.436770
0.277046 -0.241433 2.398140
0.269273 0.012258 2.219480
0.380298 0.036870 2.096420
0.167363 -0.069574 2.206020
0.009173 -0.206619 2.327200
-0.026308 -0.389336 2.408690
-0.044415 -0.448156 2.463420
0.384784 -0.200176 2.050730
0.455708 -0.237900 2.266190
0.506588 -0.334609 2.476630
0.496011 -0.376231 2.461610
0.224692 -0.317719 2.478720
0.159355 -0.550253 2.200620
0.182894 -0.827618 2.152650
0.129762 -0.877492 2.098090
0.312965 -0.356906 2.453370
0.434899 -0.570285 2.242690
0.404432 -0.834621 2.153050
0.353950 -0.881834 2.101480
0.269126 -0.303778 2.448290
0.272574 -0.249644 2.411510
0.263444 0.014461 2.238020
0.369260 0.027213 2.106730
0.151186 -0.086978 2.219830
0.005632 -0.226545 2.354720
-0.026090 -0.399163 2.452600
-0.030273 -0.458432 2.506730
0.374252 -0.197646 2.070130
0.456994 -0.241962 2.278400
0.511880 -0.342556 2.486410
0.503601 -0.387805 2.474960
0.216615 -0.336834 2.487650
0.156148 -0.551968 2.204330
0.180354 -0.825788 2.153070
0.129352 -0.876558 2.097970
0.309468 -0.368142 2.467360
0.436690 -0.571649 2.243230
0.404318 -0.834483 2.153320
0.379189 -0.886236 2.108160
0.267286 -0.311297 2.455530
0.270869 -0.256416 2.420410
0.274083 0.001722 2.252470
0.361946 0.018605 2.112390
0.139395 -0.105027 2.234490
0.009186 -0.250929 2.381230
-0.014365 -0.420500 2.495810
-0.010264 -0.470867 2.557070
0.372905 -0.202415 2.084830
0.466367 -0.251324 2.297530
0.517109 -0.351082 2.497690
0.510904 -0.400033 2.489070
0.213595 -0.348713 2.493740
0.153207 -0.553791 2.207870
0.177384 -0.824164 2.153610
0.128846 -0.875853 2.098130
0.310594 -0.378276 2.479550
0.438167 -0.573080 2.243650
0.404253 -0.834382 2.153520
0.396512 -0.888755 2.112030
0.264906 -0.320708 2.462530
0.269512 -0.266173 2.429590
0.285336 -0.014309 2.267420
0.356168 0.007314 2.121010
0.133591 -0.119009 2.246270
0.010107 -0.263820 2.396700
-0.005130 -0.432194 2.520890
0.001383 -0.477769 2.584780
0.377308 -0.211412 2.101270
0.477022 -0.266968 2.318060
0.523395 -0.364076 2.512920
0.518980 -0.416552 2.506050
0.209297 -0.360702 2.498730
0.150627 -0.557036 2.211560
0.173869 -0.822667 2.154330
0.128194 -0.875165 2.098420
0.310331 -0.390412 2.490770
0.439515 -0.575200 2.244550
0.404388 -0.834275 2.153700
0.398003 -0.889399 2.112110
0.258157 -0.334407 2.470910
0.265111 -0.280081 2.440020
0.293006 -0.031529 2.283630
0.349425 -0.008371 2.135670
0.131613 -0.130693 2.256970
0.015320 -0.275118 2.411690
0.002794 -0.439491 2.536440
0.007602 -0.482487 2.600590
0.383717 -0.224383 2.119580
0.484366 -0.281356 2.338180
0.528702 -0.377959 2.531510
0.525305 -0.432344 2.524830
0.199727 -0.375089 2.502710
0.148658 -0.562327 2.215600
0.170968 -0.821492 2.155090
0.127631 -0.874467 2.098720
0.300461 -0.412775 2.509090
0.439782 -0.577086 2.247140
0.405034 -0.834115 2.153850
0.397821 -0.889406 2.111130
0.254476 -0.348226 2.475830
0.261541 -0.309242 2.444430
0.279636 -0.108275 2.271470
0.335385 -0.049383 2.141830
0.129825 -0.164255 2.284600
0.023855 -0.303985 2.445230
0.010489 -0.452579 2.551970
0.016924 -0.497920 2.613810
0.376994 -0.303297 2.116780
0.477118 -0.317159 2.330180
0.529404 -0.389779 2.537050
0.526540 -0.445252 2.530320
0.196638 -0.383907 2.506650
0.147976 -0.568163 2.220150
0.168710 -0.820660 2.155800
0.121361 -0.874470 2.107060
0.297406 -0.430805 2.520290
0.438941 -0.582068 2.250050
0.404795 -0.852487 2.151020
0.380426 -0.913907 2.110560
0.249976 -0.368894 2.484380
0.256709 -0.336347 2.452800
0.264073 -0.174143 2.284270
0.318307 -0.087982 2.168070
0.130366 -0.178225 2.297860
0.022873 -0.309920 2.460410
0.014381 -0.456478 2.560630
0.022707 -0.503535 2.619650
0.366725 -0.370798 2.132960
0.477006 -0.337425 2.334960
0.531095 -0.405358 2.545660
0.528538 -0.460889 2.538350
0.195161 -0.394080 2.517670
0.150072 -0.577086 2.225690
0.165149 -0.819404 2.156330
0.113765 -0.873358 2.113360
0.292432 -0.461690 2.534650
0.436875 -0.588903 2.253410
0.404945 -0.866798 2.148830
0.369515 -0.929358 2.110220
0.247760 -0.391788 2.503060
0.253817 -0.353093 2.466560
0.251774 -0.159943 2.311040
0.310369 -0.099534 2.183610
0.132641 -0.195096 2.319470
0.021068 -0.311123 2.469070
0.021891 -0.462924 2.575090
0.027590 -0.509191 2.623050
0.361099 -0.382656 2.148170
0.479684 -0.341873 2.346950
0.533558 -0.414497 2.555850
0.531048 -0.469908 2.547700
0.196590 -0.411914 2.538500
0.151707 -0.582958 2.229680
0.162556 -0.818560 2.156690
0.110938 -0.872735 2.115290
0.290933 -0.473482 2.541290
0.435370 -0.593504 2.256360
0.405536 -0.876261 2.148180
0.364668 -0.937722 2.109400
0.248142 -0.406995 2.513220
0.253074 -0.366289 2.477240
0.242470 -0.180777 2.331060
0.302029 -0.103175 2.209670
0.134676 -0.207192 2.337320
0.018337 -0.308197 2.473800
0.025259 -0.466247 2.582590
0.031105 -0.513330 2.623070
0.355032 -0.391282 2.165840
0.482679 -0.345079 2.361150
0.538158 -0.421487 2.567950
0.535471 -0.476686 2.558940
0.201038 -0.430416 2.550860
0.157841 -0.637232 2.227380
0.151377 -0.879611 2.134640
0.099724 -0.933540 2.094760
0.291770 -0.483446 2.546140
0.434639 -0.598368 2.258420
0.405991 -0.884061 2.147870
0.361025 -0.944127 2.108990
0.236089 -0.417134 2.533930
0.239867 -0.377502 2.501420
0.241296 -0.202769 2.355980
0.295070 -0.108926 2.246780
0.136245 -0.220290 2.364840
0.016759 -0.306315 2.475730
0.027598 -0.469038 2.589140
0.033632 -0.516327 2.624300
0.465666 -0.287867 2.383070
0.565253 -0.332431 2.498070
0.547510 -0.448706 2.626160
0.544055 -0.501799 2.613220
0.166652 -0.453774 2.579680
0.163950 -0.576363 2.252170
0.148888 -0.845648 2.144300
0.131971 -0.906390 2.096430
0.285964 -0.492097 2.589330
0.442192 -0.568163 2.278680
0.417321 -0.852715 2.155300
0.388591 -0.922743 2.107580
0.229237 -0.420981 2.543510
0.232763 -0.382296 2.511780
0.236914 -0.221280 2.366510
0.291042 -0.113283 2.266870
0.137708 -0.232466 2.397460
0.012089 -0.305487 2.478680
0.028054 -0.469886 2.593300
0.034450 -0.517585 2.624400
0.482296 -0.281314 2.439910
0.560592 -0.379227 2.591410
0.465269 -0.488420 2.412480
0.450872 -0.535660 2.296170
0.145025 -0.461341 2.593080
0.169393 -0.562719 2.266380
0.147652 -0.828257 2.149060
0.145941 -0.895124 2.098980
0.283479 -0.494290 2.608180
0.441161 -0.570723 2.276060
0.424741 -0.832704 2.159670
0.405341 -0.909278 2.108170
0.224691 -0.424152 2.568220
0.226583 -0.386450 2.539040
0.232810 -0.226715 2.386810
0.287814 -0.101294 2.306860
0.138986 -0.239472 2.419640
-0.006845 -0.307547 2.541930
0.024925 -0.474489 2.601460
0.032102 -0.522176 2.630460
0.494739 -0.254991 2.479060
0.557424 -0.406249 2.652210
0.455116 -0.505046 2.399310
0.441329 -0.551414 2.271710
0.138068 -0.468918 2.613080
0.171632 -0.547059 2.278430
0.147262 -0.816257 2.152570
0.154381 -0.884567 2.100060
0.287709 -0.495329 2.630660
0.434572 -0.640877 2.261030
0.429020 -0.848009 2.148740
0.420610 -0.923536 2.094000
0.222930 -0.425548 2.581360
0.225037 -0.389095 2.554190
0.254351 -0.243953 2.422970
0.290540 -0.099137 2.353340
0.139769 -0.243530 2.460430
-0.012573 -0.318884 2.580580
0.001175 -0.482420 2.641450
0.020840 -0.529100 2.652170
0.493089 -0.247055 2.505370
0.562608 -0.410312 2.676580
0.448427 -0.503868 2.380220
0.422161 -0.550026 2.234460
0.134027 -0.472537 2.623810
0.171932 -0.539795 2.285250
0.147105 -0.809213 2.154670
0.158505 -0.878049 2.100720
0.289893 -0.495427 2.644590
0.429356 -0.676271 2.257240
0.424523 -0.874772 2.148800
0.441126 -0.865821 2.113000
0.229688 -0.427885 2.591310
0.230926 -0.391965 2.566240
0.264100 -0.242174 2.454150
0.291359 -0.083160 2.397250
0.140239 -0.243501 2.484480
-0.012218 -0.325375 2.596040
-0.010929 -0.488842 2.662150
0.013967 -0.533593 2.665590
0.499868 -0.236782 2.543490
0.568411 -0.418242 2.702720
0.456912 -0.493880 2.397590
0.419073 -0.548447 2.237730
0.149047 -0.482825 2.629210
0.172248 -0.535233 2.289270
0.147076 -0.804159 2.156260
0.161581 -0.870546 2.100220
0.312459 -0.500800 2.651040
0.428235 -0.691457 2.250830
0.427332 -0.883258 2.141290
0.450045 -0.897931 2.085930
0.234464 -0.428378 2.597310
0.235572 -0.392534 2.574230
0.269263 -0.229850 2.481890
0.292408 -0.063037 2.432880
0.139523 -0.237124 2.516450
-0.006708 -0.334004 2.608830
-0.016771 -0.495892 2.674350
0.003641 -0.545511 2.683240
0.496851 -0.231611 2.562710
0.571567 -0.418039 2.717290
0.534824 -0.564359 2.704270
0.529013 -0.623064 2.727860
0.152314 -0.485737 2.632130
0.172146 -0.532269 2.291830
0.147052 -0.800722 2.157410
0.162176 -0.863381 2.098890
0.323199 -0.503063 2.653390
0.427790 -0.698876 2.246770
0.429368 -0.888278 2.136840
0.452848 -0.913582 2.072050
0.241596 -0.423799 2.606810
0.244501 -0.385006 2.589280
0.271829 -0.196842 2.517190
0.294087 -0.028505 2.471800
0.138525 -0.227701 2.539120
-0.004819 -0.347342 2.632960
-0.018007 -0.506354 2.684790
0.000059 -0.558157 2.692550
0.499139 -0.220608 2.589910
0.567863 -0.420537 2.735830
0.552346 -0.580783 2.742530
0.536414 -0.636821 2.720740
0.155400 -0.485636 2.634870
0.171236 -0.531251 2.292290
0.147089 -0.798248 2.158340
0.162682 -0.856946 2.097340
0.329765 -0.503261 2.656220
0.427648 -0.694845 2.243770
0.430288 -0.890923 2.135530
0.441332 -0.840113 2.116790
0.247087 -0.418106 2.614790
0.251168 -0.376955 2.600790
0.280551 -0.164909 2.545090
0.299197 0.004942 2.505120
0.136709 -0.211080 2.564620
-0.004212 -0.353114 2.644690
-0.017224 -0.517234 2.695570
-0.002010 -0.569537 2.697660
0.493283 -0.207500 2.613920
0.572414 -0.397962 2.746650
0.555377 -0.571447 2.763070
0.552954 -0.636359 2.789200
0.157762 -0.483934 2.636730
0.169753 -0.532067 2.290440
0.147161 -0.796462 2.159090
0.163251 -0.851971 2.096120
0.333920 -0.502332 2.658400
0.428066 -0.686705 2.243090
0.430990 -0.891967 2.135920
0.440162 -0.811985 2.128820
0.261793 -0.401892 2.627440
0.266812 -0.358137 2.617060
0.290133 -0.136713 2.570310
0.302026 0.033448 2.534120
0.132660 -0.192221 2.594130
-0.003623 -0.356607 2.653030
-0.015130 -0.524993 2.700530
-0.002599 -0.578459 2.698530
0.489571 -0.198118 2.628900
0.574205 -0.385575 2.750580
0.553247 -0.566990 2.768410
0.552537 -0.629248 2.794370
0.162548 -0.479686 2.638460
0.168116 -0.535886 2.284510
0.147245 -0.795171 2.159690
0.162644 -0.847543 2.094710
0.350859 -0.482399 2.662430
0.428055 -0.674209 2.249000
0.430585 -0.888591 2.144030
0.439710 -0.800945 2.132780
0.270785 -0.389700 2.637840
0.275465 -0.344524 2.629920
0.292374 -0.111902 2.598040
0.301275 0.055345 2.559940
0.129411 -0.181981 2.612050
-0.003785 -0.358833 2.661790
-0.011024 -0.532561 2.700450
-0.000477 -0.587501 2.689930
0.484297 -0.184272 2.649030
0.572807 -0.369607 2.756310
0.560603 -0.553575 2.764430
0.554725 -0.612408 2.762250
0.168010 -0.474037 2.641250
0.166969 -0.538749 2.280490
0.147350 -0.794223 2.160180
0.162289 -0.843451 2.093230
0.359413 -0.470623 2.665610
0.427646 -0.664365 2.255370
0.429345 -0.884099 2.155560
0.438899 -0.801070 2.130870
0.276079 -0.381333 2.646830
0.280153 -0.335294 2.640520
0.292597 -0.098929 2.614570
0.297866 0.072274 2.585860
0.125436 -0.172860 2.629190
-0.005497 -0.359209 2.671080
-0.004137 -0.538084 2.694230
0.004481 -0.592084 2.672070
0.480258 -0.174157 2.667750
0.572713 -0.359939 2.759150
0.561151 -0.545622 2.766520
0.563545 -0.612495 2.802270
0.173486 -0.468355 2.645550
0.161142 -0.563406 2.262810
0.147527 -0.793939 2.160530
0.161986 -0.841196 2.092070
0.364075 -0.463011 2.668860
0.432120 -0.559347 2.301100
0.430857 -0.838417 2.166120
0.439409 -0.824951 2.110360
0.279612 -0.375129 2.655970
0.282956 -0.328264 2.652170
0.288329 -0.087805 2.649530
0.294245 0.081640 2.615340
0.120638 -0.163845 2.652320
-0.008899 -0.357854 2.680120
0.035440 -0.531033 2.672560
0.052377 -0.586957 2.656000
0.476555 -0.167857 2.682580
0.574668 -0.346237 2.763260
0.558484 -0.524644 2.748160
0.556793 -0.591653 2.767740
0.178594 -0.463508 2.650140
0.158457 -0.574677 2.254780
0.147755 -0.794413 2.160670
0.161032 -0.839287 2.090290
0.366872 -0.457314 2.672440
0.428720 -0.573666 2.288040
0.431423 -0.825142 2.168480
0.438361 -0.848711 2.091250
0.281768 -0.370525 2.667330
0.284020 -0.323323 2.665490
0.285533 -0.083031 2.668460
0.289501 0.087501 2.643810
0.116338 -0.158630 2.673120
-0.011928 -0.356476 2.686630
0.033855 -0.530413 2.649920
0.040734 -0.586088 2.637850
0.470990 -0.161358 2.708440
0.578751 -0.329672 2.771090
0.556998 -0.505373 2.732860
0.551135 -0.565375 2.731710
0.183355 -0.459683 2.655430
0.157134 -0.578913 2.251150
0.147858 -0.794249 2.160850
0.160449 -0.837178 2.089100
0.368147 -0.451845 2.680480
0.433337 -0.520294 2.310580
0.431740 -0.813681 2.170240
0.438309 -0.853532 2.086190
0.280973 -0.368433 2.678190
0.281507 -0.321568 2.680420
0.278353 -0.085658 2.698770
0.287746 0.090267 2.654670
0.113213 -0.158146 2.693460
-0.014059 -0.355017 2.691220
0.031625 -0.528405 2.635550
0.018186 -0.573118 2.604140
0.465985 -0.158554 2.725300
0.580358 -0.322271 2.775310
0.556997 -0.497740 2.726790
0.581751 -0.521512 2.697140
0.185965 -0.457025 2.660160
0.155610 -0.581140 2.249490
0.147944 -0.794169 2.160990
0.159583 -0.835113 2.087860
0.367112 -0.448647 2.687530
0.434026 -0.506490 2.315670
0.431904 -0.807310 2.171330
0.438154 -0.856521 2.082860
0.277596 -0.367475 2.690720
0.275972 -0.321739 2.699790
0.272782 -0.090789 2.728750
0.285698 0.089787 2.661380
0.109340 -0.161558 2.713820
-0.015159 -0.354092 2.694530
0.029191 -0.526446 2.625310
0.017476 -0.564610 2.565050
0.459656 -0.161390 2.746070
0.581402 -0.318401 2.777870
0.559947 -0.494899 2.723150
0.590047 -0.512274 2.685230
0.186741 -0.453648 2.666350
0.154421 -0.581911 2.248630
0.148001 -0.794134 2.161100
0.158854 -0.833371 2.086840
0.363941 -0.447452 2.695220
0.431755 -0.514487 2.308800
0.431989 -0.803084 2.172000
0.438063 -0.858124 2.080510
0.273927 -0.367198 2.702090
0.270778 -0.323142 2.718080
0.268346 -0.097295 2.757470
0.281059 0.084863 2.675990
0.104365 -0.171875 2.740520
-0.015101 -0.354277 2.697880
0.020192 -0.522736 2.606830
0.019354 -0.556840 2.534620
0.452671 -0.170057 2.773340
0.579595 -0.329503 2.778910
0.568616 -0.507653 2.699220
0.596296 -0.516312 2.661180
0.186508 -0.450804 2.672080
0.153386 -0.586518 2.248820
0.148159 -0.804302 2.165960
0.154184 -0.843401 2.097620
0.360515 -0.447112 2.702060
0.429739 -0.512946 2.309520
0.431982 -0.800561 2.171960
0.438001 -0.858101 2.079190
0.267560 -0.369282 2.712960
0.264170 -0.327287 2.734590
0.266683 -0.103886 2.781520
0.275528 0.067429 2.707430
0.102265 -0.181211 2.761480
-0.014396 -0.354805 2.700930
0.014128 -0.510187 2.581030
0.021016 -0.545696 2.508050
0.446091 -0.178822 2.790730
0.576993 -0.340995 2.777560
0.572366 -0.515850 2.686790
0.590704 -0.534447 2.633310
0.182808 -0.448055 2.679230
0.152654 -0.589750 2.250680
0.148163 -0.810625 2.171020
0.151405 -0.848518 2.106060
0.351091 -0.449699 2.709360
0.426554 -0.515940 2.310260
0.431847 -0.799766 2.171250
0.437686 -0.857002 2.078720
0.263303 -0.370825 2.720580
0.259722 -0.330869 2.747170
0.264649 -0.109342 2.804900
0.273293 0.060646 2.727780
0.101862 -0.188235 2.778270
-0.013317 -0.355822 2.704160
0.012013 -0.498396 2.564130
0.033295 -0.523162 2.466480
0.440891 -0.186229 2.807240
0.574686 -0.351103 2.776130
0.572963 -0.520504 2.671630
0.582210 -0.545654 2.613500
0.179932 -0.446085 2.684990
0.151467 -0.586720 2.252770
0.148218 -0.810399 2.173710
0.149363 -0.850709 2.116470
0.345303 -0.451129 2.713560
0.424233 -0.518009 2.311880
0.431522 -0.800504 2.170040
0.437411 -0.855667 2.078760
0.260813 -0.372212 2.726820
0.257179 -0.335196 2.758900
0.262613 -0.119854 2.837500
0.271200 0.055425 2.752780
0.101256 -0.194025 2.791820
-0.012066 -0.357137 2.707280
0.030927 -0.476865 2.517380
0.040402 -0.511559 2.447270
0.435238 -0.194094 2.826900
0.572376 -0.357595 2.775270
0.569445 -0.516996 2.649940
0.577548 -0.551268 2.604130
0.178273 -0.444859 2.688750
0.151132 -0.583728 2.254850
0.148280 -0.809466 2.176230
0.148320 -0.851731 2.122940
0.342353 -0.451627 2.716500
0.422557 -0.547867 2.299150
0.431122 -0.801797 2.168800
0.437400 -0.854483 2.079260
0.258624 -0.373505 2.731540
0.254871 -0.338621 2.767460
0.261074 -0.123480 2.851390
0.269651 0.054933 2.795330
0.100283 -0.198897 2.803490
-0.010271 -0.357559 2.713180
0.029299 -0.456824 2.518440
0.051317 -0.498614 2.431550
0.427359 -0.200834 2.842440
0.569669 -0.362515 2.774520
0.551039 -0.507849 2.601830
0.563755 -0.554092 2.582460
0.176800 -0.443986 2.691780
0.151110 -0.580309 2.257220
0.148358 -0.807545 2.178530
0.147990 -0.852014 2.127580
0.339829 -0.451813 2.718560
0.421887 -0.560074 2.294350
0.430651 -0.803382 2.167600
0.437357 -0.853347 2.079890
0.256946 -0.374207 2.735000
0.253173 -0.340793 2.773690
0.259586 -0.125312 2.861140
0.268024 0.057597 2.817660
0.098201 -0.202295 2.818060
-0.008695 -0.357545 2.718390
0.026879 -0.444842 2.526330
0.061789 -0.472036 2.442260
0.421163 -0.205215 2.853940
0.565752 -0.366427 2.773430
0.535303 -0.476189 2.580730
0.550891 -0.541810 2.570770
0.175451 -0.442849 2.694150
0.151084 -0.577099 2.259640
0.148453 -0.805229 2.180930
0.148009 -0.852062 2.130720
0.337813 -0.451579 2.720080
0.421774 -0.565076 2.292330
0.430203 -0.804963 2.166540
0.437102 -0.852455 2.080550
0.255742 -0.374560 2.737510
0.251899 -0.342369 2.778390
0.257017 -0.125826 2.872270
0.265567 0.058259 2.833990
0.096515 -0.204926 2.829430
-0.005695 -0.354641 2.726250
0.054047 -0.435156 2.508240
0.083897 -0.454756 2.429480
0.415720 -0.208711 2.864200
0.562186 -0.368938 2.772700
0.531366 -0.455476 2.570940
0.535418 -0.498840 2.539650
0.174333 -0.441546 2.695930
0.151248 -0.574440 2.261740
0.149452 -0.802889 2.183460
0.148343 -0.851884 2.132870
0.336149 -0.450544 2.721050
0.425850 -0.566225 2.294690
0.429760 -0.806460 2.165650
0.436894 -0.852027 2.081310
0.254922 -0.374812 2.739220
0.250986 -0.343634 2.781700
0.252903 -0.124983 2.883000
0.257406 0.061495 2.859400
0.095751 -0.206552 2.839360
-0.007771 -0.349980 2.763110
0.068020 -0.423600 2.517970
0.116753 -0.455815 2.388760
0.411133 -0.210862 2.872800
0.550225 -0.370070 2.774530
0.513325 -0.429641 2.571970
0.520337 -0.474175 2.537390
0.173472 -0.439861 2.697570
0.151361 -0.571612 2.264060
0.151054 -0.802437 2.175530
0.155966 -0.847131 2.103520
0.334884 -0.449200 2.719880
0.429773 -0.565432 2.297920
0.429216 -0.808267 2.164780
0.436563 -0.852166 2.082230
0.259336 -0.377519 2.742300
0.253945 -0.347699 2.787190
0.247231 -0.123935 2.897960
0.253596 0.061685 2.872890
0.095422 -0.207981 2.846300
-0.008540 -0.348533 2.777150
0.053685 -0.419110 2.569680
0.088397 -0.438202 2.472120
0.408374 -0.212694 2.878320
0.533519 -0.373484 2.775850
0.503889 -0.418230 2.571190
0.505761 -0.453604 2.527630
0.190577 -0.439397 2.707530
0.152291 -0.566859 2.271770
0.152293 -0.801793 2.168380
0.159242 -0.845258 2.090350
0.345216 -0.448552 2.713820
0.432816 -0.563991 2.300750
0.428635 -0.810328 2.164000
0.436031 -0.853244 2.083570
0.237717 -0.379094 2.734000
0.241831 -0.352939 2.787110
0.243743 -0.124596 2.908400
0.251846 0.060018 2.889080
0.095920 -0.209471 2.854060
0.001628 -0.359330 2.771110
0.051136 -0.425089 2.578270
0.074062 -0.449912 2.514210
0.406460 -0.214249 2.881990
0.517291 -0.374585 2.772710
0.499264 -0.412631 2.569240
0.494608 -0.441217 2.513760
0.158663 -0.425087 2.701090
0.151484 -0.564928 2.273000
0.152933 -0.798444 2.170690
0.160462 -0.844613 2.100620
0.316027 -0.444925 2.683330
0.435149 -0.562237 2.303110
0.428041 -0.812513 2.163300
0.434451 -0.857884 2.086790
0.226168 -0.379540 2.730400
0.232804 -0.356172 2.787310
0.240863 -0.125003 2.918490
0.250320 0.059465 2.898560
0.096684 -0.210751 2.861610
0.004382 -0.359715 2.773980
0.048572 -0.426857 2.591720
0.058669 -0.454919 2.555370
0.403243 -0.216256 2.885090
0.500284 -0.368194 2.776970
0.466672 -0.431854 2.598600
0.468482 -0.445444 2.521480
0.141862 -0.418060 2.697890
0.147326 -0.574261 2.277270
0.154595 -0.809112 2.187920
0.160883 -0.844443 2.109480
0.297400 -0.440991 2.670960
0.437075 -0.559274 2.306140
0.427509 -0.814520 2.162700
0.432897 -0.863016 2.089930
0.218841 -0.379553 2.728490
0.226142 -0.358115 2.787540
0.239056 -0.125316 2.924580
0.247871 0.058169 2.907850
0.096970 -0.211981 2.866730
0.006750 -0.362498 2.774520
0.047263 -0.434926 2.599060
0.054752 -0.457492 2.568430
0.400613 -0.218201 2.886950
0.472359 -0.371362 2.780360
0.458243 -0.439101 2.604650
0.458349 -0.433663 2.513090
0.132838 -0.414684 2.696390
0.144983 -0.551997 2.318990
0.154372 -0.807573 2.176430
0.160266 -0.846908 2.103670
0.288108 -0.438816 2.665460
0.439039 -0.556171 2.306600
0.426942 -0.816728 2.162130
0.431455 -0.867773 2.092310
0.213792 -0.379431 2.727330
0.220929 -0.359339 2.787690
0.237751 -0.125569 2.928610
0.245965 0.057185 2.913950
0.097148 -0.213003 2.870070
0.008341 -0.364611 2.774500
0.047521 -0.441005 2.603360
0.052967 -0.461820 2.574860
0.398452 -0.221618 2.887260
0.438137 -0.379009 2.769590
0.464266 -0.453643 2.602990
0.470687 -0.447392 2.511830
0.126913 -0.412704 2.695390
0.143577 -0.544566 2.331440
0.154051 -0.806153 2.168080
0.159687 -0.848982 2.099100
0.282328 -0.437494 2.662350
0.440624 -0.553183 2.306440
0.426493 -0.818658 2.161600
0.435424 -0.872823 2.101100
0.210646 -0.379484 2.726480
0.217578 -0.360267 2.787690
0.236892 -0.125720 2.931340
0.244285 0.056328 2.918650
0.097310 -0.213803 2.872330
0.011942 -0.372514 2.769390
0.049461 -0.449321 2.600050
0.055800 -0.477629 2.565880
0.396926 -0.225337 2.886190
0.425654 -0.382528 2.765380
0.472164 -0.461085 2.598820
0.496030 -0.465140 2.517260
0.123320 -0.412104 2.693990
0.142825 -0.542077 2.337060
0.153723 -0.805021 2.162390
0.159094 -0.850557 2.095680
0.278457 -0.436638 2.660670
0.441907 -0.550552 2.305740
0.426155 -0.820164 2.161160
0.438065 -0.875282 2.105840
0.208204 -0.379652 2.725780
0.214915 -0.361104 2.787540
0.236259 -0.125856 2.933290
0.243125 0.055684 2.921790
0.097595 -0.214726 2.873810
0.029103 -0.390167 2.741500
0.054269 -0.475748 2.573620
0.060616 -0.504907 2.534110
0.394997 -0.228560 2.884200
0.383677 -0.394889 2.739430
0.528644 -0.438420 2.656870
0.567383 -0.455546 2.589680
0.120862 -0.412431 2.692720
0.142490 -0.541143 2.338950
0.153453 -0.804185 2.158540
0.158497 -0.851719 2.093130
0.275183 -0.436245 2.660390
0.442761 -0.549078 2.304740
0.425902 -0.821313 2.160830
0.440222 -0.876527 2.108840
0.206503 -0.379727 2.725330
0.213092 -0.361652 2.787480
0.235917 -0.125985 2.934340
0.242119 0.055192 2.924050
0.097965 -0.215708 2.874590
0.036376 -0.397467 2.729970
0.056886 -0.489612 2.562580
0.060155 -0.536108 2.530670
0.393979 -0.230501 2.882620
0.394260 -0.391823 2.738620
0.522160 -0.469853 2.632510
0.574125 -0.481000 2.587430
0.119280 -0.413036 2.691770
0.142227 -0.546224 2.329760
0.153184 -0.803543 2.155810
0.157900 -0.852558 2.091150
0.272977 -0.435959 2.661480
0.443411 -0.548160 2.303680
0.425717 -0.822303 2.160520
0.442486 -0.876986 2.110780
0.205275 -0.379781 2.725010
0.211832 -0.362032 2.787460
0.236199 -0.125997 2.934260
0.240811 0.054791 2.926260
0.098443 -0.216685 2.874780
0.040054 -0.400624 2.725440
0.057895 -0.497253 2.559670
0.060835 -0.547580 2.529490
0.393336 -0.231623 2.881370
0.406272 -0.388735 2.740640
0.540146 -0.505481 2.661640
0.586189 -0.519361 2.607750
0.118473 -0.413890 2.691070
0.142562 -0.552436 2.318080
0.152974 -0.803073 2.153960
0.157382 -0.853118 2.089680
0.271744 -0.435705 2.663110
0.445349 -0.550817 2.298310
0.425590 -0.823056 2.160270
0.444472 -0.876981 2.112010
0.204479 -0.379790 2.724710
0.210969 -0.362296 2.787380
0.236925 -0.125856 2.933520
0.239328 0.054461 2.928180
0.099282 -0.217467 2.874620
0.043790 -0.398978 2.725730
0.058427 -0.501468 2.562320
0.061478 -0.553488 2.533540
0.392798 -0.232095 2.880390
0.424226 -0.383446 2.747230
0.540537 -0.525786 2.671530
0.587856 -0.540223 2.617310
0.118641 -0.414953 2.690450
0.142841 -0.556410 2.310360
0.152828 -0.802722 2.152660
0.156982 -0.853521 2.088640
0.271384 -0.435399 2.664680
0.446997 -0.554578 2.291800
0.425497 -0.823639 2.160070
0.446238 -0.876641 2.112720
0.204158 -0.379665 2.724520
0.210471 -0.362407 2.787310
0.238514 -0.125553 2.932470
0.237786 0.054296 2.930060
0.100409 -0.218233 2.874030
0.047385 -0.393062 2.731020
0.059232 -0.501313 2.569560
0.071486 -0.543917 2.540620
0.392651 -0.232186 2.879460
0.442608 -0.379161 2.754730
0.515747 -0.538216 2.662360
0.571471 -0.556061 2.613220
0.119133 -0.415816 2.690170
0.143221 -0.559105 2.304740
0.152717 -0.802454 2.151730
0.156663 -0.853814 2.087880
0.271803 -0.434939 2.666460
0.448006 -0.557115 2.287550
0.425439 -0.824122 2.159860
0.447717 -0.876200 2.112990
0.203914 -0.379460 2.724540
0.210115 -0.362423 2.787330
0.239983 -0.125269 2.931430
0.235984 0.054299 2.932480
0.101684 -0.218919 2.873390
0.049556 -0.387307 2.736630
0.060373 -0.499245 2.577060
0.075543 -0.540575 2.543670
0.392849 -0.231993 2.878570
0.457340 -0.376893 2.762200
0.496504 -0.541526 2.655980
0.553235 -0.564399 2.607690
0.119196 -0.416312 2.690470
0.143517 -0.560891 2.300300
0.152635 -0.802249 2.151060
0.156391 -0.854013 2.087300
0.272052 -0.434517 2.668220
0.448577 -0.558710 2.284870
0.425409 -0.824499 2.159680
0.448847 -0.875756 2.113010
0.203793 -0.379284 2.724610
0.209916 -0.362406 2.787370
0.241252 -0.125015 2.930490
0.234631 0.054429 2.934960
0.103165 -0.219569 2.872710
0.050781 -0.383179 2.740970
0.061112 -0.496994 2.582630
0.079609 -0.533177 2.547430
0.392999 -0.231608 2.877660
0.464292 -0.375656 2.765570
0.487010 -0.542555 2.652990
0.541026 -0.568401 2.603690
0.119405 -0.416817 2.691110
0.143719 -0.562046 2.297370
0.152562 -0.802091 2.150550
0.156100 -0.854160 2.086820
0.272193 -0.434253 2.669510
0.448950 -0.559850 2.282980
0.425401 -0.824776 2.159500
0.449666 -0.875327 2.112860
0.203821 -0.379095 2.724770
0.209897 -0.362362 2.787470
0.242729 -0.124847 2.930010
0.233792 0.054493 2.937410
0.104827 -0.220176 2.872250
0.051533 -0.380280 2.744260
0.061544 -0.494940 2.586670
0.081370 -0.529416 2.550130
0.393373 -0.231086 2.876870
0.468437 -0.374901 2.767510
0.481100 -0.542123 2.650850
0.532322 -0.569948 2.600410
0.119774 -0.417350 2.692220
0.143847 -0.562831 2.295090
0.152499 -0.801964 2.150190
0.155816 -0.854300 2.086490
0.272376 -0.434054 2.670540
0.449163 -0.560812 2.281630
0.425402 -0.824988 2.159330
0.450254 -0.874863 2.112530
0.203880 -0.378965 2.724990
0.209991 -0.362349 2.787660
0.244258 -0.124799 2.929830
0.232656 0.054460 2.941560
0.107145 -0.221003 2.872240
0.051937 -0.378262 2.746850
0.061982 -0.493142 2.589660
0.075677 -0.529033 2.557210
0.394348 -0.231011 2.875620
0.468323 -0.376097 2.766550
0.483234 -0.541872 2.649900
0.529356 -0.572020 2.599150
0.120040 -0.417810 2.693430
0.143978 -0.563367 2.293620
0.152429 -0.801869 2.149900
0.155404 -0.854475 2.086190
0.272492 -0.434010 2.671400
0.449260 -0.561634 2.280690
0.425427 -0.825136 2.159140
0.450650 -0.874348 2.112020
0.203968 -0.378866 2.725260
0.210204 -0.362357 2.787910
0.245494 -0.124782 2.929800
0.231766 0.054492 2.947040
0.109765 -0.222049 2.873150
0.052285 -0.377116 2.749400
0.062880 -0.489620 2.592640
0.068302 -0.527418 2.564910
0.395201 -0.231039 2.874450
0.464767 -0.378462 2.764160
0.492174 -0.539443 2.650130
0.529234 -0.572392 2.597870
0.120244 -0.418184 2.694650
0.144139 -0.563725 2.292700
0.152374 -0.801812 2.149690
0.154848 -0.854733 2.085960
0.272596 -0.434012 2.672110
0.449236 -0.562424 2.280050
0.425469 -0.825248 2.158930
0.450930 -0.873867 2.111440
0.204049 -0.378848 2.725500
0.210428 -0.362448 2.788170
0.246431 -0.124843 2.930110
0.231272 0.054404 2.951400
0.112183 -0.223192 2.874270
0.052592 -0.376430 2.751570
0.063736 -0.486876 2.594630
0.064480 -0.526580 2.568930
0.395260 -0.231999 2.872780
0.460545 -0.382069 2.760950
0.506335 -0.537903 2.652640
0.533457 -0.571830 2.597410
0.120425 -0.418496 2.695750
0.144390 -0.563909 2.292140
0.152308 -0.801782 2.149510
0.154258 -0.855080 2.085760
0.272669 -0.434057 2.672620
0.449071 -0.563642 2.279760
0.425542 -0.825338 2.158690
0.451135 -0.873483 2.110850
0.204154 -0.378927 2.725730
0.210690 -0.362651 2.788470
0.247158 -0.124980 2.930700
0.233205 0.054371 2.958130
0.114645 -0.224558 2.875450
0.065017 -0.396312 2.734900
0.053934 -0.492445 2.569420
0.049708 -0.532788 2.559010
0.395086 -0.233825 2.870840
0.458279 -0.385299 2.758780
0.528621 -0.535199 2.662520
0.557042 -0.567163 2.605910
0.120623 -0.418775 2.696650
0.144691 -0.563999 2.291740
0.152182 -0.801789 2.149270
0.153587 -0.855492 2.085470
0.272738 -0.434179 2.673070
0.448982 -0.564459 2.279580
0.425622 -0.825418 2.158430
0.451322 -0.873149 2.110290
0.204234 -0.379175 2.725970
0.210920 -0.363084 2.788820
0.247615 -0.125419 2.931800
0.235416 0.053890 2.963590
0.116717 -0.225850 2.876460
0.069408 -0.401679 2.730700
0.051492 -0.494513 2.563350
0.035612 -0.539958 2.552330
0.394262 -0.236921 2.868200
0.456443 -0.388872 2.756680
0.545042 -0.532078 2.666910
0.575788 -0.562196 2.609380
0.120803 -0.419042 2.697430
0.145051 -0.564026 2.291490
0.152047 -0.801808 2.149030
0.152972 -0.855925 2.085230
0.272729 -0.434437 2.673420
0.448880 -0.565183 2.279510
0.425702 -0.825483 2.158200
0.451516 -0.872816 2.109750
0.204447 -0.379612 2.726110
0.211224 -0.363663 2.789100
0.247884 -0.125863 2.932920
0.237082 0.053504 2.967570
0.118224 -0.226849 2.877270
0.071672 -0.405068 2.728230
0.050138 -0.496366 2.559500
0.034235 -0.545232 2.543910
0.393348 -0.239717 2.866120
0.484040 -0.387910 2.773880
0.510784 -0.515920 2.653610
0.555273 -0.548963 2.599530
0.121607 -0.419602 2.697810
0.145419 -0.564040 2.291270
0.151903 -0.801839 2.148720
0.152453 -0.856328 2.084960
0.272739 -0.434728 2.673670
0.448859 -0.565560 2.279390
0.425785 -0.825531 2.157970
0.451763 -0.872393 2.109130
0.204630 -0.380093 2.726240
0.211477 -0.364249 2.789390
0.248028 -0.126212 2.933910
0.237876 0.053277 2.970310
0.119559 -0.227684 2.877860
0.072534 -0.407484 2.726710
0.050729 -0.498260 2.556660
0.036571 -0.547768 2.537840
0.392598 -0.241861 2.864620
0.500284 -0.384722 2.782080
0.474267 -0.496628 2.642130
0.527622 -0.531953 2.589440
0.122176 -0.420076 2.698420
0.145848 -0.563985 2.291190
0.151767 -0.801874 2.148440
0.152030 -0.856652 2.084710
0.272721 -0.435075 2.673850
0.448783 -0.565977 2.279330
0.425866 -0.825565 2.157750
0.451966 -0.871997 2.108550
0.204761 -0.380624 2.726360
0.211654 -0.364858 2.789690
0.248025 -0.126502 2.934860
0.238362 0.053132 2.972240
0.120792 -0.228404 2.878240
0.072849 -0.409306 2.725680
0.051540 -0.499772 2.554820
0.040578 -0.549162 2.532570
0.391906 -0.243612 2.863460
0.479047 -0.393733 2.769000
0.495985 -0.503470 2.627600
0.531556 -0.530585 2.581060
0.122637 -0.420446 2.698910
0.146272 -0.563910 2.291140
0.151609 -0.801914 2.148120
0.151652 -0.856930 2.084440
0.272577 -0.435633 2.674110
0.448686 -0.566269 2.279360
0.425923 -0.825594 2.157520
0.452162 -0.871462 2.107820
0.204763 -0.381397 2.726500
0.211705 -0.365606 2.790000
0.247954 -0.126738 2.935680
0.238701 0.053033 2.973580
0.121865 -0.229027 2.878440
0.072294 -0.410563 2.725240
0.053554 -0.501088 2.554230
0.050861 -0.549203 2.527300
0.390923 -0.245033 2.862630
0.424697 -0.399976 2.746420
0.527191 -0.488457 2.655900
0.558642 -0.514898 2.602890
0.122983 -0.420834 2.699470
0.146759 -0.563757 2.291130
0.151481 -0.801954 2.147850
0.151369 -0.857133 2.084200
0.272233 -0.436423 2.674330
0.448605 -0.566428 2.279370
0.425955 -0.825614 2.157280
0.452314 -0.871007 2.107180
0.204836 -0.382199 2.726630
0.211797 -0.366402 2.790330
0.247875 -0.126995 2.936380
0.238940 0.052942 2.974530
0.122666 -0.229500 2.878510
0.070218 -0.410835 2.725770
0.054517 -0.504050 2.556250
0.056032 -0.550139 2.525550
0.390124 -0.246089 2.862060
0.415425 -0.401900 2.741540
0.542126 -0.490149 2.660970
0.573491 -0.515962 2.606150
0.123378 -0.421223 2.699930
0.147310 -0.563591 2.291060
0.151409 -0.801995 2.147630
0.151192 -0.857296 2.084020
0.272014 -0.437188 2.674560
0.448499 -0.566533 2.279390
0.425965 -0.825604 2.157020
0.452303 -0.870583 2.106530
0.204899 -0.382924 2.726760
0.211858 -0.367124 2.790620
0.247790 -0.127233 2.936920
0.239111 0.052858 2.975210
0.123218 -0.229823 2.878500
0.069229 -0.411156 2.725670
0.054159 -0.507187 2.557930
0.057939 -0.550935 2.524130
0.389413 -0.246646 2.861830
0.409224 -0.402921 2.738510
0.554850 -0.493794 2.671260
0.586539 -0.519236 2.614880
0.123719 -0.421565 2.700310
0.147841 -0.563448 2.290990
0.151437 -0.802060 2.147490
0.151156 -0.857457 2.083900
0.271818 -0.437877 2.674780
0.448250 -0.566453 2.279370
0.425933 -0.825588 2.156710
0.451992 -0.870149 2.105700
0.204974 -0.383434 2.726930
0.211920 -0.367675 2.790910
0.247704 -0.127404 2.937290
0.239039 0.052720 2.975370
0.123563 -0.230026 2.878530
0.067509 -0.409981 2.726640
0.055413 -0.510851 2.562910
0.060352 -0.551525 2.524410
0.388903 -0.246978 2.861730
0.401228 -0.402565 2.735300
0.561841 -0.492113 2.682440
0.593932 -0.517440 2.624690
0.124005 -0.421813 2.700640
0.148466 -0.563208 2.291030
0.151753 -0.802163 2.147390
0.151433 -0.857625 2.083820
0.271711 -0.438428 2.675050
0.447867 -0.566249 2.279390
0.425856 -0.825511 2.156340
0.451415 -0.869829 2.104900
0.205042 -0.383861 2.727080
0.211971 -0.368142 2.791170
0.247626 -0.127567 2.937530
0.238334 0.052302 2.973700
0.123806 -0.230172 2.878520
0.063088 -0.409003 2.726650
0.062362 -0.515602 2.567320
0.064595 -0.552307 2.524510
0.388538 -0.247191 2.861690
0.397529 -0.402548 2.733580
0.565699 -0.492501 2.686710
0.597954 -0.517733 2.628360
0.124240 -0.422015 2.700910
0.149783 -0.562483 2.291890
0.152323 -0.802312 2.147380
0.151987 -0.857805 2.083810
0.271630 -0.438946 2.675330
0.447348 -0.565869 2.279370
0.425747 -0.825407 2.155960
0.449777 -0.869788 2.103920
0.205116 -0.384247 2.727230
0.212034 -0.368582 2.791420
0.247588 -0.127773 2.937690
0.237548 0.051707 2.971890
0.123974 -0.230277 2.878490
0.059824 -0.405920 2.729170
0.065199 -0.517465 2.573350
0.068661 -0.551673 2.528380
0.388239 -0.247302 2.861720
0.406383 -0.400360 2.736260
0.563043 -0.510230 2.692520
0.598952 -0.526684 2.632090
0.124440 -0.422179 2.701130
0.150792 -0.562038 2.292440
0.152876 -0.802423 2.147380
0.152542 -0.857933 2.083810
0.271579 -0.439469 2.675640
0.446739 -0.565506 2.279340
0.425606 -0.825280 2.155500
0.448210 -0.869912 2.103100
0.205176 -0.384584 2.727360
0.212084 -0.368986 2.791620
0.247585 -0.128083 2.937760
0.236908 0.050904 2.969630
0.124078 -0.230350 2.878440
0.057592 -0.403504 2.731230
0.066332 -0.519891 2.579660
0.071460 -0.551226 2.532420
0.387993 -0.247333 2.861790
0.406484 -0.400855 2.735610
0.565125 -0.512373 2.696450
0.601739 -0.528346 2.635810
0.124602 -0.422319 2.701270
0.151640 -0.561648 2.292910
0.153388 -0.802509 2.147400
0.153071 -0.858030 2.083840
0.271481 -0.439941 2.675930
0.446143 -0.565099 2.279320
0.425434 -0.825161 2.155040
0.446767 -0.870022 2.102320
0.205198 -0.384863 2.727530
0.212106 -0.369329 2.791840
0.247570 -0.128405 2.937760
0.236523 0.050193 2.967500
0.124080 -0.230396 2.878370
0.056081 -0.401664 2.732800
0.067007 -0.521142 2.583460
0.073499 -0.550679 2.535390
0.387791 -0.247308 2.861900
0.419031 -0.398735 2.740520
0.557709 -0.524886 2.691670
0.598280 -0.538051 2.633950
0.124681 -0.422411 2.701450
0.152609 -0.561114 2.293690
0.153853 -0.802589 2.147430
0.153540 -0.858095 2.083860
0.271380 -0.440367 2.676240
0.445538 -0.564724 2.279330
0.425255 -0.825052 2.154600
0.445537 -0.870111 2.101660
