0.189609 0.026990 1.871510
0.182226 0.088161 1.918590
0.180782 0.436190 1.936210
0.201761 0.614264 1.899670
0.019860 0.322662 1.907930
-0.063923 0.079082 1.922720
-0.026640 -0.112875 1.877990
-0.031117 -0.171797 1.866870
0.360766 0.324022 1.969190
0.418217 0.086161 1.999920
0.395244 -0.093502 1.909040
0.393000 -0.145222 1.874430
0.113629 -0.047439 1.846060
0.051347 -0.481372 1.886850
0.017653 -0.736274 1.909270
0.063129 -0.792301 1.904620
0.266958 -0.053336 1.872540
0.267576 -0.471068 1.938370
0.254208 -0.752491 1.963960
0.285618 -0.816290 1.949530
0.187985 0.026794 1.872890
0.179994 0.087953 1.920250
0.176890 0.436835 1.938110
0.197850 0.614904 1.902970
0.016112 0.322177 1.909620
-0.067561 0.078553 1.923280
-0.030567 -0.113061 1.875740
-0.027423 -0.175302 1.860600
0.356495 0.324064 1.971020
0.414802 0.085964 2.001370
0.395297 -0.093603 1.909400
0.393056 -0.145071 1.874920
0.112744 -0.047634 1.846550
0.050889 -0.479077 1.889300
0.017525 -0.736935 1.910660
0.060896 -0.794473 1.905360
0.265615 -0.053330 1.874230
0.267205 -0.471215 1.938750
0.254252 -0.752568 1.964240
0.285560 -0.816273 1.949420
0.185461 0.026560 1.874520
0.176956 0.087757 1.922050
0.172549 0.437395 1.939650
0.193704 0.615344 1.905550
0.011860 0.321767 1.911190
-0.071081 0.078068 1.923770
-0.034864 -0.113392 1.874340
-0.025305 -0.177603 1.856560
0.351770 0.324087 1.972220
0.410136 0.085923 2.002810
0.395152 -0.093638 1.909650
0.340861 -0.117564 1.836830
0.111046 -0.047907 1.847280
0.050090 -0.476803 1.891250
0.017309 -0.737425 1.911750
0.058888 -0.796245 1.906200
0.263402 -0.053305 1.876140
0.266512 -0.471313 1.939110
0.254228 -0.752591 1.964490
0.285456 -0.816216 1.949310
0.182051 0.026266 1.876280
0.173309 0.087563 1.923830
0.168536 0.437790 1.940710
0.189582 0.615568 1.907410
0.007190 0.321194 1.912610
-0.074793 0.077598 1.924290
-0.038317 -0.113592 1.873380
-0.023862 -0.179269 1.853640
0.347628 0.323990 1.973010
0.405988 0.085992 2.004030
0.392924 -0.093344 1.909750
0.305597 -0.102522 1.811990
0.108048 -0.048329 1.848330
0.049172 -0.474803 1.892810
0.016967 -0.737796 1.912740
0.056422 -0.798016 1.907110
0.260361 -0.053406 1.878150
0.265435 -0.471427 1.939490
0.254083 -0.752562 1.964750
0.271878 -0.795850 1.910990
0.178083 0.025987 1.878030
0.169199 0.087413 1.925510
0.164171 0.438071 1.941380
0.185511 0.615724 1.908720
0.002931 0.320730 1.913750
-0.078379 0.077018 1.924810
-0.042548 -0.113638 1.871040
-0.024998 -0.180204 1.850180
0.343979 0.323804 1.973550
0.402392 0.086128 2.005100
0.390184 -0.092933 1.909910
0.292056 -0.097013 1.802660
0.104276 -0.048730 1.849540
0.048077 -0.473013 1.894170
0.016525 -0.738109 1.913650
0.054402 -0.799396 1.907840
0.256781 -0.053603 1.880180
0.264042 -0.471526 1.939920
0.253813 -0.752510 1.965040
0.264517 -0.785641 1.891820
0.174090 0.025953 1.879750
0.165158 0.087500 1.927100
0.160076 0.438361 1.941840
0.180336 0.616315 1.909650
-0.001296 0.320271 1.914800
-0.081795 0.076341 1.925400
-0.045061 -0.113617 1.869390
-0.025662 -0.180574 1.847740
0.340400 0.323925 1.974070
0.398512 0.086377 2.006310
0.386778 -0.092542 1.910610
0.284018 -0.093620 1.797130
0.100383 -0.048957 1.850920
0.045444 -0.473732 1.897020
0.016032 -0.738318 1.914480
0.051455 -0.801015 1.909750
0.253063 -0.053566 1.882150
0.262350 -0.471601 1.940450
0.253395 -0.752452 1.965390
0.261193 -0.781305 1.883710
0.170325 0.025996 1.881340
0.161403 0.087655 1.928530
0.156344 0.438560 1.942090
0.175857 0.616797 1.910080
-0.005139 0.319858 1.915650
-0.085274 0.075909 1.926200
-0.046742 -0.113227 1.867900
-0.026245 -0.179982 1.845620
0.337240 0.324053 1.974500
0.395234 0.086638 2.007370
0.384426 -0.092310 1.911200
0.279416 -0.093017 1.794990
0.096535 -0.049112 1.852430
0.042513 -0.475308 1.900010
0.015355 -0.738647 1.915520
0.049306 -0.802333 1.911400
0.249526 -0.053488 1.883930
0.260359 -0.471701 1.941200
0.252831 -0.752418 1.965880
0.259189 -0.778636 1.878720
0.166986 0.026082 1.882790
0.158117 0.087840 1.929780
0.153208 0.438668 1.942210
0.171736 0.617161 1.910190
-0.008652 0.319469 1.916380
-0.088327 0.075638 1.926970
-0.047861 -0.112853 1.866920
-0.026741 -0.179087 1.844320
0.334428 0.324239 1.974940
0.392292 0.086991 2.008380
0.379549 -0.092178 1.913550
0.279220 -0.094997 1.796710
0.092925 -0.049228 1.853990
0.039795 -0.477070 1.902810
0.014647 -0.738920 1.916570
0.047396 -0.803397 1.912780
0.246403 -0.053397 1.885530
0.258114 -0.471883 1.942250
0.252103 -0.752448 1.966540
0.257598 -0.777171 1.876050
0.163876 0.026167 1.884180
0.155135 0.088027 1.930950
0.150557 0.438715 1.942230
0.168281 0.617421 1.910170
-0.011825 0.319183 1.917080
-0.091145 0.075492 1.927740
-0.048545 -0.112356 1.866160
-0.027002 -0.177755 1.843540
0.331605 0.324528 1.975350
0.389814 0.087381 2.009390
0.375296 -0.091963 1.915820
0.281440 -0.098032 1.800570
0.089476 -0.049318 1.855660
0.037657 -0.477044 1.905140
0.013926 -0.739113 1.917590
0.045404 -0.804343 1.914180
0.243358 -0.053306 1.887100
0.255826 -0.472093 1.943550
0.251317 -0.752550 1.967330
0.256545 -0.777205 1.876240
0.161159 0.026275 1.885460
0.152563 0.088226 1.932010
0.148388 0.438731 1.942220
0.165696 0.617654 1.910090
-0.014462 0.318984 1.917710
-0.093848 0.075355 1.928610
-0.049455 -0.112046 1.865860
-0.028701 -0.176507 1.844030
0.328951 0.324894 1.975720
0.387625 0.087820 2.010390
0.370999 -0.091569 1.917940
0.283578 -0.100800 1.804500
0.086505 -0.049334 1.857220
0.035840 -0.476386 1.907210
0.013196 -0.739247 1.918710
0.043482 -0.805143 1.915540
0.240568 -0.053185 1.888590
0.253766 -0.472310 1.944900
0.250487 -0.752726 1.968210
0.255962 -0.778389 1.878550
0.158923 0.026290 1.886580
0.150391 0.088323 1.932960
0.146184 0.438628 1.942190
0.163713 0.617723 1.909990
-0.016567 0.318831 1.918250
-0.096232 0.075215 1.929500
-0.049979 -0.111734 1.865820
-0.029533 -0.175312 1.844970
0.326771 0.325138 1.976050
0.385611 0.088172 2.011370
0.367822 -0.091303 1.919500
0.286080 -0.103172 1.809640
0.084141 -0.049421 1.858580
0.034263 -0.476298 1.909160
0.012480 -0.739360 1.919930
0.041773 -0.805808 1.916820
0.238309 -0.053160 1.889890
0.251901 -0.472542 1.946280
0.249709 -0.752918 1.969070
0.255741 -0.779974 1.881630
0.156920 0.026310 1.887690
0.148439 0.088417 1.933900
0.144191 0.438499 1.942190
0.161871 0.617707 1.909810
-0.018410 0.318703 1.918790
-0.098239 0.075138 1.930360
-0.050406 -0.111390 1.865990
-0.030327 -0.174183 1.846100
0.324837 0.325423 1.976390
0.383871 0.088459 2.012310
0.365405 -0.091130 1.920800
0.287777 -0.104789 1.813430
0.082045 -0.049491 1.859960
0.033026 -0.475748 1.910850
0.011795 -0.739470 1.921150
0.040392 -0.806325 1.917940
0.236297 -0.053130 1.891150
0.250329 -0.472704 1.947550
0.248990 -0.753113 1.969900
0.255692 -0.781557 1.884730
0.155201 0.026279 1.888720
0.146771 0.088459 1.934780
0.142525 0.438353 1.942230
0.160465 0.617672 1.909670
-0.020005 0.318577 1.919360
-0.099928 0.075054 1.931210
-0.050761 -0.111120 1.867860
-0.031226 -0.173300 1.850190
0.323154 0.325583 1.976700
0.382358 0.088651 2.013240
0.363581 -0.090999 1.921770
0.288871 -0.106007 1.816180
0.080250 -0.049586 1.861270
0.032093 -0.475063 1.912270
0.011187 -0.739559 1.922280
0.039203 -0.806744 1.918960
0.234582 -0.053150 1.892270
0.249056 -0.472833 1.948670
0.248338 -0.753298 1.970690
0.255713 -0.782938 1.887510
0.153571 0.026183 1.889750
0.145197 0.088442 1.935670
0.140947 0.438183 1.942330
0.159117 0.617643 1.909550
-0.021517 0.318405 1.920030
-0.101276 0.074902 1.932000
-0.050939 -0.110965 1.869440
-0.031732 -0.172744 1.853040
0.321729 0.325662 1.977010
0.381104 0.088780 2.014090
0.362242 -0.090890 1.922470
0.289517 -0.106867 1.818210
0.078509 -0.049753 1.862660
0.031387 -0.474357 1.913440
0.010661 -0.739644 1.923320
0.038254 -0.807073 1.919790
0.233014 -0.053235 1.893320
0.248010 -0.472930 1.949680
0.247752 -0.753495 1.971430
0.213757 -0.794827 1.970500
0.152192 0.026074 1.890710
0.143878 0.088401 1.936510
0.139649 0.438009 1.942470
0.157928 0.617564 1.909440
-0.022889 0.318299 1.920780
-0.102402 0.074791 1.932820
-0.066236 -0.116964 1.893930
-0.092933 -0.154854 1.885570
0.320478 0.325723 1.977320
0.380029 0.088968 2.014980
0.361200 -0.090730 1.923070
0.289958 -0.107491 1.819760
0.077048 -0.049914 1.863950
0.030857 -0.473615 1.914420
0.010207 -0.739741 1.924320
0.037582 -0.807321 1.920340
0.231690 -0.053326 1.894260
0.247141 -0.472991 1.950580
0.247213 -0.753736 1.972200
0.192942 -0.801042 2.011560
0.151012 0.025983 1.891590
0.142748 0.088364 1.937310
0.138544 0.437841 1.942650
0.156900 0.617501 1.909360
-0.024101 0.318212 1.921590
-0.103345 0.074614 1.933640
-0.064765 -0.116348 1.895280
-0.063334 -0.161362 1.878040
0.319418 0.325762 1.977640
0.379189 0.089125 2.015750
0.360294 -0.090574 1.923600
0.290191 -0.107917 1.820930
0.075826 -0.050036 1.865120
0.030476 -0.472833 1.915270
0.009807 -0.739833 1.925230
0.037056 -0.807512 1.920790
0.230550 -0.053408 1.895110
0.246447 -0.473026 1.951360
0.246747 -0.753934 1.972890
0.184124 -0.803531 2.028810
0.150005 0.025908 1.892410
0.141795 0.088331 1.938050
0.137635 0.437685 1.942870
0.155915 0.617453 1.909340
-0.025218 0.318147 1.922530
-0.104115 0.074402 1.934450
-0.067703 -0.118739 1.906350
-0.091188 -0.153966 1.893680
0.318551 0.325743 1.977990
0.378432 0.089197 2.016480
0.359574 -0.090527 1.924180
0.290365 -0.108143 1.822150
0.074773 -0.050138 1.866210
0.030204 -0.472088 1.915970
0.009473 -0.739914 1.926020
0.036650 -0.807656 1.921140
0.229595 -0.053485 1.895850
0.245890 -0.473052 1.952050
0.246364 -0.754119 1.973480
0.178809 -0.805111 2.039290
0.149141 0.025844 1.893170
0.140983 0.088294 1.938770
0.136844 0.437519 1.943140
0.155017 0.617399 1.909410
-0.026252 0.318099 1.923620
-0.104750 0.074151 1.935260
-0.063730 -0.117437 1.902630
-0.062549 -0.163616 1.882330
0.317803 0.325714 1.978370
0.377798 0.089250 2.017160
0.358929 -0.090488 1.924710
0.290449 -0.108263 1.823150
0.073885 -0.050218 1.867220
0.030012 -0.471381 1.916560
0.009207 -0.739982 1.926680
0.036257 -0.807789 1.921520
0.228774 -0.053557 1.896530
0.245439 -0.473061 1.952640
0.246043 -0.754292 1.974010
0.187450 -0.813065 2.030500
0.148396 0.025796 1.893890
0.140287 0.088263 1.939450
0.136156 0.437358 1.943470
0.154271 0.617272 1.909610
-0.027128 0.318085 1.924770
-0.105287 0.073987 1.936090
-0.059277 -0.115305 1.897140
-0.044055 -0.168385 1.873410
0.317177 0.325664 1.978770
0.377262 0.089286 2.017800
0.358399 -0.090466 1.925230
0.290487 -0.108320 1.823940
0.073138 -0.050268 1.868120
0.029895 -0.470702 1.917060
0.008987 -0.740041 1.927250
0.035948 -0.807891 1.921860
0.228059 -0.053619 1.897160
0.245073 -0.473057 1.953160
0.245777 -0.754447 1.974470
0.188222 -0.813053 2.028790
0.147751 0.025771 1.894560
0.139689 0.088244 1.940110
0.135568 0.437206 1.943860
0.153563 0.617172 1.909900
-0.027875 0.318099 1.925950
-0.105759 0.073868 1.936960
-0.055925 -0.113468 1.892570
-0.035149 -0.170418 1.868900
0.316642 0.325608 1.979210
0.376801 0.089308 2.018430
0.357933 -0.090435 1.925700
0.290506 -0.108257 1.824860
0.072509 -0.050288 1.868920
0.029818 -0.470104 1.917470
0.008802 -0.740094 1.927750
0.035677 -0.807980 1.922200
0.227424 -0.053665 1.897740
0.244775 -0.473042 1.953630
0.245558 -0.754596 1.974880
0.189750 -0.811824 2.025250
0.147199 0.025740 1.895190
0.139185 0.088215 1.940740
0.135070 0.437055 1.944280
0.152865 0.617027 1.910460
-0.028452 0.318149 1.927130
-0.106134 0.073822 1.937840
-0.053504 -0.111965 1.889170
-0.030070 -0.171416 1.866330
0.316190 0.325536 1.979650
0.376418 0.089306 2.019040
0.357611 -0.090391 1.926000
0.290436 -0.108182 1.825630
0.071982 -0.050301 1.869660
0.029768 -0.469537 1.917830
0.008652 -0.740140 1.928170
0.035458 -0.808052 1.922490
0.226864 -0.053717 1.898300
0.244520 -0.473020 1.954070
0.245379 -0.754728 1.975240
0.191054 -0.809989 2.021410
0.146725 0.025722 1.895840
0.138750 0.088196 1.941400
0.134642 0.436917 1.944750
0.152233 0.616903 1.911090
-0.028897 0.318209 1.928210
-0.106436 0.073860 1.938780
-0.051869 -0.110752 1.886680
-0.026900 -0.171977 1.864690
0.315812 0.325443 1.980130
0.376098 0.089295 2.019600
0.357344 -0.090360 1.926300
0.290112 -0.108086 1.826260
0.071539 -0.050297 1.870380
0.029748 -0.469031 1.918140
0.008538 -0.740181 1.928540
0.035271 -0.808116 1.922720
0.226379 -0.053758 1.898880
0.244307 -0.472998 1.954470
0.245230 -0.754845 1.975550
0.192052 -0.808195 2.017950
0.146321 0.025737 1.896550
0.138381 0.088206 1.942110
0.134287 0.436798 1.945260
0.151674 0.616795 1.911770
-0.029246 0.318270 1.929200
-0.106658 0.073961 1.939720
-0.050724 -0.109839 1.885010
-0.024708 -0.172321 1.863590
0.315506 0.325335 1.980650
0.375835 0.089280 2.020130
0.357069 -0.090331 1.926610
0.289734 -0.107976 1.826820
0.071159 -0.050264 1.871170
0.029765 -0.468566 1.918420
0.008444 -0.740219 1.928850
0.035132 -0.808168 1.922950
0.225966 -0.053778 1.899510
0.244135 -0.472971 1.954850
0.245105 -0.754949 1.975810
0.200022 -0.811996 2.008440
0.145946 0.025753 1.897350
0.138040 0.088225 1.942910
0.133973 0.436695 1.945780
0.151195 0.616697 1.912420
-0.029500 0.318318 1.930080
-0.106829 0.074108 1.940720
-0.049905 -0.109181 1.883960
-0.023217 -0.172425 1.862870
0.315249 0.325229 1.981180
0.375613 0.089240 2.020710
0.356799 -0.090339 1.927060
0.289231 -0.107859 1.827390
0.070801 -0.050233 1.872140
0.029798 -0.468151 1.918700
0.008369 -0.740252 1.929120
0.035020 -0.808208 1.923150
0.225577 -0.053780 1.900250
0.243968 -0.472947 1.955260
0.244999 -0.755041 1.976040
0.200991 -0.811517 2.005620
0.145608 0.025784 1.898330
0.137736 0.088262 1.943810
0.133719 0.436599 1.946260
0.150811 0.616616 1.913000
-0.029681 0.318364 1.930850
-0.107002 0.074358 1.941960
-0.001743 -0.101506 1.836550
0.037283 -0.162559 1.802250
0.315048 0.325120 1.981750
0.375421 0.089186 2.021330
0.356507 -0.090417 1.927760
0.288610 -0.107757 1.828000
0.070475 -0.050194 1.873330
0.029856 -0.468449 1.919410
0.008304 -0.740282 1.929360
0.034937 -0.808239 1.923310
0.225206 -0.053769 1.901260
0.243788 -0.472931 1.955770
0.244905 -0.755136 1.976260
0.201427 -0.810874 2.003800
0.145276 0.025843 1.899580
0.137446 0.088330 1.944880
0.133514 0.436507 1.946700
0.150506 0.616484 1.913510
-0.029806 0.318392 1.931530
-0.107138 0.074655 1.943310
-0.027262 -0.105625 1.868150
-0.008822 -0.168772 1.854830
0.314891 0.325041 1.982340
0.375229 0.089124 2.022240
0.356299 -0.090803 1.929700
0.288040 -0.107891 1.829310
0.070125 -0.050161 1.874900
0.029920 -0.469164 1.920400
0.008250 -0.740312 1.929560
0.034868 -0.808267 1.923450
0.224826 -0.053703 1.902730
0.243579 -0.472921 1.956470
0.244821 -0.755228 1.976460
0.201403 -0.810062 2.002600
0.144960 0.025865 1.901230
0.137184 0.088392 1.946190
0.133363 0.436404 1.947070
0.150256 0.616184 1.913970
-0.029886 0.318409 1.932110
-0.107223 0.074798 1.944770
0.011615 -0.099184 1.834380
0.044713 -0.159613 1.805610
0.314777 0.324972 1.982910
0.374964 0.089041 2.023560
0.355961 -0.091560 1.933160
0.287116 -0.108529 1.831540
0.069759 -0.050242 1.877180
0.029993 -0.469997 1.921460
0.008199 -0.740340 1.929740
0.034808 -0.808291 1.923570
0.224440 -0.053657 1.904820
0.243307 -0.472982 1.957570
0.244744 -0.755302 1.976640
0.201081 -0.809183 2.001890
0.144607 0.025944 1.903340
0.136897 0.088514 1.947780
0.133245 0.436296 1.947390
0.150063 0.615876 1.914320
-0.029936 0.318417 1.932590
-0.107299 0.075048 1.946370
0.025992 -0.097251 1.822710
0.061382 -0.157001 1.791410
0.314683 0.324958 1.983490
0.374654 0.089103 2.025330
0.354799 -0.092834 1.939950
0.285933 -0.109864 1.834900
0.069326 -0.050319 1.880070
0.030258 -0.469807 1.922850
0.008149 -0.740373 1.929910
0.034748 -0.808320 1.923700
0.223974 -0.053477 1.907670
0.242941 -0.473016 1.959110
0.244667 -0.755365 1.976820
0.200603 -0.808361 2.001540
0.144206 0.026043 1.905900
0.136601 0.088678 1.949630
0.133173 0.436167 1.947640
0.149941 0.615553 1.914540
-0.029972 0.318426 1.932990
-0.107449 0.075499 1.948230
0.032649 -0.096261 1.817390
0.070470 -0.155578 1.783630
0.314605 0.324967 1.984020
0.374273 0.089226 2.027530
0.352153 -0.094365 1.948840
0.284137 -0.111688 1.839890
0.068770 -0.050447 1.883660
0.030558 -0.469415 1.924430
0.008093 -0.740430 1.930110
0.034705 -0.808345 1.923780
0.223391 -0.053249 1.911240
0.242467 -0.472980 1.961270
0.244585 -0.755413 1.977000
0.200986 -0.808626 2.000880
0.143683 0.026012 1.909050
0.136220 0.088807 1.951790
0.133102 0.435924 1.947780
0.149841 0.614864 1.914400
-0.029995 0.318416 1.933300
-0.107608 0.075960 1.950050
0.037020 -0.095604 1.813980
0.076015 -0.154733 1.779070
0.314540 0.324983 1.984480
0.373929 0.089349 2.029930
0.348416 -0.095521 1.956980
0.284302 -0.114490 1.850880
0.068034 -0.050831 1.888270
0.030921 -0.468340 1.926700
0.008038 -0.740494 1.930330
0.034656 -0.808376 1.923850
0.222633 -0.053142 1.915740
0.241868 -0.472919 1.964260
0.244502 -0.755463 1.977220
0.201974 -0.809666 2.000060
0.143009 0.025670 1.912930
0.135753 0.088803 1.954150
0.132947 0.435085 1.947580
0.149813 0.612615 1.912550
-0.030013 0.318373 1.933530
-0.107853 0.076379 1.951950
0.039720 -0.095261 1.812170
0.079905 -0.154131 1.775960
0.314490 0.324969 1.984860
0.373563 0.089358 2.032590
0.344735 -0.097158 1.966160
0.285699 -0.120775 1.864830
0.067031 -0.051757 1.894170
0.031130 -0.467092 1.929880
0.007987 -0.740570 1.930590
0.034581 -0.808421 1.923920
0.221782 -0.053445 1.921270
0.241156 -0.472782 1.968020
0.244369 -0.755571 1.977580
0.201893 -0.809744 2.000200
0.142125 0.024918 1.917610
0.135209 0.088636 1.956500
0.132622 0.432887 1.946390
0.150073 0.607398 1.907290
-0.030033 0.318280 1.933670
-0.108239 0.076623 1.953820
-0.053440 -0.114122 1.923250
-0.071114 -0.146931 1.911080
0.314439 0.324903 1.985140
0.373201 0.089287 2.035460
0.341186 -0.099176 1.976720
0.286083 -0.127779 1.873490
0.065778 -0.053213 1.901220
0.030925 -0.465506 1.933840
0.007933 -0.740684 1.930970
0.024997 -0.789003 1.882530
0.220678 -0.054283 1.928030
0.240376 -0.472607 1.972700
0.244216 -0.755693 1.978050
0.201564 -0.809715 2.000750
0.141128 0.023606 1.923060
0.134681 0.088249 1.958650
0.132424 0.428362 1.943370
0.150466 0.600951 1.900090
-0.030010 0.317761 1.933550
-0.108770 0.076729 1.955730
-0.075910 -0.119167 1.953930
-0.128275 -0.145400 1.963930
0.314396 0.324732 1.985330
0.372913 0.089103 2.038530
0.338833 -0.100939 1.985580
0.286462 -0.133221 1.879970
0.064359 -0.055237 1.909120
0.030425 -0.463845 1.938460
0.007818 -0.740875 1.931570
0.020032 -0.779892 1.862680
0.219463 -0.055840 1.936070
0.239595 -0.472296 1.977990
0.244037 -0.755992 1.978870
0.203877 -0.812497 2.001010
0.139983 0.021323 1.929480
0.134167 0.087493 1.960560
0.132147 0.421904 1.938250
0.151043 0.595085 1.891830
-0.029974 0.315945 1.932460
-0.109261 0.076732 1.957410
-0.095610 -0.123433 1.979340
-0.159234 -0.144401 1.991870
0.314255 0.323765 1.985060
0.372747 0.088693 2.041620
0.337165 -0.102473 1.992460
0.285202 -0.152541 1.884930
0.062672 -0.058460 1.918780
0.029558 -0.462252 1.943720
0.007490 -0.741381 1.932850
0.020898 -0.787528 1.876460
0.218284 -0.058268 1.944900
0.238705 -0.471993 1.983710
0.243823 -0.756467 1.979990
0.203841 -0.813231 2.002460
0.138886 0.018201 1.936280
0.133657 0.086141 1.962380
0.131607 0.412153 1.930320
0.151844 0.585454 1.878840
-0.029863 0.311939 1.929860
-0.109923 0.076401 1.959210
-0.105471 -0.125631 1.991990
-0.177408 -0.143584 2.008390
0.314045 0.321707 1.983860
0.372622 0.087739 2.044790
0.335636 -0.103485 1.996190
0.283149 -0.168103 1.886900
0.061209 -0.062241 1.928310
0.028140 -0.460627 1.950110
0.006952 -0.742143 1.934720
0.022628 -0.795470 1.892200
0.217322 -0.061585 1.954310
0.237859 -0.471564 1.990280
0.243617 -0.757103 1.981360
0.203373 -0.813776 2.004170
0.137888 0.013368 1.943770
0.133117 0.083108 1.964480
0.131040 0.399687 1.920420
0.152805 0.570373 1.860770
-0.029624 0.304038 1.924930
-0.110823 0.074549 1.961520
-0.081559 -0.126324 1.982470
-0.066603 -0.178485 1.973560
0.313661 0.316702 1.980480
0.372850 0.085798 2.048370
0.334330 -0.104500 1.998610
0.281606 -0.178831 1.887820
0.059930 -0.067745 1.938600
0.025777 -0.460290 1.957480
0.006065 -0.743116 1.937130
0.023679 -0.801658 1.904690
0.216679 -0.066172 1.963990
0.237196 -0.471187 1.997240
0.243416 -0.757832 1.982900
0.202557 -0.814135 2.005940
0.137250 0.007624 1.951060
0.132750 0.078235 1.966670
0.130725 0.384275 1.909440
0.154075 0.555643 1.844570
-0.029494 0.291194 1.917590
-0.111647 0.069429 1.964620
-0.068523 -0.131667 1.978170
-0.055612 -0.191095 1.980780
0.313554 0.308494 1.974680
0.373502 0.082708 2.052210
0.332777 -0.106664 2.001560
0.280558 -0.186462 1.889290
0.059118 -0.074286 1.948670
0.023614 -0.460224 1.964170
0.004631 -0.744272 1.939900
0.024646 -0.805906 1.913880
0.216554 -0.071625 1.973680
0.236782 -0.470934 2.004470
0.243294 -0.758784 1.984870
0.201582 -0.814475 2.007820
0.136707 0.000331 1.958370
0.132567 0.070466 1.968980
0.131326 0.365669 1.897670
0.156156 0.534292 1.825680
-0.029011 0.276467 1.909440
-0.112094 0.063339 1.967280
0.002001 -0.158969 1.918100
0.048268 -0.227245 1.900510
0.314243 0.291917 1.964030
0.375396 0.076524 2.057350
0.329924 -0.111831 2.006820
0.279767 -0.192236 1.891330
0.058159 -0.081832 1.958340
0.021172 -0.461067 1.972160
0.003140 -0.745442 1.942790
0.024841 -0.809438 1.921520
0.216596 -0.078475 1.983550
0.236590 -0.470554 2.012010
0.243317 -0.760077 1.987520
0.200409 -0.814808 2.010190
0.135349 -0.013006 1.967610
0.131666 0.055178 1.971880
0.131707 0.338091 1.881440
0.157915 0.510612 1.807370
-0.028458 0.255047 1.899120
-0.112378 0.055849 1.969350
-0.030765 -0.156260 1.955630
0.045639 -0.231491 1.915670
0.314546 0.276693 1.954270
0.377594 0.069976 2.061390
0.327764 -0.122015 2.021140
0.279708 -0.196822 1.895260
0.056437 -0.094650 1.970830
0.017445 -0.463872 1.981530
0.001703 -0.746623 1.945680
0.021155 -0.807660 1.914950
0.215335 -0.090542 1.996260
0.236153 -0.470446 2.018780
0.243518 -0.761467 1.990390
0.199278 -0.815085 2.012510
0.133075 -0.026322 1.975670
0.130057 0.039786 1.974480
0.131823 0.321056 1.872810
0.158582 0.490637 1.793130
-0.028207 0.237563 1.891510
-0.112657 0.040850 1.971820
-0.038400 -0.167181 1.974820
0.041192 -0.239956 1.930250
0.315488 0.252472 1.943660
0.381112 0.060577 2.064330
0.325089 -0.134437 2.039620
0.280533 -0.199918 1.901000
0.053496 -0.107680 1.982600
0.013874 -0.467275 1.990800
0.000323 -0.747868 1.948950
0.017970 -0.806335 1.909940
0.212842 -0.102137 2.006650
0.235110 -0.470915 2.024940
0.244092 -0.762923 1.993700
0.198322 -0.815268 2.014660
0.129662 -0.045700 1.986020
0.127666 0.018828 1.978610
0.132210 0.298858 1.864490
0.157621 0.458063 1.775140
-0.028218 0.217297 1.884330
-0.114252 0.022379 1.975150
-0.045757 -0.174079 1.987430
0.023194 -0.247791 1.952440
0.316319 0.229138 1.935490
0.386534 0.048527 2.065370
0.321836 -0.144772 2.055990
0.315261 -0.204680 2.039940
0.049795 -0.125693 1.998820
0.011089 -0.470597 1.998670
-0.000982 -0.748907 1.952050
0.015427 -0.805554 1.906480
0.208204 -0.119884 2.019070
0.233851 -0.471935 2.030570
0.244932 -0.764297 1.996950
0.197571 -0.815369 2.016440
0.127756 -0.059884 1.993800
0.126299 0.003100 1.982030
0.131909 0.278714 1.858130
0.157194 0.442700 1.766490
-0.028252 0.200770 1.879300
-0.116683 0.007031 1.977870
-0.052852 -0.181101 1.998040
0.006661 -0.254875 1.969980
0.316805 0.214155 1.930660
0.393478 0.025241 2.063610
0.316161 -0.159855 2.073870
0.318194 -0.219342 2.095200
0.047905 -0.140136 2.012590
0.008773 -0.473508 2.005140
-0.002413 -0.749817 1.955120
0.013350 -0.805145 1.904250
0.205752 -0.131462 2.027400
0.232452 -0.473344 2.035790
0.245700 -0.765465 1.999720
0.196949 -0.815449 2.017950
0.125723 -0.075838 2.002770
0.124791 -0.013917 1.986600
0.131065 0.259059 1.853010
0.156407 0.416432 1.754850
-0.028095 0.181915 1.875330
-0.119484 -0.005283 1.979440
-0.060686 -0.188461 2.006970
-0.008613 -0.261522 1.983180
0.317026 0.198644 1.925460
0.398277 0.011289 2.061110
0.316473 -0.169789 2.086490
0.324158 -0.228522 2.134580
0.046645 -0.154076 2.026350
0.006557 -0.476755 2.010790
-0.005526 -0.765707 1.957860
0.006617 -0.830575 1.897150
0.202560 -0.145581 2.037530
0.230849 -0.475263 2.040590
0.246349 -0.766377 2.001950
0.196449 -0.815494 2.019200
0.123763 -0.091357 2.011580
0.123285 -0.031007 1.991810
0.130366 0.235142 1.848800
0.155701 0.394382 1.746700
-0.027867 0.163781 1.872250
-0.123658 -0.017110 1.980000
-0.065503 -0.194703 2.013250
-0.017126 -0.266732 1.991370
0.317525 0.181932 1.921070
0.405311 -0.007977 2.055060
0.317965 -0.180100 2.098140
0.327082 -0.233411 2.154370
0.045731 -0.166128 2.038820
0.004093 -0.482803 2.016790
-0.008873 -0.782015 1.959670
0.001020 -0.853038 1.892760
0.198633 -0.162142 2.048740
0.228773 -0.482018 2.046290
0.248436 -0.780092 2.004110
0.238342 -0.857455 1.968800
0.121886 -0.108583 2.021200
0.121684 -0.049441 1.997880
0.128560 0.212826 1.845420
0.155408 0.375555 1.741880
-0.027426 0.144420 1.869790
-0.129762 -0.028526 1.979020
-0.070102 -0.200992 2.017870
-0.024214 -0.271601 1.997010
0.317629 0.160441 1.916940
0.410761 -0.023051 2.048940
0.319154 -0.187183 2.105920
0.315746 -0.241348 2.161920
0.044981 -0.181856 2.054460
0.001163 -0.495563 2.022180
-0.012534 -0.800906 1.960300
-0.003787 -0.875718 1.889740
0.195853 -0.176244 2.057990
0.226868 -0.493189 2.051790
0.250635 -0.796014 2.005450
0.260010 -0.884500 1.943330
0.120605 -0.124232 2.029730
0.120461 -0.066777 2.003900
0.126420 0.190636 1.844230
0.155094 0.346540 1.738440
-0.026560 0.125268 1.868500
-0.135752 -0.041064 1.978010
-0.098442 -0.226216 2.024340
-0.043660 -0.283987 2.002420
0.317131 0.143947 1.913660
0.418432 -0.043593 2.035900
0.320659 -0.193320 2.111390
0.314328 -0.245540 2.174110
0.044695 -0.195692 2.067330
-0.001402 -0.509708 2.025130
-0.015991 -0.817732 1.959900
-0.007673 -0.894369 1.887890
0.194017 -0.188655 2.065640
0.225865 -0.506758 2.055950
0.252613 -0.812079 2.005860
0.270799 -0.901034 1.930780
0.119141 -0.138721 2.037690
0.119274 -0.082402 2.009690
0.125403 0.171990 1.844130
0.154939 0.330843 1.736840
-0.025951 0.108807 1.868280
-0.142090 -0.052339 1.974790
-0.108840 -0.236664 2.029730
-0.077108 -0.295508 2.033400
0.314855 0.122858 1.909640
0.423884 -0.058478 2.024030
0.322944 -0.198718 2.114260
0.310843 -0.249352 2.176500
0.043920 -0.207587 2.078100
-0.002886 -0.522938 2.026040
-0.019390 -0.831948 1.959000
-0.011637 -0.909656 1.886900
0.191820 -0.201439 2.073340
0.228354 -0.521727 2.059010
0.253738 -0.827767 2.005240
0.276127 -0.913961 1.923130
0.117792 -0.151657 2.044380
0.118191 -0.096666 2.014830
0.125056 0.153556 1.845030
0.154832 0.316263 1.737000
-0.024859 0.090103 1.868940
-0.148527 -0.063185 1.971040
-0.114500 -0.243573 2.033600
-0.125171 -0.302182 2.047390
0.312984 0.104492 1.907280
0.428169 -0.074714 2.010610
0.325399 -0.205030 2.114670
0.304222 -0.255461 2.167770
0.042961 -0.218000 2.086690
-0.013449 -0.535228 2.023950
-0.018905 -0.842627 1.958360
-0.011091 -0.920444 1.886850
0.189796 -0.213516 2.080040
0.233075 -0.535955 2.060760
0.254276 -0.841923 2.004130
0.278022 -0.925469 1.918740
0.115909 -0.166780 2.051740
0.116811 -0.113000 2.020700
0.125717 0.133312 1.847090
0.154513 0.299943 1.739470
-0.023650 0.072601 1.869950
-0.159361 -0.077460 1.966010
-0.088138 -0.230139 2.053510
-0.117846 -0.291812 2.070050
0.311139 0.087028 1.905530
0.432678 -0.092282 1.995040
0.330630 -0.216510 2.108540
0.302290 -0.261283 2.161300
0.041139 -0.230323 2.095690
-0.022366 -0.546894 2.020960
-0.019557 -0.852841 1.957240
-0.011190 -0.930393 1.887110
0.186974 -0.228255 2.087530
0.240486 -0.551432 2.061170
0.254088 -0.856129 2.002340
0.275570 -0.937969 1.917010
0.113935 -0.180747 2.058580
0.115355 -0.127782 2.026290
0.126238 0.116806 1.849640
0.153831 0.283993 1.743390
-0.022328 0.053958 1.871750
-0.171230 -0.090773 1.960520
-0.078803 -0.224862 2.060120
-0.106644 -0.281677 2.082920
0.309046 0.069269 1.904130
0.437333 -0.129651 1.977310
0.331033 -0.231064 2.104230
0.298653 -0.267053 2.157210
0.039149 -0.242081 2.103990
-0.028934 -0.556383 2.019160
-0.020799 -0.862053 1.955250
-0.011703 -0.938935 1.886840
0.184024 -0.242108 2.094310
0.247456 -0.564350 2.060890
0.253147 -0.868665 2.000170
0.269767 -0.949644 1.916970
0.111733 -0.197622 2.068090
0.113739 -0.145032 2.034140
0.126532 0.098822 1.853290
0.153658 0.263564 1.749990
-0.021642 0.034677 1.874920
-0.181021 -0.103418 1.956830
-0.072048 -0.221899 2.063790
-0.095723 -0.275724 2.089300
0.306676 0.043276 1.905050
0.438676 -0.145743 1.969120
0.333919 -0.253649 2.093930
0.297633 -0.281004 2.146930
0.037191 -0.258455 2.118250
-0.034716 -0.564946 2.016720
-0.022213 -0.870636 1.952990
-0.012099 -0.946671 1.886990
0.180288 -0.259600 2.102930
0.255356 -0.578173 2.059620
0.251195 -0.881650 1.997550
0.259057 -0.962197 1.918740
0.109717 -0.212065 2.076840
0.112000 -0.159945 2.041530
0.125523 0.082990 1.856890
0.153285 0.247287 1.755840
-0.021615 0.017853 1.878440
-0.190753 -0.120776 1.955920
-0.101696 -0.269289 2.044900
-0.112236 -0.315269 2.073880
0.304495 0.023962 1.906630
0.438330 -0.157287 1.963030
0.337758 -0.272833 2.085560
0.300087 -0.297740 2.136670
0.035854 -0.270766 2.129070
-0.039218 -0.571613 2.014980
-0.023365 -0.877824 1.950320
-0.012191 -0.952967 1.886800
0.177225 -0.274047 2.110890
0.261550 -0.588738 2.058450
0.248185 -0.892631 1.995180
0.247834 -0.972368 1.921230
0.107505 -0.225669 2.086000
0.109922 -0.173873 2.049450
0.123698 0.069183 1.861100
0.152227 0.231118 1.762380
-0.021756 0.004053 1.882250
-0.196553 -0.132974 1.956200
-0.112556 -0.296239 2.036520
-0.116558 -0.334356 2.067650
0.302308 0.007953 1.909030
0.437176 -0.166018 1.958130
0.339011 -0.281972 2.081710
0.301141 -0.307322 2.131070
0.034534 -0.281324 2.138100
-0.044285 -0.577647 2.013830
-0.022882 -0.883774 1.947510
-0.010935 -0.958003 1.886250
0.174128 -0.288217 2.120570
0.266668 -0.597509 2.056730
0.244661 -0.902144 1.992850
0.236564 -0.980452 1.924050
0.106264 -0.238066 2.094990
0.108602 -0.186993 2.057670
0.121574 0.053615 1.867270
0.150744 0.217089 1.768870
-0.021785 -0.009465 1.886990
-0.200219 -0.142147 1.956730
-0.115952 -0.307434 2.033640
-0.117725 -0.346234 2.064130
0.300556 -0.003889 1.911900
0.434945 -0.173801 1.954600
0.345849 -0.303677 2.070000
0.317585 -0.349444 2.106440
0.034121 -0.292405 2.147470
-0.049846 -0.582853 2.012260
-0.021554 -0.888606 1.945650
-0.008145 -0.962011 1.886720
0.172368 -0.299889 2.129470
0.270289 -0.604680 2.054640
0.240619 -0.910394 1.991220
0.226549 -0.986975 1.927590
0.106119 -0.251755 2.105650
0.108091 -0.200838 2.067260
0.119429 0.040251 1.873660
0.149059 0.203380 1.777040
-0.022015 -0.021369 1.892160
-0.202518 -0.150631 1.957230
-0.115182 -0.319237 2.026190
-0.116079 -0.359811 2.055710
0.298589 -0.016022 1.916580
0.432140 -0.180594 1.952670
0.325096 -0.295870 2.086220
0.305070 -0.334637 2.120520
0.034557 -0.307908 2.164860
-0.055492 -0.586623 2.010990
-0.019552 -0.892198 1.944610
-0.003801 -0.964248 1.888630
0.172765 -0.314205 2.138440
0.274228 -0.614773 2.051240
0.234815 -0.920115 1.989600
0.212986 -0.993639 1.932520
0.105798 -0.265304 2.117180
0.107341 -0.214546 2.077780
0.116708 0.027150 1.880950
0.147802 0.189923 1.787520
-0.022444 -0.034513 1.899180
-0.201773 -0.164867 1.958880
-0.050001 -0.206786 1.856760
-0.000147 -0.207160 1.816760
0.296214 -0.026971 1.922590
0.428345 -0.184326 1.951190
0.320798 -0.293425 2.087920
0.301058 -0.324499 2.124970
0.034854 -0.319421 2.177960
-0.064021 -0.589428 2.010940
-0.014621 -0.894244 1.943640
0.004690 -0.962806 1.891170
0.172874 -0.327400 2.147660
0.276867 -0.623766 2.049800
0.229135 -0.928746 1.986360
0.200920 -0.998509 1.934220
0.104802 -0.274335 2.125850
0.105878 -0.224026 2.086150
0.112301 0.016285 1.889200
0.146353 0.179955 1.797770
-0.022751 -0.045963 1.906760
-0.200075 -0.181256 1.961270
-0.038058 -0.177635 1.820750
0.017757 -0.170512 1.779060
0.293056 -0.036326 1.929750
0.422577 -0.195502 1.955600
0.318843 -0.300511 2.090470
0.299568 -0.325173 2.127520
0.034940 -0.325712 2.184590
-0.071051 -0.591473 2.011620
-0.009675 -0.895461 1.943410
0.011910 -0.960826 1.893630
0.170784 -0.337524 2.159960
0.278348 -0.627961 2.048860
0.226243 -0.933543 1.984950
0.194273 -1.000970 1.936620
0.100809 -0.287792 2.142000
0.101679 -0.237372 2.101290
0.107007 0.004791 1.900740
0.144823 0.168672 1.813560
-0.023554 -0.058316 1.917350
-0.197399 -0.196216 1.964030
-0.045504 -0.312532 1.903070
-0.049508 -0.332994 1.906280
0.287340 -0.057701 1.949980
0.418080 -0.205870 1.961370
0.328545 -0.332220 2.089010
0.301637 -0.333853 2.130190
0.032941 -0.335831 2.196960
-0.077521 -0.593464 2.012790
-0.005459 -0.896519 1.944570
0.017801 -0.958890 1.897730
0.166440 -0.349901 2.175770
0.279587 -0.631266 2.047710
0.223188 -0.937520 1.984970
0.185494 -1.001740 1.943460
0.098352 -0.299113 2.156850
0.098924 -0.249528 2.116630
0.102398 -0.011081 1.920240
0.143070 0.157072 1.832590
-0.024699 -0.071332 1.931750
-0.193058 -0.215604 1.971480
-0.079879 -0.371497 1.915650
-0.084728 -0.393213 1.918750
0.284319 -0.068303 1.962480
0.414935 -0.217971 1.969950
0.329541 -0.344086 2.092980
0.301721 -0.341155 2.135690
0.031942 -0.346327 2.209150
-0.083494 -0.595016 2.014350
-0.001515 -0.897091 1.946960
0.022690 -0.956783 1.902250
0.163195 -0.360331 2.191640
0.280271 -0.633763 2.047090
0.220520 -0.940778 1.985450
0.179757 -1.002810 1.948780
0.095626 -0.313567 2.177580
0.096082 -0.264114 2.137250
0.099133 -0.024609 1.940200
0.140860 0.145339 1.856110
-0.026984 -0.088253 1.953060
-0.190177 -0.231509 1.980230
-0.062491 -0.367119 1.883220
-0.056088 -0.409768 1.877590
0.280721 -0.078660 1.979090
0.412061 -0.232905 1.984390
0.310889 -0.341355 2.129370
0.288169 -0.342985 2.166310
0.031073 -0.362266 2.227880
-0.088426 -0.597434 2.017520
0.007376 -0.893735 1.957110
0.026395 -0.954610 1.907780
0.159077 -0.372704 2.212310
0.280822 -0.635518 2.046730
0.217975 -0.943390 1.987470
0.174800 -1.003380 1.956130
0.093687 -0.322655 2.191720
0.094102 -0.273720 2.152230
0.097283 -0.036363 1.961870
0.137971 0.137443 1.877220
-0.029939 -0.101081 1.973720
-0.188401 -0.246138 1.992780
-0.060449 -0.298289 1.850900
-0.030995 -0.338258 1.818500
0.278527 -0.087317 1.997030
0.406638 -0.249684 2.006220
0.302570 -0.340436 2.148980
0.281267 -0.345092 2.184570
0.029341 -0.373987 2.243260
-0.092666 -0.599461 2.021510
0.012300 -0.891248 1.965720
0.028077 -0.952829 1.913020
0.156538 -0.381100 2.226350
0.281420 -0.637499 2.048070
0.215292 -0.945264 1.988660
0.170965 -1.003520 1.959590
0.091200 -0.333612 2.211650
0.091589 -0.284501 2.172520
0.094771 -0.045090 1.983790
0.133575 0.128286 1.908280
-0.033862 -0.111631 1.995000
-0.190280 -0.261179 2.013870
-0.055987 -0.268311 1.860960
-0.010037 -0.271310 1.810750
0.276980 -0.101929 2.025390
0.402101 -0.261858 2.024730
0.301028 -0.345825 2.166940
0.278568 -0.351853 2.203390
0.027485 -0.384609 2.256780
-0.096579 -0.602921 2.027760
0.015501 -0.890147 1.971840
0.029028 -0.952007 1.916980
0.153402 -0.394981 2.256470
0.281347 -0.638054 2.050860
0.214513 -0.946458 1.990780
0.186176 -1.005510 1.958370
0.089592 -0.341082 2.226230
0.089721 -0.292574 2.189130
0.089946 -0.057001 2.018600
0.126725 0.120052 1.947870
-0.039896 -0.124304 2.026210
-0.194296 -0.275174 2.040690
-0.067651 -0.221504 1.874280
-0.016046 -0.209085 1.814130
0.276234 -0.113483 2.051920
0.396819 -0.272934 2.044810
0.300253 -0.356336 2.186540
0.276365 -0.362468 2.223560
0.025542 -0.395187 2.271620
-0.117017 -0.607696 2.051360
0.019464 -0.881507 1.972730
0.030161 -0.943604 1.916090
0.152197 -0.401661 2.270210
0.281556 -0.640177 2.059240
0.213386 -0.947391 1.991670
0.193977 -1.006880 1.954970
0.084896 -0.362291 2.258840
0.085201 -0.312041 2.222850
0.086649 -0.066219 2.051010
0.120375 0.112275 1.990020
-0.046980 -0.137615 2.057250
-0.200504 -0.298651 2.086290
-0.105769 -0.184124 1.910190
-0.063739 -0.150122 1.847380
0.271881 -0.127841 2.085470
0.387926 -0.290534 2.074440
0.298951 -0.369449 2.205380
0.273763 -0.382023 2.251470
0.018676 -0.419922 2.300610
-0.124521 -0.609187 2.058980
0.019859 -0.876945 1.976290
0.028766 -0.938909 1.918430
0.150137 -0.421114 2.296600
0.282242 -0.641582 2.065360
0.213309 -0.948424 1.993960
0.203242 -1.008580 1.953530
0.080773 -0.380051 2.282900
0.080919 -0.329601 2.249730
0.081717 -0.080074 2.095920
0.111805 0.098929 2.038410
-0.055822 -0.160420 2.097340
-0.204108 -0.307162 2.103380
-0.104848 -0.174628 1.936890
-0.059000 -0.134243 1.885210
0.267044 -0.141132 2.118460
0.379335 -0.304124 2.095210
0.297917 -0.386498 2.223810
0.271828 -0.402591 2.274810
0.011438 -0.441578 2.322540
-0.128993 -0.610377 2.063470
0.017447 -0.874025 1.980520
0.024828 -0.935428 1.921270
0.148745 -0.440725 2.319420
0.282800 -0.642077 2.069770
0.216598 -0.949749 2.000130
0.204606 -1.008900 1.961370
0.075881 -0.396271 2.303150
0.076761 -0.345579 2.273250
0.084896 -0.092843 2.142300
0.103121 0.087560 2.090120
-0.062329 -0.174534 2.128750
-0.212527 -0.327001 2.139870
-0.112706 -0.183997 1.970130
-0.071013 -0.142157 1.923250
0.264571 -0.162677 2.157500
0.370116 -0.327360 2.118090
0.293554 -0.410382 2.245010
0.266832 -0.427478 2.298240
0.002465 -0.459203 2.339060
-0.132002 -0.611531 2.066560
0.012856 -0.873241 1.985860
0.019421 -0.933613 1.924720
0.145398 -0.463349 2.340180
0.283332 -0.641985 2.073540
0.222010 -0.950769 2.008330
0.205816 -1.007860 1.968660
0.071807 -0.411970 2.321460
0.073053 -0.361756 2.296040
0.083186 -0.107722 2.190210
0.096125 0.076210 2.141250
-0.074172 -0.190326 2.173960
-0.216297 -0.348007 2.186620
-0.139348 -0.216868 2.006420
-0.113020 -0.181359 1.958050
0.257890 -0.181946 2.193460
0.358523 -0.348787 2.141740
0.285850 -0.440797 2.266140
0.259034 -0.457068 2.319690
-0.004783 -0.475864 2.352930
-0.133946 -0.612818 2.068930
0.006227 -0.874491 1.991220
0.011570 -0.933121 1.927920
0.143531 -0.480633 2.354740
0.283754 -0.642302 2.077640
0.219399 -0.937664 2.047120
0.211568 -0.996714 1.986910
0.066384 -0.433915 2.343740
0.068690 -0.382684 2.322730
0.084119 -0.122971 2.238930
0.091866 0.065578 2.198390
-0.082351 -0.205460 2.214900
-0.219435 -0.357300 2.206210
-0.145516 -0.234083 2.028690
-0.121666 -0.199765 1.979860
0.248884 -0.204643 2.235380
0.352540 -0.362528 2.157190
0.279583 -0.460544 2.281780
0.252863 -0.476047 2.335110
-0.016149 -0.502293 2.369700
-0.134632 -0.616587 2.071070
0.001303 -0.876954 1.995190
0.006587 -0.933417 1.929750
0.141293 -0.501664 2.370290
0.283564 -0.644302 2.084040
0.217911 -0.933152 2.065660
0.214943 -0.990966 1.996900
0.061373 -0.450806 2.365220
0.063910 -0.398620 2.348330
0.079087 -0.132254 2.280890
0.083753 0.055534 2.255350
-0.091858 -0.219361 2.261990
-0.234290 -0.374796 2.243680
-0.150599 -0.259739 2.069670
-0.124594 -0.232465 2.030370
0.241421 -0.218191 2.268910
0.339786 -0.381177 2.191100
0.270601 -0.481206 2.311650
0.244129 -0.495741 2.363570
-0.024439 -0.521632 2.386950
-0.133559 -0.620269 2.075390
-0.012314 -0.884588 1.998630
-0.008335 -0.937703 1.930390
0.139305 -0.517553 2.384050
0.281986 -0.646217 2.092330
0.218202 -0.931408 2.073940
0.217572 -0.988018 2.001420
0.055883 -0.462323 2.383180
0.058011 -0.409281 2.370040
0.067967 -0.137342 2.325130
0.071888 0.049672 2.308980
-0.100008 -0.229017 2.299580
-0.245874 -0.384694 2.269420
-0.145170 -0.279355 2.114490
-0.108679 -0.254767 2.086690
0.230870 -0.227039 2.310830
0.331327 -0.387730 2.218970
0.265371 -0.492956 2.340340
0.238952 -0.507063 2.391270
-0.030586 -0.533387 2.398350
-0.132056 -0.624025 2.080250
-0.025154 -0.892145 1.999200
-0.021165 -0.941637 1.928520
0.136031 -0.530400 2.398560
0.277942 -0.648351 2.105520
0.219989 -0.931094 2.077520
0.222260 -0.985629 2.001180
0.049433 -0.467748 2.402980
0.051089 -0.413687 2.394030
0.060692 -0.138777 2.362180
0.060514 0.047814 2.355800
-0.108432 -0.229979 2.333270
-0.258242 -0.386407 2.297470
-0.141925 -0.295490 2.146350
-0.096155 -0.279370 2.126290
0.218270 -0.227626 2.353370
0.324169 -0.385667 2.266660
0.257532 -0.500780 2.380430
0.231152 -0.514623 2.430650
-0.037927 -0.539964 2.412270
-0.129791 -0.627496 2.090950
-0.039924 -0.898846 1.995070
-0.035926 -0.945000 1.922160
0.132414 -0.537433 2.411960
0.273391 -0.647349 2.120800
0.243970 -0.936726 2.049470
0.237276 -0.984075 1.984260
0.037479 -0.462288 2.428980
0.038391 -0.406341 2.423650
0.045177 -0.125264 2.405580
0.054364 0.056535 2.393140
-0.120040 -0.222410 2.368070
-0.267811 -0.377450 2.335620
-0.142319 -0.299734 2.176510
-0.095810 -0.280966 2.155280
0.209530 -0.215896 2.396530
0.324424 -0.368223 2.314310
0.253828 -0.497744 2.418500
0.227429 -0.511467 2.468510
-0.047258 -0.539429 2.426650
-0.127079 -0.628970 2.103050
-0.045901 -0.902472 1.999280
-0.041450 -0.946214 1.924070
0.120642 -0.534622 2.439620
0.260732 -0.637384 2.152210
0.246870 -0.934807 2.051220
0.241543 -0.979380 1.984770
0.029592 -0.446459 2.449010
0.030219 -0.389869 2.445920
0.033741 -0.106214 2.442270
0.042817 0.072613 2.426790
-0.135235 -0.204467 2.403740
-0.273831 -0.364161 2.368950
-0.144501 -0.302315 2.198890
-0.098293 -0.283542 2.172780
0.204770 -0.199565 2.431410
0.327136 -0.347624 2.364100
0.266264 -0.514174 2.428870
0.232592 -0.520926 2.479970
-0.054449 -0.532914 2.438440
-0.124184 -0.629738 2.115300
-0.057201 -0.906946 1.998800
-0.052070 -0.948025 1.922190
0.114498 -0.520445 2.457450
0.253741 -0.628278 2.169620
0.248813 -0.931265 2.052830
0.245221 -0.972625 1.984850
0.024784 -0.426123 2.467020
0.024471 -0.367731 2.468430
0.022346 -0.080103 2.482930
0.033342 0.093361 2.458130
-0.145963 -0.185018 2.431340
-0.274268 -0.350106 2.398830
-0.148796 -0.289902 2.228800
-0.109257 -0.257161 2.200810
0.198595 -0.178367 2.473870
0.332600 -0.318678 2.412230
0.253994 -0.496317 2.458770
0.227828 -0.515399 2.498630
-0.059641 -0.518639 2.450470
-0.120843 -0.627028 2.128950
-0.063595 -0.908441 1.998690
-0.057536 -0.947742 1.921150
0.111327 -0.500078 2.473230
0.248505 -0.618686 2.181990
0.250786 -0.924427 2.054070
0.250921 -0.960906 1.983770
0.022318 -0.408219 2.479890
0.021046 -0.350225 2.484490
0.015041 -0.064780 2.505460
0.019148 0.117371 2.491830
-0.157078 -0.162218 2.460230
-0.275100 -0.339837 2.420380
-0.151631 -0.287957 2.245190
-0.112949 -0.255608 2.212270
0.194257 -0.157929 2.506170
0.338995 -0.298447 2.447700
0.252917 -0.491076 2.470210
0.227148 -0.512421 2.509370
-0.062074 -0.503443 2.459560
-0.118255 -0.622488 2.140780
-0.067600 -0.908513 1.998610
-0.061155 -0.945956 1.920280
0.110401 -0.480661 2.484600
0.244727 -0.609300 2.189910
0.252885 -0.913807 2.055330
0.256425 -0.946698 1.982420
0.015765 -0.389492 2.490360
0.013926 -0.332948 2.500180
0.006138 -0.046742 2.543220
0.010618 0.133931 2.524290
-0.164418 -0.148389 2.483670
-0.275182 -0.331957 2.439090
-0.154621 -0.284662 2.261190
-0.116758 -0.253965 2.222810
0.192407 -0.139471 2.540360
0.349394 -0.273621 2.486480
0.259306 -0.467238 2.456610
0.230128 -0.499091 2.508330
-0.074759 -0.476124 2.469260
-0.116748 -0.619702 2.147540
-0.071245 -0.905957 1.997050
-0.063936 -0.940810 1.917700
0.106929 -0.465735 2.490080
0.242263 -0.601825 2.194270
0.254490 -0.902417 2.056270
0.261243 -0.932465 1.980980
0.012171 -0.380234 2.496000
0.009768 -0.324412 2.509590
0.001462 -0.039203 2.560970
0.003047 0.143438 2.552380
-0.169503 -0.139868 2.501370
-0.275420 -0.327183 2.452780
-0.156996 -0.280468 2.276200
-0.119873 -0.251555 2.233730
0.190141 -0.130155 2.559880
0.352363 -0.265402 2.505570
0.260237 -0.458967 2.466930
0.231096 -0.490911 2.517530
-0.080495 -0.463716 2.473520
-0.115812 -0.617944 2.151650
-0.073332 -0.902851 1.995680
-0.065171 -0.935631 1.915630
0.104887 -0.457771 2.492850
0.240572 -0.595856 2.196680
0.255438 -0.893578 2.057310
0.264197 -0.922472 1.980350
0.014455 -0.369586 2.508610
0.010545 -0.315205 2.530640
-0.005183 -0.035070 2.591080
-0.008419 0.154912 2.594120
-0.174546 -0.136070 2.524520
-0.276543 -0.324517 2.465270
-0.159499 -0.277862 2.290070
-0.123150 -0.251398 2.245800
0.186106 -0.120273 2.599870
0.345992 -0.265437 2.529290
0.242703 -0.449298 2.478110
0.221775 -0.480453 2.525970
-0.077254 -0.452556 2.481170
-0.115032 -0.615622 2.154670
-0.075552 -0.891526 1.992350
-0.065421 -0.922402 1.912030
0.109689 -0.447122 2.501920
0.239347 -0.591233 2.197780
0.256583 -0.882297 2.058540
0.267673 -0.910813 1.980240
0.014619 -0.364279 2.515500
0.009970 -0.311624 2.543140
-0.009253 -0.037013 2.617630
-0.014739 0.154656 2.618590
-0.179162 -0.138648 2.548000
-0.278390 -0.326338 2.483350
-0.162904 -0.278639 2.305440
-0.128583 -0.258272 2.262830
0.183863 -0.117464 2.616340
0.338016 -0.266030 2.551030
0.236966 -0.443652 2.482160
0.216673 -0.472423 2.530390
-0.076817 -0.446477 2.485240
-0.114266 -0.613360 2.156750
-0.076924 -0.882600 1.989610
-0.066184 -0.912742 1.909200
0.110895 -0.441992 2.506250
0.238482 -0.587964 2.198240
0.256230 -0.874754 2.061460
0.268381 -0.903499 1.981980
0.015099 -0.361144 2.521510
0.009788 -0.311650 2.555550
-0.013546 -0.046377 2.646710
-0.021029 0.140753 2.662060
-0.184758 -0.149592 2.576760
-0.279645 -0.330491 2.499100
-0.165426 -0.283789 2.319770
-0.131713 -0.273767 2.279010
0.182624 -0.128697 2.641350
0.330135 -0.270440 2.569760
0.233886 -0.440336 2.484500
0.213492 -0.467140 2.532930
-0.076095 -0.442639 2.487990
-0.113520 -0.611265 2.158130
-0.077256 -0.875960 1.987890
-0.066059 -0.906212 1.907620
0.111972 -0.438752 2.509540
0.237814 -0.585699 2.198280
0.255345 -0.869202 2.064680
0.268305 -0.898352 1.984430
0.014830 -0.363029 2.533650
0.007770 -0.320577 2.577840
-0.018608 -0.062844 2.685090
-0.026133 0.128248 2.686880
-0.188370 -0.162679 2.603570
-0.279091 -0.342036 2.522880
-0.170237 -0.294475 2.336250
-0.139817 -0.293949 2.294980
0.180243 -0.142493 2.660810
0.324750 -0.282883 2.585930
0.230821 -0.440939 2.487630
0.211115 -0.464637 2.535610
-0.074962 -0.441465 2.492260
-0.112684 -0.609364 2.159170
-0.077419 -0.868817 1.986350
-0.066203 -0.900132 1.906430
0.112747 -0.437605 2.513680
0.237191 -0.584150 2.198110
0.254293 -0.864583 2.067650
0.267439 -0.894375 1.987140
0.013786 -0.368168 2.546790
0.005215 -0.330409 2.595730
-0.023162 -0.076160 2.708250
-0.038478 0.107664 2.729070
-0.190936 -0.177303 2.626930
-0.278725 -0.352114 2.539760
-0.175800 -0.302761 2.349180
-0.147415 -0.303374 2.304660
0.176288 -0.162951 2.684440
0.304143 -0.314785 2.630800
0.233364 -0.441875 2.486720
0.207965 -0.477746 2.511490
-0.073293 -0.443293 2.498430
-0.111965 -0.607916 2.159820
-0.076622 -0.862415 1.985860
-0.065479 -0.894995 1.906250
0.112616 -0.439602 2.520090
0.236577 -0.583105 2.197830
0.249319 -0.824565 2.084760
0.272206 -0.851580 2.014750
0.011121 -0.393221 2.597150
0.001616 -0.355784 2.645340
-0.027776 -0.093562 2.736920
-0.043245 0.092168 2.754880
-0.193920 -0.194543 2.653720
-0.277861 -0.362961 2.557260
-0.181801 -0.311598 2.362700
-0.155439 -0.311309 2.315070
0.168904 -0.184650 2.701180
0.288035 -0.343693 2.660560
0.234346 -0.444188 2.486000
0.201628 -0.489134 2.491690
-0.068028 -0.469894 2.548910
-0.111351 -0.606819 2.160190
-0.076671 -0.820193 2.002480
-0.060063 -0.766699 1.977600
0.107265 -0.460214 2.570980
0.235975 -0.582411 2.197510
0.246247 -0.806594 2.093300
0.273485 -0.831430 2.030010
0.008007 -0.403157 2.617490
-0.000765 -0.367246 2.665980
-0.032196 -0.106675 2.760210
-0.048544 0.078945 2.778280
-0.199446 -0.210577 2.690730
-0.276848 -0.372562 2.573280
-0.188037 -0.319229 2.375730
-0.164210 -0.316638 2.325860
0.161458 -0.203200 2.718060
0.281338 -0.356078 2.673750
0.231269 -0.457893 2.492570
0.194529 -0.500852 2.468700
-0.068927 -0.476434 2.564920
-0.110852 -0.606029 2.160430
-0.056369 -0.797713 2.028200
-0.083566 -0.757110 1.996910
0.102464 -0.467501 2.587850
0.235445 -0.581995 2.197130
0.244694 -0.798156 2.097480
0.274036 -0.822643 2.036800
0.006659 -0.407447 2.627340
-0.002130 -0.372892 2.676760
-0.039647 -0.119906 2.788970
-0.052112 0.068809 2.804000
-0.204665 -0.220938 2.724930
-0.280040 -0.380890 2.598180
-0.195628 -0.331953 2.396600
-0.174089 -0.330267 2.348710
0.151588 -0.218378 2.736800
0.276447 -0.365858 2.689030
0.229059 -0.491402 2.531580
0.196136 -0.507399 2.468710
-0.069049 -0.479544 2.573650
-0.110447 -0.605436 2.160570
-0.050536 -0.789072 2.035890
-0.096062 -0.751278 2.006410
0.100355 -0.470679 2.596210
0.235011 -0.581804 2.196730
0.243847 -0.792626 2.100010
0.274054 -0.817774 2.041080
-0.000265 -0.406828 2.637830
-0.007157 -0.375846 2.687720
-0.044126 -0.132368 2.813520
-0.054975 0.053738 2.834580
-0.210141 -0.230947 2.753640
-0.282429 -0.387049 2.614220
-0.182247 -0.475347 2.480710
-0.147329 -0.517563 2.446310
0.144758 -0.231464 2.755540
0.270905 -0.377840 2.706880
0.229669 -0.517006 2.560480
0.207935 -0.546342 2.490610
-0.079436 -0.474732 2.582710
-0.110121 -0.604984 2.160640
-0.041893 -0.787007 2.046260
-0.095617 -0.756773 2.013390
0.095334 -0.470324 2.603050
0.234703 -0.581726 2.196360
0.241842 -0.789761 2.101290
0.274808 -0.815760 2.044770
-0.008662 -0.406022 2.648010
-0.014622 -0.379034 2.699870
-0.047391 -0.147313 2.847810
-0.060136 0.043248 2.858330
-0.213392 -0.239128 2.776370
-0.279617 -0.392377 2.633550
-0.211170 -0.510585 2.490160
-0.192947 -0.543238 2.434550
0.137634 -0.241200 2.775930
0.263868 -0.387491 2.722080
0.231167 -0.522844 2.568350
0.217986 -0.553366 2.493030
-0.102276 -0.465307 2.615750
-0.109481 -0.600594 2.170470
-0.038932 -0.783491 2.055760
-0.092666 -0.765968 2.016440
0.090036 -0.469452 2.606250
0.234487 -0.581746 2.195970
0.221945 -0.805543 2.125670
0.266323 -0.813085 2.059300
-0.068342 -0.402269 2.639990
-0.065482 -0.382843 2.698770
-0.051572 -0.157281 2.872660
-0.066149 0.031388 2.901500
-0.214863 -0.247611 2.796840
-0.277467 -0.397032 2.648500
-0.209141 -0.524709 2.499320
-0.183090 -0.557410 2.446070
0.129566 -0.249592 2.793150
0.257329 -0.394678 2.733170
0.231628 -0.527151 2.574220
0.223174 -0.558745 2.496940
-0.168102 -0.442576 2.605170
-0.109297 -0.599726 2.171680
-0.071550 -0.777206 2.023460
-0.096903 -0.816531 1.975080
0.013446 -0.466152 2.576730
0.234208 -0.581647 2.195880
0.216248 -0.807437 2.129950
0.263980 -0.811838 2.064250
-0.103738 -0.400129 2.632280
-0.091640 -0.385056 2.695970
-0.054777 -0.163642 2.888570
-0.070384 0.023306 2.923720
-0.216373 -0.257260 2.816440
-0.275927 -0.400721 2.659500
-0.209164 -0.523517 2.504630
-0.185109 -0.552339 2.448570
0.119163 -0.257419 2.808200
0.251761 -0.398994 2.740560
0.231622 -0.532618 2.581300
0.228351 -0.575730 2.519830
-0.208741 -0.427987 2.585570
-0.109173 -0.599020 2.171970
-0.099334 -0.775194 2.000140
-0.065295 -0.827650 1.991500
-0.025136 -0.474468 2.568330
0.233685 -0.581411 2.196130
0.212776 -0.808621 2.130740
0.263322 -0.810671 2.067280
-0.106702 -0.408330 2.620040
-0.097073 -0.391158 2.690480
-0.056522 -0.167854 2.898330
-0.075447 0.017054 2.941340
-0.236500 -0.279000 2.848660
-0.292426 -0.416045 2.689550
-0.190126 -0.472636 2.547810
-0.147708 -0.473962 2.497520
0.110215 -0.262391 2.817750
0.248205 -0.401488 2.745890
0.234093 -0.536364 2.588740
0.233913 -0.582663 2.530750
-0.168719 -0.444656 2.545790
-0.109260 -0.598150 2.172080
-0.107536 -0.773309 1.993850
-0.051732 -0.832024 1.994730
-0.039612 -0.477424 2.563290
0.233477 -0.581241 2.196060
0.210814 -0.809096 2.129880
0.264215 -0.809925 2.069050
-0.104128 -0.415193 2.611190
-0.096833 -0.396746 2.684240
-0.058310 -0.170740 2.904920
-0.077802 0.013643 2.950910
-0.242128 -0.286555 2.860020
-0.301839 -0.425503 2.707230
-0.175550 -0.466366 2.577610
-0.128206 -0.472980 2.529580
0.103195 -0.265351 2.824030
0.224350 -0.421975 2.725900
0.343265 -0.486037 2.631050
0.373974 -0.459829 2.597220
-0.164215 -0.451728 2.535080
-0.109464 -0.597329 2.172000
-0.112601 -0.771878 1.989760
-0.046092 -0.836032 1.995360
-0.047184 -0.479857 2.558620
0.233175 -0.580916 2.195930
0.226399 -0.800041 2.102500
0.280319 -0.815945 2.061680
-0.099455 -0.419519 2.605560
-0.094121 -0.400392 2.679120
-0.062469 -0.172419 2.908530
-0.079312 0.011290 2.957650
-0.245464 -0.291178 2.866810
-0.299353 -0.432930 2.712260
-0.166229 -0.473681 2.573170
-0.118421 -0.483505 2.522480
0.097960 -0.267109 2.827540
0.220039 -0.418234 2.729780
0.321150 -0.483361 2.607260
0.281624 -0.484813 2.527500
-0.156026 -0.456039 2.529760
-0.109981 -0.596389 2.171630
-0.082562 -0.778521 2.007140
-0.077563 -0.814006 1.984400
-0.046568 -0.481821 2.554080
0.232732 -0.580457 2.195750
0.230773 -0.797259 2.094570
0.288786 -0.819101 2.057360
-0.096840 -0.424073 2.602240
-0.092103 -0.403973 2.675580
-0.066055 -0.172963 2.909780
-0.080950 0.009809 2.963040
-0.245404 -0.293094 2.865140
-0.295659 -0.438405 2.713530
-0.160647 -0.482201 2.564080
-0.114483 -0.495967 2.511140
0.093533 -0.267701 2.828740
0.218436 -0.416773 2.731520
0.285158 -0.497467 2.580560
0.284542 -0.497713 2.537010
-0.151381 -0.462121 2.529610
-0.111021 -0.595391 2.170970
-0.064482 -0.782206 2.018470
-0.096274 -0.800651 1.978380
-0.044550 -0.483837 2.550860
0.232199 -0.579920 2.195490
0.237443 -0.798777 2.084900
0.306407 -0.818962 2.049530
-0.093944 -0.426522 2.602030
-0.089955 -0.405944 2.674240
-0.068868 -0.172772 2.909780
-0.082385 0.009271 2.966270
-0.244950 -0.293105 2.859710
-0.291265 -0.442382 2.711640
-0.157882 -0.490139 2.553600
-0.114006 -0.507106 2.499490
0.090226 -0.267345 2.827800
0.218095 -0.415201 2.731910
0.281244 -0.510907 2.573860
0.269565 -0.522709 2.528960
-0.147729 -0.466635 2.534930
-0.112630 -0.594319 2.170040
-0.055980 -0.783709 2.024140
-0.104086 -0.794989 1.975910
-0.039812 -0.484532 2.549900
0.231637 -0.579357 2.195170
0.242021 -0.800104 2.078490
0.314963 -0.818368 2.045420
-0.122410 -0.422549 2.622880
-0.109265 -0.403084 2.686080
-0.071031 -0.172066 2.908610
-0.083960 0.009931 2.966640
-0.242946 -0.291221 2.851270
-0.287019 -0.444864 2.707790
-0.156976 -0.496290 2.544040
-0.115172 -0.515436 2.489620
0.087249 -0.265781 2.822830
0.218722 -0.413514 2.730670
0.283783 -0.527141 2.573310
0.267951 -0.543213 2.527830
-0.208105 -0.461127 2.592860
-0.121129 -0.588193 2.180750
-0.052081 -0.780266 2.048050
-0.104990 -0.789935 1.979340
-0.051746 -0.481873 2.550100
0.224006 -0.575576 2.200520
0.245202 -0.801189 2.074130
0.319892 -0.817830 2.042890
-0.134962 -0.420370 2.632150
-0.118302 -0.401435 2.691690
-0.072586 -0.170959 2.906780
-0.085311 0.011629 2.964370
-0.240664 -0.289024 2.843150
-0.283241 -0.446505 2.702530
-0.157180 -0.501311 2.535320
-0.117092 -0.521945 2.481080
0.085216 -0.264086 2.816220
0.220189 -0.415923 2.715230
0.295415 -0.572254 2.598950
0.276536 -0.595527 2.550520
-0.235283 -0.458376 2.618280
-0.126008 -0.585219 2.185520
-0.050240 -0.779112 2.057800
-0.104086 -0.786806 1.982910
-0.058991 -0.479988 2.550490
0.218716 -0.572989 2.203890
0.247437 -0.802065 2.071090
0.323061 -0.817272 2.041090
-0.148971 -0.419155 2.644090
-0.127971 -0.400156 2.699400
-0.073605 -0.169900 2.904850
-0.086653 0.013901 2.958900
-0.241029 -0.288243 2.839770
-0.280218 -0.447448 2.697220
-0.088536 -0.452009 2.521950
-0.027480 -0.455373 2.471160
0.084128 -0.263308 2.807900
0.220540 -0.416835 2.706870
0.270897 -0.605023 2.610600
0.261294 -0.623938 2.558160
-0.269139 -0.457837 2.644910
-0.135509 -0.579945 2.199950
-0.054689 -0.774965 2.073700
-0.102250 -0.785112 1.986200
-0.072408 -0.480759 2.556550
0.208179 -0.568815 2.211930
0.209290 -0.795155 2.108580
0.286553 -0.809852 2.059920
-0.113669 -0.436437 2.613480
-0.103762 -0.414283 2.676920
-0.074563 -0.169272 2.903000
-0.087593 0.015390 2.952860
-0.240740 -0.287325 2.836430
-0.289690 -0.453183 2.713430
-0.063751 -0.425912 2.547160
0.016128 -0.409734 2.508890
0.083390 -0.263019 2.801390
0.219122 -0.418117 2.700230
0.265865 -0.616000 2.613160
0.256575 -0.636641 2.560470
-0.191349 -0.472940 2.585830
-0.137177 -0.585503 2.181730
-0.052560 -0.780395 2.056930
-0.103783 -0.784609 1.986210
-0.038131 -0.497558 2.528980
0.209201 -0.568282 2.207140
0.203771 -0.794321 2.113130
0.280552 -0.808445 2.061910
-0.092637 -0.445044 2.595230
-0.089559 -0.421272 2.664010
-0.075634 -0.169066 2.900830
-0.087634 0.016059 2.945750
-0.240861 -0.287041 2.834680
-0.295120 -0.456682 2.721690
-0.052774 -0.413813 2.559940
0.032265 -0.393042 2.522200
0.082779 -0.263394 2.796400
0.217858 -0.419415 2.696010
0.259449 -0.619994 2.609550
0.251836 -0.644472 2.560030
-0.181771 -0.474709 2.576430
-0.137807 -0.589473 2.170500
-0.053769 -0.784610 2.042960
-0.106446 -0.785368 1.984670
-0.014947 -0.507276 2.512080
0.210791 -0.568157 2.202450
0.199970 -0.793698 2.116330
0.276726 -0.807539 2.063140
-0.082097 -0.449175 2.586230
-0.082002 -0.424890 2.657190
-0.076678 -0.169159 2.899010
-0.087226 0.016122 2.940240
-0.240771 -0.286755 2.833280
-0.298675 -0.458500 2.727180
-0.047489 -0.406747 2.569320
0.040525 -0.383510 2.531300
0.082057 -0.263748 2.793180
0.216959 -0.420448 2.693670
0.247807 -0.621117 2.607380
0.243095 -0.649342 2.559520
-0.154124 -0.477891 2.554130
-0.138094 -0.592458 2.162990
-0.055184 -0.787628 2.033990
-0.108971 -0.786227 1.982850
-0.005425 -0.511236 2.505160
0.212165 -0.568202 2.198210
0.197731 -0.793488 2.117600
0.274099 -0.806968 2.063740
-0.076504 -0.451262 2.581480
-0.077521 -0.427031 2.652850
-0.086945 -0.201290 2.860140
-0.085411 0.012918 2.934370
-0.240505 -0.286564 2.832080
-0.300818 -0.459745 2.730760
-0.045807 -0.403251 2.576850
0.042257 -0.379641 2.538970
0.081490 -0.264158 2.791000
0.216132 -0.421423 2.692310
0.240267 -0.619283 2.604400
0.236152 -0.650919 2.558010
-0.128336 -0.477509 2.531770
-0.138317 -0.596129 2.156150
-0.055871 -0.790879 2.027650
-0.111104 -0.786533 1.982120
-0.001180 -0.511754 2.504260
0.213296 -0.568277 2.194990
0.196369 -0.793353 2.118340
0.272475 -0.806698 2.063710
-0.072815 -0.452035 2.579120
-0.074825 -0.428257 2.650490
-0.090422 -0.201964 2.858780
-0.084049 0.010903 2.930540
-0.240259 -0.286424 2.831170
-0.302209 -0.460564 2.733110
-0.071784 -0.420333 2.566390
0.027514 -0.402109 2.480960
0.081071 -0.264484 2.789520
0.215299 -0.422379 2.691820
0.236734 -0.617336 2.603000
0.231811 -0.651173 2.557140
-0.119063 -0.478069 2.524600
-0.138361 -0.598453 2.151950
-0.056904 -0.793245 2.023480
-0.113364 -0.786897 1.981360
-0.002776 -0.507239 2.513010
0.213962 -0.568290 2.192490
0.197071 -0.793542 2.116850
0.271668 -0.806699 2.063100
-0.072044 -0.449410 2.582610
-0.073146 -0.427759 2.650880
-0.090328 -0.198226 2.862850
-0.083124 0.009671 2.928000
-0.239774 -0.286470 2.830180
-0.303179 -0.461222 2.734720
-0.080527 -0.426142 2.563120
0.019216 -0.414098 2.452560
0.080755 -0.264811 2.788500
0.214544 -0.423268 2.691920
0.237888 -0.614029 2.602990
0.230089 -0.650518 2.556940
-0.117545 -0.476695 2.526100
-0.138324 -0.599835 2.149270
-0.057847 -0.794900 2.020970
-0.115276 -0.787397 1.980760
-0.009647 -0.500433 2.529980
0.214461 -0.568257 2.190570
0.197529 -0.793572 2.115980
0.271479 -0.806836 2.062050
-0.096124 -0.437894 2.610560
-0.087096 -0.419619 2.669440
-0.089245 -0.193637 2.868080
-0.082397 0.008761 2.926250
-0.239334 -0.286568 2.829390
-0.303857 -0.461701 2.735860
-0.086767 -0.430557 2.560500
0.014601 -0.420669 2.437780
0.080534 -0.265169 2.787820
0.214037 -0.417200 2.707480
0.233299 -0.582170 2.596360
0.223589 -0.629797 2.552030
-0.170665 -0.468240 2.570350
-0.138120 -0.599896 2.149640
-0.060358 -0.795515 2.023030
-0.115629 -0.788540 1.980430
-0.025591 -0.495168 2.549370
0.214627 -0.568201 2.189570
0.198054 -0.793574 2.115340
0.271713 -0.807071 2.060790
-0.116177 -0.431201 2.627500
-0.100284 -0.414431 2.681770
-0.087653 -0.189405 2.872930
-0.081772 0.008083 2.924780
-0.238941 -0.286694 2.828770
-0.304337 -0.462062 2.736700
-0.091074 -0.433974 2.558440
0.011764 -0.424923 2.428890
0.080378 -0.265545 2.787360
0.214178 -0.413555 2.717490
0.231139 -0.567430 2.593040
0.219369 -0.614720 2.548340
-0.207955 -0.463728 2.590810
-0.137773 -0.598477 2.152410
-0.102117 -0.793836 2.022930
-0.087307 -0.798432 1.980660
-0.042175 -0.492808 2.562110
0.213748 -0.567941 2.189800
0.197989 -0.793515 2.115330
0.271973 -0.807285 2.059720
-0.122195 -0.428772 2.632230
-0.105539 -0.412270 2.686140
-0.086336 -0.186390 2.876620
-0.081402 0.007511 2.923490
-0.238587 -0.286836 2.828290
-0.304574 -0.462332 2.737220
-0.094120 -0.436741 2.556640
0.009745 -0.428093 2.422930
0.080219 -0.265935 2.787050
0.214742 -0.410873 2.723800
0.229466 -0.559894 2.591700
0.216212 -0.604786 2.546330
-0.218378 -0.461477 2.595590
-0.137157 -0.597474 2.151960
-0.130097 -0.796623 2.022590
-0.111364 -0.841343 1.978060
-0.048528 -0.491518 2.566770
0.213425 -0.567821 2.189560
0.198265 -0.793466 2.115090
0.272488 -0.807541 2.058550
-0.144470 -0.428126 2.646990
-0.120422 -0.410152 2.697620
-0.084823 -0.183919 2.879580
-0.081180 0.007127 2.922490
-0.238277 -0.286977 2.827920
-0.304641 -0.462518 2.737510
-0.097026 -0.440932 2.553990
0.008316 -0.431241 2.418650
0.080086 -0.266321 2.786890
0.212315 -0.414837 2.718170
0.229501 -0.572600 2.593140
0.214608 -0.603736 2.545620
-0.253840 -0.465650 2.627620
-0.146280 -0.582273 2.182600
-0.177939 -0.795895 2.075590
-0.132517 -0.851952 2.007990
-0.071683 -0.490967 2.574260
0.203135 -0.565260 2.200350
0.196602 -0.792699 2.117620
0.269750 -0.807108 2.060230
-0.154498 -0.428225 2.653450
-0.129969 -0.409721 2.704320
-0.083947 -0.182299 2.881430
-0.081170 0.006828 2.921750
-0.237952 -0.287208 2.827610
-0.304725 -0.462656 2.737640
-0.098928 -0.443345 2.552490
0.007009 -0.434143 2.415790
0.079861 -0.266756 2.786830
0.210469 -0.418329 2.712740
0.230148 -0.581786 2.593700
0.213795 -0.604600 2.545070
-0.267133 -0.467277 2.639570
-0.152255 -0.575321 2.195870
-0.206673 -0.795349 2.111700
-0.157785 -0.851571 2.044800
-0.083459 -0.491434 2.578000
0.195890 -0.563518 2.207830
0.198470 -0.792797 2.115740
0.270342 -0.807389 2.059180
-0.160330 -0.429937 2.654480
-0.135153 -0.410074 2.706940
-0.083203 -0.181127 2.882790
-0.081410 0.006578 2.921210
-0.237680 -0.287450 2.827370
-0.304746 -0.462778 2.737690
-0.100300 -0.445440 2.551330
0.006007 -0.437052 2.414170
0.079567 -0.267242 2.786910
0.209191 -0.420957 2.708440
0.230038 -0.586898 2.592690
0.213115 -0.605983 2.543970
-0.267152 -0.471109 2.628510
-0.154932 -0.573776 2.191890
-0.217512 -0.796499 2.117220
-0.163813 -0.856948 2.054460
-0.090689 -0.493163 2.579020
0.192438 -0.562787 2.211150
0.194520 -0.791671 2.120770
0.267526 -0.806940 2.061130
-0.164512 -0.430807 2.655570
-0.139252 -0.410431 2.708850
-0.082795 -0.180426 2.883700
-0.082082 0.006218 2.920680
-0.237453 -0.287887 2.827220
-0.304829 -0.462907 2.737830
-0.101552 -0.447565 2.550620
0.004880 -0.440465 2.413950
0.079267 -0.267722 2.787070
0.217809 -0.410275 2.727780
0.214033 -0.559685 2.594330
0.205616 -0.594260 2.544230
-0.271453 -0.472453 2.628950
-0.157137 -0.572423 2.192620
-0.223935 -0.797074 2.120640
-0.168337 -0.859550 2.060650
-0.095813 -0.493584 2.580550
0.187883 -0.561793 2.215910
0.186869 -0.789722 2.130140
0.260780 -0.805634 2.066790
-0.136413 -0.429934 2.632440
-0.127075 -0.411265 2.696760
-0.082524 -0.179970 2.884340
-0.082843 0.005769 2.920200
-0.237339 -0.288441 2.827190
-0.304912 -0.463226 2.738020
-0.102464 -0.449395 2.550250
0.004082 -0.443452 2.414600
0.078985 -0.268171 2.787280
0.215738 -0.413677 2.721310
0.216672 -0.572963 2.596400
0.205263 -0.598305 2.544970
-0.227308 -0.468750 2.594720
-0.157952 -0.575626 2.179140
-0.223745 -0.799157 2.091780
-0.170964 -0.861183 2.065080
-0.065483 -0.489405 2.561270
0.198762 -0.564517 2.201490
0.189323 -0.790253 2.126980
0.263366 -0.806301 2.064320
-0.123043 -0.429524 2.620110
-0.119816 -0.411746 2.688990
-0.082346 -0.179665 2.884820
-0.083612 0.005337 2.919940
-0.237444 -0.289314 2.827460
-0.305099 -0.463874 2.738450
-0.103184 -0.450960 2.550270
0.003541 -0.445859 2.416030
0.078689 -0.268621 2.787520
0.214897 -0.416453 2.717400
0.217469 -0.580520 2.596480
0.204756 -0.602033 2.545110
-0.200546 -0.466486 2.573020
-0.158462 -0.577976 2.170510
-0.223391 -0.799989 2.076550
-0.169270 -0.858710 2.066230
-0.054556 -0.487367 2.552390
0.204526 -0.565933 2.194020
0.252775 -0.772998 2.080500
0.270083 -0.826076 2.032110
-0.117138 -0.429515 2.614330
-0.115411 -0.412132 2.684180
-0.082234 -0.179504 2.885190
-0.084362 0.004913 2.919820
-0.237579 -0.290210 2.827750
-0.305627 -0.464793 2.739350
-0.103906 -0.452369 2.550720
0.003012 -0.447813 2.418150
0.078426 -0.269021 2.787770
0.214320 -0.418170 2.715250
0.221237 -0.587240 2.598610
0.206182 -0.606443 2.546590
-0.190789 -0.465951 2.564850
-0.158760 -0.579519 2.165160
-0.171139 -0.808479 2.079820
-0.115801 -0.857454 2.078940
-0.050325 -0.486502 2.548590
0.207180 -0.566532 2.190610
0.271989 -0.767146 2.067070
0.272014 -0.834261 2.019640
-0.114030 -0.429230 2.611510
-0.113028 -0.411987 2.681860
-0.082168 -0.179441 2.885470
-0.085204 0.004509 2.919800
-0.237686 -0.291067 2.828110
-0.306117 -0.465848 2.740580
-0.104471 -0.453715 2.551530
0.002669 -0.449542 2.420650
0.078084 -0.269431 2.788070
0.213928 -0.419504 2.713630
0.223243 -0.591288 2.599790
0.207220 -0.610077 2.547740
-0.184574 -0.466483 2.563600
-0.158944 -0.580597 2.161680
-0.172402 -0.806288 2.064570
-0.109099 -0.847386 2.075230
-0.049068 -0.483775 2.545410
0.208376 -0.566804 2.188990
0.282918 -0.763641 2.059600
0.272488 -0.837864 2.014410
-0.112725 -0.428920 2.610860
-0.111730 -0.411982 2.680530
-0.082216 -0.179469 2.885700
-0.085951 0.004183 2.919820
-0.237748 -0.291822 2.828460
-0.306540 -0.466799 2.741780
-0.104899 -0.454856 2.552440
0.002465 -0.450874 2.423040
0.077742 -0.269806 2.788350
0.213919 -0.422152 2.708940
0.233985 -0.609240 2.620020
0.213410 -0.623652 2.560570
-0.183708 -0.467892 2.569340
-0.159219 -0.581857 2.158520
-0.176272 -0.805840 2.056240
-0.106835 -0.836566 2.070360
-0.049661 -0.482118 2.544540
0.208988 -0.566852 2.188360
0.289788 -0.761409 2.054940
0.272189 -0.840107 2.011380
-0.111725 -0.428725 2.610820
-0.110610 -0.411945 2.679620
-0.082295 -0.179559 2.885870
-0.086563 0.003910 2.919810
-0.237835 -0.292470 2.828800
-0.306811 -0.467738 2.743010
-0.105167 -0.455920 2.553460
0.002413 -0.452016 2.425310
0.077512 -0.270129 2.788640
0.214196 -0.423202 2.707130
0.235805 -0.613435 2.623990
0.214918 -0.628951 2.564960
-0.182254 -0.468086 2.570000
-0.159488 -0.583390 2.154490
-0.181072 -0.806008 2.050080
-0.106820 -0.828398 2.066450
-0.048473 -0.481770 2.544470
0.209660 -0.566965 2.187610
0.294589 -0.759874 2.051840
0.272325 -0.841716 2.009030
-0.111868 -0.428641 2.612380
-0.109776 -0.411886 2.679210
-0.082395 -0.179685 2.885990
-0.087479 0.003617 2.919590
-0.237961 -0.293081 2.829100
-0.307082 -0.468626 2.744130
-0.105384 -0.456849 2.554480
0.002392 -0.452899 2.427310
0.077322 -0.270421 2.788930
0.217099 -0.417894 2.715280
0.228775 -0.594478 2.620480
0.213829 -0.626360 2.566540
-0.184334 -0.468691 2.574100
-0.159807 -0.584310 2.152050
-0.190961 -0.806259 2.050060
-0.118887 -0.823617 2.057500
-0.047936 -0.481951 2.545640
0.210132 -0.566974 2.187350
0.296106 -0.759250 2.052400
0.272185 -0.842272 2.008750
-0.138512 -0.430211 2.637550
-0.121429 -0.411608 2.691590
-0.082563 -0.179840 2.886070
-0.088152 0.003401 2.919300
-0.238113 -0.293673 2.829380
-0.307562 -0.469305 2.745010
-0.105778 -0.457747 2.555340
0.002095 -0.453810 2.428810
0.077163 -0.270666 2.789200
0.218049 -0.413623 2.721190
0.226998 -0.581007 2.616280
0.213505 -0.621409 2.566510
-0.227149 -0.472693 2.613320
-0.166944 -0.579408 2.177910
-0.200148 -0.808163 2.051060
-0.127919 -0.822106 2.052490
-0.064105 -0.485651 2.558300
0.203211 -0.564698 2.198340
0.280561 -0.759150 2.077110
0.263100 -0.836605 2.023680
-0.140366 -0.430635 2.641180
-0.122573 -0.411560 2.693800
-0.082636 -0.179921 2.886130
-0.088721 0.003284 2.919070
-0.238230 -0.294159 2.829610
-0.308257 -0.470391 2.744900
-0.107362 -0.461378 2.554640
-0.000259 -0.459204 2.428170
0.077037 -0.270881 2.789450
0.218369 -0.412425 2.722970
0.227700 -0.575153 2.612020
0.214173 -0.618049 2.565070
-0.229089 -0.473432 2.618260
-0.167533 -0.579568 2.178480
-0.206371 -0.809749 2.052210
-0.131768 -0.821109 2.050170
-0.066055 -0.486410 2.560590
0.202452 -0.564327 2.200020
0.278698 -0.759511 2.081370
0.261856 -0.835906 2.026720
-0.139670 -0.431048 2.642880
-0.123052 -0.411533 2.695360
-0.082681 -0.179971 2.886180
-0.089157 0.003229 2.918910
-0.238309 -0.294546 2.829830
-0.309014 -0.470718 2.745450
-0.108718 -0.463053 2.555220
-0.002184 -0.461823 2.429020
0.076928 -0.271076 2.789690
0.218541 -0.411679 2.724160
0.228711 -0.571719 2.608710
0.215018 -0.615153 2.563340
-0.225757 -0.473727 2.618690
-0.167432 -0.580071 2.176950
-0.206436 -0.808917 2.053590
-0.134165 -0.797130 2.049480
-0.067197 -0.487012 2.562230
0.202006 -0.564054 2.201250
0.277339 -0.759967 2.084240
0.261066 -0.835470 2.028920
-0.157339 -0.432500 2.660980
-0.135650 -0.411981 2.710900
-0.082720 -0.180013 2.886220
-0.089514 0.003201 2.918780
-0.238383 -0.294897 2.830030
-0.313221 -0.470553 2.749800
-0.113461 -0.464738 2.559760
-0.007262 -0.464208 2.433600
0.076855 -0.271243 2.789900
0.218557 -0.411448 2.724760
0.230001 -0.570601 2.605640
0.215858 -0.613461 2.561650
-0.252303 -0.478720 2.639720
-0.171003 -0.577483 2.190780
-0.221581 -0.799828 2.098330
-0.144643 -0.795523 2.049610
-0.094998 -0.490727 2.589120
0.180419 -0.558484 2.232190
0.250005 -0.758308 2.115710
0.271637 -0.818209 2.046800
-0.146828 -0.431924 2.657160
-0.134491 -0.412010 2.712860
-0.082761 -0.180054 2.886240
-0.089827 0.003190 2.918700
-0.238521 -0.295220 2.830300
-0.313969 -0.473959 2.747310
-0.114578 -0.470666 2.556580
-0.008771 -0.471254 2.430030
0.076787 -0.271382 2.790100
0.218518 -0.410779 2.725850
0.230369 -0.568576 2.603940
0.216163 -0.610088 2.559900
-0.233109 -0.476752 2.629280
-0.170079 -0.578036 2.188020
-0.223250 -0.798635 2.103760
-0.150563 -0.802596 2.046130
-0.080859 -0.490499 2.584770
0.187268 -0.559294 2.226950
0.253417 -0.760950 2.110660
0.271675 -0.818167 2.047540
-0.137013 -0.431666 2.650150
-0.130326 -0.412258 2.711040
-0.082812 -0.180101 2.886270
-0.090120 0.003186 2.918620
-0.238634 -0.295507 2.830510
-0.314726 -0.474410 2.747600
-0.115989 -0.470775 2.557280
-0.007792 -0.470653 2.428270
0.076726 -0.271510 2.790280
0.218485 -0.410575 2.726230
0.230986 -0.568138 2.602590
0.216580 -0.608699 2.558820
-0.215761 -0.475567 2.613840
-0.167555 -0.580198 2.177300
-0.223776 -0.803975 2.095860
-0.202319 -0.852272 2.026380
-0.070332 -0.489753 2.579050
0.194705 -0.560479 2.219850
0.259202 -0.763323 2.102560
0.271079 -0.820351 2.046000
-0.130734 -0.431454 2.644430
-0.126034 -0.412394 2.707810
-0.082853 -0.180128 2.886280
-0.090391 0.003220 2.918530
-0.238734 -0.295754 2.830710
-0.315373 -0.474522 2.747810
-0.116635 -0.468503 2.558480
-0.005891 -0.467013 2.427580
0.076654 -0.271639 2.790440
0.218464 -0.410332 2.726650
0.230600 -0.569150 2.603680
0.216589 -0.607828 2.558620
-0.207648 -0.474911 2.605740
-0.165801 -0.581791 2.169310
-0.222831 -0.807726 2.087630
-0.223707 -0.873059 2.017930
-0.063971 -0.488978 2.574390
0.200137 -0.561399 2.214320
0.264228 -0.764722 2.095700
0.270286 -0.823055 2.043540
-0.136148 -0.433701 2.644370
-0.126137 -0.412911 2.707580
-0.082890 -0.180150 2.886290
-0.090645 0.003262 2.918470
-0.238823 -0.295972 2.830880
-0.315922 -0.474534 2.747940
-0.117111 -0.465840 2.559740
-0.003436 -0.462944 2.427000
0.076502 -0.271753 2.790600
0.218396 -0.410079 2.727070
0.230387 -0.569059 2.603640
0.216417 -0.606794 2.558280
-0.234952 -0.477095 2.621810
-0.168119 -0.579703 2.178350
-0.220092 -0.804418 2.096480
-0.202887 -0.855917 2.040230
-0.067311 -0.491172 2.572060
0.201121 -0.561483 2.213740
0.264640 -0.765164 2.094880
0.265505 -0.824330 2.043290
-0.128518 -0.432074 2.633460
-0.122280 -0.413081 2.701900
-0.082913 -0.180170 2.886290
-0.090846 0.003295 2.918440
-0.238949 -0.296219 2.831050
-0.316325 -0.474512 2.747990
-0.117432 -0.465136 2.560160
-0.001261 -0.460741 2.425990
0.076363 -0.271850 2.790760
0.218204 -0.410342 2.727020
0.230341 -0.570271 2.603410
0.216416 -0.606310 2.557940
-0.217809 -0.474528 2.602380
-0.165697 -0.582459 2.165320
-0.212862 -0.805895 2.089600
-0.211724 -0.868626 2.033740
-0.061875 -0.488679 2.561060
0.207926 -0.563024 2.205080
0.272222 -0.766187 2.083960
0.266885 -0.828981 2.037240
-0.123906 -0.431061 2.627050
-0.118380 -0.413024 2.696860
-0.082734 -0.180118 2.886290
-0.091073 0.003410 2.918450
-0.239090 -0.296453 2.831210
-0.316859 -0.474316 2.748130
-0.117775 -0.464256 2.560760
0.000771 -0.458403 2.425420
0.076232 -0.271941 2.790900
0.217911 -0.411349 2.726260
0.230517 -0.572418 2.602700
0.216437 -0.606172 2.557380
-0.209458 -0.473324 2.593260
-0.164256 -0.584037 2.157350
-0.204925 -0.807541 2.078780
-0.173529 -0.867127 2.044970
-0.058368 -0.487074 2.554460
0.212199 -0.564021 2.199520
0.275244 -0.766615 2.079510
0.268208 -0.832285 2.032360
-0.122969 -0.430238 2.627010
-0.117015 -0.412879 2.695560
-0.082536 -0.180059 2.886290
-0.091523 0.003569 2.918440
-0.239248 -0.296682 2.831370
-0.317306 -0.474080 2.748180
-0.117963 -0.463310 2.561260
0.002957 -0.455879 2.424950
0.076095 -0.272015 2.791060
0.217759 -0.410458 2.728020
0.229753 -0.570705 2.602560
0.215746 -0.603659 2.556770
-0.212745 -0.476084 2.608020
-0.165111 -0.581811 2.166850
-0.202557 -0.805079 2.085960
-0.164982 -0.854650 2.051630
-0.057181 -0.486347 2.552020
0.213778 -0.564340 2.197610
0.276641 -0.766801 2.077360
0.268053 -0.833416 2.029900
-0.127253 -0.429344 2.630110
-0.116814 -0.412645 2.694990
-0.082243 -0.180006 2.886290
-0.092090 0.003697 2.918370
-0.239445 -0.296952 2.831520
-0.317565 -0.473901 2.748100
-0.117950 -0.462618 2.561500
0.005097 -0.453945 2.424260
0.075972 -0.272085 2.791210
0.215418 -0.421070 2.711130
0.243263 -0.602098 2.625630
0.223428 -0.620155 2.569300
-0.222825 -0.478028 2.617000
-0.166068 -0.580413 2.172360
-0.204332 -0.809220 2.078320
-0.159304 -0.854063 2.054560
-0.063400 -0.484260 2.551870
0.212077 -0.563833 2.199010
0.276632 -0.766464 2.076760
0.265574 -0.833583 2.029890
-0.128055 -0.429037 2.630580
-0.116551 -0.412509 2.694480
-0.082184 -0.179992 2.886300
-0.092759 0.003808 2.918630
-0.239637 -0.297205 2.831660
-0.317753 -0.473716 2.747990
-0.117865 -0.462032 2.561640
0.006884 -0.452457 2.423650
0.075841 -0.272151 2.791350
0.216410 -0.416558 2.718190
0.234226 -0.584317 2.619350
0.220947 -0.614982 2.568390
-0.217082 -0.476005 2.611920
-0.165552 -0.580790 2.169880
-0.206007 -0.812244 2.072890
-0.155458 -0.853739 2.056550
-0.064575 -0.483679 2.551510
0.211802 -0.563730 2.199090
0.276619 -0.766121 2.076290
0.264738 -0.833957 2.029360
-0.144235 -0.428680 2.647050
-0.122938 -0.411506 2.700760
-0.082140 -0.179981 2.886300
-0.093343 0.003907 2.918900
-0.239773 -0.297391 2.831790
-0.318324 -0.473354 2.748300
-0.118044 -0.460948 2.562590
0.008360 -0.450487 2.424040
0.075713 -0.272213 2.791490
0.216495 -0.415702 2.719570
0.232404 -0.583088 2.619490
0.220218 -0.614601 2.568950
-0.244448 -0.478537 2.641360
-0.172874 -0.574527 2.200860
-0.219698 -0.802592 2.096880
-0.162227 -0.835711 2.058660
-0.075729 -0.483474 2.558620
0.203848 -0.561817 2.207780
0.279644 -0.766702 2.072410
0.268574 -0.835933 2.033310
-0.146057 -0.428572 2.649220
-0.123848 -0.411248 2.701800
-0.082096 -0.179965 2.886330
-0.093817 0.004005 2.919080
-0.239875 -0.297537 2.831900
-0.318455 -0.473064 2.748170
-0.117804 -0.460251 2.562750
0.009855 -0.449190 2.423730
0.075596 -0.272272 2.791620
0.216606 -0.414453 2.721490
0.230114 -0.580736 2.618330
0.218911 -0.613276 2.568720
-0.234679 -0.475748 2.631270
-0.171358 -0.575489 2.194620
-0.219993 -0.801071 2.096750
-0.155845 -0.819571 2.056640
-0.077779 -0.483326 2.560340
0.202234 -0.561406 2.209530
0.276762 -0.765360 2.076090
0.266590 -0.835401 2.034850
-0.148794 -0.429341 2.651050
-0.126134 -0.411556 2.703390
-0.082079 -0.179955 2.886370
-0.094251 0.004083 2.919390
-0.239963 -0.297660 2.832000
-0.324660 -0.471133 2.756310
-0.122951 -0.457990 2.571460
0.008122 -0.447195 2.428970
0.075491 -0.272327 2.791740
0.216621 -0.414313 2.721780
0.228721 -0.580651 2.616260
0.218007 -0.613080 2.567930
-0.241921 -0.477724 2.632050
-0.171808 -0.575070 2.196410
-0.221296 -0.799522 2.099810
-0.156221 -0.814612 2.056580
-0.081622 -0.484825 2.563680
0.199340 -0.560819 2.212790
0.270107 -0.763375 2.084020
0.261189 -0.833370 2.038250
-0.150769 -0.430003 2.652170
-0.128041 -0.411842 2.704570
-0.082075 -0.179941 2.886400
-0.094543 0.004155 2.919560
-0.240107 -0.297803 2.832160
-0.326256 -0.470550 2.758090
-0.124080 -0.457046 2.573670
0.008195 -0.446066 2.430390
0.075390 -0.272379 2.791870
0.216666 -0.414357 2.721910
0.227861 -0.581096 2.613940
0.217259 -0.613075 2.566860
-0.246461 -0.478962 2.632100
-0.172128 -0.574880 2.197260
-0.221532 -0.798560 2.101890
-0.156050 -0.811028 2.056470
-0.084259 -0.485952 2.566020
0.197291 -0.560401 2.215110
0.265685 -0.762056 2.089120
0.257058 -0.831736 2.040620
