0.108021 0.098121 1.939610
0.109915 0.165569 1.992420
0.102571 0.550783 2.000050
0.100162 0.721966 1.961020
-0.057115 0.431251 2.017480
-0.104300 0.150492 2.001330
-0.113091 -0.061025 1.948530
-0.105608 -0.125290 1.933600
0.261327 0.418397 1.997590
0.325065 0.136761 1.970080
0.345060 -0.071461 1.907400
0.328442 -0.156662 1.875060
0.037693 0.026802 1.934500
0.004974 -0.417286 1.973400
-0.009639 -0.749527 2.009080
-0.017552 -0.820479 1.974690
0.179375 0.026183 1.924070
0.218012 -0.419576 1.960950
0.224570 -0.748791 1.994440
0.220113 -0.780786 1.903110
0.108893 0.098430 1.941430
0.111126 0.166033 1.993920
0.103244 0.550677 2.000070
0.100196 0.721336 1.959670
-0.056426 0.431962 2.019890
-0.102862 0.150412 2.004290
-0.111928 -0.061155 1.951610
-0.104649 -0.124374 1.937140
0.262388 0.418563 1.997280
0.326358 0.137253 1.970250
0.346078 -0.071165 1.907940
0.329395 -0.156433 1.876110
0.038358 0.026877 1.936750
0.006087 -0.416639 1.975250
-0.009529 -0.749343 2.008720
-0.016749 -0.820725 1.975280
0.180487 0.026349 1.925960
0.219417 -0.418913 1.961830
0.224973 -0.748656 1.995260
0.219930 -0.781412 1.905830
0.109779 0.098676 1.943210
0.112350 0.166419 1.995410
0.104169 0.550428 2.000100
0.100320 0.720761 1.958490
-0.055729 0.432532 2.022000
-0.101406 0.150289 2.006900
-0.110829 -0.061281 1.954120
-0.103778 -0.123642 1.939780
0.263469 0.418689 1.997010
0.327631 0.137750 1.970460
0.347049 -0.070853 1.908470
0.330372 -0.156203 1.877190
0.039013 0.026928 1.938880
0.007375 -0.416010 1.977300
-0.009406 -0.749171 2.008410
-0.015898 -0.820969 1.975890
0.181620 0.026450 1.927820
0.220761 -0.418349 1.962800
0.225423 -0.748638 1.996010
0.219917 -0.782092 1.908010
0.110692 0.098868 1.944910
0.113585 0.166739 1.996850
0.105262 0.550093 2.000130
0.100481 0.720274 1.957520
-0.055038 0.433025 2.023880
-0.100081 0.150203 2.009040
-0.109867 -0.061355 1.956140
-0.102992 -0.123055 1.941780
0.264635 0.418731 1.996780
0.329004 0.138116 1.970690
0.347988 -0.070660 1.908980
0.331328 -0.156105 1.878180
0.039687 0.026950 1.940850
0.008579 -0.415534 1.979220
-0.009271 -0.749028 2.008150
-0.015145 -0.821210 1.976490
0.182778 0.026488 1.929620
0.222114 -0.417899 1.963950
0.225856 -0.748643 1.996690
0.219947 -0.782663 1.909730
0.111686 0.098978 1.946580
0.114859 0.166976 1.998280
0.106366 0.549720 2.000170
0.100715 0.719810 1.956660
-0.054270 0.433404 2.025500
-0.098916 0.150131 2.010790
-0.108917 -0.061414 1.957840
-0.102253 -0.122586 1.943300
0.265733 0.418741 1.996580
0.330329 0.138459 1.970940
0.348887 -0.070477 1.909500
0.332295 -0.156019 1.879140
0.040506 0.026940 1.942790
0.009613 -0.415127 1.980900
-0.009127 -0.748901 2.007930
-0.014397 -0.821437 1.977070
0.183990 0.026476 1.931380
0.223786 -0.417073 1.965390
0.226255 -0.748664 1.997300
0.219993 -0.783138 1.911080
0.112803 0.099023 1.948280
0.116220 0.167145 1.999750
0.107599 0.549298 2.000260
0.101140 0.719341 1.955840
-0.053529 0.433667 2.026840
-0.097880 0.150055 2.012230
-0.108042 -0.061470 1.959210
-0.101569 -0.122286 1.944440
0.266820 0.418730 1.996470
0.331920 0.138757 1.971330
0.349896 -0.070329 1.910080
0.333366 -0.155981 1.880140
0.041426 0.026896 1.944650
0.010563 -0.414692 1.982390
-0.008950 -0.748784 2.007740
-0.013747 -0.821635 1.977600
0.185348 0.026413 1.933210
0.225390 -0.416238 1.966850
0.226638 -0.748701 1.997870
0.220073 -0.783536 1.912160
0.114071 0.099145 1.950030
0.117674 0.167369 2.001310
0.109196 0.548861 2.000500
0.101739 0.718891 1.955110
-0.052782 0.433882 2.028020
-0.097015 0.149985 2.013360
-0.107231 -0.061526 1.960320
-0.100887 -0.122041 1.945310
0.268931 0.418735 1.996760
0.333533 0.138981 1.971820
0.350876 -0.070225 1.910660
0.334406 -0.155984 1.881070
0.042332 0.026899 1.946300
0.011394 -0.414308 1.983710
-0.008770 -0.748697 2.007580
-0.013176 -0.821824 1.978030
0.186944 0.026370 1.935220
0.227012 -0.415459 1.968390
0.227049 -0.748754 1.998400
0.220259 -0.783881 1.913050
0.115489 0.099298 1.951800
0.119229 0.167602 2.002910
0.111262 0.548355 2.000870
0.102764 0.718434 1.954460
-0.051892 0.434041 2.029060
-0.096241 0.149946 2.014260
-0.106454 -0.061555 1.961230
-0.100204 -0.121898 1.945950
0.271440 0.418882 1.997440
0.335335 0.139617 1.972650
0.352186 -0.069711 1.911510
0.335565 -0.155571 1.882150
0.043358 0.026942 1.947910
0.012143 -0.413893 1.984910
-0.008565 -0.748622 2.007420
-0.012339 -0.822038 1.978470
0.188637 0.026367 1.937240
0.228597 -0.414729 1.969940
0.227437 -0.748806 1.998890
0.220486 -0.784168 1.913760
0.116916 0.099430 1.953470
0.120756 0.167798 2.004430
0.113318 0.547863 2.001280
0.104069 0.718026 1.954000
-0.050905 0.434205 2.029970
-0.095513 0.149909 2.014980
-0.105737 -0.061581 1.961970
-0.099512 -0.121813 1.946400
0.273686 0.418981 1.998110
0.337086 0.140176 1.973600
0.353586 -0.069227 1.912470
0.336659 -0.155164 1.883170
0.044464 0.026995 1.949460
0.012781 -0.413535 1.985950
-0.008341 -0.748577 2.007270
-0.011606 -0.822248 1.978810
0.190262 0.026354 1.939110
0.230054 -0.414100 1.971420
0.227803 -0.748860 1.999320
0.220722 -0.784409 1.914340
0.118458 0.099513 1.955090
0.122316 0.167943 2.005900
0.115401 0.547396 2.001710
0.105672 0.717699 1.953760
-0.049527 0.434337 2.030770
-0.094836 0.149894 2.015570
-0.104981 -0.061586 1.962560
-0.098666 -0.121839 1.946680
0.276234 0.418963 1.999040
0.338751 0.140614 1.974610
0.355084 -0.068828 1.913570
0.337823 -0.154813 1.884280
0.045761 0.027006 1.951010
0.013396 -0.413251 1.986890
-0.008114 -0.748547 2.007150
-0.011265 -0.799090 1.942530
0.191947 0.026325 1.940910
0.231475 -0.413562 1.972950
0.228185 -0.748920 1.999740
0.221035 -0.784632 1.914850
0.120026 0.099567 1.956630
0.123860 0.168049 2.007310
0.117523 0.546963 2.002210
0.107310 0.717454 1.953680
-0.047744 0.434522 2.031500
-0.094184 0.149884 2.016050
-0.104192 -0.061582 1.963020
-0.097480 -0.122047 1.946710
0.279007 0.418877 2.000190
0.340490 0.140799 1.975750
0.356626 -0.068668 1.914730
0.339042 -0.154660 1.885390
0.047097 0.026991 1.952450
0.014039 -0.413067 1.987790
-0.007878 -0.748527 2.007030
-0.010909 -0.787529 1.924370
0.193631 0.026297 1.942620
0.232745 -0.413206 1.974380
0.228556 -0.748984 2.000130
0.221399 -0.784833 1.915290
0.121722 0.099598 1.958130
0.125496 0.168124 2.008730
0.119708 0.546616 2.002890
0.109352 0.717317 1.953880
-0.045631 0.434681 2.032130
-0.093490 0.149891 2.016440
-0.103245 -0.061555 1.963360
-0.095980 -0.122266 1.946440
0.281674 0.418799 2.001420
0.342346 0.140926 1.977130
0.358005 -0.068547 1.915890
0.340199 -0.154540 1.886520
0.048593 0.026974 1.953820
0.014829 -0.412990 1.988710
-0.007626 -0.748516 2.006920
-0.010630 -0.782377 1.916250
0.195417 0.026281 1.944320
0.233939 -0.413030 1.975710
0.228925 -0.749061 2.000490
0.221810 -0.785026 1.915670
0.123439 0.099601 1.959540
0.127117 0.168162 2.010080
0.121921 0.546329 2.003700
0.111714 0.717265 1.954260
-0.043330 0.434814 2.032650
-0.092607 0.149951 2.016770
-0.101932 -0.061443 1.963500
-0.094058 -0.122648 1.945700
0.284417 0.418712 2.002840
0.344175 0.141091 1.978580
0.359218 -0.068394 1.917010
0.341243 -0.154374 1.887550
0.050100 0.026955 1.955030
0.015721 -0.413027 1.989620
-0.007385 -0.748512 2.006830
-0.010451 -0.779278 1.911370
0.197236 0.026244 1.945980
0.235107 -0.413060 1.977070
0.229334 -0.749138 2.000840
0.222342 -0.785205 1.916020
0.125239 0.099591 1.960920
0.128779 0.168173 2.011430
0.124313 0.546091 2.004730
0.114323 0.717330 1.954920
-0.040703 0.434898 2.033060
-0.091568 0.150055 2.017010
-0.100418 -0.061275 1.963500
-0.091937 -0.123169 1.944630
0.287447 0.418671 2.004600
0.345816 0.141196 1.980000
0.360301 -0.068288 1.918130
0.342174 -0.154230 1.888490
0.051648 0.026936 1.956130
0.016612 -0.413102 1.990440
-0.007086 -0.748549 2.006750
-0.010195 -0.777221 1.908070
0.199158 0.026214 1.947660
0.236086 -0.413143 1.978240
0.229758 -0.749243 2.001190
0.222987 -0.785405 1.916360
0.127222 0.099503 1.962310
0.130578 0.168108 2.012810
0.126722 0.545878 2.005870
0.117238 0.717457 1.955740
-0.037239 0.434979 2.033360
-0.090410 0.150156 2.017170
-0.098647 -0.061092 1.963260
-0.089656 -0.123671 1.943350
0.290250 0.418636 2.006320
0.347770 0.141228 1.981750
0.361353 -0.068213 1.919230
0.343048 -0.154092 1.889330
0.053442 0.026884 1.957240
0.017484 -0.413225 1.991200
-0.006486 -0.748712 2.006840
-0.004684 -0.803817 1.948300
0.201213 0.026162 1.949360
0.237097 -0.413201 1.979390
0.230193 -0.749357 2.001520
0.223699 -0.785603 1.916660
0.129280 0.099378 1.963710
0.132432 0.168017 2.014170
0.128986 0.545673 2.006890
0.119968 0.717641 1.956600
-0.033840 0.435120 2.033650
-0.089228 0.150258 2.017250
-0.096448 -0.060877 1.962770
-0.087152 -0.124109 1.941880
0.292693 0.418624 2.007860
0.349727 0.141386 1.983540
0.362188 -0.068049 1.920170
0.343769 -0.153878 1.890050
0.055423 0.026802 1.958380
0.018600 -0.413589 1.992140
-0.005889 -0.748905 2.006960
-0.001012 -0.821468 1.974950
0.203323 0.026127 1.951120
0.238061 -0.413271 1.980480
0.230680 -0.749481 2.001920
0.224478 -0.785800 1.917020
0.131576 0.099204 1.965220
0.134463 0.167890 2.015620
0.131589 0.545425 2.007900
0.123290 0.717846 1.957620
-0.030605 0.435247 2.033870
-0.087841 0.150351 2.017280
-0.094189 -0.060693 1.962240
-0.084170 -0.124523 1.940180
0.296169 0.418355 2.009940
0.351558 0.141449 1.985190
0.362905 -0.067933 1.920950
0.344357 -0.153708 1.890630
0.057521 0.026657 1.959560
0.020134 -0.414238 1.993290
-0.003322 -0.749840 2.009110
-0.000464 -0.826104 1.982320
0.205810 0.025981 1.953170
0.238946 -0.413370 1.981480
0.231192 -0.749615 2.002290
0.225395 -0.786013 1.917360
0.133946 0.099050 1.966780
0.136581 0.167801 2.017060
0.134404 0.545151 2.008650
0.126900 0.718035 1.958560
-0.027786 0.435393 2.034030
-0.086056 0.150547 2.017330
-0.091679 -0.060408 1.961760
-0.081060 -0.124739 1.938630
0.299413 0.418097 2.011780
0.353145 0.141495 1.986610
0.363903 -0.067799 1.921740
0.345113 -0.153496 1.891180
0.059657 0.026496 1.960860
0.021834 -0.415056 1.994570
0.001166 -0.751664 2.014210
-0.001364 -0.826827 1.986280
0.208423 0.025816 1.955310
0.240084 -0.413534 1.982650
0.231747 -0.749762 2.002640
0.226375 -0.786242 1.917680
0.136349 0.098913 1.968390
0.138704 0.167759 2.018450
0.137124 0.544847 2.009010
0.130129 0.718102 1.959190
-0.025183 0.435590 2.034090
-0.083630 0.150786 2.017400
-0.088736 -0.060102 1.961310
-0.077700 -0.124831 1.937360
0.302169 0.417899 2.013200
0.354939 0.141399 1.988010
0.364815 -0.067753 1.922390
0.345839 -0.153360 1.891610
0.062032 0.026302 1.962540
0.024317 -0.416424 1.996480
0.005003 -0.753292 2.018730
-0.003068 -0.824085 1.986660
0.211027 0.025663 1.957470
0.241400 -0.413757 1.983950
0.232425 -0.749951 2.002990
0.227490 -0.786531 1.917990
0.138917 0.098745 1.970230
0.140947 0.167754 2.019870
0.139937 0.544493 2.008940
0.133227 0.718057 1.959450
-0.022743 0.435631 2.033980
-0.080749 0.150888 2.017520
-0.085975 -0.059960 1.961000
-0.074437 -0.125010 1.936430
0.304368 0.417781 2.014190
0.356573 0.141348 1.989180
0.365625 -0.067686 1.922910
0.346557 -0.153192 1.891890
0.064787 0.026056 1.964800
0.027280 -0.418034 1.998790
0.007213 -0.754129 2.020890
-0.004383 -0.821626 1.985270
0.213745 0.025486 1.959950
0.243093 -0.413962 1.985580
0.233065 -0.750129 2.003310
0.228501 -0.786813 1.918270
0.141535 0.098596 1.972320
0.143139 0.167823 2.021170
0.143040 0.543797 2.008090
0.136696 0.717591 1.958740
-0.020394 0.435645 2.033680
-0.077641 0.150840 2.017680
-0.082808 -0.060039 1.961070
-0.070193 -0.125713 1.935840
0.306581 0.417771 2.014870
0.358237 0.141220 1.990180
0.366267 -0.067667 1.923260
0.347143 -0.153082 1.892050
0.067639 0.025799 1.967640
0.030042 -0.419398 2.000920
0.008723 -0.754720 2.022330
-0.005517 -0.818939 1.982730
0.216678 0.025270 1.962960
0.245036 -0.414209 1.987440
0.233741 -0.750311 2.003620
0.229509 -0.787125 1.918550
0.144330 0.098260 1.974940
0.145369 0.167857 2.022380
0.146656 0.542477 2.006140
0.140879 0.715991 1.955680
-0.017982 0.435355 2.033070
-0.074345 0.150556 2.018000
-0.079356 -0.060414 1.961530
-0.065735 -0.126710 1.935900
0.308697 0.417767 2.015130
0.360007 0.141073 1.990980
0.366708 -0.067648 1.923470
0.347550 -0.153003 1.892130
0.070865 0.025195 1.971890
0.032446 -0.420424 2.002720
0.009678 -0.754801 2.021390
-0.005960 -0.818928 1.982000
0.219766 0.024812 1.966680
0.247180 -0.414329 1.989470
0.234388 -0.750492 2.003900
0.230424 -0.787470 1.918830
0.147231 0.097609 1.978250
0.147583 0.167810 2.023400
0.150931 0.539885 2.002270
0.145271 0.712645 1.949060
-0.015594 0.434874 2.032160
-0.071016 0.150008 2.018410
-0.075149 -0.061212 1.962460
-0.060959 -0.128316 1.936970
0.311025 0.417622 2.014660
0.362157 0.140606 1.991550
0.367121 -0.067752 1.923550
0.347873 -0.153029 1.892130
0.074152 0.024187 1.977650
0.034512 -0.421186 2.004230
0.010182 -0.754636 2.019370
-0.005811 -0.819234 1.980750
0.223043 0.023839 1.971610
0.249418 -0.414418 1.991570
0.235061 -0.750634 2.004120
0.231253 -0.787814 1.919060
0.150332 0.096308 1.982740
0.149869 0.167499 2.024240
0.155775 0.534767 1.995790
0.148970 0.707819 1.939520
-0.012987 0.434045 2.030680
-0.067283 0.148832 2.018970
-0.070014 -0.062925 1.964190
-0.055003 -0.131543 1.939700
0.313837 0.417057 2.012850
0.365263 0.139707 1.991680
0.367578 -0.068069 1.923470
0.348129 -0.153205 1.892050
0.077427 0.022526 1.985130
0.036450 -0.421766 2.005600
0.010399 -0.754381 2.016890
-0.005446 -0.819721 1.979340
0.226548 0.021885 1.978650
0.251893 -0.414400 1.993670
0.235711 -0.750721 2.004240
0.231932 -0.788145 1.919230
0.153432 0.094296 1.988300
0.152159 0.166835 2.024900
0.160640 0.526150 1.986190
0.151577 0.700102 1.925550
-0.009800 0.432015 2.027880
-0.063283 0.146728 2.019770
-0.064450 -0.065768 1.966550
-0.048220 -0.135566 1.944090
0.316966 0.415860 2.009400
0.368603 0.138219 1.991120
0.368143 -0.068945 1.923120
0.348278 -0.153192 1.892040
0.080373 0.020186 1.994060
0.038321 -0.422012 2.006860
0.010367 -0.754035 2.013950
-0.004465 -0.820416 1.977500
0.230038 0.019075 1.987380
0.254264 -0.414463 1.995610
0.236307 -0.750762 2.004270
0.232507 -0.788505 1.919340
0.156563 0.090903 1.995500
0.154750 0.165211 2.025670
0.164332 0.513763 1.974740
0.153267 0.690043 1.908380
-0.006619 0.428096 2.023760
-0.058506 0.142687 2.020940
-0.058580 -0.070582 1.969710
-0.041932 -0.140327 1.949770
0.320830 0.412111 2.002930
0.372923 0.134822 1.989180
0.368960 -0.071804 1.922190
0.348367 -0.153232 1.892040
0.082995 0.016297 2.005400
0.039875 -0.422110 2.007930
0.010527 -0.753308 2.009730
0.001106 -0.803736 1.937780
0.233602 0.014483 1.998280
0.256434 -0.414745 1.997470
0.236890 -0.750750 2.004170
0.232965 -0.788903 1.919400
0.159866 0.085476 2.004990
0.157836 0.161871 2.027000
0.166806 0.500521 1.963420
0.153594 0.679776 1.892770
-0.003407 0.420461 2.017340
-0.053684 0.136140 2.022750
-0.050386 -0.079207 1.975850
-0.037500 -0.144606 1.956620
0.324816 0.405455 1.994390
0.378509 0.127948 1.985150
0.370255 -0.078763 1.920830
0.348315 -0.153759 1.892190
0.085519 0.010754 2.019240
0.041245 -0.421996 2.008920
0.011000 -0.752372 2.005000
0.004726 -0.795425 1.916010
0.237364 0.007403 2.012210
0.258743 -0.415119 1.999600
0.237567 -0.750667 2.003880
0.233438 -0.789430 1.919390
0.162755 0.078886 2.015030
0.161019 0.156501 2.028920
0.166772 0.480251 1.948540
0.153049 0.665479 1.874840
-0.000867 0.409774 2.009670
-0.049385 0.128638 2.024770
-0.044214 -0.088165 1.982750
-0.034721 -0.148515 1.965410
0.328442 0.396000 1.985010
0.383698 0.119113 1.980470
0.371374 -0.088509 1.919430
0.347877 -0.156982 1.893330
0.087797 0.004045 2.033690
0.042510 -0.421729 2.009970
0.012073 -0.750982 1.999900
0.006972 -0.791687 1.905550
0.240635 -0.000057 2.025860
0.261286 -0.415716 2.002060
0.238335 -0.750529 2.003410
0.233973 -0.790241 1.919340
0.165565 0.067865 2.027800
0.164695 0.144924 2.032990
0.166495 0.458897 1.936110
0.151360 0.645585 1.856850
0.001223 0.390751 1.998670
-0.045598 0.115127 2.027660
-0.039344 -0.102628 1.991840
-0.033974 -0.167166 1.979260
0.331551 0.382027 1.974890
0.388542 0.104398 1.974360
0.372278 -0.105294 1.918130
0.347084 -0.167867 1.896950
0.089902 -0.006807 2.050410
0.043646 -0.421249 2.011240
0.013478 -0.749395 1.995090
0.008553 -0.789515 1.899200
0.243541 -0.010377 2.041610
0.263770 -0.416216 2.004330
0.239252 -0.750317 2.002630
0.234713 -0.791383 1.919210
0.168319 0.054309 2.040390
0.168375 0.128783 2.038290
0.165896 0.436266 1.926350
0.149103 0.620902 1.840490
0.002465 0.368184 1.988090
-0.042205 0.092886 2.033050
-0.035509 -0.124398 2.002850
-0.033364 -0.191564 1.992450
0.332078 0.360082 1.962850
0.391443 0.091854 1.970160
0.371957 -0.124237 1.918090
0.346042 -0.183217 1.901420
0.092406 -0.018525 2.065320
0.045552 -0.419175 2.014380
0.015522 -0.747424 1.990600
0.010048 -0.788091 1.894880
0.246044 -0.021533 2.055650
0.266069 -0.416813 2.006290
0.240549 -0.750000 2.001310
0.235636 -0.792802 1.918860
0.170930 0.039893 2.051380
0.171331 0.110882 2.043600
0.164748 0.410044 1.918190
0.147061 0.594323 1.828320
0.002774 0.340418 1.977290
-0.041182 0.077061 2.036060
-0.033471 -0.140407 2.011730
-0.034605 -0.209797 2.004730
0.331844 0.339756 1.954640
0.392063 0.059326 1.964970
0.367831 -0.168123 1.921090
0.338519 -0.223266 1.904190
0.095149 -0.031539 2.078430
0.047995 -0.415141 2.019940
0.017350 -0.745801 1.987280
0.012120 -0.787777 1.892750
0.248805 -0.033927 2.068960
0.268149 -0.417614 2.007700
0.242263 -0.749366 1.999160
0.237091 -0.794375 1.918120
0.172578 0.020070 2.062950
0.172757 0.087121 2.049930
0.161752 0.378870 1.911860
0.145585 0.569572 1.819770
0.002848 0.318081 1.969530
-0.040658 0.052051 2.040900
-0.031319 -0.165152 2.023400
-0.034851 -0.236002 2.020830
0.330376 0.312471 1.947450
0.391919 0.033149 1.964070
0.366693 -0.188393 1.923430
0.337829 -0.245899 1.909140
0.097781 -0.049399 2.091970
0.050435 -0.412789 2.024680
0.018861 -0.744698 1.985160
0.014570 -0.789037 1.893460
0.250314 -0.050268 2.082790
0.270105 -0.418874 2.008310
0.244611 -0.748309 1.995440
0.238897 -0.796056 1.916580
0.172554 -0.002163 2.073820
0.172119 0.062314 2.056170
0.158109 0.348415 1.907340
0.141771 0.536176 1.812090
0.003243 0.291692 1.962230
-0.041640 0.031651 2.043830
-0.031644 -0.185631 2.033860
-0.037257 -0.254902 2.030510
0.328707 0.285327 1.942630
0.391263 0.014065 1.964970
0.365840 -0.203100 1.926040
0.340725 -0.265665 1.916210
0.099191 -0.069763 2.105020
0.052789 -0.413471 2.028410
0.019944 -0.743696 1.983460
0.016464 -0.790604 1.895020
0.249939 -0.069545 2.096420
0.271560 -0.420165 2.008420
0.247111 -0.746476 1.989920
0.241023 -0.797474 1.913920
0.172800 -0.026419 2.083930
0.171483 0.035696 2.062210
0.155209 0.309544 1.902070
0.139812 0.501250 1.807400
0.004148 0.261184 1.956590
-0.045131 0.005794 2.047590
-0.036250 -0.210725 2.042150
-0.041773 -0.279889 2.042070
0.327656 0.261377 1.941130
0.390784 -0.014798 1.970490
0.365348 -0.226362 1.930910
0.345780 -0.293732 1.923770
0.100932 -0.092469 2.117580
0.054946 -0.421252 2.031430
0.020618 -0.742971 1.982200
0.018008 -0.792910 1.897500
0.249881 -0.091271 2.109930
0.271406 -0.423871 2.007110
0.250691 -0.742072 1.979430
0.243237 -0.797909 1.910500
0.173473 -0.052761 2.093620
0.171378 0.007235 2.068630
0.153474 0.275625 1.900540
0.136382 0.463578 1.804420
0.002061 0.219179 1.954740
-0.052107 -0.025000 2.050340
-0.044741 -0.240889 2.048720
-0.045073 -0.308133 2.050280
0.325156 0.217529 1.940520
0.391697 -0.044378 1.977910
0.365807 -0.252984 1.935890
0.356956 -0.326582 1.936360
0.103147 -0.119139 2.130390
0.056044 -0.442307 2.032700
0.017936 -0.767119 1.977580
0.012944 -0.845088 1.902500
0.250431 -0.115700 2.122850
0.275309 -0.435450 1.995220
0.253449 -0.736611 1.967810
0.246630 -0.796579 1.901400
0.174629 -0.084745 2.107090
0.171369 -0.024629 2.078340
0.150786 0.243510 1.901920
0.132952 0.431330 1.803840
-0.001675 0.183825 1.956350
-0.064252 -0.066952 2.051710
-0.053165 -0.281889 2.055480
-0.041741 -0.347348 2.053140
0.323045 0.189173 1.940780
0.393436 -0.071075 1.985810
0.369271 -0.280513 1.942860
0.366152 -0.353725 1.945800
0.106536 -0.150149 2.145600
0.043345 -0.469768 2.031560
0.016600 -0.795475 1.974200
0.012831 -0.882593 1.905630
0.251487 -0.147854 2.141870
0.279537 -0.452202 1.980910
0.251695 -0.767588 1.957510
0.244736 -0.838873 1.894470
0.175998 -0.110662 2.117180
0.171824 -0.052279 2.086470
0.147546 0.209894 1.905240
0.127993 0.389300 1.805880
-0.004576 0.151804 1.960010
-0.075050 -0.096693 2.054850
-0.054293 -0.308117 2.058700
-0.045482 -0.375397 2.054480
0.319994 0.154103 1.943570
0.397547 -0.100227 1.995520
0.372890 -0.310447 1.951810
0.370070 -0.379157 1.951570
0.109807 -0.175597 2.156530
0.030383 -0.491678 2.027270
0.014924 -0.819867 1.971300
0.013046 -0.907873 1.908040
0.252703 -0.170421 2.154120
0.282220 -0.466669 1.969670
0.249956 -0.792721 1.950270
0.242894 -0.866156 1.890860
0.175549 -0.142147 2.132790
0.170278 -0.084874 2.099750
0.140894 0.171983 1.912690
0.124723 0.359045 1.809290
-0.008316 0.124643 1.965540
-0.084330 -0.118722 2.059540
-0.055126 -0.327870 2.061470
-0.048059 -0.395576 2.053390
0.316419 0.124072 1.946430
0.399799 -0.122213 2.006490
0.375594 -0.333163 1.962290
0.378850 -0.402254 1.963390
0.111397 -0.204741 2.172450
0.020006 -0.509301 2.020700
0.011968 -0.840637 1.968730
0.012665 -0.926239 1.911340
0.252652 -0.202652 2.174210
0.282886 -0.480675 1.960050
0.247343 -0.813286 1.949090
0.241093 -0.884824 1.890030
0.176432 -0.164063 2.141210
0.170485 -0.108702 2.107350
0.137300 0.141700 1.919670
0.121680 0.325123 1.815950
-0.013504 0.091495 1.975940
-0.092093 -0.136651 2.065220
-0.058045 -0.345312 2.063570
-0.056206 -0.414418 2.051930
0.314470 0.091270 1.951360
0.404959 -0.152119 2.017780
0.375225 -0.362432 1.973450
0.382937 -0.427995 1.968000
0.113474 -0.227652 2.181250
0.009336 -0.524425 2.013700
0.010350 -0.857907 1.967000
0.013844 -0.939610 1.914680
0.254362 -0.224066 2.184630
0.282494 -0.493470 1.951780
0.244739 -0.827739 1.950600
0.239109 -0.898197 1.890840
0.181020 -0.196446 2.150290
0.174261 -0.141099 2.116160
0.137404 0.113483 1.929130
0.119174 0.293290 1.823350
-0.017869 0.059310 1.987890
-0.104066 -0.166410 2.080200
-0.060809 -0.371826 2.064630
-0.063881 -0.439818 2.048790
0.313279 0.061630 1.957190
0.409095 -0.170827 2.025410
0.373705 -0.378486 1.977780
0.382590 -0.444341 1.970320
0.119850 -0.267421 2.191400
-0.005542 -0.543160 2.003660
0.011395 -0.875746 1.966400
0.021361 -0.952900 1.919970
0.259527 -0.252284 2.193260
0.281566 -0.509063 1.941560
0.242319 -0.839046 1.955940
0.237145 -0.908182 1.894420
0.183463 -0.217205 2.155110
0.176504 -0.163711 2.121150
0.138817 0.080689 1.939610
0.117174 0.270176 1.831120
-0.020966 0.032289 1.998890
-0.114637 -0.192194 2.094310
-0.061026 -0.393788 2.064500
-0.071509 -0.460921 2.049370
0.313120 0.029865 1.965840
0.417699 -0.209570 2.043400
0.367217 -0.404203 1.974860
0.380574 -0.461800 1.968080
0.122013 -0.288743 2.196270
-0.015553 -0.557696 2.000500
0.015945 -0.891979 1.966220
0.032051 -0.964655 1.923690
0.263433 -0.272932 2.198060
0.280385 -0.521634 1.934180
0.240507 -0.847647 1.961930
0.235407 -0.916012 1.899120
0.185754 -0.243325 2.159860
0.178826 -0.190285 2.126760
0.141102 0.055882 1.950770
0.114003 0.234617 1.848400
-0.021755 0.006834 2.010580
-0.120111 -0.206408 2.102500
-0.062288 -0.407640 2.065200
-0.075606 -0.473751 2.048560
0.313252 0.002582 1.974840
0.421393 -0.226998 2.051640
0.363509 -0.417454 1.972700
0.378287 -0.473928 1.965610
0.122497 -0.316791 2.201350
-0.024589 -0.573594 1.995870
0.025006 -0.908811 1.969590
0.052920 -0.975398 1.929790
0.267571 -0.298056 2.200520
0.278974 -0.535984 1.925940
0.238264 -0.853701 1.972100
0.232990 -0.921184 1.907490
0.187552 -0.266899 2.165400
0.180807 -0.214682 2.133180
0.144085 0.030366 1.963950
0.112638 0.209187 1.863220
-0.023035 -0.022608 2.028230
-0.124387 -0.224952 2.116060
-0.062502 -0.422972 2.065220
-0.072786 -0.488902 2.044870
0.313872 -0.026931 1.987640
0.426153 -0.242273 2.056250
0.359179 -0.428911 1.969290
0.343143 -0.485572 1.941830
0.122309 -0.340035 2.207000
-0.030942 -0.583399 1.991130
0.033003 -0.919794 1.974450
0.069927 -0.978674 1.934300
0.271556 -0.323916 2.204470
0.278294 -0.548997 1.920320
0.235999 -0.857660 1.983750
0.230159 -0.924424 1.917980
0.193241 -0.297608 2.179430
0.186219 -0.246131 2.148120
0.147893 -0.002118 1.985800
0.113291 0.188178 1.881470
-0.022497 -0.043406 2.042330
-0.126687 -0.240870 2.129580
-0.061725 -0.436190 2.067460
-0.069024 -0.497525 2.037690
0.316298 -0.052447 2.001680
0.433294 -0.260012 2.067440
0.357405 -0.436582 1.966650
0.323365 -0.488188 1.924980
0.128512 -0.370379 2.223050
-0.034422 -0.588729 1.988750
0.056258 -0.904303 2.002680
0.075368 -0.970759 1.945040
0.278079 -0.355628 2.215320
0.277908 -0.556198 1.916340
0.235284 -0.857764 1.992510
0.228846 -0.924014 1.926240
0.196341 -0.318977 2.190400
0.189606 -0.267799 2.159840
0.153638 -0.024417 2.004340
0.115899 0.167169 1.905530
-0.019231 -0.066022 2.061000
-0.127228 -0.259155 2.149490
-0.060137 -0.447902 2.070040
-0.058993 -0.505095 2.031750
0.319431 -0.074873 2.018390
0.438789 -0.271622 2.073770
0.359068 -0.446090 1.967210
0.317159 -0.492027 1.920390
0.131063 -0.390972 2.235010
-0.036648 -0.592989 1.987060
0.069021 -0.895832 2.020450
0.078062 -0.963976 1.954540
0.281053 -0.377680 2.223300
0.277901 -0.560713 1.913130
0.236044 -0.855004 1.999310
0.229055 -0.920626 1.932580
0.200305 -0.346630 2.210500
0.193495 -0.294810 2.180660
0.157164 -0.046266 2.029710
0.119964 0.147329 1.932860
-0.014563 -0.090203 2.087330
-0.127262 -0.273601 2.168260
-0.059727 -0.462010 2.080290
-0.052886 -0.510710 2.031930
0.323087 -0.096515 2.038840
0.447789 -0.287223 2.085500
0.362345 -0.454826 1.968300
0.313611 -0.495700 1.917780
0.135485 -0.423128 2.260470
-0.037561 -0.594887 1.985610
0.072893 -0.887820 2.030660
0.073532 -0.953287 1.961930
0.284454 -0.401667 2.235660
0.278236 -0.563228 1.910780
0.238259 -0.850435 2.003200
0.230596 -0.915330 1.936030
0.202250 -0.363914 2.223910
0.195700 -0.312192 2.195510
0.161916 -0.063308 2.058370
0.129334 0.129317 1.973550
-0.009465 -0.107980 2.113800
-0.125172 -0.290071 2.192600
-0.060393 -0.475540 2.091400
-0.044802 -0.516709 2.036560
0.329630 -0.121032 2.068670
0.458828 -0.307722 2.108380
0.363843 -0.459127 1.968820
0.311961 -0.497953 1.916710
0.136459 -0.439950 2.272960
-0.037847 -0.595713 1.984650
0.073772 -0.880733 2.038380
0.067428 -0.943253 1.967750
0.286960 -0.420993 2.246970
0.279469 -0.563295 1.909170
0.251119 -0.820884 1.943910
0.241451 -0.883424 1.875060
0.203826 -0.376231 2.234020
0.197690 -0.324944 2.207780
0.167448 -0.075763 2.089790
0.139879 0.119395 2.015190
-0.002855 -0.126627 2.152480
-0.120449 -0.304204 2.215330
-0.061881 -0.490474 2.107830
-0.041668 -0.545130 2.069420
0.337770 -0.138925 2.097250
0.467074 -0.321992 2.125410
0.365245 -0.461964 1.970790
0.312357 -0.499418 1.918850
0.136327 -0.453524 2.282810
-0.037995 -0.596286 1.984460
0.073253 -0.875151 2.044150
0.061526 -0.935100 1.972040
0.289677 -0.435157 2.254690
0.282097 -0.562041 1.908230
0.259651 -0.807907 1.914500
0.248653 -0.867899 1.842980
0.205815 -0.389635 2.247210
0.200604 -0.338968 2.225210
0.176380 -0.086621 2.133560
0.153456 0.108572 2.062240
0.004797 -0.140704 2.192970
-0.113520 -0.320417 2.246540
-0.061414 -0.502217 2.124740
-0.032947 -0.552364 2.073660
0.348057 -0.158705 2.135250
0.476180 -0.339754 2.142020
0.367103 -0.464911 1.974350
0.314782 -0.501641 1.923640
0.134946 -0.466564 2.292440
-0.038090 -0.595904 1.985340
0.070904 -0.870174 2.048060
0.055073 -0.927494 1.974300
0.293995 -0.451596 2.263980
0.288202 -0.558862 1.909080
0.264133 -0.800918 1.898420
0.252306 -0.858594 1.824550
0.209224 -0.403545 2.264410
0.205619 -0.352983 2.247780
0.189326 -0.094307 2.179770
0.168289 0.102523 2.111340
0.016520 -0.154373 2.240030
-0.105277 -0.332668 2.274370
-0.060566 -0.509598 2.138410
-0.036005 -0.560832 2.091160
0.360362 -0.176080 2.174750
0.483525 -0.354101 2.157870
0.371417 -0.468075 1.982520
0.320534 -0.504497 1.932860
0.133485 -0.480167 2.304030
-0.037556 -0.592801 1.989170
0.065592 -0.865566 2.049800
0.046215 -0.920086 1.974210
0.299161 -0.467693 2.274530
0.295897 -0.555414 1.912990
0.266715 -0.796898 1.890850
0.254294 -0.853395 1.816080
0.214150 -0.414797 2.280020
0.212033 -0.363870 2.267530
0.202846 -0.100936 2.220370
0.185073 0.097601 2.158250
0.028327 -0.164773 2.279130
-0.097013 -0.342772 2.302190
-0.058826 -0.512753 2.149720
-0.043368 -0.559830 2.101250
0.368454 -0.188433 2.204610
0.497244 -0.366491 2.188380
0.386608 -0.466338 2.008070
0.334833 -0.504643 1.954140
0.133356 -0.490245 2.313110
-0.037605 -0.588077 1.995910
0.059470 -0.861713 2.050130
0.037860 -0.913670 1.972900
0.305614 -0.481036 2.284240
0.306257 -0.551851 1.919440
0.268575 -0.793997 1.885410
0.255591 -0.849430 1.809900
0.220358 -0.424028 2.296560
0.219399 -0.372228 2.287550
0.213828 -0.104268 2.253800
0.200066 0.096215 2.202110
0.042424 -0.171733 2.318290
-0.087601 -0.351881 2.323820
-0.058115 -0.514303 2.156720
-0.057064 -0.556134 2.109350
0.379127 -0.194749 2.242250
0.503025 -0.373716 2.203680
0.392439 -0.466749 2.023250
0.343280 -0.505659 1.970610
0.134912 -0.499671 2.323960
-0.036468 -0.580965 2.006880
0.051328 -0.858314 2.050430
0.029069 -0.907975 1.971870
0.311864 -0.490990 2.293360
0.314540 -0.548650 1.927110
0.269308 -0.792027 1.884680
0.255925 -0.845831 1.806450
0.228422 -0.429826 2.316940
0.229078 -0.376749 2.312420
0.230643 -0.102852 2.298860
0.216455 0.101458 2.250750
0.056550 -0.174960 2.356220
-0.073786 -0.359666 2.348930
-0.058230 -0.513534 2.168570
-0.066612 -0.548751 2.117850
0.392926 -0.197652 2.283530
0.506778 -0.386113 2.221230
0.395544 -0.467646 2.035040
0.348943 -0.506910 1.984240
0.137847 -0.506379 2.336610
-0.034220 -0.572876 2.021800
0.044032 -0.856300 2.049000
0.021828 -0.903620 1.969210
0.319613 -0.498590 2.306010
0.321678 -0.544081 1.939730
0.269315 -0.789767 1.890350
0.255579 -0.841422 1.806700
0.237658 -0.431527 2.338440
0.239003 -0.376865 2.336070
0.242250 -0.097954 2.329080
0.229194 0.111570 2.291240
0.068188 -0.173113 2.387040
-0.061130 -0.363065 2.368660
-0.060672 -0.509319 2.182410
-0.079091 -0.544208 2.132860
0.400662 -0.197370 2.307470
0.507197 -0.391576 2.234930
0.409506 -0.483673 2.055830
0.362026 -0.517807 2.003750
0.145260 -0.509813 2.356890
-0.027923 -0.563552 2.044300
0.034288 -0.855270 2.049680
0.012474 -0.900414 1.968900
0.327052 -0.502443 2.318810
0.326077 -0.540477 1.953270
0.268086 -0.787957 1.902360
0.253671 -0.836851 1.812140
0.246769 -0.427357 2.367420
0.248811 -0.371013 2.366780
0.257082 -0.085724 2.369860
0.239944 0.122789 2.326760
0.079002 -0.168008 2.416240
-0.038152 -0.358832 2.395000
-0.063082 -0.496700 2.207070
-0.082631 -0.537431 2.151220
0.413868 -0.188985 2.349080
0.505445 -0.389534 2.256570
0.425447 -0.490386 2.076610
0.377379 -0.524397 2.024570
0.152543 -0.506362 2.384270
-0.018693 -0.554778 2.069620
0.024672 -0.855480 2.048830
0.004895 -0.898539 1.967300
0.335417 -0.501734 2.341860
0.328196 -0.535662 1.978530
0.259994 -0.809583 1.961000
0.244724 -0.851691 1.872420
0.253135 -0.420728 2.389570
0.255886 -0.363416 2.390670
0.266764 -0.076564 2.398710
0.251285 0.135066 2.361730
0.093827 -0.154391 2.456900
-0.023286 -0.353074 2.412150
-0.062231 -0.484938 2.225620
-0.105750 -0.521296 2.196480
0.421064 -0.184231 2.370380
0.502168 -0.383445 2.276640
0.435956 -0.489922 2.090290
0.388779 -0.525710 2.039930
0.158093 -0.497615 2.407560
-0.010815 -0.549273 2.090300
0.016200 -0.856654 2.046290
-0.003996 -0.897921 1.964090
0.341190 -0.498808 2.359580
0.328118 -0.532754 1.997330
0.257462 -0.819560 1.985380
0.239405 -0.859045 1.899230
0.259194 -0.411650 2.412660
0.262576 -0.353314 2.417050
0.273830 -0.063874 2.431580
0.265884 0.149082 2.399160
0.101154 -0.147796 2.478910
-0.008667 -0.347675 2.426860
-0.061862 -0.472380 2.240740
-0.119830 -0.506010 2.232580
0.428000 -0.178852 2.392340
0.497636 -0.377445 2.293480
0.443161 -0.485457 2.100740
0.396922 -0.524102 2.051690
0.164000 -0.487912 2.430320
-0.001482 -0.544669 2.111130
0.009110 -0.857538 2.042670
-0.010752 -0.897254 1.959940
0.347077 -0.491508 2.379960
0.326881 -0.529615 2.018200
0.256399 -0.825022 1.997190
0.237529 -0.862757 1.911380
0.263005 -0.404221 2.429460
0.267811 -0.345119 2.439520
0.284892 -0.052991 2.469920
0.276472 0.158837 2.428520
0.110061 -0.139355 2.505440
0.003253 -0.342441 2.437840
-0.059177 -0.463972 2.253290
-0.124318 -0.499828 2.245300
0.434332 -0.172747 2.414850
0.494231 -0.370097 2.308560
0.443128 -0.475023 2.113850
0.400428 -0.519178 2.064210
0.167307 -0.480614 2.445110
0.004849 -0.541870 2.124630
0.003273 -0.858124 2.038950
-0.016739 -0.896379 1.955600
0.350287 -0.484698 2.394490
0.325662 -0.527725 2.031950
0.255735 -0.828631 2.004510
0.236238 -0.864890 1.918840
0.265285 -0.398729 2.441740
0.271527 -0.339532 2.457360
0.292168 -0.047027 2.495020
0.285833 0.165568 2.458720
0.117601 -0.134448 2.531460
0.013926 -0.337222 2.446300
-0.055455 -0.456640 2.263480
-0.095718 -0.491493 2.235910
0.439796 -0.168439 2.437590
0.491023 -0.363621 2.319840
0.443411 -0.466578 2.123200
0.402972 -0.513695 2.074490
0.168966 -0.475389 2.455350
0.008484 -0.540258 2.133170
-0.001160 -0.858389 2.035080
-0.021439 -0.895424 1.951180
0.351997 -0.478950 2.404810
0.324555 -0.526369 2.041030
0.255562 -0.831618 2.008510
0.235430 -0.866693 1.923300
0.267136 -0.395019 2.451040
0.274909 -0.336437 2.472060
0.299191 -0.044325 2.517170
0.297028 0.167748 2.493510
0.123482 -0.133390 2.550240
0.021819 -0.332894 2.453330
-0.049756 -0.450199 2.272010
-0.073400 -0.484834 2.231120
0.444252 -0.167458 2.455270
0.489180 -0.359902 2.328290
0.441442 -0.457741 2.130780
0.403326 -0.507002 2.083370
0.170172 -0.471717 2.462990
0.010748 -0.539145 2.138610
-0.004360 -0.858240 2.031660
-0.024839 -0.894278 1.947300
0.353221 -0.474780 2.412000
0.323564 -0.525298 2.047290
0.256040 -0.833866 2.009010
0.235342 -0.868030 1.924290
0.269997 -0.392186 2.460180
0.280108 -0.335580 2.487960
0.307449 -0.046433 2.544980
0.306031 0.167755 2.520180
0.129161 -0.135029 2.569220
0.028970 -0.328885 2.459960
-0.042132 -0.443646 2.279330
-0.075506 -0.471050 2.254510
0.448669 -0.169374 2.473170
0.487714 -0.357141 2.334420
0.436653 -0.451465 2.137740
0.400991 -0.501247 2.091490
0.171953 -0.468935 2.469440
0.012302 -0.538496 2.142430
-0.006496 -0.857664 2.028890
-0.027116 -0.892910 1.944200
0.355156 -0.470996 2.418350
0.322609 -0.524394 2.051960
0.257166 -0.835072 2.005900
0.236023 -0.868592 1.921590
0.273055 -0.390744 2.468380
0.284794 -0.336452 2.501140
0.311657 -0.047951 2.559300
0.317087 0.163122 2.554790
0.135313 -0.141141 2.585250
0.034380 -0.326420 2.465180
-0.033240 -0.438547 2.284170
-0.050526 -0.467714 2.242180
0.454722 -0.174232 2.491500
0.486642 -0.355081 2.339180
0.434032 -0.447956 2.142760
0.399206 -0.497170 2.097840
0.173925 -0.467150 2.475310
0.013188 -0.538401 2.144850
-0.008209 -0.856445 2.025830
-0.028854 -0.891058 1.940910
0.357760 -0.468100 2.424350
0.321858 -0.523773 2.055110
0.258661 -0.835219 2.000610
0.237397 -0.868364 1.916470
0.276127 -0.391315 2.477060
0.289522 -0.341166 2.515680
0.318474 -0.058747 2.587770
0.324055 0.159042 2.577930
0.144158 -0.152480 2.603090
0.062621 -0.340507 2.492830
-0.019176 -0.424083 2.297460
-0.041627 -0.457472 2.242450
0.459890 -0.180674 2.509540
0.486406 -0.353718 2.345440
0.431283 -0.445772 2.149540
0.397046 -0.493831 2.105090
0.176232 -0.466573 2.481620
0.013572 -0.538621 2.146280
-0.009555 -0.854394 2.022490
-0.030220 -0.888680 1.937560
0.359721 -0.466424 2.429170
0.321061 -0.523337 2.057210
0.260265 -0.834752 1.995030
0.238928 -0.867847 1.911100
0.279706 -0.394304 2.485600
0.294266 -0.348275 2.528740
0.323236 -0.067381 2.605170
0.334693 0.148596 2.600700
0.150785 -0.163838 2.618230
0.068586 -0.341810 2.498670
-0.013204 -0.421310 2.301080
-0.035332 -0.454689 2.241730
0.465843 -0.191738 2.527160
0.492394 -0.362614 2.365110
0.429057 -0.442533 2.160590
0.394836 -0.489453 2.114940
0.178800 -0.467937 2.487310
0.013613 -0.539002 2.147100
-0.010558 -0.851911 2.019140
-0.031110 -0.886082 1.934290
0.362189 -0.466145 2.434090
0.320277 -0.523040 2.058540
0.261748 -0.833777 1.989750
0.240573 -0.866972 1.905870
0.286643 -0.401547 2.496980
0.301804 -0.359411 2.543520
0.329964 -0.080588 2.624030
0.341579 0.136887 2.618560
0.157070 -0.179013 2.632260
0.073526 -0.345360 2.504120
-0.009901 -0.414696 2.303030
-0.038773 -0.445954 2.246050
0.470061 -0.205251 2.543350
0.496699 -0.368128 2.375530
0.427954 -0.443489 2.169790
0.393329 -0.488125 2.123100
0.185036 -0.473984 2.496210
0.013426 -0.539438 2.147440
-0.011530 -0.847745 2.015000
-0.031870 -0.882173 1.930420
0.367877 -0.468370 2.441390
0.319523 -0.523009 2.059370
0.263239 -0.832589 1.984740
0.242300 -0.866068 1.900940
0.293286 -0.409660 2.505850
0.308236 -0.370254 2.554570
0.336423 -0.093628 2.639630
0.351141 0.121041 2.639940
0.163028 -0.192832 2.644530
0.076762 -0.348734 2.508330
-0.007520 -0.409712 2.304470
-0.037662 -0.441433 2.247170
0.476151 -0.221555 2.562460
0.503492 -0.378931 2.391480
0.431782 -0.451303 2.185920
0.394175 -0.490398 2.135120
0.191358 -0.481328 2.502680
0.013422 -0.539636 2.147800
-0.012203 -0.843576 2.011430
-0.031971 -0.878477 1.927090
0.374382 -0.472601 2.448590
0.318842 -0.523172 2.059790
0.264483 -0.831355 1.980370
0.244191 -0.865227 1.896490
0.302379 -0.424637 2.520780
0.316768 -0.387319 2.571540
0.344488 -0.109850 2.660950
0.360556 0.105345 2.659940
0.169614 -0.208151 2.655690
0.077922 -0.351073 2.510800
-0.004914 -0.408097 2.305020
-0.036020 -0.439286 2.247440
0.479991 -0.232979 2.576940
0.509684 -0.389301 2.407010
0.439816 -0.459559 2.201180
0.398203 -0.494494 2.148290
0.200001 -0.495029 2.513840
0.013447 -0.539768 2.148140
-0.012041 -0.799478 2.012730
0.021599 -0.842464 1.976450
0.384290 -0.482833 2.463000
0.318494 -0.523183 2.060270
0.265736 -0.828838 1.975700
0.246026 -0.863384 1.891990
0.308028 -0.432512 2.530740
0.321363 -0.396680 2.582880
0.350393 -0.121874 2.676940
0.365691 0.095631 2.672370
0.174723 -0.221225 2.664500
0.080462 -0.361819 2.515910
-0.001503 -0.399527 2.306000
-0.028281 -0.405671 2.241820
0.486960 -0.248455 2.604610
0.513811 -0.396702 2.424200
0.452333 -0.481764 2.229280
0.406512 -0.509605 2.172720
0.206339 -0.504068 2.524090
0.013430 -0.539895 2.148320
-0.011715 -0.778324 2.013470
0.048432 -0.825167 2.002720
0.389980 -0.488104 2.471150
0.318225 -0.523336 2.060550
0.266938 -0.826649 1.971660
0.248940 -0.861725 1.887570
0.316713 -0.438619 2.545540
0.328313 -0.404519 2.598690
0.355658 -0.133528 2.696550
0.372058 0.083979 2.691750
0.178383 -0.230989 2.671990
0.098588 -0.390121 2.529660
-0.004801 -0.365915 2.331560
-0.034849 -0.385817 2.263950
0.490216 -0.257359 2.619680
0.518117 -0.404472 2.438260
0.456387 -0.487565 2.240850
0.411949 -0.517505 2.191170
0.215782 -0.509652 2.538580
0.013465 -0.539941 2.148530
-0.011620 -0.767757 2.013650
0.058005 -0.818571 2.012630
0.400453 -0.493642 2.484830
0.318081 -0.523424 2.060800
0.268342 -0.822928 1.967460
0.251971 -0.858904 1.883380
0.323225 -0.442848 2.557190
0.333257 -0.410126 2.611530
0.359286 -0.141344 2.711940
0.378154 0.074391 2.710800
0.181208 -0.239054 2.679260
0.102566 -0.399445 2.535880
0.028066 -0.395943 2.324650
-0.017067 -0.405451 2.267000
0.495325 -0.267020 2.638760
0.512844 -0.428972 2.477020
0.459766 -0.492041 2.254640
0.416757 -0.524391 2.211820
0.221140 -0.512590 2.546810
0.013497 -0.539964 2.148680
-0.011134 -0.761509 2.014050
0.060687 -0.817100 2.015050
0.411488 -0.499983 2.501140
0.318920 -0.523472 2.062490
0.277873 -0.785738 1.966840
0.262137 -0.838444 1.882390
0.327529 -0.445375 2.564310
0.336640 -0.414061 2.619790
0.362361 -0.149346 2.731280
0.385045 0.065414 2.733190
0.183866 -0.245751 2.687000
0.097677 -0.403179 2.544810
0.045110 -0.411432 2.325670
-0.005838 -0.418831 2.271400
0.498281 -0.273635 2.653330
0.513084 -0.438367 2.494580
0.483730 -0.487100 2.271280
0.431825 -0.525205 2.226530
0.224954 -0.514297 2.551930
0.013523 -0.539971 2.148790
-0.010203 -0.758098 2.014710
0.060861 -0.817438 2.014850
0.417269 -0.502934 2.509130
0.320506 -0.523473 2.065280
0.284031 -0.769150 1.968960
0.255609 -0.829178 1.943410
0.330086 -0.446987 2.568650
0.338676 -0.416730 2.625030
0.365876 -0.155181 2.746350
0.388981 0.060179 2.750310
0.188637 -0.251133 2.699150
0.092290 -0.399214 2.553540
0.053206 -0.418677 2.326650
0.001539 -0.427935 2.274820
0.500269 -0.281238 2.665810
0.515908 -0.446199 2.506950
0.490113 -0.484088 2.279250
0.439568 -0.522725 2.236840
0.227406 -0.515069 2.555220
0.013550 -0.539980 2.148850
-0.008848 -0.757734 2.015700
0.057613 -0.820261 2.011150
0.420523 -0.504707 2.513710
0.324491 -0.523865 2.072830
0.287861 -0.760043 1.970470
0.255289 -0.825819 1.968870
0.370818 -0.447273 2.574070
0.371655 -0.421437 2.635340
0.367909 -0.159739 2.759080
0.392685 0.055644 2.763980
0.192957 -0.254430 2.709950
0.085901 -0.391327 2.562120
0.057800 -0.422690 2.327280
0.006146 -0.434131 2.276980
0.501434 -0.289101 2.676060
0.518214 -0.451484 2.514500
0.495139 -0.460494 2.287060
0.446290 -0.512034 2.244960
0.277651 -0.512922 2.550530
0.013648 -0.539944 2.148950
-0.007495 -0.759497 2.016670
0.053209 -0.823850 2.006380
0.466291 -0.498165 2.517930
0.329366 -0.525397 2.082040
0.291050 -0.754768 1.971810
0.252340 -0.822377 1.982730
0.331803 -0.446991 2.603280
0.339817 -0.422002 2.664910
0.368688 -0.162416 2.770010
0.394635 0.052298 2.777250
0.195632 -0.256507 2.717000
0.081412 -0.386429 2.568280
0.090605 -0.430236 2.341620
0.032286 -0.445251 2.288170
0.503812 -0.294479 2.697190
0.520518 -0.451675 2.523710
0.502656 -0.462562 2.295970
0.456628 -0.514798 2.255760
0.230816 -0.502004 2.580100
0.013693 -0.539934 2.148990
-0.006430 -0.762507 2.017540
0.049570 -0.826825 2.001940
0.403378 -0.505781 2.550230
0.333281 -0.527086 2.089430
0.293518 -0.751782 1.973040
0.250418 -0.820170 1.990710
0.315969 -0.445440 2.611660
0.323223 -0.421670 2.675390
0.368928 -0.164059 2.777090
0.396889 0.047720 2.790380
0.199457 -0.259049 2.723070
0.077577 -0.380752 2.572900
0.101030 -0.435845 2.349060
0.044882 -0.453621 2.296020
0.508217 -0.297632 2.713360
0.521620 -0.451598 2.529660
0.509259 -0.468812 2.304910
0.465135 -0.519627 2.265410
0.218876 -0.497819 2.586410
0.014392 -0.538373 2.151740
-0.007766 -0.766724 2.017580
0.049218 -0.826970 2.001120
0.388622 -0.502030 2.551750
0.336182 -0.528292 2.094990
0.295177 -0.749761 1.973880
0.259205 -0.812970 1.968120
0.304345 -0.444276 2.614960
0.313735 -0.421658 2.679760
0.368696 -0.165368 2.783000
0.397971 0.044933 2.798100
0.203538 -0.261505 2.727960
0.075067 -0.377160 2.576230
0.109025 -0.441829 2.358190
0.055465 -0.461384 2.304610
0.509440 -0.300224 2.720360
0.525926 -0.457750 2.543130
0.502226 -0.457620 2.322740
0.464542 -0.511229 2.277680
0.206618 -0.494467 2.590300
0.014856 -0.537576 2.153270
-0.011903 -0.765481 2.017490
0.041668 -0.824394 2.003200
0.371543 -0.500244 2.551780
0.339254 -0.529117 2.100970
0.296804 -0.748803 1.975150
0.269371 -0.803077 1.938690
0.296177 -0.444021 2.615400
0.307097 -0.422001 2.681130
0.368361 -0.166234 2.787260
0.398345 0.042909 2.803800
0.208681 -0.263504 2.732690
0.071670 -0.370068 2.582170
0.086133 -0.411036 2.364430
0.056408 -0.416049 2.300420
0.509171 -0.301721 2.725250
0.528350 -0.460169 2.550760
0.501487 -0.458728 2.330530
0.465761 -0.510282 2.284070
0.199741 -0.492718 2.592250
0.015005 -0.537323 2.153780
-0.011102 -0.770750 2.018510
0.041883 -0.823412 1.993860
0.360265 -0.499317 2.550400
0.341402 -0.529627 2.104850
0.298275 -0.748670 1.976380
0.274269 -0.798685 1.926000
0.293166 -0.444176 2.610500
0.304019 -0.422717 2.677810
0.367966 -0.166791 2.790340
0.397858 0.041313 2.809280
0.213133 -0.264798 2.736600
0.070208 -0.366523 2.585500
0.091456 -0.411712 2.372530
0.099045 -0.428112 2.308440
0.507690 -0.302371 2.728030
0.529725 -0.461610 2.555390
0.501361 -0.461071 2.335360
0.466579 -0.510767 2.288860
0.197511 -0.491672 2.590310
0.015117 -0.537145 2.154150
-0.010343 -0.774685 2.019220
0.042064 -0.823298 1.987830
0.358136 -0.497466 2.543900
0.343046 -0.529940 2.107460
0.299686 -0.749086 1.977470
0.293104 -0.787101 1.907700
0.292750 -0.444304 2.604530
0.303479 -0.423395 2.672600
0.367466 -0.167149 2.792500
0.395598 0.040083 2.814350
0.215421 -0.265585 2.740020
0.067201 -0.362760 2.592450
0.098531 -0.415830 2.383920
0.116812 -0.433184 2.315390
0.503426 -0.303235 2.726690
0.530722 -0.462808 2.558170
0.502944 -0.465371 2.337400
0.468015 -0.512089 2.291750
0.197459 -0.491214 2.586690
0.015137 -0.537941 2.153660
-0.011804 -0.777457 2.018940
0.045734 -0.818885 1.992350
0.360809 -0.496100 2.536060
0.344272 -0.530120 2.109250
0.300951 -0.749777 1.978400
0.299433 -0.782704 1.900620
0.314673 -0.443705 2.580050
0.317729 -0.425170 2.652450
0.366589 -0.167471 2.793920
0.393363 0.039270 2.817980
0.216775 -0.266149 2.742710
0.049057 -0.364194 2.631530
0.143283 -0.414262 2.442280
0.146072 -0.437289 2.351850
0.499382 -0.303714 2.724160
0.531233 -0.463800 2.559800
0.505808 -0.470709 2.337510
0.470047 -0.514399 2.293300
0.220754 -0.491679 2.560240
0.012158 -0.547072 2.143020
-0.018564 -0.784420 2.011520
0.044052 -0.798488 2.017930
0.399743 -0.491635 2.510430
0.345233 -0.530197 2.110520
0.300674 -0.776869 1.973530
0.304335 -0.830420 1.889180
0.317685 -0.444706 2.575140
0.321012 -0.426702 2.646800
0.365417 -0.167814 2.794720
0.390504 0.038440 2.820700
0.217722 -0.266551 2.744690
0.031398 -0.365576 2.676680
0.049087 -0.377202 2.402340
0.060780 -0.375647 2.268560
0.495753 -0.303927 2.720960
0.531106 -0.464727 2.560120
0.509380 -0.476348 2.336350
0.472609 -0.517519 2.293710
0.224889 -0.492978 2.555710
0.010818 -0.552279 2.137350
-0.021957 -0.788439 2.008120
0.044422 -0.787763 2.028590
0.401449 -0.493729 2.507580
0.346112 -0.530011 2.111580
0.301792 -0.779372 1.974220
0.304936 -0.818842 1.893140
0.318830 -0.446502 2.572600
0.322519 -0.428113 2.643930
0.363861 -0.168372 2.795170
0.383565 0.036890 2.822970
0.216991 -0.267319 2.748000
0.086226 -0.331165 2.569200
0.038064 -0.355291 2.312930
0.048088 -0.377570 2.237760
0.487927 -0.304717 2.714190
0.531220 -0.465832 2.559350
0.511499 -0.480293 2.334930
0.474135 -0.519864 2.293530
0.226978 -0.495608 2.554310
0.010299 -0.555194 2.134390
-0.040722 -0.784435 1.993700
0.032867 -0.784569 2.031840
0.398815 -0.497369 2.508300
0.346760 -0.529794 2.112300
0.302894 -0.779865 1.975260
0.292949 -0.805703 1.902910
0.317706 -0.447989 2.571620
0.323086 -0.429083 2.642020
0.361988 -0.168990 2.795080
0.378556 0.035919 2.824210
0.216134 -0.267905 2.750570
0.112027 -0.314339 2.518480
0.019664 -0.341066 2.276870
0.019573 -0.373054 2.203000
0.482749 -0.305182 2.709570
0.532079 -0.466576 2.558390
0.515804 -0.484521 2.333030
0.477676 -0.523003 2.292690
0.225702 -0.497502 2.554960
0.009889 -0.557268 2.131980
-0.043981 -0.785369 1.991090
0.031601 -0.781463 2.034670
0.393800 -0.499344 2.509480
0.347186 -0.529356 2.112530
0.303711 -0.778762 1.976050
0.279630 -0.799843 1.913160
0.311503 -0.450346 2.572940
0.321256 -0.430640 2.641340
0.359785 -0.169758 2.794450
0.372312 0.034618 2.826160
0.215004 -0.268438 2.752990
0.123550 -0.308074 2.495760
0.011387 -0.336569 2.255010
0.007814 -0.378324 2.195360
0.478517 -0.305579 2.705380
0.533162 -0.467203 2.556810
0.519364 -0.488180 2.331110
0.480761 -0.526068 2.291510
0.219176 -0.500187 2.559010
0.009554 -0.558594 2.130230
-0.046170 -0.786062 1.989440
0.030954 -0.779200 2.035990
0.381952 -0.502128 2.511240
0.347380 -0.528932 2.112690
0.304211 -0.776772 1.977060
0.272387 -0.795744 1.918260
0.300142 -0.453539 2.578310
0.315801 -0.433101 2.643590
0.357260 -0.170896 2.793670
0.367212 0.033449 2.827370
0.212313 -0.269049 2.757670
0.131003 -0.305963 2.483690
-0.019790 -0.456886 2.403360
-0.063005 -0.507709 2.381850
0.475143 -0.305913 2.701900
0.534445 -0.467783 2.555400
0.509965 -0.502071 2.332020
0.470574 -0.540466 2.293180
0.206240 -0.504059 2.569090
0.009431 -0.558820 2.129510
-0.047587 -0.785598 1.988270
0.029981 -0.782697 2.035150
0.366893 -0.505668 2.514950
0.347414 -0.528439 2.112640
0.299380 -0.770166 1.979360
0.276166 -0.793262 1.919610
0.288198 -0.456733 2.584550
0.308391 -0.435824 2.647550
0.355053 -0.171968 2.792850
0.362989 0.032572 2.828130
0.209697 -0.269942 2.761530
0.057443 -0.359145 2.634300
0.081138 -0.466520 2.488610
0.064683 -0.509428 2.444990
0.472289 -0.306236 2.699090
0.535400 -0.468271 2.554180
0.501070 -0.512154 2.333110
0.461266 -0.550905 2.294720
0.194226 -0.507291 2.578340
0.009419 -0.558505 2.129270
-0.046626 -0.784223 1.989630
0.031591 -0.786750 2.032080
0.351030 -0.509562 2.520140
0.346358 -0.527126 2.110830
0.292640 -0.758657 1.973330
0.274476 -0.792947 1.915240
0.281026 -0.458788 2.588450
0.302861 -0.437909 2.650790
0.353188 -0.172955 2.792120
0.357735 0.031212 2.827940
0.207901 -0.270581 2.764320
0.031166 -0.378125 2.689800
0.091231 -0.494660 2.533220
0.067557 -0.539553 2.493500
0.470396 -0.306447 2.697220
0.535960 -0.468666 2.553150
0.495323 -0.518654 2.333640
0.455349 -0.557616 2.295470
0.187618 -0.509069 2.583320
0.009670 -0.557439 2.129880
-0.045397 -0.782019 1.990790
0.031934 -0.791619 2.029080
0.342570 -0.511861 2.523360
0.345318 -0.525873 2.109220
0.287997 -0.754718 1.972560
0.283677 -0.798494 1.921340
0.275792 -0.460509 2.591730
0.298249 -0.439793 2.654040
0.351588 -0.173927 2.791570
0.352917 0.030133 2.827550
0.206555 -0.271023 2.766570
0.015593 -0.389875 2.722990
0.108043 -0.505512 2.554970
0.082801 -0.552912 2.519340
0.469019 -0.306578 2.695910
0.536350 -0.468945 2.552390
0.470442 -0.510092 2.336130
0.448261 -0.525719 2.280090
0.183031 -0.510395 2.586940
0.010016 -0.556164 2.130790
-0.043748 -0.780007 1.992310
0.032772 -0.795758 2.025740
0.336780 -0.513664 2.526230
0.344041 -0.524851 2.108780
0.284334 -0.749337 1.970580
0.291539 -0.812071 1.946360
0.273408 -0.461814 2.593090
0.296140 -0.441221 2.655500
0.350288 -0.174834 2.791160
0.349548 0.029395 2.827110
0.205862 -0.271339 2.767990
0.007447 -0.396094 2.740710
0.105057 -0.509955 2.556430
0.090546 -0.561729 2.534130
0.468057 -0.306653 2.695010
0.536506 -0.469185 2.551840
0.466206 -0.508036 2.335570
0.452028 -0.515999 2.272790
0.181736 -0.512032 2.588200
0.010441 -0.554764 2.131890
-0.042858 -0.778823 1.993130
0.033542 -0.799078 2.022670
0.334099 -0.514818 2.527520
0.342666 -0.523940 2.108430
0.281403 -0.747688 1.970050
0.302634 -0.815624 1.949710
0.271643 -0.462793 2.594160
0.294531 -0.442332 2.656720
0.349251 -0.175603 2.790870
0.346842 0.028662 2.826310
0.205462 -0.271665 2.768980
0.002723 -0.400295 2.752350
0.104560 -0.510496 2.556090
0.093416 -0.563105 2.532980
0.467288 -0.306740 2.694340
0.536525 -0.469456 2.551370
0.463879 -0.506552 2.335100
0.455961 -0.509115 2.267580
0.180597 -0.513381 2.589870
0.010936 -0.553415 2.133010
-0.042204 -0.777723 1.993730
0.033589 -0.801288 2.020740
0.331937 -0.515553 2.528350
0.341285 -0.523185 2.107980
0.279967 -0.746071 1.969600
0.293618 -0.812511 1.933900
0.305365 -0.482390 2.596610
0.321340 -0.458061 2.662170
0.348487 -0.176237 2.790700
0.344948 0.028144 2.825660
0.205367 -0.271997 2.769770
0.002873 -0.401607 2.756210
0.103269 -0.511879 2.557040
0.091637 -0.559603 2.522840
0.466667 -0.306831 2.693830
0.536530 -0.469703 2.551030
0.463619 -0.504381 2.334390
0.459750 -0.503998 2.263970
0.223702 -0.534771 2.587310
0.014562 -0.550816 2.140030
-0.038132 -0.774712 2.000100
0.033204 -0.808123 2.006790
0.371636 -0.529071 2.538900
0.339694 -0.522532 2.107330
0.278925 -0.744941 1.969240
0.276055 -0.801611 1.905210
0.304693 -0.485763 2.595970
0.322868 -0.461289 2.662830
0.347930 -0.176746 2.790570
0.343447 0.027791 2.825090
0.205711 -0.272280 2.770640
0.006328 -0.400389 2.755380
0.095586 -0.505645 2.547630
0.087064 -0.553768 2.511910
0.466041 -0.307006 2.693440
0.535898 -0.470293 2.550590
0.465547 -0.501113 2.332850
0.461978 -0.500817 2.261530
0.225161 -0.536504 2.586030
0.015184 -0.549920 2.141340
-0.046673 -0.763017 1.991890
-0.033334 -0.808937 1.937130
0.368507 -0.532204 2.539230
0.338228 -0.521966 2.106740
0.278059 -0.744382 1.969000
0.271384 -0.800347 1.898160
0.303094 -0.487369 2.595800
0.322561 -0.463219 2.663150
0.347469 -0.177225 2.790520
0.342340 0.027537 2.824600
0.206180 -0.272550 2.771390
0.010955 -0.398143 2.751720
0.090387 -0.500882 2.541360
0.082535 -0.548118 2.502440
0.465540 -0.307178 2.693180
0.535959 -0.470852 2.550750
0.471559 -0.500430 2.333080
0.465976 -0.499863 2.260660
0.224923 -0.537123 2.585820
0.015599 -0.549275 2.142300
-0.051618 -0.756466 1.986880
-0.067970 -0.808236 1.901540
0.365481 -0.533697 2.539300
0.336919 -0.521511 2.106310
0.277342 -0.744383 1.968970
0.268074 -0.799864 1.893630
0.300129 -0.487589 2.595180
0.320717 -0.464039 2.662860
0.347126 -0.177629 2.790500
0.341480 0.027370 2.824290
0.206924 -0.272904 2.771990
0.015816 -0.395686 2.746810
0.086877 -0.498570 2.537690
0.078660 -0.544503 2.495610
0.465104 -0.307325 2.693030
0.536296 -0.471168 2.550970
0.475716 -0.499911 2.333570
0.469132 -0.499517 2.260490
0.222281 -0.536253 2.585340
0.015855 -0.548790 2.143000
-0.054174 -0.753167 1.984460
-0.082062 -0.808509 1.886930
0.361351 -0.533878 2.538330
0.335904 -0.521160 2.105980
0.276851 -0.744853 1.969020
0.265761 -0.799746 1.890520
0.296670 -0.486881 2.594350
0.317952 -0.463994 2.662170
0.346898 -0.178026 2.790560
0.340770 0.027258 2.824040
0.207621 -0.273262 2.772420
0.099596 -0.434408 2.673410
-0.008519 -0.466507 2.556000
-0.020306 -0.508675 2.506140
0.464722 -0.307480 2.692970
0.536684 -0.471465 2.551290
0.478980 -0.500477 2.333930
0.473321 -0.501243 2.261120
0.217501 -0.533827 2.583960
0.015982 -0.548418 2.143480
-0.055831 -0.751052 1.982790
-0.090936 -0.808829 1.877340
0.357369 -0.533435 2.537180
0.335062 -0.520892 2.105620
0.276147 -0.747497 1.969580
0.263754 -0.800432 1.888580
0.293218 -0.485840 2.593490
0.314792 -0.463529 2.661320
0.346791 -0.178485 2.790730
0.340071 0.027117 2.823820
0.208251 -0.273620 2.772720
0.149447 -0.488594 2.603430
-0.054180 -0.409904 2.599210
-0.096214 -0.401013 2.585710
0.464380 -0.307643 2.692970
0.537051 -0.471693 2.551600
0.481579 -0.501140 2.334250
0.476634 -0.503128 2.261890
0.212502 -0.531317 2.582430
0.015990 -0.548124 2.143770
-0.056978 -0.749635 1.981620
-0.096263 -0.808870 1.872290
0.353650 -0.532785 2.536080
0.334417 -0.520695 2.105320
0.275643 -0.750013 1.970070
0.269556 -0.806077 1.896240
0.290252 -0.484765 2.592720
0.311895 -0.462907 2.660500
0.346806 -0.178967 2.791030
0.339479 0.026991 2.823630
0.208822 -0.274032 2.772940
0.168290 -0.509339 2.576800
-0.070843 -0.387376 2.615530
-0.132857 -0.332947 2.636230
0.464046 -0.307823 2.693040
0.537572 -0.471818 2.551950
0.482735 -0.501252 2.334510
0.478113 -0.504041 2.262610
0.208534 -0.529346 2.581260
0.015895 -0.547877 2.143910
-0.057797 -0.748660 1.980780
-0.097481 -0.808691 1.872260
0.350432 -0.532024 2.535030
0.333880 -0.520608 2.105030
0.275144 -0.752749 1.970570
0.275612 -0.811009 1.903250
0.288867 -0.483946 2.592470
0.310278 -0.462337 2.660140
0.346929 -0.179456 2.791360
0.338978 0.026870 2.823490
0.209397 -0.274518 2.773120
0.179347 -0.520172 2.562410
-0.078827 -0.374548 2.626000
-0.147424 -0.308467 2.655330
0.463735 -0.308033 2.693160
0.538440 -0.471923 2.552520
0.483389 -0.501319 2.334950
0.478743 -0.504860 2.263740
0.207276 -0.528833 2.581550
0.015845 -0.547672 2.144070
-0.058352 -0.747955 1.980250
-0.095322 -0.808079 1.876310
0.348779 -0.530974 2.533770
0.333351 -0.520632 2.104520
0.274809 -0.754923 1.970910
0.280807 -0.813770 1.907800
0.286009 -0.482272 2.592560
0.307620 -0.461182 2.659970
0.347105 -0.179904 2.791700
0.338497 0.026735 2.823370
0.209928 -0.275053 2.773370
0.183011 -0.526849 2.555490
-0.079808 -0.366982 2.633090
-0.147497 -0.298727 2.665420
0.463447 -0.308243 2.693290
0.539257 -0.471985 2.553050
0.483564 -0.501330 2.335550
0.478713 -0.505571 2.265040
0.201553 -0.526639 2.583140
0.015690 -0.547472 2.144060
-0.055036 -0.751999 1.983670
-0.085566 -0.811434 1.889010
0.345599 -0.529320 2.532840
0.332946 -0.520668 2.104070
0.274560 -0.756614 1.971270
0.303311 -0.786625 1.907750
