0.143173 -0.009357 2.090150
0.139789 0.056329 2.144450
0.137668 0.434053 2.171900
0.139511 0.626634 2.168070
0.013003 0.310503 2.135850
-0.042359 0.064772 2.104400
-0.060734 -0.151905 2.046070
-0.056600 -0.209902 2.037330
0.268670 0.300561 2.146050
0.332022 0.057518 2.136430
0.351661 -0.161043 2.078950
0.350172 -0.234748 2.063930
0.085209 -0.065688 2.073490
0.070331 -0.494469 2.110100
0.078314 -0.802185 2.094230
0.136956 -0.851707 2.075850
0.202056 -0.066740 2.084360
0.206960 -0.494421 2.129620
0.180199 -0.789772 2.111120
0.176885 -0.818878 2.014240
0.143243 -0.009537 2.089830
0.139879 0.056168 2.144100
0.137635 0.434135 2.171300
0.139492 0.626593 2.167810
0.012923 0.310546 2.135420
-0.042274 0.064787 2.103570
-0.060560 -0.152051 2.045180
-0.056344 -0.210031 2.036460
0.268483 0.300439 2.145310
0.331923 0.057388 2.135870
0.351584 -0.161006 2.078860
0.349524 -0.235421 2.063680
0.085325 -0.065778 2.073210
0.069986 -0.494490 2.110340
0.077958 -0.802260 2.094660
0.136192 -0.851876 2.076420
0.202105 -0.066881 2.083930
0.206601 -0.494430 2.130380
0.179758 -0.790245 2.111210
0.177677 -0.820441 2.016630
0.143287 -0.009676 2.089580
0.139939 0.056044 2.143810
0.137594 0.434205 2.170740
0.139462 0.626535 2.167370
0.012822 0.310570 2.135040
-0.042221 0.064781 2.102910
-0.060441 -0.152141 2.044550
-0.056184 -0.210115 2.035910
0.268344 0.300351 2.144730
0.331823 0.057276 2.135400
0.351450 -0.160966 2.078760
0.348826 -0.235982 2.063450
0.085404 -0.065851 2.073000
0.069723 -0.494507 2.110520
0.077667 -0.802308 2.095000
0.135527 -0.851999 2.076870
0.202137 -0.066996 2.083590
0.206263 -0.494436 2.131000
0.179195 -0.790755 2.111000
0.178414 -0.822424 2.019040
0.143313 -0.009777 2.089380
0.139982 0.055954 2.143580
0.137519 0.434257 2.170150
0.139373 0.626404 2.166790
0.012601 0.310608 2.134730
-0.042193 0.064772 2.102420
-0.060371 -0.152200 2.044110
-0.056081 -0.210176 2.035520
0.268237 0.300299 2.144290
0.331718 0.057194 2.135010
0.351293 -0.160927 2.078660
0.348165 -0.236451 2.063290
0.085454 -0.065908 2.072840
0.069523 -0.494521 2.110660
0.077424 -0.802350 2.095270
0.134944 -0.852104 2.077220
0.202159 -0.067087 2.083300
0.205905 -0.494431 2.131540
0.178736 -0.791294 2.110750
0.178783 -0.823443 2.020340
0.143324 -0.009852 2.089230
0.140011 0.055886 2.143390
0.137427 0.434296 2.169590
0.139232 0.626258 2.166170
0.012331 0.310643 2.134470
-0.042178 0.064758 2.102060
-0.060326 -0.152240 2.043800
-0.056068 -0.210218 2.035310
0.268156 0.300265 2.143950
0.331622 0.057130 2.134700
0.351116 -0.160887 2.078570
0.347588 -0.236820 2.063180
0.085482 -0.065956 2.072710
0.069370 -0.494532 2.110760
0.077208 -0.802390 2.095480
0.134422 -0.852196 2.077490
0.202171 -0.067160 2.083080
0.205578 -0.494427 2.131990
0.178415 -0.791906 2.110440
0.179135 -0.824345 2.021360
0.143326 -0.009904 2.089110
0.140028 0.055841 2.143240
0.137322 0.434333 2.169060
0.138999 0.626077 2.165430
0.012013 0.310687 2.134280
-0.042171 0.064749 2.101800
-0.060295 -0.152271 2.043580
-0.056115 -0.210250 2.035230
0.268104 0.300243 2.143690
0.331531 0.057074 2.134440
0.350929 -0.160850 2.078480
0.347056 -0.237122 2.063120
0.085492 -0.065994 2.072620
0.069249 -0.494542 2.110840
0.077098 -0.802409 2.095620
0.134097 -0.852249 2.077680
0.202179 -0.067216 2.082900
0.205271 -0.494419 2.132350
0.178204 -0.792653 2.110210
0.179485 -0.825253 2.022270
0.143312 -0.009938 2.089020
0.140031 0.055810 2.143130
0.137196 0.434362 2.168600
0.138763 0.625908 2.164730
0.011643 0.310744 2.134140
-0.042172 0.064742 2.101610
-0.060286 -0.152282 2.043410
-0.056269 -0.210247 2.035320
0.268064 0.300230 2.143490
0.331445 0.057029 2.134240
0.350721 -0.160817 2.078400
0.346592 -0.237365 2.063090
0.085474 -0.066025 2.072550
0.069153 -0.494549 2.110900
0.077014 -0.802422 2.095730
0.133828 -0.852288 2.077820
0.202176 -0.067261 2.082760
0.205001 -0.494415 2.132650
0.178055 -0.793358 2.110040
0.179779 -0.826045 2.023020
0.143287 -0.009958 2.088950
0.140031 0.055791 2.143040
0.137083 0.434368 2.168140
0.138518 0.625730 2.164040
0.011015 0.310775 2.134100
-0.042201 0.064716 2.101480
-0.060301 -0.152279 2.043310
-0.056478 -0.210228 2.035510
0.268037 0.300224 2.143340
0.331354 0.056988 2.134080
0.350509 -0.160802 2.078330
0.346154 -0.237590 2.063110
0.085424 -0.066056 2.072520
0.069075 -0.494558 2.110950
0.076939 -0.802440 2.095810
0.133571 -0.852333 2.077940
0.202171 -0.067298 2.082650
0.204765 -0.494414 2.132890
0.178654 -0.791259 2.110000
0.180464 -0.825238 2.023900
0.143246 -0.009957 2.088910
0.140024 0.055784 2.142960
0.136964 0.434356 2.167710
0.138200 0.625550 2.163370
0.010192 0.310809 2.134170
-0.042270 0.064676 2.101420
-0.060340 -0.152263 2.043260
-0.056771 -0.210201 2.035840
0.268026 0.300220 2.143230
0.331265 0.056945 2.133940
0.350310 -0.160787 2.078280
0.345772 -0.237768 2.063160
0.085329 -0.066087 2.072510
0.069011 -0.494566 2.110990
0.076879 -0.802458 2.095890
0.133352 -0.852375 2.078040
0.202165 -0.067326 2.082570
0.204543 -0.494411 2.133090
0.178690 -0.791011 2.109940
0.180708 -0.825245 2.024390
0.143193 -0.009949 2.088880
0.140013 0.055781 2.142900
0.136854 0.434325 2.167310
0.137906 0.625392 2.162780
0.009411 0.310834 2.134270
-0.042369 0.064626 2.101410
-0.060416 -0.152243 2.043270
-0.057067 -0.210182 2.036220
0.268018 0.300216 2.143140
0.331178 0.056901 2.133830
0.350099 -0.160800 2.078220
0.345461 -0.237945 2.063220
0.085193 -0.066131 2.072540
0.068957 -0.494581 2.111020
0.076830 -0.802473 2.095950
0.133163 -0.852411 2.078110
0.202155 -0.067351 2.082500
0.204334 -0.494417 2.133240
0.178712 -0.790825 2.109900
0.180888 -0.825235 2.024770
0.143120 -0.009925 2.088870
0.139994 0.055787 2.142860
0.136751 0.434292 2.166970
0.137632 0.625245 2.162250
0.008645 0.310861 2.134430
-0.042491 0.064570 2.101450
-0.060527 -0.152220 2.043340
-0.057359 -0.210168 2.036640
0.268019 0.300214 2.143080
0.331091 0.056853 2.133750
0.349902 -0.160822 2.078170
0.345215 -0.238095 2.063280
0.085018 -0.066170 2.072600
0.068912 -0.494594 2.111040
0.076792 -0.802488 2.095990
0.133000 -0.852444 2.078170
0.202143 -0.067372 2.082450
0.204148 -0.494426 2.133370
0.178738 -0.790705 2.109860
0.181038 -0.825243 2.025050
0.143028 -0.009889 2.088880
0.139967 0.055799 2.142820
0.136629 0.434262 2.166670
0.137390 0.625120 2.161810
0.007877 0.310886 2.134670
-0.042658 0.064507 2.101550
-0.060656 -0.152222 2.043460
-0.057613 -0.210203 2.037160
0.268024 0.300213 2.143040
0.331006 0.056807 2.133690
0.349693 -0.160904 2.078120
0.345003 -0.238275 2.063330
0.084809 -0.066215 2.072700
0.068873 -0.494612 2.111070
0.076757 -0.802504 2.096030
0.132831 -0.852020 2.077660
0.202131 -0.067388 2.082420
0.203981 -0.494437 2.133470
0.178742 -0.790775 2.109800
0.181141 -0.825313 2.025260
0.142920 -0.009847 2.088910
0.139937 0.055814 2.142800
0.136515 0.434228 2.166430
0.137206 0.625024 2.161470
0.007145 0.310921 2.134960
-0.042860 0.064447 2.101710
-0.060799 -0.152233 2.043600
-0.057853 -0.210251 2.037660
0.268028 0.300213 2.143010
0.330925 0.056764 2.133640
0.349493 -0.161000 2.078060
0.344838 -0.238422 2.063370
0.084571 -0.066266 2.072830
0.068838 -0.494633 2.111090
0.076727 -0.802523 2.096070
0.132771 -0.851442 2.077000
0.202115 -0.067404 2.082400
0.203821 -0.494450 2.133550
0.178565 -0.790869 2.109650
0.181158 -0.825363 2.025410
0.142776 -0.009811 2.088970
0.139888 0.055825 2.142800
0.136402 0.434198 2.166270
0.137022 0.624928 2.161210
0.006457 0.310959 2.135300
-0.043073 0.064389 2.101910
-0.060950 -0.152253 2.043760
-0.058074 -0.210306 2.038120
0.268025 0.300210 2.142980
0.330832 0.056714 2.133620
0.349305 -0.161107 2.078000
0.344732 -0.238496 2.063390
0.084289 -0.066332 2.073010
0.068807 -0.494657 2.111120
0.076706 -0.802540 2.096100
0.132876 -0.850086 2.075530
0.202079 -0.067426 2.082380
0.203637 -0.494479 2.133610
0.178433 -0.790990 2.109540
0.181166 -0.825414 2.025520
0.142615 -0.009777 2.089050
0.139830 0.055834 2.142810
0.136273 0.434116 2.166130
0.136860 0.624844 2.161010
0.005762 0.310971 2.135700
-0.043305 0.064311 2.102150
-0.061116 -0.152308 2.043940
-0.058266 -0.210398 2.038520
0.268019 0.300204 2.142980
0.330722 0.056651 2.133630
0.349133 -0.161212 2.077950
0.344647 -0.238548 2.063410
0.083965 -0.066426 2.073240
0.068770 -0.494704 2.111160
0.076689 -0.802558 2.096120
0.133037 -0.848615 2.073960
0.202036 -0.067454 2.082380
0.203463 -0.494515 2.133680
0.178290 -0.791154 2.109420
0.181153 -0.825473 2.025600
0.142380 -0.009723 2.089190
0.139717 0.055853 2.142860
0.136138 0.434053 2.166080
0.136710 0.624777 2.160850
0.004991 0.310971 2.136250
-0.043573 0.064221 2.102430
-0.061278 -0.152372 2.044110
-0.058440 -0.210486 2.038840
0.268000 0.300190 2.143040
0.330610 0.056585 2.133650
0.348979 -0.161313 2.077900
0.344584 -0.238587 2.063420
0.083550 -0.066519 2.073530
0.068733 -0.494752 2.111190
0.076675 -0.802576 2.096140
0.133221 -0.846980 2.072220
0.201962 -0.067483 2.082400
0.203318 -0.494549 2.133720
0.178160 -0.791411 2.109300
0.181130 -0.825563 2.025670
0.142119 -0.009649 2.089380
0.139557 0.055889 2.142950
0.135983 0.433993 2.166070
0.136595 0.624730 2.160740
0.004307 0.310986 2.136830
-0.043857 0.064145 2.102750
-0.061434 -0.152438 2.044270
-0.058589 -0.210570 2.039110
0.268027 0.300192 2.143310
0.330493 0.056521 2.133700
0.348827 -0.161435 2.077850
0.344533 -0.238614 2.063420
0.083130 -0.066601 2.073850
0.068697 -0.494802 2.111230
0.076664 -0.802589 2.096160
0.133457 -0.845172 2.070410
0.201876 -0.067512 2.082440
0.203189 -0.494581 2.133770
0.178063 -0.791637 2.109210
0.181104 -0.825691 2.025720
0.141814 -0.009567 2.089620
0.139350 0.055930 2.143090
0.135802 0.433924 2.166120
0.136506 0.624691 2.160670
0.003676 0.311007 2.137460
-0.044150 0.064080 2.103100
-0.061585 -0.152510 2.044430
-0.058722 -0.210648 2.039310
0.268078 0.300176 2.143690
0.330359 0.056433 2.133800
0.348685 -0.161556 2.077800
0.344494 -0.238632 2.063420
0.082646 -0.066686 2.074220
0.068663 -0.494852 2.111260
0.076624 -0.802619 2.096180
0.133577 -0.843521 2.068810
0.201772 -0.067544 2.082510
0.203065 -0.494617 2.133810
0.178004 -0.791878 2.109110
0.181099 -0.825780 2.025750
0.141494 -0.009487 2.089890
0.139112 0.055966 2.143290
0.135596 0.433824 2.166260
0.136425 0.624655 2.160630
0.003128 0.311022 2.138110
-0.044459 0.064016 2.103530
-0.061734 -0.152584 2.044580
-0.058857 -0.210727 2.039490
0.268147 0.300132 2.144190
0.330210 0.056315 2.133950
0.348558 -0.161668 2.077760
0.344463 -0.238645 2.063410
0.082164 -0.066773 2.074620
0.068630 -0.494908 2.111300
0.076551 -0.802669 2.096220
0.133637 -0.842086 2.067440
0.201650 -0.067581 2.082600
0.202941 -0.494658 2.133840
0.177964 -0.792111 2.109010
0.181098 -0.825868 2.025770
0.141147 -0.009400 2.090230
0.138818 0.056007 2.143550
0.135336 0.433716 2.166520
0.136344 0.624613 2.160610
0.002669 0.311017 2.138740
-0.044788 0.063944 2.104010
-0.061878 -0.152661 2.044730
-0.058984 -0.210805 2.039640
0.268270 0.300072 2.144890
0.330035 0.056162 2.134210
0.348446 -0.161771 2.077730
0.344441 -0.238658 2.063410
0.081686 -0.066852 2.075040
0.068598 -0.494964 2.111340
0.076534 -0.802699 2.096230
0.133852 -0.840646 2.066040
0.201499 -0.067623 2.082750
0.202808 -0.494705 2.133870
0.177934 -0.792322 2.108920
0.181101 -0.825948 2.025780
0.140807 -0.009298 2.090640
0.138516 0.056059 2.143900
0.135088 0.433605 2.166880
0.136277 0.624577 2.160610
0.002261 0.311008 2.139430
-0.045126 0.063876 2.104560
-0.062010 -0.152736 2.044870
-0.059090 -0.210879 2.039770
0.268451 0.300008 2.145790
0.329811 0.055975 2.134580
0.348318 -0.161921 2.077710
0.344425 -0.238668 2.063410
0.081246 -0.066917 2.075460
0.068572 -0.495026 2.111390
0.076515 -0.802733 2.096230
0.134022 -0.839435 2.064870
0.201336 -0.067664 2.082980
0.202678 -0.494755 2.133910
0.177558 -0.787897 2.107710
0.180970 -0.823687 2.025290
0.140462 -0.009170 2.091170
0.138194 0.056134 2.144360
0.134885 0.433498 2.167320
0.136213 0.624541 2.160640
0.001915 0.310994 2.140190
-0.045449 0.063808 2.105210
-0.062144 -0.152808 2.045010
-0.059185 -0.210944 2.039890
0.268768 0.299926 2.147020
0.329549 0.055734 2.135090
0.348209 -0.162075 2.077720
0.344413 -0.238678 2.063400
0.080800 -0.066965 2.075980
0.068550 -0.495088 2.111440
0.076502 -0.802765 2.096230
0.134179 -0.838413 2.063880
0.201158 -0.067704 2.083340
0.202554 -0.494807 2.133960
0.177587 -0.786821 2.107240
0.181120 -0.822579 2.024900
0.140105 -0.008992 2.091900
0.137854 0.056252 2.145020
0.134689 0.433392 2.167880
0.136159 0.624494 2.160700
0.001562 0.310985 2.141180
-0.045773 0.063744 2.106030
-0.062281 -0.152892 2.045180
-0.059274 -0.211014 2.040000
0.269127 0.299880 2.148480
0.329248 0.055494 2.135750
0.348106 -0.162242 2.077780
0.344405 -0.238687 2.063410
0.080349 -0.066986 2.076660
0.068528 -0.495148 2.111500
0.076479 -0.802797 2.096240
0.134277 -0.837546 2.063070
0.200964 -0.067732 2.083920
0.202439 -0.494859 2.134010
0.177766 -0.786674 2.106930
0.181219 -0.822307 2.024760
0.139756 -0.008770 2.092860
0.137495 0.056410 2.145880
0.134507 0.433286 2.168560
0.136109 0.624438 2.160800
0.001264 0.310996 2.142200
-0.046036 0.063690 2.107010
-0.062421 -0.152978 2.045370
-0.059327 -0.211092 2.040180
0.269551 0.299834 2.150180
0.328903 0.055219 2.136610
0.347975 -0.162532 2.077970
0.344408 -0.238692 2.063430
0.079922 -0.066982 2.077420
0.068506 -0.495208 2.111590
0.076448 -0.802832 2.096250
0.131454 -0.834612 2.057210
0.200769 -0.067745 2.084900
0.202320 -0.494918 2.134070
0.178023 -0.786851 2.106690
0.181362 -0.822189 2.024640
0.139410 -0.008535 2.094110
0.137099 0.056596 2.147030
0.134336 0.433199 2.169370
0.136080 0.624371 2.160970
0.001071 0.310990 2.143190
-0.046279 0.063634 2.108100
-0.062581 -0.153071 2.045750
-0.059358 -0.211174 2.040490
0.270014 0.299833 2.152180
0.328490 0.054940 2.137850
0.347835 -0.162859 2.078330
0.344412 -0.238741 2.063710
0.079491 -0.066952 2.078460
0.068477 -0.495277 2.111720
0.076418 -0.802865 2.096260
0.129703 -0.832895 2.053830
0.200558 -0.067749 2.086290
0.202192 -0.494991 2.134180
0.178365 -0.787398 2.106510
0.181757 -0.822491 2.024510
0.139147 -0.008316 2.095800
0.136757 0.056789 2.148550
0.134218 0.433109 2.170240
0.136096 0.624270 2.161240
0.000995 0.310952 2.144180
-0.046538 0.063553 2.109550
-0.062732 -0.153180 2.046470
-0.059324 -0.211270 2.041100
0.270463 0.299877 2.154220
0.328048 0.054692 2.139320
0.347599 -0.163444 2.079120
0.344416 -0.238931 2.064520
0.079152 -0.066922 2.079930
0.068439 -0.495375 2.111980
0.076385 -0.802901 2.096280
0.127951 -0.831432 2.050830
0.200405 -0.067764 2.088430
0.202066 -0.495093 2.134340
0.178716 -0.788084 2.106380
0.201984 -0.847381 2.070660
0.139017 -0.007632 2.098640
0.136267 0.057376 2.151040
0.134078 0.433044 2.171460
0.136142 0.624153 2.161530
0.000923 0.311004 2.145460
-0.046779 0.063577 2.111510
-0.062823 -0.153313 2.047600
-0.059146 -0.211393 2.042170
0.273136 0.301521 2.160810
0.327550 0.055009 2.141480
0.347307 -0.164102 2.080450
0.344367 -0.238921 2.066040
0.078830 -0.066691 2.082270
0.068410 -0.495422 2.112550
0.076352 -0.802939 2.096290
0.126303 -0.830228 2.048250
0.200557 -0.067536 2.091550
0.201962 -0.495154 2.134550
0.179015 -0.788847 2.106350
0.210808 -0.863448 2.097340
0.139063 -0.006841 2.101820
0.135856 0.058058 2.153670
0.133968 0.432994 2.172520
0.136198 0.624055 2.161800
0.000919 0.311050 2.146660
-0.046966 0.063600 2.113870
-0.062854 -0.153420 2.049480
-0.058688 -0.211491 2.044250
0.275984 0.303261 2.167140
0.327035 0.055568 2.144370
0.346933 -0.164915 2.082730
0.344157 -0.238664 2.068980
0.078635 -0.066388 2.085280
0.068352 -0.495455 2.113350
0.076323 -0.802994 2.096330
0.124883 -0.829262 2.046140
0.201000 -0.067233 2.095250
0.201918 -0.495215 2.134850
0.179222 -0.789624 2.106400
0.205823 -0.855844 2.078890
0.139342 -0.005825 2.105490
0.135574 0.058906 2.156490
0.133908 0.432937 2.173360
0.136293 0.623977 2.162100
0.000944 0.311065 2.147760
-0.047091 0.063565 2.116660
-0.062767 -0.153569 2.052300
-0.058127 -0.211631 2.047190
0.279087 0.304724 2.172880
0.326596 0.056113 2.147930
0.346340 -0.165549 2.086420
0.343821 -0.238198 2.072570
0.078540 -0.066035 2.088840
0.068370 -0.495457 2.114770
0.076295 -0.803052 2.096370
0.119694 -0.830670 2.042490
0.201949 -0.066791 2.100010
0.201899 -0.495268 2.135220
0.179366 -0.790517 2.106620
0.196889 -0.842871 2.050360
0.139654 -0.004616 2.109590
0.135316 0.059964 2.159620
0.133867 0.432890 2.174050
0.136454 0.623940 2.162490
0.000999 0.311077 2.148740
-0.047205 0.063538 2.119580
-0.062662 -0.153764 2.056430
-0.057684 -0.211801 2.051030
0.281995 0.306029 2.177720
0.326217 0.056696 2.151420
0.345750 -0.165432 2.092650
0.344124 -0.236931 2.079160
0.078352 -0.065551 2.093300
0.068433 -0.495384 2.116750
0.076267 -0.803141 2.096440
0.115872 -0.832499 2.040620
0.202953 -0.066240 2.104990
0.201881 -0.495289 2.135690
0.179444 -0.791445 2.106930
0.192603 -0.836853 2.037100
0.140024 -0.003099 2.114490
0.135207 0.061378 2.163370
0.133856 0.432856 2.174590
0.136666 0.623937 2.162910
0.000920 0.311132 2.149830
-0.047248 0.063531 2.122390
-0.062609 -0.154308 2.061260
-0.057863 -0.213018 2.057140
0.284027 0.307112 2.181110
0.325895 0.057426 2.154930
0.345277 -0.165362 2.100790
0.344605 -0.235133 2.087170
0.078059 -0.064944 2.098720
0.068418 -0.495261 2.118780
0.076249 -0.803239 2.096540
0.112429 -0.834458 2.039320
0.204115 -0.065459 2.111110
0.201890 -0.495254 2.136330
0.179457 -0.792525 2.107360
0.190938 -0.834763 2.031940
0.140379 -0.001587 2.120100
0.135211 0.062928 2.167480
0.133864 0.432829 2.174900
0.136907 0.623951 2.163340
0.000808 0.311197 2.150810
-0.047196 0.063519 2.124650
-0.062831 -0.154948 2.065920
-0.058602 -0.215206 2.063130
0.285514 0.307936 2.183410
0.325578 0.058143 2.158340
0.345262 -0.165563 2.109920
0.345733 -0.233345 2.096490
0.077573 -0.064474 2.105920
0.068663 -0.495240 2.121410
0.076280 -0.803351 2.096670
0.109460 -0.836290 2.038420
0.205304 -0.064772 2.118410
0.201813 -0.495248 2.137110
0.179450 -0.793622 2.107840
0.189828 -0.833436 2.028540
0.140332 -0.000310 2.126680
0.135097 0.064531 2.172190
0.133892 0.432803 2.175100
0.137133 0.623970 2.163740
0.000689 0.311257 2.151640
-0.047092 0.063496 2.126400
-0.063136 -0.155894 2.070270
-0.059965 -0.218901 2.069110
0.286643 0.308556 2.184960
0.325265 0.058734 2.161120
0.345482 -0.166365 2.118170
0.347680 -0.231977 2.107310
0.076270 -0.064346 2.115280
0.069166 -0.495423 2.123990
0.076522 -0.803510 2.096840
0.106875 -0.838098 2.037740
0.205928 -0.064518 2.126790
0.201543 -0.495384 2.138100
0.179777 -0.796536 2.108510
0.189073 -0.832903 2.026070
0.140174 0.000526 2.134480
0.135085 0.066016 2.177490
0.134081 0.432677 2.175010
0.137363 0.623963 2.164090
0.000563 0.311309 2.152310
-0.046964 0.063467 2.127700
-0.063571 -0.156724 2.073840
-0.061713 -0.223525 2.074580
0.287499 0.308997 2.185960
0.324929 0.059180 2.163690
0.346086 -0.167338 2.125050
0.349738 -0.232248 2.116180
0.074857 -0.064753 2.126370
0.071650 -0.495965 2.126720
0.077153 -0.803865 2.096930
0.104791 -0.839946 2.037150
0.206305 -0.064724 2.136480
0.201209 -0.495666 2.139120
0.180063 -0.799637 2.108780
0.188482 -0.833117 2.024230
0.139693 -0.000361 2.144810
0.135197 0.066694 2.183380
0.134466 0.431982 2.174010
0.137580 0.623564 2.164260
0.000418 0.311290 2.152740
-0.046835 0.063344 2.128650
-0.064064 -0.157875 2.076960
-0.063775 -0.230058 2.079080
0.288205 0.308788 2.185200
0.324805 0.059033 2.166390
0.346683 -0.168125 2.129810
0.351113 -0.232986 2.121750
0.073467 -0.067400 2.141270
0.076951 -0.497956 2.128540
0.078194 -0.804475 2.096560
0.103077 -0.841866 2.036360
0.206040 -0.066347 2.148810
0.200812 -0.496434 2.140160
0.180702 -0.802632 2.108630
0.188095 -0.834084 2.022870
0.139130 -0.003570 2.157400
0.135341 0.066080 2.189330
0.135695 0.426328 2.168720
0.138515 0.617311 2.161950
-0.000147 0.310370 2.152640
-0.046981 0.062388 2.129300
-0.064670 -0.160616 2.079730
-0.065618 -0.237650 2.081180
0.289014 0.306924 2.182410
0.325389 0.057871 2.169360
0.347321 -0.169003 2.133320
0.352662 -0.236336 2.125890
0.072278 -0.072122 2.157970
0.081875 -0.500884 2.128150
0.079643 -0.804876 2.095520
0.101795 -0.843398 2.035450
0.205530 -0.071216 2.165020
0.200423 -0.497558 2.140810
0.180971 -0.804966 2.107670
0.187685 -0.835433 2.021600
0.139485 -0.011552 2.173590
0.135751 0.061798 2.197270
0.135586 0.410937 2.158870
0.140802 0.599317 2.154890
-0.001522 0.300788 2.148770
-0.049211 0.053649 2.129150
-0.064362 -0.182361 2.081460
-0.064716 -0.265509 2.077480
0.290603 0.300905 2.177340
0.328639 0.053426 2.172220
0.348504 -0.171935 2.136200
0.353926 -0.244202 2.127200
0.072780 -0.080503 2.176100
0.084075 -0.503546 2.125600
0.082700 -0.803942 2.091330
0.100934 -0.844402 2.033580
0.206699 -0.081819 2.186470
0.200520 -0.497977 2.140720
0.183205 -0.806473 2.104470
0.188470 -0.836794 2.019920
0.140627 -0.025404 2.191030
0.136805 0.050211 2.207340
0.134619 0.378410 2.143820
0.144952 0.571470 2.144950
-0.004271 0.282467 2.142370
-0.057279 0.035747 2.124280
-0.062394 -0.204247 2.081800
-0.060694 -0.287902 2.071920
0.294950 0.278764 2.168710
0.339501 0.032985 2.173560
0.348857 -0.206524 2.134930
0.349440 -0.282857 2.118230
0.074169 -0.096892 2.198100
0.084120 -0.504832 2.120140
0.086097 -0.799149 2.081480
0.100037 -0.843790 2.028640
0.209100 -0.097138 2.206810
0.202915 -0.498244 2.137920
0.186187 -0.804353 2.096940
0.190616 -0.837592 2.015500
0.143166 -0.048949 2.211680
0.139655 0.025576 2.221270
0.136609 0.342913 2.134720
0.149425 0.538071 2.133460
-0.008168 0.246809 2.133770
-0.072683 0.002640 2.115940
-0.060614 -0.219794 2.081200
-0.056827 -0.302660 2.067800
0.298067 0.240921 2.159630
0.355427 -0.002526 2.169250
0.346319 -0.242207 2.129110
0.339463 -0.320115 2.106550
0.076443 -0.120582 2.222040
0.083117 -0.505527 2.114120
0.087475 -0.793585 2.070620
0.099342 -0.844531 2.026680
0.212347 -0.118546 2.227420
0.206689 -0.498465 2.133170
0.189956 -0.799048 2.085700
0.193828 -0.836964 2.008330
0.145709 -0.077542 2.230230
0.142343 -0.005539 2.233890
0.138246 0.303760 2.129070
0.151308 0.487929 2.120710
-0.009994 0.207756 2.127670
-0.090940 -0.026805 2.102370
-0.056602 -0.243583 2.076320
-0.049327 -0.318001 2.064140
0.299697 0.209900 2.155170
0.368346 -0.031357 2.166780
0.345435 -0.258466 2.126160
0.334980 -0.337013 2.101550
0.078873 -0.147323 2.243770
0.080317 -0.506672 2.105270
0.087401 -0.788172 2.060480
0.093732 -0.835112 1.993240
0.215474 -0.146514 2.246840
0.210297 -0.499733 2.127180
0.195410 -0.792624 2.074610
0.199437 -0.835090 2.000040
0.146648 -0.104038 2.244440
0.143471 -0.034444 2.243470
0.139268 0.272827 2.127550
0.151702 0.455545 2.114130
-0.009506 0.173161 2.123800
-0.101762 -0.044177 2.092870
-0.055034 -0.253772 2.074340
-0.045350 -0.325577 2.062890
0.300412 0.173359 2.153540
0.382121 -0.064257 2.162830
0.345110 -0.269103 2.124690
0.332300 -0.347410 2.098940
0.079922 -0.172057 2.260380
0.075754 -0.510538 2.097570
0.086714 -0.784135 2.053050
0.090818 -0.830592 1.977400
0.216298 -0.170580 2.261390
0.213380 -0.502995 2.120190
0.200024 -0.787065 2.067020
0.177917 -0.839158 2.032650
0.147484 -0.129804 2.256730
0.144492 -0.062686 2.252030
0.141335 0.235958 2.130170
0.153114 0.420158 2.110980
-0.008496 0.136822 2.122190
-0.110097 -0.064254 2.081930
-0.054585 -0.260934 2.072720
-0.042097 -0.332957 2.064810
0.300615 0.144883 2.154280
0.391436 -0.088760 2.157980
0.345174 -0.277183 2.123980
0.330610 -0.354842 2.097370
0.080731 -0.196837 2.274550
0.073321 -0.518367 2.091640
0.085996 -0.781227 2.047720
0.089434 -0.828308 1.969060
0.216858 -0.196083 2.275750
0.215102 -0.512167 2.111240
0.203298 -0.782771 2.061430
0.165093 -0.838201 2.046610
0.147372 -0.164201 2.270370
0.144747 -0.097389 2.261200
0.142423 0.203685 2.132780
0.152581 0.386285 2.110300
-0.006824 0.104633 2.122160
-0.114160 -0.087655 2.073200
-0.055303 -0.272899 2.072140
-0.040065 -0.343989 2.069270
0.302122 0.103511 2.157400
0.401007 -0.113348 2.151710
0.348534 -0.291652 2.119620
0.329623 -0.362884 2.095920
0.080023 -0.230114 2.290180
0.073747 -0.533060 2.081920
0.085301 -0.780695 2.043740
0.088516 -0.827760 1.963940
0.216752 -0.230130 2.292220
0.216258 -0.524074 2.101120
0.205059 -0.779912 2.057170
0.154931 -0.835296 2.053000
0.146523 -0.189131 2.279810
0.144043 -0.124327 2.268160
0.141990 0.168099 2.138500
0.150819 0.359174 2.112760
-0.005065 0.076935 2.124030
-0.114715 -0.109886 2.068850
-0.055713 -0.301163 2.082460
-0.038934 -0.370325 2.077760
0.301786 0.077510 2.160390
0.407781 -0.132898 2.147460
0.351588 -0.303813 2.115730
0.330653 -0.368039 2.095710
0.079145 -0.252185 2.299990
0.074706 -0.559023 2.070640
0.084066 -0.807171 2.037630
0.088818 -0.857902 1.958700
0.215692 -0.254536 2.303390
0.216951 -0.531556 2.095290
0.202111 -0.806455 2.051170
0.178276 -0.874754 2.013170
0.145151 -0.220564 2.291010
0.142643 -0.155883 2.276700
0.140126 0.139564 2.144470
0.150519 0.317302 2.123410
-0.003593 0.049447 2.127880
-0.114282 -0.152281 2.071560
-0.055963 -0.328535 2.091500
-0.038881 -0.386386 2.081890
0.299662 0.049738 2.165550
0.414502 -0.160213 2.143650
0.354232 -0.328052 2.110360
0.333608 -0.382010 2.096380
0.078547 -0.284012 2.312070
0.074827 -0.575449 2.063560
0.083207 -0.834979 2.034430
0.089530 -0.888072 1.957290
0.213932 -0.282586 2.315470
0.218016 -0.537990 2.091080
0.197000 -0.830294 2.048490
0.187150 -0.897114 1.995200
0.143717 -0.247536 2.299090
0.141298 -0.184375 2.283550
0.138390 0.106591 2.154060
0.149486 0.292537 2.130360
-0.004818 0.010861 2.138190
-0.114355 -0.171242 2.074060
-0.059049 -0.344630 2.092670
-0.040367 -0.399191 2.084420
0.296953 0.019211 2.173050
0.418867 -0.177507 2.142830
0.358788 -0.347166 2.108050
0.336290 -0.395558 2.097340
0.077016 -0.313114 2.321220
0.075261 -0.585426 2.059330
0.081309 -0.857912 2.031070
0.088671 -0.911625 1.955470
0.212379 -0.308889 2.323890
0.220686 -0.547455 2.086630
0.190755 -0.850618 2.048530
0.190382 -0.912104 1.986060
0.142885 -0.281311 2.307780
0.140855 -0.217793 2.291490
0.138059 0.078444 2.164600
0.149101 0.271730 2.139000
-0.005731 -0.012665 2.146610
-0.116679 -0.208429 2.088020
-0.065436 -0.381670 2.093450
-0.040243 -0.427109 2.084400
0.293325 -0.020307 2.184580
0.421815 -0.189853 2.143380
0.362652 -0.361490 2.108020
0.339285 -0.408742 2.099970
0.076076 -0.348517 2.328450
0.077275 -0.597537 2.056240
0.078637 -0.881873 2.029510
0.086477 -0.935403 1.955240
0.211347 -0.340470 2.333020
0.223104 -0.566778 2.082690
0.183917 -0.871808 2.050620
0.190894 -0.927187 1.980690
0.143377 -0.305700 2.314090
0.141761 -0.242660 2.297800
0.139382 0.053727 2.177040
0.146830 0.238653 2.161530
-0.007419 -0.044752 2.164800
-0.119329 -0.226890 2.095970
-0.067896 -0.399244 2.093780
-0.043444 -0.447100 2.085990
0.292141 -0.042316 2.191850
0.424601 -0.214505 2.149760
0.365853 -0.388086 2.111510
0.340173 -0.435620 2.104300
0.076084 -0.369181 2.334240
0.078528 -0.604897 2.054490
0.076856 -0.896429 2.029150
0.084660 -0.949635 1.955540
0.212603 -0.375164 2.338250
0.226377 -0.580242 2.080590
0.174323 -0.888792 2.056410
0.186328 -0.940212 1.980630
0.142886 -0.333385 2.323940
0.141366 -0.271142 2.308270
0.138179 0.024391 2.196440
0.145728 0.218243 2.177260
-0.009605 -0.066250 2.179000
-0.126397 -0.250186 2.109910
-0.068998 -0.418569 2.094030
-0.051484 -0.473880 2.088210
0.289099 -0.071012 2.208000
0.426204 -0.234387 2.157710
0.367646 -0.407719 2.115660
0.341729 -0.457819 2.110200
0.075549 -0.394997 2.343460
0.079527 -0.610232 2.053240
0.076069 -0.906734 2.030060
0.083924 -0.959531 1.956770
0.212380 -0.401333 2.345290
0.228660 -0.590083 2.079390
0.163027 -0.899167 2.061200
0.177057 -0.948910 1.982510
0.143428 -0.358486 2.334410
0.141801 -0.296907 2.319570
0.136593 -0.002707 2.217370
0.144773 0.186743 2.202390
-0.014129 -0.093121 2.200860
-0.132752 -0.267602 2.122710
-0.071362 -0.434521 2.095610
-0.059169 -0.493410 2.089800
0.287676 -0.091845 2.222200
0.427748 -0.257025 2.170070
0.367655 -0.427291 2.121290
0.340803 -0.477291 2.114750
0.075932 -0.420141 2.353870
0.084439 -0.614753 2.053040
0.073698 -0.913809 2.031600
0.081366 -0.966241 1.958540
0.213929 -0.430182 2.354880
0.229581 -0.602784 2.073410
0.153214 -0.906281 2.066850
0.166480 -0.955059 1.987420
0.143832 -0.382831 2.345640
0.141994 -0.322662 2.332390
0.134321 -0.033547 2.244620
0.141724 0.162849 2.225650
-0.017001 -0.120189 2.227260
-0.140776 -0.284817 2.140640
-0.074267 -0.448795 2.098560
-0.064233 -0.507601 2.090660
0.286203 -0.119416 2.246190
0.428617 -0.274372 2.183010
0.366531 -0.441572 2.127220
0.340358 -0.493416 2.121700
0.075770 -0.443611 2.363880
0.094680 -0.619310 2.054370
0.068045 -0.918504 2.034500
0.075081 -0.970119 1.961490
0.215370 -0.453099 2.363220
0.229767 -0.611787 2.069380
0.148605 -0.911095 2.072980
0.161308 -0.959000 1.993680
0.143027 -0.402390 2.356610
0.141232 -0.342880 2.344820
0.133921 -0.054342 2.268350
0.137675 0.139517 2.252440
-0.019474 -0.140077 2.249390
-0.149600 -0.300368 2.161710
-0.078720 -0.463658 2.107990
-0.070105 -0.519077 2.092880
0.286905 -0.145902 2.273040
0.429316 -0.293071 2.201680
0.363809 -0.455121 2.135270
0.338677 -0.506048 2.126690
0.072839 -0.464301 2.374280
0.104562 -0.623290 2.056870
0.055815 -0.919277 2.039700
0.062081 -0.969352 1.966350
0.216263 -0.474690 2.372670
0.228170 -0.620875 2.067170
0.145978 -0.916152 2.081210
0.157851 -0.963347 2.002360
0.141368 -0.421778 2.370440
0.139524 -0.363100 2.360410
0.131544 -0.075475 2.294890
0.134740 0.120167 2.276680
-0.023271 -0.164938 2.282130
-0.156428 -0.314669 2.187870
-0.082841 -0.476827 2.121390
-0.081528 -0.530910 2.100820
0.286111 -0.167350 2.296950
0.429636 -0.310743 2.225280
0.361349 -0.467387 2.145650
0.337069 -0.515764 2.131200
0.068718 -0.484456 2.386720
0.116076 -0.623354 2.062210
0.042486 -0.913988 2.044750
0.046905 -0.961787 1.970880
0.217037 -0.493210 2.383180
0.201213 -0.673767 2.081100
0.134433 -0.953935 2.107860
0.142105 -1.000720 2.030410
0.139103 -0.437490 2.384670
0.137187 -0.379214 2.375780
0.128904 -0.091686 2.317390
0.132857 0.105159 2.298370
-0.025078 -0.179065 2.302780
-0.160378 -0.328803 2.219270
-0.086237 -0.486993 2.134140
-0.087669 -0.539840 2.109120
0.284602 -0.185652 2.321470
0.427894 -0.324179 2.246510
0.358415 -0.479351 2.160120
0.337475 -0.529523 2.143800
0.064406 -0.500068 2.398820
0.124120 -0.620887 2.067240
0.032614 -0.906554 2.048330
0.036497 -0.952676 1.973780
0.217164 -0.509279 2.395640
0.190303 -0.694981 2.088050
0.138891 -0.976923 2.112800
0.144683 -1.021980 2.035650
0.137596 -0.449083 2.397850
0.135595 -0.391261 2.389950
0.126291 -0.105250 2.338950
0.130092 0.092265 2.323060
-0.026655 -0.192730 2.328320
-0.161100 -0.339117 2.248610
-0.091270 -0.496306 2.152490
-0.091110 -0.546272 2.119320
0.283256 -0.198619 2.340650
0.425462 -0.336297 2.269870
0.356132 -0.487260 2.171180
0.336726 -0.536851 2.150470
0.061369 -0.511588 2.409830
0.136483 -0.614392 2.077230
0.023215 -0.894136 2.050300
0.026031 -0.938283 1.974820
0.217714 -0.521241 2.407660
0.183462 -0.708685 2.094800
0.143898 -0.994517 2.110900
0.147760 -1.038260 2.034130
0.135346 -0.457461 2.410680
0.133243 -0.399947 2.403250
0.123072 -0.114844 2.356200
0.128200 0.083195 2.342920
-0.027803 -0.200420 2.348450
-0.159794 -0.350866 2.271100
-0.080476 -0.506341 2.180740
-0.106848 -0.531155 2.141440
0.281023 -0.207561 2.356710
0.423006 -0.346773 2.290490
0.353555 -0.493257 2.181310
0.335897 -0.542721 2.157150
0.057600 -0.520000 2.421620
0.143142 -0.610044 2.083800
0.019910 -0.886477 2.053120
0.022183 -0.929782 1.977030
0.217486 -0.529535 2.418480
0.177972 -0.717317 2.102170
0.151659 -1.007300 2.104430
0.153969 -1.050360 2.027830
0.132839 -0.463450 2.426000
0.130644 -0.405997 2.417870
0.119995 -0.121010 2.369930
0.126388 0.077834 2.358160
-0.028952 -0.205045 2.363420
-0.157331 -0.358062 2.288860
-0.080143 -0.513374 2.197230
-0.092401 -0.546008 2.164000
0.278024 -0.214006 2.371950
0.419757 -0.354253 2.307830
0.351200 -0.497291 2.190600
0.333111 -0.546319 2.164570
0.053940 -0.526124 2.436230
0.147058 -0.607098 2.088890
0.018519 -0.880769 2.054020
0.020524 -0.923658 1.977500
0.216765 -0.535545 2.433840
0.173190 -0.722296 2.116060
0.181856 -1.013550 2.055450
0.183464 -1.056750 1.978520
0.131238 -0.466863 2.436580
0.129027 -0.409616 2.428540
0.118424 -0.125542 2.384070
0.124938 0.075341 2.372420
-0.029483 -0.207272 2.378750
-0.154063 -0.360564 2.304470
-0.080909 -0.515563 2.207040
-0.088341 -0.550984 2.175670
0.275414 -0.217284 2.385710
0.416893 -0.358136 2.319830
0.349089 -0.499358 2.199090
0.332029 -0.549385 2.174850
0.051590 -0.529523 2.446160
0.148628 -0.605196 2.094360
0.028459 -0.878191 2.058370
0.029994 -0.920656 1.981150
0.216159 -0.538844 2.443760
0.228822 -0.603927 2.119610
0.184925 -0.858887 2.057690
0.111570 -0.868247 2.025680
0.130241 -0.468297 2.444780
0.128022 -0.410994 2.437330
0.117397 -0.125282 2.399680
0.123544 0.075428 2.385990
-0.030002 -0.205717 2.396130
-0.149928 -0.360049 2.318200
-0.082801 -0.515318 2.215900
-0.084326 -0.553030 2.184420
0.273589 -0.217922 2.398830
0.414275 -0.360078 2.329010
0.346847 -0.499924 2.207120
0.329874 -0.550338 2.183630
0.050118 -0.531155 2.453140
0.148628 -0.603236 2.100300
0.043555 -0.877501 2.063110
0.044131 -0.919369 1.985060
0.215798 -0.540327 2.451240
0.243152 -0.572906 2.124810
0.191767 -0.822691 2.048940
0.119638 -0.846797 2.017910
0.129632 -0.468215 2.450780
0.127408 -0.410563 2.444190
0.116834 -0.121060 2.416340
0.122388 0.078455 2.399180
-0.030961 -0.202477 2.409920
-0.146680 -0.358604 2.327620
-0.084175 -0.513817 2.222700
-0.070932 -0.552964 2.200000
0.271902 -0.213303 2.415410
0.409957 -0.359350 2.337460
0.345417 -0.498936 2.213140
0.328891 -0.549751 2.189530
0.049186 -0.531569 2.457980
0.148066 -0.601797 2.105270
0.056348 -0.877806 2.065600
0.057482 -0.918992 1.986910
0.215574 -0.540559 2.456380
0.255407 -0.547493 2.125760
0.192686 -0.794086 2.048430
0.115963 -0.824360 2.020500
0.129295 -0.466532 2.455880
0.126981 -0.408098 2.450660
0.114357 -0.111973 2.436940
0.120991 0.083848 2.411540
-0.031842 -0.197666 2.422680
-0.143315 -0.356562 2.334980
-0.084155 -0.510897 2.227780
-0.063586 -0.552366 2.208390
0.271061 -0.208336 2.427440
0.406514 -0.357918 2.343120
0.344136 -0.497441 2.217780
0.327513 -0.548038 2.193570
0.048721 -0.530658 2.461720
0.147260 -0.600680 2.109050
0.066257 -0.878264 2.066290
0.067385 -0.918646 1.986980
0.215457 -0.539517 2.460180
0.261559 -0.534378 2.127170
0.193456 -0.777305 2.048000
0.114809 -0.810331 2.022430
0.129323 -0.463933 2.459890
0.126921 -0.404676 2.456350
0.112638 -0.104549 2.454010
0.119547 0.092779 2.427000
-0.032653 -0.193512 2.432210
-0.139495 -0.353550 2.341030
-0.082637 -0.505598 2.231360
-0.060022 -0.519690 2.233630
0.270434 -0.202265 2.438020
0.402951 -0.355181 2.347410
0.342968 -0.494587 2.221170
0.326982 -0.545404 2.196450
0.048730 -0.528915 2.464320
0.146621 -0.599928 2.111600
0.073206 -0.878603 2.065010
0.074643 -0.918231 1.985050
0.215538 -0.537336 2.462840
0.265593 -0.526570 2.128120
0.188976 -0.776214 2.052870
0.088182 -0.778637 2.046440
0.129557 -0.460896 2.462630
0.127044 -0.401141 2.460690
0.111786 -0.099614 2.464800
0.118147 0.099239 2.437400
-0.033340 -0.189151 2.440190
-0.135106 -0.349489 2.346050
-0.081375 -0.499561 2.233510
-0.057744 -0.505596 2.243510
0.270175 -0.194992 2.447890
0.399232 -0.351565 2.350600
0.342156 -0.490890 2.223450
0.327318 -0.542052 2.198410
0.049144 -0.526398 2.465710
0.146136 -0.599418 2.113300
0.058592 -0.871256 2.054670
0.060348 -0.909454 1.973880
0.215735 -0.534226 2.464330
0.267035 -0.525027 2.128530
0.184303 -0.776986 2.056820
0.079660 -0.766654 2.053740
0.129862 -0.457846 2.464370
0.127224 -0.397876 2.464060
0.111314 -0.096158 2.472100
0.116621 0.105345 2.445600
-0.033795 -0.185095 2.446800
-0.131637 -0.346268 2.349390
-0.080024 -0.494462 2.234540
-0.056149 -0.498969 2.248460
0.270078 -0.189665 2.455140
0.395990 -0.347840 2.352980
0.341734 -0.486713 2.224870
0.328208 -0.538143 2.199640
0.049816 -0.523428 2.466100
0.145743 -0.599021 2.114450
0.045219 -0.864814 2.045860
0.047201 -0.901954 1.964530
0.215918 -0.530926 2.464960
0.255788 -0.649219 2.109220
0.141056 -0.867231 2.048170
0.101956 -0.899197 1.992040
0.130140 -0.455044 2.465360
0.127358 -0.395031 2.466730
0.110819 -0.093209 2.477610
0.115271 0.110028 2.452290
-0.034260 -0.181725 2.452070
-0.128936 -0.343635 2.351640
-0.078731 -0.490184 2.234910
-0.055007 -0.494758 2.251080
0.269959 -0.186031 2.460010
0.393600 -0.345093 2.354520
0.341158 -0.483204 2.225640
0.327605 -0.533278 2.199180
0.050581 -0.520367 2.465670
0.145364 -0.598719 2.115220
0.050517 -0.866202 2.042900
0.052468 -0.902601 1.961260
0.216037 -0.527795 2.464970
0.255279 -0.675927 2.104880
0.113968 -0.920760 2.041100
0.107956 -0.954248 1.963260
0.130382 -0.452428 2.465800
0.127444 -0.392536 2.468910
0.110410 -0.090984 2.481410
0.114129 0.114115 2.458270
-0.034693 -0.179160 2.455910
-0.126934 -0.341654 2.353040
-0.077555 -0.486896 2.234850
-0.054432 -0.492387 2.251150
0.269859 -0.183289 2.463530
0.391841 -0.343057 2.355540
0.340523 -0.480309 2.225990
0.326906 -0.529465 2.198560
0.051358 -0.517358 2.464640
0.144986 -0.598500 2.115680
0.056170 -0.868207 2.041400
0.058114 -0.904077 1.959560
0.216101 -0.524897 2.464610
0.253394 -0.698308 2.101370
0.102879 -0.940648 2.037880
0.111249 -0.981276 1.948510
0.130604 -0.450276 2.465930
0.127521 -0.390546 2.470720
0.110100 -0.089331 2.484140
0.113271 0.117552 2.463570
-0.034995 -0.177405 2.458660
-0.125404 -0.340102 2.353930
-0.076551 -0.484361 2.234620
-0.054362 -0.491671 2.249300
0.269830 -0.181391 2.466110
0.390339 -0.341294 2.356350
0.339998 -0.477889 2.226260
0.326436 -0.526407 2.198030
0.052033 -0.514949 2.463560
0.144645 -0.598322 2.115910
0.060483 -0.869864 2.040600
0.062480 -0.905391 1.958640
0.216173 -0.522525 2.464110
0.252551 -0.711250 2.099330
0.096166 -0.952487 2.036260
0.112768 -0.996354 1.940630
0.130797 -0.448587 2.465890
0.127594 -0.389012 2.472240
0.109884 -0.088095 2.486030
0.112711 0.119840 2.467580
-0.035189 -0.176172 2.460640
-0.124239 -0.338910 2.354520
-0.075808 -0.482463 2.234320
-0.054495 -0.492144 2.246450
0.269793 -0.180090 2.467940
0.389128 -0.339957 2.357030
0.339495 -0.475921 2.226430
0.326003 -0.524141 2.197700
0.052623 -0.513053 2.462520
0.144318 -0.598194 2.115960
0.064544 -0.871565 2.040440
0.066600 -0.906879 1.958420
0.216229 -0.520680 2.463620
0.263528 -0.631544 2.130200
0.118598 -0.915643 2.049480
0.138371 -0.957368 1.954450
0.130954 -0.447213 2.465780
0.127660 -0.387734 2.473700
0.109777 -0.087158 2.487480
0.112320 0.121406 2.470630
-0.035314 -0.175318 2.462070
-0.123378 -0.338022 2.354870
-0.075228 -0.481061 2.234000
-0.054549 -0.493557 2.243900
0.269777 -0.179154 2.469300
0.388236 -0.339092 2.357590
0.339024 -0.474457 2.226510
0.325595 -0.522465 2.197380
0.053089 -0.511561 2.461600
0.144014 -0.598104 2.115890
0.068057 -0.873104 2.040560
0.070182 -0.908275 1.958520
0.216261 -0.519211 2.463150
0.215208 -0.672432 2.114290
0.137165 -0.934820 2.042650
0.153390 -0.972276 1.949780
0.131087 -0.446106 2.465590
0.127710 -0.386719 2.475040
0.109702 -0.086425 2.488490
0.112017 0.122505 2.473150
-0.035410 -0.174705 2.463150
-0.122745 -0.337406 2.355100
-0.074718 -0.480022 2.233660
-0.054588 -0.495122 2.241560
0.269776 -0.178468 2.470330
0.387501 -0.338567 2.358090
0.338501 -0.473295 2.226470
0.325244 -0.521242 2.197070
0.053484 -0.510353 2.460700
0.143737 -0.598035 2.115720
0.070818 -0.874376 2.040870
0.073031 -0.909469 1.958830
0.216296 -0.518029 2.462680
0.186995 -0.684577 2.107300
0.147468 -0.946002 2.038090
0.161557 -0.981126 1.946910
0.131194 -0.445242 2.465380
0.127745 -0.385921 2.476340
0.109668 -0.085822 2.489200
0.111915 0.123358 2.475420
-0.035472 -0.174261 2.463950
-0.122247 -0.337047 2.355300
-0.074208 -0.479258 2.233160
-0.054634 -0.496581 2.239660
0.269818 -0.177997 2.471140
0.386490 -0.338217 2.359440
0.337883 -0.471977 2.226660
0.325020 -0.520025 2.196930
0.053797 -0.509410 2.459900
0.143494 -0.597977 2.115460
0.072966 -0.875397 2.041320
0.075277 -0.910451 1.959310
0.216325 -0.517127 2.462270
0.177575 -0.688031 2.105600
0.153065 -0.952777 2.035890
0.166177 -0.986878 1.945600
0.131320 -0.444546 2.465200
0.127834 -0.385235 2.477830
0.109679 -0.085280 2.489720
0.111974 0.124067 2.477560
-0.035510 -0.173939 2.464540
-0.121803 -0.336875 2.355470
-0.073632 -0.478682 2.232660
-0.054439 -0.497979 2.238810
0.269926 -0.177721 2.471780
0.385274 -0.338492 2.361420
0.336103 -0.470550 2.227220
0.323748 -0.518195 2.196470
0.054086 -0.508682 2.459240
0.143299 -0.597837 2.115130
0.074223 -0.875934 2.041450
0.076611 -0.910953 1.959450
0.216391 -0.516409 2.461940
0.171431 -0.690240 2.104620
0.163258 -0.959436 2.034540
0.173451 -0.992588 1.945680
0.131453 -0.443736 2.464930
0.127909 -0.384487 2.479440
0.109728 -0.084728 2.490140
0.112097 0.124608 2.479430
-0.035519 -0.173717 2.464990
-0.121121 -0.336950 2.355830
-0.072798 -0.478046 2.232070
-0.054104 -0.499353 2.239330
0.270155 -0.177639 2.472350
0.381853 -0.339976 2.365630
0.332757 -0.468650 2.227930
0.319906 -0.514641 2.195140
0.054311 -0.507696 2.458280
0.143254 -0.597046 2.114590
0.074492 -0.875785 2.041700
0.076967 -0.910791 1.959700
0.216495 -0.515691 2.461570
0.167377 -0.691698 2.103710
0.168401 -0.962766 2.033050
0.177072 -0.995458 1.945100
0.131683 -0.442505 2.464220
0.128025 -0.383684 2.480900
0.109879 -0.084069 2.490530
0.112241 0.124999 2.480910
-0.035504 -0.173600 2.465340
-0.112271 -0.342453 2.362540
-0.069893 -0.476450 2.230160
-0.053270 -0.500499 2.240160
0.270448 -0.177706 2.472830
0.375400 -0.342418 2.371380
0.326751 -0.465994 2.228650
0.317128 -0.511943 2.194200
0.054431 -0.505790 2.455660
0.143308 -0.595366 2.113860
0.074502 -0.875228 2.042230
0.077053 -0.910203 1.960220
0.216868 -0.514545 2.460620
0.165255 -0.691933 2.102430
0.172048 -0.964694 2.032260
0.179692 -0.997295 1.944870
0.131968 -0.440707 2.462970
0.128156 -0.382772 2.482210
0.110247 -0.083265 2.490980
0.112508 0.125338 2.482340
-0.035464 -0.173586 2.465610
-0.098009 -0.351177 2.372680
-0.051826 -0.467875 2.225000
-0.047614 -0.502786 2.240650
0.271141 -0.178070 2.473510
0.361850 -0.347228 2.380100
0.320754 -0.463581 2.228740
0.315801 -0.510463 2.193640
0.054181 -0.503400 2.452290
0.143386 -0.589795 2.112850
0.074563 -0.873043 2.043180
0.077253 -0.907916 1.961190
0.217546 -0.512897 2.458900
0.232178 -0.605770 2.109850
0.180102 -0.845437 2.052560
0.096407 -0.814283 2.034290
0.132197 -0.437814 2.461070
0.128254 -0.381485 2.483390
0.110614 -0.082549 2.491350
0.112777 0.125519 2.483570
-0.035423 -0.173703 2.465840
-0.087352 -0.357919 2.379280
-0.036195 -0.462137 2.221710
-0.037924 -0.505635 2.240790
0.271823 -0.178597 2.474180
0.348005 -0.351964 2.385790
0.312105 -0.461740 2.227930
0.314171 -0.509255 2.192940
0.053323 -0.499771 2.447860
0.142638 -0.570263 2.112290
0.087413 -0.820186 2.047890
0.127581 -0.859308 2.011610
0.218393 -0.510586 2.456790
0.255810 -0.573256 2.112070
0.183092 -0.809532 2.057340
0.081108 -0.776961 2.050760
0.132641 -0.434361 2.458660
0.128463 -0.379984 2.484380
0.111124 -0.081726 2.491870
0.113125 0.125641 2.484770
-0.035365 -0.173941 2.466050
-0.079090 -0.361822 2.383050
-0.025780 -0.459755 2.220290
-0.029025 -0.507563 2.242330
0.272434 -0.179239 2.474780
0.315885 -0.366430 2.392610
0.304511 -0.459041 2.223310
0.312199 -0.507531 2.190530
0.052510 -0.495717 2.443010
0.142002 -0.557336 2.112240
0.094914 -0.792133 2.050630
0.152291 -0.836933 2.036410
0.220102 -0.506993 2.453480
0.269483 -0.555407 2.113400
0.183421 -0.780357 2.061840
0.066559 -0.746399 2.064070
0.133581 -0.430313 2.455050
0.128860 -0.378422 2.484930
0.111749 -0.080861 2.492640
0.113654 0.125734 2.486230
-0.035279 -0.174237 2.466280
-0.067241 -0.366244 2.383650
-0.012513 -0.461258 2.218330
-0.016873 -0.510691 2.243490
0.272844 -0.179804 2.475280
0.300571 -0.373292 2.394800
0.296919 -0.458488 2.220700
0.307454 -0.506722 2.187830
0.052373 -0.490719 2.436160
0.141605 -0.549840 2.112260
0.098011 -0.781728 2.051780
0.163741 -0.827276 2.047770
0.222943 -0.501824 2.447790
0.277189 -0.544901 2.114100
0.184259 -0.765886 2.064070
0.065897 -0.746317 2.063170
0.134201 -0.427390 2.451820
0.129152 -0.377252 2.485220
0.112305 -0.080142 2.493350
0.114111 0.125790 2.487420
-0.035160 -0.174609 2.466540
-0.043558 -0.380067 2.373420
0.006655 -0.474023 2.207960
0.015596 -0.519318 2.186700
0.273041 -0.180363 2.475700
0.284207 -0.382367 2.392080
0.243763 -0.451646 2.210290
0.264481 -0.499845 2.177980
0.052249 -0.487357 2.430990
0.141265 -0.546111 2.112130
0.100042 -0.774943 2.052550
0.171463 -0.820758 2.054910
0.224590 -0.498398 2.443260
0.280159 -0.541123 2.114120
0.184160 -0.757744 2.065460
0.065477 -0.746190 2.062360
0.134602 -0.424963 2.448210
0.129383 -0.376266 2.485170
0.112784 -0.079566 2.493990
0.114551 0.125814 2.488430
-0.035026 -0.175026 2.466860
-0.033405 -0.385725 2.369030
0.029904 -0.492082 2.211190
0.035985 -0.533116 2.195960
0.273119 -0.180919 2.476090
0.273189 -0.388825 2.389040
0.224470 -0.449574 2.205060
0.242747 -0.496962 2.171340
0.052069 -0.484493 2.425530
0.141049 -0.543676 2.111660
0.101955 -0.772265 2.053330
0.176755 -0.816292 2.059760
0.225571 -0.495828 2.438760
0.279964 -0.536471 2.112680
0.215268 -0.764164 2.060070
0.140586 -0.798996 2.053190
0.134775 -0.423245 2.444980
0.129539 -0.375484 2.484900
0.113164 -0.079138 2.494520
0.115094 0.125828 2.489320
-0.034867 -0.175461 2.467200
-0.025773 -0.390652 2.365220
0.040173 -0.509322 2.215310
0.049020 -0.545028 2.187350
0.273115 -0.181490 2.476410
0.267094 -0.392023 2.387980
0.213116 -0.448308 2.201880
0.229988 -0.495250 2.167280
0.051874 -0.482548 2.421250
0.141151 -0.542796 2.110780
0.103936 -0.774556 2.054160
0.180530 -0.813982 2.062300
0.226034 -0.494168 2.435080
0.279575 -0.533655 2.111370
0.225241 -0.764579 2.058060
0.155787 -0.805918 2.053160
0.134711 -0.422079 2.442370
0.129581 -0.374889 2.484570
0.113417 -0.078845 2.494970
0.115848 0.125769 2.490180
-0.034706 -0.175878 2.467570
-0.020509 -0.394490 2.362310
0.043165 -0.517759 2.212310
0.056174 -0.560550 2.186640
0.273032 -0.182156 2.476700
0.261788 -0.396026 2.383370
0.205013 -0.448121 2.198690
0.220870 -0.494964 2.163310
0.051579 -0.481247 2.418170
0.141614 -0.543660 2.109780
0.105544 -0.779109 2.054850
0.182791 -0.813638 2.062710
0.226102 -0.493154 2.432120
0.276121 -0.548860 2.109750
0.238756 -0.778543 2.057910
0.181892 -0.837758 2.057560
0.134719 -0.421354 2.440430
0.129621 -0.374482 2.484300
0.113526 -0.078663 2.495520
0.116689 0.125656 2.491020
-0.034547 -0.176271 2.467950
-0.017391 -0.396474 2.361080
0.044568 -0.521357 2.212600
0.059855 -0.568950 2.190760
0.272818 -0.182889 2.476990
0.258850 -0.398487 2.380170
0.199273 -0.466411 2.199950
0.213782 -0.503393 2.162900
0.051651 -0.480467 2.415980
0.142595 -0.545169 2.108650
0.106665 -0.783744 2.055290
0.183794 -0.814636 2.061570
0.226129 -0.492534 2.429990
0.273465 -0.552615 2.108050
0.244662 -0.783109 2.056570
0.191590 -0.845747 2.054690
0.134718 -0.420873 2.439030
0.129649 -0.374187 2.484100
0.113572 -0.078523 2.496070
0.117586 0.125525 2.491760
-0.034402 -0.176636 2.468320
-0.015913 -0.397551 2.360310
0.042997 -0.522579 2.213680
0.060960 -0.574669 2.196120
0.272584 -0.183562 2.477250
0.257959 -0.400021 2.377870
0.196331 -0.471015 2.199680
0.209642 -0.506628 2.162260
0.051721 -0.479952 2.414440
0.143586 -0.546902 2.107730
0.107332 -0.787970 2.055510
0.183850 -0.816488 2.059500
0.226136 -0.492132 2.428500
0.268697 -0.553044 2.106220
0.246546 -0.785072 2.055110
0.193788 -0.850694 2.051120
0.134733 -0.420543 2.438070
0.129673 -0.373976 2.483990
0.113545 -0.078417 2.496600
0.118416 0.125375 2.492370
-0.034279 -0.176985 2.468680
-0.016652 -0.397304 2.360240
0.039204 -0.520680 2.214930
0.060658 -0.577797 2.200750
0.272334 -0.184164 2.477470
0.261191 -0.399935 2.377010
0.195671 -0.473504 2.201420
0.207209 -0.508812 2.162950
0.051798 -0.479614 2.413380
0.144417 -0.548533 2.107150
0.107667 -0.791373 2.055570
0.183305 -0.818648 2.057060
0.226187 -0.491836 2.427530
0.261616 -0.545088 2.103100
0.247212 -0.784010 2.053500
0.194744 -0.848014 2.048020
0.134768 -0.420302 2.437430
0.129697 -0.373823 2.483930
0.113479 -0.078348 2.497060
0.119355 0.125246 2.492930
-0.034183 -0.177305 2.469030
-0.018884 -0.396068 2.360700
0.020670 -0.514928 2.214050
0.043348 -0.568517 2.188020
0.272095 -0.184675 2.477670
0.265943 -0.398829 2.376640
0.197478 -0.474738 2.203760
0.206456 -0.510693 2.164170
0.051995 -0.479495 2.412710
0.145050 -0.549968 2.106850
0.107810 -0.792923 2.055530
0.182544 -0.819683 2.054620
0.226268 -0.491648 2.426920
0.258931 -0.541471 2.102020
0.203461 -0.794174 2.056130
0.154797 -0.864558 2.035830
0.135033 -0.420230 2.437130
0.129852 -0.373694 2.483990
0.113414 -0.078308 2.497470
0.120215 0.125123 2.493390
-0.034102 -0.177589 2.469330
-0.023311 -0.393344 2.361940
0.010514 -0.510447 2.214230
0.032225 -0.560797 2.180280
0.271881 -0.185149 2.477850
0.270605 -0.397144 2.376480
0.200430 -0.473862 2.205620
0.206662 -0.511631 2.165290
0.052829 -0.479835 2.412770
0.145403 -0.551508 2.106820
0.107813 -0.794155 2.055400
0.181618 -0.820667 2.052250
0.226840 -0.491758 2.427290
0.196714 -0.651541 2.091770
0.170995 -0.899914 2.028290
0.157055 -0.950881 1.964560
0.135321 -0.420243 2.437010
0.130022 -0.373602 2.484110
0.113349 -0.078285 2.497840
0.120922 0.125026 2.493740
-0.034034 -0.177833 2.469600
-0.027224 -0.390934 2.362880
0.004490 -0.507553 2.214220
0.024692 -0.555122 2.174960
0.271692 -0.185550 2.478000
0.274482 -0.395475 2.376490
0.202008 -0.473310 2.206600
0.207653 -0.512070 2.166490
0.053621 -0.480254 2.413060
0.145540 -0.552481 2.106780
0.107727 -0.795092 2.055260
0.180671 -0.821507 2.050180
0.227403 -0.491952 2.427890
0.173783 -0.689669 2.087730
0.166656 -0.958975 2.009360
0.172737 -0.999276 1.920520
0.135627 -0.420324 2.437040
0.130210 -0.373544 2.484280
0.113285 -0.078273 2.498180
0.121591 0.124972 2.494050
-0.033971 -0.178035 2.469820
-0.030311 -0.388999 2.363580
0.000943 -0.505519 2.214130
0.019945 -0.550848 2.171300
0.271528 -0.185885 2.478120
0.277797 -0.393656 2.376440
0.204660 -0.470869 2.207770
0.208738 -0.511978 2.167610
0.054364 -0.480712 2.413480
0.145486 -0.553507 2.106810
0.101573 -0.817052 2.055710
0.126071 -0.861734 2.001240
0.227926 -0.492187 2.428600
0.161858 -0.711045 2.086030
0.164030 -0.982409 2.002150
0.177693 -1.018070 1.903860
0.135916 -0.420437 2.437130
0.130399 -0.373507 2.484470
0.113271 -0.078268 2.498410
0.122150 0.124933 2.494300
-0.033911 -0.178208 2.470010
-0.032604 -0.387544 2.364110
-0.001370 -0.504273 2.214150
0.016840 -0.548093 2.169010
0.271388 -0.186163 2.478220
0.280272 -0.392280 2.376400
0.205867 -0.469593 2.208420
0.209783 -0.511617 2.168610
0.054971 -0.481120 2.413900
0.145351 -0.554467 2.106860
0.097612 -0.831252 2.056010
0.099995 -0.881264 1.977990
0.228354 -0.492427 2.429270
0.154486 -0.723683 2.084870
0.162962 -0.996621 1.997680
0.181144 -1.029360 1.893730
0.136186 -0.420566 2.437270
0.130588 -0.373488 2.484690
0.113266 -0.078267 2.498600
0.122615 0.124907 2.494490
-0.033857 -0.178355 2.470160
-0.034261 -0.386481 2.364490
-0.002980 -0.503428 2.214180
0.014723 -0.546264 2.167510
0.271267 -0.186396 2.478310
0.282232 -0.391081 2.376500
0.207543 -0.467470 2.209220
0.210996 -0.511104 2.169650
0.055476 -0.481482 2.414300
0.145163 -0.555340 2.106930
0.095044 -0.840481 2.056200
0.088072 -0.890283 1.967320
0.228713 -0.492654 2.429900
0.158069 -0.719811 2.086320
0.165457 -1.002430 1.995380
0.185290 -1.032780 1.890000
0.136436 -0.420697 2.437420
0.130783 -0.373484 2.484920
0.113333 -0.078279 2.498800
0.123076 0.124864 2.494650
-0.033799 -0.178491 2.470300
-0.035297 -0.385863 2.364700
-0.003674 -0.502788 2.214230
0.013368 -0.544986 2.166440
0.271162 -0.186594 2.478390
0.283649 -0.390206 2.376620
0.208399 -0.466430 2.209730
0.212075 -0.510624 2.170600
0.055875 -0.481775 2.414640
0.144962 -0.556093 2.107000
0.093339 -0.846526 2.056320
0.080827 -0.895737 1.960770
0.229000 -0.492847 2.430410
0.160870 -0.716628 2.087490
0.170293 -1.000750 1.995230
0.189136 -1.029530 1.892020
0.136639 -0.420816 2.437560
0.130955 -0.373488 2.485130
0.113404 -0.078291 2.498970
0.123473 0.124826 2.494790
-0.033739 -0.178615 2.470420
-0.036014 -0.385439 2.364860
-0.003274 -0.502524 2.214490
0.012652 -0.544056 2.165790
0.271072 -0.186760 2.478450
0.284691 -0.389623 2.376790
0.209561 -0.465609 2.210330
0.213409 -0.510426 2.171580
0.056157 -0.482005 2.414920
0.144818 -0.556845 2.107130
0.092238 -0.850374 2.056390
0.075868 -0.899381 1.956320
0.229201 -0.493002 2.430790
0.168908 -0.704231 2.090690
0.176454 -0.994218 1.997240
0.192723 -1.022370 1.898120
0.136823 -0.420926 2.437680
0.131130 -0.373500 2.485340
0.113524 -0.078304 2.499120
0.123806 0.124795 2.494890
-0.033671 -0.178748 2.470540
-0.036519 -0.385143 2.364970
-0.001672 -0.503505 2.215660
0.012828 -0.543996 2.166150
0.270999 -0.186892 2.478510
0.285425 -0.389237 2.376970
0.214706 -0.472386 2.214840
0.217605 -0.514924 2.175250
0.056379 -0.482194 2.415150
0.144771 -0.557315 2.107220
0.091504 -0.852970 2.056440
0.073720 -0.900572 1.954450
0.229359 -0.493123 2.431060
0.172752 -0.699103 2.092330
0.182746 -0.986676 2.000090
0.196105 -1.015020 1.905050
0.136972 -0.421021 2.437770
0.131284 -0.373518 2.485520
0.113648 -0.078318 2.499270
0.124159 0.124767 2.495000
-0.033602 -0.178874 2.470640
-0.036885 -0.384942 2.365070
0.000207 -0.504629 2.216860
0.013520 -0.544295 2.166920
0.270935 -0.187004 2.478560
0.285924 -0.389008 2.377180
0.218100 -0.476956 2.217630
0.221022 -0.518651 2.178070
0.056539 -0.482335 2.415320
0.144763 -0.557695 2.107290
0.090968 -0.854881 2.056460
0.073988 -0.899928 1.954540
0.229468 -0.493216 2.431240
0.176011 -0.694807 2.093630
0.187617 -0.980251 2.002590
0.198494 -1.009080 1.910830
0.137093 -0.421101 2.437840
0.131420 -0.373539 2.485670
0.113783 -0.078322 2.499400
0.124496 0.124745 2.495090
-0.033528 -0.178989 2.470730
-0.036325 -0.386347 2.364210
0.008786 -0.505486 2.214560
0.024262 -0.551723 2.186320
0.270883 -0.187099 2.478610
0.286383 -0.388842 2.377650
0.219892 -0.478934 2.219130
0.223875 -0.521412 2.180470
0.056651 -0.482436 2.415430
0.144771 -0.558005 2.107340
0.090567 -0.856242 2.056460
0.075744 -0.898132 1.956080
0.229545 -0.493289 2.431370
0.178743 -0.691219 2.094650
0.191309 -0.975067 2.004660
0.200213 -1.004460 1.915410
0.137229 -0.421185 2.437910
0.131576 -0.373567 2.485830
0.113928 -0.078320 2.499530
0.124856 0.124729 2.495140
-0.033426 -0.179109 2.470810
-0.035919 -0.387311 2.363770
0.012341 -0.511138 2.217140
0.026671 -0.554805 2.189230
0.270839 -0.187181 2.478650
0.286744 -0.388765 2.378150
0.221149 -0.479304 2.219730
0.225383 -0.522206 2.181460
0.056755 -0.482522 2.415520
0.144788 -0.558376 2.107390
0.090344 -0.857178 2.056650
0.078904 -0.895914 1.959690
0.229615 -0.493351 2.431470
0.181104 -0.688291 2.095550
0.194189 -0.971075 2.006430
0.201575 -1.001000 1.919060
