0.313446 0.012841 2.043310
0.308812 0.065124 2.091000
0.297111 0.365917 2.085140
0.298907 0.623876 2.112220
0.134642 0.311769 2.096570
0.104408 0.040463 2.037560
0.121295 -0.167129 1.953580
0.139716 -0.241470 1.926660
0.465621 0.304969 2.105860
0.531495 0.049564 2.087630
0.532435 -0.168778 2.020940
0.525789 -0.258539 1.996700
0.245767 -0.062731 2.029270
0.227697 -0.493111 2.058190
0.229456 -0.782030 2.070370
0.232008 -0.817208 1.984490
0.389667 -0.057082 2.034840
0.402449 -0.496657 2.072200
0.398033 -0.781030 2.082420
0.399825 -0.816497 1.997360
0.314219 0.012931 2.043720
0.309308 0.065126 2.091400
0.297741 0.365945 2.086270
0.299710 0.623987 2.114190
0.134975 0.311668 2.096390
0.104437 0.040178 2.037370
0.120813 -0.168269 1.957130
0.136835 -0.241145 1.935050
0.466742 0.304943 2.108180
0.532370 0.049690 2.090110
0.533407 -0.168573 2.023110
0.526805 -0.258319 1.999000
0.246332 -0.062732 2.029240
0.227912 -0.493080 2.058140
0.229562 -0.782090 2.070330
0.232539 -0.817264 1.984420
0.390630 -0.056972 2.035670
0.402734 -0.496700 2.072330
0.398182 -0.781241 2.082700
0.400467 -0.816701 1.997750
0.314959 0.013045 2.044360
0.309828 0.065150 2.092010
0.298341 0.365927 2.087470
0.300558 0.624036 2.116200
0.135290 0.311598 2.096350
0.104360 0.039732 2.037660
0.120127 -0.170178 1.963810
0.132511 -0.240861 1.946290
0.467730 0.304894 2.110300
0.533216 0.049662 2.092630
0.534575 -0.168828 2.025720
0.527968 -0.258558 2.001650
0.246847 -0.062727 2.029360
0.228123 -0.493088 2.058160
0.229654 -0.782142 2.070300
0.232983 -0.817308 1.984370
0.391508 -0.056880 2.036760
0.403072 -0.496799 2.072560
0.398461 -0.781624 2.083150
0.401251 -0.817055 1.998260
0.315670 0.013169 2.045290
0.310378 0.065194 2.092930
0.298961 0.365915 2.088830
0.301449 0.624092 2.118410
0.135611 0.311554 2.096450
0.104100 0.039128 2.038980
0.119433 -0.171956 1.971920
0.128115 -0.240621 1.957410
0.468595 0.304821 2.112190
0.534062 0.049461 2.095250
0.535757 -0.169111 2.028600
0.529473 -0.258968 2.005230
0.247336 -0.062727 2.029760
0.228353 -0.493152 2.058260
0.229730 -0.782188 2.070270
0.233337 -0.817346 1.984320
0.392293 -0.056835 2.038080
0.403467 -0.496972 2.072900
0.398922 -0.782220 2.083760
0.385178 -0.843018 2.044080
0.316308 0.013283 2.046470
0.310900 0.065250 2.094090
0.299525 0.365897 2.090160
0.302373 0.624135 2.120680
0.136037 0.311566 2.096780
0.103677 0.038216 2.041580
0.118528 -0.173549 1.981320
0.124546 -0.240954 1.967500
0.469428 0.304682 2.114010
0.535380 0.048942 2.098670
0.536935 -0.169359 2.031490
0.530904 -0.259316 2.008670
0.247790 -0.062726 2.030510
0.228573 -0.493233 2.058390
0.229798 -0.782234 2.070240
0.233635 -0.817386 1.984280
0.392945 -0.056853 2.039620
0.403899 -0.497190 2.073350
0.399387 -0.782814 2.084350
0.375893 -0.858145 2.070370
0.316876 0.013392 2.047880
0.311401 0.065312 2.095470
0.300122 0.365858 2.091580
0.303324 0.624150 2.122900
0.136521 0.311576 2.097320
0.103265 0.037174 2.045580
0.117213 -0.174735 1.991400
0.120680 -0.244240 1.977680
0.470178 0.304536 2.115680
0.536595 0.048322 2.101780
0.537988 -0.169684 2.034240
0.532315 -0.259784 2.012070
0.248218 -0.062719 2.031810
0.228777 -0.493332 2.058550
0.229854 -0.782271 2.070210
0.233878 -0.817414 1.984230
0.393451 -0.056893 2.041130
0.404346 -0.497431 2.073870
0.399808 -0.783363 2.084890
0.372592 -0.863978 2.080380
0.317359 0.013440 2.049470
0.311870 0.065326 2.097040
0.300817 0.365761 2.093130
0.304182 0.624100 2.124980
0.137057 0.311609 2.098020
0.102939 0.036062 2.050700
0.115929 -0.175771 2.000430
0.117639 -0.247877 1.986190
0.470829 0.304389 2.117180
0.537881 0.047668 2.104870
0.538923 -0.169939 2.037020
0.533459 -0.260118 2.015190
0.248561 -0.062752 2.033470
0.228962 -0.493435 2.058720
0.229906 -0.782306 2.070180
0.234089 -0.817439 1.984190
0.393817 -0.057005 2.042710
0.404842 -0.497733 2.074560
0.400229 -0.783885 2.085400
0.370491 -0.867643 2.086720
0.317769 0.013443 2.051200
0.312312 0.065305 2.098750
0.301563 0.365605 2.094720
0.305030 0.623987 2.127030
0.137605 0.311648 2.098940
0.102721 0.035301 2.056320
0.114403 -0.176473 2.009280
0.114202 -0.249212 1.995030
0.471429 0.304244 2.118570
0.538909 0.047111 2.107370
0.539773 -0.170192 2.039680
0.534373 -0.260399 2.017890
0.248813 -0.062842 2.035470
0.229161 -0.493565 2.058950
0.230150 -0.782407 2.070160
0.234540 -0.817523 1.984180
0.394087 -0.057168 2.044290
0.405392 -0.498166 2.075500
0.400672 -0.784445 2.085920
0.369500 -0.869757 2.090050
0.318098 0.013442 2.053020
0.312693 0.065294 2.100520
0.302321 0.365466 2.096280
0.305746 0.623895 2.128930
0.138192 0.311645 2.099990
0.102577 0.034558 2.061950
0.112852 -0.177164 2.016790
0.111578 -0.249408 2.002370
0.472095 0.304118 2.120070
0.539802 0.046633 2.109530
0.540569 -0.170401 2.042260
0.535135 -0.260611 2.020350
0.248969 -0.062911 2.037480
0.229375 -0.493757 2.059260
0.230350 -0.782448 2.070130
0.234939 -0.817538 1.984160
0.394263 -0.057368 2.046040
0.405913 -0.498641 2.076550
0.401155 -0.785014 2.086490
0.369608 -0.869910 2.089860
0.318329 0.013352 2.054850
0.313012 0.065234 2.102290
0.302991 0.365347 2.097700
0.306385 0.623817 2.130680
0.138814 0.311633 2.101190
0.102515 0.034103 2.067250
0.111616 -0.177557 2.022840
0.109300 -0.247977 2.009880
0.472619 0.304002 2.121300
0.540597 0.046185 2.111500
0.541289 -0.170689 2.044670
0.535767 -0.260857 2.022470
0.249029 -0.063041 2.039700
0.229619 -0.494076 2.059710
0.231523 -0.782771 2.070240
0.236349 -0.817825 1.984320
0.394333 -0.057621 2.047730
0.406431 -0.499179 2.077720
0.401607 -0.785554 2.087040
0.370688 -0.868976 2.087550
0.318492 0.013289 2.056650
0.313287 0.065211 2.104030
0.303609 0.365272 2.099040
0.306928 0.623784 2.132270
0.139387 0.311565 2.102500
0.102537 0.033720 2.072100
0.110515 -0.177886 2.027770
0.107633 -0.248479 2.016180
0.473038 0.303930 2.122390
0.541355 0.045453 2.113330
0.541926 -0.170932 2.046820
0.536284 -0.261044 2.024260
0.249031 -0.063102 2.042030
0.230098 -0.494677 2.060800
0.232445 -0.782978 2.070320
0.237407 -0.817996 1.984430
0.394339 -0.057833 2.049290
0.406907 -0.499632 2.078860
0.402016 -0.786024 2.087540
0.372017 -0.867443 2.084330
0.318612 0.013214 2.058390
0.313533 0.065186 2.105710
0.304158 0.365202 2.100240
0.307362 0.623753 2.133640
0.139915 0.311474 2.103960
0.102625 0.033400 2.076220
0.109651 -0.178160 2.031650
0.106461 -0.248494 2.020790
0.473379 0.303906 2.123390
0.541975 0.044850 2.114850
0.542530 -0.171212 2.048840
0.536833 -0.261310 2.026160
0.249013 -0.063168 2.044240
0.230678 -0.495372 2.062220
0.233131 -0.783147 2.070390
0.238151 -0.818134 1.984530
0.394305 -0.058043 2.050840
0.407359 -0.500144 2.080070
0.402421 -0.786468 2.088030
0.373167 -0.866003 2.081490
0.318711 0.013099 2.060120
0.313759 0.065137 2.107370
0.304625 0.365149 2.101400
0.307710 0.623737 2.134850
0.140471 0.311409 2.105470
0.102711 0.033217 2.079840
0.108986 -0.178301 2.034590
0.105653 -0.248255 2.024320
0.473660 0.303905 2.124280
0.542487 0.044375 2.116120
0.543087 -0.171436 2.050710
0.537287 -0.261509 2.027880
0.249016 -0.063236 2.046330
0.231171 -0.495966 2.063460
0.233823 -0.783310 2.070470
0.238847 -0.818268 1.984630
0.394257 -0.058277 2.052420
0.407807 -0.500615 2.081320
0.402782 -0.786844 2.088460
0.374374 -0.864882 2.079260
0.318777 0.012957 2.061660
0.313948 0.065070 2.108860
0.305043 0.365143 2.102480
0.307984 0.623763 2.135920
0.141018 0.311339 2.106950
0.102808 0.033052 2.082820
0.108521 -0.178430 2.036950
0.105073 -0.246868 2.027880
0.473881 0.303945 2.125100
0.542916 0.044037 2.117250
0.543521 -0.171633 2.052220
0.537636 -0.261688 2.029280
0.249005 -0.063311 2.048110
0.231727 -0.496541 2.064990
0.234405 -0.783452 2.070550
0.239405 -0.818383 1.984720
0.394191 -0.058512 2.053860
0.408190 -0.500973 2.082470
0.403137 -0.787161 2.088900
0.375377 -0.863827 2.077340
0.318835 0.012867 2.063160
0.314124 0.065055 2.110310
0.305425 0.365194 2.103560
0.308247 0.623850 2.137070
0.141484 0.311309 2.108350
0.102938 0.032986 2.085220
0.108182 -0.178488 2.038840
0.104719 -0.245518 2.030520
0.474050 0.304008 2.125860
0.543254 0.043782 2.118230
0.543895 -0.171807 2.053550
0.537909 -0.261837 2.030480
0.249009 -0.063313 2.049930
0.232229 -0.496941 2.066510
0.234818 -0.783548 2.070620
0.239790 -0.818460 1.984800
0.394126 -0.058683 2.055190
0.408515 -0.501266 2.083520
0.403421 -0.787410 2.089250
0.376189 -0.863013 2.075870
0.318881 0.012793 2.064570
0.314296 0.065059 2.111690
0.305773 0.365279 2.104590
0.308452 0.623962 2.138070
0.141854 0.311277 2.109890
0.103063 0.032931 2.087090
0.107960 -0.178534 2.040260
0.104535 -0.244017 2.032480
0.474190 0.304083 2.126610
0.543547 0.043587 2.119120
0.544235 -0.171990 2.054810
0.538192 -0.261995 2.031620
0.249001 -0.063308 2.051560
0.232555 -0.497166 2.067700
0.235108 -0.783628 2.070680
0.240043 -0.818522 1.984870
0.394073 -0.058843 2.056510
0.408798 -0.501483 2.084510
0.403668 -0.787601 2.089560
0.376741 -0.862396 2.074890
0.318936 0.012738 2.065890
0.314465 0.065080 2.112990
0.306124 0.365423 2.105650
0.308681 0.624130 2.139070
0.142207 0.311260 2.111420
0.103196 0.032901 2.088570
0.107820 -0.178559 2.041310
0.104598 -0.242463 2.033880
0.474353 0.304225 2.127500
0.543791 0.043462 2.119900
0.544561 -0.172166 2.056010
0.538457 -0.262146 2.032700
0.249006 -0.063295 2.053030
0.232755 -0.497246 2.068710
0.235305 -0.783686 2.070740
0.240218 -0.818569 1.984930
0.394047 -0.058970 2.057740
0.409101 -0.501673 2.085550
0.403888 -0.787760 2.089830
0.377178 -0.861934 2.074160
0.319008 0.012718 2.067190
0.314619 0.065131 2.114280
0.306481 0.365600 2.106740
0.308955 0.624337 2.140120
0.142515 0.311294 2.112970
0.103314 0.032890 2.089690
0.107748 -0.178568 2.042080
0.104940 -0.241221 2.034730
0.474842 0.304340 2.128930
0.543996 0.043367 2.120610
0.544821 -0.172298 2.057020
0.538667 -0.262253 2.033600
0.249004 -0.063278 2.054420
0.232901 -0.497274 2.069670
0.235450 -0.783728 2.070790
0.240352 -0.818605 1.984980
0.394074 -0.059091 2.058970
0.409398 -0.501832 2.086560
0.404169 -0.787937 2.090220
0.377491 -0.861529 2.073590
0.319138 0.012681 2.068490
0.314817 0.065174 2.115560
0.306853 0.365821 2.107860
0.309288 0.624604 2.141320
0.142804 0.311321 2.114520
0.103430 0.032873 2.090570
0.107742 -0.178574 2.042660
0.105462 -0.240106 2.035170
0.475424 0.304456 2.130480
0.544194 0.043320 2.121280
0.545047 -0.172401 2.057940
0.538853 -0.262334 2.034410
0.249046 -0.063309 2.055790
0.233047 -0.497308 2.070820
0.235553 -0.783752 2.070830
0.240446 -0.818624 1.985030
0.394204 -0.059234 2.060210
0.409691 -0.501954 2.087530
0.404463 -0.788078 2.090610
0.377722 -0.861181 2.073170
0.319352 0.012563 2.069810
0.315084 0.065163 2.116860
0.307260 0.366117 2.109070
0.309643 0.624965 2.142720
0.143090 0.311328 2.115930
0.103542 0.032858 2.091230
0.107781 -0.178573 2.043080
0.108538 -0.242430 2.032920
0.475892 0.304561 2.131830
0.544392 0.043303 2.121940
0.545232 -0.172478 2.058790
0.539021 -0.262399 2.035200
0.249189 -0.063426 2.057200
0.233148 -0.497332 2.071800
0.235627 -0.783765 2.070890
0.240506 -0.818632 1.985100
0.394416 -0.059402 2.061450
0.409982 -0.502040 2.088520
0.404708 -0.788154 2.090980
0.377932 -0.860873 2.072850
0.319613 0.012398 2.071160
0.315376 0.065111 2.118210
0.307698 0.366487 2.110450
0.309965 0.625386 2.144190
0.143379 0.311329 2.117230
0.103656 0.032846 2.091760
0.107882 -0.178561 2.043350
0.110697 -0.243213 2.031000
0.476440 0.304609 2.133280
0.544585 0.042965 2.122650
0.545417 -0.172514 2.059660
0.539173 -0.262417 2.035960
0.249347 -0.063577 2.058500
0.233201 -0.497338 2.072630
0.235676 -0.783773 2.070940
0.240544 -0.818638 1.985160
0.394749 -0.059659 2.062870
0.410256 -0.502071 2.089490
0.404933 -0.788181 2.091310
0.378111 -0.860591 2.072620
0.319932 0.012167 2.072570
0.315707 0.065005 2.119610
0.308171 0.366954 2.112030
0.310249 0.625866 2.145650
0.143726 0.311320 2.118470
0.103776 0.032835 2.092160
0.108146 -0.178518 2.043420
0.112500 -0.243259 2.029150
0.476943 0.304676 2.134760
0.544815 0.042720 2.123420
0.545586 -0.172505 2.060490
0.539322 -0.262395 2.036720
0.249569 -0.063785 2.059830
0.233227 -0.497347 2.073410
0.235694 -0.783776 2.071010
0.240554 -0.818638 1.985240
0.395135 -0.059936 2.064310
0.410550 -0.502088 2.090570
0.405139 -0.788187 2.091610
0.378254 -0.860354 2.072470
0.320376 0.011780 2.074140
0.316151 0.064792 2.121160
0.308762 0.367512 2.113800
0.310528 0.626403 2.147110
0.144214 0.311325 2.119720
0.103921 0.032821 2.092490
0.108642 -0.178431 2.043180
0.114080 -0.243028 2.027290
0.477369 0.304722 2.136120
0.545055 0.042577 2.124280
0.545745 -0.172442 2.061330
0.539437 -0.262324 2.037550
0.249924 -0.064120 2.061340
0.233228 -0.497361 2.074210
0.235675 -0.783784 2.071090
0.240524 -0.818645 1.985330
0.395609 -0.060289 2.065850
0.410846 -0.502079 2.091670
0.405374 -0.788158 2.091950
0.378398 -0.860108 2.072370
0.320864 0.011402 2.075710
0.316591 0.064591 2.122710
0.309362 0.368139 2.115590
0.310763 0.626976 2.148440
0.144760 0.311342 2.121010
0.104073 0.032808 2.092740
0.109692 -0.178239 2.042430
0.115715 -0.242872 2.025180
0.478076 0.304896 2.138260
0.545262 0.042536 2.125260
0.545905 -0.172343 2.062230
0.539526 -0.262214 2.038410
0.250317 -0.064472 2.062860
0.233218 -0.497375 2.074980
0.235616 -0.783794 2.071190
0.240485 -0.818654 1.985440
0.396166 -0.060636 2.067430
0.411195 -0.502102 2.092960
0.405590 -0.788122 2.092260
0.378519 -0.859899 2.072330
0.321460 0.010913 2.077390
0.317118 0.064322 2.124360
0.310031 0.368881 2.117500
0.311135 0.627742 2.150200
0.145459 0.311363 2.122290
0.104274 0.032783 2.092960
0.111139 -0.178003 2.041280
0.117317 -0.242866 2.023110
0.478647 0.305035 2.140170
0.545503 0.042618 2.126460
0.546066 -0.172163 2.063250
0.539575 -0.262021 2.039300
0.250829 -0.064890 2.064460
0.233233 -0.497512 2.076060
0.235532 -0.783805 2.071320
0.240427 -0.818666 1.985560
0.396813 -0.061036 2.069160
0.411603 -0.502138 2.094400
0.405828 -0.788074 2.092620
0.378650 -0.859700 2.072370
0.322162 0.010292 2.079230
0.317740 0.063970 2.126150
0.310723 0.369634 2.119390
0.311427 0.628480 2.151780
0.146331 0.311375 2.123660
0.104549 0.032787 2.093140
0.112691 -0.177650 2.039970
0.118968 -0.242662 2.021090
0.479112 0.305129 2.141920
0.545726 0.042786 2.127750
0.546270 -0.171922 2.064440
0.539611 -0.261761 2.040250
0.251473 -0.065410 2.066230
0.233271 -0.497721 2.077270
0.235413 -0.783833 2.071480
0.240336 -0.818696 1.985730
0.397546 -0.061514 2.071090
0.412007 -0.502277 2.096020
0.406051 -0.788032 2.092970
0.378788 -0.859532 2.072450
0.323067 0.009616 2.081390
0.318470 0.063605 2.128210
0.311388 0.370366 2.121250
0.311688 0.629183 2.153210
0.147308 0.311371 2.125040
0.104895 0.032785 2.093290
0.114126 -0.177342 2.038720
0.120601 -0.242220 2.019270
0.479620 0.305287 2.144310
0.545970 0.043224 2.129390
0.546538 -0.171503 2.065990
0.539655 -0.261320 2.041440
0.252420 -0.065989 2.068400
0.233369 -0.497923 2.078930
0.235284 -0.783870 2.071680
0.240273 -0.818736 1.985930
0.398527 -0.062011 2.073520
0.412429 -0.502417 2.097710
0.406264 -0.787991 2.093310
0.378918 -0.859380 2.072570
0.324053 0.008945 2.083720
0.319237 0.063272 2.130410
0.312069 0.371253 2.123210
0.312009 0.630044 2.154750
0.148378 0.311325 2.126440
0.105283 0.032798 2.093430
0.115579 -0.177009 2.037530
0.122150 -0.241759 2.017690
0.480163 0.305626 2.147120
0.546151 0.043745 2.131310
0.546937 -0.171145 2.067840
0.539834 -0.260930 2.043270
0.253424 -0.066550 2.070630
0.233506 -0.498081 2.080600
0.235149 -0.783901 2.071910
0.240231 -0.818775 1.986160
0.399676 -0.062500 2.076400
0.412847 -0.502537 2.099410
0.406568 -0.787992 2.093820
0.379025 -0.859233 2.072720
0.325308 0.008260 2.086660
0.320223 0.062987 2.133140
0.312752 0.372111 2.125120
0.312757 0.631051 2.156870
0.149553 0.311363 2.128020
0.105782 0.032788 2.093570
0.117146 -0.176726 2.036380
0.123616 -0.241378 2.016330
0.480764 0.305968 2.150000
0.546394 0.044330 2.133630
0.547702 -0.170818 2.070770
0.540299 -0.260549 2.046010
0.254722 -0.067148 2.073450
0.234010 -0.498615 2.083510
0.235450 -0.784157 2.072550
0.240775 -0.819107 1.986930
0.401214 -0.063036 2.080300
0.413281 -0.502607 2.101130
0.406932 -0.788061 2.094490
0.379133 -0.859109 2.072920
0.326679 0.007599 2.089980
0.321319 0.062761 2.136250
0.313440 0.373031 2.127120
0.313462 0.632033 2.158710
0.150785 0.311468 2.129800
0.106426 0.032737 2.093740
0.118533 -0.176540 2.035420
0.125491 -0.241514 2.015050
0.481500 0.306176 2.152930
0.546740 0.044927 2.136790
0.548538 -0.170535 2.074120
0.540754 -0.260182 2.049040
0.256044 -0.067713 2.076410
0.234538 -0.499096 2.086090
0.235693 -0.784463 2.073200
0.241242 -0.819499 1.987690
0.403028 -0.063711 2.085030
0.413684 -0.502601 2.102900
0.407477 -0.788292 2.095430
0.379166 -0.858979 2.073140
0.328264 0.007065 2.093940
0.322634 0.062697 2.139940
0.314252 0.374059 2.129290
0.314255 0.633039 2.160360
0.151990 0.311624 2.131710
0.107313 0.032656 2.094020
0.119901 -0.176397 2.034680
0.127226 -0.241692 2.014170
0.482388 0.306266 2.155920
0.547646 0.045857 2.141480
0.549476 -0.170310 2.078110
0.541480 -0.259983 2.053710
0.257478 -0.068213 2.079750
0.235047 -0.499517 2.088250
0.235885 -0.784936 2.073890
0.241652 -0.820082 1.988490
0.405154 -0.064369 2.090790
0.414118 -0.502481 2.104820
0.407995 -0.788551 2.096310
0.378812 -0.858826 2.074270
0.330165 0.006809 2.098670
0.324060 0.062909 2.144210
0.315057 0.375131 2.131600
0.315250 0.634075 2.161940
0.153169 0.311820 2.133650
0.108568 0.032522 2.094490
0.121376 -0.176326 2.034210
0.128753 -0.241672 2.013750
0.484994 0.306587 2.161120
0.548726 0.046631 2.146750
0.550275 -0.170316 2.082490
0.542151 -0.260167 2.059520
0.259130 -0.068609 2.083710
0.235602 -0.499793 2.090210
0.236047 -0.785407 2.074530
0.242153 -0.820704 1.989280
0.407860 -0.064968 2.097470
0.414520 -0.502340 2.106740
0.408515 -0.788871 2.097160
0.378307 -0.858699 2.075560
0.332202 0.006454 2.103870
0.325630 0.063132 2.148690
0.315952 0.376270 2.133940
0.316413 0.635147 2.163320
0.154405 0.311974 2.135480
0.110236 0.032358 2.095240
0.122879 -0.176287 2.034000
0.130526 -0.241325 2.013990
0.487012 0.306878 2.165080
0.550134 0.047150 2.152680
0.551198 -0.170865 2.088950
0.542900 -0.260262 2.067280
0.261056 -0.069080 2.088440
0.236189 -0.500034 2.092140
0.236174 -0.785833 2.075090
0.242576 -0.821280 1.989970
0.410469 -0.065657 2.104440
0.414881 -0.502216 2.108580
0.409166 -0.789440 2.098190
0.377711 -0.858583 2.076580
0.334050 0.006115 2.109150
0.327107 0.063417 2.152950
0.316963 0.377422 2.136140
0.317731 0.636242 2.164460
0.155630 0.312141 2.137210
0.112184 0.032105 2.096330
0.124799 -0.176389 2.034380
0.132632 -0.240695 2.015050
0.488764 0.307175 2.168430
0.551400 0.047469 2.158150
0.552107 -0.172115 2.096280
0.543877 -0.260294 2.075390
0.262855 -0.069550 2.093870
0.236885 -0.500240 2.094110
0.236236 -0.786217 2.075570
0.242899 -0.821814 1.990570
0.412586 -0.066330 2.111060
0.415232 -0.502070 2.110270
0.409808 -0.790182 2.099230
0.377132 -0.858542 2.077380
0.335954 0.005814 2.114800
0.328642 0.063799 2.157140
0.318034 0.378530 2.138110
0.319136 0.637181 2.165320
0.156712 0.312248 2.138690
0.114500 0.031629 2.097880
0.127842 -0.176943 2.036180
0.135619 -0.241528 2.017430
0.490431 0.307479 2.171370
0.553119 0.047320 2.164360
0.553180 -0.173832 2.104170
0.545851 -0.261732 2.085900
0.264701 -0.070100 2.100110
0.237511 -0.500363 2.095850
0.236281 -0.786572 2.076000
0.243202 -0.822343 1.991130
0.414731 -0.067010 2.118000
0.415579 -0.501909 2.111890
0.410428 -0.790967 2.100240
0.376550 -0.858543 2.078160
0.338078 0.005440 2.120830
0.330398 0.064235 2.161280
0.319543 0.379939 2.140160
0.320862 0.637824 2.165780
0.158018 0.312266 2.140100
0.116932 0.031134 2.099810
0.131944 -0.177862 2.040080
0.139371 -0.240333 2.022760
0.492084 0.307767 2.174070
0.554973 0.045920 2.170850
0.554155 -0.175530 2.111750
0.547234 -0.263346 2.094880
0.266662 -0.070668 2.106520
0.238212 -0.500515 2.097810
0.236305 -0.786914 2.076400
0.243490 -0.822886 1.991660
0.417093 -0.067727 2.125720
0.415982 -0.501722 2.113710
0.411057 -0.791823 2.101280
0.376012 -0.858526 2.078760
0.340502 0.005131 2.127390
0.332422 0.065425 2.165760
0.326162 0.415723 2.147620
0.323431 0.638183 2.165510
0.160033 0.312165 2.141590
0.119696 0.030566 2.102250
0.136994 -0.179236 2.046600
0.142984 -0.238895 2.029460
0.495179 0.307793 2.177980
0.556762 0.043988 2.176740
0.555760 -0.177210 2.120710
0.549012 -0.263518 2.105580
0.268988 -0.071150 2.113730
0.238984 -0.500623 2.100080
0.236306 -0.787246 2.076790
0.243839 -0.823472 1.992230
0.419975 -0.068465 2.134430
0.416451 -0.501575 2.115910
0.411547 -0.792583 2.102210
0.375989 -0.859257 2.080320
0.342969 0.004715 2.134340
0.334436 0.066805 2.169910
0.329007 0.430830 2.150650
0.326964 0.637840 2.164270
0.162068 0.311883 2.142850
0.122613 0.029979 2.105130
0.141939 -0.180743 2.054520
0.146766 -0.237437 2.037930
0.497833 0.307611 2.181090
0.558673 0.041215 2.182450
0.557703 -0.178734 2.129860
0.550220 -0.262954 2.115170
0.271431 -0.071743 2.121910
0.239853 -0.500829 2.103170
0.236285 -0.787623 2.077250
0.244187 -0.824161 1.992900
0.422814 -0.069350 2.143390
0.416985 -0.501431 2.118700
0.412367 -0.793959 2.104250
0.375976 -0.860373 2.082880
0.345404 0.004102 2.141650
0.336369 0.068073 2.173540
0.330521 0.437707 2.152000
0.332422 0.636064 2.161090
0.164238 0.311408 2.143910
0.125603 0.029125 2.108300
0.145411 -0.182454 2.061800
0.149925 -0.236390 2.046370
0.500479 0.307154 2.183800
0.560759 0.037766 2.187950
0.559618 -0.180471 2.139680
0.551394 -0.262433 2.124130
0.273772 -0.072567 2.130800
0.240751 -0.501366 2.107910
0.236243 -0.788033 2.077810
0.244542 -0.824962 1.993740
0.425672 -0.070530 2.153040
0.417723 -0.501324 2.122270
0.412912 -0.795162 2.106110
0.376507 -0.862135 2.086240
0.347697 0.003158 2.149570
0.338253 0.069065 2.176790
0.331756 0.441832 2.152680
0.339136 0.632739 2.155690
0.166807 0.310422 2.144830
0.129055 0.027262 2.112360
0.148179 -0.185107 2.069130
0.154634 -0.246560 2.060770
0.502973 0.306404 2.186050
0.562513 0.034805 2.192780
0.561482 -0.182791 2.150270
0.552793 -0.262324 2.134500
0.275802 -0.073736 2.140650
0.241452 -0.501506 2.113450
0.236221 -0.788626 2.078660
0.244992 -0.826139 1.995000
0.428161 -0.071981 2.163450
0.418752 -0.501127 2.127010
0.413255 -0.796237 2.107830
0.377022 -0.863808 2.089280
0.349850 0.001808 2.158410
0.340156 0.069694 2.180080
0.333346 0.441983 2.151750
0.348275 0.625727 2.145850
0.169582 0.309034 2.145490
0.132320 0.024505 2.116720
0.150289 -0.189066 2.077850
0.157819 -0.272486 2.075300
0.505196 0.305532 2.187870
0.564367 0.031661 2.197580
0.562646 -0.185259 2.160340
0.553850 -0.262601 2.145750
0.277617 -0.075275 2.151370
0.241933 -0.501217 2.118660
0.236200 -0.789329 2.079790
0.245477 -0.827601 1.996670
0.430375 -0.073726 2.175400
0.420244 -0.500528 2.134100
0.413425 -0.797113 2.109510
0.406458 -0.849755 2.055960
0.352191 -0.000868 2.169050
0.342423 0.069384 2.184230
0.335505 0.435970 2.148760
0.357377 0.615574 2.132970
0.173774 0.305636 2.145520
0.135501 0.019713 2.121950
0.151773 -0.195764 2.089290
0.158480 -0.277558 2.081710
0.508185 0.303597 2.189610
0.566472 0.027465 2.202750
0.563066 -0.188587 2.169270
0.554544 -0.264545 2.158000
0.279517 -0.078157 2.164040
0.242207 -0.500642 2.123380
0.236176 -0.790092 2.081100
0.246035 -0.829321 1.998680
0.432870 -0.077045 2.189710
0.421511 -0.500102 2.140610
0.413433 -0.797997 2.111550
0.398994 -0.857893 2.073250
0.354139 -0.004413 2.179450
0.344764 0.067807 2.188900
0.338191 0.421548 2.143270
0.364590 0.603416 2.118450
0.178221 0.300860 2.144760
0.138076 0.013765 2.127230
0.150724 -0.205373 2.107550
0.151847 -0.298866 2.103250
0.512231 0.298958 2.191160
0.568708 0.022427 2.208260
0.564559 -0.195813 2.181630
0.555045 -0.272532 2.173690
0.281173 -0.081895 2.176400
0.242223 -0.499922 2.127700
0.236111 -0.790932 2.082600
0.246550 -0.831301 2.000970
0.434666 -0.081041 2.203000
0.422744 -0.500093 2.146910
0.413395 -0.798659 2.113180
0.416709 -0.849366 2.052240
0.355963 -0.010970 2.191700
0.347696 0.062583 2.195700
0.342973 0.395568 2.134790
0.372641 0.587072 2.102390
0.183872 0.291714 2.142550
0.139950 0.004829 2.133080
0.147756 -0.216615 2.125520
0.145457 -0.314722 2.120610
0.518716 0.285830 2.192370
0.570903 0.014729 2.214750
0.565870 -0.202674 2.191690
0.557198 -0.283207 2.189220
0.282625 -0.088712 2.191350
0.242156 -0.498744 2.132410
0.236090 -0.791640 2.084040
0.247105 -0.833367 2.003400
0.435927 -0.088172 2.218400
0.424024 -0.499877 2.152630
0.413286 -0.799155 2.114460
0.423665 -0.846525 2.044210
0.357109 -0.020446 2.204700
0.350453 0.052816 2.204270
0.346614 0.372505 2.128840
0.378627 0.566958 2.085090
0.189625 0.277963 2.139100
0.141388 -0.007619 2.138930
0.143197 -0.228576 2.139240
0.138290 -0.328818 2.135850
0.525563 0.267839 2.193120
0.572889 0.000456 2.223330
0.567989 -0.215985 2.204070
0.561658 -0.295033 2.207310
0.283208 -0.097989 2.206280
0.241756 -0.497982 2.137500
0.236062 -0.792249 2.085460
0.247630 -0.835404 2.005860
0.436266 -0.098519 2.234970
0.425501 -0.499859 2.157750
0.413173 -0.799511 2.115450
0.427497 -0.845181 2.040060
0.358469 -0.035035 2.219750
0.353410 0.036619 2.214910
0.349506 0.345993 2.122980
0.383141 0.544395 2.068260
0.195817 0.260869 2.135140
0.142380 -0.022337 2.144030
0.135190 -0.241931 2.150690
0.127683 -0.342553 2.151530
0.530624 0.247817 2.193000
0.574759 -0.019509 2.232050
0.571706 -0.236794 2.220820
0.565568 -0.309523 2.223240
0.284678 -0.111494 2.223450
0.240999 -0.497277 2.142360
0.236105 -0.792768 2.086800
0.248204 -0.837547 2.008390
0.436427 -0.111525 2.252070
0.426908 -0.499576 2.162300
0.413079 -0.799768 2.116200
0.430016 -0.844380 2.037480
0.359870 -0.050477 2.233720
0.356072 0.019004 2.225050
0.351819 0.322940 2.119020
0.386612 0.518804 2.053240
0.201758 0.241670 2.131660
0.143088 -0.039248 2.148710
0.128004 -0.256809 2.164730
0.116488 -0.356427 2.171360
0.536637 0.221035 2.192050
0.575780 -0.032737 2.236830
0.574715 -0.250584 2.233360
0.568811 -0.320362 2.235070
0.286239 -0.126316 2.240360
0.239704 -0.496697 2.146870
0.236168 -0.793128 2.087860
0.248609 -0.839445 2.010550
0.437034 -0.126413 2.269090
0.428162 -0.499518 2.166230
0.413018 -0.799950 2.116750
0.431666 -0.844120 2.035760
0.360932 -0.067779 2.246200
0.358184 -0.001323 2.234230
0.354379 0.292872 2.114960
0.389370 0.486909 2.038630
0.206516 0.218418 2.129670
0.143256 -0.060940 2.155150
0.121938 -0.278090 2.182220
0.106613 -0.367864 2.186030
0.539899 0.194207 2.190480
0.577362 -0.062226 2.243550
0.579723 -0.279377 2.251830
0.575381 -0.362720 2.263420
0.287706 -0.142102 2.255740
0.238456 -0.496641 2.150280
0.236187 -0.793212 2.088410
0.248762 -0.840512 2.011730
0.437056 -0.141144 2.282590
0.429284 -0.499586 2.169890
0.412943 -0.800003 2.117090
0.432236 -0.844334 2.034790
0.360737 -0.095217 2.261340
0.358996 -0.030821 2.245100
0.356222 0.263063 2.112990
0.391751 0.454946 2.029430
0.210250 0.189057 2.130790
0.143126 -0.088987 2.164790
0.117509 -0.300312 2.195270
0.097099 -0.390774 2.206970
0.541970 0.162052 2.189810
0.577637 -0.094770 2.250280
0.583662 -0.309704 2.268540
0.582940 -0.403399 2.287490
0.288339 -0.168152 2.276290
0.236503 -0.496983 2.153250
0.235801 -0.791380 2.087630
0.248522 -0.840774 2.012080
0.435085 -0.165150 2.297940
0.430975 -0.500573 2.174130
0.412755 -0.799690 2.117210
0.431731 -0.844733 2.034470
0.362481 -0.123761 2.275140
0.361209 -0.061072 2.255120
0.358022 0.226253 2.112050
0.393995 0.420412 2.022730
0.213312 0.162400 2.133780
0.142031 -0.113447 2.174800
0.115140 -0.321954 2.207030
0.092876 -0.411974 2.223580
0.542966 0.125016 2.188960
0.577010 -0.129307 2.256820
0.589325 -0.341834 2.286450
0.589342 -0.439132 2.304490
0.290993 -0.193300 2.295400
0.233743 -0.498862 2.155250
0.234121 -0.783428 2.083790
0.246232 -0.837283 2.010300
0.435643 -0.191595 2.311160
0.434065 -0.504482 2.179620
0.412456 -0.798862 2.117120
0.429955 -0.845283 2.034950
0.363338 -0.155021 2.288000
0.362116 -0.093066 2.264710
0.357799 0.195621 2.113120
0.396021 0.377218 2.017540
0.216014 0.132654 2.140420
0.140196 -0.140441 2.186910
0.113690 -0.348017 2.221910
0.095948 -0.439407 2.243750
0.542064 0.095688 2.189700
0.575236 -0.162663 2.264220
0.597247 -0.372269 2.300660
0.594495 -0.460144 2.314420
0.292649 -0.217702 2.310810
0.227663 -0.508192 2.154510
0.232512 -0.775366 2.079710
0.243435 -0.832570 2.007760
0.435915 -0.224062 2.324520
0.438503 -0.518866 2.182470
0.412134 -0.796890 2.116580
0.428036 -0.845248 2.035510
0.364279 -0.179101 2.297400
0.362968 -0.118370 2.271880
0.357243 0.162898 2.114770
0.397221 0.345363 2.016430
0.217445 0.093356 2.153180
0.139976 -0.177744 2.205860
0.115481 -0.385877 2.238390
0.104378 -0.475178 2.268350
0.541268 0.069623 2.192730
0.574468 -0.183072 2.268650
0.601327 -0.390795 2.312950
0.602345 -0.481985 2.331770
0.294237 -0.243153 2.324100
0.219655 -0.530809 2.147460
0.236628 -0.810379 2.067770
0.245044 -0.871647 1.996840
0.436783 -0.246369 2.334250
0.442566 -0.536094 2.183600
0.407211 -0.821952 2.110410
0.412732 -0.896113 2.033300
0.364138 -0.208498 2.309440
0.362534 -0.149614 2.282390
0.355050 0.125669 2.122500
0.398353 0.315814 2.018650
0.217879 0.065790 2.162810
0.139514 -0.200601 2.218810
0.120508 -0.419142 2.260200
0.105199 -0.503513 2.302680
0.539840 0.039549 2.199080
0.571445 -0.213018 2.278140
0.602963 -0.417959 2.325830
0.605742 -0.500928 2.342020
0.294811 -0.272814 2.339210
0.215781 -0.543063 2.143250
0.241277 -0.834869 2.062880
0.248104 -0.899702 1.992540
0.436706 -0.272612 2.345700
0.447378 -0.557408 2.180260
0.401660 -0.848383 2.104970
0.401393 -0.929623 2.033810
0.364067 -0.235745 2.320180
0.362178 -0.178034 2.292340
0.353289 0.092601 2.133550
0.400269 0.280982 2.025290
0.217997 0.032421 2.176210
0.140495 -0.222834 2.233270
0.122227 -0.437147 2.271150
0.105056 -0.518843 2.316920
0.537817 0.000960 2.211910
0.571055 -0.227179 2.282060
0.603659 -0.431257 2.332660
0.607646 -0.513196 2.348840
0.294494 -0.303015 2.351740
0.213387 -0.554268 2.138780
0.245880 -0.854439 2.061360
0.252133 -0.921419 1.992030
0.437396 -0.296805 2.356070
0.450679 -0.575503 2.174130
0.397324 -0.870387 2.102030
0.394311 -0.951207 2.036130
0.365936 -0.262853 2.333000
0.363615 -0.204841 2.303790
0.353076 0.068057 2.142590
0.402111 0.257171 2.031940
0.218335 0.012124 2.185660
0.139840 -0.248423 2.250100
0.118503 -0.458542 2.287330
0.101877 -0.539605 2.330220
0.538088 -0.028331 2.224160
0.575253 -0.263499 2.297600
0.604027 -0.468185 2.344690
0.609275 -0.540378 2.358600
0.296248 -0.328259 2.364970
0.212372 -0.562874 2.135950
0.249536 -0.868863 2.061680
0.254938 -0.935649 1.992970
0.440608 -0.327734 2.370980
0.453610 -0.591419 2.165460
0.393746 -0.888828 2.102460
0.389153 -0.966407 2.041820
0.367297 -0.283419 2.343430
0.364935 -0.226419 2.314110
0.354423 0.042754 2.155760
0.403442 0.234200 2.044860
0.216621 -0.018929 2.204510
0.138767 -0.265067 2.261110
0.115317 -0.473401 2.297410
0.105357 -0.515999 2.332500
0.538197 -0.049258 2.234710
0.577242 -0.280853 2.305630
0.605773 -0.485365 2.353860
0.605494 -0.552516 2.369270
0.297154 -0.348955 2.375910
0.211960 -0.570333 2.133300
0.253258 -0.880925 2.064800
0.257923 -0.946058 1.996630
0.442641 -0.348090 2.381320
0.456527 -0.602318 2.159890
0.391087 -0.902484 2.104400
0.385431 -0.977054 2.047600
0.367101 -0.305579 2.355930
0.364742 -0.249852 2.327440
0.354538 0.014997 2.176810
0.403142 0.199774 2.067430
0.212448 -0.045847 2.223170
0.137934 -0.283004 2.273210
0.111631 -0.490143 2.309040
0.102817 -0.535144 2.341170
0.537970 -0.065234 2.245810
0.581609 -0.316921 2.328420
0.616756 -0.521245 2.373540
0.597047 -0.575576 2.376110
0.296157 -0.371130 2.386390
0.211647 -0.578069 2.129950
0.257500 -0.889781 2.072820
0.261379 -0.953743 2.003830
0.443152 -0.374384 2.397330
0.460125 -0.610454 2.154770
0.389174 -0.912308 2.106820
0.382884 -0.984261 2.052480
0.366243 -0.322479 2.365760
0.363942 -0.267730 2.338310
0.354690 -0.006345 2.196710
0.400566 0.180041 2.083880
0.208747 -0.073313 2.241030
0.137192 -0.313898 2.298280
0.103911 -0.519009 2.322810
0.098695 -0.557256 2.347690
0.537853 -0.078691 2.259820
0.584870 -0.333005 2.339850
0.620607 -0.537307 2.384760
0.595117 -0.586789 2.381490
0.293800 -0.389771 2.394730
0.211726 -0.585127 2.126800
0.261153 -0.895981 2.083340
0.265014 -0.958671 2.013510
0.443277 -0.390400 2.406840
0.463824 -0.616769 2.151540
0.387536 -0.919842 2.109740
0.381282 -0.989085 2.056440
0.363009 -0.351130 2.387830
0.361245 -0.296084 2.361300
0.354841 -0.030069 2.223780
0.395039 0.159074 2.109290
0.205426 -0.096153 2.257840
0.136072 -0.326155 2.308260
0.099342 -0.532407 2.336820
0.094632 -0.572231 2.355140
0.536858 -0.097148 2.284480
0.596622 -0.355203 2.366300
0.624188 -0.558581 2.396840
0.594583 -0.604120 2.388330
0.288633 -0.419004 2.413700
0.212973 -0.593314 2.126540
0.262260 -0.901599 2.090990
0.266495 -0.963202 2.020380
0.440866 -0.418905 2.427510
0.467572 -0.621109 2.149360
0.386731 -0.925044 2.112200
0.381267 -0.991626 2.059420
0.360282 -0.365616 2.400890
0.358646 -0.311297 2.376240
0.354136 -0.049259 2.257650
0.386427 0.138365 2.143860
0.202921 -0.112427 2.272730
0.130566 -0.335649 2.318710
0.095275 -0.542071 2.344470
0.088690 -0.585965 2.360910
0.537754 -0.115322 2.313560
0.603335 -0.367438 2.383150
0.629114 -0.572367 2.407890
0.597302 -0.618803 2.396680
0.284562 -0.433780 2.424320
0.214145 -0.598891 2.127040
0.262217 -0.905332 2.098280
0.267215 -0.965737 2.026590
0.438512 -0.435127 2.441040
0.474909 -0.628177 2.153260
0.382298 -0.925834 2.122120
0.380392 -0.990650 2.063700
0.356926 -0.378571 2.414490
0.355694 -0.324621 2.391730
0.354079 -0.061271 2.281600
0.377714 0.124590 2.177630
0.197875 -0.127733 2.294500
0.112471 -0.335832 2.330330
0.085736 -0.545537 2.351730
0.084056 -0.593860 2.364980
0.538566 -0.129598 2.340670
0.611489 -0.382291 2.407030
0.636509 -0.588353 2.416810
0.603963 -0.637205 2.404960
0.277108 -0.450950 2.438820
0.215074 -0.602712 2.128170
0.261003 -0.907202 2.104300
0.266761 -0.966592 2.031760
0.436631 -0.448016 2.451980
0.480072 -0.632180 2.156250
0.380832 -0.923919 2.134430
0.381959 -0.986428 2.070500
0.355098 -0.388913 2.426500
0.354307 -0.335685 2.406630
0.356174 -0.074473 2.321340
0.367027 0.113991 2.218710
0.188755 -0.148197 2.330510
0.084854 -0.332790 2.346180
0.070755 -0.546165 2.361590
0.079619 -0.600131 2.368390
0.539694 -0.142501 2.371810
0.618159 -0.395544 2.428850
0.642378 -0.602508 2.423140
0.610542 -0.654467 2.411920
0.272337 -0.464646 2.449090
0.215774 -0.605322 2.129160
0.258638 -0.906555 2.112850
0.265224 -0.964138 2.039140
0.436496 -0.458633 2.461930
0.484734 -0.634049 2.159510
0.381233 -0.920610 2.144120
0.385079 -0.979668 2.076210
0.353430 -0.401291 2.442900
0.352977 -0.348626 2.427030
0.355815 -0.084665 2.357200
0.359452 0.103891 2.267150
0.184436 -0.159156 2.354480
0.063116 -0.328058 2.366490
0.055956 -0.544192 2.373270
0.071075 -0.604987 2.373720
0.539377 -0.157050 2.405260
0.622051 -0.409127 2.452880
0.650884 -0.615336 2.426060
0.619461 -0.669826 2.416320
0.268233 -0.478061 2.459560
0.216533 -0.607289 2.131470
0.255509 -0.905265 2.120020
0.263137 -0.960966 2.045200
0.437243 -0.470976 2.474080
0.489241 -0.635301 2.164380
0.382204 -0.917782 2.151320
0.388675 -0.973457 2.080520
0.351502 -0.411353 2.458840
0.351401 -0.358553 2.446200
0.355143 -0.091170 2.394040
0.353865 0.099436 2.314620
0.177992 -0.173231 2.397370
0.043936 -0.332348 2.394830
0.046409 -0.547742 2.383450
0.064984 -0.611018 2.377750
0.538437 -0.166861 2.433570
0.624240 -0.421785 2.476680
0.654628 -0.624930 2.422660
0.624115 -0.680672 2.416120
0.263210 -0.491042 2.472200
0.217133 -0.607753 2.137020
0.252166 -0.902181 2.128020
0.259895 -0.955179 2.052120
0.437685 -0.480751 2.484260
0.493906 -0.635031 2.170030
0.384205 -0.914692 2.156530
0.392375 -0.966939 2.083100
0.349825 -0.420705 2.478100
0.350323 -0.367598 2.467730
0.356099 -0.097914 2.420790
0.350065 0.096786 2.348740
0.172148 -0.184561 2.429750
0.031348 -0.342762 2.428840
0.034001 -0.557265 2.404360
0.056891 -0.619017 2.385060
0.535125 -0.176478 2.464610
0.623469 -0.432256 2.498900
0.655615 -0.630959 2.419300
0.626615 -0.687967 2.415630
0.259025 -0.501995 2.486170
0.216606 -0.607622 2.145560
0.248682 -0.900397 2.132010
0.256533 -0.951464 2.055250
0.437873 -0.492034 2.500030
0.498761 -0.631135 2.180100
0.387798 -0.910730 2.159240
0.397870 -0.959670 2.083210
0.344249 -0.430436 2.505910
0.345358 -0.376911 2.497690
0.353034 -0.106951 2.462300
0.344815 0.098170 2.399970
0.166736 -0.196442 2.473450
0.022902 -0.358246 2.467880
0.030204 -0.567820 2.420330
0.051881 -0.626707 2.390850
0.529773 -0.190481 2.506120
0.622449 -0.450067 2.542250
0.648161 -0.631226 2.411980
0.625810 -0.692194 2.413700
0.250814 -0.512460 2.510800
0.211882 -0.605990 2.166590
0.246534 -0.899052 2.133920
0.254075 -0.948056 2.056070
0.434387 -0.504131 2.520310
0.501144 -0.624120 2.194360
0.394903 -0.905821 2.159700
0.406070 -0.951853 2.081040
0.340806 -0.434884 2.524300
0.342364 -0.381083 2.516950
0.351539 -0.110709 2.484440
0.340054 0.102016 2.442290
0.162448 -0.203572 2.506190
0.020773 -0.373565 2.504690
0.031332 -0.575703 2.429760
0.049268 -0.632022 2.393940
0.526659 -0.196996 2.528860
0.621092 -0.456540 2.561070
0.640647 -0.630558 2.410100
0.623522 -0.694786 2.412980
0.246128 -0.517469 2.526660
0.208136 -0.604650 2.178900
0.243273 -0.896863 2.137350
0.250163 -0.943970 2.058760
0.431456 -0.510801 2.536290
0.499912 -0.616629 2.208340
0.403367 -0.901117 2.157640
0.413858 -0.945399 2.077220
0.338894 -0.437676 2.546880
0.340427 -0.383769 2.541800
0.347316 -0.113992 2.525540
0.337575 0.102477 2.476620
0.159619 -0.209156 2.537520
0.022273 -0.381202 2.527330
0.034903 -0.580943 2.437960
0.047293 -0.636882 2.398580
0.522319 -0.203381 2.553990
0.613476 -0.459507 2.582560
0.630789 -0.619306 2.410200
0.618578 -0.691223 2.412370
0.243806 -0.521209 2.546500
0.204795 -0.603306 2.187270
0.225052 -0.854689 2.132980
0.247322 -0.850132 2.059270
0.429974 -0.514581 2.553830
0.497838 -0.611969 2.217710
0.412280 -0.896724 2.153080
0.421737 -0.939161 2.071050
0.337610 -0.439563 2.563560
0.338850 -0.385334 2.559600
0.343434 -0.113996 2.548870
0.335556 0.104812 2.506260
0.158507 -0.211995 2.559550
0.027934 -0.387806 2.549030
0.038236 -0.583013 2.441920
0.045959 -0.639118 2.400340
0.518387 -0.206500 2.573210
0.607762 -0.460150 2.595560
0.623182 -0.610353 2.413060
0.612745 -0.686019 2.413280
0.242983 -0.523587 2.561580
0.201562 -0.601738 2.194460
0.199888 -0.826779 2.131360
0.243257 -0.804550 2.068510
0.428972 -0.516553 2.567390
0.495073 -0.608951 2.224390
0.419915 -0.893333 2.148440
0.428147 -0.934505 2.065480
0.336212 -0.441070 2.578370
0.336889 -0.386266 2.576300
0.336711 -0.109526 2.577780
0.332490 0.107466 2.540070
0.158220 -0.211487 2.585040
0.038228 -0.395612 2.593510
0.045204 -0.565979 2.440120
0.045729 -0.631703 2.399150
0.514080 -0.207769 2.591090
0.597967 -0.455070 2.609630
0.615928 -0.593378 2.421400
0.605395 -0.673768 2.417440
0.242679 -0.525222 2.574060
0.198852 -0.600114 2.199550
0.193654 -0.817003 2.132100
0.240995 -0.785802 2.070690
0.427697 -0.517517 2.579530
0.490238 -0.606648 2.230450
0.426899 -0.890517 2.143700
0.433507 -0.930523 2.060090
0.333509 -0.442961 2.595600
0.333936 -0.387360 2.594690
0.333404 -0.106892 2.598060
0.330482 0.109397 2.571730
0.158049 -0.211290 2.601650
0.041921 -0.398822 2.610710
0.049668 -0.559998 2.441910
0.045983 -0.624717 2.398050
0.509962 -0.208829 2.608280
0.590865 -0.448569 2.618140
0.608709 -0.578622 2.427120
0.596756 -0.659539 2.421320
0.241740 -0.526665 2.588410
0.196368 -0.598021 2.203430
0.189336 -0.810422 2.132500
0.239102 -0.775315 2.071940
0.423513 -0.518577 2.596840
0.483877 -0.604434 2.235520
0.444869 -0.848427 2.137620
0.444972 -0.899033 2.054600
0.330803 -0.443662 2.606100
0.330914 -0.387551 2.606870
0.330462 -0.104471 2.614860
0.328794 0.111182 2.601040
0.157725 -0.211179 2.615460
0.043721 -0.400919 2.620970
0.053006 -0.556344 2.443830
0.046519 -0.617641 2.396950
0.506274 -0.209305 2.623340
0.586821 -0.444245 2.623090
0.603294 -0.566458 2.428920
0.589239 -0.645816 2.422840
0.239825 -0.526875 2.597530
0.194060 -0.595348 2.206220
0.186411 -0.805731 2.133030
0.237146 -0.779666 2.072610
0.420097 -0.518887 2.606740
0.479171 -0.602479 2.238780
0.450999 -0.827088 2.136650
0.452881 -0.885952 2.061620
0.328135 -0.443947 2.614100
0.327839 -0.387520 2.617400
0.328973 -0.103139 2.630220
0.327439 0.112409 2.618680
0.157276 -0.211333 2.625460
0.045044 -0.402072 2.627470
0.054738 -0.551945 2.443700
0.049104 -0.594511 2.386670
0.503186 -0.209891 2.635790
0.583695 -0.438430 2.627050
0.597940 -0.547595 2.428680
0.581798 -0.627033 2.423220
0.237577 -0.526572 2.604490
0.191991 -0.591770 2.207940
0.184554 -0.802465 2.133930
0.233746 -0.794571 2.073700
0.417007 -0.518945 2.613670
0.474048 -0.597799 2.242490
0.453224 -0.810996 2.138420
0.454534 -0.855015 2.061680
0.325778 -0.444049 2.620310
0.324868 -0.387505 2.627170
0.327337 -0.102357 2.645350
0.319689 0.114530 2.659030
0.156163 -0.211802 2.635000
0.045623 -0.402495 2.631090
0.053749 -0.543166 2.440200
0.049656 -0.541073 2.398450
0.499572 -0.210566 2.647530
0.580950 -0.431914 2.629040
0.596347 -0.532422 2.427450
0.597003 -0.564695 2.382170
0.235756 -0.526220 2.609280
0.190332 -0.588279 2.208790
0.183710 -0.800492 2.135030
0.230204 -0.807520 2.074010
0.414319 -0.518792 2.618990
0.471771 -0.589979 2.248800
0.453192 -0.798465 2.141160
0.454168 -0.836291 2.062660
0.323097 -0.443613 2.624980
0.321616 -0.387133 2.635570
0.325784 -0.101672 2.660720
0.316286 0.115232 2.675140
0.155157 -0.212434 2.641990
0.045305 -0.402361 2.631050
0.047779 -0.520761 2.425180
0.047254 -0.509756 2.394310
0.496407 -0.211536 2.657850
0.578297 -0.425165 2.630110
0.596699 -0.513197 2.423870
0.617733 -0.513421 2.354530
0.232359 -0.524652 2.612540
0.188971 -0.585145 2.208980
0.183592 -0.799568 2.136300
0.227519 -0.817273 2.074580
0.411438 -0.518222 2.622810
0.471206 -0.584133 2.253650
0.452443 -0.791210 2.142900
0.453961 -0.826655 2.062980
0.320351 -0.443137 2.628380
0.318275 -0.387007 2.642700
0.323439 -0.101289 2.673400
0.313640 0.114527 2.687710
0.154017 -0.213466 2.648310
0.044277 -0.402202 2.627450
0.040818 -0.498835 2.408780
0.045456 -0.489277 2.377440
0.493542 -0.213729 2.667650
0.576716 -0.420060 2.630410
0.599359 -0.492417 2.417810
0.627189 -0.482771 2.338290
0.228884 -0.522942 2.614260
0.188032 -0.582821 2.208910
0.184180 -0.799784 2.138010
0.225311 -0.826460 2.075940
0.408559 -0.517735 2.625450
0.471273 -0.580154 2.256810
0.450935 -0.786934 2.144520
0.453706 -0.820587 2.063190
0.318325 -0.442912 2.631370
0.315462 -0.387344 2.650300
0.321206 -0.100868 2.684460
0.310606 0.112411 2.700630
0.153132 -0.214479 2.653060
0.043372 -0.402200 2.622920
0.047246 -0.470267 2.374690
0.039978 -0.490180 2.336540
0.491255 -0.216727 2.676670
0.575960 -0.416684 2.629710
0.601291 -0.474761 2.410030
0.622620 -0.464716 2.312870
0.226571 -0.521902 2.615490
0.187394 -0.581096 2.208690
0.184984 -0.800647 2.139790
0.223854 -0.831942 2.076970
0.406625 -0.517386 2.627860
0.471553 -0.577471 2.258730
0.448766 -0.785096 2.146080
0.453046 -0.817019 2.063380
0.306571 -0.442342 2.632820
0.308318 -0.387827 2.656890
0.319739 -0.100326 2.692060
0.308064 0.110123 2.715840
0.152369 -0.215379 2.656690
0.042718 -0.402306 2.618630
0.050053 -0.458042 2.359820
0.038369 -0.487072 2.306560
0.489746 -0.218760 2.682610
0.574995 -0.414139 2.627310
0.602655 -0.459197 2.401450
0.607452 -0.454517 2.299640
0.200093 -0.514752 2.608900
0.186997 -0.579707 2.208630
0.185875 -0.801536 2.141690
0.226468 -0.842726 2.084950
0.387299 -0.518531 2.625600
0.473070 -0.574688 2.260330
0.446511 -0.784907 2.147420
0.451885 -0.815738 2.063550
0.301161 -0.441714 2.633230
0.304219 -0.388143 2.660950
0.318362 -0.099715 2.697980
0.306338 0.109121 2.726500
0.151738 -0.216206 2.659590
0.043553 -0.401026 2.601060
0.046388 -0.445910 2.351190
0.029237 -0.485043 2.297710
0.488604 -0.220150 2.686610
0.572572 -0.412260 2.621230
0.597501 -0.446029 2.390760
0.595785 -0.452042 2.289340
0.193598 -0.512220 2.605930
0.186740 -0.578604 2.208510
0.186734 -0.802574 2.143820
0.227410 -0.847718 2.089030
0.382605 -0.517695 2.624700
0.474517 -0.572683 2.261370
0.444448 -0.786201 2.148490
0.450471 -0.816708 2.063650
0.332951 -0.447819 2.643780
0.328452 -0.394500 2.677730
0.316782 -0.099239 2.703280
0.305231 0.108325 2.733380
0.151189 -0.217080 2.661980
0.046889 -0.396321 2.572060
0.044976 -0.437974 2.341170
0.025483 -0.482292 2.288960
0.487394 -0.221353 2.689380
0.567328 -0.412347 2.614840
0.589839 -0.436199 2.382580
0.586697 -0.447581 2.281380
0.248404 -0.527047 2.611490
0.186600 -0.577642 2.208320
0.190679 -0.804244 2.148840
0.227288 -0.850364 2.091070
0.419774 -0.511910 2.638960
0.476155 -0.570543 2.262160
0.442922 -0.788211 2.149260
0.449178 -0.819215 2.063710
0.339797 -0.447563 2.644130
0.333220 -0.395470 2.681730
0.315289 -0.098867 2.707470
0.304515 0.107737 2.738030
0.150658 -0.217962 2.663940
0.048390 -0.393184 2.556720
0.048108 -0.430141 2.331940
0.025737 -0.475831 2.278240
0.486018 -0.222746 2.691190
0.561521 -0.413645 2.608040
0.586755 -0.428996 2.377820
0.572496 -0.445733 2.275770
0.257540 -0.525411 2.604120
0.186680 -0.576083 2.207870
0.194206 -0.804432 2.152970
0.227035 -0.852069 2.093240
0.430747 -0.507495 2.639080
0.477991 -0.568338 2.262620
0.441884 -0.791359 2.149850
0.448238 -0.822910 2.063730
0.344487 -0.446709 2.643180
0.336450 -0.395976 2.684030
0.314001 -0.098715 2.711130
0.304089 0.107088 2.742650
0.150169 -0.218771 2.665530
0.050815 -0.386849 2.538730
0.060980 -0.424185 2.318060
0.027714 -0.468724 2.268590
0.484230 -0.224231 2.691970
0.554559 -0.414631 2.597750
0.584014 -0.422999 2.372460
0.564794 -0.442142 2.270750
0.264786 -0.524517 2.599310
0.186729 -0.567308 2.206480
0.198268 -0.798779 2.157880
0.227954 -0.851683 2.104140
0.437558 -0.503877 2.637420
0.479984 -0.565169 2.263150
0.441372 -0.795941 2.150980
0.447617 -0.828057 2.064490
0.374547 -0.440340 2.629410
0.351347 -0.394318 2.679150
0.312883 -0.098574 2.713990
0.303984 0.106568 2.746470
0.149800 -0.219392 2.666650
0.056580 -0.375742 2.516190
0.079133 -0.421702 2.300420
0.063239 -0.452624 2.238210
0.481616 -0.225939 2.691280
0.546173 -0.414160 2.581950
0.574509 -0.418815 2.361760
0.537664 -0.439943 2.258570
0.307853 -0.523426 2.585960
0.186977 -0.560778 2.205450
0.201331 -0.794129 2.161280
0.229403 -0.851090 2.113540
0.474817 -0.487594 2.620990
0.481802 -0.561393 2.263330
0.441331 -0.800477 2.152510
0.447316 -0.833028 2.065820
0.382725 -0.435270 2.619180
0.358473 -0.392086 2.673030
0.311633 -0.098306 2.716670
0.303911 0.106197 2.749110
0.149563 -0.219843 2.667410
0.059492 -0.371400 2.506410
0.092838 -0.418653 2.288970
0.104286 -0.441413 2.218910
0.478235 -0.227538 2.689360
0.539855 -0.413330 2.570420
0.570987 -0.413196 2.353820
0.508471 -0.438250 2.266410
0.316683 -0.514580 2.570820
0.187458 -0.556317 2.204840
0.203803 -0.790604 2.163940
0.230965 -0.850461 2.120700
0.484274 -0.478591 2.606270
0.483407 -0.557691 2.261840
0.441200 -0.807339 2.157040
0.446701 -0.840571 2.070480
0.342630 -0.443839 2.618710
0.329491 -0.397849 2.670530
0.310681 -0.098065 2.718560
0.303842 0.105933 2.750980
0.149417 -0.220140 2.667880
0.061328 -0.366406 2.498330
0.124362 -0.412718 2.282470
0.137014 -0.436421 2.213270
0.473576 -0.229038 2.685650
0.528722 -0.412655 2.556920
0.569103 -0.409138 2.346490
0.499061 -0.436138 2.265670
0.260782 -0.516645 2.580540
0.188504 -0.553043 2.205210
0.205860 -0.788039 2.166190
0.232730 -0.849879 2.126380
0.421691 -0.501470 2.610950
0.484166 -0.554679 2.261580
0.441338 -0.812922 2.162170
0.446281 -0.846282 2.075560
0.325679 -0.428326 2.599590
0.319394 -0.388790 2.655440
0.309882 -0.097722 2.719800
0.303838 0.105791 2.752420
0.149855 -0.220209 2.667610
0.063096 -0.362285 2.492490
0.137515 -0.411227 2.279340
0.188742 -0.428529 2.205510
0.469492 -0.229784 2.681830
0.523479 -0.410586 2.547440
0.529265 -0.509797 2.291360
0.438462 -0.576148 2.125620
0.246177 -0.492301 2.561320
0.189250 -0.550952 2.205890
0.207450 -0.786315 2.168160
0.235376 -0.849407 2.132100
0.414295 -0.484352 2.585420
0.485046 -0.552726 2.258130
0.441461 -0.816391 2.165810
0.446190 -0.850270 2.079540
0.325762 -0.420679 2.588670
0.320109 -0.382629 2.644400
0.309100 -0.097128 2.720330
0.303877 0.105732 2.753430
0.151231 -0.219597 2.665660
0.064744 -0.358729 2.487940
0.146089 -0.412036 2.277760
0.210729 -0.429728 2.203000
0.466023 -0.229865 2.677760
0.519936 -0.407892 2.539290
0.513056 -0.545350 2.265600
0.409465 -0.636757 2.063460
0.247144 -0.484018 2.550380
0.189819 -0.549821 2.206780
0.208584 -0.785378 2.169490
0.239364 -0.849628 2.138120
0.418021 -0.474708 2.572230
0.485065 -0.552016 2.252140
0.442279 -0.819288 2.172160
0.447040 -0.853650 2.086360
0.327278 -0.415929 2.581950
0.321710 -0.378603 2.637480
0.308308 -0.095997 2.719680
0.304037 0.105801 2.754100
0.152704 -0.218304 2.662180
0.066070 -0.356003 2.484460
0.187009 -0.415976 2.285410
0.249718 -0.435771 2.218480
0.463221 -0.229248 2.673670
0.517922 -0.405117 2.533040
0.463443 -0.467803 2.298450
0.410469 -0.473416 2.202880
0.249529 -0.479455 2.543220
0.190242 -0.549425 2.207520
0.209368 -0.784850 2.170240
0.245319 -0.850806 2.146400
0.421819 -0.469158 2.565240
0.483878 -0.553276 2.247530
0.443073 -0.821068 2.177770
0.447963 -0.855662 2.092210
0.325959 -0.413680 2.578270
0.321282 -0.376502 2.633480
0.307642 -0.094169 2.716900
0.304485 0.106194 2.754160
0.153790 -0.216500 2.657560
0.067129 -0.353599 2.481500
0.205852 -0.421369 2.298400
0.265636 -0.446594 2.245910
0.461320 -0.228071 2.669360
0.516689 -0.402401 2.527740
0.439178 -0.458949 2.293300
0.384150 -0.487791 2.172590
0.246309 -0.477378 2.539100
0.190587 -0.549470 2.207550
0.210324 -0.784497 2.171770
0.257179 -0.849277 2.161720
0.419845 -0.467535 2.561320
0.483387 -0.554514 2.244550
0.443881 -0.822073 2.182490
0.448882 -0.856705 2.097010
0.324808 -0.412148 2.575450
0.320619 -0.375095 2.630430
0.307053 -0.092136 2.712220
0.305770 0.106874 2.752220
0.155007 -0.214124 2.651540
0.073555 -0.351753 2.476630
0.213460 -0.430480 2.301420
0.269511 -0.456308 2.251660
0.459944 -0.226873 2.664820
0.515966 -0.400553 2.523760
0.427687 -0.435205 2.300640
0.380564 -0.451126 2.209340
0.243076 -0.476395 2.536160
0.191079 -0.550897 2.207200
0.210799 -0.786259 2.169020
0.262649 -0.848775 2.169060
0.417796 -0.467117 2.558390
0.483067 -0.556216 2.241500
0.444306 -0.822536 2.186210
0.449504 -0.857133 2.100780
0.323865 -0.411306 2.573380
0.320102 -0.374189 2.628290
0.306711 -0.089995 2.705260
0.307841 0.108104 2.746000
0.155623 -0.212033 2.644920
0.079744 -0.352125 2.472650
0.214709 -0.441554 2.301590
0.265646 -0.468208 2.253310
0.459690 -0.225790 2.658150
0.515526 -0.399196 2.518830
0.421525 -0.425822 2.301710
0.379556 -0.437458 2.221770
0.240352 -0.476609 2.534220
0.191726 -0.553033 2.206490
0.211157 -0.788670 2.165220
0.265786 -0.848637 2.173330
0.415682 -0.468211 2.556790
0.482999 -0.560657 2.239160
0.444585 -0.822765 2.188780
0.449839 -0.857281 2.103360
0.323169 -0.411305 2.571660
0.319750 -0.373720 2.626510
0.306702 -0.088383 2.697480
0.310653 0.110389 2.730310
0.156003 -0.210274 2.639640
0.088782 -0.355019 2.469860
0.211576 -0.452531 2.300360
0.237271 -0.496565 2.246720
0.460735 -0.224375 2.649960
0.515475 -0.398771 2.515380
0.424388 -0.432738 2.304300
0.413775 -0.464080 2.246460
0.238239 -0.477762 2.532970
0.192391 -0.555588 2.205510
0.211476 -0.791166 2.161770
0.267578 -0.848987 2.176500
0.414386 -0.470378 2.555240
0.482354 -0.567233 2.235860
0.444526 -0.823217 2.190760
0.449671 -0.857637 2.105310
0.321906 -0.412888 2.569610
0.318953 -0.374089 2.624380
0.306741 -0.086966 2.688300
0.312327 0.112682 2.710790
0.156135 -0.208446 2.633670
0.095114 -0.358526 2.468410
0.201274 -0.486369 2.308870
0.227382 -0.521531 2.253560
0.462563 -0.222554 2.642640
0.515509 -0.398620 2.513100
0.423816 -0.431593 2.305010
0.440333 -0.484354 2.286200
0.235354 -0.480731 2.531840
0.193331 -0.559396 2.203510
0.211772 -0.794655 2.157450
0.268590 -0.849677 2.178950
0.412349 -0.474876 2.553210
0.481674 -0.574772 2.232070
0.444226 -0.823635 2.192310
0.449277 -0.857936 2.106830
0.320111 -0.415812 2.567100
0.317626 -0.375227 2.621680
0.306962 -0.085345 2.674810
0.313084 0.114477 2.696390
0.155979 -0.206688 2.627640
0.099890 -0.362590 2.468110
0.164075 -0.523867 2.316390
0.177986 -0.569609 2.264990
0.464509 -0.220282 2.636300
0.515564 -0.398548 2.511610
0.427081 -0.434595 2.305820
0.421800 -0.492405 2.269590
0.232321 -0.484679 2.530790
0.194650 -0.564458 2.200940
0.212178 -0.798961 2.153550
0.233186 -0.843614 2.097570
0.409954 -0.480295 2.550930
0.481292 -0.580620 2.228740
0.444054 -0.823866 2.193420
0.449017 -0.858052 2.107910
0.318452 -0.419019 2.564550
0.316355 -0.376642 2.618800
0.307405 -0.083822 2.661220
0.312978 0.116293 2.683100
0.155615 -0.205348 2.622700
0.103854 -0.367179 2.468880
0.145106 -0.539926 2.318050
0.159081 -0.586767 2.267690
0.466618 -0.217676 2.630140
0.515548 -0.398719 2.510680
0.432811 -0.441622 2.306840
0.421686 -0.497613 2.272170
0.229842 -0.488713 2.529800
0.196060 -0.570247 2.198340
0.212674 -0.803818 2.150680
0.217338 -0.844456 2.061710
0.408065 -0.485003 2.548970
0.480775 -0.586119 2.226030
0.442871 -0.825605 2.194050
0.447490 -0.859576 2.108430
0.317044 -0.422627 2.561680
0.315313 -0.378328 2.615370
0.307551 -0.081940 2.644390
0.311945 0.118582 2.671420
0.155112 -0.204184 2.617750
0.107049 -0.373418 2.470260
0.138302 -0.550020 2.320560
0.149599 -0.600862 2.272220
0.468478 -0.213902 2.621740
0.515430 -0.399050 2.510110
0.439775 -0.451393 2.307860
0.417895 -0.502496 2.267490
0.228071 -0.492824 2.528790
0.197141 -0.575340 2.195960
0.213117 -0.808232 2.148560
0.209411 -0.845287 2.044560
0.406666 -0.489027 2.547250
0.480351 -0.590336 2.223860
0.442576 -0.825970 2.194710
0.446787 -0.859810 2.109110
