0.133139 0.002024 2.061660
0.134169 0.047763 2.111880
0.134830 0.333831 2.124980
0.133319 0.574537 2.145170
-0.006840 0.310688 2.120790
-0.045991 0.061116 2.085900
-0.062510 -0.153315 2.020730
-0.060135 -0.212401 2.012970
0.272439 0.300061 2.113130
0.330488 0.053724 2.092530
0.351893 -0.161471 2.031670
0.355203 -0.233360 2.018600
0.070894 -0.059092 2.048230
0.077139 -0.488652 2.090990
0.077654 -0.810326 2.087990
0.074993 -0.843946 2.005330
0.195128 -0.059235 2.048010
0.194555 -0.486903 2.104230
0.170092 -0.804768 2.085150
0.210875 -0.863412 2.065240
0.133630 0.001900 2.062380
0.134640 0.047736 2.112640
0.135256 0.334279 2.125770
0.133614 0.574898 2.145510
-0.006572 0.310543 2.121280
-0.045619 0.060865 2.086680
-0.062037 -0.153343 2.021650
-0.059952 -0.212196 2.014050
0.272836 0.300045 2.113770
0.330802 0.053663 2.093310
0.352208 -0.161477 2.032510
0.355695 -0.233380 2.019970
0.071368 -0.059249 2.048900
0.077366 -0.488851 2.091240
0.077689 -0.810316 2.088010
0.075089 -0.843917 2.005350
0.195649 -0.059397 2.048780
0.194881 -0.487144 2.104690
0.170058 -0.804892 2.085170
0.212405 -0.864169 2.068020
0.134140 0.001822 2.063120
0.135133 0.047750 2.113420
0.135709 0.334737 2.126570
0.133884 0.575262 2.145820
-0.006306 0.310399 2.121880
-0.045265 0.060641 2.087440
-0.061597 -0.153338 2.022540
-0.059748 -0.211994 2.015110
0.273313 0.300039 2.114580
0.331058 0.053598 2.093990
0.352444 -0.161490 2.033180
0.356016 -0.233433 2.021090
0.071839 -0.059376 2.049570
0.077585 -0.489029 2.091490
0.077742 -0.810307 2.088020
0.075206 -0.843888 2.005380
0.196192 -0.059520 2.049550
0.195185 -0.487349 2.105100
0.169911 -0.805033 2.085180
0.213547 -0.864609 2.070050
0.134639 0.001783 2.063870
0.135599 0.047801 2.114190
0.136103 0.335162 2.127290
0.134140 0.575625 2.146120
-0.006072 0.310261 2.122500
-0.044947 0.060439 2.088140
-0.061193 -0.153337 2.023380
-0.059492 -0.211831 2.016200
0.273832 0.300052 2.115480
0.331265 0.053536 2.094650
0.352611 -0.161518 2.033710
0.356198 -0.233511 2.021960
0.072293 -0.059478 2.050250
0.077789 -0.489192 2.091740
0.077793 -0.810305 2.088040
0.075353 -0.843867 2.005410
0.196748 -0.059612 2.050360
0.195458 -0.487529 2.105540
0.169643 -0.805204 2.085150
0.214434 -0.864819 2.071540
0.135144 0.001842 2.064720
0.135999 0.047941 2.115010
0.136465 0.335588 2.127980
0.134371 0.576006 2.146440
-0.005858 0.310129 2.123180
-0.044647 0.060255 2.088840
-0.060831 -0.153346 2.024190
-0.059250 -0.211710 2.017170
0.275356 0.300580 2.117890
0.331435 0.053612 2.095360
0.352727 -0.161540 2.034120
0.356276 -0.233603 2.022640
0.072715 -0.059533 2.050980
0.077990 -0.489326 2.091990
0.077865 -0.810306 2.088060
0.075561 -0.843846 2.005450
0.197327 -0.059649 2.051230
0.195725 -0.487672 2.105890
0.169342 -0.805345 2.085120
0.215048 -0.864940 2.072620
0.135598 0.001914 2.065550
0.136363 0.048094 2.115830
0.136815 0.336027 2.128680
0.134596 0.576420 2.146790
-0.005667 0.310011 2.123900
-0.044377 0.060094 2.089520
-0.060514 -0.153358 2.024930
-0.059020 -0.211617 2.018000
0.276521 0.301010 2.119870
0.331579 0.053711 2.096110
0.352800 -0.161559 2.034460
0.356258 -0.233696 2.023170
0.073101 -0.059568 2.051720
0.078205 -0.489451 2.092270
0.077925 -0.810309 2.088080
0.075742 -0.843830 2.005480
0.197841 -0.059662 2.052100
0.195901 -0.487791 2.106270
0.169042 -0.805454 2.085080
0.215456 -0.865019 2.073440
0.135992 0.001993 2.066390
0.136689 0.048252 2.116680
0.137228 0.336612 2.129600
0.134803 0.576919 2.147180
-0.005487 0.309918 2.124660
-0.044134 0.059966 2.090230
-0.060236 -0.153371 2.025600
-0.058824 -0.211549 2.018710
0.277407 0.301326 2.121500
0.331724 0.053811 2.097010
0.352842 -0.161574 2.034740
0.356177 -0.233788 2.023580
0.073429 -0.059591 2.052460
0.078430 -0.489570 2.092580
0.077984 -0.810312 2.088110
0.075912 -0.843815 2.005520
0.198277 -0.059655 2.052980
0.196014 -0.487894 2.106720
0.168678 -0.805579 2.085040
0.215780 -0.864978 2.074080
0.136337 0.002052 2.067250
0.136974 0.048396 2.117560
0.137582 0.337228 2.130590
0.134984 0.577495 2.147700
-0.005324 0.309824 2.125440
-0.043937 0.059846 2.090930
-0.059998 -0.153386 2.026200
-0.058656 -0.211499 2.019300
0.277921 0.301520 2.122800
0.331896 0.053914 2.098150
0.352863 -0.161588 2.034980
0.356066 -0.233877 2.023890
0.073738 -0.059611 2.053240
0.078652 -0.489689 2.092920
0.078037 -0.810316 2.088130
0.076067 -0.843802 2.005560
0.198646 -0.059638 2.053920
0.196061 -0.487991 2.107150
0.168286 -0.805711 2.085000
0.216036 -0.864840 2.074580
0.136650 0.002132 2.068140
0.137235 0.048564 2.118480
0.137892 0.337898 2.131650
0.135189 0.578163 2.148350
-0.005183 0.309755 2.126340
-0.043778 0.059759 2.091650
-0.059759 -0.153393 2.026850
-0.058509 -0.211450 2.019830
0.278264 0.301638 2.123980
0.332033 0.053978 2.099310
0.352854 -0.161594 2.035210
0.355922 -0.233966 2.024150
0.074023 -0.059607 2.054020
0.078872 -0.489789 2.093280
0.078217 -0.810328 2.088170
0.076331 -0.843791 2.005600
0.198980 -0.059577 2.054950
0.196064 -0.488064 2.107580
0.167900 -0.805838 2.084970
0.216274 -0.864570 2.075090
0.136928 0.002192 2.069070
0.137466 0.048717 2.119470
0.138162 0.338730 2.132990
0.135408 0.579031 2.149310
-0.005060 0.309689 2.127250
-0.043649 0.059681 2.092380
-0.059582 -0.153341 2.027630
-0.058396 -0.211357 2.020400
0.278375 0.301705 2.125040
0.332102 0.054039 2.100680
0.352821 -0.161591 2.035460
0.355735 -0.234052 2.024360
0.074299 -0.059601 2.054830
0.079096 -0.489890 2.093670
0.078435 -0.810340 2.088210
0.076620 -0.843778 2.005640
0.199255 -0.059493 2.056060
0.196038 -0.488126 2.108010
0.167532 -0.805965 2.084940
0.216335 -0.864429 2.075600
0.137179 0.002237 2.070120
0.137674 0.048857 2.120600
0.138362 0.339723 2.134740
0.135584 0.579984 2.150400
-0.004931 0.309665 2.128320
-0.043560 0.059650 2.093160
-0.059435 -0.153294 2.028450
-0.058314 -0.211275 2.020980
0.278316 0.301696 2.126110
0.332156 0.054054 2.102280
0.352730 -0.161545 2.035830
0.355499 -0.234155 2.024530
0.074572 -0.059584 2.055720
0.079307 -0.489984 2.094090
0.078641 -0.810348 2.088270
0.076891 -0.843763 2.005700
0.199480 -0.059398 2.057290
0.195982 -0.488188 2.108440
0.167172 -0.806089 2.084920
0.216342 -0.864281 2.076060
0.137406 0.002274 2.071340
0.137862 0.048995 2.121920
0.138500 0.340647 2.136570
0.135679 0.580881 2.151580
-0.004863 0.309715 2.129630
-0.043544 0.059688 2.094120
-0.059325 -0.153273 2.029390
-0.058273 -0.211215 2.021630
0.278082 0.301634 2.127290
0.332135 0.054040 2.103940
0.352528 -0.161466 2.036390
0.355102 -0.234284 2.024770
0.074843 -0.059561 2.056750
0.079512 -0.490078 2.094560
0.078839 -0.810360 2.088340
0.077146 -0.843752 2.005760
0.199662 -0.059296 2.058690
0.195936 -0.488252 2.108850
0.166852 -0.806199 2.084910
0.216304 -0.864159 2.076440
0.137555 0.002266 2.072770
0.137977 0.049108 2.123430
0.138465 0.341544 2.138450
0.135702 0.581777 2.152870
-0.004948 0.309758 2.131300
-0.043637 0.059725 2.095250
-0.059293 -0.153294 2.030540
-0.058296 -0.211200 2.022600
0.277613 0.301477 2.128620
0.332070 0.053973 2.105810
0.352257 -0.161336 2.037240
0.354600 -0.234408 2.025110
0.075067 -0.059577 2.058030
0.079734 -0.490211 2.095120
0.078968 -0.810370 2.088390
0.077375 -0.843747 2.005830
0.199763 -0.059221 2.060260
0.195871 -0.488340 2.109340
0.166552 -0.806318 2.084930
0.215384 -0.864563 2.078070
0.137622 0.002311 2.074440
0.137991 0.049275 2.125180
0.138256 0.342380 2.140410
0.135559 0.582796 2.154890
-0.005271 0.309852 2.133570
-0.043809 0.059795 2.096580
-0.059334 -0.153279 2.031940
-0.058367 -0.211155 2.023840
0.277087 0.301291 2.130500
0.331924 0.053879 2.107880
0.351903 -0.161241 2.038460
0.354025 -0.234551 2.025620
0.075213 -0.059564 2.059610
0.079962 -0.490333 2.095760
0.079089 -0.810377 2.088450
0.077600 -0.843739 2.005910
0.199820 -0.059145 2.061900
0.195855 -0.488430 2.109890
0.166287 -0.806433 2.084950
0.214713 -0.864899 2.079250
0.137572 0.002482 2.076500
0.137888 0.049580 2.127290
0.137845 0.343242 2.142480
0.135300 0.583858 2.157160
-0.005964 0.310119 2.136790
-0.044075 0.059980 2.098210
-0.059428 -0.153233 2.033440
-0.058488 -0.211084 2.025220
0.276570 0.301096 2.132920
0.331694 0.053756 2.110260
0.351475 -0.160932 2.040570
0.353289 -0.234647 2.026430
0.075239 -0.059492 2.061490
0.080198 -0.490428 2.096460
0.079325 -0.810382 2.088600
0.077848 -0.843727 2.006020
0.199821 -0.059001 2.063980
0.195664 -0.488482 2.111070
0.166038 -0.806551 2.085000
0.213641 -0.865492 2.080900
0.137461 0.002597 2.078630
0.137730 0.049813 2.129500
0.137401 0.344233 2.145110
0.135058 0.584918 2.159480
-0.006462 0.310387 2.139750
-0.044372 0.060212 2.100050
-0.059568 -0.153199 2.035100
-0.058695 -0.211028 2.026780
0.276063 0.300846 2.135310
0.331369 0.053553 2.112670
0.350904 -0.160720 2.043140
0.352457 -0.234678 2.027710
0.075207 -0.059440 2.063410
0.080455 -0.490535 2.097290
0.079516 -0.810384 2.088730
0.078141 -0.843710 2.006180
0.199736 -0.058890 2.066120
0.195472 -0.488564 2.112200
0.165789 -0.806710 2.085070
0.212812 -0.866025 2.082220
0.137223 0.002665 2.081150
0.137462 0.049997 2.132110
0.136590 0.345206 2.148270
0.134680 0.585827 2.161680
-0.007097 0.310570 2.142940
-0.044745 0.060388 2.102010
-0.059753 -0.153280 2.036910
-0.058973 -0.211098 2.028590
0.275526 0.300599 2.137550
0.330894 0.053316 2.115090
0.350350 -0.160503 2.045890
0.351557 -0.234626 2.029260
0.075062 -0.059450 2.065910
0.080726 -0.490698 2.098210
0.079836 -0.810394 2.088980
0.078405 -0.843699 2.006340
0.199576 -0.058819 2.068450
0.195224 -0.488671 2.113760
0.165522 -0.806869 2.085160
0.212309 -0.866320 2.083030
0.136837 0.002701 2.083980
0.137070 0.050177 2.135020
0.135691 0.346245 2.151630
0.134223 0.586732 2.163820
-0.007771 0.310710 2.146070
-0.045255 0.060545 2.104370
-0.059989 -0.153485 2.038890
-0.059303 -0.211304 2.030650
0.274934 0.300329 2.139750
0.330352 0.053044 2.117740
0.349684 -0.160521 2.048910
0.350617 -0.234468 2.031460
0.074734 -0.059498 2.068850
0.080997 -0.490897 2.099270
0.080037 -0.810399 2.089130
0.078647 -0.843689 2.006500
0.199279 -0.058766 2.071050
0.194934 -0.488805 2.115280
0.165271 -0.807019 2.085270
0.211368 -0.866910 2.084230
0.136249 0.002818 2.087310
0.136385 0.050462 2.138480
0.134463 0.347535 2.155610
0.133572 0.587842 2.166390
-0.008431 0.310866 2.148920
-0.045989 0.060737 2.107380
-0.060345 -0.153695 2.041160
-0.059726 -0.211550 2.033290
0.274223 0.300163 2.142700
0.329613 0.052866 2.120490
0.348803 -0.160798 2.052540
0.349655 -0.234152 2.034220
0.074246 -0.059477 2.071970
0.081206 -0.491061 2.100480
0.080254 -0.810474 2.089380
0.078865 -0.843719 2.006670
0.198782 -0.058654 2.074460
0.194616 -0.488936 2.116680
0.165050 -0.807143 2.085370
0.210457 -0.867473 2.085250
0.135601 0.003002 2.090950
0.135575 0.050848 2.142130
0.133387 0.348688 2.159070
0.132925 0.588846 2.168620
-0.009021 0.310998 2.151500
-0.046854 0.060917 2.110740
-0.060842 -0.153831 2.043690
-0.060170 -0.211701 2.036060
0.273564 0.300053 2.146440
0.328739 0.052696 2.123600
0.347999 -0.161147 2.056310
0.348614 -0.233834 2.037690
0.073690 -0.059412 2.075310
0.081409 -0.491203 2.101850
0.080468 -0.810547 2.089630
0.079120 -0.843756 2.006860
0.198203 -0.058495 2.078540
0.194286 -0.489071 2.117990
0.164872 -0.807243 2.085470
0.209883 -0.867832 2.085870
0.134906 0.003290 2.095020
0.134683 0.051401 2.146030
0.132500 0.349730 2.161920
0.132290 0.589839 2.170710
-0.009675 0.311134 2.153980
-0.047832 0.061083 2.114550
-0.061432 -0.153962 2.046400
-0.060520 -0.211840 2.038950
0.272937 0.300189 2.150910
0.327779 0.052722 2.127230
0.346843 -0.161562 2.060620
0.347349 -0.233484 2.042240
0.073012 -0.059294 2.079150
0.081559 -0.491325 2.103390
0.080653 -0.810621 2.089860
0.079392 -0.843803 2.007050
0.197599 -0.058294 2.083470
0.193997 -0.489213 2.119120
0.164714 -0.807334 2.085580
0.209280 -0.868216 2.086410
0.134397 0.003544 2.099470
0.133955 0.052012 2.150240
0.131672 0.351075 2.164950
0.131646 0.591001 2.172630
-0.010223 0.311240 2.156130
-0.048748 0.061203 2.118350
-0.062108 -0.153993 2.050190
-0.060770 -0.211852 2.042580
0.272401 0.300323 2.154640
0.326783 0.052780 2.131520
0.345578 -0.162223 2.065220
0.345766 -0.233237 2.047090
0.072521 -0.059170 2.083420
0.081709 -0.491453 2.104830
0.080802 -0.810698 2.090080
0.079636 -0.843857 2.007230
0.197238 -0.058126 2.089000
0.193753 -0.489379 2.120080
0.164572 -0.807416 2.085680
0.208533 -0.868699 2.087010
0.134206 0.003770 2.104320
0.133457 0.052704 2.154660
0.130972 0.352459 2.167650
0.131105 0.592236 2.174380
-0.010676 0.311340 2.157980
-0.049554 0.061313 2.121820
-0.062787 -0.153924 2.054370
-0.060672 -0.211760 2.047030
0.271969 0.300476 2.158120
0.325721 0.052836 2.136010
0.344410 -0.162908 2.069570
0.343787 -0.233303 2.052720
0.072346 -0.059086 2.088080
0.081867 -0.491607 2.106200
0.080954 -0.810812 2.090260
0.079910 -0.843952 2.007400
0.197381 -0.058007 2.095450
0.193537 -0.489568 2.120890
0.164438 -0.807489 2.085770
0.207971 -0.869054 2.087430
0.134066 0.003924 2.109390
0.133025 0.053406 2.159170
0.130421 0.353679 2.169870
0.130619 0.593353 2.175820
-0.011080 0.311413 2.159590
-0.050162 0.061364 2.124860
-0.063321 -0.153932 2.059170
-0.060177 -0.211793 2.053410
0.271670 0.300637 2.161200
0.324632 0.052873 2.140390
0.343282 -0.163517 2.073950
0.341200 -0.233571 2.058550
0.072161 -0.059143 2.093250
0.082076 -0.491831 2.107510
0.081114 -0.810972 2.090410
0.080213 -0.844096 2.007550
0.197573 -0.058023 2.101920
0.193240 -0.489798 2.121520
0.164356 -0.807514 2.085830
0.207731 -0.869197 2.087650
0.134041 0.004355 2.115170
0.132671 0.054496 2.164180
0.129879 0.355119 2.171880
0.130167 0.594657 2.177040
-0.011502 0.311505 2.161150
-0.050607 0.061419 2.127390
-0.063526 -0.154059 2.063390
-0.059471 -0.211977 2.059110
0.271644 0.300981 2.164180
0.323513 0.053054 2.144600
0.342090 -0.164053 2.078080
0.337991 -0.234225 2.064590
0.071959 -0.059106 2.100050
0.082322 -0.492022 2.108760
0.081261 -0.811125 2.090540
0.080520 -0.844254 2.007700
0.198031 -0.057859 2.108630
0.192922 -0.489975 2.122050
0.164289 -0.807532 2.085880
0.207562 -0.869285 2.087820
0.133996 0.004726 2.121060
0.132412 0.055628 2.169200
0.129498 0.356559 2.173560
0.129761 0.596007 2.178030
-0.011897 0.311631 2.162550
-0.050943 0.061504 2.129320
-0.063480 -0.154216 2.066860
-0.058817 -0.212185 2.063480
0.271711 0.301283 2.166500
0.322478 0.053194 2.148170
0.340671 -0.164436 2.082130
0.334569 -0.234758 2.070140
0.071546 -0.059276 2.107500
0.082691 -0.492306 2.110170
0.081421 -0.811324 2.090680
0.080833 -0.844458 2.007850
0.198425 -0.057779 2.115170
0.192536 -0.490180 2.122560
0.164224 -0.807553 2.085950
0.207439 -0.869346 2.087980
0.133965 0.005071 2.127100
0.132200 0.056860 2.174260
0.129140 0.358272 2.175010
0.129363 0.597662 2.178800
-0.012224 0.311753 2.163690
-0.051203 0.061586 2.130770
-0.063321 -0.154334 2.069450
-0.058234 -0.212506 2.066770
0.271886 0.301570 2.168360
0.321617 0.053320 2.151080
0.338719 -0.164954 2.086190
0.330451 -0.235279 2.075520
0.071053 -0.059582 2.115380
0.084145 -0.492734 2.112480
0.081562 -0.811637 2.090890
0.081138 -0.844758 2.008070
0.198917 -0.057750 2.121960
0.191645 -0.490477 2.123630
0.164287 -0.807638 2.086190
0.207513 -0.869387 2.088300
0.134021 0.005218 2.132970
0.132158 0.057973 2.179150
0.128984 0.359976 2.176180
0.129085 0.599307 2.179230
-0.012484 0.311853 2.164570
-0.051407 0.061649 2.131800
-0.063071 -0.154524 2.071260
-0.057661 -0.212755 2.069100
0.272080 0.301794 2.169740
0.320930 0.053397 2.153310
0.336055 -0.165687 2.090080
0.326371 -0.235517 2.080320
0.070582 -0.060096 2.122760
0.086237 -0.493333 2.115230
0.081646 -0.811900 2.091080
0.081426 -0.845166 2.008360
0.199453 -0.057971 2.128700
0.190667 -0.490901 2.124910
0.164355 -0.807737 2.086470
0.207554 -0.869578 2.089050
0.134082 0.005048 2.139150
0.132163 0.058956 2.184040
0.128943 0.361754 2.177080
0.129059 0.601062 2.179170
-0.012668 0.311915 2.165160
-0.051538 0.061682 2.132440
-0.062659 -0.154826 2.072560
-0.057080 -0.213113 2.070860
0.272342 0.301915 2.170770
0.320395 0.053354 2.154990
0.332761 -0.166274 2.093590
0.322079 -0.235508 2.084650
0.070005 -0.060921 2.130520
0.089526 -0.494165 2.118460
0.081841 -0.812464 2.091430
0.081800 -0.845719 2.008710
0.200043 -0.058697 2.136250
0.189633 -0.491565 2.126280
0.164564 -0.807988 2.087010
0.207547 -0.869888 2.089840
0.134424 0.004568 2.146630
0.132347 0.060615 2.189020
0.130778 0.393797 2.173890
0.130074 0.604762 2.176800
-0.012797 0.311887 2.165490
-0.051640 0.061607 2.132800
-0.060848 -0.156030 2.073590
-0.056022 -0.214115 2.072250
0.272746 0.301925 2.171490
0.319878 0.053166 2.156280
0.327879 -0.167238 2.097110
0.317933 -0.234111 2.088760
0.069658 -0.062315 2.140700
0.092328 -0.495118 2.121060
0.082115 -0.812902 2.091720
0.082303 -0.846336 2.009100
0.201198 -0.059930 2.146590
0.188460 -0.492330 2.127560
0.164834 -0.808338 2.087620
0.207509 -0.870318 2.090700
0.135156 0.002148 2.156610
0.132566 0.061624 2.193390
0.131311 0.404214 2.171840
0.132000 0.605452 2.171850
-0.012598 0.309753 2.163520
-0.050377 0.058900 2.129950
-0.055307 -0.160678 2.074090
-0.050584 -0.218756 2.073420
0.273939 0.300607 2.171340
0.318894 0.051474 2.157240
0.322125 -0.168764 2.100160
0.313363 -0.233372 2.092470
0.069938 -0.066219 2.154640
0.095052 -0.497108 2.123150
0.082381 -0.813304 2.091960
0.082928 -0.847072 2.009530
0.202774 -0.063294 2.160380
0.187339 -0.493797 2.128560
0.165137 -0.808705 2.088160
0.207582 -0.870892 2.091450
0.136701 -0.004443 2.169750
0.133326 0.060914 2.198170
0.132156 0.408226 2.169310
0.136557 0.596902 2.160520
-0.011748 0.302900 2.157630
-0.046885 0.051082 2.123050
-0.037840 -0.185392 2.074930
-0.027643 -0.256421 2.073500
0.277616 0.291207 2.167240
0.314974 0.040662 2.155510
0.305461 -0.187951 2.103750
0.300775 -0.245204 2.096680
0.070936 -0.073726 2.170630
0.097432 -0.501169 2.124230
0.082569 -0.813627 2.092100
0.083473 -0.847881 2.009900
0.205047 -0.071541 2.178110
0.186351 -0.496527 2.129140
0.165412 -0.808986 2.088520
0.207663 -0.871145 2.091650
0.138753 -0.015115 2.183510
0.134523 0.056350 2.204010
0.132400 0.397940 2.159890
0.143246 0.573722 2.141620
-0.010536 0.278214 2.143500
-0.039801 0.025807 2.110850
-0.023618 -0.218996 2.072720
-0.013754 -0.280920 2.072600
0.282574 0.274417 2.160990
0.311386 0.022761 2.151670
0.296782 -0.199231 2.105060
0.287477 -0.259314 2.099890
0.072767 -0.085556 2.187330
0.099383 -0.509556 2.122670
0.082739 -0.813758 2.091990
0.084020 -0.848501 2.010030
0.207998 -0.083353 2.195190
0.185942 -0.498424 2.129180
0.165882 -0.809121 2.088590
0.207761 -0.871526 2.089520
0.141046 -0.036053 2.199630
0.136685 0.039394 2.212740
0.131889 0.368759 2.146070
0.147801 0.542304 2.123480
-0.007688 0.250787 2.132110
-0.033028 -0.001561 2.102980
-0.018041 -0.233332 2.072080
-0.006912 -0.294109 2.072160
0.289042 0.240673 2.151230
0.309713 -0.009940 2.146970
0.288877 -0.218282 2.103860
0.276884 -0.275197 2.100810
0.074945 -0.103698 2.204660
0.099441 -0.518726 2.118320
0.082935 -0.813433 2.091100
0.084422 -0.848942 2.009950
0.210725 -0.104584 2.213630
0.186025 -0.500181 2.128710
0.166676 -0.809006 2.088100
0.208692 -0.870843 2.084000
0.142388 -0.058700 2.213070
0.138415 0.015812 2.220700
0.130430 0.332421 2.133750
0.150956 0.503882 2.109370
-0.004901 0.224770 2.124570
-0.028547 -0.027444 2.099160
-0.011804 -0.264507 2.071360
0.007663 -0.337089 2.073260
0.292552 0.209611 2.143190
0.310613 -0.041288 2.144110
0.284212 -0.238969 2.101670
0.270627 -0.294116 2.100030
0.076686 -0.124664 2.220330
0.097822 -0.528980 2.111040
0.083137 -0.812322 2.088950
0.084767 -0.849296 2.009610
0.212092 -0.126553 2.228960
0.187096 -0.503900 2.126210
0.172218 -0.806410 2.085240
0.197739 -0.855856 2.035780
0.142744 -0.079901 2.224010
0.139227 -0.008353 2.227120
0.130019 0.295285 2.124850
0.152762 0.481253 2.102530
-0.002783 0.196201 2.119260
-0.027785 -0.055719 2.098120
-0.009333 -0.276305 2.071140
0.012474 -0.353052 2.073700
0.294097 0.183968 2.137840
0.313243 -0.067252 2.141580
0.282799 -0.253135 2.100930
0.269818 -0.308699 2.100440
0.077559 -0.144949 2.233790
0.095898 -0.537658 2.104100
0.083262 -0.810692 2.086080
0.085082 -0.849599 2.009060
0.212006 -0.146955 2.241830
0.188930 -0.509989 2.121700
0.176618 -0.803874 2.082600
0.192939 -0.849134 2.014180
0.144458 -0.105633 2.236790
0.141040 -0.035816 2.234450
0.130151 0.265097 2.119240
0.155228 0.437716 2.094370
-0.001151 0.166799 2.115230
-0.031886 -0.081731 2.099030
-0.008597 -0.284456 2.071480
0.014252 -0.363223 2.074450
0.295165 0.159338 2.134420
0.319577 -0.091915 2.140810
0.285670 -0.269910 2.101240
0.276902 -0.339303 2.100610
0.080130 -0.171177 2.251470
0.093959 -0.546524 2.096950
0.083100 -0.808945 2.083260
0.085306 -0.849887 2.008480
0.213594 -0.171439 2.256560
0.191124 -0.522528 2.113270
0.179809 -0.801903 2.080520
0.190483 -0.845765 2.002670
0.144804 -0.129270 2.247730
0.141844 -0.061933 2.240940
0.132431 0.230762 2.114910
0.155778 0.418419 2.091380
-0.000380 0.141104 2.113130
-0.041668 -0.104170 2.098890
-0.007778 -0.334253 2.079270
0.021829 -0.390062 2.071230
0.295316 0.135233 2.132520
0.334730 -0.115671 2.137550
0.294440 -0.288917 2.103660
0.280495 -0.365124 2.101630
0.080584 -0.193793 2.265910
0.092495 -0.559611 2.088880
0.082742 -0.808504 2.081020
0.085381 -0.850892 2.007700
0.213456 -0.193104 2.268820
0.191537 -0.537926 2.105120
0.182124 -0.800621 2.079070
0.187748 -0.840067 1.995500
0.145217 -0.156657 2.259350
0.143152 -0.090226 2.248090
0.136642 0.204807 2.113830
0.155609 0.391430 2.092790
0.000929 0.107779 2.112460
-0.054097 -0.121385 2.099650
-0.014153 -0.345871 2.083070
0.018066 -0.399676 2.073590
0.295262 0.106292 2.132010
0.354340 -0.136590 2.134560
0.309093 -0.309506 2.106690
0.285337 -0.377910 2.102290
0.080356 -0.219892 2.280240
0.093047 -0.573380 2.081310
0.081655 -0.810803 2.078230
0.083581 -0.860492 2.014000
0.212881 -0.218222 2.281890
0.190713 -0.549941 2.098630
0.183603 -0.799757 2.077930
0.188056 -0.832792 1.990990
0.144955 -0.179837 2.268350
0.143395 -0.115096 2.254210
0.139431 0.177074 2.116120
0.154483 0.367813 2.096030
0.000580 0.080399 2.113810
-0.067184 -0.134689 2.098790
-0.023006 -0.349694 2.086230
0.007373 -0.405663 2.077160
0.295140 0.083408 2.133430
0.370723 -0.152347 2.132350
0.324513 -0.327676 2.110030
0.301949 -0.387829 2.104260
0.079664 -0.240218 2.290830
0.093343 -0.580338 2.077270
0.079889 -0.813445 2.074460
0.083613 -0.861761 2.013720
0.211968 -0.245012 2.292970
0.190355 -0.560732 2.093430
0.184756 -0.800247 2.076730
0.196084 -0.801022 1.991640
0.144367 -0.207570 2.279290
0.142969 -0.144025 2.262300
0.140044 0.144490 2.120960
0.153100 0.327295 2.104750
-0.000892 0.051193 2.117330
-0.086837 -0.155916 2.092110
-0.033178 -0.352522 2.086010
-0.007760 -0.409901 2.079360
0.294712 0.056552 2.137760
0.388472 -0.170534 2.132280
0.338390 -0.346944 2.112300
0.314904 -0.392488 2.105780
0.078665 -0.271578 2.305790
0.093377 -0.584578 2.074640
0.075973 -0.831259 2.069530
0.080233 -0.885230 2.006890
0.211353 -0.269003 2.303600
0.190623 -0.567496 2.090140
0.185267 -0.827134 2.074950
0.193008 -0.864275 1.995470
0.143530 -0.231144 2.287390
0.142143 -0.169009 2.268940
0.139912 0.116824 2.128520
0.152507 0.303885 2.110670
-0.002575 0.019825 2.123670
-0.098193 -0.168709 2.087250
-0.041134 -0.355132 2.086660
-0.024169 -0.411127 2.080340
0.293031 0.023934 2.147610
0.398730 -0.181820 2.133150
0.347637 -0.359612 2.113900
0.326312 -0.406078 2.107920
0.077839 -0.291337 2.314340
0.092211 -0.589595 2.071480
0.072901 -0.848374 2.063930
0.078050 -0.905056 1.999380
0.210358 -0.295222 2.311990
0.191811 -0.573986 2.086250
0.184246 -0.851112 2.074930
0.190048 -0.906400 1.999810
0.142746 -0.254554 2.294980
0.141480 -0.193247 2.275810
0.140172 0.091264 2.139030
0.151011 0.277052 2.121620
-0.004456 -0.002553 2.130100
-0.108645 -0.183576 2.083640
-0.046903 -0.380400 2.084370
-0.039958 -0.439280 2.076930
0.291611 -0.004757 2.158370
0.408114 -0.196449 2.137560
0.353303 -0.372885 2.115290
0.333583 -0.422442 2.109450
0.076507 -0.316004 2.322140
0.090708 -0.595669 2.067970
0.076689 -0.866823 2.060760
0.082601 -0.924181 1.994510
0.209743 -0.318190 2.319380
0.193124 -0.582723 2.082490
0.185953 -0.871658 2.075100
0.191238 -0.933086 2.002350
0.141920 -0.295427 2.302200
0.140532 -0.231568 2.283500
0.139055 0.066918 2.151920
0.149625 0.259856 2.130220
-0.006605 -0.030295 2.142040
-0.117661 -0.200703 2.083540
-0.053680 -0.388367 2.084800
-0.045593 -0.445494 2.076910
0.289828 -0.026773 2.167850
0.414229 -0.209479 2.142540
0.357260 -0.386011 2.118890
0.337867 -0.437247 2.112070
0.075119 -0.358753 2.326170
0.090234 -0.598734 2.065770
0.079543 -0.884054 2.063490
0.085596 -0.939767 1.995130
0.209887 -0.355392 2.325310
0.184166 -0.623150 2.068760
0.192806 -0.900100 2.078750
0.197387 -0.961496 2.007150
0.141494 -0.313041 2.306380
0.140193 -0.249759 2.288170
0.139478 0.045702 2.167300
0.147162 0.236976 2.145810
-0.008211 -0.048041 2.152010
-0.124441 -0.218147 2.087930
-0.060210 -0.397821 2.086250
-0.058520 -0.456953 2.080230
0.288666 -0.048207 2.179140
0.418005 -0.226684 2.151650
0.357352 -0.400720 2.122660
0.338822 -0.454687 2.116070
0.074180 -0.378670 2.328520
0.092047 -0.604301 2.062720
0.073145 -0.898356 2.061730
0.079814 -0.952840 1.991920
0.209788 -0.372511 2.329720
0.179599 -0.680195 2.065200
0.192338 -0.932994 2.070400
0.197080 -0.990989 2.000420
0.141079 -0.327145 2.312040
0.139765 -0.264820 2.294710
0.138654 0.029122 2.182900
0.145083 0.217264 2.165170
-0.011440 -0.066821 2.166620
-0.133351 -0.239332 2.098750
-0.065621 -0.409697 2.089460
-0.065946 -0.468614 2.083540
0.287122 -0.067425 2.194510
0.420439 -0.241238 2.162290
0.356647 -0.412571 2.126900
0.338856 -0.468113 2.120830
0.073271 -0.394350 2.332230
0.094746 -0.608400 2.060750
0.064558 -0.907565 2.060000
0.071749 -0.961129 1.989030
0.209921 -0.386601 2.336170
0.177090 -0.705317 2.064440
0.191172 -0.951414 2.064700
0.196327 -1.007780 1.995510
0.139885 -0.344363 2.323840
0.138877 -0.282849 2.307650
0.138824 0.010647 2.205710
0.142602 0.198491 2.190750
-0.014184 -0.084404 2.185700
-0.139032 -0.253149 2.109720
-0.070223 -0.420005 2.094130
-0.072203 -0.478515 2.087790
0.284623 -0.087353 2.213930
0.421565 -0.255943 2.177130
0.355027 -0.425008 2.134650
0.337828 -0.481350 2.128860
0.071471 -0.410994 2.339230
0.098352 -0.612368 2.059710
0.056715 -0.913407 2.058800
0.063904 -0.966161 1.986870
0.209117 -0.404187 2.349530
0.175097 -0.717990 2.063790
0.190451 -0.963549 2.060370
0.195800 -1.018930 1.991390
0.139072 -0.361395 2.339550
0.138139 -0.300674 2.324650
0.136896 -0.007368 2.232440
0.137787 0.182568 2.218430
-0.018515 -0.104754 2.215080
-0.145975 -0.269340 2.131440
-0.073905 -0.433517 2.106220
-0.082218 -0.486730 2.091040
0.282026 -0.106901 2.237380
0.421967 -0.270030 2.194760
0.352303 -0.437795 2.146830
0.335537 -0.492387 2.136880
0.069840 -0.430783 2.352610
0.107135 -0.620176 2.061290
0.045829 -0.917054 2.056610
0.052163 -0.968716 1.983620
0.209187 -0.420353 2.364850
0.172563 -0.727836 2.066630
0.188258 -0.974044 2.057840
0.193847 -1.028120 1.988710
0.137533 -0.376580 2.354900
0.136438 -0.317188 2.342130
0.133520 -0.028738 2.268130
0.133584 0.163796 2.250870
-0.021327 -0.120543 2.239820
-0.150942 -0.283335 2.154680
-0.077718 -0.448959 2.124950
-0.090955 -0.497194 2.100090
0.280115 -0.123198 2.268330
0.420802 -0.284554 2.219140
0.349306 -0.447502 2.156910
0.332592 -0.501713 2.145300
0.067648 -0.446245 2.363640
0.113268 -0.624586 2.063230
0.037184 -0.918246 2.055250
0.043633 -0.968686 1.981400
0.208681 -0.436197 2.380570
0.168294 -0.736270 2.072860
0.167740 -0.978130 2.006500
0.173753 -1.027700 1.931820
0.134521 -0.394492 2.375400
0.133132 -0.336368 2.365430
0.127805 -0.049154 2.306290
0.129825 0.148859 2.280180
-0.026029 -0.138210 2.281340
-0.155769 -0.295490 2.181990
-0.079978 -0.457340 2.133390
-0.095177 -0.508614 2.112330
0.277648 -0.140757 2.302870
0.418172 -0.300600 2.247870
0.344675 -0.458527 2.171250
0.326407 -0.512970 2.160450
0.062808 -0.465645 2.381240
0.118475 -0.627559 2.065970
0.029889 -0.917334 2.053900
0.035246 -0.965911 1.979020
0.208035 -0.453364 2.397400
0.163650 -0.742215 2.081350
0.160143 -0.977416 1.973040
0.165503 -1.023920 1.895400
0.131734 -0.410535 2.394350
0.129624 -0.353379 2.386640
0.119098 -0.069552 2.342520
0.124141 0.127172 2.318990
-0.031837 -0.156741 2.313600
-0.160437 -0.308036 2.213550
-0.083026 -0.465704 2.143170
-0.096410 -0.517672 2.121220
0.275392 -0.162129 2.344200
0.414917 -0.315790 2.275860
0.340935 -0.470915 2.189140
0.324948 -0.524091 2.173640
0.058208 -0.483819 2.397720
0.125119 -0.625778 2.072420
0.023888 -0.912233 2.052740
0.029375 -0.958378 1.976860
0.208362 -0.470840 2.414800
0.157388 -0.748799 2.095930
0.122819 -0.950231 1.917110
0.130043 -0.993433 1.838440
0.129804 -0.426091 2.412340
0.127459 -0.369169 2.406370
0.115840 -0.084448 2.372030
0.120322 0.114343 2.343950
-0.035909 -0.176074 2.352350
-0.162792 -0.320198 2.246310
-0.087971 -0.476373 2.159520
-0.097927 -0.527481 2.133680
0.272943 -0.175810 2.374070
0.410155 -0.332117 2.312320
0.339173 -0.479110 2.203030
0.324635 -0.530522 2.181670
0.055004 -0.499448 2.411660
0.129823 -0.623527 2.078350
0.019816 -0.906737 2.052070
0.025023 -0.950455 1.975270
0.208712 -0.485948 2.429370
0.151351 -0.756572 2.113150
0.173200 -0.928293 1.914510
0.179667 -0.969221 1.835080
0.127511 -0.438727 2.426960
0.124713 -0.382677 2.423500
0.110538 -0.102275 2.408770
0.113809 0.095459 2.388250
-0.038724 -0.188875 2.377160
-0.163219 -0.334073 2.280410
-0.091370 -0.485138 2.174380
-0.096284 -0.536328 2.146940
0.269651 -0.192488 2.406620
0.403592 -0.345794 2.344690
0.339103 -0.487261 2.218810
0.323447 -0.535690 2.190420
0.051615 -0.511988 2.422570
0.133872 -0.619908 2.086070
0.020660 -0.900907 2.055720
0.026802 -0.942194 1.978380
0.208556 -0.499225 2.441800
0.145909 -0.762805 2.128150
0.204960 -0.911331 1.917070
0.213351 -0.949726 1.837400
0.125175 -0.447687 2.439330
0.121898 -0.392115 2.438040
0.105482 -0.112016 2.433380
0.111078 0.087125 2.408120
-0.044003 -0.201069 2.413120
-0.162990 -0.342697 2.306700
-0.096122 -0.493757 2.195730
-0.092539 -0.543547 2.164910
0.265991 -0.203527 2.430980
0.395993 -0.355202 2.370490
0.338423 -0.493252 2.234490
0.320351 -0.537703 2.199110
0.048674 -0.520567 2.431000
0.137524 -0.614679 2.096180
0.022498 -0.895068 2.058230
0.028468 -0.934698 1.980110
0.208282 -0.508705 2.452080
0.194071 -0.787914 2.130460
0.053738 -0.823529 2.015350
0.092988 -0.808028 2.024060
0.122772 -0.455636 2.454410
0.118936 -0.400301 2.455860
0.100461 -0.119589 2.461470
0.105558 0.081322 2.444640
-0.046988 -0.206628 2.434060
-0.158127 -0.349295 2.344690
-0.102714 -0.498453 2.221510
-0.092612 -0.548997 2.194130
0.261425 -0.213258 2.457690
0.388857 -0.364752 2.393080
0.336754 -0.498385 2.249140
0.320541 -0.544601 2.216310
0.045801 -0.527750 2.440190
0.140157 -0.608762 2.106390
0.027596 -0.888882 2.060790
0.034441 -0.926672 1.981960
0.208112 -0.517912 2.466180
0.212145 -0.797394 2.134540
0.001572 -0.786954 2.041550
0.082443 -0.774101 2.048910
0.120591 -0.459822 2.466500
0.115741 -0.404211 2.472110
0.090316 -0.118827 2.491560
0.102711 0.079200 2.462310
-0.050852 -0.208329 2.460950
-0.153214 -0.351522 2.369560
-0.104760 -0.499799 2.243790
-0.092456 -0.550043 2.214530
0.257654 -0.217304 2.478060
0.379516 -0.370514 2.413810
0.334904 -0.499829 2.261800
0.320869 -0.546053 2.227510
0.043571 -0.532107 2.448150
0.141312 -0.604339 2.114440
0.033733 -0.884005 2.062660
0.040196 -0.920572 1.982990
0.207763 -0.522729 2.475860
0.222884 -0.801576 2.137050
-0.025312 -0.803224 2.051020
0.081927 -0.791757 2.068520
0.119272 -0.460439 2.477920
0.113589 -0.403969 2.488980
0.085040 -0.116368 2.515420
0.099348 0.081033 2.480120
-0.055111 -0.205966 2.486570
-0.147369 -0.351494 2.392530
-0.102579 -0.497149 2.263960
-0.086395 -0.546938 2.237920
0.253575 -0.213506 2.503520
0.367820 -0.373877 2.431740
0.324788 -0.499749 2.279780
0.320153 -0.545737 2.234240
0.042205 -0.533898 2.455800
0.141950 -0.599948 2.121420
0.039937 -0.879376 2.063550
0.046292 -0.914824 1.983160
0.207821 -0.524227 2.484350
0.228643 -0.803830 2.139260
-0.041084 -0.800108 2.051340
0.091096 -0.805076 2.065460
0.118639 -0.456628 2.492100
0.112210 -0.399098 2.510280
0.081815 -0.107792 2.545860
0.096333 0.088537 2.502210
-0.057412 -0.202998 2.507020
-0.139877 -0.352235 2.414150
-0.094541 -0.491126 2.280310
-0.070071 -0.540437 2.267750
0.250890 -0.205324 2.528920
0.352039 -0.375073 2.450860
0.320165 -0.496007 2.290440
0.319343 -0.542815 2.240690
0.041793 -0.532336 2.465290
0.142600 -0.595059 2.127430
0.046248 -0.874197 2.063670
0.052862 -0.908473 1.982600
0.208104 -0.520696 2.496000
0.231828 -0.802308 2.143220
-0.015186 -0.821102 2.018980
0.107544 -0.810055 2.062180
0.117857 -0.451580 2.502880
0.111213 -0.394140 2.525600
0.081077 -0.102141 2.564340
0.093716 0.098391 2.523730
-0.060050 -0.197207 2.530950
-0.131120 -0.352119 2.429890
-0.088210 -0.486561 2.290980
-0.064703 -0.538050 2.280230
0.248711 -0.199539 2.547190
0.338942 -0.375243 2.465520
0.310999 -0.487814 2.300290
0.319759 -0.538557 2.255700
0.041261 -0.528175 2.473620
0.143042 -0.591754 2.131310
0.055145 -0.869953 2.063060
0.060892 -0.903571 1.981470
0.207688 -0.515930 2.504980
0.232046 -0.798021 2.147920
0.031280 -0.846166 1.978580
0.080532 -0.859728 1.951840
0.117361 -0.446582 2.509810
0.110522 -0.390202 2.535670
0.080630 -0.095812 2.584380
0.089964 0.107321 2.543460
-0.061560 -0.193506 2.547740
-0.104288 -0.361717 2.469370
-0.079939 -0.474796 2.303500
-0.060450 -0.530336 2.291050
0.247308 -0.195208 2.563380
0.328364 -0.375108 2.476240
0.293299 -0.478278 2.310620
0.319485 -0.528333 2.286610
0.040942 -0.522645 2.479070
0.143514 -0.588098 2.134420
0.062335 -0.865882 2.062130
0.067860 -0.898839 1.980090
0.207385 -0.510944 2.510560
0.229595 -0.791129 2.151580
0.107912 -0.890603 1.944440
0.116562 -0.920632 1.874920
0.117276 -0.442147 2.514010
0.110201 -0.387427 2.542380
0.080955 -0.091869 2.601070
0.087546 0.112219 2.560480
-0.062455 -0.192034 2.559730
-0.093037 -0.366153 2.486170
-0.071067 -0.468044 2.311660
-0.055066 -0.525665 2.299190
0.245602 -0.192160 2.578600
0.310030 -0.377800 2.490750
0.288669 -0.474927 2.316430
0.326315 -0.519207 2.311630
0.041286 -0.516325 2.481780
0.144282 -0.583443 2.137210
0.069301 -0.861706 2.060670
0.075061 -0.894095 1.978250
0.207398 -0.505649 2.513550
0.211735 -0.714970 2.127990
0.224170 -0.927144 1.981920
0.213382 -0.967939 1.884690
0.118131 -0.437831 2.516890
0.110439 -0.385087 2.547660
0.080512 -0.089974 2.612470
0.085561 0.114333 2.575810
-0.062927 -0.191984 2.570050
-0.086479 -0.369157 2.496740
-0.060964 -0.467527 2.321680
-0.050695 -0.524746 2.306530
0.244356 -0.191168 2.594220
0.295671 -0.380068 2.502450
0.286984 -0.471609 2.322050
0.332186 -0.512673 2.327930
0.043358 -0.510117 2.483070
0.144915 -0.577526 2.140520
0.074949 -0.857668 2.059240
0.081195 -0.889647 1.976570
0.208601 -0.499981 2.515120
0.237418 -0.604419 2.124480
0.250141 -0.838049 2.058380
0.146471 -0.831439 2.029350
0.118970 -0.434833 2.518780
0.110754 -0.383672 2.551660
0.080499 -0.089553 2.621030
0.084042 0.113846 2.591460
-0.063033 -0.193040 2.578190
-0.081853 -0.371632 2.503240
-0.052409 -0.471993 2.329560
-0.046355 -0.526471 2.312770
0.242488 -0.191778 2.606310
0.284696 -0.383777 2.513920
0.285420 -0.469354 2.326620
0.335184 -0.508268 2.339480
0.045296 -0.505747 2.483610
0.145172 -0.572627 2.143240
0.093058 -0.817589 2.058330
0.135243 -0.849175 2.011330
0.209491 -0.496000 2.515870
0.254283 -0.540138 2.123460
0.253018 -0.819096 2.069480
0.144039 -0.827013 2.034710
0.119669 -0.433071 2.520000
0.111173 -0.383039 2.554700
0.080554 -0.090622 2.627560
0.083041 0.110052 2.604990
-0.062572 -0.196764 2.587170
-0.075772 -0.377515 2.506180
-0.047262 -0.479921 2.334090
-0.043292 -0.533475 2.315110
0.240942 -0.193358 2.614870
0.278006 -0.385462 2.520940
0.259405 -0.459609 2.337390
0.273999 -0.486755 2.314150
0.047147 -0.503033 2.483740
0.145228 -0.569201 2.145150
0.086867 -0.787625 2.056370
0.147017 -0.829679 2.021650
0.210068 -0.493472 2.516090
0.219152 -0.647961 2.109810
0.281394 -0.866708 2.054530
0.212827 -0.897304 1.982080
0.120378 -0.433132 2.520230
0.111893 -0.384625 2.557220
0.080942 -0.093713 2.632760
0.082329 0.105735 2.614420
-0.061956 -0.201307 2.594260
-0.070010 -0.387038 2.504540
-0.000336 -0.475339 2.335420
0.018462 -0.509743 2.296420
0.239808 -0.195116 2.620770
0.273821 -0.386455 2.525240
0.251290 -0.456419 2.341510
0.244890 -0.477000 2.301890
0.048988 -0.502151 2.483510
0.145256 -0.566997 2.146410
0.084129 -0.775022 2.055110
0.151631 -0.815719 2.027290
0.209074 -0.494154 2.513070
0.216086 -0.647119 2.105000
0.268281 -0.899473 2.031000
0.237680 -0.935370 1.948410
0.121604 -0.436157 2.519430
0.113082 -0.389119 2.559360
0.081393 -0.097111 2.635950
0.082527 0.100605 2.622390
-0.061139 -0.206076 2.599200
-0.066625 -0.392997 2.502840
0.021091 -0.472682 2.335270
0.043284 -0.499765 2.288500
0.238797 -0.197964 2.624810
0.270790 -0.387114 2.528330
0.245687 -0.454175 2.344400
0.229920 -0.471834 2.296060
0.051980 -0.504032 2.482810
0.145275 -0.565571 2.147260
0.081548 -0.767833 2.053690
0.130588 -0.806466 2.013270
0.207921 -0.496906 2.509700
0.211536 -0.657344 2.101590
0.275541 -0.911862 2.020360
0.272698 -0.955316 1.925800
0.122908 -0.440441 2.518340
0.114296 -0.394523 2.561040
0.081800 -0.100834 2.637650
0.083286 0.096386 2.628050
-0.060373 -0.210270 2.602340
-0.064459 -0.396928 2.500820
0.030422 -0.471698 2.335730
0.060252 -0.491438 2.281130
0.237877 -0.201958 2.626860
0.268490 -0.387607 2.530570
0.241102 -0.452668 2.346270
0.226369 -0.469387 2.292790
0.055206 -0.507591 2.482210
0.144030 -0.559902 2.151040
0.078965 -0.764113 2.051440
0.111255 -0.801761 1.996140
0.206967 -0.500167 2.506770
0.208346 -0.670057 2.100590
0.280182 -0.919314 2.013790
0.288520 -0.964466 1.916020
0.124078 -0.444958 2.517910
0.115301 -0.399642 2.562840
0.082038 -0.103962 2.638410
0.084013 0.093330 2.631700
-0.059711 -0.213421 2.604180
-0.059383 -0.402726 2.485230
0.045919 -0.445598 2.311750
0.077287 -0.463387 2.259890
0.237277 -0.205288 2.627610
0.266170 -0.387701 2.531300
0.236380 -0.451385 2.346510
0.240077 -0.465249 2.293650
0.058273 -0.512096 2.482520
0.142338 -0.552364 2.155120
0.073824 -0.767289 2.043940
0.106374 -0.798727 1.985720
0.206303 -0.503515 2.505220
0.189902 -0.685204 2.096440
0.285226 -0.920550 2.008460
0.301240 -0.964985 1.909650
0.124887 -0.448998 2.517790
0.115969 -0.403817 2.564400
0.082226 -0.106420 2.638530
0.084768 0.091172 2.634070
-0.058928 -0.216066 2.604840
-0.056696 -0.402635 2.476000
0.051930 -0.435176 2.297440
0.085412 -0.451780 2.247100
0.236898 -0.208170 2.627300
0.264246 -0.387268 2.530480
0.232636 -0.450212 2.345590
0.228055 -0.465161 2.283630
0.060467 -0.516180 2.483260
0.140616 -0.545557 2.158300
0.071304 -0.773385 2.032140
0.107498 -0.798161 1.974950
0.205642 -0.506677 2.504360
0.200281 -0.642689 2.102660
0.332101 -0.871659 2.005590
0.350442 -0.910908 1.913680
0.125635 -0.452248 2.517710
0.116525 -0.406946 2.565560
0.082350 -0.108237 2.638140
0.085608 0.089564 2.635390
-0.057876 -0.218379 2.603910
-0.055353 -0.398208 2.466000
0.051934 -0.419689 2.276480
0.088238 -0.436666 2.228480
0.236633 -0.210862 2.625210
0.262679 -0.385843 2.526110
0.229188 -0.448361 2.341360
0.222473 -0.463861 2.276990
0.062405 -0.519642 2.483940
0.127771 -0.447854 2.176340
0.075685 -0.727588 2.017730
0.092130 -0.754667 1.943420
0.205257 -0.509192 2.503880
0.203330 -0.608261 2.108430
0.346208 -0.819448 2.016850
0.263043 -0.810899 1.990740
0.126140 -0.454524 2.517650
0.116880 -0.409053 2.566410
0.082584 -0.109427 2.636500
0.086971 0.088825 2.635240
-0.056216 -0.219638 2.599840
-0.055640 -0.388337 2.457190
0.049064 -0.407698 2.253550
0.087212 -0.424191 2.204330
0.237667 -0.212529 2.620520
0.261267 -0.383339 2.518480
0.255579 -0.414007 2.312110
0.253590 -0.425128 2.247080
0.063674 -0.522050 2.484470
0.120492 -0.399410 2.185170
0.078682 -0.698120 2.005130
0.083521 -0.726392 1.920350
0.204988 -0.511078 2.503600
0.147442 -0.608563 2.094520
0.286302 -0.810457 1.989110
0.257354 -0.825363 1.933190
0.126860 -0.456146 2.515320
0.117481 -0.410421 2.565500
0.083517 -0.108475 2.631500
0.088918 0.089062 2.633300
-0.053900 -0.218408 2.591620
-0.055823 -0.378556 2.448820
0.044735 -0.431519 2.220150
0.081933 -0.452104 2.160930
0.239350 -0.212039 2.608950
0.269275 -0.368528 2.483750
0.247459 -0.387146 2.280090
0.238498 -0.395326 2.215880
0.064995 -0.523599 2.482800
0.116509 -0.375203 2.184830
0.083109 -0.681671 1.994180
0.082208 -0.712093 1.906020
0.204818 -0.512343 2.501590
0.111601 -0.614240 2.083340
0.256667 -0.812378 1.976000
0.239137 -0.831698 1.913480
0.127485 -0.457123 2.512400
0.118203 -0.411034 2.563580
0.085216 -0.105041 2.622850
0.091891 0.091769 2.627790
-0.050879 -0.214519 2.580230
-0.055301 -0.367966 2.438970
0.042943 -0.446853 2.202410
0.079430 -0.469216 2.139140
0.240872 -0.208457 2.592460
0.273041 -0.359125 2.460490
0.242121 -0.377323 2.263040
0.229526 -0.385093 2.199340
0.066011 -0.524500 2.480840
0.114282 -0.369900 2.179600
0.085919 -0.675146 1.989130
0.082168 -0.706368 1.898780
0.204655 -0.513177 2.499140
0.097295 -0.616362 2.078790
0.263153 -0.790757 1.985870
0.203513 -0.791421 1.955080
0.133044 -0.453661 2.490310
0.123835 -0.407397 2.544220
0.089101 -0.097790 2.606260
0.096195 0.097205 2.617300
-0.047291 -0.207935 2.564810
-0.052687 -0.356415 2.425520
0.040440 -0.481004 2.196900
0.073053 -0.519852 2.130750
0.241199 -0.203191 2.573300
0.274893 -0.353481 2.444600
0.236754 -0.375183 2.250600
0.220890 -0.384769 2.187530
0.072254 -0.519156 2.464100
0.121839 -0.384234 2.150210
0.090774 -0.683892 1.972050
0.086571 -0.716272 1.882850
0.208742 -0.509921 2.470950
0.089246 -0.617856 2.076110
0.269293 -0.795204 1.990920
0.247547 -0.821215 1.943530
0.134069 -0.448450 2.479500
0.125537 -0.402101 2.533370
0.097483 -0.089777 2.576610
0.100119 0.102548 2.606030
-0.043006 -0.200386 2.543240
-0.046510 -0.356709 2.397050
0.033693 -0.483535 2.198820
0.063814 -0.524631 2.134020
0.242579 -0.198688 2.556870
0.268259 -0.362599 2.403450
0.221873 -0.401569 2.215630
0.208180 -0.406674 2.162460
0.067467 -0.510265 2.451280
0.125081 -0.385537 2.141290
0.094655 -0.689961 1.964320
0.092044 -0.723665 1.875920
0.210492 -0.505550 2.462890
0.084755 -0.619098 2.074530
0.268315 -0.792577 1.995660
0.204467 -0.800818 1.969950
0.134513 -0.445150 2.473220
0.126396 -0.397832 2.526310
0.102074 -0.084297 2.554770
0.104964 0.108105 2.587980
-0.039149 -0.194469 2.521170
-0.043764 -0.357054 2.384820
0.021827 -0.486174 2.207480
0.049046 -0.528472 2.145030
0.245235 -0.194891 2.536480
0.264092 -0.372070 2.378770
0.215075 -0.439357 2.194120
0.201526 -0.445520 2.144660
0.064577 -0.505504 2.444550
0.137817 -0.522162 2.112300
0.082047 -0.775967 1.956680
0.082971 -0.809813 1.871210
0.211655 -0.502633 2.458220
0.084247 -0.620309 2.073970
0.213404 -0.821977 1.958200
0.183220 -0.842824 1.903650
0.134744 -0.442575 2.468350
0.126986 -0.393945 2.519850
0.104377 -0.081374 2.537700
0.108772 0.111539 2.573130
-0.037062 -0.191010 2.503710
-0.034792 -0.378122 2.362030
0.017831 -0.491930 2.205740
0.043255 -0.533694 2.145270
0.247238 -0.193275 2.517240
0.262145 -0.378487 2.366450
0.210124 -0.460396 2.185610
0.196010 -0.469124 2.136350
0.062526 -0.502718 2.439860
0.143011 -0.565407 2.099100
0.074774 -0.821034 1.953080
0.077479 -0.854451 1.869260
0.212818 -0.500334 2.455090
0.086269 -0.620728 2.074130
0.235306 -0.810189 1.984360
0.162895 -0.813001 1.942700
0.134827 -0.440100 2.463180
0.127315 -0.389763 2.511790
0.106791 -0.081757 2.512630
0.112567 0.112889 2.560150
-0.035645 -0.188821 2.487680
-0.031431 -0.387614 2.352760
0.014716 -0.498053 2.205000
0.038359 -0.538632 2.146520
0.249044 -0.193400 2.502450
0.261509 -0.383819 2.359780
0.207460 -0.469565 2.180700
0.192159 -0.483320 2.132470
0.060554 -0.500914 2.435330
0.146132 -0.594162 2.093310
0.071224 -0.841889 1.951270
0.074922 -0.875447 1.868260
0.214070 -0.498482 2.452750
0.089376 -0.620513 2.074670
0.243896 -0.804307 1.996070
0.150629 -0.798932 1.965080
0.134648 -0.438056 2.457440
0.127303 -0.386658 2.503650
0.108265 -0.082083 2.497850
0.115877 0.113311 2.543700
-0.034367 -0.187529 2.471450
-0.029951 -0.394439 2.347820
0.012623 -0.503786 2.204880
0.034675 -0.542954 2.148130
0.251197 -0.194186 2.488240
0.261280 -0.388673 2.357250
0.205681 -0.476833 2.179130
0.189554 -0.494405 2.131520
0.058472 -0.500037 2.430450
0.147299 -0.604579 2.091610
0.069197 -0.854590 1.949870
0.073484 -0.888235 1.867310
0.215169 -0.497150 2.450690
0.101339 -0.607729 2.080140
0.252434 -0.795322 2.005160
0.151648 -0.785746 1.983590
0.134203 -0.436578 2.452020
0.126906 -0.384483 2.496550
0.109377 -0.082812 2.486220
0.117836 0.113209 2.529920
-0.033495 -0.187236 2.458120
-0.029469 -0.400587 2.345450
0.011706 -0.507168 2.204160
0.032578 -0.545408 2.148550
0.252649 -0.194588 2.478150
0.261592 -0.393547 2.356890
0.204488 -0.482283 2.179060
0.187640 -0.502499 2.131340
0.056529 -0.499801 2.425980
0.147589 -0.606063 2.092610
0.067881 -0.863409 1.948880
0.072627 -0.897114 1.866680
0.216010 -0.496194 2.448940
0.108280 -0.600394 2.083260
0.258812 -0.788769 2.011210
0.153629 -0.779092 1.993200
0.133687 -0.435618 2.446820
0.126500 -0.383145 2.490580
0.109777 -0.083190 2.478760
0.118870 0.112450 2.518310
-0.032863 -0.187182 2.447630
-0.029918 -0.405530 2.344350
0.012498 -0.509356 2.202760
0.031658 -0.546878 2.148760
0.254174 -0.195168 2.468110
0.262273 -0.397267 2.358070
0.204081 -0.486075 2.180430
0.186606 -0.508291 2.131940
0.054895 -0.500031 2.421970
0.147796 -0.605986 2.093200
0.066967 -0.868819 1.948650
0.072120 -0.902577 1.866730
0.217012 -0.495457 2.446680
0.112636 -0.595269 2.085140
0.263503 -0.783599 2.015210
0.156372 -0.775089 1.998790
0.133333 -0.434888 2.441930
0.126170 -0.382074 2.485270
0.109587 -0.083287 2.472300
0.118631 0.111964 2.506730
-0.032536 -0.187271 2.439530
-0.030795 -0.408926 2.343800
0.014553 -0.509754 2.200270
0.032162 -0.546737 2.148290
0.255466 -0.195567 2.460390
0.263859 -0.399551 2.360000
0.204130 -0.488267 2.183080
0.185896 -0.512260 2.133500
0.053737 -0.500485 2.418260
0.147261 -0.597236 2.094820
0.066306 -0.870941 1.948930
0.071842 -0.904831 1.867230
0.218133 -0.494854 2.444150
0.115414 -0.591940 2.086170
0.267172 -0.780065 2.017860
0.159065 -0.773434 2.001540
0.132983 -0.434284 2.437900
0.125891 -0.381162 2.481040
0.109729 -0.083063 2.467010
0.118158 0.111867 2.497830
-0.032444 -0.187188 2.432950
-0.031708 -0.411015 2.343280
0.017022 -0.509192 2.197310
0.035451 -0.544007 2.146250
0.256539 -0.195766 2.453930
0.266148 -0.401165 2.360240
0.203979 -0.489597 2.184490
0.184997 -0.514853 2.134330
0.052804 -0.500871 2.415330
0.146700 -0.589479 2.095800
0.066335 -0.870533 1.949570
0.072184 -0.904617 1.868020
0.219016 -0.494370 2.441670
0.117336 -0.589701 2.086730
0.268959 -0.778219 2.019020
0.160817 -0.773235 2.001480
0.132675 -0.433800 2.434810
0.125641 -0.380443 2.477900
0.109779 -0.082737 2.463120
0.117527 0.112208 2.491160
-0.032421 -0.186873 2.428100
-0.033395 -0.411261 2.342720
0.017121 -0.508660 2.194530
0.035483 -0.543443 2.145260
0.257392 -0.195699 2.449100
0.268472 -0.401860 2.360420
0.207092 -0.486599 2.186210
0.185810 -0.514952 2.134550
0.052098 -0.501178 2.413070
0.146227 -0.583494 2.096290
0.065009 -0.867261 1.950870
0.071145 -0.901606 1.869410
0.219664 -0.493993 2.439610
0.118677 -0.588109 2.087030
0.268266 -0.777839 2.016010
0.160700 -0.774803 1.997960
0.132454 -0.433381 2.432310
0.125493 -0.379778 2.475280
0.109827 -0.082197 2.459420
0.115436 0.112975 2.482970
-0.032431 -0.186592 2.424570
-0.035975 -0.409711 2.341630
0.017192 -0.508303 2.192420
0.035576 -0.543166 2.144590
0.257988 -0.195322 2.445200
0.270939 -0.401776 2.360310
0.211015 -0.484425 2.187350
0.187738 -0.514754 2.134740
0.051604 -0.501426 2.411290
0.145953 -0.579072 2.096390
0.064965 -0.863855 1.951340
0.071198 -0.898473 1.869960
0.220170 -0.493637 2.437820
0.118237 -0.590163 2.084140
0.267492 -0.778590 2.012720
0.160962 -0.776864 1.994000
0.132295 -0.433085 2.430550
0.125387 -0.379249 2.473330
0.109658 -0.081580 2.456150
0.113838 0.113799 2.477090
-0.032514 -0.186296 2.421940
-0.038523 -0.407343 2.340340
0.017148 -0.507985 2.190740
0.035632 -0.542980 2.144050
0.258367 -0.194907 2.442170
0.273322 -0.401112 2.359790
0.213014 -0.483562 2.187800
0.189832 -0.514308 2.134800
0.051262 -0.501621 2.410020
0.145665 -0.575901 2.096420
0.065441 -0.860552 1.951520
0.071678 -0.895448 1.870200
0.220532 -0.493377 2.436490
0.104363 -0.639164 2.058760
0.283040 -0.808575 1.999520
0.251060 -0.840160 1.937610
0.132176 -0.432875 2.429300
0.125305 -0.378829 2.471840
0.109343 -0.080994 2.453470
0.112769 0.114424 2.472590
-0.032621 -0.186056 2.420000
-0.040613 -0.405090 2.339310
0.017003 -0.507743 2.189490
0.035637 -0.542857 2.143630
0.258586 -0.194514 2.439830
0.275337 -0.400285 2.358980
0.215143 -0.481992 2.187780
0.191441 -0.513441 2.134620
0.051020 -0.501776 2.409090
0.145406 -0.573641 2.096400
0.066105 -0.857677 1.951770
0.072285 -0.892817 1.870500
0.220791 -0.493188 2.435510
0.095504 -0.669262 2.043450
0.293771 -0.821068 1.992570
0.315615 -0.874754 1.900780
0.132089 -0.432718 2.428390
0.125246 -0.378481 2.470660
0.108987 -0.080533 2.451320
0.112014 0.114894 2.469040
-0.032761 -0.185863 2.418590
-0.042197 -0.403253 2.338570
0.016849 -0.507580 2.188600
0.035624 -0.542782 2.143300
0.258743 -0.194184 2.438100
0.276948 -0.399448 2.358250
0.216536 -0.480477 2.187670
0.192641 -0.512252 2.134430
0.050848 -0.501898 2.408420
0.145220 -0.572105 2.096380
0.066642 -0.855239 1.951940
0.072745 -0.890575 1.870700
0.220983 -0.493045 2.434770
0.118124 -0.684987 2.038670
0.309126 -0.843054 1.982320
0.345786 -0.898456 1.882560
0.132024 -0.432601 2.427700
0.125208 -0.378166 2.469570
0.108499 -0.080347 2.449150
0.111429 0.115172 2.466280
-0.032941 -0.185742 2.417550
-0.043379 -0.401805 2.338080
0.016674 -0.507492 2.187980
0.035585 -0.542753 2.143060
0.258839 -0.193924 2.436780
0.278108 -0.398967 2.357560
0.217263 -0.479699 2.187580
0.193387 -0.511120 2.134150
0.050727 -0.502008 2.407920
0.145098 -0.571021 2.096370
0.066985 -0.853226 1.952300
0.072998 -0.888732 1.871090
0.221132 -0.492937 2.434210
0.114934 -0.692095 2.035710
0.313643 -0.848908 1.979280
0.359772 -0.906452 1.874470
0.131972 -0.432522 2.427180
0.125182 -0.377929 2.468570
0.108045 -0.080339 2.447400
0.110880 0.115264 2.464040
-0.033149 -0.185664 2.416810
-0.044218 -0.401115 2.337820
0.016569 -0.507464 2.187520
0.035574 -0.542744 2.142850
0.258853 -0.193733 2.435770
0.279019 -0.398600 2.356980
0.217781 -0.478851 2.187340
0.193944 -0.510092 2.133890
0.050642 -0.502115 2.407540
0.145016 -0.570244 2.096350
0.067296 -0.851590 1.952840
0.073204 -0.887227 1.871630
0.221239 -0.492861 2.433780
0.109945 -0.694234 2.035040
0.316900 -0.852686 1.977210
0.362680 -0.905680 1.873420
0.131924 -0.432485 2.426770
0.125164 -0.377794 2.467540
0.107588 -0.080539 2.445910
0.109969 0.115068 2.461700
-0.033454 -0.185707 2.416360
-0.044826 -0.400739 2.337680
0.016503 -0.507780 2.187340
0.035634 -0.542984 2.142760
0.258827 -0.193603 2.435000
0.279677 -0.398385 2.356620
0.218154 -0.478397 2.187280
0.194363 -0.509283 2.133750
0.050588 -0.502259 2.407240
0.144954 -0.569685 2.096320
0.067480 -0.850289 1.953320
0.073279 -0.886013 1.872120
0.221319 -0.492821 2.433400
0.104708 -0.692886 2.035960
0.319030 -0.854280 1.976250
0.356996 -0.899095 1.878070
0.131848 -0.432528 2.426340
0.125106 -0.377809 2.466280
0.107029 -0.080983 2.444550
0.109196 0.114815 2.459890
-0.033913 -0.186053 2.416230
-0.045259 -0.400696 2.337700
0.017747 -0.507762 2.187300
0.037037 -0.542857 2.142630
0.258780 -0.193524 2.434430
0.280155 -0.398250 2.356380
0.218402 -0.478120 2.187280
0.194624 -0.508877 2.133740
0.050530 -0.502489 2.406950
0.144910 -0.569283 2.096260
0.067602 -0.849249 1.953750
0.073283 -0.885027 1.872560
0.221371 -0.492852 2.432910
0.100308 -0.689797 2.037640
0.320167 -0.854073 1.976270
0.348637 -0.891428 1.884390
0.131730 -0.432630 2.425870
0.125006 -0.377916 2.464920
0.106517 -0.081436 2.443470
0.108143 0.114328 2.457980
-0.034436 -0.186524 2.416330
-0.045455 -0.401117 2.338010
0.018701 -0.510519 2.188970
0.038024 -0.544816 2.143650
0.258685 -0.193469 2.433960
0.280500 -0.398151 2.356240
0.218391 -0.478091 2.187500
0.194641 -0.508686 2.134080
0.050452 -0.502767 2.406670
0.144878 -0.569022 2.096140
0.067678 -0.848445 1.954110
0.073240 -0.884248 1.872920
0.221362 -0.492932 2.432200
0.097032 -0.686324 2.039440
0.320561 -0.852630 1.977080
0.340904 -0.884867 1.890280
0.131535 -0.432791 2.425290
0.124845 -0.378091 2.463450
0.106085 -0.081844 2.442650
0.107063 0.113834 2.456300
-0.034934 -0.187014 2.416570
-0.045473 -0.401814 2.338380
0.019420 -0.512530 2.189990
0.038826 -0.546380 2.144300
0.258577 -0.193431 2.433600
0.280733 -0.398091 2.356130
0.218229 -0.478191 2.187730
0.194554 -0.508594 2.134400
0.050317 -0.503096 2.406340
0.144864 -0.568888 2.095930
0.067740 -0.847822 1.954460
0.073187 -0.883633 1.873280
0.221248 -0.493055 2.431200
0.095034 -0.683476 2.040950
0.320660 -0.850705 1.978350
0.335198 -0.880108 1.894980
0.131286 -0.432948 2.424640
0.124653 -0.378258 2.462060
0.105727 -0.082198 2.442040
0.106042 0.113390 2.454830
-0.035428 -0.187512 2.416900
-0.045346 -0.402649 2.338750
0.019832 -0.514103 2.190640
0.039356 -0.547716 2.144730
0.258448 -0.193408 2.433320
0.280783 -0.398109 2.355980
0.217068 -0.478456 2.187940
0.194074 -0.508428 2.134650
0.050136 -0.503416 2.405980
0.144858 -0.568849 2.095670
0.067779 -0.847334 1.954760
0.073116 -0.883141 1.873590
0.221042 -0.493137 2.429960
0.093712 -0.681107 2.042180
0.320503 -0.848544 1.979920
0.330904 -0.876612 1.898730
0.131019 -0.433101 2.424000
0.124452 -0.378410 2.460810
0.105411 -0.082477 2.441580
0.105111 0.113066 2.453600
-0.035872 -0.187970 2.417260
-0.045169 -0.403466 2.339060
0.020939 -0.513991 2.190330
0.040561 -0.547605 2.144320
0.258297 -0.193392 2.433100
0.280783 -0.398147 2.355830
0.215538 -0.478291 2.187960
0.193171 -0.507901 2.134840
0.049938 -0.503723 2.405620
0.144869 -0.568881 2.095370
0.067737 -0.846912 1.955050
0.072948 -0.882692 1.873890
0.220812 -0.493192 2.428770
0.092874 -0.679836 2.042850
0.320290 -0.846241 1.981940
0.327789 -0.873980 1.902010
0.130759 -0.433233 2.423400
0.124274 -0.378535 2.459760
0.105160 -0.082690 2.441260
0.104321 0.112848 2.452630
-0.036300 -0.188365 2.417660
-0.044991 -0.404208 2.339240
0.020408 -0.514907 2.190040
0.040307 -0.548436 2.144010
0.258140 -0.193383 2.432930
0.280743 -0.398187 2.355680
0.214604 -0.478113 2.187950
0.192099 -0.507217 2.134960
0.049736 -0.504002 2.405260
0.144886 -0.568971 2.095050
0.067692 -0.846585 1.955300
0.072785 -0.882336 1.874160
0.220581 -0.493226 2.427680
0.092297 -0.678289 2.043640
0.320045 -0.843956 1.984320
0.325468 -0.871967 1.904940
0.130520 -0.433347 2.422860
0.124119 -0.378639 2.458890
0.104951 -0.082863 2.441030
0.103644 0.112713 2.451850
-0.036683 -0.188709 2.418050
-0.044864 -0.404761 2.339350
0.019825 -0.515402 2.189560
0.039989 -0.548955 2.143570
0.257981 -0.193378 2.432800
0.280675 -0.398234 2.355540
0.213239 -0.477611 2.187760
0.191043 -0.506379 2.134960
0.049535 -0.504257 2.404920
0.144909 -0.569096 2.094720
0.067623 -0.846315 1.955510
0.072596 -0.882030 1.874390
0.220378 -0.493246 2.426760
0.121612 -0.674698 2.047830
0.322079 -0.846201 1.985580
0.326067 -0.875561 1.906660
0.130317 -0.433437 2.422410
0.123996 -0.378720 2.458210
0.104779 -0.083005 2.440870
0.102995 0.112644 2.451170
-0.037039 -0.189008 2.418420
-0.044759 -0.405219 2.339430
0.019203 -0.515702 2.189020
0.039604 -0.549336 2.143080
0.257817 -0.193375 2.432700
0.280600 -0.398288 2.355370
0.212057 -0.477152 2.187500
0.190055 -0.505600 2.134900
0.049356 -0.504478 2.404610
0.144932 -0.569230 2.094410
0.067490 -0.846063 1.955730
0.072328 -0.881734 1.874630
0.220221 -0.493240 2.426020
0.120071 -0.671889 2.049460
0.321804 -0.844643 1.987460
0.324866 -0.874858 1.908460
