0.282768 -0.015790 1.907980
0.277848 0.028070 1.953970
0.269740 0.295895 1.959340
0.274179 0.540596 1.962810
0.112448 0.291155 1.951210
0.061926 0.041700 1.925000
0.062635 -0.152312 1.853860
0.065791 -0.226694 1.825350
0.415499 0.284551 1.973090
0.468525 0.046786 1.973020
0.494704 -0.142758 1.917900
0.487364 -0.219852 1.891560
0.219263 -0.083284 1.888640
0.211293 -0.487679 1.881550
0.207959 -0.708188 1.878740
0.247653 -0.776245 1.851230
0.351809 -0.080178 1.899930
0.363585 -0.473470 1.844560
0.363330 -0.693467 1.829340
0.341703 -0.753073 1.799180
0.285494 -0.014699 1.905030
0.280911 0.029388 1.951110
0.273129 0.298652 1.957350
0.277116 0.543128 1.961180
0.116072 0.292454 1.950460
0.067140 0.043187 1.921870
0.066913 -0.150894 1.846070
0.071337 -0.224319 1.815680
0.417377 0.285654 1.969640
0.472601 0.049001 1.972340
0.498417 -0.142895 1.918760
0.490839 -0.219618 1.894890
0.222040 -0.082236 1.886210
0.215014 -0.487439 1.879730
0.210707 -0.708278 1.877540
0.251330 -0.774839 1.853290
0.354628 -0.078799 1.896140
0.365767 -0.471564 1.848840
0.363632 -0.694855 1.836740
0.352012 -0.756027 1.804940
0.289129 -0.013212 1.902000
0.284998 0.031095 1.948210
0.277597 0.302006 1.955690
0.281682 0.546532 1.960110
0.121037 0.293852 1.950070
0.073216 0.044708 1.919390
0.073042 -0.149012 1.839040
0.078420 -0.221625 1.807570
0.420268 0.286629 1.966370
0.477812 0.050472 1.971250
0.501270 -0.144043 1.918070
0.494061 -0.220354 1.896810
0.225687 -0.080681 1.883670
0.218604 -0.486323 1.878580
0.213238 -0.708234 1.876610
0.258593 -0.769996 1.856790
0.358252 -0.077059 1.892260
0.368010 -0.469730 1.854090
0.366606 -0.697596 1.848160
0.367615 -0.745345 1.795540
0.293443 -0.011348 1.898990
0.289955 0.033174 1.945400
0.283562 0.306130 1.954480
0.287489 0.550759 1.959990
0.126653 0.295370 1.950220
0.081125 0.046342 1.917590
0.080077 -0.146909 1.833150
0.087449 -0.217968 1.801210
0.423803 0.287116 1.963220
0.484396 0.051337 1.970000
0.503573 -0.146290 1.915690
0.497701 -0.222307 1.896910
0.230025 -0.078546 1.880960
0.223038 -0.481812 1.878000
0.215578 -0.708172 1.876030
0.262165 -0.767859 1.858280
0.362272 -0.075078 1.888620
0.370275 -0.468033 1.860780
0.368729 -0.699830 1.857350
0.374229 -0.740877 1.792580
0.297839 -0.009577 1.896580
0.294889 0.035038 1.943210
0.289025 0.309304 1.953820
0.293466 0.554200 1.960290
0.134110 0.297189 1.951130
0.089744 0.048401 1.916730
0.089638 -0.142062 1.829120
0.098455 -0.212648 1.797350
0.429433 0.286971 1.960520
0.490975 0.051597 1.968550
0.506059 -0.150337 1.911130
0.502411 -0.226323 1.893260
0.234438 -0.076521 1.878660
0.227275 -0.476986 1.877960
0.217605 -0.708133 1.875740
0.265548 -0.765880 1.860310
0.366198 -0.073297 1.885810
0.372742 -0.466976 1.869080
0.372527 -0.702542 1.867380
0.379147 -0.738478 1.792110
0.302368 -0.008142 1.894690
0.299760 0.036488 1.941550
0.294339 0.311718 1.953510
0.298912 0.556791 1.961060
0.141460 0.298346 1.951980
0.097774 0.050197 1.916780
0.098139 -0.137553 1.827340
0.108337 -0.207285 1.796210
0.435893 0.286981 1.959010
0.496918 0.051505 1.967120
0.508973 -0.154132 1.906140
0.506999 -0.230138 1.888180
0.238892 -0.074852 1.876890
0.230690 -0.473629 1.878330
0.223126 -0.708664 1.876300
0.267722 -0.765501 1.861190
0.370259 -0.071874 1.883530
0.376080 -0.468693 1.878550
0.377504 -0.705631 1.877300
0.384173 -0.737211 1.794020
0.307166 -0.006956 1.893300
0.304758 0.037699 1.940390
0.299654 0.313879 1.953550
0.304358 0.559135 1.962240
0.148045 0.299231 1.952690
0.106042 0.051650 1.917410
0.108680 -0.136113 1.826970
0.119752 -0.202046 1.798090
0.441699 0.286827 1.958120
0.502084 0.051299 1.965680
0.512238 -0.157023 1.901680
0.511934 -0.233041 1.882840
0.243640 -0.073310 1.875600
0.233513 -0.471110 1.878920
0.228205 -0.709369 1.877170
0.253343 -0.750227 1.825350
0.374664 -0.070786 1.881800
0.378843 -0.470993 1.885940
0.381750 -0.709538 1.886820
0.388567 -0.738212 1.799470
0.311606 -0.006210 1.892380
0.309367 0.038504 1.939680
0.304973 0.315791 1.953930
0.309619 0.561202 1.963790
0.154722 0.299625 1.953270
0.113286 0.052667 1.918220
0.118812 -0.135856 1.828010
0.132238 -0.197993 1.802140
0.447152 0.286467 1.957640
0.507547 0.050868 1.964180
0.515273 -0.159271 1.897700
0.515832 -0.235171 1.878260
0.247914 -0.072201 1.874770
0.235720 -0.469399 1.879510
0.232229 -0.710028 1.878020
0.239151 -0.741897 1.813560
0.378711 -0.070108 1.880620
0.380810 -0.473137 1.891110
0.384160 -0.712547 1.893670
0.415314 -0.759778 1.853470
0.318225 -0.003630 1.892410
0.315459 0.040736 1.939820
0.310405 0.317770 1.954680
0.315028 0.563290 1.965380
0.160499 0.299817 1.953690
0.120563 0.053869 1.919230
0.128383 -0.137128 1.829550
0.147803 -0.201699 1.804820
0.456581 0.287896 1.959660
0.512732 0.050941 1.963030
0.518414 -0.160504 1.893970
0.518860 -0.236100 1.873680
0.254436 -0.069362 1.873750
0.237448 -0.468131 1.880050
0.235169 -0.710558 1.878670
0.235963 -0.742446 1.810630
0.385298 -0.067906 1.881430
0.382192 -0.474568 1.894470
0.385729 -0.714359 1.897840
0.430682 -0.773846 1.886370
0.323382 -0.001827 1.892630
0.320316 0.042359 1.940130
0.315651 0.319547 1.955670
0.321297 0.565272 1.967210
0.165833 0.299868 1.953880
0.125796 0.054662 1.920070
0.134884 -0.138257 1.830860
0.156385 -0.204223 1.806430
0.463834 0.288795 1.961480
0.517041 0.050900 1.962200
0.520935 -0.161000 1.890990
0.521064 -0.236190 1.869570
0.259283 -0.067429 1.873220
0.238678 -0.467207 1.880440
0.237399 -0.710996 1.879190
0.248120 -0.758813 1.828560
0.390567 -0.066378 1.882200
0.383271 -0.475395 1.896740
0.386813 -0.715478 1.900490
0.409696 -0.759984 1.851670
0.327295 -0.000585 1.892940
0.324098 0.043501 1.940520
0.319971 0.320770 1.956560
0.327350 0.566652 1.968900
0.170614 0.299986 1.954140
0.129903 0.055214 1.920860
0.139115 -0.139103 1.831920
0.160967 -0.204988 1.807870
0.469262 0.289251 1.962980
0.520828 0.050674 1.961700
0.522888 -0.161140 1.888670
0.522732 -0.235872 1.866060
0.262969 -0.066073 1.872930
0.239565 -0.466550 1.880750
0.239032 -0.711341 1.879560
0.257525 -0.764809 1.836250
0.394493 -0.065364 1.882950
0.384261 -0.475844 1.898370
0.387653 -0.716206 1.902300
0.403329 -0.754052 1.838780
0.330393 0.000147 1.893290
0.327136 0.044200 1.940940
0.323559 0.321610 1.957400
0.332982 0.567551 1.970410
0.174911 0.300115 1.954470
0.133078 0.055480 1.921510
0.142003 -0.139776 1.832780
0.163720 -0.205410 1.809290
0.473512 0.289585 1.964320
0.524236 0.050328 1.961430
0.524424 -0.161085 1.886870
0.523924 -0.235326 1.863090
0.265887 -0.065279 1.872870
0.240643 -0.466332 1.881170
0.240886 -0.711788 1.879800
0.261229 -0.768147 1.839050
0.397543 -0.064748 1.883580
0.385092 -0.476174 1.899520
0.388611 -0.716588 1.903070
0.398461 -0.749126 1.826880
0.332879 0.000560 1.893660
0.329543 0.044606 1.941360
0.326565 0.322133 1.958130
0.337634 0.568033 1.971530
0.178562 0.300125 1.954670
0.135447 0.055617 1.922030
0.143968 -0.140406 1.833600
0.164706 -0.205756 1.811050
0.477447 0.290071 1.966000
0.527017 0.050009 1.961340
0.525670 -0.160899 1.885500
0.524808 -0.234696 1.860730
0.268242 -0.064840 1.872960
0.241998 -0.466730 1.881720
0.242300 -0.712159 1.879940
0.264294 -0.769926 1.840500
0.399953 -0.064394 1.884120
0.385773 -0.476420 1.900300
0.389649 -0.716564 1.902720
0.396216 -0.746200 1.819770
0.334924 0.000694 1.894040
0.331519 0.044762 1.941770
0.329145 0.322386 1.958790
0.341820 0.568166 1.972380
0.181718 0.300021 1.954770
0.137357 0.055629 1.922510
0.145239 -0.141063 1.834450
0.163653 -0.205472 1.813550
0.480591 0.290394 1.967480
0.529324 0.049828 1.961520
0.526838 -0.160540 1.884450
0.525436 -0.234011 1.858950
0.270180 -0.064663 1.873150
0.243735 -0.467824 1.882360
0.243400 -0.712462 1.880010
0.266828 -0.770720 1.841010
0.401894 -0.064302 1.884600
0.386381 -0.476568 1.900790
0.390792 -0.716091 1.901280
0.395134 -0.744202 1.814970
0.336608 0.000633 1.894430
0.333162 0.044739 1.942180
0.331446 0.322470 1.959400
0.345088 0.568155 1.973020
0.184768 0.299907 1.954850
0.138784 0.055594 1.922910
0.145935 -0.141721 1.835490
0.161215 -0.204982 1.816540
0.483127 0.290562 1.968720
0.531407 0.049738 1.961960
0.528032 -0.160003 1.883740
0.525896 -0.233288 1.857670
0.271773 -0.064660 1.873400
0.245392 -0.468746 1.882870
0.244324 -0.712733 1.880030
0.269023 -0.770759 1.840730
0.403440 -0.064377 1.885030
0.387015 -0.476619 1.900990
0.391832 -0.715532 1.899610
0.406812 -0.761796 1.841330
0.338121 0.000442 1.894860
0.334639 0.044600 1.942630
0.333621 0.322422 1.960000
0.347642 0.568064 1.973450
0.187376 0.299825 1.954930
0.139901 0.055518 1.923310
0.146034 -0.142318 1.836930
0.157107 -0.203490 1.820830
0.485390 0.290548 1.969970
0.533299 0.049762 1.962670
0.529378 -0.159203 1.883510
0.526255 -0.232386 1.856820
0.273219 -0.064801 1.873750
0.247059 -0.469871 1.883370
0.245103 -0.712967 1.880010
0.270937 -0.770214 1.839920
0.404784 -0.064554 1.885470
0.387756 -0.476478 1.900920
0.392726 -0.714858 1.897840
0.413109 -0.769621 1.853530
0.339466 0.000181 1.895310
0.335928 0.044396 1.943090
0.335595 0.322276 1.960580
0.349907 0.567865 1.973690
0.189511 0.299769 1.955010
0.140852 0.055397 1.923820
0.145785 -0.142892 1.838660
0.153669 -0.202388 1.824580
0.487926 0.290601 1.971660
0.534925 0.049857 1.963500
0.530602 -0.158606 1.883480
0.526566 -0.231751 1.856240
0.274493 -0.065017 1.874160
0.248475 -0.470795 1.883760
0.245761 -0.713174 1.879980
0.272765 -0.769072 1.838670
0.405994 -0.064841 1.885910
0.388490 -0.476316 1.900690
0.393454 -0.714220 1.896250
0.416531 -0.773433 1.859610
0.340584 -0.000119 1.895740
0.336999 0.044159 1.943510
0.337106 0.322120 1.961040
0.351813 0.567633 1.973860
0.191334 0.299723 1.955220
0.141788 0.055232 1.924640
0.145397 -0.143337 1.840530
0.150989 -0.201511 1.827600
0.490034 0.290653 1.973170
0.536353 0.049895 1.964450
0.531874 -0.157965 1.883820
0.526961 -0.231114 1.856060
0.275582 -0.065284 1.874590
0.249649 -0.471626 1.884080
0.246374 -0.713374 1.879950
0.274292 -0.767677 1.837200
0.407020 -0.065190 1.886320
0.389226 -0.476194 1.900370
0.394090 -0.713634 1.894820
0.418515 -0.775695 1.863130
0.341661 -0.000456 1.896220
0.338001 0.043885 1.943980
0.338461 0.321910 1.961500
0.353395 0.567362 1.973900
0.192872 0.299683 1.955490
0.142798 0.055002 1.925790
0.144988 -0.143663 1.842370
0.148988 -0.200846 1.829920
0.492353 0.290872 1.975110
0.537656 0.049944 1.965550
0.533395 -0.157404 1.884600
0.527702 -0.230528 1.856550
0.276642 -0.065597 1.875090
0.250510 -0.472284 1.884300
0.246885 -0.713546 1.879910
0.275433 -0.766309 1.835780
0.408042 -0.065622 1.886760
0.389968 -0.476086 1.899990
0.394639 -0.713086 1.893550
0.419775 -0.777279 1.865580
0.342685 -0.000843 1.896710
0.338934 0.043570 1.944450
0.339607 0.321693 1.961920
0.354802 0.567066 1.973860
0.194153 0.299532 1.955740
0.143835 0.054685 1.927080
0.144466 -0.143739 1.844640
0.147395 -0.200140 1.832010
0.494322 0.291066 1.976880
0.538768 0.049981 1.966610
0.534916 -0.157050 1.885580
0.528798 -0.230143 1.857560
0.277646 -0.065968 1.875620
0.251132 -0.472852 1.884460
0.247323 -0.713691 1.879860
0.276189 -0.765166 1.834570
0.409088 -0.066163 1.887230
0.390884 -0.475942 1.899530
0.395172 -0.712585 1.892380
0.420900 -0.778264 1.867240
0.343612 -0.001238 1.897190
0.339763 0.043245 1.944910
0.340616 0.321480 1.962340
0.356014 0.566786 1.973820
0.195249 0.299349 1.955990
0.144889 0.054290 1.928430
0.143984 -0.143707 1.846960
0.146226 -0.199546 1.833720
0.496125 0.291245 1.978630
0.539707 0.050033 1.967600
0.536541 -0.156845 1.886840
0.530009 -0.229884 1.858820
0.278539 -0.066348 1.876120
0.251591 -0.473334 1.884560
0.247717 -0.713803 1.879790
0.276616 -0.764274 1.833560
0.410067 -0.066729 1.887700
0.391872 -0.475817 1.899050
0.395701 -0.712187 1.891380
0.412663 -0.756939 1.833000
0.344476 -0.001630 1.897650
0.340545 0.042918 1.945360
0.341485 0.321284 1.962740
0.356959 0.566558 1.973810
0.196286 0.299202 1.956340
0.145983 0.053859 1.929820
0.143632 -0.143657 1.849160
0.146374 -0.202067 1.835140
0.497512 0.291398 1.980040
0.540656 0.050144 1.968660
0.538084 -0.156765 1.888190
0.531173 -0.229738 1.860170
0.279417 -0.066730 1.876640
0.251963 -0.473785 1.884630
0.248106 -0.713887 1.879700
0.276859 -0.763576 1.832720
0.410948 -0.067263 1.888130
0.392908 -0.475683 1.898600
0.396129 -0.711885 1.890570
0.408121 -0.745715 1.814870
0.345346 -0.002081 1.898140
0.341339 0.042538 1.945840
0.342275 0.321092 1.963160
0.357856 0.566331 1.973860
0.197263 0.299000 1.956740
0.146958 0.053402 1.931110
0.143400 -0.143604 1.851060
0.147054 -0.205414 1.836060
0.498563 0.291512 1.981160
0.541545 0.050236 1.969650
0.539576 -0.156904 1.889530
0.532415 -0.229831 1.861600
0.280302 -0.067154 1.877160
0.252317 -0.474330 1.884680
0.248452 -0.713947 1.879610
0.277042 -0.762966 1.832010
0.411842 -0.067856 1.888590
0.393856 -0.475557 1.898210
0.396502 -0.711633 1.889900
0.413472 -0.758584 1.836970
0.346207 -0.002550 1.898650
0.342131 0.042135 1.946360
0.343044 0.320904 1.963650
0.359324 0.566001 1.973860
0.198209 0.298750 1.957190
0.147808 0.052996 1.932310
0.143246 -0.143574 1.852720
0.147757 -0.208193 1.836650
0.499426 0.291587 1.982150
0.542429 0.050305 1.970620
0.540861 -0.157130 1.890770
0.533637 -0.230055 1.863030
0.281164 -0.067566 1.877640
0.252582 -0.474849 1.884710
0.248763 -0.713990 1.879510
0.277137 -0.762417 1.831360
0.412749 -0.068493 1.889150
0.394690 -0.475474 1.897900
0.396836 -0.711428 1.889330
0.417598 -0.764731 1.847680
0.347146 -0.003094 1.899220
0.342975 0.041684 1.946920
0.343767 0.320749 1.964170
0.361322 0.565649 1.973930
0.199075 0.298466 1.957660
0.148589 0.052672 1.933430
0.143152 -0.143556 1.854120
0.148422 -0.210386 1.837020
0.500117 0.291607 1.983020
0.543228 0.050341 1.971500
0.542115 -0.157201 1.892150
0.534822 -0.230086 1.864490
0.282075 -0.068011 1.878100
0.252846 -0.475409 1.884740
0.249076 -0.714015 1.879410
0.277085 -0.761946 1.830750
0.413843 -0.069300 1.889900
0.395471 -0.475407 1.897650
0.397098 -0.711281 1.888870
0.420455 -0.767821 1.853090
0.349485 -0.004322 1.900570
0.344796 0.040789 1.948090
0.344515 0.320563 1.964770
0.366934 0.564771 1.974360
0.199988 0.298083 1.958180
0.149220 0.052404 1.934380
0.143108 -0.143512 1.855350
0.148996 -0.212015 1.837320
0.500706 0.291341 1.983900
0.544075 0.050157 1.972360
0.543145 -0.157314 1.893320
0.536167 -0.230242 1.866000
0.284893 -0.069210 1.878890
0.253264 -0.476195 1.884800
0.249471 -0.714027 1.879300
0.276656 -0.761400 1.829930
0.417258 -0.071253 1.892830
0.396116 -0.475465 1.897490
0.397338 -0.711168 1.888480
0.422269 -0.769844 1.856510
0.353204 -0.006411 1.902630
0.347663 0.039196 1.949910
0.345727 0.320164 1.965750
0.377756 0.562730 1.975150
0.201457 0.297437 1.958700
0.149709 0.052192 1.935160
0.143129 -0.143485 1.856450
0.149540 -0.213286 1.837560
0.501381 0.290521 1.985520
0.545049 0.049732 1.973350
0.543997 -0.157511 1.894310
0.537471 -0.230557 1.867400
0.289198 -0.071038 1.879540
0.254463 -0.477889 1.885140
0.249994 -0.714063 1.879210
0.275805 -0.760768 1.828830
0.422348 -0.074610 1.897960
0.396696 -0.475558 1.897390
0.397527 -0.711122 1.888200
0.423516 -0.771118 1.858540
0.357943 -0.008500 1.905420
0.350733 0.037640 1.952180
0.347826 0.319619 1.967500
0.395883 0.559281 1.976130
0.203691 0.296435 1.958960
0.150049 0.052058 1.935810
0.143227 -0.143387 1.857490
0.149986 -0.214160 1.837770
0.506424 0.289633 1.997170
0.546234 0.048859 1.974640
0.544722 -0.157789 1.895150
0.538827 -0.230696 1.868790
0.293983 -0.072879 1.879970
0.255768 -0.479480 1.885510
0.250537 -0.714113 1.879140
0.274869 -0.760202 1.827770
0.429284 -0.078545 1.905640
0.397312 -0.475759 1.897380
0.397707 -0.711238 1.887980
0.424996 -0.771862 1.859570
0.363009 -0.010362 1.908590
0.353819 0.036270 1.954680
0.350452 0.319179 1.969620
0.414880 0.555339 1.974350
0.210818 0.293740 1.957400
0.150236 0.052103 1.936390
0.143378 -0.143275 1.858420
0.150377 -0.214803 1.837950
0.510975 0.288229 2.007830
0.548604 0.045613 1.977660
0.545303 -0.158097 1.895850
0.540065 -0.230661 1.870070
0.299612 -0.074703 1.879770
0.259475 -0.483745 1.886770
0.251158 -0.714263 1.879110
0.273789 -0.759480 1.826510
0.436659 -0.083044 1.916190
0.398021 -0.476157 1.897530
0.397896 -0.711530 1.887860
0.433470 -0.764956 1.855480
0.367682 -0.012180 1.911710
0.356350 0.034948 1.957010
0.353484 0.318557 1.971820
0.438149 0.543080 1.973950
0.219088 0.290681 1.954430
0.150292 0.052160 1.936780
0.143578 -0.143117 1.859270
0.150720 -0.215259 1.838120
0.517154 0.283976 2.023260
0.550499 0.041203 1.981100
0.545823 -0.158611 1.896550
0.541299 -0.230598 1.871310
0.304767 -0.076625 1.879340
0.265815 -0.492254 1.889270
0.252068 -0.716173 1.879220
0.272874 -0.753407 1.821370
0.441974 -0.086851 1.924890
0.399699 -0.477716 1.898420
0.398223 -0.711877 1.887800
0.443449 -0.755885 1.852030
0.371632 -0.013703 1.914730
0.358602 0.033763 1.959350
0.357700 0.317533 1.974240
0.456788 0.531068 1.973920
0.227413 0.288066 1.950430
0.150241 0.052269 1.936970
0.143768 -0.142947 1.860000
0.151054 -0.215595 1.838340
0.520340 0.281910 2.030240
0.552176 0.037962 1.992920
0.546491 -0.159962 1.897760
0.542703 -0.230568 1.872860
0.308686 -0.078172 1.878970
0.271702 -0.504950 1.891810
0.253115 -0.723593 1.879840
0.273188 -0.733015 1.817250
0.445728 -0.090391 1.933020
0.403203 -0.481775 1.900660
0.398600 -0.712476 1.887920
0.449623 -0.749981 1.850180
0.376041 -0.014019 1.918760
0.361213 0.033254 1.962300
0.364049 0.315141 1.976730
0.470142 0.522277 1.973940
0.236264 0.285729 1.944950
0.149909 0.052560 1.936580
0.143943 -0.142761 1.860600
0.151372 -0.215827 1.838610
0.523650 0.279498 2.035790
0.553172 0.034518 2.000740
0.547185 -0.161831 1.900040
0.543754 -0.230915 1.874480
0.312403 -0.079124 1.878820
0.275193 -0.512843 1.893300
0.253839 -0.729748 1.880400
0.273476 -0.722154 1.815850
0.448613 -0.092245 1.941040
0.406854 -0.485898 1.903290
0.399858 -0.713702 1.888160
0.454929 -0.745773 1.848660
0.380424 -0.013285 1.923380
0.364396 0.033706 1.966150
0.373322 0.313227 1.980050
0.479211 0.517557 1.974650
0.244084 0.284713 1.939070
0.148649 0.054108 1.933660
0.144122 -0.142569 1.861070
0.151688 -0.215990 1.839000
0.527989 0.277423 2.040780
0.553874 0.030176 2.009760
0.548454 -0.166123 1.905530
0.544921 -0.231498 1.878910
0.315756 -0.079467 1.879330
0.277405 -0.517812 1.894230
0.254338 -0.734296 1.880930
0.273527 -0.716915 1.815030
0.450651 -0.092843 1.947070
0.410580 -0.490067 1.906360
0.401202 -0.715052 1.888690
0.457819 -0.743522 1.848030
0.384370 -0.011832 1.928150
0.367848 0.035256 1.970640
0.385010 0.314527 1.984180
0.487308 0.514644 1.976270
0.250293 0.284929 1.932770
0.146881 0.056587 1.926560
0.144387 -0.142338 1.861360
0.152200 -0.215153 1.839870
0.533937 0.276926 2.045560
0.554847 0.027325 2.017420
0.552143 -0.176514 1.920250
0.547026 -0.234628 1.894490
0.318572 -0.079340 1.880670
0.278802 -0.520914 1.894810
0.254680 -0.737381 1.881350
0.273521 -0.713817 1.814360
0.452347 -0.092524 1.952100
0.419840 -0.507899 1.915660
0.405418 -0.726582 1.890760
0.462212 -0.741054 1.848200
0.387104 -0.010544 1.931860
0.370294 0.036765 1.974180
0.395421 0.316284 1.987650
0.498713 0.510597 1.980940
0.257608 0.285798 1.924360
0.145894 0.059627 1.915540
0.146111 -0.139035 1.860320
0.152747 -0.213593 1.840770
0.540640 0.277108 2.049640
0.556419 0.025299 2.023920
0.553569 -0.191693 1.933360
0.545628 -0.242309 1.906010
0.320544 -0.079038 1.882070
0.279781 -0.522959 1.895190
0.254942 -0.739382 1.881630
0.274938 -0.713875 1.814140
0.453386 -0.091987 1.955960
0.424540 -0.514066 1.920680
0.407721 -0.730975 1.892370
0.464557 -0.740595 1.848400
0.389567 -0.009795 1.935580
0.372741 0.037913 1.977750
0.405792 0.317852 1.991020
0.509266 0.508278 1.986060
0.265360 0.287670 1.915950
0.146618 0.063822 1.901630
0.149383 -0.132264 1.855670
0.153503 -0.210221 1.841320
0.548758 0.277598 2.053410
0.559285 0.023765 2.030070
0.553332 -0.204952 1.945980
0.544478 -0.250992 1.916900
0.322176 -0.078805 1.884410
0.280578 -0.523578 1.894940
0.255156 -0.740419 1.881770
0.277537 -0.723123 1.813910
0.454286 -0.091726 1.959370
0.428064 -0.518896 1.924810
0.409530 -0.735304 1.894590
0.466351 -0.741139 1.849110
0.391752 -0.008978 1.939030
0.375313 0.039433 1.981390
0.419838 0.322521 1.996530
0.522025 0.507350 1.993300
0.273638 0.289674 1.908080
0.150002 0.068213 1.887220
0.152637 -0.125938 1.849910
0.155029 -0.206012 1.839840
0.560590 0.280449 2.058350
0.565674 0.024378 2.037750
0.553955 -0.210154 1.952330
0.543149 -0.263236 1.948710
0.323287 -0.078515 1.886440
0.280989 -0.520054 1.892470
0.255429 -0.738861 1.881180
0.282657 -0.744613 1.818530
0.455198 -0.091332 1.962940
0.430536 -0.522438 1.928190
0.411532 -0.739455 1.897890
0.467823 -0.743627 1.850900
0.394186 -0.008018 1.942620
0.378609 0.041300 1.985400
0.433768 0.326793 2.002720
0.536120 0.506685 2.001990
0.281748 0.291122 1.901730
0.160005 0.068455 1.867850
0.156614 -0.123363 1.842810
0.157360 -0.204128 1.837000
0.573927 0.283763 2.063890
0.575189 0.026068 2.046150
0.555892 -0.213628 1.958580
0.540150 -0.265703 1.972130
0.324041 -0.078246 1.888090
0.280351 -0.514062 1.888080
0.255090 -0.734584 1.877870
0.289896 -0.761928 1.826980
0.456593 -0.090947 1.967380
0.432290 -0.524787 1.931120
0.414447 -0.742770 1.901940
0.469429 -0.747015 1.853360
0.403368 0.001917 1.953540
0.388348 0.050510 1.995270
0.446608 0.329850 2.009430
0.549285 0.504813 2.010870
0.289102 0.292003 1.896910
0.183914 0.062759 1.844970
0.163654 -0.124494 1.831530
0.166992 -0.191464 1.826440
0.587409 0.286699 2.069990
0.586654 0.028051 2.054830
0.560079 -0.215587 1.965600
0.539581 -0.266580 1.983170
0.324993 -0.077738 1.888890
0.279387 -0.508493 1.883470
0.254382 -0.729920 1.873640
0.293658 -0.769227 1.830680
0.463589 -0.084979 1.992190
0.433497 -0.526539 1.934040
0.417207 -0.745405 1.905470
0.471012 -0.750563 1.855900
0.407483 0.001532 1.958520
0.393237 0.050114 2.000230
0.460127 0.321046 2.017970
0.560298 0.498082 2.020640
0.295595 0.292386 1.893540
0.200814 0.058339 1.833160
0.174583 -0.127694 1.818990
0.179045 -0.187736 1.814110
0.600864 0.282295 2.076810
0.599328 0.022867 2.063780
0.567372 -0.222477 1.974170
0.539985 -0.269675 1.992320
0.325755 -0.077940 1.889560
0.278239 -0.504194 1.879370
0.252572 -0.725648 1.868850
0.296161 -0.772610 1.832400
0.465666 -0.087828 1.999580
0.434468 -0.528299 1.938560
0.421584 -0.748582 1.911890
0.471357 -0.758766 1.856760
0.412287 -0.000908 1.963700
0.398316 0.047720 2.005030
0.467803 0.313920 2.022980
0.566595 0.493742 2.026670
0.301701 0.292549 1.891320
0.214785 0.054892 1.826030
0.203564 -0.136353 1.799200
0.195214 -0.188240 1.802130
0.610247 0.277776 2.081620
0.608351 0.017959 2.069830
0.573250 -0.228252 1.980290
0.540676 -0.272414 1.998660
0.329476 -0.081257 1.890880
0.276887 -0.499752 1.875000
0.250099 -0.721847 1.864720
0.297790 -0.774279 1.833550
0.469447 -0.094539 2.008170
0.435182 -0.529827 1.943670
0.424601 -0.751051 1.917520
0.471448 -0.765889 1.858100
0.414973 -0.003222 1.967090
0.401157 0.045412 2.008150
0.472418 0.307318 2.026770
0.571001 0.489064 2.032590
0.309734 0.292124 1.890130
0.229632 0.051499 1.821260
0.235214 -0.169849 1.779560
0.226067 -0.214114 1.781660
0.616984 0.273131 2.085540
0.614962 0.013237 2.074430
0.578037 -0.233314 1.985110
0.541690 -0.275204 2.003410
0.331502 -0.083977 1.891360
0.275629 -0.496463 1.871430
0.245072 -0.718874 1.861810
0.297490 -0.768100 1.834280
0.469702 -0.100482 2.013550
0.435719 -0.532212 1.949220
0.424895 -0.754311 1.924340
0.469977 -0.773633 1.860940
0.416392 -0.027029 1.973700
0.402168 0.019770 2.014740
0.473576 0.275173 2.036750
0.572054 0.480208 2.041170
0.315648 0.291931 1.889700
0.239424 0.049643 1.818420
0.254636 -0.188054 1.770060
0.245754 -0.229492 1.770450
0.623076 0.253647 2.093470
0.621616 -0.005325 2.082310
0.584021 -0.250459 1.993440
0.544486 -0.290023 2.010220
0.334138 -0.097605 1.899690
0.274554 -0.494199 1.868880
0.236379 -0.717816 1.861770
0.292605 -0.757485 1.834990
0.468883 -0.112967 2.013970
0.435945 -0.537820 1.955950
0.422770 -0.760670 1.931910
0.467547 -0.783596 1.865250
0.414744 -0.039518 1.975500
0.400642 0.007263 2.016610
0.473389 0.262624 2.040250
0.570112 0.472562 2.048680
0.319917 0.291650 1.889620
0.247386 0.048167 1.816070
0.277557 -0.173167 1.763330
0.271154 -0.218207 1.752990
0.625819 0.241275 2.097930
0.624854 -0.017077 2.086680
0.587140 -0.261181 1.998140
0.545996 -0.300120 2.014000
0.334057 -0.105135 1.902770
0.273528 -0.492730 1.867200
0.225447 -0.718836 1.866100
0.284655 -0.748430 1.836520
0.462526 -0.127092 2.010100
0.435215 -0.539549 1.959770
0.420364 -0.762723 1.937080
0.465377 -0.788669 1.868470
0.411289 -0.049500 1.975420
0.397719 -0.001938 2.016780
0.472738 0.255275 2.042030
0.568462 0.468138 2.054130
0.323446 0.291292 1.890000
0.254312 0.047081 1.813960
0.289471 -0.162150 1.760370
0.284194 -0.212000 1.745930
0.626907 0.232728 2.100640
0.626381 -0.025192 2.089270
0.588813 -0.268456 2.001010
0.546775 -0.307384 2.016160
0.333120 -0.110561 1.904800
0.271390 -0.492392 1.866940
0.197333 -0.735373 1.896370
0.260787 -0.737566 1.847900
0.455990 -0.137773 2.005130
0.428501 -0.561887 1.966900
0.413689 -0.784207 1.942430
0.386085 -0.766388 1.924040
0.408967 -0.055168 1.975600
0.395473 -0.007415 2.017040
0.471267 0.250365 2.043410
0.564851 0.464534 2.061960
0.326268 0.291149 1.890930
0.261107 0.046685 1.811820
0.300934 -0.151618 1.759580
0.308824 -0.200693 1.746210
0.626838 0.226361 2.102850
0.626745 -0.031226 2.091330
0.589541 -0.273773 2.003250
0.546988 -0.312785 2.017820
0.332337 -0.114035 1.906230
0.266317 -0.494215 1.873250
0.183915 -0.741716 1.913770
0.244790 -0.734629 1.858990
0.452207 -0.143537 2.002820
0.425340 -0.571100 1.969920
0.409937 -0.793373 1.944290
0.349220 -0.754607 1.947280
0.399327 -0.066337 1.976140
0.386331 -0.017507 2.017670
0.465716 0.244332 2.045130
0.559663 0.460305 2.069990
0.328556 0.292860 1.894550
0.268396 0.049726 1.808480
0.317328 -0.134864 1.760180
0.330363 -0.174391 1.753730
0.623605 0.218232 2.105460
0.624103 -0.039052 2.093630
0.587894 -0.280702 2.005730
0.545411 -0.319959 2.019500
0.315121 -0.129685 1.947160
0.253717 -0.494390 1.888510
0.177841 -0.742267 1.925110
0.235360 -0.733322 1.867800
0.434655 -0.154583 1.969880
0.423480 -0.575198 1.971610
0.407252 -0.799704 1.944700
0.390069 -0.805059 1.914300
0.393325 -0.070386 1.977820
0.379930 -0.021951 2.019080
0.458135 0.238778 2.047670
0.548993 0.454140 2.080340
0.329893 0.294287 1.898500
0.273112 0.051932 1.806270
0.327188 -0.126027 1.761080
0.344212 -0.168099 1.756180
0.618397 0.210424 2.108500
0.619423 -0.046697 2.096340
0.584339 -0.287673 2.008580
0.542389 -0.327143 2.021530
0.310468 -0.129342 1.948250
0.236966 -0.498125 1.909340
0.174226 -0.740851 1.948450
0.207710 -0.772034 1.914560
0.420581 -0.158132 1.984890
0.421558 -0.577242 1.972530
0.404603 -0.803947 1.943420
0.413598 -0.830320 1.890980
0.377151 -0.081987 1.982000
0.363806 -0.032404 2.022720
0.445189 0.231384 2.051170
0.539950 0.449700 2.088090
0.330351 0.295852 1.903960
0.279360 0.091207 1.813290
0.338192 -0.111153 1.765420
0.357612 -0.158604 1.760960
0.608952 0.201219 2.112130
0.610404 -0.055894 2.099630
0.576537 -0.296429 2.012030
0.535631 -0.336194 2.024110
0.296169 -0.137425 1.973090
0.226803 -0.500736 1.926210
0.172653 -0.741148 1.969400
0.196032 -0.787766 1.935010
0.406509 -0.166350 1.973600
0.418748 -0.575951 1.972620
0.400948 -0.810790 1.938950
0.428037 -0.850752 1.874110
0.361949 -0.073585 1.991580
0.348482 -0.026218 2.030820
0.432864 0.230288 2.055920
0.531148 0.449129 2.095410
0.329558 0.297720 1.910550
0.286451 0.088996 1.815230
0.350302 -0.106947 1.769320
0.376434 -0.157354 1.768010
0.599165 0.196768 2.116380
0.600910 -0.060421 2.103610
0.567934 -0.300866 2.016120
0.528236 -0.340984 2.027430
0.286472 -0.122581 1.958850
0.219750 -0.501961 1.940400
0.171361 -0.745620 1.994950
0.191862 -0.793689 1.948780
0.389297 -0.157243 2.006390
0.411115 -0.538768 1.974400
0.398930 -0.811297 1.935390
0.436471 -0.855797 1.865310
0.332489 -0.059379 1.996330
0.322722 -0.015005 2.036760
0.413774 0.232403 2.061930
0.522268 0.450254 2.101670
0.303603 0.303254 1.933750
0.285286 0.106435 1.824510
0.358185 -0.101679 1.773750
0.388268 -0.152738 1.774950
0.583688 0.194676 2.121620
0.585564 -0.062667 2.108630
0.553254 -0.303242 2.021290
0.514831 -0.343928 2.031980
0.258893 -0.107781 1.940330
0.214649 -0.502166 1.953910
0.170775 -0.750954 2.013430
0.193615 -0.797055 1.962720
0.361949 -0.149799 2.019190
0.407284 -0.520393 1.975320
0.396772 -0.765723 1.927810
0.446880 -0.807264 1.856590
0.314359 -0.062126 1.998120
0.306679 -0.014776 2.039430
0.398422 0.236596 2.066960
0.509588 0.454850 2.108330
0.292171 0.304533 1.943870
0.283416 0.114835 1.830110
0.364867 -0.097568 1.780410
0.400116 -0.147720 1.785830
0.568745 0.195480 2.126570
0.570632 -0.062004 2.113460
0.538630 -0.302767 2.026260
0.500962 -0.343977 2.036610
0.234034 -0.112448 1.962450
0.211004 -0.502193 1.968770
0.172105 -0.763024 2.033470
0.205968 -0.808380 1.987720
0.347038 -0.149226 2.007650
0.404692 -0.510325 1.976530
0.394695 -0.765048 1.923410
0.450308 -0.809405 1.851270
0.304614 -0.064604 1.999780
0.297107 -0.015725 2.041520
0.384209 0.241939 2.071400
0.495812 0.460832 2.112830
0.283517 0.303846 1.950780
0.277620 0.083766 1.842040
0.371783 -0.097591 1.790290
0.408802 -0.144192 1.797560
0.553573 0.198401 2.131290
0.555394 -0.059201 2.118110
0.523456 -0.300153 2.031020
0.486104 -0.341747 2.041280
0.224545 -0.114588 1.971580
0.208048 -0.503053 1.984180
0.174563 -0.771388 2.045550
0.230868 -0.812728 2.018730
0.340304 -0.149311 2.003000
0.402030 -0.504586 1.978440
0.393018 -0.768060 1.920030
0.451760 -0.810665 1.848260
0.305136 -0.056594 2.023000
0.291877 -0.013133 2.052860
0.370822 0.240251 2.076170
0.483151 0.460362 2.116250
0.273485 0.301865 1.957310
0.270209 0.064241 1.850570
0.375282 -0.098886 1.804010
0.413420 -0.142200 1.811080
0.538746 0.197007 2.136250
0.540431 -0.060715 2.123060
0.508323 -0.301877 2.036100
0.470909 -0.343759 2.046430
0.223146 -0.115504 1.974580
0.205695 -0.505125 2.000180
0.177469 -0.778510 2.055150
0.241955 -0.815172 2.033310
0.345809 -0.150867 2.052120
0.397274 -0.500443 1.983720
0.391957 -0.770649 1.919460
0.451818 -0.812542 1.848370
0.303297 -0.053215 2.035370
0.286535 -0.010555 2.064780
0.349531 0.246730 2.086460
0.453758 0.462743 2.121170
0.255333 0.296447 1.965630
0.259549 0.048822 1.860630
0.372408 -0.103572 1.828460
0.412686 -0.142932 1.833020
0.518142 0.201976 2.144980
0.519699 -0.055829 2.131810
0.487386 -0.297158 2.044920
0.449715 -0.339146 2.055480
0.223783 -0.116110 1.977010
0.200453 -0.512820 2.024010
0.180265 -0.786373 2.065250
0.244822 -0.832953 2.056990
0.348837 -0.150821 2.080700
0.390387 -0.498562 1.993180
0.389145 -0.746894 1.933260
0.444361 -0.782552 1.868550
0.299808 -0.051845 2.047300
0.280490 -0.008594 2.078750
0.337424 0.248779 2.092320
0.441275 0.464139 2.123140
0.241701 0.292238 1.971230
0.241154 0.036888 1.873800
0.359018 -0.108354 1.854680
0.402005 -0.147301 1.860320
0.503766 0.204432 2.151190
0.505248 -0.053429 2.138050
0.472795 -0.294869 2.051180
0.434940 -0.336914 2.061910
0.224213 -0.116747 1.982410
0.196106 -0.520224 2.040520
0.182557 -0.793926 2.074890
0.242858 -0.846305 2.069560
0.347327 -0.150566 2.095870
0.381668 -0.498668 2.007360
0.386751 -0.736171 1.943050
0.438286 -0.768543 1.882680
0.293359 -0.053723 2.062190
0.272721 -0.008532 2.094810
0.326387 0.249842 2.097560
0.431074 0.466321 2.124000
0.227357 0.286579 1.976940
0.211486 0.028697 1.890080
0.338105 -0.119043 1.883210
0.381244 -0.157993 1.887760
0.490819 0.206248 2.156810
0.492253 -0.051651 2.143690
0.459687 -0.293171 2.056820
0.421682 -0.335237 2.067690
0.223632 -0.118920 1.995970
0.192291 -0.525463 2.052100
0.183769 -0.800536 2.082810
0.242172 -0.853603 2.076820
0.342959 -0.151429 2.109780
0.372935 -0.499803 2.023740
0.385831 -0.731085 1.952580
0.435034 -0.762912 1.893350
0.290550 -0.045144 2.109210
0.268944 0.009918 2.137510
0.306929 0.294184 2.113370
0.411959 0.500159 2.124640
0.212986 0.281044 1.982770
0.185393 0.024594 1.904090
0.313251 -0.130594 1.903010
0.352744 -0.172108 1.910650
0.467400 0.246470 2.172930
0.468815 -0.011456 2.159860
0.436133 -0.253076 2.072890
0.397955 -0.294935 2.083960
0.226991 -0.114257 2.049760
0.189528 -0.528688 2.059780
0.183872 -0.805534 2.088850
0.241956 -0.857769 2.081800
0.346662 -0.136573 2.160420
0.365168 -0.503453 2.039330
0.385699 -0.730455 1.963970
0.433030 -0.763243 1.905900
0.287666 -0.042765 2.130990
0.266604 0.016048 2.154780
0.295738 0.311923 2.120600
0.401168 0.510949 2.124230
0.200673 0.275720 1.987780
0.149707 0.027018 1.918310
0.265253 -0.140836 1.921960
0.307888 -0.189112 1.924500
0.455184 0.262099 2.180140
0.456591 0.004160 2.167080
0.423850 -0.237483 2.080080
0.385622 -0.279306 2.091220
0.227202 -0.113176 2.081750
0.183674 -0.547529 2.075070
0.183940 -0.808562 2.092540
0.240105 -0.861741 2.085790
0.346591 -0.130267 2.182870
0.357725 -0.507949 2.054690
0.387288 -0.734948 1.978590
0.391025 -0.792045 1.954870
0.283633 -0.045724 2.144900
0.262068 0.016309 2.164320
0.287223 0.316610 2.123490
0.393695 0.515808 2.122900
0.190309 0.271557 1.992160
0.124303 0.029395 1.927950
0.219509 -0.148600 1.933830
0.253849 -0.205799 1.936290
0.386675 0.283261 2.204590
0.388102 0.025325 2.191550
0.355324 -0.216291 2.104480
0.317102 -0.258086 2.115640
0.228085 -0.114293 2.097950
0.178853 -0.557779 2.083410
0.183745 -0.810603 2.095110
0.233631 -0.866381 2.087840
0.338272 -0.127705 2.198200
0.352362 -0.512176 2.066830
0.388491 -0.740980 1.991080
0.359579 -0.813101 1.987710
0.278780 -0.050367 2.153910
0.256308 0.013055 2.170450
0.279973 0.315176 2.124480
0.386933 0.516709 2.120420
0.180315 0.267039 1.996460
0.095423 0.029085 1.939870
0.168345 -0.157858 1.945330
0.204828 -0.224417 1.948490
0.360522 0.291104 2.214030
0.361966 0.033166 2.201010
0.365587 -0.170774 2.227890
0.313870 -0.214613 2.222430
0.228093 -0.115599 2.108130
0.173772 -0.564527 2.088830
0.182963 -0.811904 2.096790
0.225139 -0.870042 2.087880
0.328516 -0.127324 2.207050
0.347719 -0.516160 2.078820
0.388620 -0.746941 2.003260
0.349227 -0.820639 2.000430
0.272983 -0.054501 2.160200
0.250045 0.009700 2.174490
0.274448 0.312152 2.124400
0.381323 0.515698 2.117690
0.171717 0.263458 2.000230
0.072953 0.026013 1.951690
0.129554 -0.166274 1.953740
0.151622 -0.243883 1.956970
0.345885 0.296107 2.219380
0.347336 0.038167 2.206360
0.355930 -0.149916 2.268000
0.317753 -0.191701 2.279100
0.226581 -0.117344 2.116090
0.167224 -0.567311 2.092730
0.180778 -0.812374 2.097410
0.216593 -0.872041 2.086120
0.316989 -0.126485 2.213130
0.344055 -0.518171 2.089750
0.386227 -0.753328 2.015870
0.341765 -0.825351 2.009360
0.265624 -0.059174 2.165020
0.243370 0.005969 2.177830
0.269768 0.308985 2.123800
0.374884 0.513620 2.114550
0.162157 0.260442 2.004430
0.058471 0.023844 1.960190
0.080584 -0.172880 1.964940
0.095809 -0.254282 1.964800
0.333194 0.288988 2.217720
0.329783 0.034563 2.251940
0.362277 -0.160293 2.348680
0.324132 -0.202080 2.359750
0.220413 -0.121016 2.124400
0.148981 -0.534689 2.100230
0.173261 -0.810162 2.096870
0.205533 -0.870285 2.082550
0.307718 -0.126313 2.216710
0.340690 -0.518820 2.100680
0.382678 -0.760060 2.028400
0.336584 -0.829237 2.016650
0.259668 -0.062751 2.168790
0.238992 0.003221 2.180280
0.266348 0.306232 2.123210
0.370255 0.511211 2.111910
0.152084 0.257688 2.009000
0.045742 0.020756 1.970000
0.037867 -0.187944 1.971700
0.040005 -0.269869 1.968480
0.328726 0.276712 2.212750
0.324167 0.029129 2.275090
0.364158 -0.163226 2.378660
0.326025 -0.205013 2.389720
0.213389 -0.124706 2.131920
0.134767 -0.510053 2.103090
0.159559 -0.804630 2.095450
0.186148 -0.866650 2.079320
0.301507 -0.126400 2.219290
0.337841 -0.518265 2.111940
0.378554 -0.766281 2.041440
0.335192 -0.836141 2.035740
0.250288 -0.068577 2.174880
0.234106 -0.000291 2.183430
0.263543 0.304927 2.122870
0.366135 0.508908 2.109250
0.143907 0.255304 2.013210
0.028172 0.019559 1.985670
0.007023 -0.190447 1.977320
-0.007177 -0.271982 1.971200
0.331216 0.246480 2.198700
0.326838 0.016653 2.295760
0.356831 -0.215409 2.237470
0.319244 -0.246847 2.287160
0.196623 -0.131822 2.146950
0.127925 -0.499298 2.105170
0.146348 -0.800067 2.095060
0.174572 -0.847591 2.051300
0.295443 -0.127671 2.222090
0.335278 -0.517374 2.123940
0.373946 -0.775376 2.066140
0.333588 -0.838954 2.044120
0.242276 -0.072277 2.180110
0.230073 -0.002266 2.186000
0.254076 0.326120 2.116940
0.356408 0.492223 2.090790
0.135814 0.253284 2.017620
0.009559 0.020954 2.000510
-0.034050 -0.196882 1.996730
-0.052932 -0.277148 1.987080
0.332855 0.234421 2.192410
0.328815 0.011086 2.305120
0.353770 -0.222912 2.236650
0.315660 -0.264706 2.247690
0.185042 -0.135405 2.156970
0.122745 -0.493358 2.107300
0.136368 -0.797282 2.096050
0.167773 -0.840292 2.041250
0.289683 -0.128773 2.224940
0.333133 -0.517142 2.136730
0.369228 -0.782232 2.090640
0.329702 -0.837354 2.053010
0.233878 -0.075604 2.185450
0.225930 -0.003987 2.188400
0.249588 0.334597 2.114260
0.354339 0.477022 2.077600
0.127754 0.250007 2.022840
-0.007030 0.021568 2.013320
-0.057648 -0.196906 2.004880
-0.080204 -0.276167 1.996620
0.332665 0.228589 2.189530
0.332006 0.006820 2.309170
0.351764 -0.233775 2.208020
0.313657 -0.275571 2.219060
0.174768 -0.137812 2.165970
0.118455 -0.489977 2.109760
0.128013 -0.796226 2.097350
0.162779 -0.837010 2.036070
0.282920 -0.130436 2.227960
0.331442 -0.516572 2.148380
0.366742 -0.785894 2.104280
0.376531 -0.831200 2.053740
0.227324 -0.078557 2.193230
0.222858 -0.005584 2.191890
0.247023 0.338283 2.112830
0.353017 0.462374 2.064480
0.120731 0.246270 2.028440
-0.021178 0.022377 2.024260
-0.081683 -0.194161 2.011960
-0.106533 -0.271906 2.007230
0.339771 0.189943 2.177920
0.338123 -0.004638 2.310790
0.350812 -0.240674 2.192770
0.312706 -0.282470 2.203810
0.164393 -0.140476 2.182460
0.114654 -0.488991 2.113250
0.122171 -0.795942 2.098560
0.157777 -0.835450 2.032430
0.278466 -0.132686 2.233500
0.330582 -0.516489 2.159120
0.364704 -0.792748 2.122860
0.397337 -0.833903 2.061510
0.223273 -0.079768 2.200010
0.220749 -0.006506 2.195030
0.244890 0.340167 2.111490
0.348912 0.451931 2.053110
0.114742 0.242339 2.033590
-0.034470 0.023861 2.032300
-0.101550 -0.191605 2.018290
-0.126348 -0.268519 2.016510
0.345132 0.200174 2.171210
0.346268 -0.001504 2.299560
0.350370 -0.244982 2.183920
0.312265 -0.286778 2.194960
0.159392 -0.141440 2.192260
0.111277 -0.489669 2.117310
0.116636 -0.796960 2.100700
0.101617 -0.847783 2.058820
0.275816 -0.133552 2.240450
0.330109 -0.516659 2.166900
0.363538 -0.796516 2.134320
0.412841 -0.861787 2.134870
0.221459 -0.079789 2.208090
0.219704 -0.007133 2.199070
0.242407 0.336280 2.109380
0.344449 0.443359 2.045970
0.110074 0.238731 2.037950
-0.044277 0.024964 2.037770
-0.120022 -0.188075 2.025980
-0.142972 -0.264704 2.025640
0.348543 0.210751 2.167730
0.351504 0.001467 2.291470
0.350329 -0.247894 2.177850
0.312223 -0.289690 2.188890
0.158111 -0.141183 2.204880
0.108538 -0.491068 2.121660
0.112642 -0.797833 2.102950
0.065375 -0.855886 2.079620
0.275428 -0.133223 2.248520
0.329855 -0.515798 2.174340
0.361339 -0.799414 2.147000
0.418188 -0.880898 2.181370
0.221278 -0.079839 2.216870
0.219787 -0.007980 2.204080
0.240592 0.330002 2.106980
0.341936 0.437636 2.040600
0.106856 0.235525 2.041630
-0.051979 0.026176 2.042220
-0.132065 -0.186011 2.031790
-0.154014 -0.262333 2.032600
0.351463 0.206878 2.165360
0.355502 -0.004599 2.289830
0.382940 -0.244506 2.226010
0.340135 -0.287640 2.228560
0.158902 -0.140827 2.218250
0.106343 -0.492782 2.125480
0.109995 -0.798681 2.105040
0.052165 -0.858038 2.086270
0.276475 -0.133233 2.256620
0.329262 -0.514648 2.181440
0.358035 -0.800306 2.156860
0.420419 -0.887244 2.198200
0.223745 -0.081897 2.229050
0.222118 -0.011102 2.212570
0.240258 0.317308 2.104040
0.339831 0.431745 2.034200
0.104539 0.230664 2.046180
-0.057928 0.026438 2.045900
-0.140505 -0.185799 2.036780
-0.161751 -0.261823 2.038120
0.353959 0.200276 2.163350
0.361046 -0.013299 2.288380
0.401756 -0.239771 2.251990
0.401350 -0.285722 2.241120
0.163380 -0.142815 2.237960
0.104824 -0.494417 2.128500
0.108294 -0.799429 2.106660
0.048571 -0.860896 2.089780
0.279359 -0.134487 2.265470
0.328669 -0.514251 2.187480
0.355989 -0.800906 2.162730
0.391129 -0.858027 2.129720
0.226230 -0.084592 2.239360
0.224747 -0.015023 2.220440
0.241365 0.302732 2.101080
0.338649 0.424546 2.027030
0.103551 0.222011 2.051890
-0.062966 0.024990 2.049830
-0.145873 -0.186459 2.040960
-0.166565 -0.262274 2.042620
0.355862 0.195097 2.162060
0.370788 -0.026289 2.281070
0.407864 -0.239519 2.258880
0.437029 -0.287590 2.244860
0.165771 -0.144691 2.249030
0.103810 -0.495815 2.130860
0.107306 -0.800015 2.107720
0.074578 -0.863547 2.081120
0.283979 -0.138443 2.279140
0.328102 -0.514240 2.192340
0.354388 -0.801410 2.166660
0.382346 -0.854213 2.118320
0.227670 -0.090026 2.249850
0.226746 -0.021931 2.228910
0.243148 0.285637 2.098060
0.338890 0.408347 2.015110
0.104477 0.206712 2.058960
-0.066708 0.017462 2.056180
-0.147316 -0.198124 2.048500
-0.166788 -0.273567 2.049050
0.357298 0.190715 2.160970
0.378920 -0.037092 2.275830
0.412190 -0.239734 2.261720
0.451711 -0.289474 2.243570
0.167158 -0.148303 2.258570
0.103280 -0.496682 2.132810
0.107818 -0.799434 2.106070
0.116099 -0.855131 2.051020
0.285710 -0.144652 2.291480
0.327739 -0.514292 2.196080
0.352275 -0.801912 2.169120
0.371389 -0.849628 2.101090
0.228297 -0.097322 2.260000
0.228167 -0.031195 2.237330
0.246653 0.261843 2.094820
0.337781 0.390997 2.004610
0.106070 0.189086 2.065360
-0.064585 -0.002480 2.066940
-0.137045 -0.229057 2.058300
-0.155389 -0.304428 2.056170
0.363893 0.176823 2.162670
0.391855 -0.057191 2.266760
0.419433 -0.245243 2.251170
0.458228 -0.311830 2.217940
0.166861 -0.155571 2.271030
0.103153 -0.497345 2.134510
0.110122 -0.791584 2.093800
0.141255 -0.840993 2.020830
0.286286 -0.153062 2.302750
0.327429 -0.514549 2.199590
0.348981 -0.802377 2.170310
0.364691 -0.848114 2.093380
0.228330 -0.115730 2.276370
0.229796 -0.052217 2.250730
0.251291 0.231958 2.092530
0.336275 0.375298 1.997730
0.109782 0.162073 2.073160
-0.057061 -0.034541 2.084040
-0.116424 -0.267532 2.063870
-0.133960 -0.342909 2.058450
0.382240 0.122707 2.172610
0.411758 -0.112331 2.256310
0.438051 -0.287582 2.213940
0.461090 -0.352840 2.186490
0.163363 -0.174627 2.298450
0.103370 -0.497960 2.136160
0.113544 -0.779807 2.081660
0.150409 -0.831295 2.006720
0.286780 -0.174324 2.316570
0.327257 -0.514940 2.202280
0.344463 -0.802010 2.170400
0.357606 -0.847571 2.089030
0.229586 -0.135456 2.289600
0.231708 -0.073567 2.261140
0.252522 0.208618 2.091170
0.332383 0.349695 1.992270
0.111913 0.134426 2.079670
-0.047313 -0.070568 2.098100
-0.090963 -0.310049 2.063400
-0.107270 -0.385344 2.053000
0.394285 0.081824 2.177610
0.426838 -0.156174 2.249600
0.450695 -0.323656 2.179400
0.459750 -0.386039 2.158630
0.163000 -0.190035 2.315480
0.104558 -0.499106 2.138220
0.118852 -0.764225 2.070720
0.155521 -0.819888 1.997370
0.289151 -0.198109 2.328050
0.327368 -0.515702 2.204270
0.340974 -0.801714 2.169950
0.352507 -0.847889 2.086970
0.235213 -0.164103 2.305430
0.238673 -0.108134 2.275110
0.259216 0.158474 2.093560
0.327784 0.296403 1.991110
0.113387 0.093768 2.087950
-0.039901 -0.113251 2.108650
-0.062104 -0.354386 2.056930
-0.069863 -0.428822 2.035710
0.401699 0.050609 2.176600
0.437820 -0.180347 2.239910
0.456945 -0.350621 2.156290
0.455853 -0.421405 2.124630
0.165906 -0.215848 2.336180
0.111075 -0.509115 2.139130
0.121401 -0.757371 2.066000
0.157223 -0.814148 1.993240
0.297022 -0.226745 2.342200
0.329933 -0.521958 2.204270
0.338478 -0.801210 2.167670
0.348986 -0.848808 2.085520
0.238098 -0.198722 2.318680
0.242067 -0.141750 2.285180
0.263060 0.125432 2.096360
0.325773 0.267420 1.991410
0.114163 0.065350 2.094070
-0.031050 -0.147527 2.116440
-0.036600 -0.381582 2.050290
-0.032796 -0.456627 2.018950
0.405155 0.027313 2.173860
0.452894 -0.219316 2.212690
0.458042 -0.389098 2.117430
0.457476 -0.450319 2.086730
0.168116 -0.247149 2.352490
0.116689 -0.517680 2.139030
0.122807 -0.753608 2.063820
0.154182 -0.810627 1.994950
0.299621 -0.258132 2.353350
0.343075 -0.542300 2.199090
0.339938 -0.799661 2.162750
0.348225 -0.849409 2.084200
0.238654 -0.233572 2.326420
0.243049 -0.179309 2.291860
0.265483 0.078464 2.104010
0.318194 0.223558 1.999300
0.115404 0.026634 2.103440
-0.011419 -0.189694 2.131600
0.004102 -0.404980 2.038590
0.012004 -0.475335 1.997160
0.406747 -0.017304 2.172010
0.458383 -0.240851 2.199190
0.457755 -0.411135 2.097270
0.452335 -0.477600 2.055040
0.167604 -0.283563 2.361240
0.123490 -0.532824 2.136270
0.124099 -0.752213 2.063020
0.148561 -0.812213 1.999090
0.300343 -0.292749 2.361310
0.358695 -0.568437 2.185730
0.351208 -0.839366 2.142380
0.355688 -0.908103 2.079320
0.241989 -0.257061 2.332230
0.246230 -0.204036 2.296980
0.267534 0.045342 2.110480
0.311833 0.179546 2.010380
0.117451 -0.007116 2.112110
-0.001951 -0.210809 2.137640
0.022539 -0.414508 2.033410
0.044232 -0.478762 1.983960
0.407748 -0.036960 2.170320
0.459391 -0.258630 2.188740
0.456727 -0.428127 2.084030
0.450445 -0.494735 2.037870
0.170661 -0.305729 2.370120
0.132067 -0.552468 2.128500
0.125822 -0.760729 2.065730
0.154385 -0.820633 2.017650
0.304866 -0.318343 2.365470
0.371176 -0.588236 2.172700
0.357477 -0.866716 2.134020
0.358643 -0.938694 2.082800
0.252499 -0.286542 2.339970
0.253916 -0.231292 2.303360
0.267823 0.023557 2.115030
0.310156 0.156918 2.016160
0.119431 -0.040083 2.121080
0.017703 -0.250107 2.134400
0.055500 -0.424171 2.025100
0.076328 -0.484150 1.971820
0.409200 -0.063970 2.168920
0.459622 -0.290086 2.177400
0.451227 -0.458160 2.070790
0.447678 -0.516761 2.018190
0.183165 -0.336492 2.382140
0.140561 -0.573685 2.120560
0.126733 -0.827364 2.078790
0.141711 -0.888188 2.029020
0.318612 -0.348496 2.371360
0.378847 -0.605436 2.159170
0.364963 -0.889839 2.130520
0.363931 -0.961318 2.088330
0.260444 -0.305394 2.345040
0.260903 -0.251739 2.308420
0.266016 -0.008262 2.124390
0.308114 0.139371 2.021890
0.120998 -0.063754 2.128010
0.029911 -0.279462 2.131360
0.082873 -0.437143 2.021340
0.110935 -0.491848 1.964750
0.411134 -0.088105 2.169400
0.457718 -0.309400 2.172430
0.445824 -0.475231 2.063020
0.445340 -0.512456 2.011050
0.192071 -0.355366 2.389070
0.146666 -0.589659 2.117140
0.127475 -0.864907 2.090170
0.135166 -0.926491 2.039060
0.329052 -0.367438 2.375790
0.383189 -0.616117 2.151100
0.370869 -0.906013 2.130970
0.368649 -0.976749 2.094260
0.280266 -0.342210 2.357620
0.277175 -0.289644 2.321060
0.264502 -0.041971 2.136710
0.306148 0.115107 2.032170
0.121693 -0.094392 2.138370
0.039001 -0.302764 2.129510
0.102755 -0.448710 2.016450
0.138044 -0.499044 1.958850
0.417009 -0.129592 2.178580
0.451971 -0.337796 2.173530
0.441432 -0.490066 2.053270
0.439369 -0.526782 1.989860
0.214976 -0.392394 2.405170
0.152452 -0.606007 2.117650
0.125523 -0.890155 2.100840
0.129030 -0.951606 2.048150
0.352890 -0.404520 2.387340
0.385146 -0.630661 2.140060
0.385843 -0.924608 2.135100
0.384908 -0.993717 2.102850
0.287300 -0.356096 2.362250
0.283080 -0.304482 2.325830
0.263417 -0.064428 2.146280
0.305063 0.097445 2.041720
0.122218 -0.116171 2.146610
0.048849 -0.324081 2.130190
0.137886 -0.473704 2.002200
0.165238 -0.503616 1.950910
0.418675 -0.141777 2.181050
0.448920 -0.354742 2.174830
0.438912 -0.498938 2.046340
0.435658 -0.532924 1.977310
0.224994 -0.410059 2.410610
0.154454 -0.624328 2.114790
0.123589 -0.907141 2.111410
0.125514 -0.968101 2.056960
0.361089 -0.417662 2.391720
0.384761 -0.651607 2.142700
0.411680 -0.945439 2.149810
0.412019 -1.010600 2.109600
0.293507 -0.378826 2.372050
0.288364 -0.327138 2.335620
0.263169 -0.080412 2.154030
0.303798 0.080114 2.053940
0.122950 -0.132764 2.155040
0.056955 -0.339859 2.132330
0.150463 -0.481977 2.001790
0.195167 -0.506662 1.957340
0.419881 -0.172263 2.192220
0.444642 -0.383021 2.180670
0.434871 -0.505807 2.033270
0.429636 -0.537652 1.959510
0.230876 -0.428405 2.417300
0.155885 -0.632855 2.112630
0.120622 -0.915210 2.124650
0.120943 -0.976294 2.068110
0.368657 -0.439345 2.402250
0.390936 -0.677023 2.145860
0.418251 -0.960737 2.171440
0.418848 -1.021670 2.120640
0.297432 -0.392716 2.377530
0.291911 -0.341566 2.341570
0.264505 -0.096190 2.164480
0.303887 0.063983 2.075060
0.124483 -0.147698 2.165290
0.064714 -0.353005 2.136520
0.158365 -0.488166 2.002150
0.254535 -0.522901 1.945940
0.420536 -0.185543 2.197420
0.442814 -0.397357 2.184090
0.431077 -0.511801 2.027770
0.420666 -0.533536 1.956390
0.234907 -0.442873 2.422120
0.157799 -0.632977 2.106110
0.121321 -0.865736 2.116470
0.144555 -0.836922 2.052130
0.373364 -0.452508 2.407520
0.394076 -0.686477 2.146520
0.420245 -0.966938 2.188640
0.421805 -1.026670 2.131180
0.301442 -0.410622 2.385580
0.295924 -0.361125 2.351540
0.268362 -0.121509 2.188180
0.304141 0.049797 2.095300
0.126609 -0.163101 2.177680
0.074227 -0.365870 2.142210
0.163712 -0.495459 2.005510
0.243326 -0.525859 1.963230
0.421001 -0.194485 2.202460
0.441842 -0.405360 2.185870
0.425169 -0.524026 2.032650
0.404692 -0.536448 1.951030
0.238709 -0.463171 2.427770
0.159375 -0.628691 2.100070
0.129953 -0.839401 2.110690
0.150046 -0.806221 2.048460
0.377581 -0.467809 2.415170
0.396092 -0.692491 2.146400
0.419642 -0.967264 2.202090
0.422082 -1.026390 2.140700
0.303605 -0.422891 2.391570
0.298212 -0.373929 2.358590
0.271426 -0.135083 2.201380
0.304436 0.039621 2.116800
0.129940 -0.178196 2.195450
0.088313 -0.386668 2.156980
0.168380 -0.507348 2.014480
0.221045 -0.552567 1.990760
0.421497 -0.201674 2.209920
0.441708 -0.413710 2.192500
0.422195 -0.528361 2.033010
0.396202 -0.537959 1.948700
0.240359 -0.476223 2.431610
0.160933 -0.623594 2.096160
0.133720 -0.825432 2.108010
0.156173 -0.774467 2.042870
0.379814 -0.479223 2.421500
0.408169 -0.666353 2.130890
0.410803 -0.889194 2.157930
0.449153 -0.844241 2.129300
0.304699 -0.432211 2.396800
0.299464 -0.383843 2.365050
0.274442 -0.147248 2.216800
0.303536 0.027023 2.154330
0.132586 -0.189760 2.212450
0.098761 -0.401455 2.171470
0.168842 -0.517609 2.023840
0.214857 -0.561557 1.998640
0.423377 -0.209429 2.229840
0.441956 -0.418460 2.197150
0.419838 -0.530881 2.034050
0.391304 -0.539201 1.948000
0.240762 -0.486119 2.434640
0.162456 -0.616318 2.094110
0.135110 -0.819732 2.109750
0.158649 -0.760836 2.041970
0.381039 -0.488977 2.428010
0.421722 -0.608889 2.108860
0.407416 -0.847553 2.155920
0.455306 -0.828991 2.114880
0.305221 -0.442135 2.403650
0.300210 -0.393987 2.373540
0.276708 -0.157107 2.235950
0.302782 0.021328 2.178100
0.135512 -0.203167 2.233930
0.103551 -0.408729 2.178650
0.167577 -0.526260 2.033390
0.204086 -0.568723 2.006580
0.424576 -0.215411 2.246120
0.447867 -0.430832 2.234400
0.418503 -0.520463 2.052140
0.389288 -0.538525 1.962840
0.240223 -0.497522 2.439320
0.163502 -0.610576 2.093570
0.136024 -0.816635 2.111620
0.159161 -0.764394 2.048570
0.381859 -0.498023 2.434070
0.425665 -0.624512 2.117810
0.405088 -0.839480 2.149170
0.446287 -0.780744 2.124810
0.305785 -0.454417 2.414680
0.301398 -0.406486 2.387140
0.282115 -0.168380 2.263560
0.304174 0.010618 2.213710
0.139454 -0.217722 2.259630
0.106522 -0.414111 2.185860
0.165000 -0.533511 2.042850
0.195494 -0.574145 2.012950
0.428821 -0.227421 2.275790
0.450600 -0.435570 2.247680
0.417715 -0.516479 2.060040
0.387229 -0.534337 1.981600
0.238612 -0.512232 2.448520
0.164629 -0.607154 2.095490
0.136506 -0.816939 2.114800
0.161544 -0.774257 2.055150
0.383037 -0.509620 2.442790
0.428980 -0.622726 2.118380
0.403939 -0.832242 2.144290
0.446135 -0.766726 2.133430
0.306615 -0.464731 2.429210
0.302858 -0.416472 2.403870
0.286276 -0.174965 2.287640
0.304918 0.009337 2.243840
0.142631 -0.227670 2.280460
0.107224 -0.417806 2.193140
0.162512 -0.538554 2.051250
0.184619 -0.579847 2.018190
0.431060 -0.235934 2.293530
0.452450 -0.437473 2.255580
0.364770 -0.490040 2.038520
0.338533 -0.511663 1.968100
0.237342 -0.523334 2.460480
0.165022 -0.603710 2.099640
0.136703 -0.818362 2.117470
0.162045 -0.785436 2.059390
0.384548 -0.519878 2.453920
0.430573 -0.620970 2.121280
0.403357 -0.826181 2.141730
0.468105 -0.833282 2.149590
0.307746 -0.478090 2.451110
0.304946 -0.429094 2.427640
0.293011 -0.183973 2.319700
0.306525 0.003430 2.265380
0.147181 -0.239293 2.303660
0.107118 -0.421106 2.201500
0.160215 -0.540821 2.056170
0.179490 -0.581200 2.022020
0.433584 -0.250006 2.316040
0.455019 -0.440233 2.261870
0.335538 -0.475429 2.027590
0.307929 -0.498355 1.958860
0.235476 -0.536584 2.478590
0.160824 -0.567027 2.114870
0.136459 -0.830432 2.131290
0.161104 -0.786588 2.062600
0.386642 -0.533871 2.472720
0.430880 -0.617185 2.130700
0.402831 -0.830136 2.152600
0.433369 -0.862727 2.127480
0.308327 -0.484795 2.462600
0.306017 -0.435413 2.440470
0.296785 -0.187616 2.341880
0.309381 0.004125 2.297960
0.150905 -0.247138 2.322710
0.106116 -0.423401 2.211610
0.157657 -0.539612 2.060370
0.176016 -0.580674 2.024640
0.435644 -0.259750 2.338400
0.459882 -0.442182 2.269760
0.325302 -0.469940 2.026230
0.296391 -0.493444 1.956850
0.234392 -0.543162 2.487540
0.158771 -0.561167 2.122020
0.135798 -0.841752 2.140640
0.160338 -0.787829 2.065050
0.388085 -0.541653 2.483640
0.432007 -0.612892 2.139100
0.403863 -0.833872 2.160060
0.420478 -0.888810 2.117200
0.307569 -0.489638 2.470400
0.305737 -0.439933 2.449400
0.299784 -0.190463 2.362060
0.311474 0.001442 2.319110
0.153595 -0.253920 2.342830
0.105081 -0.425657 2.226880
0.154060 -0.532989 2.065780
0.172947 -0.576286 2.027510
0.438506 -0.268539 2.359190
0.465433 -0.445320 2.279300
0.319788 -0.462788 2.032800
0.284475 -0.490069 1.957830
0.229915 -0.548932 2.494930
0.157282 -0.559512 2.128010
0.135227 -0.847997 2.145800
0.172243 -0.858479 2.097640
0.388040 -0.548053 2.490730
0.432983 -0.608418 2.145020
0.405134 -0.837240 2.165540
0.414251 -0.901269 2.111930
0.307562 -0.492606 2.474780
0.305899 -0.442736 2.454580
0.302831 -0.193097 2.382070
0.313870 -0.000828 2.336340
0.156028 -0.258935 2.359920
0.106249 -0.426470 2.243630
0.151198 -0.525909 2.073340
0.170738 -0.570686 2.031790
0.442460 -0.274902 2.376880
0.470575 -0.451484 2.298570
0.320558 -0.459711 2.058930
0.279706 -0.486508 1.962180
0.227985 -0.552202 2.498010
0.155517 -0.554917 2.135680
0.134833 -0.851900 2.148990
0.153893 -0.824254 2.090730
0.389271 -0.552416 2.494170
0.433792 -0.605521 2.147330
0.406431 -0.839960 2.169530
0.410735 -0.908465 2.108850
0.307542 -0.494557 2.478140
0.306105 -0.444311 2.459210
0.305741 -0.193655 2.400160
0.316540 -0.000977 2.355020
0.158056 -0.262044 2.373230
0.109959 -0.426266 2.261140
0.149954 -0.516193 2.082670
0.169879 -0.562251 2.037850
0.445414 -0.278891 2.389300
0.472897 -0.455828 2.312260
0.326562 -0.462555 2.075820
0.279979 -0.485454 1.963780
0.226198 -0.554080 2.499730
0.154281 -0.552108 2.141070
0.134515 -0.854296 2.151050
0.150724 -0.824491 2.093490
0.390331 -0.555377 2.496680
0.434468 -0.602809 2.149250
0.407672 -0.842161 2.172490
0.408379 -0.913150 2.106550
0.307867 -0.495135 2.481050
0.306886 -0.444363 2.463840
0.308053 -0.193135 2.412810
0.318397 -0.000004 2.374700
0.159891 -0.263359 2.384850
0.112648 -0.424962 2.273060
0.149357 -0.509849 2.090970
0.169631 -0.555291 2.044330
0.447946 -0.280887 2.399360
0.473858 -0.457978 2.321720
0.327107 -0.464433 2.089840
0.283649 -0.484330 1.975680
0.224835 -0.554789 2.500770
0.151546 -0.556025 2.149060
0.134092 -0.855896 2.152630
0.145518 -0.814756 2.092010
0.392144 -0.557206 2.498600
0.434870 -0.600209 2.151090
0.408824 -0.843983 2.174770
0.407023 -0.915563 2.104750
0.308679 -0.494154 2.483930
0.308198 -0.442796 2.468670
0.310059 -0.190478 2.424140
0.321471 0.008803 2.398050
0.162097 -0.261332 2.397750
0.116439 -0.421531 2.288680
0.147859 -0.501046 2.103560
0.169037 -0.546068 2.054330
0.450110 -0.281014 2.407990
0.474378 -0.458556 2.329240
0.328209 -0.465333 2.099700
0.286425 -0.483432 1.985890
0.224022 -0.554191 2.501450
0.149412 -0.559730 2.154830
0.133413 -0.856773 2.153810
0.121151 -0.878136 2.167790
0.394107 -0.558011 2.500090
0.435302 -0.597395 2.152900
0.409731 -0.845055 2.176500
0.406561 -0.915124 2.103510
0.310001 -0.492004 2.487720
0.309915 -0.440132 2.474460
0.311458 -0.186981 2.433500
0.322682 0.013039 2.409760
0.163937 -0.259021 2.407220
0.120778 -0.419671 2.302890
0.144121 -0.491773 2.114290
0.166773 -0.536115 2.064140
0.451685 -0.280229 2.414530
0.474386 -0.458346 2.334730
0.333680 -0.470877 2.106070
0.289756 -0.486793 1.989820
0.223881 -0.552811 2.502720
0.147411 -0.561743 2.158550
0.132699 -0.857181 2.154610
0.110808 -0.906954 2.199830
0.396233 -0.557820 2.501930
0.435513 -0.594572 2.155400
0.410486 -0.845876 2.177790
0.406777 -0.913207 2.102830
0.313934 -0.487680 2.496960
0.313475 -0.435830 2.484610
0.312334 -0.183298 2.441190
0.323553 0.016734 2.418700
0.165435 -0.256396 2.414260
0.123846 -0.418405 2.314750
0.087444 -0.490582 2.142800
0.110714 -0.528728 2.097720
0.453062 -0.277580 2.420660
0.473882 -0.456471 2.339280
0.333810 -0.472199 2.111540
0.292819 -0.489730 1.998560
0.228468 -0.549446 2.510910
0.145048 -0.562339 2.161190
0.131741 -0.856176 2.156520
0.114064 -0.915096 2.156080
0.400680 -0.554403 2.508320
0.434996 -0.590661 2.162850
0.411062 -0.846445 2.178720
0.407456 -0.910677 2.102650
0.316977 -0.484966 2.503630
0.316198 -0.433120 2.491750
0.313100 -0.179919 2.447170
0.324064 0.019561 2.424930
0.166894 -0.253225 2.420320
0.125766 -0.416836 2.322960
0.074907 -0.487001 2.150950
0.099707 -0.524064 2.106430
0.453932 -0.275189 2.424830
0.473214 -0.454364 2.342180
0.333325 -0.473799 2.115570
0.294427 -0.493750 2.006070
0.232430 -0.547264 2.517490
0.142490 -0.562279 2.162970
0.130969 -0.854730 2.158520
0.112279 -0.923088 2.153910
0.403821 -0.551880 2.512810
0.434634 -0.588176 2.167840
0.411515 -0.846855 2.179400
0.408149 -0.907865 2.102710
0.318889 -0.483276 2.508300
0.317918 -0.431429 2.496680
0.313704 -0.177404 2.451490
0.324501 0.021247 2.429090
0.168207 -0.249660 2.425600
0.127172 -0.415081 2.329410
0.150167 -0.475018 2.147140
0.156992 -0.509757 2.110530
0.454568 -0.272757 2.427790
0.472217 -0.451496 2.343500
0.332887 -0.476485 2.117990
0.295939 -0.497409 2.010310
0.235103 -0.545904 2.522340
0.139742 -0.562002 2.164000
0.130253 -0.853228 2.160080
0.111832 -0.928030 2.151610
0.405689 -0.550169 2.515990
0.434373 -0.586553 2.171050
0.411927 -0.847166 2.179910
0.408827 -0.905182 2.102950
0.320294 -0.482421 2.511730
0.319122 -0.430473 2.500110
0.314089 -0.175539 2.454380
0.324863 0.022615 2.432070
0.169069 -0.247241 2.428920
0.127976 -0.414042 2.334260
0.135384 -0.469981 2.153540
0.160455 -0.504582 2.113930
0.455010 -0.270529 2.429730
0.471257 -0.448552 2.343760
0.334254 -0.481980 2.118050
0.297980 -0.509632 2.020010
0.237266 -0.545366 2.526110
0.135954 -0.562372 2.164640
0.129302 -0.850875 2.161380
0.116559 -0.914349 2.122820
0.406969 -0.549144 2.518350
0.434195 -0.585481 2.173100
0.412272 -0.847392 2.180290
0.409499 -0.902799 2.103260
0.321314 -0.482083 2.514270
0.319967 -0.429960 2.502530
0.314336 -0.174175 2.456300
0.325095 0.023939 2.434210
0.169627 -0.245519 2.431080
0.128447 -0.413373 2.337470
0.138218 -0.467860 2.155310
0.163484 -0.501789 2.116570
0.455279 -0.268118 2.430860
0.470193 -0.444835 2.342510
0.336495 -0.488900 2.116250
0.296375 -0.524075 2.028910
0.239092 -0.545534 2.529140
0.132423 -0.562554 2.164910
0.128221 -0.848646 2.161690
0.119124 -0.904655 2.104150
0.407801 -0.548552 2.520130
0.434056 -0.584753 2.174440
0.412610 -0.847548 2.180570
0.410194 -0.900723 2.103620
0.322027 -0.482290 2.516270
0.320560 -0.429815 2.504320
0.314484 -0.173093 2.457500
0.325235 0.025014 2.435480
0.169947 -0.244355 2.432440
0.128699 -0.413020 2.339810
0.138446 -0.467296 2.155640
0.164481 -0.500332 2.117900
0.455311 -0.266023 2.431290
0.467972 -0.437648 2.331640
0.337183 -0.497177 2.108190
0.300004 -0.538343 2.051410
0.240568 -0.546342 2.531600
0.128599 -0.562968 2.165070
0.127373 -0.847053 2.161830
0.120650 -0.898822 2.093320
0.408221 -0.548340 2.521570
0.433955 -0.584235 2.175380
0.412894 -0.847649 2.180760
0.410802 -0.898980 2.103960
0.322311 -0.482842 2.517830
0.320860 -0.429956 2.505630
0.314435 -0.172128 2.457750
0.325218 0.025628 2.435450
0.169965 -0.243428 2.432820
0.108851 -0.411215 2.313020
0.150042 -0.493299 2.141510
0.170521 -0.513651 2.110740
0.455227 -0.264362 2.430970
0.466544 -0.433402 2.324150
0.337299 -0.502579 2.102460
0.301126 -0.544781 2.060960
0.241465 -0.547215 2.533450
0.124779 -0.563672 2.164910
0.126703 -0.845977 2.161920
0.121547 -0.895327 2.086760
0.407665 -0.548786 2.523160
0.433839 -0.583888 2.176030
0.413161 -0.847711 2.180880
0.411341 -0.897579 2.104280
0.322404 -0.483486 2.518940
0.320984 -0.430269 2.506510
0.313938 -0.170975 2.455060
0.324955 0.026114 2.433530
0.169184 -0.242809 2.431090
0.099488 -0.410899 2.300240
0.150236 -0.510483 2.134600
0.171154 -0.527816 2.104580
0.454964 -0.262761 2.429730
0.465582 -0.430821 2.320060
0.337434 -0.505664 2.099160
0.301729 -0.548463 2.066770
0.242067 -0.548034 2.534790
0.121488 -0.564515 2.164560
0.126209 -0.845275 2.162020
0.122147 -0.893246 2.082600
0.406879 -0.549364 2.524470
0.433713 -0.583691 2.176430
0.413535 -0.847747 2.180940
0.411942 -0.896496 2.104590
0.322330 -0.484244 2.519630
0.320899 -0.430857 2.506860
0.312828 -0.170052 2.447890
0.323010 0.025486 2.424690
0.166787 -0.243687 2.423810
0.094754 -0.410862 2.293980
0.148885 -0.519871 2.131050
0.170188 -0.538277 2.100120
0.454214 -0.260826 2.426020
0.464902 -0.429347 2.317390
0.337325 -0.507531 2.096820
0.302190 -0.551155 2.070960
0.242463 -0.548856 2.535720
0.118781 -0.565455 2.164120
0.125828 -0.844767 2.162070
0.122629 -0.891809 2.079720
0.406040 -0.549953 2.525440
0.433581 -0.583606 2.176620
0.414108 -0.847725 2.180910
0.412731 -0.895610 2.104940
0.321925 -0.485324 2.519790
0.320338 -0.432006 2.506280
0.310703 -0.169997 2.437040
0.319535 0.022392 2.409690
0.163342 -0.245288 2.413050
0.091528 -0.411590 2.289390
0.146228 -0.526620 2.127630
0.168124 -0.546882 2.095590
0.452123 -0.259819 2.418990
0.463984 -0.428987 2.313880
0.335674 -0.508586 2.093640
0.305539 -0.555419 2.075050
0.242656 -0.549741 2.536300
0.116870 -0.566368 2.163660
0.125559 -0.844452 2.162110
0.123054 -0.890824 2.077840
0.404959 -0.550638 2.526110
0.433444 -0.583630 2.176600
0.414830 -0.847616 2.180850
0.413583 -0.894896 2.105320
0.320499 -0.487103 2.518170
0.318276 -0.434269 2.502590
0.305818 -0.172337 2.419730
0.316118 0.019932 2.394850
0.159636 -0.246908 2.400770
0.089488 -0.412922 2.285390
0.144077 -0.531241 2.124440
0.166334 -0.553599 2.091260
0.449288 -0.260063 2.409900
0.463014 -0.430090 2.310430
0.333478 -0.508996 2.090430
0.319629 -0.556992 2.069430
0.242431 -0.550852 2.536150
0.115546 -0.567273 2.163050
0.125369 -0.844240 2.162110
0.123527 -0.890230 2.076940
0.403183 -0.551539 2.525850
0.433301 -0.583725 2.176360
0.415792 -0.847420 2.180690
0.414566 -0.894354 2.105720
0.318507 -0.489176 2.515000
0.315661 -0.436792 2.497110
0.301587 -0.174734 2.406000
0.312824 0.017898 2.380290
0.155345 -0.248037 2.387130
0.088857 -0.416363 2.278230
0.142696 -0.535900 2.119640
0.165277 -0.560551 2.085490
0.445849 -0.260742 2.400280
0.461508 -0.432039 2.306220
0.330618 -0.509106 2.086290
0.340407 -0.546512 2.049470
0.241643 -0.552420 2.534540
0.114867 -0.568666 2.161750
0.125486 -0.844383 2.162340
0.124660 -0.890403 2.077810
0.401284 -0.552434 2.525050
0.433114 -0.583944 2.175670
0.416831 -0.847186 2.180480
0.415688 -0.893938 2.106110
0.315680 -0.491350 2.508940
0.312452 -0.439190 2.488820
0.298122 -0.176621 2.393030
0.310380 0.016531 2.369060
0.151336 -0.247925 2.375020
0.089390 -0.419418 2.272240
0.141610 -0.538875 2.114860
0.164469 -0.565558 2.080160
0.442734 -0.262157 2.391160
0.459352 -0.435024 2.300340
0.327088 -0.509092 2.080310
0.349666 -0.539054 2.034500
0.239739 -0.554325 2.529910
0.114897 -0.570513 2.159850
0.125845 -0.844870 2.162530
0.125924 -0.891097 2.079200
0.398855 -0.553493 2.522750
0.432749 -0.584537 2.174280
0.417892 -0.846908 2.180220
0.416811 -0.893623 2.106460
0.312668 -0.492382 2.501490
0.309362 -0.440217 2.479910
0.295375 -0.177303 2.382030
0.307776 0.016966 2.359240
0.147780 -0.247064 2.362760
0.090894 -0.421970 2.267280
0.140452 -0.540918 2.110370
0.163603 -0.569373 2.075380
0.438453 -0.264048 2.379310
0.456924 -0.438707 2.293760
0.324058 -0.509471 2.073250
0.352978 -0.535571 2.023050
0.237664 -0.555282 2.524300
0.115401 -0.573057 2.157200
0.126251 -0.845135 2.162480
0.126992 -0.891562 2.080290
0.395354 -0.553719 2.517580
0.432056 -0.586082 2.171790
0.419046 -0.846381 2.179760
0.417855 -0.893278 2.106680
0.309325 -0.492741 2.492970
0.306125 -0.440422 2.470520
0.292665 -0.176865 2.371410
0.304395 0.019921 2.347640
0.145448 -0.245952 2.354480
0.092381 -0.423843 2.263600
0.139025 -0.541201 2.105370
0.162624 -0.571630 2.070750
0.433254 -0.265485 2.366510
0.455139 -0.441822 2.287860
0.321634 -0.509830 2.067060
0.355505 -0.533009 2.015790
0.235314 -0.555386 2.517270
0.116404 -0.575395 2.153740
0.126783 -0.845134 2.162280
0.127769 -0.891738 2.081160
0.390532 -0.553370 2.509710
0.430669 -0.589722 2.167220
0.420162 -0.845856 2.179230
0.418641 -0.893027 2.106820
0.306360 -0.492886 2.485750
0.303355 -0.440369 2.462850
0.290464 -0.175943 2.362450
0.301242 0.024119 2.337840
0.143467 -0.244806 2.347130
0.093921 -0.425477 2.259040
0.138985 -0.541251 2.100060
0.162472 -0.573346 2.065910
0.429600 -0.266021 2.357770
0.453914 -0.443802 2.283540
0.320461 -0.510158 2.061990
0.355172 -0.532252 2.009430
0.232962 -0.555224 2.510330
0.117426 -0.577401 2.150260
0.128292 -0.843272 2.159250
0.128462 -0.891464 2.081290
0.386358 -0.552997 2.503250
0.429330 -0.593089 2.163210
0.421295 -0.845397 2.178620
0.419503 -0.892855 2.106900
0.303655 -0.492896 2.479610
0.300822 -0.440175 2.456410
0.288304 -0.174873 2.354850
0.298213 0.026797 2.329890
0.141328 -0.243801 2.339890
0.095263 -0.426715 2.254820
0.139425 -0.541243 2.095530
0.162659 -0.574597 2.061550
0.426694 -0.266067 2.350240
0.452889 -0.445221 2.279540
0.319759 -0.510620 2.057240
0.352262 -0.533481 2.003760
0.230757 -0.554962 2.504260
0.118405 -0.579139 2.146860
0.129705 -0.842998 2.157840
0.129340 -0.891557 2.081630
0.382756 -0.552744 2.497840
0.427746 -0.596740 2.158610
0.422474 -0.844915 2.177820
0.420423 -0.892714 2.106850
0.301533 -0.492684 2.474030
0.298717 -0.439754 2.450510
0.285471 -0.173452 2.346940
0.295439 0.028805 2.322720
0.139216 -0.242939 2.333180
0.096176 -0.427425 2.250920
0.137319 -0.544791 2.092280
0.161238 -0.577804 2.058070
0.424132 -0.265603 2.343140
0.451462 -0.446035 2.274550
0.318846 -0.511385 2.051920
0.344733 -0.536898 1.997340
0.229031 -0.554620 2.498860
0.119217 -0.580577 2.143770
0.131278 -0.842558 2.156390
0.130255 -0.891569 2.081880
0.380195 -0.552321 2.492930
0.426201 -0.600564 2.154140
0.423640 -0.844143 2.176720
0.421292 -0.892489 2.106660
0.299810 -0.492053 2.468950
0.296997 -0.439016 2.445270
0.283229 -0.172387 2.340590
0.292927 0.030249 2.316570
0.137053 -0.241848 2.327330
0.096801 -0.427843 2.248150
0.132150 -0.551562 2.088320
0.157986 -0.582723 2.054030
0.422118 -0.264672 2.336700
0.449435 -0.446338 2.267400
0.317230 -0.512748 2.045360
0.331059 -0.541911 1.989240
0.227615 -0.554017 2.494210
0.119904 -0.581673 2.140930
0.132679 -0.842244 2.155200
0.131109 -0.891602 2.082100
0.378294 -0.551664 2.488470
0.424962 -0.603349 2.150410
0.424571 -0.843470 2.175750
0.422018 -0.892295 2.106450
0.298497 -0.491392 2.465200
0.295659 -0.438279 2.441380
0.281368 -0.171482 2.335670
0.290920 0.031109 2.311470
0.135334 -0.240930 2.323070
0.097255 -0.428109 2.246040
0.128031 -0.556643 2.086030
0.154927 -0.586928 2.051090
0.420373 -0.263647 2.331260
0.446992 -0.446262 2.260940
0.315577 -0.514283 2.039300
0.318495 -0.546238 1.983110
0.226491 -0.553368 2.490690
0.120484 -0.582521 2.138580
0.133904 -0.842039 2.154220
0.126019 -0.862234 2.081800
0.376900 -0.550995 2.485180
0.423795 -0.605140 2.147640
0.425304 -0.842947 2.174890
0.422594 -0.892163 2.106240
0.297537 -0.490677 2.462230
0.294664 -0.437535 2.438340
0.279974 -0.170767 2.332140
0.289334 0.031631 2.307060
0.133794 -0.240030 2.319590
0.097567 -0.428292 2.244140
0.125255 -0.559812 2.084930
0.152521 -0.589967 2.049220
0.418484 -0.262239 2.326340
0.444714 -0.445901 2.255860
0.314253 -0.515991 2.034600
0.313535 -0.549556 1.980090
0.225666 -0.552581 2.487610
0.121048 -0.583170 2.136420
0.135643 -0.841336 2.153030
0.110322 -0.811892 2.075720
0.375903 -0.550226 2.482520
0.422440 -0.606328 2.145220
0.425802 -0.842453 2.174020
0.423026 -0.892033 2.105990
0.296779 -0.489929 2.459760
0.293869 -0.436801 2.435870
0.278894 -0.170223 2.329540
0.288047 0.031997 2.303780
0.132446 -0.239224 2.316780
0.097873 -0.428370 2.242540
0.124210 -0.561527 2.084130
0.151510 -0.591780 2.047970
0.416868 -0.260936 2.322330
0.442734 -0.445372 2.252230
0.313173 -0.517229 2.031300
0.309239 -0.552489 1.978410
0.224948 -0.551786 2.485080
0.121581 -0.583691 2.134540
0.137148 -0.840701 2.151950
0.103421 -0.784443 2.073090
0.375220 -0.549359 2.480080
0.420376 -0.606760 2.142500
0.426088 -0.842044 2.173130
0.423344 -0.891926 2.105680
0.296106 -0.489214 2.457680
0.293171 -0.436125 2.433840
0.278035 -0.169815 2.327590
0.286963 0.032193 2.301080
0.131286 -0.238527 2.314550
0.098196 -0.428436 2.241110
0.139779 -0.560196 2.080090
0.157393 -0.592624 2.044740
0.415642 -0.260004 2.319550
0.440704 -0.444864 2.249480
0.311965 -0.518241 2.028820
0.306435 -0.554236 1.977140
0.224218 -0.550990 2.482870
0.122271 -0.584222 2.132630
0.138611 -0.839982 2.150830
0.109619 -0.795919 2.074620
0.374678 -0.548546 2.478010
0.418025 -0.606897 2.139970
0.427059 -0.835146 2.162610
0.418126 -0.887758 2.154690
0.295556 -0.488641 2.456060
0.292599 -0.435591 2.432280
0.277346 -0.169524 2.326160
0.286073 0.032271 2.298930
0.130398 -0.238020 2.312860
0.098601 -0.428522 2.239750
0.149068 -0.559161 2.077940
0.162802 -0.592977 2.042260
0.414702 -0.259317 2.317520
0.437811 -0.444070 2.247380
0.310673 -0.519003 2.026800
0.302529 -0.555275 1.976170
0.223598 -0.550346 2.481120
0.123158 -0.584910 2.130880
0.140218 -0.839123 2.149610
0.107064 -0.786060 2.072700
0.374259 -0.547873 2.476320
0.415581 -0.607043 2.137790
0.427582 -0.830537 2.154680
0.414567 -0.884841 2.180280
0.294994 -0.488086 2.454610
0.292019 -0.435079 2.430920
0.276688 -0.169267 2.325060
0.285410 0.032316 2.297430
0.129730 -0.237646 2.311600
0.099056 -0.428581 2.238550
0.156029 -0.557875 2.076840
0.168159 -0.592736 2.040440
0.414022 -0.258825 2.316100
0.434427 -0.443392 2.246080
0.309414 -0.519702 2.025250
0.298013 -0.555068 1.975180
0.222941 -0.549717 2.479600
0.124152 -0.585770 2.129490
0.141574 -0.838529 2.148620
0.130324 -0.842035 2.074760
0.373834 -0.547216 2.474620
0.413210 -0.607126 2.135670
0.427698 -0.827556 2.148070
0.413059 -0.883433 2.190470
0.294481 -0.487597 2.453380
0.291475 -0.434627 2.429770
0.275956 -0.169025 2.324210
0.284909 0.032357 2.296360
0.129205 -0.237377 2.310660
0.099485 -0.428610 2.237500
0.160156 -0.557194 2.076230
0.172231 -0.592539 2.039200
0.413516 -0.258426 2.315090
0.431564 -0.442829 2.245390
0.308380 -0.520263 2.024160
0.294702 -0.554628 1.974530
0.222328 -0.549206 2.478290
0.125355 -0.586756 2.128290
0.142669 -0.838279 2.147840
0.141088 -0.868492 2.075670
0.373491 -0.546629 2.473130
0.410675 -0.607194 2.133740
0.427571 -0.825722 2.142780
0.412103 -0.882520 2.196850
0.294069 -0.487210 2.452430
0.291033 -0.434269 2.428900
0.275301 -0.168831 2.323600
0.284548 0.032383 2.295590
0.128810 -0.237179 2.309960
0.099936 -0.428624 2.236550
0.164519 -0.553092 2.076920
0.176730 -0.590051 2.038790
0.413115 -0.258108 2.314370
0.428080 -0.442517 2.244740
0.307031 -0.521058 2.022970
0.291525 -0.554031 1.973530
0.221848 -0.548813 2.477300
0.126440 -0.587674 2.127400
0.143558 -0.838179 2.147260
0.146597 -0.892535 2.089320
0.373218 -0.546148 2.471910
0.408555 -0.607199 2.132220
0.423897 -0.827805 2.143020
0.411713 -0.885749 2.137070
0.293746 -0.486894 2.451700
0.290678 -0.433975 2.428240
0.274702 -0.168657 2.323190
0.284300 0.032424 2.295040
0.128516 -0.237020 2.309460
0.100374 -0.428621 2.235700
0.166829 -0.550737 2.077430
0.179705 -0.588344 2.038590
0.412783 -0.257836 2.313880
0.425218 -0.442358 2.244350
0.305806 -0.521834 2.022060
0.289021 -0.553438 1.972720
0.221481 -0.548490 2.476530
0.127321 -0.588446 2.126760
0.144320 -0.838165 2.146820
0.128473 -0.828771 2.075880
0.373005 -0.545740 2.470920
0.406789 -0.607191 2.131040
0.422990 -0.828288 2.141690
0.408487 -0.889140 2.153780
0.293490 -0.486639 2.451130
0.290394 -0.433738 2.427730
0.274138 -0.168499 2.322960
0.284104 0.032464 2.294680
0.128289 -0.236892 2.309100
0.100760 -0.428623 2.235020
0.168070 -0.549107 2.077850
0.181678 -0.587110 2.038490
0.412499 -0.257612 2.313570
0.422991 -0.442341 2.244050
0.304647 -0.522601 2.021310
0.287034 -0.552771 1.971940
0.221194 -0.548227 2.475920
0.128015 -0.589067 2.126280
0.144908 -0.838067 2.146420
0.133033 -0.869308 2.100810
0.372845 -0.545411 2.470150
0.405406 -0.607175 2.130170
0.422488 -0.828248 2.140690
0.407103 -0.889404 2.162860
0.293264 -0.486416 2.450680
0.290142 -0.433527 2.427330
0.273600 -0.168309 2.322850
0.283966 0.032516 2.294480
0.128098 -0.236763 2.308840
0.101056 -0.428623 2.234510
0.159174 -0.551771 2.079980
0.180596 -0.587427 2.038870
0.412230 -0.257412 2.313410
0.421299 -0.442353 2.243870
0.303688 -0.523258 2.020770
0.285568 -0.552230 1.971360
0.220946 -0.547991 2.475410
0.128561 -0.589559 2.125950
0.145376 -0.837838 2.146010
0.130917 -0.877210 2.106350
0.372682 -0.545122 2.469500
0.404289 -0.607174 2.129510
0.414554 -0.844668 2.160860
0.407200 -0.895936 2.145070
0.293073 -0.486209 2.450300
0.289922 -0.433321 2.427010
0.273080 -0.168002 2.322870
0.283860 0.033386 2.295340
0.127893 -0.236533 2.308700
0.101268 -0.428604 2.234130
0.156137 -0.552678 2.081490
0.180362 -0.587498 2.039340
0.411970 -0.257230 2.313380
0.420078 -0.442366 2.243800
0.302863 -0.523872 2.020470
0.284611 -0.551763 1.970940
0.220740 -0.547763 2.474990
0.128988 -0.589942 2.125700
0.145728 -0.837649 2.145690
0.133690 -0.882276 2.103280
0.372543 -0.544863 2.468950
0.403405 -0.607172 2.129000
0.411927 -0.849977 2.167390
0.407833 -0.899532 2.130860
0.292896 -0.486015 2.449990
0.289719 -0.433120 2.426750
0.272594 -0.167620 2.322990
0.283715 0.035031 2.297510
0.127700 -0.236261 2.308640
0.101430 -0.428585 2.233850
0.154734 -0.553237 2.082550
0.180342 -0.587590 2.039810
0.411735 -0.257082 2.313430
0.419113 -0.442360 2.243880
0.302027 -0.524384 2.020450
0.284250 -0.551256 1.970650
0.220544 -0.547543 2.474610
0.129319 -0.590233 2.125530
0.145972 -0.837513 2.145450
0.136254 -0.885848 2.099470
0.372410 -0.544637 2.468480
0.402673 -0.607131 2.128580
0.410462 -0.852942 2.171050
0.408415 -0.901691 2.121210
0.292750 -0.485833 2.449720
0.289546 -0.432928 2.426530
0.272156 -0.167200 2.323180
0.283654 0.036410 2.299500
0.127533 -0.235964 2.308620
0.101568 -0.428565 2.233620
0.146841 -0.555018 2.084120
0.176358 -0.588409 2.040900
0.411506 -0.256945 2.313540
0.418401 -0.442357 2.244260
0.301398 -0.524766 2.020740
0.284400 -0.550596 1.970650
0.220393 -0.547331 2.474290
0.129574 -0.590442 2.125410
0.146154 -0.837430 2.145300
0.138507 -0.888275 2.095920
0.372298 -0.544410 2.468040
0.402083 -0.607091 2.128240
0.409405 -0.855019 2.173730
0.408690 -0.903169 2.115260
0.292624 -0.485665 2.449490
0.289395 -0.432745 2.426350
0.271769 -0.166735 2.323400
0.283697 0.037704 2.301610
0.127383 -0.235650 2.308620
0.101693 -0.428553 2.233440
0.146541 -0.555612 2.084580
0.176051 -0.588601 2.041230
0.411287 -0.256837 2.313690
0.417882 -0.442361 2.244660
0.300903 -0.525067 2.021060
0.284778 -0.549970 1.970720
0.220263 -0.547125 2.473980
0.129819 -0.590611 2.125340
0.146292 -0.837364 2.145190
0.140388 -0.889801 2.092650
0.372201 -0.544209 2.467660
0.401612 -0.607055 2.127970
0.408919 -0.858422 2.176660
0.406921 -0.914768 2.126470
0.292506 -0.485494 2.449270
0.289259 -0.432553 2.426170
0.271502 -0.166220 2.323610
0.283779 0.038753 2.303380
0.127252 -0.235298 2.308630
0.101824 -0.428534 2.233280
0.145624 -0.555781 2.084960
0.175585 -0.588629 2.041520
0.411093 -0.256747 2.313860
0.417489 -0.442384 2.245180
0.300574 -0.525221 2.021340
0.285391 -0.549657 1.970990
0.220128 -0.546898 2.473640
0.130025 -0.590742 2.125300
0.146407 -0.837286 2.145080
0.141957 -0.890607 2.089660
0.372109 -0.544022 2.467300
0.401244 -0.607027 2.127740
0.408553 -0.859973 2.178170
0.407280 -0.916799 2.124030
0.292398 -0.485317 2.449020
0.289137 -0.432355 2.425990
0.271301 -0.165674 2.323820
0.283858 0.039565 2.304890
0.127150 -0.234951 2.308620
0.101965 -0.428516 2.233100
0.145212 -0.555830 2.085230
0.175269 -0.588664 2.041750
0.410926 -0.256655 2.314020
0.417254 -0.442426 2.245770
0.300380 -0.525324 2.021660
0.286263 -0.549448 1.971370
0.219995 -0.546670 2.473260
0.130227 -0.590867 2.125290
0.146578 -0.837074 2.144960
0.143403 -0.890718 2.087010
0.372026 -0.543830 2.466910
0.400946 -0.607007 2.127530
0.411903 -0.850862 2.168880
0.410520 -0.908847 2.110590
0.292298 -0.485137 2.448770
0.289025 -0.432149 2.425800
0.271148 -0.165133 2.324010
0.283924 0.040178 2.306080
0.127071 -0.234615 2.308580
0.102116 -0.428504 2.232920
0.149343 -0.553806 2.084380
0.175986 -0.588143 2.041810
0.410784 -0.256558 2.314180
0.417128 -0.442485 2.246380
0.300283 -0.525375 2.021980
0.287078 -0.549315 1.971760
0.219873 -0.546451 2.472860
0.130427 -0.591000 2.125320
0.146732 -0.836868 2.144860
0.144576 -0.890567 2.084810
0.371949 -0.543638 2.466520
0.400709 -0.606995 2.127330
0.415212 -0.842588 2.160840
0.413707 -0.900920 2.099500
0.292227 -0.484957 2.448520
0.288944 -0.431933 2.425610
0.271064 -0.164562 2.324150
0.284016 0.040628 2.306990
0.127010 -0.234272 2.308510
0.102270 -0.428531 2.232720
0.150565 -0.553649 2.084570
0.176126 -0.588131 2.042070
0.410664 -0.256460 2.314320
0.417086 -0.442536 2.246900
0.300260 -0.525395 2.022260
0.287841 -0.549371 1.972180
0.219795 -0.546253 2.472480
0.130675 -0.591132 2.125380
0.146865 -0.836715 2.144790
0.145510 -0.890346 2.083090
0.371899 -0.543442 2.466150
0.400521 -0.606988 2.127160
0.417191 -0.837660 2.156150
0.415916 -0.895292 2.092160
0.292155 -0.484686 2.448140
0.288866 -0.431621 2.425320
0.271033 -0.163952 2.324240
0.284202 0.041003 2.307690
0.126973 -0.233909 2.308400
0.102424 -0.428550 2.232520
0.153341 -0.554574 2.084040
0.176851 -0.588548 2.042130
0.410574 -0.256362 2.314460
0.417124 -0.442647 2.247410
0.300330 -0.525381 2.022500
0.288815 -0.549769 1.972760
0.219704 -0.545937 2.471880
0.130916 -0.591256 2.125460
0.146993 -0.836574 2.144730
0.146275 -0.890038 2.081690
0.371853 -0.543212 2.465730
0.400368 -0.606991 2.126970
0.418982 -0.834022 2.152560
0.410974 -0.888923 2.145280
0.292088 -0.484418 2.447760
0.288796 -0.431306 2.425020
0.271047 -0.163353 2.324280
0.284409 0.041298 2.308220
0.126980 -0.233541 2.308240
0.102592 -0.428579 2.232240
0.155664 -0.555397 2.083580
0.177625 -0.588986 2.042160
0.410516 -0.256286 2.314560
0.417417 -0.442964 2.247900
0.300444 -0.525367 2.022710
0.289900 -0.550324 1.973320
0.219617 -0.545636 2.471300
0.131148 -0.591339 2.125550
0.147103 -0.836459 2.144680
0.141988 -0.890253 2.086070
0.371807 -0.542997 2.465320
0.400252 -0.607003 2.126790
0.420370 -0.831402 2.149920
0.407627 -0.885067 2.179380
0.292038 -0.484147 2.447390
0.288743 -0.430975 2.424700
0.271068 -0.162688 2.324230
0.284600 0.041530 2.308640
0.127006 -0.233179 2.308000
0.102768 -0.428597 2.231910
0.156512 -0.555505 2.083490
0.177880 -0.589074 2.042250
0.410482 -0.256219 2.314640
0.418002 -0.443635 2.248740
0.300706 -0.525315 2.023070
0.292296 -0.551094 1.974200
0.219557 -0.545357 2.470790
0.131376 -0.591425 2.125630
0.147202 -0.836334 2.144590
0.115905 -0.834319 2.073230
0.371778 -0.542782 2.464940
0.400161 -0.607019 2.126620
0.420940 -0.830110 2.148870
0.412514 -0.881416 2.148000
0.292022 -0.483884 2.447050
0.288719 -0.430651 2.424400
0.271106 -0.162056 2.324140
0.284817 0.041715 2.308970
0.127060 -0.232821 2.307680
0.102944 -0.428630 2.231580
0.157141 -0.555579 2.083420
0.178092 -0.589139 2.042320
0.410459 -0.256170 2.314700
0.418544 -0.444250 2.249460
0.301025 -0.525256 2.023390
0.293730 -0.551535 1.974720
0.219555 -0.545097 2.470340
0.131589 -0.591499 2.125720
0.147286 -0.836226 2.144500
0.099135 -0.797978 2.064730
0.371777 -0.542570 2.464590
0.400091 -0.607038 2.126470
0.421105 -0.829669 2.148900
0.415283 -0.880555 2.127810
0.292017 -0.483630 2.446680
0.288707 -0.430333 2.424080
0.271160 -0.161452 2.324000
0.285090 0.041860 2.309200
0.127148 -0.232417 2.307230
0.103128 -0.428651 2.231260
0.157419 -0.555649 2.083340
0.178182 -0.589204 2.042370
0.410456 -0.256120 2.314750
0.419284 -0.444801 2.249900
0.301354 -0.525213 2.023610
0.294657 -0.551869 1.975040
0.219564 -0.544860 2.469910
0.131871 -0.591591 2.125800
0.147339 -0.836199 2.144430
0.093761 -0.786887 2.062200
0.371787 -0.542376 2.464210
0.400046 -0.607094 2.126290
0.418302 -0.854913 2.167990
0.397814 -0.895783 2.135640
0.292022 -0.483379 2.446310
0.288707 -0.430024 2.423750
0.271219 -0.160919 2.323860
0.285369 0.041971 2.309360
0.127248 -0.232024 2.306740
0.103321 -0.428681 2.230920
0.157747 -0.555813 2.083300
0.178341 -0.589363 2.042430
0.410485 -0.256057 2.314780
0.419975 -0.445302 2.250430
0.301857 -0.525117 2.023910
0.296189 -0.552289 1.975480
0.219581 -0.544641 2.469500
0.132212 -0.591724 2.125910
0.147385 -0.836195 2.144360
0.090006 -0.779142 2.060430
0.371807 -0.542192 2.463830
0.400017 -0.607165 2.126080
0.416175 -0.862172 2.175380
0.396560 -0.909092 2.143110
0.292052 -0.483125 2.445940
0.288733 -0.429716 2.423420
0.271304 -0.160442 2.323720
0.285783 0.042053 2.309420
0.127359 -0.231655 2.306260
0.103529 -0.428732 2.230550
0.158539 -0.555580 2.083230
0.178863 -0.589292 2.042490
0.410545 -0.255986 2.314810
0.420679 -0.445830 2.250590
0.302138 -0.525075 2.024020
0.297687 -0.552787 1.975600
0.219618 -0.544433 2.469130
0.132530 -0.591845 2.126020
0.147431 -0.836195 2.144320
0.122029 -0.835405 2.067180
0.371847 -0.542011 2.463450
0.400000 -0.607243 2.125870
0.414942 -0.865930 2.179400
0.397085 -0.918536 2.149740
0.292086 -0.482898 2.445610
0.288765 -0.429440 2.423120
0.271404 -0.160009 2.323570
0.286246 0.042089 2.309440
0.127496 -0.231334 2.305800
0.103727 -0.428810 2.230240
0.159106 -0.555447 2.083210
0.179305 -0.589260 2.042550
0.410638 -0.255910 2.314820
0.421677 -0.446848 2.250140
0.302338 -0.525101 2.023940
0.299088 -0.553503 1.975350
0.219657 -0.544251 2.468800
0.132837 -0.591959 2.126130
0.147523 -0.836291 2.144330
0.138956 -0.865616 2.071520
0.371887 -0.541853 2.463120
0.399999 -0.607320 2.125670
0.414120 -0.868232 2.181900
0.398405 -0.925022 2.155170
0.292161 -0.482705 2.445320
0.288833 -0.429193 2.422850
0.271534 -0.159574 2.323390
0.286725 0.042133 2.309410
0.127736 -0.231057 2.305330
0.103920 -0.428903 2.229960
0.159659 -0.555253 2.083140
0.179773 -0.589186 2.042580
0.410786 -0.255833 2.314810
0.422488 -0.447718 2.249730
0.302499 -0.525153 2.023860
0.300218 -0.554574 1.975330
0.219755 -0.544098 2.468530
0.133137 -0.592064 2.126230
0.147653 -0.836498 2.144430
0.147544 -0.881156 2.074040
0.371957 -0.541711 2.462830
0.400006 -0.607395 2.125490
0.413386 -0.869677 2.183680
0.401616 -0.925030 2.145750
0.292291 -0.482535 2.445020
0.288951 -0.428968 2.422570
0.271695 -0.159161 2.323200
0.287203 0.042190 2.309390
0.128040 -0.230858 2.304870
0.104101 -0.429000 2.229720
0.160031 -0.555111 2.083080
0.180132 -0.589128 2.042600
0.410967 -0.255754 2.314790
0.423303 -0.448362 2.249260
0.302635 -0.525243 2.023790
0.300975 -0.555428 1.975310
0.219939 -0.543967 2.468230
0.133469 -0.592172 2.126330
0.147757 -0.836695 2.144520
0.152437 -0.890017 2.075420
0.372072 -0.541580 2.462520
0.400035 -0.607478 2.125290
0.412677 -0.870309 2.184850
0.404331 -0.923886 2.137380
