0.236114 -0.020072 2.072060
0.236699 0.022684 2.121430
0.246362 0.298155 2.140790
0.241191 0.523734 2.137750
0.090066 0.244983 2.132470
0.062249 0.023099 2.037040
0.135051 -0.152083 1.949870
0.192673 -0.208395 1.926970
0.386904 0.240631 2.138580
0.410687 0.021745 2.063290
0.341276 -0.146122 1.953600
0.293288 -0.211003 1.924450
0.166297 -0.086037 2.051700
0.213840 -0.527464 2.108750
0.189704 -0.819530 2.120200
0.203465 -0.875477 2.069110
0.303206 -0.083349 2.059370
0.276653 -0.427539 2.087170
0.303738 -0.749998 2.109680
0.308362 -0.784328 2.024130
0.236646 -0.019803 2.071870
0.237175 0.022948 2.121250
0.246750 0.298505 2.140600
0.241676 0.524106 2.137140
0.090899 0.245060 2.132160
0.062803 0.023084 2.036910
0.135325 -0.151944 1.949910
0.193454 -0.208336 1.927000
0.387287 0.240634 2.138360
0.410978 0.021792 2.063060
0.341541 -0.146359 1.953430
0.293472 -0.211212 1.924400
0.166989 -0.085771 2.051530
0.214259 -0.527210 2.108640
0.189901 -0.819646 2.120240
0.202215 -0.874883 2.067990
0.303680 -0.082954 2.059170
0.276829 -0.427460 2.087080
0.303910 -0.749843 2.109550
0.308400 -0.783890 2.024120
0.237124 -0.019536 2.071700
0.237601 0.023210 2.121080
0.247077 0.298818 2.140420
0.242134 0.524443 2.136590
0.091628 0.245140 2.131870
0.063299 0.023098 2.036820
0.135594 -0.151831 1.949950
0.194151 -0.208306 1.927060
0.387623 0.240644 2.138160
0.411309 0.021731 2.062740
0.341762 -0.146645 1.953250
0.293607 -0.211471 1.924360
0.167595 -0.085531 2.051370
0.214622 -0.526980 2.108550
0.190121 -0.819764 2.120270
0.200860 -0.874333 2.066990
0.304104 -0.082541 2.059000
0.277071 -0.427329 2.086930
0.304131 -0.749638 2.109390
0.308510 -0.783425 2.024030
0.237535 -0.019305 2.071550
0.237967 0.023443 2.120940
0.247367 0.299101 2.140230
0.242599 0.524753 2.136090
0.092330 0.245255 2.131560
0.063731 0.023120 2.036740
0.135878 -0.151751 1.950000
0.194836 -0.208288 1.927110
0.387958 0.240655 2.137980
0.411670 0.021619 2.062400
0.341945 -0.146957 1.953060
0.293713 -0.211785 1.924320
0.168120 -0.085322 2.051240
0.214940 -0.526771 2.108480
0.190348 -0.819867 2.120300
0.199498 -0.874037 2.066330
0.304457 -0.082198 2.058860
0.277004 -0.427167 2.086830
0.303998 -0.749381 2.109250
0.307785 -0.782736 2.023970
0.237883 -0.019108 2.071420
0.238274 0.023643 2.120810
0.247603 0.299322 2.140040
0.243048 0.525000 2.135640
0.093026 0.245331 2.131220
0.064121 0.023143 2.036670
0.136164 -0.151703 1.950030
0.195523 -0.208287 1.927220
0.388270 0.240664 2.137780
0.412061 0.021573 2.062080
0.342084 -0.147286 1.952870
0.293789 -0.212154 1.924310
0.168567 -0.085149 2.051120
0.215205 -0.526604 2.108430
0.190572 -0.819976 2.120330
0.198164 -0.873829 2.065800
0.304749 -0.081906 2.058750
0.277036 -0.427050 2.086720
0.303997 -0.749196 2.109120
0.307543 -0.782311 2.023880
0.238192 -0.018914 2.071300
0.238547 0.023840 2.120690
0.247800 0.299514 2.139870
0.243478 0.525216 2.135240
0.093647 0.245410 2.130890
0.064462 0.023164 2.036620
0.136425 -0.151668 1.950070
0.196131 -0.208281 1.927320
0.388584 0.240678 2.137590
0.412402 0.021502 2.061750
0.342195 -0.147616 1.952680
0.293844 -0.212570 1.924330
0.168952 -0.084990 2.051020
0.215436 -0.526456 2.108390
0.190799 -0.820086 2.120370
0.197195 -0.873779 2.065510
0.305004 -0.081624 2.058660
0.277098 -0.426920 2.086610
0.304030 -0.749014 2.109000
0.307421 -0.781957 2.023790
0.238454 -0.018748 2.071200
0.238778 0.024012 2.120590
0.247948 0.299680 2.139680
0.243907 0.525409 2.134850
0.094243 0.245500 2.130570
0.064785 0.023182 2.036560
0.136677 -0.151661 1.950110
0.196659 -0.208316 1.927440
0.388866 0.240705 2.137390
0.412712 0.021451 2.061460
0.342278 -0.147929 1.952500
0.293882 -0.212981 1.924370
0.169307 -0.084834 2.050930
0.215640 -0.526315 2.108360
0.191015 -0.820187 2.120400
0.196185 -0.873733 2.065260
0.305204 -0.081408 2.058580
0.277163 -0.426799 2.086610
0.304069 -0.748854 2.108980
0.307344 -0.781638 2.023890
0.238679 -0.018604 2.071110
0.238981 0.024167 2.120490
0.248077 0.299830 2.139500
0.244305 0.525581 2.134510
0.094757 0.245589 2.130290
0.065068 0.023206 2.036530
0.136926 -0.151680 1.950140
0.197137 -0.208374 1.927560
0.389128 0.240739 2.137200
0.413017 0.021075 2.060930
0.342361 -0.148167 1.952360
0.293932 -0.213311 1.924420
0.169622 -0.084684 2.050850
0.215815 -0.526192 2.108350
0.191242 -0.820298 2.120440
0.195167 -0.873626 2.065000
0.305366 -0.081235 2.058520
0.277228 -0.426687 2.086620
0.304109 -0.748711 2.108990
0.307293 -0.781376 2.024010
0.238873 -0.018473 2.071040
0.239165 0.024319 2.120410
0.248223 0.300057 2.139340
0.244710 0.525840 2.134200
0.095205 0.245675 2.130040
0.065318 0.023223 2.036490
0.137581 -0.152238 1.950050
0.198105 -0.208904 1.927580
0.389381 0.240771 2.137010
0.413286 0.020384 2.060170
0.342440 -0.148332 1.952250
0.294006 -0.213572 1.924480
0.169906 -0.084514 2.050780
0.215962 -0.526086 2.108340
0.191475 -0.820403 2.120480
0.194206 -0.873470 2.064750
0.305499 -0.081091 2.058470
0.277297 -0.426579 2.086640
0.304152 -0.748582 2.109010
0.307268 -0.781158 2.024140
0.239035 -0.018364 2.070980
0.239329 0.024455 2.120340
0.248392 0.300290 2.139170
0.245109 0.526096 2.133900
0.095583 0.245752 2.129830
0.065535 0.023237 2.036460
0.138234 -0.152830 1.949950
0.199012 -0.209449 1.927600
0.389630 0.240752 2.136760
0.413497 0.019809 2.059550
0.342510 -0.148457 1.952170
0.294084 -0.213789 1.924540
0.170142 -0.084361 2.050730
0.216089 -0.525988 2.108340
0.191715 -0.820507 2.120530
0.193199 -0.873247 2.064480
0.305590 -0.080997 2.058440
0.277356 -0.426498 2.086670
0.304189 -0.748487 2.109030
0.307245 -0.781009 2.024250
0.239180 -0.018264 2.070920
0.239483 0.024591 2.120270
0.248583 0.300576 2.138990
0.245535 0.526406 2.133630
0.095937 0.245814 2.129610
0.065729 0.023244 2.036440
0.139058 -0.153701 1.949810
0.200076 -0.210198 1.927550
0.389904 0.240734 2.136510
0.413664 0.019269 2.058990
0.342570 -0.148558 1.952100
0.294166 -0.213989 1.924620
0.170353 -0.084210 2.050680
0.216200 -0.525904 2.108350
0.191939 -0.820608 2.120570
0.192361 -0.873050 2.064250
0.305664 -0.080922 2.058410
0.277414 -0.426424 2.086700
0.304225 -0.748404 2.109060
0.307237 -0.780892 2.024360
0.239306 -0.018177 2.070870
0.239622 0.024717 2.120210
0.248847 0.300946 2.138800
0.245945 0.526769 2.133380
0.096253 0.245864 2.129420
0.065895 0.023252 2.036430
0.139775 -0.154487 1.949700
0.200942 -0.210890 1.927500
0.390166 0.240711 2.136270
0.413849 0.018478 2.058390
0.342606 -0.148659 1.952040
0.294226 -0.214210 1.924700
0.170533 -0.084074 2.050640
0.216290 -0.525838 2.108370
0.192142 -0.820702 2.120610
0.191604 -0.872824 2.064020
0.305721 -0.080866 2.058390
0.277474 -0.426356 2.086740
0.304264 -0.748332 2.109090
0.307244 -0.780801 2.024480
0.239414 -0.018102 2.070830
0.239749 0.024834 2.120150
0.249120 0.301359 2.138610
0.246320 0.527163 2.133160
0.096522 0.245908 2.129250
0.066040 0.023260 2.036430
0.140405 -0.155202 1.949600
0.201698 -0.211505 1.927460
0.390380 0.240694 2.136030
0.414012 0.018056 2.057980
0.342609 -0.148782 1.951990
0.294256 -0.214507 1.924820
0.170685 -0.083952 2.050610
0.216368 -0.525782 2.108400
0.192333 -0.820791 2.120660
0.191062 -0.872599 2.063790
0.305766 -0.080822 2.058370
0.277530 -0.426300 2.086790
0.304300 -0.748275 2.109130
0.307250 -0.780740 2.024600
0.239501 -0.018039 2.070790
0.239858 0.024937 2.120110
0.249330 0.301728 2.138450
0.246652 0.527524 2.132960
0.096752 0.245955 2.129100
0.066156 0.023268 2.036430
0.140943 -0.155857 1.949530
0.202342 -0.212050 1.927410
0.390574 0.240622 2.135740
0.414068 0.017480 2.057520
0.342578 -0.148939 1.951930
0.294253 -0.214859 1.924950
0.170811 -0.083837 2.050600
0.216435 -0.525745 2.108440
0.192495 -0.820873 2.120700
0.190641 -0.872391 2.063580
0.305796 -0.080791 2.058360
0.277582 -0.426257 2.086830
0.304334 -0.748233 2.109180
0.307254 -0.780709 2.024720
0.239583 -0.017969 2.070760
0.239971 0.025062 2.120070
0.249578 0.302212 2.138320
0.246981 0.527979 2.132750
0.096950 0.245997 2.128980
0.066258 0.023275 2.036440
0.141398 -0.156443 1.949500
0.202888 -0.212521 1.927390
0.390741 0.240555 2.135450
0.414109 0.017101 2.057230
0.342513 -0.149139 1.951880
0.294035 -0.215217 1.925230
0.170921 -0.083727 2.050590
0.216501 -0.525728 2.108520
0.192632 -0.820946 2.120730
0.190364 -0.872202 2.063390
0.305825 -0.080739 2.058340
0.277787 -0.426153 2.086910
0.304501 -0.748141 2.109250
0.307446 -0.780630 2.024870
0.239657 -0.017906 2.070730
0.240120 0.025292 2.120040
0.252699 0.331925 2.143450
0.247286 0.528454 2.132570
0.097114 0.246036 2.128870
0.066346 0.023287 2.036450
0.141705 -0.156865 1.949520
0.203254 -0.212850 1.927400
0.390880 0.240481 2.135180
0.414132 0.016816 2.057020
0.342443 -0.149334 1.951840
0.293572 -0.215510 1.925680
0.171019 -0.083620 2.050590
0.216563 -0.525735 2.108620
0.192749 -0.821012 2.120770
0.190079 -0.871826 2.063070
0.305851 -0.080694 2.058320
0.277903 -0.426023 2.087110
0.304590 -0.748024 2.109460
0.307506 -0.780513 2.025300
0.239719 -0.017849 2.070710
0.240263 0.025510 2.120030
0.252958 0.334961 2.143700
0.247554 0.528916 2.132430
0.097249 0.246079 2.128770
0.066419 0.023301 2.036470
0.141943 -0.157221 1.949570
0.203536 -0.213128 1.927440
0.390944 0.240481 2.134840
0.414154 0.016663 2.056900
0.342368 -0.149524 1.951820
0.293062 -0.215745 1.926130
0.171104 -0.083517 2.050620
0.216556 -0.525831 2.108810
0.192849 -0.821074 2.120810
0.189846 -0.871472 2.062770
0.305867 -0.080652 2.058310
0.277990 -0.425892 2.087330
0.304652 -0.747908 2.109670
0.307495 -0.780400 2.025710
0.239787 -0.017783 2.070710
0.240408 0.025737 2.120040
0.252831 0.334710 2.143300
0.247783 0.529324 2.132310
0.097340 0.246130 2.128700
0.066478 0.023326 2.036510
0.142124 -0.157520 1.949640
0.203747 -0.213368 1.927490
0.390979 0.240536 2.134530
0.414152 0.016571 2.056820
0.342269 -0.149725 1.951810
0.292169 -0.215862 1.926810
0.171201 -0.083402 2.050680
0.216533 -0.525926 2.109010
0.192941 -0.821142 2.120850
0.189743 -0.871104 2.062460
0.305885 -0.080605 2.058310
0.278052 -0.425759 2.087560
0.304692 -0.747793 2.109900
0.307438 -0.780292 2.026150
0.239849 -0.017713 2.070710
0.240554 0.026113 2.120100
0.252027 0.338782 2.144290
0.247982 0.529679 2.132210
0.097401 0.246189 2.128640
0.066525 0.023353 2.036560
0.142260 -0.157774 1.949710
0.203908 -0.213579 1.927550
0.391001 0.240613 2.134250
0.414131 0.016526 2.056780
0.342109 -0.149984 1.951820
0.291265 -0.216014 1.927420
0.171290 -0.083281 2.050770
0.216504 -0.526023 2.109210
0.193027 -0.821212 2.120900
0.189652 -0.870669 2.062110
0.305902 -0.080558 2.058310
0.278082 -0.425666 2.087800
0.304701 -0.747718 2.110160
0.307325 -0.780261 2.026620
0.239909 -0.017644 2.070730
0.240701 0.026553 2.120210
0.251308 0.341794 2.145120
0.248142 0.529986 2.132140
0.097443 0.246240 2.128590
0.066562 0.023387 2.036630
0.142371 -0.158009 1.949810
0.204041 -0.213780 1.927640
0.391008 0.240697 2.134000
0.414096 0.016515 2.056770
0.341963 -0.150212 1.951840
0.290745 -0.216244 1.927890
0.171379 -0.083160 2.050870
0.216453 -0.526153 2.109450
0.189921 -0.821282 2.120660
0.212111 -0.863078 2.070070
0.305920 -0.080514 2.058320
0.278104 -0.425594 2.088050
0.304704 -0.747667 2.110420
0.307207 -0.780272 2.027080
0.239972 -0.017563 2.070750
0.240868 0.027127 2.120370
0.250852 0.344023 2.145810
0.248277 0.530263 2.132090
0.097470 0.246284 2.128550
0.066592 0.023419 2.036710
0.142460 -0.158224 1.949910
0.204150 -0.213989 1.927760
0.391003 0.240777 2.133770
0.414050 0.016539 2.056790
0.341811 -0.150433 1.951870
0.290414 -0.216476 1.928220
0.171461 -0.083047 2.050980
0.216400 -0.526281 2.109690
0.188740 -0.821395 2.120640
0.261758 -0.854559 2.110940
0.305950 -0.080408 2.058340
0.278178 -0.425447 2.088250
0.304758 -0.747548 2.110610
0.307196 -0.780174 2.027360
0.240039 -0.017454 2.070790
0.241048 0.027869 2.120610
0.250564 0.345772 2.146430
0.248382 0.530502 2.132060
0.097485 0.246320 2.128510
0.066593 0.023497 2.036840
0.142521 -0.158413 1.950040
0.204222 -0.214200 1.927940
0.390986 0.240850 2.133580
0.413508 0.018882 2.058110
0.341620 -0.150690 1.951940
0.290044 -0.216710 1.928560
0.171536 -0.082933 2.051110
0.216343 -0.526398 2.109920
0.188067 -0.821503 2.120650
0.291479 -0.850464 2.135310
0.305985 -0.080206 2.058390
0.278293 -0.425239 2.088440
0.304850 -0.747379 2.110810
0.307239 -0.780008 2.027620
0.240097 -0.017317 2.070860
0.241174 0.028688 2.120910
0.250283 0.347077 2.146950
0.248457 0.530729 2.132060
0.097481 0.246350 2.128480
0.066572 0.023591 2.037010
0.142575 -0.158594 1.950180
0.204281 -0.214426 1.928150
0.390946 0.240933 2.133410
0.412730 0.022143 2.059930
0.341425 -0.150925 1.952020
0.289632 -0.216890 1.928900
0.171603 -0.082771 2.051280
0.216286 -0.526495 2.110140
0.187626 -0.821575 2.120660
0.302499 -0.848735 2.143830
0.306012 -0.079997 2.058450
0.278261 -0.424958 2.088770
0.304801 -0.747139 2.111140
0.307037 -0.779713 2.028110
0.240157 -0.017153 2.070960
0.241291 0.029533 2.121250
0.250105 0.348078 2.147400
0.248501 0.530941 2.132070
0.097460 0.246388 2.128460
0.066486 0.023771 2.037300
0.142612 -0.158762 1.950340
0.204314 -0.214656 1.928380
0.390896 0.241019 2.133290
0.411728 0.022398 2.060280
0.341122 -0.151283 1.952150
0.289067 -0.217136 1.929290
0.171665 -0.082581 2.051490
0.216230 -0.526572 2.110350
0.187335 -0.821621 2.120680
0.309669 -0.847718 2.149300
0.306037 -0.079773 2.058540
0.278165 -0.424676 2.089130
0.304690 -0.746901 2.111510
0.306745 -0.779426 2.028630
0.240204 -0.016988 2.071080
0.241358 0.030155 2.121560
0.248857 0.337661 2.146650
0.248517 0.531145 2.132090
0.097406 0.246435 2.128440
0.066386 0.023928 2.037610
0.142640 -0.158916 1.950490
0.204326 -0.214889 1.928620
0.390808 0.241115 2.133170
0.410956 0.022513 2.060570
0.340805 -0.151649 1.952300
0.288656 -0.217431 1.929620
0.171717 -0.082391 2.051710
0.216177 -0.526637 2.110550
0.187129 -0.821655 2.120700
0.311612 -0.847999 2.150680
0.306038 -0.079560 2.058680
0.278019 -0.424491 2.089490
0.304528 -0.746755 2.111880
0.306377 -0.779296 2.029150
0.240229 -0.016801 2.071250
0.241382 0.030762 2.121890
0.248551 0.336830 2.147090
0.248487 0.531331 2.132140
0.097315 0.246483 2.128430
0.066250 0.024093 2.037940
0.142673 -0.159091 1.950660
0.204333 -0.215207 1.928960
0.390703 0.241212 2.133090
0.410264 0.022456 2.060750
0.340464 -0.152015 1.952460
0.288187 -0.217708 1.929950
0.171738 -0.082172 2.051970
0.216125 -0.526694 2.110740
0.185802 -0.821128 2.120520
0.302310 -0.848119 2.146250
0.306013 -0.079348 2.058860
0.277831 -0.424350 2.089850
0.302548 -0.746410 2.114570
0.304368 -0.779156 2.031490
0.240225 -0.016579 2.071470
0.241342 0.031392 2.122280
0.248318 0.336923 2.147790
0.248375 0.531555 2.132220
0.097190 0.246549 2.128450
0.066076 0.024236 2.038280
0.142702 -0.159263 1.950840
0.204336 -0.215552 1.929350
0.390571 0.241357 2.133090
0.409596 0.021302 2.060810
0.340172 -0.152329 1.952640
0.287775 -0.217913 1.930250
0.171720 -0.081911 2.052290
0.216063 -0.526744 2.110950
0.185299 -0.820852 2.120500
0.296804 -0.848756 2.142880
0.305951 -0.079130 2.059110
0.277242 -0.424599 2.090420
0.300456 -0.747211 2.117460
0.302306 -0.780118 2.034070
0.240193 -0.016344 2.071740
0.241265 0.031903 2.122650
0.247544 0.333452 2.147680
0.248214 0.531781 2.132330
0.097032 0.246604 2.128480
0.065885 0.024372 2.038650
0.142393 -0.159093 1.951540
0.203833 -0.215604 1.930140
0.390380 0.241560 2.133170
0.409229 0.020860 2.061000
0.339729 -0.152781 1.952850
0.287170 -0.218209 1.930580
0.171682 -0.081641 2.052640
0.215998 -0.526790 2.111160
0.184983 -0.820606 2.120520
0.292817 -0.849403 2.140080
0.305851 -0.078912 2.059410
0.276729 -0.424895 2.090990
0.299619 -0.747589 2.119030
0.301163 -0.780933 2.036240
0.240127 -0.016103 2.072070
0.241167 0.032301 2.123010
0.247022 0.329880 2.147450
0.248038 0.531985 2.132440
0.096803 0.246654 2.128540
0.065676 0.024492 2.039040
0.142151 -0.159011 1.952180
0.203423 -0.215718 1.930880
0.390139 0.241806 2.133320
0.408939 0.020461 2.061190
0.339405 -0.153070 1.953110
0.286672 -0.218338 1.930900
0.171611 -0.081366 2.053050
0.215929 -0.526836 2.111370
0.184837 -0.820473 2.120560
0.290517 -0.850109 2.138150
0.305685 -0.078711 2.059830
0.275895 -0.425626 2.091750
0.298793 -0.748312 2.120610
0.299993 -0.782351 2.038470
0.240002 -0.015804 2.072540
0.241000 0.032761 2.123480
0.246804 0.330273 2.148020
0.247804 0.532176 2.132550
0.096441 0.246724 2.128690
0.065387 0.024635 2.039550
0.141918 -0.158952 1.952810
0.203011 -0.215868 1.931710
0.389805 0.242172 2.133650
0.408763 0.020178 2.061400
0.339089 -0.153314 1.953380
0.286111 -0.218432 1.931340
0.171473 -0.081042 2.053610
0.215849 -0.526906 2.111620
0.184111 -0.820319 2.120570
0.286612 -0.850513 2.135870
0.305446 -0.078483 2.060390
0.274228 -0.427977 2.093460
0.294028 -0.751610 2.123970
0.295626 -0.785544 2.041310
0.239831 -0.015503 2.073090
0.240795 0.033217 2.124010
0.246842 0.331961 2.148800
0.247518 0.532354 2.132660
0.096002 0.246789 2.128890
0.065014 0.024743 2.040160
0.141677 -0.158911 1.953430
0.202619 -0.216026 1.932650
0.389483 0.242510 2.134050
0.408640 0.019925 2.061610
0.338764 -0.153537 1.953670
0.285522 -0.218512 1.931850
0.171255 -0.080713 2.054300
0.215716 -0.527028 2.111990
0.183883 -0.820239 2.120600
0.284808 -0.850872 2.134560
0.305148 -0.078306 2.061050
0.272782 -0.430833 2.095100
0.287866 -0.757828 2.127080
0.289852 -0.791575 2.043910
0.239584 -0.015145 2.073780
0.240542 0.033739 2.124650
0.247003 0.334312 2.149670
0.247201 0.532513 2.132780
0.095367 0.246847 2.129250
0.064489 0.024823 2.040960
0.141410 -0.158882 1.954120
0.202202 -0.216209 1.933700
0.389177 0.242808 2.134430
0.408589 0.019786 2.061930
0.338424 -0.153727 1.954020
0.284990 -0.218563 1.932330
0.170928 -0.080410 2.055160
0.215581 -0.527137 2.112350
0.183279 -0.820085 2.120620
0.282690 -0.851025 2.133300
0.304761 -0.078027 2.061850
0.272412 -0.430942 2.095790
0.283536 -0.756522 2.127930
0.285547 -0.790246 2.044460
0.239325 -0.014825 2.074460
0.240289 0.034218 2.125270
0.247147 0.336799 2.150420
0.246865 0.532649 2.132900
0.094673 0.246913 2.129670
0.063939 0.024862 2.041820
0.141140 -0.158921 1.954850
0.201842 -0.216415 1.934670
0.388879 0.243030 2.134790
0.408574 0.019739 2.062330
0.338020 -0.153926 1.954420
0.284379 -0.218630 1.932880
0.170574 -0.080138 2.056020
0.215363 -0.527295 2.112840
0.182276 -0.819935 2.120620
0.280598 -0.851080 2.132240
0.304381 -0.077807 2.062630
0.272397 -0.434238 2.097640
0.281424 -0.761587 2.129690
0.283430 -0.795265 2.045940
0.238990 -0.014490 2.075210
0.240013 0.034598 2.125860
0.247177 0.335469 2.150410
0.246496 0.532762 2.133010
0.093968 0.246978 2.130150
0.063208 0.025030 2.042980
0.140869 -0.159055 1.955620
0.201538 -0.216657 1.935570
0.388575 0.243214 2.135140
0.408599 0.019769 2.062820
0.337558 -0.154137 1.954830
0.283674 -0.218738 1.933540
0.170136 -0.079824 2.056980
0.215121 -0.527472 2.113390
0.181972 -0.819897 2.120680
0.279695 -0.851207 2.131680
0.303893 -0.077598 2.063490
0.272422 -0.436760 2.099080
0.279644 -0.764864 2.130700
0.281617 -0.798532 2.046770
0.238592 -0.014069 2.076110
0.239631 0.035122 2.126650
0.245883 0.337573 2.151290
0.246075 0.532891 2.133150
0.093153 0.247147 2.130780
0.062401 0.025254 2.044310
0.140598 -0.159233 1.956400
0.201267 -0.216913 1.936440
0.388216 0.243460 2.135520
0.408666 0.019839 2.063400
0.337066 -0.154316 1.955340
0.283007 -0.218824 1.934230
0.169694 -0.079396 2.058070
0.214832 -0.527664 2.114030
0.181932 -0.819967 2.120860
0.279244 -0.851415 2.131250
0.303404 -0.077363 2.064410
0.272452 -0.438832 2.100260
0.278278 -0.767242 2.131330
0.280180 -0.800922 2.047290
0.238189 -0.013734 2.077010
0.239262 0.035584 2.127430
0.244927 0.339736 2.152180
0.245637 0.532988 2.133270
0.092402 0.247290 2.131390
0.061580 0.025424 2.045680
0.140341 -0.159485 1.957230
0.200946 -0.217335 1.937430
0.387853 0.243669 2.135860
0.408780 0.018324 2.064240
0.336454 -0.154512 1.955910
0.282180 -0.218979 1.935150
0.169246 -0.079054 2.059200
0.214506 -0.527885 2.114730
0.182278 -0.820179 2.121200
0.279385 -0.851801 2.131000
0.302926 -0.077198 2.065300
0.272461 -0.440592 2.101230
0.277278 -0.769064 2.131750
0.279104 -0.802757 2.047620
0.237796 -0.013463 2.077890
0.238912 0.035995 2.128190
0.244195 0.341656 2.152950
0.245105 0.533060 2.133400
0.091698 0.247405 2.131990
0.060677 0.025548 2.047200
0.140054 -0.159798 1.958170
0.200503 -0.217919 1.938560
0.387511 0.243846 2.136160
0.408837 0.017269 2.064930
0.335739 -0.154738 1.956500
0.281341 -0.219200 1.936010
0.168813 -0.078776 2.060320
0.213893 -0.528359 2.115750
0.182701 -0.820371 2.121530
0.279741 -0.852190 2.130860
0.302481 -0.077091 2.066170
0.272346 -0.442173 2.102090
0.276501 -0.770584 2.132010
0.278240 -0.804294 2.047830
0.237375 -0.013215 2.078820
0.238512 0.036414 2.129040
0.243367 0.343560 2.153720
0.244532 0.533154 2.133540
0.090996 0.247578 2.132660
0.059734 0.025707 2.048820
0.139803 -0.160229 1.959200
0.199913 -0.218775 1.939880
0.387143 0.244011 2.136430
0.408855 0.016800 2.065660
0.334985 -0.154963 1.957130
0.280735 -0.219623 1.936930
0.168390 -0.078513 2.061460
0.213310 -0.528790 2.116710
0.182550 -0.820279 2.121670
0.279555 -0.852289 2.130710
0.302050 -0.076998 2.067040
0.272227 -0.443478 2.102800
0.275906 -0.771743 2.132170
0.277546 -0.805473 2.047950
0.236928 -0.013020 2.079760
0.238105 0.036794 2.129890
0.242738 0.345172 2.154380
0.243859 0.533260 2.133710
0.090364 0.247716 2.133330
0.058723 0.025963 2.050610
0.139591 -0.160704 1.960190
0.199423 -0.219704 1.941160
0.386774 0.244144 2.136680
0.408834 0.016434 2.066280
0.334094 -0.155186 1.957860
0.280019 -0.220039 1.937920
0.167927 -0.078289 2.062640
0.212697 -0.529204 2.117670
0.181969 -0.819913 2.121760
0.279078 -0.852243 2.130590
0.301599 -0.076950 2.067910
0.272051 -0.444588 2.103440
0.275446 -0.772646 2.132270
0.276989 -0.806398 2.048030
0.236449 -0.012861 2.080720
0.237685 0.037150 2.130750
0.242270 0.346493 2.154910
0.243057 0.533399 2.133890
0.089810 0.247816 2.133950
0.057828 0.026210 2.052310
0.139382 -0.161188 1.961170
0.198876 -0.220688 1.942380
0.386386 0.244262 2.136930
0.408690 0.016273 2.066970
0.333192 -0.155407 1.958740
0.279255 -0.220412 1.939020
0.167419 -0.078067 2.063870
0.212120 -0.529561 2.118550
0.181101 -0.819541 2.121800
0.278396 -0.852105 2.130490
0.301107 -0.076937 2.068820
0.271795 -0.445546 2.104020
0.275852 -0.773482 2.132520
0.277200 -0.807204 2.048260
0.235966 -0.012696 2.081760
0.237270 0.037522 2.131670
0.241951 0.347580 2.155340
0.241984 0.533627 2.134140
0.089324 0.247896 2.134530
0.056934 0.026497 2.054060
0.139128 -0.161656 1.962250
0.198309 -0.221574 1.943590
0.385942 0.244393 2.137200
0.408465 0.016192 2.067620
0.332009 -0.155831 1.959940
0.278056 -0.220917 1.940510
0.166928 -0.077830 2.065180
0.211564 -0.529927 2.119440
0.181130 -0.819457 2.121970
0.278508 -0.852207 2.130520
0.300571 -0.076890 2.069920
0.271641 -0.446154 2.104470
0.275809 -0.773923 2.132630
0.277067 -0.807644 2.048360
0.235439 -0.012466 2.082980
0.236834 0.037964 2.132710
0.241741 0.348469 2.155680
0.240960 0.533932 2.134410
0.088910 0.247999 2.135070
0.056180 0.026742 2.055620
0.138846 -0.162168 1.963710
0.197040 -0.222208 1.945410
0.385511 0.244552 2.137490
0.407676 0.014644 2.068290
0.330460 -0.156676 1.961700
0.276664 -0.221649 1.942030
0.166346 -0.077460 2.066820
0.211032 -0.530252 2.120290
0.181674 -0.819488 2.122320
0.279189 -0.852479 2.130670
0.299983 -0.076795 2.071220
0.271445 -0.446619 2.104920
0.275732 -0.774243 2.132710
0.276940 -0.807964 2.048430
0.234888 -0.012217 2.084470
0.236397 0.038450 2.133930
0.241625 0.349199 2.155950
0.240013 0.534202 2.134620
0.088559 0.248094 2.135560
0.055487 0.026950 2.057190
0.138518 -0.162878 1.965590
0.195975 -0.222739 1.947010
0.385078 0.244739 2.137790
0.406628 0.013839 2.069080
0.328710 -0.157957 1.963860
0.275113 -0.222717 1.943730
0.165724 -0.077036 2.068860
0.210543 -0.530512 2.121090
0.181584 -0.819332 2.122470
0.279182 -0.852503 2.130690
0.299344 -0.076701 2.072890
0.271143 -0.447001 2.105430
0.276098 -0.774399 2.132790
0.277187 -0.808139 2.048520
0.234331 -0.011907 2.086280
0.235961 0.039010 2.135380
0.241551 0.349781 2.156160
0.239124 0.534418 2.134710
0.088205 0.248229 2.136060
0.054953 0.027029 2.058710
0.138223 -0.163704 1.968110
0.195126 -0.223283 1.948530
0.384526 0.245049 2.138120
0.405281 0.013689 2.070020
0.326739 -0.159481 1.966220
0.273401 -0.224130 1.945650
0.165144 -0.076519 2.071260
0.210133 -0.530678 2.121820
0.181201 -0.819173 2.122570
0.278926 -0.852448 2.130720
0.298684 -0.076551 2.075110
0.270785 -0.447348 2.106090
0.276901 -0.774488 2.133030
0.278554 -0.808188 2.048980
0.233717 -0.011634 2.088590
0.235469 0.039611 2.137140
0.241478 0.350274 2.156300
0.238304 0.534592 2.134640
0.087804 0.248434 2.136620
0.054540 0.026977 2.060260
0.138154 -0.164966 1.971580
0.183744 -0.223696 1.959230
0.383968 0.245358 2.138430
0.403472 0.013968 2.071310
0.324631 -0.161229 1.968750
0.271484 -0.226266 1.948460
0.164544 -0.075996 2.074340
0.209784 -0.530767 2.122510
0.180508 -0.818987 2.122630
0.278381 -0.852320 2.130740
0.297995 -0.076581 2.078150
0.270360 -0.448631 2.108040
0.279162 -0.775439 2.134260
0.282518 -0.810000 2.051370
0.233113 -0.011373 2.092060
0.235016 0.040342 2.139520
0.241465 0.350723 2.156340
0.237336 0.534759 2.134090
0.087374 0.248741 2.137190
0.054158 0.026777 2.062200
0.138344 -0.166978 1.976820
0.180179 -0.223429 1.965330
0.383451 0.245627 2.138700
0.401857 0.014398 2.072850
0.322311 -0.163670 1.972070
0.269465 -0.229059 1.951860
0.163835 -0.075329 2.079510
0.209523 -0.530777 2.123150
0.180534 -0.819061 2.122750
0.278507 -0.852371 2.130740
0.297387 -0.076972 2.083340
0.269939 -0.450801 2.111460
0.282146 -0.777137 2.136540
0.287131 -0.813039 2.055370
0.232294 -0.010314 2.098110
0.234312 0.041896 2.143520
0.241361 0.351212 2.156130
0.235996 0.534815 2.132260
0.086970 0.249095 2.137700
0.053895 0.026721 2.064930
0.126783 -0.160315 2.007440
0.171956 -0.222532 1.978690
0.382965 0.245885 2.138930
0.400113 0.015215 2.074690
0.320138 -0.166048 1.976470
0.267975 -0.232487 1.957130
0.163041 -0.074137 2.087980
0.209326 -0.530685 2.123810
0.181116 -0.819448 2.122970
0.279249 -0.852592 2.130740
0.296742 -0.075875 2.092640
0.269877 -0.446147 2.118600
0.287366 -0.771515 2.142280
0.294804 -0.802226 2.065250
0.231764 -0.009119 2.105490
0.233731 0.043800 2.148470
0.241222 0.351774 2.155390
0.234130 0.533832 2.127050
0.086606 0.249480 2.138050
0.054272 0.024693 2.068560
0.127578 -0.164384 2.019330
0.168198 -0.223605 1.987460
0.382511 0.246140 2.139110
0.398416 0.016204 2.076560
0.318246 -0.168895 1.983470
0.266942 -0.235906 1.963830
0.162645 -0.072817 2.098280
0.209122 -0.530185 2.124690
0.182286 -0.820097 2.123200
0.280616 -0.852989 2.130660
0.296590 -0.074855 2.103400
0.270285 -0.443523 2.125740
0.290017 -0.769224 2.143470
0.296876 -0.800394 2.066750
0.230972 -0.007311 2.113500
0.232967 0.046185 2.153140
0.240240 0.351792 2.151400
0.231825 0.531402 2.117300
0.086185 0.249902 2.138230
0.055124 0.021328 2.072590
0.128000 -0.166808 2.026640
0.165045 -0.224941 1.997130
0.382150 0.246369 2.139210
0.392728 0.009271 2.079650
0.316155 -0.173151 1.992760
0.265423 -0.241099 1.974240
0.161477 -0.071114 2.110110
0.208927 -0.529110 2.125800
0.183700 -0.820753 2.123310
0.282214 -0.853472 2.130440
0.296402 -0.073427 2.113980
0.270111 -0.438889 2.134260
0.291188 -0.766801 2.144260
0.297353 -0.797440 2.067150
0.230241 -0.005786 2.122740
0.232378 0.048409 2.156970
0.239192 0.349536 2.141390
0.230178 0.527854 2.105370
0.085703 0.250281 2.138130
0.056332 0.016710 2.076790
0.127968 -0.168733 2.032170
0.163085 -0.228516 2.007050
0.381844 0.246447 2.139040
0.388759 0.003368 2.082070
0.315224 -0.178989 2.004950
0.264837 -0.246751 1.985370
0.159910 -0.069896 2.126140
0.208808 -0.527635 2.127010
0.183934 -0.820990 2.123080
0.282559 -0.853569 2.130250
0.296403 -0.072722 2.127340
0.269291 -0.434816 2.143070
0.291666 -0.764706 2.145100
0.296781 -0.795453 2.067760
0.229549 -0.005998 2.133070
0.231950 0.049691 2.160220
0.238634 0.339781 2.123980
0.229621 0.519474 2.089490
0.085032 0.249673 2.136690
0.059771 -0.004709 2.085540
0.147748 -0.219473 2.043810
0.169027 -0.236022 2.002010
0.380887 0.244446 2.135970
0.385831 -0.003013 2.084590
0.317146 -0.188492 2.021030
0.267081 -0.256301 2.000980
0.158626 -0.070857 2.141960
0.208717 -0.526230 2.128090
0.183604 -0.821187 2.122280
0.281376 -0.854896 2.130760
0.296161 -0.073868 2.142170
0.267885 -0.429963 2.154860
0.291173 -0.761718 2.147420
0.294103 -0.793277 2.070690
0.229201 -0.008745 2.144660
0.231695 0.049717 2.163530
0.236960 0.322767 2.104390
0.228275 0.500730 2.067400
0.083429 0.245663 2.132630
0.062962 -0.022376 2.092040
0.156278 -0.248667 2.052080
0.175848 -0.272541 2.006330
0.379304 0.235935 2.126810
0.383229 -0.018129 2.089140
0.319752 -0.205243 2.036660
0.269979 -0.274428 2.018820
0.157917 -0.075221 2.159420
0.208652 -0.525003 2.129000
0.182759 -0.821184 2.120770
0.280611 -0.855095 2.130100
0.296756 -0.077903 2.158640
0.265688 -0.427738 2.166570
0.289453 -0.759806 2.151430
0.294500 -0.826684 2.105150
0.229607 -0.017565 2.159650
0.231622 0.044618 2.169400
0.233843 0.294414 2.085130
0.228971 0.475467 2.047430
0.079149 0.223726 2.120760
0.064157 -0.045963 2.096800
0.158542 -0.263119 2.057880
0.194810 -0.314323 2.030020
0.378898 0.209621 2.112400
0.382404 -0.029541 2.093160
0.329974 -0.224235 2.056660
0.297677 -0.278696 2.053340
0.158415 -0.085945 2.179510
0.208606 -0.524334 2.129620
0.181554 -0.820980 2.118530
0.279538 -0.855005 2.128840
0.298790 -0.088295 2.178880
0.262425 -0.429658 2.179690
0.276553 -0.761514 2.140960
0.272932 -0.827019 2.080230
0.231515 -0.036496 2.176910
0.232561 0.026210 2.178670
0.231619 0.258594 2.070190
0.230543 0.437797 2.029650
0.076413 0.189903 2.106890
0.065069 -0.081965 2.101320
0.135106 -0.285350 2.076940
0.188231 -0.346167 2.055620
0.378195 0.173477 2.100590
0.384528 -0.055628 2.101070
0.338678 -0.249318 2.069900
0.308381 -0.317641 2.068920
0.160851 -0.104521 2.199570
0.208627 -0.524145 2.129940
0.179647 -0.820491 2.115090
0.277812 -0.854596 2.126740
0.301757 -0.103915 2.197870
0.259113 -0.436415 2.191730
0.266582 -0.769284 2.133080
0.260856 -0.833944 2.065990
0.232699 -0.073814 2.200220
0.232885 -0.012828 2.193380
0.231464 0.212898 2.060860
0.234458 0.394968 2.016760
0.077975 0.144543 2.094040
0.063969 -0.109557 2.103980
0.123557 -0.302774 2.087240
0.184968 -0.365159 2.067550
0.377925 0.138651 2.091480
0.386527 -0.104804 2.112660
0.340209 -0.296562 2.085840
0.314865 -0.358143 2.078190
0.163172 -0.139099 2.227440
0.207736 -0.524993 2.129490
0.177356 -0.820211 2.110960
0.275760 -0.853789 2.123700
0.302606 -0.137642 2.224880
0.253668 -0.459478 2.206860
0.256690 -0.797322 2.121600
0.282445 -0.862713 2.091850
0.236333 -0.111186 2.217530
0.235990 -0.052546 2.204500
0.233296 0.174228 2.056700
0.237334 0.360646 2.010200
0.080856 0.105098 2.086490
0.062181 -0.139675 2.106820
0.113541 -0.326803 2.098560
0.180920 -0.384964 2.078100
0.382707 0.086845 2.090870
0.386575 -0.164847 2.124280
0.337493 -0.353968 2.093030
0.320017 -0.415115 2.083820
0.167132 -0.174923 2.247540
0.206011 -0.527225 2.128000
0.174987 -0.819519 2.106330
0.274387 -0.852792 2.121200
0.306935 -0.172450 2.246560
0.239821 -0.499492 2.213150
0.248100 -0.826007 2.110660
0.307191 -0.875103 2.109360
0.239414 -0.138515 2.229960
0.239019 -0.083009 2.212990
0.236238 0.137116 2.055890
0.240521 0.316212 2.006410
0.082563 0.070996 2.084490
0.061870 -0.183887 2.111930
0.111291 -0.367795 2.105540
0.150533 -0.429446 2.103210
0.381905 0.054836 2.089380
0.387044 -0.190130 2.129500
0.339898 -0.382057 2.104800
0.322917 -0.435732 2.092440
0.170019 -0.198061 2.260650
0.204423 -0.530004 2.125970
0.174156 -0.819321 2.102370
0.273831 -0.851886 2.118540
0.309955 -0.194979 2.260910
0.234019 -0.517742 2.215410
0.243169 -0.845523 2.103000
0.319545 -0.875221 2.116590
0.247149 -0.169602 2.244660
0.246397 -0.115846 2.223620
0.239465 0.104727 2.057990
0.241612 0.286705 2.005780
0.083851 0.049850 2.084700
0.060639 -0.205646 2.115230
0.100376 -0.395734 2.119150
0.135330 -0.451046 2.119110
0.376371 0.021750 2.087780
0.391106 -0.214159 2.136200
0.343161 -0.405163 2.113290
0.325325 -0.454163 2.100000
0.181210 -0.224667 2.281670
0.202905 -0.534733 2.122580
0.173237 -0.836420 2.097990
0.207619 -0.902408 2.061290
0.316488 -0.224966 2.274880
0.228435 -0.539834 2.217230
0.242154 -0.860188 2.096160
0.299194 -0.917667 2.058210
0.253084 -0.215176 2.264710
0.251439 -0.161867 2.239810
0.240346 0.070661 2.063600
0.242305 0.242787 2.009330
0.085811 0.003376 2.094170
0.054320 -0.235670 2.125760
0.096844 -0.423351 2.128920
0.127033 -0.471501 2.130140
0.372650 0.007405 2.084030
0.395500 -0.230441 2.141300
0.347311 -0.421193 2.119670
0.328064 -0.468633 2.106440
0.192172 -0.272221 2.301430
0.202943 -0.555285 2.109440
0.169646 -0.864080 2.092280
0.159636 -0.952943 2.029810
0.319264 -0.255413 2.293120
0.225023 -0.563017 2.216400
0.245295 -0.876963 2.086570
0.290688 -0.950936 2.017910
0.253227 -0.246962 2.279340
0.251886 -0.192469 2.251390
0.240633 0.042096 2.070670
0.242799 0.212996 2.014030
0.087486 -0.020804 2.099860
0.049437 -0.250537 2.131370
0.093659 -0.436955 2.133110
0.102545 -0.507364 2.160950
0.376394 -0.049961 2.101660
0.404751 -0.249751 2.148540
0.355250 -0.439498 2.126320
0.332511 -0.484917 2.113420
0.192009 -0.305810 2.316610
0.223449 -0.620168 2.096330
0.154863 -0.894570 2.087050
0.128463 -0.982110 2.011300
0.318664 -0.299329 2.318170
0.220078 -0.594552 2.208470
0.252340 -0.902115 2.072860
0.292504 -0.976405 1.996710
0.248780 -0.288396 2.300470
0.247523 -0.232229 2.269240
0.238560 0.017708 2.077930
0.242754 0.189513 2.020920
0.087342 -0.057041 2.112990
0.038017 -0.266504 2.137050
0.091804 -0.448522 2.134620
0.104175 -0.475354 2.147090
0.382333 -0.101280 2.124260
0.425269 -0.285936 2.162550
0.356526 -0.460860 2.129920
0.332868 -0.504795 2.118810
0.184597 -0.347499 2.334940
0.237174 -0.661501 2.089690
0.139923 -0.917126 2.085040
0.110250 -0.999094 2.003040
0.317366 -0.340395 2.344980
0.217108 -0.619757 2.197820
0.275098 -0.924329 2.056410
0.315139 -0.991559 1.985330
0.246037 -0.307909 2.309650
0.244240 -0.253539 2.278130
0.233335 -0.022611 2.098480
0.242585 0.158955 2.034560
0.086393 -0.077064 2.120570
0.022806 -0.287239 2.143760
0.091246 -0.462245 2.135710
0.106845 -0.515581 2.144690
0.390955 -0.142370 2.149970
0.438045 -0.314502 2.174680
0.353411 -0.478980 2.132430
0.339834 -0.540299 2.130650
0.180201 -0.367155 2.343830
0.241476 -0.682011 2.087510
0.128860 -0.933379 2.082950
0.098858 -1.010640 1.997710
0.314260 -0.369140 2.358560
0.268270 -0.614406 2.111070
0.293974 -0.926985 2.079140
0.314182 -0.993855 2.006970
0.243472 -0.322846 2.316500
0.241078 -0.270446 2.285300
0.229627 -0.044957 2.110550
0.242033 0.135608 2.047760
0.083815 -0.096618 2.130130
0.013579 -0.301381 2.149410
0.091407 -0.473400 2.136900
0.112211 -0.532851 2.140260
0.393308 -0.159643 2.159700
0.444061 -0.327970 2.181480
0.351726 -0.492755 2.141380
0.345884 -0.557730 2.138230
0.176583 -0.381907 2.351550
0.243884 -0.694011 2.086240
0.121194 -0.944115 2.081800
0.091315 -1.018920 1.995080
0.312769 -0.385086 2.365560
0.280615 -0.623470 2.085070
0.306957 -0.926944 2.097020
0.314576 -0.992985 2.026770
0.240528 -0.335994 2.323280
0.237648 -0.285447 2.292900
0.224818 -0.065436 2.124660
0.241184 0.111953 2.066140
0.079975 -0.120198 2.146940
0.006217 -0.316887 2.156280
0.093792 -0.486302 2.138130
0.120137 -0.548694 2.136830
0.390303 -0.179095 2.175870
0.452921 -0.345916 2.190480
0.338630 -0.501820 2.154430
0.344296 -0.566926 2.142930
0.173398 -0.393806 2.359080
0.244806 -0.701436 2.086560
0.115745 -0.951141 2.081250
0.086869 -1.024370 1.995490
0.311121 -0.397949 2.370810
0.288914 -0.627375 2.070240
0.316230 -0.928981 2.112430
0.315813 -0.994486 2.044630
0.237610 -0.347303 2.330850
0.234245 -0.298735 2.302210
0.219453 -0.083992 2.145160
0.239898 0.091001 2.087550
0.075712 -0.139139 2.163940
-0.000755 -0.335731 2.167910
0.097808 -0.499547 2.140840
0.128771 -0.561481 2.135650
0.388073 -0.190491 2.188170
0.452926 -0.362747 2.216840
0.334813 -0.510217 2.160600
0.353094 -0.573738 2.147710
0.170130 -0.405209 2.368780
0.243523 -0.704855 2.089690
0.111269 -0.956225 2.080720
0.084375 -1.027770 1.996800
0.309550 -0.408748 2.375560
0.296326 -0.636805 2.068620
0.323343 -0.937033 2.122660
0.318172 -1.002120 2.055880
0.233811 -0.360414 2.343390
0.230184 -0.313685 2.317000
0.214615 -0.101409 2.170070
0.237586 0.072131 2.113140
0.069502 -0.159136 2.186330
-0.006396 -0.355621 2.189450
0.100921 -0.518255 2.158460
0.135561 -0.577037 2.149580
0.385082 -0.197303 2.203350
0.452262 -0.371741 2.230400
0.335055 -0.526129 2.182180
0.337243 -0.591047 2.176800
0.165967 -0.418561 2.381120
0.241050 -0.705082 2.094450
0.107194 -0.959717 2.080770
0.083381 -1.029200 1.999950
0.307630 -0.421094 2.384770
0.298908 -0.635565 2.067630
0.327400 -0.935330 2.130570
0.319787 -0.999456 2.064860
0.230642 -0.374209 2.358620
0.226881 -0.328340 2.334020
0.210300 -0.115384 2.197440
0.234502 0.058208 2.141330
0.064717 -0.178052 2.211990
-0.007991 -0.372799 2.211840
0.104072 -0.529770 2.167040
0.140411 -0.585991 2.154500
0.380087 -0.204285 2.230500
0.446922 -0.386552 2.251230
0.329858 -0.545607 2.207750
0.323064 -0.601767 2.191910
0.162458 -0.432811 2.394750
0.238144 -0.703977 2.099950
0.104252 -0.962342 2.081230
0.084463 -1.029610 2.004280
0.306394 -0.433427 2.395520
0.297639 -0.632609 2.068560
0.329323 -0.930260 2.135490
0.321081 -0.993189 2.070160
0.227841 -0.388170 2.376350
0.224231 -0.343094 2.353940
0.207880 -0.130000 2.231590
0.230271 0.050158 2.181840
0.059279 -0.192492 2.244000
-0.013962 -0.392704 2.250480
0.106195 -0.538400 2.179030
0.144382 -0.591330 2.160650
0.375453 -0.207760 2.250490
0.441313 -0.398277 2.270430
0.327674 -0.553334 2.215480
0.314251 -0.608281 2.198780
0.158943 -0.447989 2.409780
0.235432 -0.702133 2.105130
0.104429 -0.965162 2.084110
0.092742 -1.030260 2.013380
0.305222 -0.446617 2.409860
0.293323 -0.627006 2.074210
0.328537 -0.923956 2.137630
0.320202 -0.985719 2.072110
0.225620 -0.398305 2.390550
0.222208 -0.353249 2.369480
0.206612 -0.137301 2.256800
0.226706 0.047131 2.225420
0.054967 -0.199838 2.275220
-0.011087 -0.409906 2.277620
0.108836 -0.557368 2.202320
0.147689 -0.607749 2.180810
0.368622 -0.211784 2.286670
0.432105 -0.406297 2.289630
0.328554 -0.561857 2.221780
0.309960 -0.613986 2.203980
0.156029 -0.459255 2.421180
0.233104 -0.699921 2.109830
0.105247 -0.967145 2.086580
0.099728 -1.030100 2.019390
0.304046 -0.457156 2.422270
0.288640 -0.621878 2.081850
0.325743 -0.918571 2.138090
0.318275 -0.979320 2.072060
0.222963 -0.407660 2.409300
0.219748 -0.362048 2.390330
0.204742 -0.138761 2.292570
0.223939 0.046356 2.259290
0.050025 -0.204055 2.308240
-0.007734 -0.421739 2.300950
0.108993 -0.565525 2.211320
0.148124 -0.614136 2.186560
0.362842 -0.214543 2.317120
0.424393 -0.414316 2.306910
0.329001 -0.567818 2.225140
0.306764 -0.618345 2.207310
0.152425 -0.471024 2.438470
0.242189 -0.716225 2.123340
0.101795 -0.966824 2.081390
0.099909 -1.027180 2.014760
0.302500 -0.466249 2.435080
0.284017 -0.617387 2.091530
0.321845 -0.914021 2.138580
0.315417 -0.973467 2.071640
0.220789 -0.414412 2.426010
0.217554 -0.367756 2.408660
0.201110 -0.135161 2.322690
0.221958 0.051717 2.302880
0.046090 -0.205165 2.338120
-0.005330 -0.428492 2.317500
0.108715 -0.570249 2.217010
0.147459 -0.617891 2.190060
0.357189 -0.216282 2.341750
0.413711 -0.423388 2.325510
0.333069 -0.577086 2.228000
0.305437 -0.624221 2.210340
0.150134 -0.478651 2.450630
0.244860 -0.721463 2.128080
0.096081 -0.963337 2.073690
0.096236 -1.020080 2.005530
0.301044 -0.473755 2.448430
0.246237 -0.627680 2.123280
0.321215 -0.912889 2.138760
0.315246 -0.971462 2.070800
0.218886 -0.418306 2.436040
0.215551 -0.371043 2.420440
0.200331 -0.130734 2.353260
0.222329 0.057364 2.343950
0.043631 -0.204421 2.362110
-0.002823 -0.432539 2.332120
0.107759 -0.572794 2.221690
0.145128 -0.619099 2.192360
0.350372 -0.214456 2.384030
0.405987 -0.428290 2.340420
0.336749 -0.582333 2.230470
0.311917 -0.631431 2.206620
0.148120 -0.483344 2.457490
0.247477 -0.725763 2.132010
0.090827 -0.959486 2.067730
0.093265 -1.012340 1.997280
0.299282 -0.478556 2.457130
0.226956 -0.633678 2.139110
0.320192 -0.912589 2.138440
0.315357 -0.969925 2.069240
0.215123 -0.421801 2.446420
0.211754 -0.373567 2.433600
0.199030 -0.123514 2.385700
0.222473 0.061104 2.370720
0.040847 -0.199224 2.393320
-0.000165 -0.434080 2.343830
0.105810 -0.574044 2.227610
0.141587 -0.619844 2.196310
0.346879 -0.214289 2.402580
0.396496 -0.431016 2.354110
0.317006 -0.574178 2.234180
0.283749 -0.618333 2.200740
0.144862 -0.487269 2.462560
0.222213 -0.725495 2.138480
0.095968 -0.969030 2.064120
0.098395 -1.017630 1.991980
0.294563 -0.484087 2.468060
0.218058 -0.636305 2.146490
0.318971 -0.912757 2.137530
0.314688 -0.968475 2.066600
0.210573 -0.422988 2.456340
0.206719 -0.373154 2.447280
0.194948 -0.112412 2.418490
0.222912 0.067681 2.399850
0.038972 -0.196210 2.409800
0.001276 -0.432259 2.355360
0.101570 -0.571230 2.235260
0.135223 -0.616620 2.201770
0.344636 -0.213757 2.432310
0.385352 -0.429031 2.369910
0.311141 -0.568752 2.236860
0.278963 -0.615104 2.199320
0.141199 -0.489706 2.466330
0.210567 -0.725060 2.141140
0.100902 -0.976225 2.061980
0.105309 -1.022040 1.987860
0.290084 -0.487167 2.476900
0.212430 -0.637721 2.151210
0.316971 -0.913382 2.136040
0.314278 -0.967009 2.063390
0.207335 -0.421805 2.466370
0.203485 -0.370216 2.460700
0.192660 -0.104400 2.440930
0.221617 0.077490 2.426960
0.037336 -0.192854 2.422410
0.002722 -0.430622 2.363000
0.098484 -0.568522 2.239720
0.130249 -0.613383 2.204470
0.343253 -0.211965 2.451590
0.375213 -0.422287 2.386480
0.308536 -0.562192 2.243710
0.277225 -0.611599 2.200460
0.138622 -0.490998 2.469040
0.204079 -0.724503 2.142550
0.103424 -0.980396 2.061310
0.109019 -1.024200 1.985850
0.286784 -0.487496 2.486780
0.208357 -0.638723 2.154500
0.314323 -0.914011 2.133390
0.313468 -0.965201 2.058720
0.205219 -0.418114 2.475490
0.201526 -0.364847 2.472650
0.189748 -0.093196 2.466430
0.218929 0.085658 2.447700
0.035074 -0.188858 2.435960
0.003933 -0.429254 2.367860
0.097631 -0.566050 2.243270
0.128634 -0.610845 2.206960
0.343283 -0.204798 2.474700
0.369403 -0.414178 2.400120
0.309240 -0.552195 2.252580
0.279179 -0.604893 2.204020
0.136516 -0.491204 2.470960
0.199954 -0.723724 2.143370
0.105247 -0.983115 2.061200
0.111873 -1.025300 1.984630
0.284992 -0.485312 2.495170
0.205870 -0.639423 2.156100
0.311113 -0.914639 2.130240
0.312344 -0.963122 2.053640
0.204463 -0.412412 2.483570
0.201122 -0.357643 2.483070
0.189216 -0.082210 2.485730
0.217229 0.089890 2.460170
0.032422 -0.183494 2.449390
0.006115 -0.423243 2.372890
0.095698 -0.560988 2.247280
0.127220 -0.603934 2.211710
0.343484 -0.196493 2.492240
0.365888 -0.402611 2.413550
0.311832 -0.539135 2.265100
0.289528 -0.586547 2.219180
0.134777 -0.489919 2.472390
0.197277 -0.722683 2.143740
0.106687 -0.984792 2.061160
0.114169 -1.025750 1.983730
0.284697 -0.480780 2.502360
0.204895 -0.638167 2.157080
0.307073 -0.914158 2.126700
0.310187 -0.959748 2.048140
0.204832 -0.405277 2.490370
0.201679 -0.349860 2.491700
0.189255 -0.073964 2.499450
0.211293 0.113367 2.488750
0.030593 -0.178075 2.461280
0.010137 -0.411819 2.379000
0.093746 -0.551480 2.251740
0.125478 -0.598698 2.214840
0.344060 -0.188684 2.508860
0.363755 -0.394231 2.422350
0.313188 -0.530431 2.274340
0.294567 -0.576201 2.229420
0.133681 -0.484969 2.473670
0.195708 -0.721399 2.143680
0.108159 -0.985595 2.060850
0.117016 -1.025210 1.982500
0.285367 -0.475493 2.507730
0.204552 -0.636247 2.157770
0.302043 -0.912650 2.122820
0.307333 -0.955550 2.042770
0.207360 -0.393694 2.497860
0.203727 -0.339664 2.500980
0.189985 -0.068077 2.511540
0.206791 0.121612 2.501490
0.029583 -0.174608 2.470400
0.012846 -0.406901 2.381890
0.093649 -0.545882 2.253160
0.124783 -0.593437 2.216780
0.342588 -0.154140 2.541590
0.362044 -0.387837 2.428730
0.314759 -0.524494 2.281370
0.298849 -0.569682 2.237100
0.134903 -0.474309 2.476290
0.195054 -0.719845 2.143340
0.178271 -0.984639 2.056670
0.193137 -1.021220 1.976050
0.288538 -0.463969 2.512850
0.211089 -0.631579 2.163100
0.301308 -0.912042 2.120230
0.310032 -0.952391 2.038240
0.209418 -0.384470 2.502370
0.205184 -0.331923 2.507700
0.190405 -0.063857 2.521990
0.202601 0.126431 2.511400
0.028734 -0.171962 2.480700
0.016635 -0.377630 2.403710
0.083073 -0.517254 2.269520
0.114828 -0.563745 2.236010
0.339927 -0.114634 2.570020
0.360543 -0.368887 2.439870
0.320244 -0.510854 2.296890
0.356730 -0.533109 2.281500
0.136098 -0.466653 2.477680
0.195048 -0.718305 2.142850
0.208493 -0.983878 2.055010
0.227543 -1.018730 1.973220
0.292268 -0.448755 2.514890
0.216795 -0.627120 2.167330
0.301485 -0.910907 2.117360
0.313429 -0.948791 2.033840
0.210865 -0.378378 2.505100
0.206145 -0.326872 2.512690
0.190055 -0.061624 2.530090
0.197415 0.128031 2.519470
0.028059 -0.171084 2.490820
0.018376 -0.364885 2.413470
0.079242 -0.505700 2.277580
0.113367 -0.547611 2.246310
0.338727 -0.106653 2.579130
0.359757 -0.364603 2.443830
0.321283 -0.507184 2.301220
0.370031 -0.527754 2.285290
0.137810 -0.459528 2.478260
0.195649 -0.716693 2.142280
0.224028 -0.983096 2.054190
0.243398 -1.017140 1.971730
0.294371 -0.440623 2.515850
0.236442 -0.600745 2.184460
0.301537 -0.907919 2.115120
0.315202 -0.943607 2.030810
0.211797 -0.374505 2.506740
0.206686 -0.323743 2.516220
0.189245 -0.060750 2.536520
0.191434 0.126607 2.526180
0.027644 -0.171789 2.500520
0.019296 -0.358210 2.419080
0.077280 -0.499515 2.282840
0.112599 -0.540320 2.251040
0.336677 -0.098955 2.586230
0.359482 -0.360273 2.447650
0.320967 -0.501441 2.305070
0.332248 -0.529075 2.273280
0.139062 -0.455041 2.478440
0.196389 -0.715328 2.141770
0.233866 -0.982735 2.053820
0.253535 -1.016290 1.970860
0.295676 -0.435167 2.516140
0.238532 -0.600164 2.179930
0.303735 -0.905133 2.112670
0.318593 -0.939391 2.027950
0.212435 -0.371887 2.507770
0.207046 -0.321679 2.518910
0.188388 -0.060792 2.541620
0.183742 0.121964 2.532200
0.027317 -0.173357 2.509570
0.019956 -0.354049 2.422880
0.076308 -0.495625 2.287110
0.112516 -0.534673 2.254600
0.333582 -0.101539 2.586050
0.360566 -0.359713 2.450940
0.321106 -0.499413 2.307830
0.344215 -0.525757 2.276600
0.139943 -0.452052 2.478400
0.197431 -0.713953 2.141340
0.240799 -0.982506 2.053660
0.260592 -1.015610 1.970430
0.296505 -0.431650 2.516230
0.244589 -0.591067 2.184740
0.305200 -0.901467 2.110900
0.320286 -0.934886 2.026030
0.212882 -0.370051 2.508400
0.207259 -0.320393 2.521320
0.187195 -0.061847 2.546720
0.175726 0.116643 2.537620
0.027049 -0.175151 2.516860
0.019368 -0.352309 2.427990
0.076303 -0.493389 2.293120
0.112833 -0.529933 2.257870
0.330802 -0.109110 2.582110
0.362021 -0.360036 2.454000
0.321242 -0.498893 2.310730
0.346060 -0.527435 2.275640
0.140585 -0.449989 2.478230
0.220692 -0.712581 2.145640
0.160613 -0.953396 2.046000
0.174327 -0.986398 1.962330
0.297034 -0.429239 2.516210
0.247911 -0.585994 2.187490
0.307155 -0.897939 2.109580
0.321858 -0.931004 2.024680
0.213194 -0.368794 2.508750
0.207301 -0.319895 2.523750
0.185966 -0.063435 2.550880
0.168363 0.112290 2.542550
0.026641 -0.177415 2.522910
0.026839 -0.381736 2.429730
0.085045 -0.510684 2.288010
0.121542 -0.538266 2.247880
0.328523 -0.110708 2.581170
0.363051 -0.360083 2.456600
0.321595 -0.498816 2.313460
0.348961 -0.528939 2.276000
0.141080 -0.448600 2.478070
0.223955 -0.711051 2.146290
0.134210 -0.949351 2.044770
0.142778 -0.982371 1.960920
0.297333 -0.427560 2.515990
0.249962 -0.582873 2.189190
0.309260 -0.894808 2.108660
0.323263 -0.927826 2.023790
0.213430 -0.368057 2.508880
0.207283 -0.320260 2.526420
0.184812 -0.064928 2.554300
0.163633 0.109776 2.545700
0.026053 -0.179578 2.527980
0.030966 -0.404221 2.430480
0.092705 -0.524306 2.283060
0.131606 -0.547768 2.240820
0.326623 -0.111696 2.579920
0.363661 -0.360067 2.458650
0.321849 -0.498725 2.315530
0.355223 -0.533443 2.281180
0.141599 -0.447842 2.477920
0.222166 -0.706595 2.146350
0.122747 -0.947808 2.045100
0.129276 -0.981018 1.961300
0.297474 -0.426515 2.515580
0.251372 -0.580774 2.190330
0.311229 -0.892215 2.107910
0.324299 -0.925371 2.023100
0.213546 -0.367746 2.508830
0.207079 -0.321185 2.529110
0.183930 -0.066218 2.557000
0.160571 0.108360 2.547990
0.025615 -0.181093 2.531450
0.032840 -0.415671 2.430900
0.097416 -0.532673 2.280450
0.138216 -0.555486 2.237510
0.325365 -0.112298 2.579230
0.364053 -0.360054 2.460240
0.322066 -0.498722 2.317150
0.355442 -0.541206 2.286370
0.142031 -0.447545 2.477730
0.228949 -0.702614 2.148110
0.107254 -0.941537 2.046600
0.112298 -0.974698 1.962800
0.297415 -0.425998 2.514990
0.252296 -0.579309 2.191160
0.313090 -0.890104 2.107330
0.325234 -0.923441 2.022610
0.213508 -0.367732 2.508650
0.206705 -0.322375 2.531660
0.183166 -0.067435 2.559310
0.158360 0.107489 2.549850
0.025197 -0.182239 2.534130
0.033911 -0.422833 2.431200
0.100611 -0.538069 2.278860
0.142624 -0.561565 2.235800
0.324444 -0.112638 2.578740
0.364289 -0.359993 2.461430
0.322156 -0.498785 2.318480
0.352098 -0.545787 2.287340
0.142287 -0.447568 2.477490
0.232678 -0.701114 2.149370
0.097389 -0.937689 2.046780
0.101593 -0.970870 1.962950
0.297117 -0.425850 2.514220
0.252712 -0.578489 2.191710
0.314638 -0.888533 2.106930
0.325925 -0.922039 2.022270
0.213278 -0.368051 2.508360
0.206182 -0.323762 2.534040
0.182460 -0.068374 2.561320
0.156800 0.106965 2.551210
0.024853 -0.183020 2.536010
0.034492 -0.426794 2.431660
0.102257 -0.541887 2.279100
0.144604 -0.566528 2.236670
0.323605 -0.112894 2.578050
0.364414 -0.359995 2.462370
0.322133 -0.498877 2.319500
0.340673 -0.547790 2.283560
0.142396 -0.447889 2.477200
0.230761 -0.699964 2.149620
0.092813 -0.937743 2.046900
0.096451 -0.970983 1.963050
0.296438 -0.426138 2.513210
0.253040 -0.578453 2.192120
0.315988 -0.887803 2.106520
0.326429 -0.921255 2.021970
0.212888 -0.368615 2.507960
0.205608 -0.325157 2.536120
0.181816 -0.069103 2.563010
0.155609 0.106909 2.552470
0.024518 -0.183560 2.537430
0.034817 -0.430393 2.430620
0.104350 -0.546145 2.278230
0.146813 -0.572136 2.235950
0.322821 -0.113084 2.577260
0.364454 -0.360044 2.463110
0.322028 -0.498957 2.320260
0.330846 -0.548100 2.280130
0.142377 -0.448408 2.476830
0.231345 -0.699604 2.150020
0.088693 -0.936667 2.046780
0.091895 -0.969907 1.962920
0.295415 -0.426786 2.511930
0.253291 -0.579564 2.192360
0.317595 -0.887884 2.106170
0.327065 -0.921105 2.021730
0.212412 -0.369121 2.507540
0.204985 -0.326295 2.537850
0.181193 -0.069648 2.564440
0.154783 0.107046 2.553430
0.024259 -0.183952 2.538440
0.034992 -0.433046 2.428310
0.106262 -0.549977 2.277200
0.148237 -0.575583 2.235240
0.322271 -0.113173 2.576820
0.364426 -0.360067 2.463710
0.321957 -0.499009 2.320840
0.324733 -0.547716 2.277910
0.142231 -0.448856 2.476370
0.231950 -0.699747 2.150370
0.085560 -0.935748 2.046590
0.088483 -0.969002 1.962740
0.294345 -0.427358 2.510650
0.252828 -0.581650 2.192110
0.318848 -0.887834 2.105950
0.327558 -0.920910 2.021590
0.211920 -0.369603 2.507090
0.204416 -0.327227 2.539230
0.180706 -0.070020 2.565510
0.154250 0.107369 2.554170
0.024049 -0.184235 2.539170
0.034862 -0.434499 2.425690
0.107589 -0.552559 2.276460
0.149161 -0.578121 2.234620
0.321863 -0.113178 2.576540
0.364292 -0.360043 2.464270
0.321922 -0.499027 2.321300
0.321919 -0.547468 2.276800
0.142028 -0.449287 2.475840
0.232662 -0.699867 2.150560
0.083279 -0.934989 2.046520
0.086016 -0.968240 1.962670
0.293284 -0.427870 2.509280
0.252522 -0.582709 2.191860
0.319891 -0.887821 2.105830
0.327991 -0.920794 2.021510
