0.235082 -0.033582 2.107470
0.235706 0.022524 2.156100
0.240869 0.345627 2.162280
0.231243 0.526906 2.142240
0.077909 0.244794 2.160380
0.037486 -0.013860 2.115480
0.034852 -0.201266 2.035170
0.037286 -0.272064 2.009210
0.382869 0.240433 2.163120
0.414222 0.015961 2.130780
0.414477 -0.197962 2.042730
0.409451 -0.279260 2.019790
0.166031 -0.100885 2.090700
0.196991 -0.528388 2.120160
0.181116 -0.815274 2.123930
0.212648 -0.879713 2.101720
0.301344 -0.101535 2.100130
0.276292 -0.534308 2.131440
0.274906 -0.811237 2.147750
0.326185 -0.864188 2.131100
0.234773 -0.033685 2.107250
0.235292 0.022413 2.155880
0.240415 0.345638 2.162100
0.230941 0.526913 2.142190
0.077542 0.244574 2.159600
0.037286 -0.013773 2.114920
0.034830 -0.201224 2.034830
0.037577 -0.272195 2.009330
0.382385 0.240375 2.163030
0.413725 0.015757 2.130760
0.414229 -0.198298 2.042580
0.409267 -0.279640 2.019600
0.165748 -0.100965 2.090320
0.196636 -0.528492 2.119980
0.180113 -0.814928 2.123550
0.212921 -0.879221 2.102030
0.301081 -0.101612 2.100010
0.276066 -0.534368 2.131360
0.275430 -0.812382 2.147290
0.326861 -0.864790 2.130860
0.234451 -0.033800 2.107010
0.234881 0.022292 2.155640
0.240004 0.345640 2.161920
0.230676 0.526903 2.142120
0.077211 0.244402 2.158880
0.037048 -0.013645 2.114380
0.034805 -0.201168 2.034570
0.037912 -0.272310 2.009520
0.381770 0.240296 2.162870
0.413312 0.015601 2.130760
0.414040 -0.198538 2.042470
0.409098 -0.279956 2.019440
0.165473 -0.101041 2.089930
0.196197 -0.528565 2.119730
0.179904 -0.814781 2.123410
0.212538 -0.879216 2.101930
0.300794 -0.101691 2.099870
0.275825 -0.534403 2.131270
0.275810 -0.813504 2.146870
0.327575 -0.865319 2.130620
0.234141 -0.033903 2.106770
0.234488 0.022185 2.155400
0.239624 0.345654 2.161750
0.230424 0.526886 2.142050
0.076881 0.244256 2.158210
0.036785 -0.013558 2.113820
0.034788 -0.201135 2.034360
0.038190 -0.272397 2.009700
0.381202 0.240231 2.162720
0.412932 0.015444 2.130780
0.413898 -0.198712 2.042390
0.408952 -0.280195 2.019300
0.165206 -0.101109 2.089550
0.195731 -0.528633 2.119470
0.179901 -0.814648 2.123330
0.212044 -0.879322 2.101770
0.300515 -0.101763 2.099730
0.275608 -0.534431 2.131200
0.275937 -0.814616 2.146420
0.328213 -0.865694 2.130480
0.233834 -0.033998 2.106520
0.234091 0.022092 2.155160
0.239153 0.345695 2.161530
0.230169 0.526878 2.141950
0.076596 0.244158 2.157550
0.036431 -0.013500 2.113200
0.034748 -0.201119 2.034170
0.038384 -0.272462 2.009820
0.380579 0.240215 2.162520
0.412595 0.015292 2.130800
0.413782 -0.198848 2.042320
0.408810 -0.280413 2.019150
0.164964 -0.101162 2.089190
0.195244 -0.528652 2.119200
0.180115 -0.814538 2.123320
0.211392 -0.879539 2.101560
0.300235 -0.101821 2.099600
0.275351 -0.534437 2.131110
0.275996 -0.815347 2.146160
0.328640 -0.865951 2.130370
0.233513 -0.034092 2.106270
0.233668 0.021995 2.154890
0.238498 0.345682 2.161220
0.229898 0.526866 2.141840
0.076304 0.244109 2.156940
0.036057 -0.013447 2.112600
0.034704 -0.201107 2.034010
0.038506 -0.272506 2.009900
0.379820 0.240231 2.162250
0.412301 0.015157 2.130820
0.413688 -0.198950 2.042280
0.408673 -0.280594 2.019020
0.164733 -0.101209 2.088840
0.194753 -0.528632 2.118930
0.180015 -0.814407 2.123240
0.211274 -0.879506 2.101630
0.299947 -0.101873 2.099460
0.275047 -0.534414 2.130990
0.275885 -0.816033 2.145850
0.328994 -0.866108 2.130320
0.233216 -0.034172 2.106020
0.233287 0.021915 2.154640
0.237839 0.345680 2.160880
0.229603 0.526870 2.141700
0.076007 0.244073 2.156330
0.035696 -0.013413 2.112010
0.034553 -0.201101 2.033800
0.038588 -0.272535 2.009960
0.378914 0.240385 2.161840
0.412043 0.015045 2.130850
0.413599 -0.199036 2.042240
0.408528 -0.280765 2.018880
0.164528 -0.101246 2.088510
0.194275 -0.528571 2.118640
0.179831 -0.814253 2.123140
0.211388 -0.879304 2.101920
0.299683 -0.101910 2.099320
0.274727 -0.534373 2.130870
0.276983 -0.817187 2.145600
0.330298 -0.867480 2.129910
0.232902 -0.034250 2.105750
0.232911 0.021843 2.154370
0.237195 0.345692 2.160540
0.229295 0.526882 2.141570
0.075691 0.244052 2.155760
0.035336 -0.013393 2.111420
0.034352 -0.201109 2.033590
0.038745 -0.274284 2.009590
0.377825 0.240498 2.161220
0.411824 0.014950 2.130870
0.413515 -0.199106 2.042200
0.408368 -0.280919 2.018730
0.164314 -0.101272 2.088180
0.193815 -0.528480 2.118360
0.179520 -0.814046 2.123020
0.211529 -0.879009 2.102260
0.299399 -0.101946 2.099180
0.274360 -0.534311 2.130730
0.276901 -0.817909 2.145250
0.330778 -0.867720 2.129900
0.232593 -0.034326 2.105490
0.232542 0.021777 2.154100
0.236593 0.345721 2.160220
0.229002 0.526902 2.141420
0.075403 0.244047 2.155200
0.034974 -0.013365 2.110850
0.034149 -0.201119 2.033400
0.038815 -0.274515 2.009590
0.376886 0.240599 2.160680
0.411630 0.014874 2.130890
0.413416 -0.199161 2.042150
0.408139 -0.281056 2.018500
0.164105 -0.101296 2.087850
0.193380 -0.528371 2.118080
0.179128 -0.813807 2.122870
0.211730 -0.878633 2.102730
0.299118 -0.101977 2.099030
0.273662 -0.534284 2.130510
0.277855 -0.818719 2.144960
0.331858 -0.868806 2.129690
0.232284 -0.034396 2.105210
0.232178 0.021715 2.153830
0.236026 0.345756 2.159920
0.228634 0.526897 2.141200
0.075100 0.244039 2.154650
0.034636 -0.013352 2.110300
0.033942 -0.201145 2.033220
0.038866 -0.274650 2.009620
0.376058 0.240702 2.160180
0.411437 0.014804 2.130900
0.413289 -0.199209 2.042080
0.407882 -0.281183 2.018240
0.163897 -0.101315 2.087520
0.192980 -0.528247 2.117810
0.178624 -0.813516 2.122700
0.211995 -0.878130 2.103280
0.298834 -0.102007 2.098880
0.273008 -0.534265 2.130300
0.277833 -0.819320 2.144600
0.332355 -0.869023 2.129710
0.232002 -0.034460 2.104950
0.231843 0.021660 2.153580
0.235529 0.345796 2.159650
0.228285 0.526890 2.140940
0.074825 0.244054 2.154130
0.034311 -0.013341 2.109770
0.033778 -0.201166 2.033030
0.038901 -0.274716 2.009660
0.375377 0.240814 2.159760
0.411258 0.014750 2.130910
0.413137 -0.199269 2.041970
0.407563 -0.281328 2.017890
0.163708 -0.101335 2.087200
0.192612 -0.528128 2.117550
0.178070 -0.813177 2.122520
0.212241 -0.877574 2.103860
0.298572 -0.102032 2.098720
0.272327 -0.534282 2.130110
0.277355 -0.819864 2.144140
0.332697 -0.869003 2.129790
0.231730 -0.034517 2.104680
0.231517 0.021614 2.153310
0.235041 0.345845 2.159380
0.227945 0.526873 2.140670
0.074569 0.244090 2.153640
0.033990 -0.013282 2.109250
0.033638 -0.201160 2.032840
0.038922 -0.274726 2.009690
0.374808 0.240914 2.159400
0.411085 0.014705 2.130900
0.412970 -0.199343 2.041810
0.407225 -0.281488 2.017480
0.163527 -0.101349 2.086890
0.192225 -0.527972 2.117260
0.177893 -0.813004 2.122440
0.212308 -0.877392 2.104150
0.298317 -0.102050 2.098560
0.271707 -0.534260 2.129900
0.276847 -0.820295 2.143730
0.332909 -0.869004 2.129880
0.231458 -0.034585 2.104370
0.231198 0.021559 2.153020
0.234601 0.345898 2.159130
0.227624 0.526857 2.140390
0.074330 0.244132 2.153150
0.033661 -0.013233 2.108660
0.033474 -0.201172 2.032620
0.038910 -0.274654 2.009710
0.374303 0.241034 2.159050
0.410904 0.014684 2.130870
0.412777 -0.199432 2.041610
0.406853 -0.281647 2.016900
0.163349 -0.101378 2.086520
0.191857 -0.527831 2.116990
0.178002 -0.812914 2.122460
0.212165 -0.877491 2.104210
0.298060 -0.102069 2.098350
0.271159 -0.534239 2.129710
0.277300 -0.820663 2.143550
0.333332 -0.869605 2.129780
0.231175 -0.034676 2.104000
0.230866 0.021489 2.152680
0.234038 0.345994 2.158820
0.227322 0.526834 2.140110
0.074119 0.244186 2.152670
0.033362 -0.013185 2.108090
0.033313 -0.201188 2.032420
0.038870 -0.274506 2.009710
0.373840 0.241147 2.158680
0.410745 0.014673 2.130840
0.412581 -0.199541 2.041360
0.406474 -0.281818 2.016240
0.163179 -0.101423 2.086100
0.191501 -0.527694 2.116730
0.177951 -0.812818 2.122440
0.213084 -0.877081 2.105260
0.297791 -0.102099 2.098090
0.270686 -0.534225 2.129550
0.278681 -0.821073 2.143470
0.333810 -0.870886 2.129380
0.230865 -0.034828 2.103520
0.230503 0.021368 2.152250
0.233517 0.346081 2.158520
0.227041 0.526797 2.139810
0.073925 0.244203 2.152110
0.033090 -0.013186 2.107440
0.033113 -0.201252 2.032140
0.038811 -0.274330 2.009670
0.373452 0.241223 2.158320
0.410605 0.014669 2.130800
0.412382 -0.199675 2.041050
0.406084 -0.282005 2.015520
0.162990 -0.101528 2.085570
0.191176 -0.527577 2.116490
0.177888 -0.812708 2.122440
0.214894 -0.876063 2.107640
0.297492 -0.102174 2.097720
0.270281 -0.534214 2.129410
0.279084 -0.821310 2.143370
0.334096 -0.871350 2.129270
0.230574 -0.035040 2.102960
0.230167 0.021201 2.151770
0.233058 0.346160 2.158250
0.226774 0.526757 2.139520
0.073758 0.244197 2.151520
0.032827 -0.013251 2.106670
0.032904 -0.201380 2.031800
0.038723 -0.274090 2.009570
0.373050 0.241187 2.157860
0.410490 0.014673 2.130770
0.412011 -0.199995 2.040400
0.405635 -0.282336 2.014600
0.162824 -0.101690 2.084950
0.190877 -0.527467 2.116280
0.177802 -0.812611 2.122440
0.215970 -0.875431 2.109260
0.297208 -0.102286 2.097250
0.269894 -0.534117 2.129230
0.279261 -0.821445 2.143290
0.334235 -0.871586 2.129220
0.230301 -0.035258 2.102360
0.229849 0.021026 2.151260
0.232650 0.346233 2.158000
0.226511 0.526711 2.139200
0.073606 0.244207 2.150960
0.032553 -0.013485 2.105650
0.032635 -0.201682 2.031310
0.038617 -0.273819 2.009440
0.372699 0.241142 2.157400
0.410370 0.014690 2.130700
0.411458 -0.200607 2.039260
0.405187 -0.282670 2.013580
0.162670 -0.101862 2.084270
0.190573 -0.527377 2.116070
0.177637 -0.812451 2.122440
0.216819 -0.874732 2.110610
0.296932 -0.102411 2.096720
0.269560 -0.534021 2.129060
0.279310 -0.821400 2.143290
0.334177 -0.871709 2.129170
0.230043 -0.035490 2.101710
0.229552 0.020837 2.150710
0.232307 0.346302 2.157770
0.226270 0.526655 2.138890
0.073481 0.244204 2.150410
0.032291 -0.013694 2.104660
0.032389 -0.201966 2.030790
0.038490 -0.273518 2.009260
0.372411 0.241081 2.156970
0.410279 0.014734 2.130620
0.410973 -0.201143 2.038200
0.404643 -0.283085 2.012260
0.162511 -0.102057 2.083520
0.190288 -0.527294 2.115880
0.177569 -0.812348 2.122450
0.217373 -0.874362 2.111370
0.296667 -0.102557 2.096110
0.269267 -0.533910 2.128890
0.279160 -0.821308 2.143280
0.334044 -0.871697 2.129160
0.229811 -0.035698 2.101050
0.229288 0.020663 2.150160
0.232019 0.346369 2.157550
0.226059 0.526603 2.138610
0.073367 0.244214 2.149870
0.032090 -0.013816 2.103700
0.032257 -0.202167 2.030160
0.038343 -0.273173 2.009000
0.372164 0.241045 2.156530
0.410173 0.014831 2.130470
0.410529 -0.201603 2.037200
0.404092 -0.283513 2.010860
0.162356 -0.102237 2.082710
0.190019 -0.527212 2.115710
0.177426 -0.812196 2.122470
0.217797 -0.873977 2.112020
0.296427 -0.102690 2.095510
0.269016 -0.533855 2.128750
0.279408 -0.821253 2.143340
0.333997 -0.871929 2.129020
0.229618 -0.035888 2.100410
0.229070 0.020506 2.149610
0.231789 0.346451 2.157340
0.225869 0.526547 2.138320
0.073273 0.244228 2.149390
0.031929 -0.013939 2.102770
0.032217 -0.202370 2.029480
0.038233 -0.272834 2.008650
0.371970 0.241005 2.156120
0.410056 0.014940 2.130270
0.410089 -0.202035 2.036180
0.403574 -0.283902 2.009470
0.162224 -0.102406 2.081900
0.189756 -0.527141 2.115540
0.177288 -0.812039 2.122490
0.218041 -0.873740 2.112420
0.296225 -0.102817 2.094910
0.268810 -0.533794 2.128610
0.279128 -0.821180 2.143260
0.333885 -0.871835 2.129040
0.229453 -0.036022 2.099770
0.228887 0.020393 2.149060
0.231596 0.346543 2.157100
0.225713 0.526507 2.138060
0.073207 0.244272 2.148920
0.031801 -0.014051 2.101920
0.032201 -0.202556 2.028770
0.038151 -0.272536 2.008260
0.371818 0.241072 2.155660
0.409889 0.015089 2.129880
0.409671 -0.202361 2.035220
0.403027 -0.284212 2.008010
0.162109 -0.102517 2.081130
0.189518 -0.527081 2.115400
0.177107 -0.811863 2.122500
0.218236 -0.873497 2.112760
0.296043 -0.102891 2.094290
0.268636 -0.533737 2.128490
0.278298 -0.820671 2.143360
0.333274 -0.871202 2.129110
0.229307 -0.036131 2.099170
0.228726 0.020296 2.148530
0.231430 0.346623 2.156870
0.225578 0.526477 2.137790
0.073136 0.244329 2.148450
0.031711 -0.014166 2.101130
0.032218 -0.202745 2.028110
0.038086 -0.272272 2.007860
0.371721 0.241128 2.155210
0.409769 0.015274 2.129390
0.409286 -0.202640 2.034310
0.402555 -0.284477 2.006730
0.161994 -0.102614 2.080410
0.189297 -0.527031 2.115270
0.176882 -0.811660 2.122510
0.218387 -0.873239 2.113030
0.295887 -0.102960 2.093670
0.268496 -0.533692 2.128380
0.277560 -0.820208 2.143440
0.332722 -0.870627 2.129170
0.229162 -0.036221 2.098590
0.228568 0.020213 2.147990
0.231270 0.346692 2.156570
0.225464 0.526463 2.137540
0.073051 0.244421 2.147990
0.031660 -0.014255 2.100410
0.032250 -0.202906 2.027550
0.038033 -0.272040 2.007470
0.371655 0.241161 2.154740
0.409614 0.015530 2.128760
0.408918 -0.202825 2.033470
0.402138 -0.284652 2.005660
0.161860 -0.102696 2.079710
0.189093 -0.526988 2.115150
0.176571 -0.811393 2.122490
0.218522 -0.872858 2.113400
0.295738 -0.103026 2.093090
0.268376 -0.533653 2.128280
0.276957 -0.819861 2.143510
0.332333 -0.870088 2.129250
0.229034 -0.036277 2.098040
0.228427 0.020157 2.147480
0.231124 0.346756 2.156250
0.225366 0.526468 2.137310
0.072965 0.244515 2.147540
0.031614 -0.014343 2.099760
0.032279 -0.203063 2.027040
0.037991 -0.271837 2.007110
0.371625 0.241219 2.154290
0.409486 0.015993 2.128060
0.408561 -0.202937 2.032690
0.401784 -0.284761 2.004740
0.161734 -0.102753 2.079080
0.188908 -0.526948 2.115040
0.176229 -0.811101 2.122450
0.218574 -0.872527 2.113680
0.295615 -0.103067 2.092540
0.268275 -0.533618 2.128200
0.276424 -0.819497 2.143620
0.331939 -0.869573 2.129280
0.228928 -0.036331 2.097520
0.228306 0.020103 2.146980
0.231000 0.346820 2.155900
0.225284 0.526494 2.137050
0.072889 0.244596 2.147020
0.031580 -0.014452 2.099170
0.032312 -0.203237 2.026590
0.037958 -0.271664 2.006790
0.371632 0.241247 2.153830
0.409379 0.016426 2.127410
0.408258 -0.203019 2.032020
0.401493 -0.284842 2.003990
0.161624 -0.102816 2.078500
0.188742 -0.526906 2.114950
0.175880 -0.810827 2.122410
0.218602 -0.872211 2.113910
0.295518 -0.103114 2.092020
0.268188 -0.533604 2.128120
0.275652 -0.819056 2.143760
0.331395 -0.868875 2.129320
0.228833 -0.036383 2.097030
0.228189 0.020058 2.146490
0.230825 0.346900 2.155410
0.225213 0.526529 2.136730
0.072810 0.244673 2.146500
0.031547 -0.014543 2.098670
0.032339 -0.203385 2.026210
0.037932 -0.271515 2.006500
0.371652 0.241277 2.153370
0.409294 0.016825 2.126820
0.407998 -0.203066 2.031420
0.401256 -0.284897 2.003360
0.161524 -0.102876 2.077970
0.188591 -0.526870 2.114860
0.176182 -0.810665 2.122500
0.217971 -0.872773 2.113650
0.295437 -0.103162 2.091540
0.268111 -0.533592 2.128050
0.274944 -0.818562 2.143940
0.330822 -0.868188 2.129340
0.228744 -0.036447 2.096550
0.228075 0.020000 2.146000
0.230673 0.346960 2.154900
0.225174 0.526586 2.136230
0.072754 0.244725 2.145900
0.031521 -0.014621 2.098240
0.032365 -0.203516 2.025890
0.037904 -0.271378 2.006240
0.371692 0.241283 2.152920
0.409240 0.017156 2.126320
0.407774 -0.203088 2.030890
0.401072 -0.284932 2.002850
0.161427 -0.102950 2.077460
0.188454 -0.526838 2.114790
0.176446 -0.810492 2.122590
0.217481 -0.873158 2.113460
0.295363 -0.103228 2.091080
0.268055 -0.533585 2.127990
0.274368 -0.818268 2.144040
0.330434 -0.867676 2.129350
0.228669 -0.036504 2.096110
0.227982 0.019953 2.145540
0.230590 0.347030 2.154380
0.225138 0.526694 2.135760
0.072704 0.244794 2.145300
0.031498 -0.014696 2.097840
0.032425 -0.203644 2.025580
0.037881 -0.271259 2.006000
0.371730 0.241335 2.152470
0.409212 0.017457 2.125890
0.407583 -0.203097 2.030440
0.400923 -0.284956 2.002430
0.161341 -0.103014 2.077010
0.188330 -0.526810 2.114720
0.176479 -0.810364 2.122610
0.217396 -0.873177 2.113610
0.295298 -0.103286 2.090660
0.268003 -0.533588 2.127940
0.275855 -0.818592 2.144100
0.330783 -0.868742 2.128630
0.228603 -0.036553 2.095700
0.227903 0.019913 2.145120
0.230526 0.347094 2.153870
0.225105 0.526811 2.135270
0.072654 0.244855 2.144730
0.031479 -0.014770 2.097480
0.032470 -0.203766 2.025300
0.037860 -0.271150 2.005790
0.371783 0.241359 2.151980
0.409212 0.017758 2.125510
0.407382 -0.203161 2.029960
0.400804 -0.285000 2.002060
0.161260 -0.103075 2.076590
0.188212 -0.526791 2.114660
0.176630 -0.810258 2.122670
0.217264 -0.873313 2.113660
0.295244 -0.103340 2.090270
0.267959 -0.533591 2.127890
0.276042 -0.818658 2.144060
0.330866 -0.868871 2.128450
0.228551 -0.036607 2.095310
0.227836 0.019868 2.144710
0.230479 0.347149 2.153420
0.225072 0.526922 2.134750
0.072624 0.244886 2.144160
0.031467 -0.014897 2.097070
0.032843 -0.204126 2.024700
0.037843 -0.271050 2.005600
0.371855 0.241362 2.151530
0.409220 0.018019 2.125190
0.407194 -0.203296 2.029450
0.400715 -0.285039 2.001760
0.161191 -0.103149 2.076190
0.188103 -0.526780 2.114610
0.176685 -0.810157 2.122710
0.217182 -0.873358 2.113720
0.295206 -0.103400 2.089900
0.267924 -0.533596 2.127840
0.276144 -0.818747 2.144000
0.330966 -0.868927 2.128330
0.228515 -0.036665 2.094940
0.227787 0.019821 2.144330
0.230483 0.347204 2.152990
0.225029 0.527046 2.134220
0.072599 0.244901 2.143620
0.031463 -0.015038 2.096670
0.033198 -0.204467 2.024160
0.037829 -0.270961 2.005430
0.371927 0.241360 2.151120
0.409230 0.018290 2.124900
0.407025 -0.203422 2.028990
0.400646 -0.285068 2.001500
0.161133 -0.103226 2.075810
0.188003 -0.526773 2.114560
0.177520 -0.810281 2.123050
0.216800 -0.874118 2.113410
0.295179 -0.103465 2.089540
0.267897 -0.533595 2.127800
0.276159 -0.818867 2.143900
0.331028 -0.868953 2.128240
0.228491 -0.036722 2.094590
0.227752 0.019777 2.143970
0.230492 0.347256 2.152550
0.224993 0.527176 2.133700
0.072589 0.244907 2.143090
0.031463 -0.015148 2.096290
0.033521 -0.204782 2.023680
0.037818 -0.270869 2.005260
0.372005 0.241362 2.150720
0.408884 0.016763 2.123490
0.406833 -0.203618 2.028470
0.400592 -0.285093 2.001300
0.161090 -0.103300 2.075470
0.187906 -0.526771 2.114520
0.177742 -0.810420 2.123180
0.216771 -0.874495 2.113000
0.295167 -0.103528 2.089200
0.267879 -0.533587 2.127760
0.275839 -0.818909 2.143790
0.330981 -0.868818 2.128200
0.228490 -0.036775 2.094260
0.227740 0.019737 2.143630
0.230515 0.347305 2.152120
0.224990 0.527279 2.133160
0.072582 0.244907 2.142620
0.031476 -0.015259 2.095910
0.033811 -0.205083 2.023250
0.037808 -0.270783 2.005100
0.372089 0.241383 2.150340
0.408835 0.016108 2.122610
0.406671 -0.203782 2.028010
0.400551 -0.285112 2.001130
0.161070 -0.103373 2.075160
0.187813 -0.526773 2.114480
0.177838 -0.810494 2.123230
0.216218 -0.874992 2.112040
0.295182 -0.103585 2.088870
0.267844 -0.533591 2.127710
0.275344 -0.818990 2.143620
0.330891 -0.868692 2.128210
0.228497 -0.036818 2.093950
0.227737 0.019708 2.143300
0.230585 0.347358 2.151680
0.225030 0.527374 2.132570
0.072585 0.244937 2.142160
0.031488 -0.015325 2.095550
0.034243 -0.205601 2.022630
0.037803 -0.270766 2.004920
0.372185 0.241401 2.149990
0.408796 0.015647 2.121890
0.406528 -0.203914 2.027610
0.400519 -0.285127 2.000980
0.161055 -0.103436 2.074880
0.187725 -0.526775 2.114450
0.177869 -0.810587 2.123270
0.215796 -0.875337 2.111130
0.295204 -0.103636 2.088560
0.267810 -0.533595 2.127670
0.274844 -0.819086 2.143460
0.330841 -0.868470 2.128260
0.228524 -0.036854 2.093670
0.227755 0.019683 2.143000
0.230671 0.347401 2.151280
0.225085 0.527458 2.132000
0.072597 0.245007 2.141730
0.031514 -0.015363 2.095210
0.034622 -0.206064 2.022100
0.037799 -0.270759 2.004740
0.372282 0.241451 2.149660
0.408763 0.015472 2.121380
0.406398 -0.204053 2.027240
0.400494 -0.285140 2.000860
0.161063 -0.103494 2.074620
0.187635 -0.526779 2.114420
0.177806 -0.810632 2.123270
0.215480 -0.875479 2.110590
0.295243 -0.103678 2.088270
0.267780 -0.533599 2.127620
0.274469 -0.819081 2.143390
0.330746 -0.868241 2.128280
0.228566 -0.036881 2.093410
0.227787 0.019667 2.142730
0.230762 0.347441 2.150910
0.225146 0.527545 2.131510
0.072618 0.245090 2.141330
0.031573 -0.015337 2.094870
0.035048 -0.206673 2.021510
0.037796 -0.270840 2.004520
0.372400 0.241539 2.149350
0.409363 0.017112 2.121310
0.406284 -0.204164 2.026910
0.400471 -0.285147 2.000750
0.161086 -0.103544 2.074390
0.187533 -0.526761 2.114380
0.178438 -0.810944 2.123480
0.215243 -0.876121 2.109830
0.295300 -0.103710 2.088020
0.267752 -0.533604 2.127580
0.274108 -0.819034 2.143350
0.330620 -0.867990 2.128310
0.228625 -0.036891 2.093160
0.227830 0.019664 2.142480
0.230854 0.347476 2.150570
0.225221 0.527629 2.131050
0.072641 0.245176 2.140970
0.031634 -0.015297 2.094570
0.035400 -0.207189 2.021050
0.037796 -0.270923 2.004310
0.372574 0.241654 2.149090
0.409839 0.018623 2.121280
0.406177 -0.204229 2.026650
0.400448 -0.285154 2.000650
0.161119 -0.103586 2.074180
0.187438 -0.526743 2.114340
0.178570 -0.810998 2.123530
0.215676 -0.876161 2.110530
0.295384 -0.103727 2.087780
0.267732 -0.533609 2.127550
0.274786 -0.819154 2.143390
0.330812 -0.868388 2.128040
0.228691 -0.036897 2.092950
0.227882 0.019662 2.142250
0.230963 0.347497 2.150240
0.225299 0.527709 2.130640
0.072689 0.245244 2.140620
0.031697 -0.015248 2.094300
0.035545 -0.207297 2.020860
0.037796 -0.270888 2.004180
0.372777 0.241819 2.148850
0.410127 0.019696 2.121190
0.406101 -0.204271 2.026450
0.400431 -0.285165 2.000540
0.161158 -0.103625 2.073990
0.187350 -0.526724 2.114310
0.178624 -0.811019 2.123560
0.216639 -0.875551 2.111970
0.295473 -0.103739 2.087560
0.267714 -0.533613 2.127510
0.275217 -0.819081 2.143520
0.330798 -0.868588 2.127850
0.228757 -0.036898 2.092760
0.227932 0.019667 2.142050
0.231082 0.347520 2.149930
0.225374 0.527780 2.130270
0.072750 0.245312 2.140300
0.031766 -0.015182 2.094060
0.035657 -0.207314 2.020750
0.037800 -0.270847 2.004070
0.373018 0.242012 2.148660
0.410255 0.020355 2.121070
0.406044 -0.204300 2.026290
0.400417 -0.285174 2.000440
0.161199 -0.103657 2.073830
0.187309 -0.526750 2.114310
0.178528 -0.810979 2.123550
0.217743 -0.874512 2.113810
0.295562 -0.103745 2.087370
0.267703 -0.533617 2.127490
0.275285 -0.819017 2.143570
0.330740 -0.868612 2.127780
0.228824 -0.036893 2.092600
0.227982 0.019677 2.141870
0.231179 0.347542 2.149640
0.225486 0.527835 2.129900
0.072824 0.245419 2.140040
0.031840 -0.015083 2.093860
0.035749 -0.207206 2.020720
0.037810 -0.270809 2.003990
0.373279 0.242214 2.148500
0.410336 0.020784 2.120990
0.406006 -0.204310 2.026190
0.400405 -0.285182 2.000360
0.161241 -0.103682 2.073700
0.187272 -0.526780 2.114320
0.178628 -0.811020 2.123670
0.218065 -0.874380 2.114220
0.295654 -0.103746 2.087220
0.267704 -0.533604 2.127450
0.275231 -0.818965 2.143600
0.330673 -0.868569 2.127750
0.228899 -0.036877 2.092470
0.228045 0.019700 2.141730
0.231309 0.347586 2.149380
0.225593 0.527882 2.129560
0.072902 0.245536 2.139820
0.031942 -0.014929 2.093730
0.035845 -0.206929 2.020810
0.037822 -0.270754 2.003950
0.373535 0.242438 2.148360
0.410392 0.021132 2.120930
0.405982 -0.204309 2.026130
0.400401 -0.285187 2.000310
0.161289 -0.103695 2.073610
0.187296 -0.527004 2.114430
0.178708 -0.811040 2.123770
0.218302 -0.874280 2.114530
0.295749 -0.103733 2.087100
0.267752 -0.533519 2.127410
0.274905 -0.818605 2.143710
0.330297 -0.868279 2.127800
0.228975 -0.036864 2.092380
0.228107 0.019723 2.141630
0.231397 0.347630 2.149140
0.225724 0.527940 2.129240
0.072997 0.245663 2.139620
0.032069 -0.014755 2.093650
0.035968 -0.206669 2.021000
0.037847 -0.270583 2.004010
0.373765 0.242643 2.148230
0.410437 0.021399 2.120880
0.405978 -0.204258 2.026140
0.400399 -0.285185 2.000280
0.161360 -0.103709 2.073560
0.187312 -0.527203 2.114550
0.178700 -0.811013 2.123840
0.218481 -0.874149 2.114790
0.295855 -0.103718 2.087030
0.267802 -0.533436 2.127370
0.274448 -0.818334 2.143760
0.329962 -0.867939 2.127880
0.229078 -0.036854 2.092340
0.228185 0.019748 2.141550
0.231478 0.347672 2.148940
0.225877 0.528005 2.128920
0.073115 0.245788 2.139450
0.032231 -0.014535 2.093640
0.036128 -0.206254 2.021380
0.037884 -0.270269 2.004250
0.373982 0.242853 2.148100
0.410478 0.021604 2.120860
0.406042 -0.204096 2.026320
0.400417 -0.285135 2.000310
0.161508 -0.103733 2.073600
0.187345 -0.527317 2.114680
0.178534 -0.810903 2.123880
0.218573 -0.873981 2.114970
0.296001 -0.103693 2.087000
0.267854 -0.533371 2.127350
0.273863 -0.818139 2.143760
0.329644 -0.867589 2.127990
0.229279 -0.036853 2.092380
0.228334 0.019777 2.141540
0.231576 0.347708 2.148760
0.226082 0.528068 2.128580
0.073258 0.245899 2.139300
0.032490 -0.014156 2.093880
0.036325 -0.205572 2.022240
0.037920 -0.269712 2.005000
0.374187 0.243057 2.147980
0.410508 0.021745 2.120850
0.406420 -0.203430 2.027190
0.400484 -0.284722 2.000680
0.161824 -0.103786 2.073860
0.187394 -0.527373 2.114830
0.178351 -0.810786 2.123910
0.218682 -0.873759 2.115220
0.296253 -0.103661 2.087080
0.267917 -0.533239 2.127340
0.273304 -0.817988 2.143740
0.329378 -0.867247 2.128110
0.229667 -0.036862 2.092660
0.228643 0.019830 2.141670
0.231808 0.347760 2.148550
0.226313 0.528113 2.128190
0.073417 0.246016 2.139180
0.032829 -0.013690 2.094320
0.036548 -0.204807 2.024010
0.037914 -0.268495 2.006870
0.374381 0.243251 2.147860
0.410558 0.021850 2.120890
0.406856 -0.202677 2.028360
0.400479 -0.284188 2.001970
0.162364 -0.103884 2.074560
0.187460 -0.527419 2.115030
0.178351 -0.810743 2.123950
0.218704 -0.873750 2.115330
0.296724 -0.103621 2.087470
0.267979 -0.533113 2.127350
0.276581 -0.818524 2.144200
0.329688 -0.869335 2.126900
0.230331 -0.036922 2.093360
0.229172 0.019904 2.142060
0.232180 0.347816 2.148290
0.226645 0.528134 2.127640
0.073603 0.246130 2.139100
0.033189 -0.013272 2.095010
0.036845 -0.204192 2.025910
0.038112 -0.266499 2.010230
0.374581 0.243417 2.147780
0.411133 0.018318 2.121160
0.407489 -0.201615 2.030400
0.400502 -0.283362 2.004680
0.163223 -0.104098 2.076010
0.187583 -0.527469 2.115340
0.178670 -0.810898 2.124070
0.218197 -0.874629 2.114510
0.297554 -0.103634 2.088480
0.268031 -0.532999 2.127370
0.276795 -0.818700 2.144160
0.329822 -0.869457 2.126820
0.231227 -0.036874 2.094710
0.229904 0.020116 2.142840
0.232634 0.347892 2.147990
0.227148 0.528112 2.126770
0.073870 0.246305 2.139070
0.033656 -0.012632 2.096200
0.037352 -0.203394 2.028280
0.038481 -0.264493 2.013980
0.374816 0.243623 2.147710
0.411520 0.016731 2.121740
0.407995 -0.200082 2.033880
0.400104 -0.282058 2.009320
0.164260 -0.104192 2.078380
0.187721 -0.527488 2.115630
0.179195 -0.811145 2.124190
0.217063 -0.876027 2.112870
0.298706 -0.103478 2.090630
0.268079 -0.532900 2.127410
0.276446 -0.818931 2.143900
0.329904 -0.869343 2.126860
0.232719 -0.036620 2.097470
0.231031 0.020594 2.144430
0.233097 0.347970 2.147660
0.227879 0.528180 2.125500
0.074211 0.246515 2.139070
0.034230 -0.011935 2.097650
0.038004 -0.202656 2.031240
0.039202 -0.262275 2.018160
0.375133 0.243866 2.147710
0.411747 0.015779 2.122290
0.408328 -0.198123 2.039650
0.399209 -0.280340 2.016130
0.165968 -0.104130 2.082820
0.188081 -0.527391 2.116240
0.179632 -0.811349 2.124250
0.215729 -0.877674 2.111060
0.300834 -0.103007 2.095110
0.268102 -0.532751 2.127480
0.275745 -0.819242 2.143440
0.329876 -0.869354 2.126850
0.234508 -0.036133 2.102100
0.232415 0.021397 2.147110
0.233629 0.348008 2.147170
0.228861 0.528330 2.123520
0.074559 0.246733 2.139080
0.034869 -0.011096 2.099470
0.038976 -0.201861 2.034660
0.040242 -0.261494 2.021610
0.375487 0.244126 2.147730
0.411930 0.014762 2.122950
0.408560 -0.195952 2.046330
0.398054 -0.278345 2.023270
0.167684 -0.104065 2.089800
0.188686 -0.527231 2.117450
0.180873 -0.812021 2.124260
0.214777 -0.878923 2.109780
0.303448 -0.102193 2.102490
0.268071 -0.532499 2.127580
0.274689 -0.819708 2.142670
0.329830 -0.869352 2.126820
0.236472 -0.035539 2.109170
0.233925 0.022496 2.150850
0.234326 0.347880 2.146250
0.230689 0.527872 2.119910
0.074996 0.246944 2.139060
0.035513 -0.010145 2.101500
0.040619 -0.201036 2.038970
0.041888 -0.260899 2.025310
0.376029 0.244348 2.147810
0.412091 0.013407 2.123820
0.408681 -0.193944 2.052820
0.396475 -0.276426 2.031370
0.169211 -0.104280 2.100640
0.189673 -0.526976 2.119680
0.179715 -0.813938 2.122770
0.214916 -0.879556 2.108700
0.306273 -0.101252 2.112700
0.267514 -0.530414 2.127460
0.273606 -0.820151 2.141540
0.329578 -0.869483 2.126710
0.238384 -0.035036 2.118050
0.235442 0.023705 2.155190
0.235252 0.347374 2.144680
0.233212 0.526593 2.114470
0.075579 0.247115 2.138920
0.036048 -0.009337 2.103410
0.042375 -0.200447 2.042960
0.046026 -0.260783 2.030720
0.376654 0.244534 2.147860
0.412218 0.012536 2.124700
0.408205 -0.192456 2.058920
0.393634 -0.275092 2.041200
0.170509 -0.104714 2.113720
0.190885 -0.526618 2.123380
0.177937 -0.815356 2.120180
0.214991 -0.879817 2.108130
0.308756 -0.100383 2.124020
0.266007 -0.525426 2.126350
0.272039 -0.820376 2.139190
0.329057 -0.869549 2.126240
0.240072 -0.035408 2.129030
0.236777 0.024551 2.159530
0.236778 0.344549 2.140260
0.237622 0.521825 2.104410
0.076494 0.247039 2.138430
0.036439 -0.008771 2.105140
0.044450 -0.201198 2.046960
0.052205 -0.262834 2.036870
0.377466 0.244547 2.147800
0.411784 0.006082 2.126470
0.406712 -0.193935 2.064850
0.391070 -0.277175 2.048670
0.171374 -0.106085 2.129350
0.192754 -0.525867 2.130170
0.175911 -0.816302 2.116920
0.214190 -0.880387 2.106760
0.311040 -0.100762 2.138720
0.264446 -0.519717 2.124620
0.270006 -0.820489 2.135200
0.328317 -0.869538 2.125380
0.241474 -0.037296 2.142100
0.237998 0.024628 2.164360
0.238342 0.336312 2.131050
0.241883 0.513167 2.091430
0.077935 0.246154 2.137110
0.036884 -0.009955 2.107250
0.050177 -0.208512 2.053450
0.072516 -0.288291 2.050330
0.378627 0.244075 2.147260
0.411130 -0.000325 2.128010
0.388239 -0.240760 2.074640
0.388822 -0.309593 2.057410
0.172133 -0.109316 2.148050
0.195648 -0.525661 2.140730
0.173701 -0.816352 2.112570
0.213159 -0.880735 2.105470
0.312866 -0.102580 2.155450
0.263330 -0.515533 2.123220
0.268385 -0.820524 2.130810
0.327507 -0.869542 2.123910
0.242569 -0.044624 2.158300
0.239374 0.020899 2.171480
0.239475 0.316082 2.114930
0.246166 0.498179 2.076460
0.081151 0.238140 2.131590
0.037014 -0.022309 2.111130
0.063383 -0.232774 2.061860
0.092324 -0.321934 2.063380
0.381829 0.231501 2.141360
0.409185 -0.014640 2.130680
0.381548 -0.256452 2.080350
0.385380 -0.318131 2.062470
0.172682 -0.116401 2.166900
0.199045 -0.526919 2.153710
0.173516 -0.816147 2.108420
0.250630 -0.860264 2.105930
0.314225 -0.110993 2.176590
0.262664 -0.512654 2.122120
0.267456 -0.820372 2.125770
0.326719 -0.869774 2.122230
0.243609 -0.053906 2.171990
0.240854 0.013167 2.179050
0.241129 0.292491 2.101090
0.250149 0.477118 2.061180
0.085243 0.216560 2.122220
0.036924 -0.044712 2.114780
0.081989 -0.276934 2.067680
0.109616 -0.366005 2.069800
0.384819 0.218504 2.135590
0.404147 -0.050263 2.132500
0.378214 -0.265006 2.083470
0.375658 -0.331348 2.067650
0.173312 -0.125075 2.182560
0.203348 -0.530108 2.168390
0.172721 -0.815309 2.103470
0.266206 -0.849925 2.105610
0.315403 -0.120776 2.193150
0.261880 -0.511351 2.121150
0.266917 -0.819862 2.120410
0.326090 -0.869947 2.120820
0.243348 -0.071346 2.188090
0.241566 -0.004292 2.189080
0.241997 0.264836 2.089280
0.253026 0.450666 2.047870
0.088754 0.189286 2.113210
0.041351 -0.076389 2.116970
0.091243 -0.299781 2.070670
0.117110 -0.385568 2.073000
0.390443 0.181912 2.127260
0.401453 -0.081741 2.134210
0.375676 -0.275247 2.085270
0.368372 -0.339767 2.070420
0.172405 -0.141313 2.201500
0.207634 -0.538894 2.186530
0.172179 -0.814391 2.099170
0.272676 -0.845793 2.105360
0.314944 -0.138581 2.212380
0.260558 -0.511401 2.119850
0.266973 -0.819284 2.115420
0.325545 -0.870174 2.119300
0.244684 -0.095920 2.204190
0.243723 -0.031618 2.199730
0.243888 0.226841 2.078290
0.255823 0.403406 2.031190
0.091208 0.160050 2.106110
0.045422 -0.106717 2.117230
0.098255 -0.320035 2.073960
0.121677 -0.404411 2.077140
0.392866 0.150369 2.120240
0.397427 -0.111501 2.135280
0.371230 -0.296632 2.089540
0.348985 -0.376219 2.077630
0.173115 -0.163278 2.220840
0.210970 -0.545557 2.198630
0.171558 -0.813425 2.095020
0.277041 -0.842750 2.105020
0.316478 -0.160308 2.229890
0.257475 -0.517648 2.116910
0.267265 -0.818498 2.110030
0.324906 -0.870423 2.117040
0.246071 -0.123983 2.219300
0.245741 -0.063228 2.209850
0.245427 0.185839 2.072070
0.257147 0.376065 2.023530
0.093056 0.127784 2.101100
0.049367 -0.129786 2.115590
0.103684 -0.338143 2.076960
0.124193 -0.415120 2.079690
0.394130 0.118742 2.113410
0.388117 -0.150852 2.135120
0.355760 -0.347685 2.090390
0.330249 -0.417094 2.074930
0.174438 -0.189407 2.240690
0.213255 -0.552831 2.207940
0.170912 -0.812387 2.091270
0.279554 -0.840544 2.104520
0.317863 -0.186332 2.246890
0.254810 -0.524303 2.114370
0.267699 -0.817527 2.104730
0.324239 -0.870588 2.114150
0.247570 -0.145264 2.228950
0.247775 -0.087136 2.215840
0.247765 0.156121 2.068930
0.259812 0.340977 2.017040
0.094376 0.100714 2.098770
0.058584 -0.165268 2.111290
0.116695 -0.383963 2.084850
0.124629 -0.450257 2.092190
0.398789 0.072602 2.112240
0.383412 -0.178517 2.136400
0.348675 -0.371203 2.091360
0.324088 -0.430423 2.075600
0.175266 -0.208980 2.253780
0.214143 -0.562940 2.216280
0.165515 -0.829083 2.075000
0.208050 -0.883391 2.029110
0.320018 -0.208429 2.258820
0.251020 -0.550206 2.103600
0.268182 -0.816462 2.100130
0.323632 -0.870593 2.110990
0.249044 -0.171058 2.237980
0.249403 -0.116426 2.221720
0.248912 0.114680 2.070460
0.260566 0.295335 2.012050
0.094912 0.074618 2.098550
0.068524 -0.195305 2.110480
0.122156 -0.404220 2.088920
0.125939 -0.462403 2.097270
0.399258 0.046445 2.111810
0.379891 -0.207249 2.137950
0.341476 -0.397235 2.091230
0.318841 -0.445543 2.075660
0.175775 -0.229647 2.265670
0.213551 -0.573548 2.223060
0.159914 -0.846524 2.057720
0.157684 -0.919887 1.972850
0.322504 -0.233561 2.268520
0.248602 -0.574844 2.092300
0.272633 -0.840923 2.097390
0.295854 -0.912405 2.059720
0.252741 -0.204044 2.246780
0.252522 -0.149930 2.227200
0.249560 0.084606 2.072180
0.260109 0.272079 2.010300
0.096820 0.037484 2.100470
0.075048 -0.216953 2.111170
0.126001 -0.416679 2.091560
0.127361 -0.471472 2.101240
0.396784 0.026938 2.109120
0.378302 -0.227240 2.140010
0.335933 -0.415838 2.092210
0.314612 -0.459497 2.075930
0.181557 -0.262953 2.279000
0.205179 -0.599621 2.227240
0.155446 -0.870474 2.031330
0.136479 -0.944032 1.938420
0.324980 -0.256775 2.275540
0.246216 -0.621100 2.076850
0.276282 -0.868973 2.096190
0.281982 -0.942045 2.034850
0.251167 -0.247534 2.257450
0.251992 -0.192299 2.234610
0.250762 0.057738 2.074730
0.258244 0.244686 2.011580
0.098497 0.005392 2.104620
0.081044 -0.239028 2.114250
0.131874 -0.429657 2.092840
0.130579 -0.481193 2.104420
0.380812 0.007172 2.096500
0.377805 -0.242294 2.142670
0.329995 -0.429469 2.093790
0.310089 -0.471715 2.076650
0.184249 -0.305714 2.288960
0.199690 -0.671083 2.200480
0.140932 -0.910411 1.999300
0.115955 -0.975684 1.910460
0.320122 -0.285945 2.284220
0.246506 -0.630217 2.072000
0.278623 -0.886358 2.098720
0.274834 -0.956324 2.025640
0.249174 -0.273523 2.264870
0.250364 -0.218805 2.240560
0.250500 0.028061 2.081490
0.255894 0.214043 2.015470
0.099233 -0.024323 2.110140
0.086212 -0.261767 2.120920
0.139241 -0.445352 2.091430
0.135796 -0.493838 2.105800
0.376360 -0.049952 2.107210
0.379877 -0.270482 2.151380
0.320203 -0.448940 2.092300
0.303230 -0.489763 2.075120
0.182450 -0.334595 2.297170
0.198441 -0.704807 2.186570
0.129699 -0.931813 1.979100
0.103578 -0.992751 1.893890
0.314864 -0.323684 2.296950
0.246729 -0.636844 2.068340
0.281434 -0.900886 2.104020
0.271194 -0.968039 2.023040
0.246886 -0.295593 2.271760
0.248055 -0.240202 2.246010
0.249105 0.010010 2.085720
0.253766 0.192416 2.019970
0.099125 -0.049843 2.116220
0.089594 -0.290112 2.134140
0.149492 -0.464834 2.085110
0.144260 -0.510770 2.103460
0.376356 -0.075471 2.114930
0.381179 -0.286250 2.157150
0.314600 -0.461259 2.093290
0.298388 -0.503798 2.075440
0.179276 -0.361343 2.304320
0.198537 -0.729429 2.174020
0.116897 -0.947633 1.962480
0.093924 -1.005140 1.881780
0.312676 -0.345019 2.305250
0.247336 -0.639526 2.065950
0.283380 -0.910437 2.107690
0.270188 -0.976701 2.023620
0.244748 -0.318421 2.281170
0.245549 -0.264771 2.255330
0.246942 -0.023016 2.099990
0.253576 0.167239 2.028860
0.099108 -0.070484 2.122780
0.089262 -0.317386 2.150550
0.163708 -0.480061 2.080700
0.157182 -0.526817 2.100960
0.382329 -0.110181 2.137580
0.382143 -0.322578 2.172150
0.304922 -0.483166 2.089790
0.290718 -0.525513 2.072510
0.177120 -0.379752 2.310870
0.205426 -0.749028 2.107150
0.103032 -0.982295 2.025610
0.090973 -1.040680 1.953460
0.310863 -0.376682 2.319970
0.254305 -0.642087 2.065370
0.296335 -0.921211 2.116000
0.287655 -0.986798 2.035920
0.242438 -0.336757 2.290240
0.242906 -0.284616 2.264360
0.244065 -0.048860 2.112240
0.253226 0.141493 2.040220
0.097320 -0.094212 2.134070
0.086337 -0.354575 2.169840
0.176100 -0.503641 2.080080
0.170048 -0.549945 2.100200
0.385528 -0.134900 2.153980
0.382511 -0.338118 2.179130
0.301237 -0.494835 2.088390
0.286857 -0.539954 2.070850
0.173964 -0.397193 2.319840
0.207933 -0.757663 2.083680
0.183539 -0.986435 1.954950
0.181285 -1.045840 1.887900
0.309529 -0.395637 2.329390
0.257615 -0.642964 2.064630
0.310002 -0.924792 2.122790
0.306315 -0.988322 2.047280
0.240135 -0.351314 2.299400
0.240246 -0.300580 2.273490
0.240566 -0.070819 2.124080
0.252789 0.119389 2.054190
0.095559 -0.111523 2.145220
0.084297 -0.369600 2.179930
0.160650 -0.539662 2.117390
0.162369 -0.589702 2.131260
0.388436 -0.152786 2.170430
0.383653 -0.357176 2.192340
0.299688 -0.506764 2.088590
0.284629 -0.553935 2.070590
0.171066 -0.410553 2.329080
0.208299 -0.762340 2.071430
0.152166 -1.008260 2.019760
0.154112 -1.069460 1.957240
0.308100 -0.411460 2.339250
0.247294 -0.614013 2.049960
0.311117 -0.851543 2.095050
0.343440 -0.921242 2.073020
0.238551 -0.365586 2.310150
0.239199 -0.312521 2.280990
0.240257 -0.080796 2.128540
0.253235 0.097200 2.073680
0.093386 -0.129972 2.162520
0.081944 -0.379204 2.188480
0.144778 -0.562801 2.149320
0.155473 -0.612274 2.152390
0.389245 -0.169761 2.185740
0.385270 -0.372076 2.206370
0.298523 -0.513729 2.088970
0.283045 -0.562955 2.070710
0.167532 -0.425333 2.344980
0.228046 -0.716778 2.068380
0.122338 -0.981927 2.078320
0.125714 -1.044400 2.017320
0.306795 -0.424424 2.347380
0.261895 -0.622799 2.055420
0.323471 -0.873576 2.112750
0.349754 -0.928392 2.081300
0.236938 -0.380700 2.325560
0.236485 -0.331627 2.300870
0.231023 -0.102992 2.159840
0.252650 0.079608 2.094260
0.090951 -0.145134 2.181340
0.078762 -0.386764 2.199130
0.117098 -0.583149 2.200510
0.128576 -0.639735 2.206270
0.388977 -0.181165 2.198610
0.386267 -0.383394 2.220800
0.298500 -0.519509 2.091150
0.282244 -0.570157 2.072020
0.165796 -0.437649 2.359810
0.238224 -0.693262 2.067910
0.111542 -0.970701 2.102330
0.115393 -1.033010 2.040990
0.306560 -0.439945 2.359920
0.267993 -0.620590 2.053990
0.329533 -0.875024 2.109430
0.352171 -0.933197 2.067940
0.235281 -0.394132 2.341430
0.234504 -0.345253 2.317200
0.227027 -0.115184 2.184060
0.254073 0.064085 2.120380
0.088032 -0.158327 2.207430
0.075191 -0.396534 2.216610
0.119336 -0.588486 2.200890
0.124957 -0.650199 2.217410
0.386889 -0.189418 2.212320
0.386755 -0.399440 2.243420
0.298432 -0.523376 2.093700
0.281548 -0.575332 2.073530
0.164169 -0.449032 2.372370
0.242924 -0.681314 2.069700
0.106095 -0.964218 2.115610
0.109580 -1.025770 2.054040
0.306387 -0.453361 2.373540
0.273665 -0.619240 2.054330
0.334000 -0.876289 2.109010
0.353253 -0.936029 2.062470
0.236613 -0.405696 2.356520
0.235827 -0.357867 2.334160
0.229775 -0.130632 2.216760
0.253872 0.055744 2.163170
0.085683 -0.169408 2.231910
0.072808 -0.406062 2.233250
0.117998 -0.596378 2.205500
0.150667 -0.647273 2.166780
0.384316 -0.193226 2.238230
0.385603 -0.414654 2.262020
0.297665 -0.526948 2.098100
0.280482 -0.580042 2.076320
0.165416 -0.463075 2.386470
0.245286 -0.674059 2.072380
0.103092 -0.959386 2.124120
0.106697 -1.019740 2.061820
0.309225 -0.464350 2.387100
0.282042 -0.619175 2.057570
0.335073 -0.880593 2.110280
0.349489 -0.941685 2.058370
0.238110 -0.414818 2.370150
0.237344 -0.367856 2.349940
0.232502 -0.141792 2.247600
0.252260 0.052891 2.200500
0.083905 -0.178839 2.264100
0.071389 -0.413856 2.246910
0.131837 -0.591834 2.181270
0.156312 -0.651493 2.157240
0.382988 -0.198124 2.276050
0.382737 -0.425027 2.275610
0.300244 -0.548408 2.123620
0.281058 -0.595501 2.091470
0.166137 -0.473346 2.397040
0.245921 -0.669219 2.076640
0.115444 -0.956306 2.130410
0.118532 -1.015080 2.065870
0.312367 -0.473625 2.399840
0.289955 -0.620712 2.063200
0.331904 -0.888670 2.113270
0.341224 -0.949630 2.055290
0.239287 -0.424038 2.384470
0.238346 -0.376849 2.366010
0.232860 -0.145848 2.277470
0.250736 0.052378 2.245930
0.082342 -0.185115 2.290910
0.070665 -0.420069 2.259780
0.139415 -0.588243 2.169730
0.163753 -0.648605 2.142810
0.379762 -0.203725 2.299180
0.379729 -0.432052 2.286330
0.303586 -0.562196 2.140710
0.283116 -0.609279 2.106570
0.166535 -0.482754 2.406210
0.245056 -0.664737 2.082650
0.129804 -0.952904 2.132280
0.132032 -1.009540 2.065030
0.314957 -0.482546 2.411860
0.296484 -0.623897 2.070610
0.326734 -0.898677 2.117170
0.331887 -0.957868 2.053430
0.240868 -0.432416 2.397370
0.239734 -0.384511 2.380710
0.233000 -0.145626 2.306100
0.249986 0.052081 2.282070
0.078849 -0.190774 2.323370
0.069960 -0.424233 2.272040
0.143865 -0.586074 2.166410
0.168912 -0.646128 2.136070
0.375212 -0.207792 2.318570
0.376409 -0.436356 2.297140
0.306948 -0.567320 2.149290
0.286027 -0.616239 2.116240
0.167447 -0.492403 2.415250
0.243551 -0.660319 2.089140
0.136006 -0.948520 2.130500
0.137588 -1.002410 2.059850
0.317577 -0.490356 2.421470
0.299955 -0.622065 2.074160
0.322999 -0.899720 2.117070
0.322065 -0.955640 2.047660
0.241601 -0.439288 2.410060
0.239963 -0.390004 2.395240
0.229701 -0.137858 2.334120
0.248700 0.058435 2.325970
0.076711 -0.193387 2.342120
0.069166 -0.427731 2.284870
0.146782 -0.582148 2.163860
0.172566 -0.640601 2.129800
0.370370 -0.211333 2.353830
0.372366 -0.436372 2.311080
0.314103 -0.567145 2.158780
0.291162 -0.619503 2.126320
0.167703 -0.500168 2.422870
0.241824 -0.656369 2.095380
0.140650 -0.943920 2.127680
0.143173 -0.994613 2.053450
0.319904 -0.498132 2.432980
0.302014 -0.620139 2.077570
0.318995 -0.899942 2.116070
0.315915 -0.953276 2.042640
0.240796 -0.444589 2.424360
0.238510 -0.393566 2.412910
0.225327 -0.126829 2.367990
0.248738 0.060964 2.350010
0.074375 -0.194986 2.361890
0.067773 -0.428966 2.295790
0.147989 -0.576975 2.164030
0.174432 -0.634386 2.126640
0.366750 -0.213013 2.372710
0.368802 -0.435268 2.322040
0.320298 -0.567385 2.168140
0.296559 -0.622285 2.137090
0.166881 -0.506349 2.430600
0.252676 -0.687894 2.116170
0.123053 -0.943237 2.111060
0.123765 -0.990452 2.032850
0.320612 -0.503799 2.444300
0.299453 -0.615693 2.085730
0.315603 -0.899479 2.115080
0.310891 -0.950148 2.038490
0.240361 -0.446708 2.434250
0.237522 -0.393831 2.425830
0.220482 -0.113267 2.397230
0.247195 0.070409 2.383270
0.070917 -0.194315 2.382320
0.066370 -0.428797 2.305560
0.147251 -0.571003 2.166780
0.174503 -0.627694 2.125870
0.361717 -0.209424 2.396670
0.364614 -0.431198 2.334680
0.325930 -0.562072 2.176420
0.301410 -0.620997 2.146440
0.166441 -0.509978 2.435950
0.257967 -0.703446 2.125710
0.110057 -0.941984 2.101170
0.111192 -0.986492 2.021150
0.321133 -0.506445 2.451630
0.298223 -0.609294 2.092650
0.310571 -0.895674 2.113230
0.305641 -0.942828 2.033900
0.239789 -0.447182 2.442110
0.236398 -0.392356 2.436720
0.217216 -0.101836 2.423910
0.245164 0.077657 2.406940
0.068233 -0.192395 2.397880
0.065541 -0.427797 2.313510
0.145415 -0.565616 2.171180
0.173326 -0.621402 2.127030
0.357788 -0.205372 2.418830
0.361590 -0.428042 2.343530
0.327776 -0.554533 2.181690
0.303947 -0.617705 2.153300
0.166097 -0.512231 2.439480
0.260464 -0.710574 2.130440
0.100253 -0.940365 2.095590
0.102703 -0.982773 2.014510
0.321311 -0.507540 2.457810
0.297203 -0.603120 2.098180
0.295796 -0.852868 2.101600
0.322615 -0.907219 2.068500
0.238178 -0.444929 2.450270
0.234261 -0.387919 2.447890
0.215637 -0.092060 2.445870
0.242247 0.085882 2.426290
0.066142 -0.190425 2.410090
0.065587 -0.424262 2.321820
0.137462 -0.560691 2.179760
0.170736 -0.598230 2.140040
0.356225 -0.198604 2.443480
0.358695 -0.423825 2.351790
0.326436 -0.548882 2.189110
0.304423 -0.614157 2.161600
0.165204 -0.512951 2.442710
0.261929 -0.714681 2.133490
0.092934 -0.938753 2.091640
0.097248 -0.979714 2.010010
0.320483 -0.506750 2.463840
0.295968 -0.597192 2.102970
0.288495 -0.830943 2.096670
0.330449 -0.891026 2.085160
0.236167 -0.436862 2.459390
0.232219 -0.378495 2.459880
0.215634 -0.082906 2.466690
0.236866 0.094292 2.444720
0.063817 -0.185922 2.425810
0.066862 -0.406745 2.338820
0.121197 -0.546625 2.198440
0.161547 -0.571613 2.161840
0.356532 -0.188498 2.465180
0.358876 -0.391159 2.383570
0.329369 -0.520529 2.223950
0.308872 -0.590115 2.194200
0.163409 -0.509832 2.446190
0.262921 -0.717524 2.135650
0.087638 -0.937362 2.088080
0.093134 -0.977057 2.006030
0.319073 -0.500966 2.470580
0.295250 -0.576142 2.111220
0.285210 -0.821499 2.094550
0.226502 -0.834398 2.091540
0.235008 -0.429299 2.465270
0.231120 -0.370760 2.467950
0.215710 -0.077064 2.479590
0.233255 0.097924 2.455520
0.062128 -0.182522 2.437510
0.067404 -0.397454 2.348400
0.114972 -0.539389 2.207600
0.159265 -0.562866 2.168500
0.356632 -0.182013 2.479210
0.357827 -0.382803 2.394260
0.329725 -0.512681 2.234710
0.310148 -0.581878 2.206620
0.161828 -0.504996 2.448420
0.231319 -0.708077 2.129490
0.093252 -0.948186 2.090870
0.100442 -0.986016 2.008480
0.318179 -0.493377 2.475470
0.262340 -0.566772 2.130410
0.283145 -0.815558 2.093250
0.188421 -0.806983 2.100280
0.234355 -0.420157 2.469320
0.230465 -0.362378 2.474640
0.216469 -0.071527 2.490580
0.229136 0.100245 2.464720
0.061054 -0.179720 2.447660
0.067505 -0.385384 2.359450
0.110240 -0.530269 2.219410
0.154917 -0.553433 2.178690
0.357488 -0.156544 2.504260
0.357273 -0.378249 2.400270
0.330011 -0.508430 2.240920
0.310839 -0.577231 2.214260
0.160470 -0.497710 2.449060
0.229880 -0.707459 2.130710
0.088780 -0.947139 2.087900
0.097831 -0.984052 2.005570
0.317466 -0.482457 2.479010
0.248280 -0.563330 2.140080
0.282179 -0.811599 2.092660
0.167790 -0.794974 2.102360
0.233544 -0.411887 2.471830
0.229760 -0.355310 2.480120
0.217506 -0.067306 2.499480
0.220804 0.108934 2.479180
0.059937 -0.177342 2.457460
0.067608 -0.378003 2.366670
0.108817 -0.524779 2.229310
0.152975 -0.548568 2.184470
0.358093 -0.145958 2.515430
0.356891 -0.374928 2.404660
0.329820 -0.506599 2.246410
0.311214 -0.574295 2.220520
0.158767 -0.489701 2.448670
0.220949 -0.704335 2.128150
0.090381 -0.952048 2.088100
0.100372 -0.987868 2.005630
0.316492 -0.474011 2.480820
0.241229 -0.561637 2.145150
0.282695 -0.809876 2.092820
0.161913 -0.793551 2.101250
0.232898 -0.405643 2.473350
0.229215 -0.350164 2.484580
0.219099 -0.064332 2.508270
0.216738 0.112004 2.487460
0.058784 -0.175998 2.465660
0.067763 -0.373998 2.370920
0.108159 -0.521648 2.234850
0.151677 -0.545370 2.188370
0.358462 -0.140074 2.522420
0.356796 -0.372898 2.407680
0.328721 -0.506141 2.250460
0.311046 -0.572235 2.225220
0.157318 -0.483239 2.448070
0.215492 -0.702250 2.126420
0.091893 -0.955816 2.088110
0.102280 -0.990679 2.005490
0.315682 -0.468002 2.481580
0.236644 -0.561231 2.148410
0.292987 -0.810719 2.095050
0.186652 -0.799938 2.099580
0.232585 -0.401019 2.474470
0.228822 -0.346337 2.488520
0.219789 -0.062667 2.515180
0.213700 0.113475 2.493140
0.057861 -0.175597 2.472580
0.068018 -0.371734 2.373840
0.108755 -0.523236 2.241360
0.137430 -0.569201 2.203730
0.358830 -0.134195 2.529020
0.356679 -0.371809 2.409570
0.326394 -0.507087 2.253680
0.310157 -0.570961 2.229110
0.156587 -0.478637 2.447720
0.211920 -0.700813 2.125200
0.093582 -0.958918 2.088030
0.104407 -0.993133 2.005340
0.315203 -0.463486 2.481890
0.233880 -0.562212 2.150490
0.300048 -0.812282 2.096560
0.188774 -0.800319 2.098470
0.232281 -0.398170 2.475210
0.228399 -0.344002 2.491570
0.219729 -0.061815 2.520670
0.210052 0.114946 2.498680
0.057066 -0.175863 2.478890
0.069017 -0.373038 2.375570
0.110045 -0.526258 2.244150
0.143654 -0.572031 2.210450
0.358908 -0.131003 2.533070
0.356038 -0.372451 2.409810
0.323148 -0.509365 2.255160
0.308715 -0.570495 2.231840
0.156053 -0.475658 2.447480
0.209519 -0.699800 2.124300
0.161806 -0.980469 2.097970
0.172167 -1.013750 2.015210
0.314746 -0.460522 2.481870
0.232583 -0.564305 2.151100
0.303530 -0.813319 2.097380
0.193547 -0.803637 2.096770
0.232045 -0.396245 2.475720
0.227980 -0.342578 2.494140
0.219245 -0.061581 2.524930
0.206845 0.115710 2.503230
0.056404 -0.176527 2.484090
0.070355 -0.377353 2.375400
0.112416 -0.531379 2.244650
0.155982 -0.566766 2.213120
0.358870 -0.129039 2.536000
0.355353 -0.374522 2.408880
0.319672 -0.511800 2.255100
0.306794 -0.570532 2.233480
0.155677 -0.473677 2.447320
0.207847 -0.699045 2.123630
0.192313 -0.989670 2.102500
0.201686 -1.022420 2.019590
0.314368 -0.458460 2.481610
0.232280 -0.566854 2.150750
0.305406 -0.813714 2.097810
0.196733 -0.806435 2.095430
0.231826 -0.394902 2.476020
0.227498 -0.341917 2.496490
0.218510 -0.061756 2.528240
0.203596 0.116477 2.507320
0.055865 -0.177315 2.488660
0.071360 -0.381236 2.374950
0.114275 -0.535179 2.244380
0.161249 -0.563352 2.214410
0.358442 -0.128878 2.537840
0.355183 -0.377267 2.407690
0.316335 -0.513711 2.254320
0.304468 -0.570798 2.234290
0.155395 -0.472299 2.447220
0.206668 -0.698490 2.123080
0.208138 -0.994318 2.104720
0.216923 -1.026810 2.021730
0.313945 -0.457043 2.481030
0.232610 -0.569545 2.149700
0.306839 -0.814585 2.098230
0.198946 -0.808669 2.094390
0.231495 -0.394114 2.476090
0.226774 -0.342073 2.498830
0.217447 -0.062187 2.530810
0.201106 0.117059 2.510320
0.055418 -0.178033 2.492080
0.070657 -0.381710 2.376700
0.115349 -0.535251 2.246150
0.166530 -0.543474 2.217670
0.357720 -0.130355 2.538410
0.355026 -0.380352 2.406590
0.313377 -0.515358 2.253260
0.301966 -0.571329 2.234520
0.155148 -0.471328 2.447140
0.205875 -0.698050 2.122630
0.217703 -0.997202 2.106060
0.226156 -1.029530 2.023010
0.313400 -0.456250 2.480180
0.232601 -0.571136 2.149140
0.307752 -0.815108 2.098480
0.200404 -0.810401 2.093560
0.231012 -0.393883 2.475950
0.225894 -0.342870 2.501130
0.216410 -0.062694 2.532740
0.199060 0.117535 2.512690
0.055064 -0.178582 2.494530
0.070340 -0.382589 2.377640
0.116168 -0.535698 2.246920
0.169821 -0.532967 2.218310
0.356861 -0.132694 2.538150
0.355044 -0.381526 2.406550
0.311656 -0.515894 2.253310
0.300043 -0.571394 2.235140
0.154881 -0.470694 2.447050
0.205378 -0.697699 2.122230
0.224401 -0.999230 2.106990
0.232677 -1.031440 2.023910
0.312657 -0.456033 2.479070
0.232687 -0.572713 2.148410
0.308268 -0.815956 2.098680
0.201426 -0.811727 2.092950
0.230027 -0.394569 2.475580
0.224626 -0.344464 2.503490
0.215412 -0.063241 2.534190
0.197492 0.117851 2.514610
0.054710 -0.179060 2.496560
0.070036 -0.383520 2.378230
0.116742 -0.536102 2.247400
0.171980 -0.526407 2.218280
0.355007 -0.143758 2.535410
0.355093 -0.382359 2.406550
0.310250 -0.516203 2.253410
0.298271 -0.571443 2.235630
0.154346 -0.470532 2.446900
0.205099 -0.697417 2.121900
0.228734 -1.000230 2.107650
0.236772 -1.032410 2.024550
0.311179 -0.456985 2.477540
0.232844 -0.574258 2.147410
0.308474 -0.816730 2.098780
0.202098 -0.812735 2.092470
0.229101 -0.395457 2.475190
0.223519 -0.346065 2.505520
0.214532 -0.063751 2.535210
0.196408 0.118086 2.516020
0.054415 -0.179405 2.498020
0.069732 -0.384456 2.378650
0.116966 -0.536529 2.247610
0.172709 -0.522522 2.217860
0.353719 -0.149973 2.533780
0.355142 -0.382966 2.406590
0.308925 -0.516303 2.253580
0.296515 -0.571466 2.236050
0.153817 -0.470608 2.446770
0.204964 -0.697177 2.121630
0.168437 -0.986176 2.098940
0.175640 -1.019040 2.015880
0.309919 -0.458016 2.476240
0.233073 -0.575762 2.146460
0.308443 -0.817450 2.098820
0.202542 -0.813368 2.092190
0.228217 -0.396448 2.474770
0.222521 -0.347579 2.507220
0.213713 -0.064261 2.535880
0.195590 0.118221 2.517250
0.054190 -0.179665 2.499060
0.069447 -0.385285 2.378940
0.117046 -0.536901 2.247620
0.155841 -0.551314 2.207440
0.352827 -0.155136 2.532460
0.355198 -0.383406 2.406670
0.307910 -0.516722 2.254260
0.295063 -0.571862 2.236750
0.153188 -0.470893 2.446550
0.204940 -0.696974 2.121390
0.161502 -0.984701 2.097950
0.168511 -1.017640 2.014880
0.308855 -0.459058 2.475160
0.233323 -0.577052 2.145590
0.307685 -0.818238 2.098770
0.202529 -0.813965 2.091870
0.227438 -0.397396 2.474370
0.221695 -0.348894 2.508620
0.213000 -0.064726 2.536290
0.194957 0.118339 2.518170
0.054017 -0.179856 2.499810
0.068445 -0.384965 2.380020
0.116635 -0.536159 2.248340
0.145465 -0.563943 2.207120
0.352205 -0.157842 2.531660
0.355262 -0.383718 2.406790
0.307135 -0.516961 2.254870
0.293870 -0.572158 2.237340
0.152574 -0.471277 2.446320
0.204992 -0.696795 2.121190
0.158585 -0.983803 2.097420
0.165409 -1.016860 2.014350
0.307982 -0.459973 2.474280
0.233544 -0.578135 2.144820
0.306906 -0.818880 2.098650
0.202376 -0.814476 2.091570
0.226793 -0.398237 2.474020
0.221055 -0.349994 2.509770
0.212362 -0.065164 2.536500
0.194467 0.118430 2.518820
0.053874 -0.180007 2.500340
0.067917 -0.385466 2.380460
0.116523 -0.536092 2.248310
0.140751 -0.571003 2.205940
0.351704 -0.159508 2.530980
0.355331 -0.383944 2.406910
0.306578 -0.517227 2.255540
0.329886 -0.565658 2.250690
0.152027 -0.471690 2.446120
0.205100 -0.696642 2.121020
0.159044 -0.983449 2.097430
0.165584 -1.016620 2.014350
0.307300 -0.460729 2.473590
0.233705 -0.578966 2.144180
0.306174 -0.819402 2.098500
0.202182 -0.814822 2.091370
0.226281 -0.398916 2.473730
0.220548 -0.350878 2.510700
0.211706 -0.065621 2.536480
0.194110 0.118497 2.519290
0.053737 -0.180132 2.500710
0.067468 -0.386112 2.380720
0.116341 -0.536155 2.248080
0.137300 -0.576515 2.205220
0.351320 -0.160620 2.530400
0.355399 -0.384102 2.407040
0.306168 -0.517457 2.256180
0.347234 -0.562237 2.255950
0.151567 -0.472054 2.445950
0.205234 -0.696518 2.120870
0.162811 -0.983601 2.097700
0.169177 -1.016890 2.014620
0.306796 -0.461310 2.473050
0.233842 -0.579613 2.143630
0.305424 -0.819846 2.098320
0.201884 -0.815090 2.091190
0.225796 -0.399565 2.473420
0.220121 -0.351622 2.511440
0.211065 -0.066055 2.536190
0.193837 0.118556 2.519610
0.053549 -0.180212 2.500860
0.066932 -0.387686 2.380390
0.116412 -0.536797 2.247190
0.135443 -0.581787 2.203920
0.350994 -0.161920 2.529200
0.355466 -0.384209 2.407150
0.305870 -0.517612 2.256670
0.358378 -0.558319 2.260150
0.151098 -0.472433 2.445770
0.205384 -0.696413 2.120740
0.167419 -0.983977 2.098210
0.173522 -1.017360 2.015110
0.306327 -0.461931 2.472540
0.233939 -0.580173 2.143090
0.304824 -0.820169 2.098110
0.201618 -0.815281 2.091050
